# relative_time, cycles_done, cur_item, corpus_count, pending_total, pending_favs, map_size, saved_crashes, saved_hangs, max_depth, execs_per_sec, total_execs, edges_found, total_crashes, servers_count
61, 0, 160, 170, 147, 32, 53.81%, 0, 0, 6, 1895.06, 122524, 219, 0, 0
66, 0, 173, 175, 149, 31, 53.81%, 0, 0, 7, 1946.15, 132099, 219, 0, 0
71, 0, 171, 189, 159, 27, 54.05%, 0, 0, 7, 2049.36, 142914, 220, 0, 0
76, 0, 188, 196, 163, 27, 54.30%, 0, 0, 7, 2080.76, 153757, 221, 0, 0
82, 0, 89, 210, 171, 24, 55.04%, 1, 0, 8, 449.22, 162840, 224, 1, 0
87, 0, 91, 219, 179, 23, 55.04%, 1, 0, 8, 1644.67, 172535, 224, 1, 0
92, 0, 111, 236, 191, 19, 55.04%, 1, 0, 8, 1761.47, 181545, 224, 1, 0
97, 0, 110, 242, 193, 13, 55.04%, 1, 0, 8, 1872.85, 191387, 224, 1, 0
102, 0, 110, 248, 199, 13, 55.04%, 1, 0, 8, 1844.71, 200820, 224, 1, 0
107, 0, 110, 255, 206, 13, 55.04%, 1, 0, 8, 1990.14, 211102, 224, 1, 0
112, 0, 110, 258, 209, 13, 55.04%, 1, 0, 8, 2055.51, 221793, 224, 1, 0
118, 0, 110, 258, 209, 13, 55.04%, 1, 0, 8, 1960.88, 231598, 224, 1, 0
123, 0, 110, 258, 209, 13, 55.04%, 1, 0, 8, 1955.19, 241659, 224, 1, 0
128, 0, 84, 259, 206, 10, 55.04%, 1, 0, 8, 1728.89, 250468, 224, 1, 0
133, 0, 231, 265, 201, 3, 55.04%, 1, 0, 8, 1960.86, 260950, 224, 1, 0
138, 0, 76, 282, 215, 1, 55.77%, 1, 0, 8, 1829.83, 270354, 227, 1, 0
143, 0, 76, 285, 218, 1, 55.77%, 1, 0, 8, 1946.46, 280445, 227, 1, 0
149, 0, 76, 286, 219, 1, 55.77%, 1, 0, 8, 1788.76, 289219, 227, 1, 0
154, 0, 76, 288, 221, 1, 56.51%, 1, 0, 8, 1970.48, 299382, 230, 1, 0
159, 0, 76, 288, 221, 1, 56.51%, 1, 0, 8, 1897.68, 308861, 230, 1, 0
164, 0, 286, 299, 231, 2, 56.51%, 1, 0, 8, 2009.18, 319098, 230, 1, 0
169, 0, 286, 310, 242, 2, 56.51%, 1, 0, 8, 2017.98, 329354, 230, 1, 0
174, 0, 286, 316, 248, 2, 56.76%, 1, 0, 8, 1979.38, 339459, 231, 1, 0
179, 0, 286, 316, 248, 2, 56.76%, 1, 0, 8, 2006.32, 349397, 231, 1, 0
184, 0, 286, 316, 248, 2, 56.76%, 1, 0, 8, 2053.80, 359682, 231, 1, 0
189, 0, 286, 316, 248, 2, 56.76%, 1, 0, 8, 1929.65, 369248, 231, 1, 0
194, 0, 266, 319, 240, 0, 57.00%, 1, 0, 8, 2010.64, 379705, 232, 1, 0
199, 0, 48, 322, 231, 0, 57.25%, 1, 0, 9, 2027.47, 389849, 233, 1, 0
204, 0, 48, 324, 223, 0, 57.49%, 1, 0, 9, 1933.01, 399826, 234, 1, 0
209, 0, 20, 326, 215, 0, 57.74%, 1, 0, 9, 1995.53, 410027, 235, 1, 0
215, 0, 138, 328, 205, 0, 57.74%, 1, 0, 9, 1999.45, 420285, 235, 1, 0
220, 0, 217, 343, 219, 0, 57.74%, 1, 0, 9, 1943.85, 429622, 235, 1, 0
225, 0, 218, 367, 239, 0, 58.23%, 1, 0, 9, 1918.53, 439406, 237, 1, 0
230, 0, 305, 369, 238, 0, 58.23%, 1, 0, 9, 1893.78, 448415, 237, 1, 0
235, 0, 224, 376, 239, 0, 58.23%, 1, 0, 9, 1782.75, 457457, 237, 1, 0
240, 0, 377, 378, 233, 1, 58.48%, 1, 0, 9, 1915.34, 467221, 238, 1, 0
245, 0, 366, 379, 225, 0, 58.48%, 1, 0, 9, 1910.23, 476838, 238, 1, 0
250, 0, 83, 380, 218, 0, 58.48%, 1, 0, 9, 1893.80, 486432, 238, 1, 0
255, 0, 143, 381, 210, 0, 58.48%, 1, 0, 9, 1720.50, 494878, 238, 1, 0
260, 1, 180, 381, 196, 0, 58.48%, 1, 0, 9, 1941.28, 504815, 238, 1, 0
265, 1, 352, 383, 188, 0, 58.48%, 1, 0, 9, 1696.52, 513524, 238, 1, 0
270, 1, 135, 385, 176, 0, 58.48%, 1, 0, 9, 1919.36, 523431, 238, 1, 0
275, 1, 91, 386, 165, 0, 58.72%, 1, 0, 9, 1985.26, 533440, 239, 1, 0
281, 1, 184, 388, 156, 0, 58.72%, 1, 0, 9, 1870.50, 542930, 239, 1, 0
286, 1, 207, 388, 145, 0, 58.72%, 1, 0, 9, 1954.94, 552813, 239, 1, 0
291, 1, 223, 390, 137, 0, 58.72%, 1, 0, 9, 2067.11, 563707, 239, 1, 0
296, 1, 206, 390, 123, 0, 58.72%, 1, 0, 9, 2056.35, 574361, 239, 1, 0
301, 1, 220, 390, 113, 0, 58.72%, 1, 0, 9, 1878.53, 582882, 239, 1, 0
306, 1, 270, 390, 99, 0, 58.72%, 1, 0, 9, 1876.67, 592387, 239, 1, 0
311, 1, 292, 392, 89, 0, 58.72%, 1, 0, 9, 1918.41, 602090, 239, 1, 0
316, 1, 227, 393, 79, 0, 58.72%, 1, 0, 9, 1739.40, 611134, 239, 1, 0
322, 1, 342, 394, 70, 0, 58.72%, 1, 0, 9, 1815.40, 620536, 239, 1, 0
327, 1, 364, 395, 62, 0, 58.97%, 1, 0, 9, 1921.68, 630243, 240, 1, 0
332, 1, 289, 395, 52, 0, 58.97%, 1, 0, 9, 1935.96, 640068, 240, 1, 0
337, 2, 464, 465, 113, 10, 62.65%, 1, 0, 9, 1867.38, 649287, 255, 1, 0
342, 2, 428, 465, 107, 3, 62.65%, 1, 0, 9, 1864.40, 658982, 255, 1, 0
347, 2, 399, 465, 97, 0, 62.65%, 1, 0, 9, 1831.53, 668496, 255, 1, 0
352, 2, 463, 465, 87, 0, 62.65%, 1, 0, 9, 1929.44, 678576, 255, 1, 0
357, 2, 400, 465, 77, 0, 62.65%, 1, 0, 9, 1956.05, 688612, 255, 1, 0
362, 2, 410, 465, 68, 0, 62.65%, 1, 0, 9, 1936.75, 698862, 255, 1, 0
367, 2, 108, 465, 58, 0, 62.65%, 1, 0, 9, 1816.45, 708157, 255, 1, 0
372, 2, 18, 465, 48, 0, 62.65%, 1, 0, 9, 1894.74, 717905, 255, 1, 0
378, 2, 209, 465, 41, 0, 62.65%, 1, 0, 9, 1894.97, 727647, 255, 1, 0
383, 2, 144, 465, 36, 0, 62.65%, 1, 0, 9, 1772.79, 736261, 255, 1, 0
388, 2, 315, 465, 31, 0, 62.65%, 1, 0, 9, 1730.37, 744441, 255, 1, 0
393, 2, 179, 465, 21, 0, 62.65%, 2, 0, 9, 1996.86, 755019, 255, 2, 0
398, 2, 448, 466, 19, 0, 62.65%, 2, 0, 9, 1866.84, 764364, 255, 2, 0
403, 3, 441, 467, 12, 0, 62.90%, 2, 0, 9, 1896.27, 774227, 256, 2, 0
408, 3, 307, 467, 8, 0, 62.90%, 2, 0, 9, 1885.12, 783667, 256, 2, 0
413, 3, 424, 467, 5, 0, 62.90%, 2, 0, 9, 1989.86, 793782, 256, 2, 0
418, 3, 117, 467, 3, 0, 62.90%, 2, 0, 9, 1974.90, 803784, 256, 2, 0
423, 3, 198, 467, 3, 0, 62.90%, 2, 0, 9, 1834.30, 813218, 256, 2, 0
428, 3, 73, 467, 1, 0, 62.90%, 2, 0, 9, 1928.90, 823119, 256, 2, 0
434, 4, 471, 473, 5, 0, 63.14%, 3, 0, 9, 1846.21, 832399, 257, 3, 0
439, 4, 428, 473, 3, 0, 63.14%, 3, 0, 9, 1960.13, 842237, 257, 3, 0
444, 4, 325, 473, 2, 0, 63.14%, 3, 0, 9, 1942.79, 851902, 257, 3, 0
449, 4, 441, 473, 2, 0, 63.14%, 3, 0, 9, 1900.07, 861702, 257, 3, 0
454, 4, 442, 473, 2, 0, 63.14%, 3, 0, 9, 1925.20, 870876, 257, 3, 0
459, 5, 464, 478, 4, 0, 63.88%, 3, 0, 9, 2052.17, 881129, 260, 3, 0
464, 5, 22, 478, 1, 0, 63.88%, 3, 0, 9, 1999.74, 891410, 260, 3, 0
469, 5, 21, 478, 1, 0, 63.88%, 3, 0, 9, 624.35, 900387, 260, 3, 0
474, 5, 459, 478, 0, 0, 63.88%, 3, 0, 9, 1758.18, 910832, 260, 3, 0
479, 5, 390, 478, 0, 0, 63.88%, 3, 0, 9, 1818.51, 920007, 260, 3, 0
485, 6, 225, 480, 1, 0, 63.88%, 3, 0, 9, 2044.11, 928974, 260, 3, 0
490, 6, 193, 480, 0, 0, 63.88%, 3, 0, 9, 1850.82, 938149, 260, 3, 0
495, 6, 51, 480, 0, 0, 63.88%, 3, 0, 9, 1970.07, 948516, 260, 3, 0
500, 6, 88, 480, 0, 0, 63.88%, 3, 0, 9, 1815.71, 957899, 260, 3, 0
505, 6, 16, 480, 0, 0, 63.88%, 3, 0, 9, 1922.26, 968013, 260, 3, 0
510, 7, 255, 482, 2, 0, 63.88%, 3, 0, 9, 1860.31, 977361, 260, 3, 0
515, 7, 322, 482, 2, 0, 63.88%, 3, 0, 9, 2019.66, 987781, 260, 3, 0
520, 7, 75, 482, 1, 0, 63.88%, 3, 0, 9, 2123.41, 996361, 260, 3, 0
526, 7, 451, 482, 1, 0, 63.88%, 3, 0, 9, 1981.60, 1006351, 260, 3, 0
531, 7, 106, 482, 1, 0, 63.88%, 3, 0, 9, 1410.20, 1015105, 260, 3, 0
536, 7, 28, 482, 1, 0, 63.88%, 3, 0, 9, 1842.93, 1025250, 260, 3, 0
541, 8, 469, 482, 1, 0, 63.88%, 3, 0, 9, 1943.70, 1034889, 260, 3, 0
546, 8, 193, 482, 1, 0, 63.88%, 3, 0, 9, 1933.62, 1043951, 260, 3, 0
551, 8, 84, 482, 1, 0, 63.88%, 3, 0, 9, 1990.57, 1054013, 260, 3, 0
556, 8, 73, 482, 1, 0, 63.88%, 3, 0, 9, 1905.06, 1063574, 260, 3, 0
561, 8, 10, 482, 1, 0, 63.88%, 3, 0, 9, 1747.15, 1072046, 260, 3, 0
566, 9, 319, 483, 2, 0, 63.88%, 3, 0, 9, 1936.36, 1082241, 260, 3, 0
571, 9, 188, 483, 1, 0, 63.88%, 3, 0, 9, 1945.87, 1092060, 260, 3, 0
576, 9, 89, 483, 0, 0, 63.88%, 3, 0, 9, 1873.16, 1101262, 260, 3, 0
582, 9, 441, 483, 0, 0, 63.88%, 3, 0, 9, 1749.15, 1109697, 260, 3, 0
587, 9, 466, 483, 0, 0, 63.88%, 3, 0, 9, 1750.44, 1118884, 260, 3, 0
592, 10, 320, 483, 0, 0, 63.88%, 3, 0, 9, 1798.69, 1127172, 260, 3, 0
597, 10, 288, 483, 0, 0, 63.88%, 3, 0, 9, 1953.66, 1137314, 260, 3, 0
598, 10, 432, 483, 0, 0, 63.88%, 3, 0, 9, 1878.42, 1140136, 260, 3, 0
