# relative_time, cycles_done, cur_item, corpus_count, pending_total, pending_favs, map_size, saved_crashes, saved_hangs, max_depth, execs_per_sec, total_execs, edges_found, total_crashes, servers_count
61, 0, 8, 61, 54, 23, 34.64%, 0, 0, 2, 459.64, 28869, 141, 0, 0
66, 0, 8, 61, 54, 23, 34.64%, 0, 0, 2, 444.63, 31167, 141, 0, 0
71, 0, 8, 61, 54, 23, 34.64%, 0, 0, 2, 483.51, 33684, 141, 0, 0
76, 0, 8, 61, 54, 23, 34.64%, 0, 0, 2, 461.53, 36024, 141, 0, 0
81, 0, 8, 61, 54, 23, 34.64%, 0, 0, 2, 425.59, 38223, 141, 0, 0
86, 0, 8, 61, 54, 23, 34.64%, 0, 0, 2, 412.18, 40231, 141, 0, 0
91, 0, 8, 61, 54, 23, 34.64%, 0, 0, 2, 433.36, 42399, 141, 0, 0
96, 0, 8, 61, 54, 23, 34.64%, 0, 0, 2, 400.50, 44423, 141, 0, 0
101, 0, 8, 62, 55, 23, 34.64%, 0, 0, 2, 386.94, 46398, 141, 0, 0
106, 0, 8, 62, 55, 23, 34.64%, 0, 0, 2, 398.97, 48414, 141, 0, 0
112, 0, 15, 62, 49, 19, 34.64%, 0, 0, 2, 459.41, 50733, 141, 0, 0
117, 0, 21, 66, 48, 14, 34.64%, 0, 0, 2, 445.09, 52871, 141, 0, 0
122, 0, 21, 80, 62, 14, 35.14%, 0, 0, 2, 443.25, 55120, 143, 0, 0
127, 0, 21, 82, 64, 14, 35.14%, 0, 0, 2, 444.36, 57391, 143, 0, 0
132, 0, 21, 84, 66, 14, 35.63%, 0, 0, 2, 433.98, 59549, 145, 0, 0
137, 0, 21, 86, 68, 14, 35.63%, 0, 0, 2, 425.56, 61699, 145, 0, 0
142, 0, 21, 88, 70, 14, 36.61%, 0, 0, 2, 405.18, 63761, 149, 0, 0
147, 0, 21, 90, 72, 14, 36.61%, 0, 0, 2, 430.55, 66079, 149, 0, 0
152, 0, 21, 93, 75, 14, 36.61%, 0, 0, 2, 449.97, 68373, 149, 0, 0
157, 0, 21, 95, 77, 14, 36.61%, 0, 0, 2, 455.58, 70731, 149, 0, 0
163, 0, 21, 96, 78, 14, 36.61%, 0, 0, 2, 455.24, 73132, 149, 0, 0
168, 0, 21, 98, 80, 14, 36.61%, 0, 0, 2, 434.27, 75312, 149, 0, 0
173, 0, 21, 99, 81, 14, 36.61%, 0, 0, 2, 431.37, 77512, 149, 0, 0
178, 0, 21, 99, 81, 14, 36.61%, 0, 0, 2, 414.66, 79576, 149, 0, 0
183, 0, 21, 99, 81, 14, 36.61%, 0, 0, 2, 431.24, 81768, 149, 0, 0
188, 0, 21, 99, 81, 14, 36.61%, 0, 0, 2, 412.73, 83920, 149, 0, 0
193, 0, 21, 99, 81, 14, 36.61%, 0, 0, 2, 412.00, 85936, 149, 0, 0
198, 0, 21, 99, 81, 14, 36.61%, 0, 0, 2, 412.30, 88072, 149, 0, 0
204, 0, 21, 99, 81, 14, 36.61%, 0, 0, 2, 384.09, 90055, 149, 0, 0
209, 0, 24, 99, 80, 16, 36.61%, 0, 0, 2, 360.15, 91909, 149, 0, 0
214, 0, 27, 104, 84, 15, 36.61%, 0, 0, 2, 420.35, 94058, 149, 0, 0
219, 0, 27, 106, 86, 15, 36.61%, 0, 0, 2, 416.67, 96128, 149, 0, 0
224, 0, 27, 106, 86, 15, 36.61%, 0, 0, 2, 431.81, 98392, 149, 0, 0
229, 0, 27, 108, 88, 15, 36.61%, 0, 0, 2, 426.81, 100494, 149, 0, 0
234, 0, 27, 108, 88, 15, 36.61%, 0, 0, 2, 421.42, 102598, 149, 0, 0
239, 0, 27, 108, 88, 15, 36.61%, 0, 0, 2, 427.03, 104750, 149, 0, 0
244, 0, 27, 109, 89, 15, 36.61%, 0, 0, 2, 445.69, 106981, 149, 0, 0
249, 0, 27, 110, 90, 15, 36.61%, 0, 0, 2, 427.05, 109172, 149, 0, 0
254, 0, 27, 111, 91, 15, 36.61%, 0, 0, 2, 420.91, 111291, 149, 0, 0
259, 0, 27, 111, 91, 15, 36.61%, 0, 0, 2, 434.19, 113491, 149, 0, 0
264, 0, 27, 112, 92, 15, 36.61%, 0, 0, 2, 453.83, 115802, 149, 0, 0
269, 0, 27, 112, 92, 15, 36.61%, 0, 0, 2, 456.33, 118155, 149, 0, 0
274, 0, 27, 113, 93, 15, 36.61%, 0, 0, 2, 436.51, 120337, 149, 0, 0
280, 0, 27, 114, 94, 15, 36.61%, 0, 0, 2, 432.21, 122505, 149, 0, 0
285, 0, 27, 114, 94, 15, 36.61%, 0, 0, 2, 403.19, 124553, 149, 0, 0
290, 0, 27, 116, 96, 15, 36.61%, 0, 0, 2, 414.40, 126671, 149, 0, 0
295, 0, 27, 118, 98, 15, 36.61%, 0, 0, 2, 430.85, 128941, 149, 0, 0
300, 0, 27, 118, 98, 15, 36.61%, 0, 0, 2, 472.36, 131383, 149, 0, 0
305, 0, 34, 132, 108, 12, 38.82%, 0, 0, 2, 416.35, 133457, 158, 0, 0
310, 0, 34, 146, 122, 12, 41.77%, 0, 0, 2, 417.75, 135547, 170, 0, 0
315, 0, 62, 146, 119, 18, 41.77%, 0, 0, 2, 421.54, 137742, 170, 0, 0
320, 0, 76, 158, 130, 17, 42.01%, 0, 0, 3, 478.08, 140188, 171, 0, 0
325, 0, 76, 161, 133, 17, 42.01%, 0, 0, 3, 445.41, 142402, 171, 0, 0
330, 0, 76, 162, 134, 17, 42.01%, 0, 0, 3, 433.45, 144538, 171, 0, 0
335, 0, 76, 165, 137, 17, 42.01%, 0, 0, 3, 426.23, 146703, 171, 0, 0
340, 0, 76, 167, 139, 17, 42.01%, 0, 0, 3, 401.69, 148768, 171, 0, 0
345, 0, 76, 169, 141, 17, 42.01%, 0, 0, 3, 412.28, 150811, 171, 0, 0
351, 0, 76, 170, 142, 17, 42.01%, 0, 0, 3, 420.82, 152978, 171, 0, 0
356, 0, 76, 172, 144, 17, 42.01%, 0, 0, 3, 471.04, 155363, 171, 0, 0
361, 0, 76, 174, 146, 17, 42.01%, 0, 0, 3, 499.46, 158101, 171, 0, 0
366, 0, 76, 174, 146, 17, 42.01%, 0, 0, 3, 510.94, 160602, 171, 0, 0
371, 0, 76, 175, 147, 17, 42.01%, 0, 0, 3, 507.87, 163129, 171, 0, 0
376, 0, 76, 175, 147, 17, 42.01%, 0, 0, 3, 458.21, 165431, 171, 0, 0
381, 0, 76, 176, 148, 17, 42.01%, 0, 0, 3, 446.12, 167662, 171, 0, 0
386, 0, 76, 176, 148, 17, 42.01%, 0, 0, 3, 427.53, 169798, 171, 0, 0
391, 0, 76, 176, 148, 17, 42.01%, 0, 0, 3, 424.08, 171998, 171, 0, 0
396, 0, 76, 176, 148, 17, 42.01%, 0, 0, 3, 432.58, 174214, 171, 0, 0
401, 0, 76, 176, 148, 17, 42.01%, 0, 0, 3, 430.85, 176462, 171, 0, 0
406, 0, 83, 180, 150, 17, 42.01%, 0, 0, 3, 427.54, 178638, 171, 0, 0
411, 0, 127, 182, 145, 12, 42.01%, 0, 0, 3, 434.63, 180863, 171, 0, 0
417, 0, 139, 192, 152, 11, 42.26%, 0, 0, 3, 398.64, 182906, 172, 0, 0
422, 0, 143, 210, 168, 11, 42.26%, 0, 0, 3, 382.45, 184764, 172, 0, 0
427, 0, 151, 215, 171, 9, 43.00%, 0, 0, 4, 424.05, 186901, 175, 0, 0
432, 0, 151, 223, 179, 9, 43.00%, 0, 0, 4, 420.14, 189125, 175, 0, 0
437, 0, 151, 226, 182, 9, 43.00%, 0, 0, 4, 437.21, 191394, 175, 0, 0
442, 0, 151, 229, 185, 9, 43.00%, 0, 0, 4, 438.15, 193608, 175, 0, 0
447, 0, 151, 230, 186, 9, 43.00%, 0, 0, 4, 480.18, 196110, 175, 0, 0
452, 0, 151, 232, 188, 9, 43.24%, 0, 0, 4, 455.69, 198429, 176, 0, 0
457, 0, 151, 232, 188, 9, 43.24%, 0, 0, 4, 441.50, 200694, 176, 0, 0
463, 0, 151, 232, 188, 9, 43.24%, 0, 0, 4, 424.21, 202854, 176, 0, 0
468, 0, 151, 235, 191, 9, 43.24%, 0, 0, 4, 424.98, 205091, 176, 0, 0
473, 0, 151, 235, 191, 9, 43.24%, 0, 0, 4, 432.53, 207291, 176, 0, 0
478, 0, 151, 235, 191, 9, 43.24%, 0, 0, 4, 439.01, 209475, 176, 0, 0
483, 0, 151, 236, 192, 9, 43.24%, 0, 0, 4, 435.84, 211738, 176, 0, 0
488, 0, 151, 236, 192, 9, 43.24%, 0, 0, 4, 438.86, 214018, 176, 0, 0
493, 0, 189, 242, 193, 8, 43.24%, 0, 0, 4, 472.55, 216561, 176, 0, 0
498, 0, 189, 242, 193, 8, 43.24%, 0, 0, 4, 468.62, 219027, 176, 0, 0
503, 0, 189, 245, 196, 8, 43.49%, 0, 0, 4, 443.40, 221262, 177, 0, 0
509, 0, 189, 245, 196, 8, 43.49%, 0, 0, 4, 439.50, 223532, 177, 0, 0
514, 0, 189, 245, 196, 8, 43.49%, 0, 0, 4, 473.88, 225915, 177, 0, 0
519, 0, 189, 245, 196, 8, 43.49%, 0, 0, 4, 400.14, 227892, 177, 0, 0
524, 0, 211, 246, 193, 6, 43.49%, 0, 0, 4, 398.00, 229900, 177, 0, 0
529, 0, 231, 247, 191, 3, 43.49%, 0, 0, 5, 427.79, 232196, 177, 0, 0
534, 1, 43, 248, 187, 0, 43.49%, 0, 0, 5, 455.41, 234469, 177, 0, 0
539, 1, 97, 248, 176, 0, 43.49%, 0, 0, 5, 423.43, 236540, 177, 0, 0
544, 1, 250, 270, 193, 0, 46.44%, 0, 0, 5, 432.97, 238711, 189, 0, 0
549, 2, 265, 309, 228, 10, 47.91%, 0, 0, 5, 429.14, 240893, 195, 0, 0
554, 2, 282, 310, 224, 5, 48.16%, 0, 0, 5, 420.57, 243014, 196, 0, 0
559, 2, 288, 315, 228, 5, 48.40%, 0, 0, 5, 414.17, 245085, 197, 0, 0
564, 2, 290, 320, 232, 5, 48.65%, 0, 0, 5, 413.61, 247230, 198, 0, 0
569, 2, 295, 320, 231, 6, 48.65%, 0, 0, 5, 436.27, 249463, 198, 0, 0
574, 2, 313, 320, 228, 3, 48.65%, 0, 0, 5, 415.85, 251493, 198, 0, 0
580, 3, 308, 326, 229, 3, 49.14%, 0, 0, 5, 425.13, 253659, 200, 0, 0
585, 3, 326, 327, 226, 0, 49.14%, 0, 0, 5, 430.64, 255858, 200, 0, 0
590, 4, 80, 327, 219, 0, 49.14%, 0, 0, 5, 408.61, 257916, 200, 0, 0
595, 4, 152, 328, 204, 0, 49.14%, 0, 0, 5, 414.92, 260041, 200, 0, 0
600, 4, 190, 328, 193, 0, 49.14%, 0, 0, 5, 418.71, 262189, 200, 0, 0
605, 4, 216, 329, 188, 0, 49.14%, 0, 0, 5, 413.11, 264246, 200, 0, 0
610, 4, 242, 329, 185, 0, 49.14%, 0, 0, 5, 397.85, 266228, 200, 0, 0
615, 4, 266, 331, 182, 0, 49.39%, 0, 0, 6, 403.36, 268305, 201, 0, 0
620, 4, 331, 332, 181, 1, 49.63%, 0, 0, 6, 392.74, 270301, 202, 0, 0
625, 5, 78, 334, 173, 0, 49.63%, 0, 0, 6, 400.14, 272307, 202, 0, 0
630, 5, 180, 334, 163, 0, 49.63%, 3, 0, 6, 435.67, 274523, 202, 6, 0
635, 5, 214, 334, 160, 0, 49.63%, 3, 0, 6, 439.16, 276664, 202, 6, 0
640, 5, 237, 335, 156, 0, 49.63%, 3, 0, 6, 447.99, 278950, 202, 6, 0
645, 5, 261, 336, 153, 0, 49.63%, 3, 0, 6, 429.12, 281087, 202, 6, 0
650, 5, 295, 339, 150, 0, 49.63%, 3, 0, 6, 415.39, 283166, 202, 6, 0
656, 5, 295, 343, 154, 0, 49.63%, 3, 0, 6, 393.34, 285108, 202, 6, 0
661, 5, 295, 343, 154, 0, 49.63%, 3, 0, 6, 439.76, 287346, 202, 6, 0
666, 5, 295, 343, 154, 0, 49.63%, 3, 0, 6, 443.20, 289557, 202, 6, 0
671, 5, 295, 343, 154, 0, 49.63%, 3, 0, 6, 399.74, 291541, 202, 6, 0
676, 5, 316, 343, 152, 0, 49.63%, 3, 0, 6, 419.88, 293648, 202, 7, 0
681, 5, 333, 343, 151, 0, 49.63%, 3, 0, 6, 407.77, 295662, 202, 7, 0
686, 6, 345, 346, 150, 1, 49.63%, 3, 0, 6, 437.83, 297846, 202, 7, 0
691, 7, 64, 346, 146, 0, 49.63%, 3, 0, 6, 402.29, 299872, 202, 7, 0
696, 7, 187, 346, 139, 0, 49.63%, 3, 0, 6, 431.56, 302057, 202, 9, 0
701, 7, 215, 346, 134, 0, 49.63%, 3, 0, 6, 424.02, 304125, 202, 9, 0
706, 7, 238, 346, 131, 0, 49.63%, 3, 0, 6, 398.72, 306239, 202, 9, 0
711, 7, 295, 346, 127, 0, 49.63%, 3, 0, 6, 394.21, 308227, 202, 9, 0
716, 7, 348, 349, 128, 1, 49.88%, 3, 0, 6, 423.30, 310403, 203, 9, 0
722, 8, 66, 349, 125, 0, 49.88%, 3, 0, 6, 421.66, 312536, 203, 10, 0
727, 8, 140, 349, 113, 0, 49.88%, 3, 0, 6, 392.85, 314476, 203, 10, 0
732, 8, 211, 349, 110, 0, 49.88%, 3, 0, 6, 416.51, 316577, 203, 12, 0
737, 8, 239, 349, 107, 0, 49.88%, 3, 0, 6, 450.79, 318818, 203, 12, 0
742, 8, 285, 350, 102, 0, 49.88%, 3, 0, 6, 437.11, 320958, 203, 12, 0
747, 8, 309, 350, 95, 0, 49.88%, 3, 0, 6, 456.21, 323263, 203, 12, 0
752, 8, 328, 350, 92, 0, 49.88%, 3, 0, 6, 425.78, 325402, 203, 12, 0
757, 8, 345, 350, 89, 0, 49.88%, 3, 0, 6, 413.35, 327564, 203, 12, 0
762, 9, 0, 351, 88, 0, 49.88%, 3, 0, 6, 442.80, 329829, 203, 12, 0
767, 9, 78, 351, 81, 0, 49.88%, 3, 0, 6, 411.45, 331944, 203, 12, 0
772, 9, 191, 351, 77, 0, 49.88%, 3, 0, 6, 403.91, 333990, 203, 14, 0
777, 9, 223, 351, 74, 0, 49.88%, 3, 0, 6, 405.45, 336030, 203, 14, 0
782, 9, 292, 351, 71, 0, 49.88%, 3, 0, 6, 404.17, 338080, 203, 14, 0
787, 9, 316, 351, 68, 0, 49.88%, 3, 0, 6, 405.67, 340155, 203, 14, 0
793, 9, 336, 351, 67, 0, 49.88%, 3, 0, 6, 397.80, 342258, 203, 14, 0
798, 10, 10, 353, 66, 0, 49.88%, 3, 0, 6, 433.37, 344563, 203, 14, 0
803, 10, 140, 353, 62, 0, 49.88%, 3, 0, 6, 415.24, 346647, 203, 14, 0
808, 10, 211, 353, 59, 0, 49.88%, 4, 0, 6, 398.44, 348700, 203, 21, 0
813, 10, 247, 353, 57, 0, 49.88%, 5, 0, 6, 434.24, 350934, 203, 22, 0
818, 10, 310, 353, 54, 0, 49.88%, 5, 0, 6, 442.59, 353186, 203, 23, 0
823, 10, 342, 353, 52, 0, 49.88%, 5, 0, 6, 445.90, 355442, 203, 23, 0
828, 11, 40, 353, 50, 0, 49.88%, 5, 0, 6, 426.44, 357613, 203, 23, 0
833, 11, 170, 353, 47, 0, 49.88%, 5, 0, 6, 412.36, 359658, 203, 25, 0
838, 11, 220, 353, 44, 0, 49.88%, 5, 0, 6, 451.06, 361918, 203, 25, 0
843, 11, 268, 353, 42, 0, 49.88%, 5, 0, 6, 404.95, 363994, 203, 25, 0
849, 11, 325, 353, 40, 0, 49.88%, 5, 0, 6, 405.28, 366058, 203, 25, 0
854, 11, 353, 354, 40, 1, 50.12%, 5, 0, 7, 428.32, 368300, 204, 25, 0
859, 11, 353, 354, 40, 1, 50.12%, 5, 0, 7, 427.17, 370429, 204, 25, 0
864, 12, 83, 354, 39, 0, 50.12%, 5, 0, 7, 436.55, 372565, 204, 25, 0
869, 12, 209, 354, 35, 0, 50.12%, 5, 0, 7, 407.93, 374690, 204, 29, 0
874, 12, 229, 354, 34, 0, 50.12%, 5, 0, 7, 398.15, 376750, 204, 29, 0
879, 12, 277, 354, 30, 0, 50.12%, 5, 0, 7, 449.44, 379028, 204, 29, 0
884, 12, 331, 354, 28, 0, 50.12%, 5, 0, 7, 418.73, 381064, 204, 29, 0
889, 12, 353, 354, 26, 0, 50.12%, 5, 0, 7, 418.79, 383164, 204, 29, 0
894, 13, 103, 354, 26, 0, 50.12%, 5, 0, 7, 443.35, 385374, 204, 29, 0
899, 13, 209, 354, 22, 0, 50.12%, 5, 0, 7, 420.35, 387468, 204, 33, 0
904, 13, 252, 354, 22, 0, 50.12%, 5, 0, 7, 431.58, 389653, 204, 33, 0
906, 13, 296, 354, 22, 0, 50.12%, 5, 0, 7, 404.96, 390354, 204, 33, 0
