# relative_time, cycles_done, cur_item, corpus_count, pending_total, pending_favs, map_size, saved_crashes, saved_hangs, max_depth, execs_per_sec, total_execs, edges_found, total_crashes, servers_count
60, 0, 9, 80, 75, 3, 30.71%, 0, 0, 2, 467.43, 26693, 125, 0, 0
65, 0, 9, 80, 75, 3, 30.71%, 0, 0, 2, 455.52, 28961, 125, 0, 0
71, 0, 9, 80, 75, 3, 30.71%, 0, 0, 2, 441.29, 31242, 125, 0, 0
76, 0, 9, 80, 75, 3, 30.71%, 0, 0, 2, 445.33, 33614, 125, 0, 0
81, 0, 9, 80, 75, 3, 30.71%, 0, 0, 2, 426.19, 35674, 125, 0, 0
86, 0, 9, 81, 76, 3, 30.71%, 0, 0, 2, 431.78, 37833, 125, 0, 0
91, 0, 9, 82, 77, 3, 30.71%, 0, 0, 2, 439.45, 40040, 125, 0, 0
96, 0, 9, 84, 79, 3, 30.71%, 0, 0, 2, 461.17, 42354, 125, 0, 0
101, 0, 9, 84, 79, 3, 30.71%, 0, 0, 2, 428.71, 44462, 125, 0, 0
106, 0, 9, 87, 82, 3, 30.71%, 0, 0, 2, 447.57, 46675, 125, 0, 0
111, 0, 9, 88, 83, 3, 30.71%, 0, 0, 2, 430.97, 48890, 125, 0, 0
116, 0, 9, 88, 83, 3, 30.71%, 0, 0, 2, 434.39, 51026, 125, 0, 0
121, 0, 9, 89, 84, 3, 30.71%, 0, 0, 2, 444.12, 53369, 125, 0, 0
127, 0, 111, 199, 192, 41, 44.72%, 0, 0, 2, 402.50, 55440, 182, 0, 0
132, 0, 71, 199, 184, 33, 44.72%, 0, 0, 2, 441.61, 57691, 182, 0, 0
137, 0, 145, 199, 182, 30, 44.72%, 0, 0, 2, 419.73, 59823, 182, 0, 0
142, 0, 195, 199, 180, 28, 44.72%, 0, 0, 2, 412.33, 61881, 182, 0, 0
147, 0, 157, 201, 180, 27, 44.96%, 0, 0, 2, 414.95, 63984, 183, 0, 0
152, 0, 3, 201, 177, 24, 44.96%, 0, 0, 2, 412.74, 66043, 183, 0, 0
157, 0, 129, 201, 175, 22, 44.96%, 0, 0, 2, 438.45, 68276, 183, 0, 0
162, 0, 97, 212, 185, 22, 44.96%, 0, 0, 2, 445.12, 70490, 183, 0, 0
167, 0, 124, 214, 186, 21, 44.96%, 0, 0, 2, 432.23, 72659, 183, 0, 0
172, 0, 124, 214, 186, 21, 44.96%, 0, 0, 2, 392.73, 74665, 183, 0, 0
177, 0, 102, 214, 185, 21, 44.96%, 0, 0, 2, 401.35, 76718, 183, 0, 0
182, 0, 200, 214, 183, 19, 44.96%, 0, 0, 2, 421.78, 78923, 183, 0, 0
188, 0, 175, 214, 182, 18, 44.96%, 0, 0, 2, 407.43, 80981, 183, 0, 0
193, 0, 144, 214, 179, 16, 44.96%, 0, 0, 2, 405.52, 83070, 183, 0, 0
198, 0, 144, 221, 186, 16, 44.96%, 0, 0, 2, 384.82, 85022, 183, 0, 0
203, 0, 96, 227, 191, 16, 45.21%, 0, 0, 2, 414.69, 87192, 184, 0, 0
208, 0, 137, 227, 190, 15, 45.21%, 0, 0, 2, 425.90, 89395, 184, 0, 0
213, 0, 206, 228, 190, 14, 45.21%, 0, 0, 2, 420.12, 91513, 184, 0, 0
218, 0, 146, 228, 186, 10, 45.21%, 0, 0, 2, 456.00, 93878, 184, 0, 0
223, 0, 201, 228, 183, 7, 45.21%, 0, 0, 2, 459.61, 96127, 184, 0, 0
228, 0, 131, 229, 182, 7, 45.21%, 0, 0, 3, 435.63, 98282, 184, 0, 0
233, 0, 97, 230, 180, 5, 45.21%, 0, 0, 3, 453.85, 100597, 184, 0, 0
239, 0, 143, 232, 181, 5, 45.21%, 0, 0, 3, 432.52, 102711, 184, 0, 0
244, 0, 172, 236, 184, 5, 45.21%, 0, 0, 3, 416.01, 104781, 184, 0, 0
249, 0, 172, 241, 189, 5, 45.21%, 0, 0, 3, 452.02, 107040, 184, 0, 0
254, 0, 172, 246, 194, 5, 46.19%, 0, 0, 3, 411.64, 109075, 188, 0, 0
259, 0, 172, 249, 197, 5, 46.19%, 0, 0, 3, 432.89, 111288, 188, 0, 0
264, 0, 172, 251, 199, 5, 46.19%, 0, 0, 3, 457.42, 113671, 188, 0, 0
269, 0, 172, 252, 200, 5, 46.19%, 0, 0, 3, 471.00, 116072, 188, 0, 0
274, 0, 172, 253, 201, 5, 46.19%, 0, 0, 3, 405.72, 118100, 188, 0, 0
279, 0, 172, 254, 202, 5, 46.19%, 0, 0, 3, 468.42, 120595, 188, 0, 0
284, 0, 172, 254, 202, 5, 46.19%, 0, 0, 3, 453.49, 122917, 188, 0, 0
289, 0, 172, 254, 202, 5, 46.19%, 0, 0, 3, 461.55, 125248, 188, 0, 0
294, 0, 172, 254, 202, 5, 46.19%, 0, 0, 3, 448.45, 127462, 188, 0, 0
299, 0, 172, 254, 202, 5, 46.19%, 0, 0, 3, 409.30, 129483, 188, 0, 0
304, 0, 172, 254, 202, 5, 46.19%, 0, 0, 3, 405.04, 131499, 188, 0, 0
310, 0, 253, 254, 200, 5, 46.19%, 0, 0, 3, 466.16, 133969, 188, 0, 0
315, 0, 253, 260, 206, 5, 46.93%, 0, 0, 3, 452.53, 136195, 191, 0, 0
320, 0, 253, 263, 209, 5, 46.93%, 0, 0, 3, 431.89, 138349, 191, 0, 0
325, 0, 253, 264, 210, 5, 46.93%, 0, 0, 3, 450.11, 140697, 191, 0, 0
330, 0, 253, 267, 213, 5, 46.93%, 0, 0, 3, 431.13, 142858, 191, 0, 0
335, 0, 253, 268, 214, 5, 46.93%, 0, 0, 3, 438.30, 145137, 191, 0, 0
340, 0, 253, 268, 214, 5, 46.93%, 0, 0, 3, 428.11, 147329, 191, 0, 0
345, 0, 253, 268, 214, 5, 46.93%, 0, 0, 3, 419.74, 149473, 191, 0, 0
350, 0, 253, 268, 214, 5, 46.93%, 0, 0, 3, 432.00, 151689, 191, 0, 0
355, 0, 253, 268, 214, 5, 46.93%, 0, 0, 3, 437.23, 153897, 191, 0, 0
361, 0, 253, 268, 214, 5, 46.93%, 0, 0, 3, 490.33, 156403, 191, 0, 0
366, 0, 253, 268, 214, 5, 46.93%, 0, 0, 3, 486.56, 158833, 191, 0, 0
371, 0, 253, 269, 215, 5, 46.93%, 0, 0, 3, 461.33, 161063, 191, 0, 0
376, 0, 253, 269, 215, 5, 46.93%, 0, 0, 3, 436.92, 163240, 191, 0, 0
381, 0, 253, 270, 216, 5, 46.93%, 0, 0, 3, 431.22, 165455, 191, 0, 0
386, 0, 253, 270, 216, 5, 46.93%, 0, 0, 3, 489.22, 168009, 191, 0, 0
391, 0, 253, 270, 216, 5, 46.93%, 0, 0, 3, 449.60, 170295, 191, 0, 0
396, 0, 253, 270, 216, 5, 46.93%, 0, 0, 3, 446.69, 172527, 191, 0, 0
401, 0, 253, 270, 216, 5, 46.93%, 0, 0, 3, 437.01, 174727, 191, 0, 0
406, 0, 253, 270, 216, 5, 46.93%, 0, 0, 3, 415.95, 176879, 191, 0, 0
412, 0, 253, 271, 217, 5, 46.93%, 0, 0, 3, 409.80, 179006, 191, 0, 0
417, 0, 253, 271, 217, 5, 46.93%, 0, 0, 3, 441.24, 181270, 191, 0, 0
422, 0, 253, 271, 217, 5, 46.93%, 0, 0, 3, 437.90, 183430, 191, 0, 0
427, 0, 253, 271, 217, 5, 46.93%, 0, 0, 3, 432.78, 185630, 191, 0, 0
432, 0, 15, 272, 214, 2, 46.93%, 0, 0, 4, 462.65, 187996, 191, 0, 0
437, 0, 104, 272, 211, 0, 46.93%, 0, 0, 4, 437.13, 190198, 191, 0, 0
442, 0, 95, 273, 210, 0, 46.93%, 0, 0, 4, 453.97, 192490, 191, 0, 0
447, 0, 223, 273, 207, 0, 46.93%, 0, 0, 4, 446.79, 194726, 191, 0, 0
452, 0, 206, 273, 205, 0, 46.93%, 0, 0, 4, 441.08, 196960, 191, 0, 0
457, 0, 203, 274, 204, 0, 46.93%, 0, 0, 4, 459.70, 199336, 191, 0, 0
462, 0, 99, 274, 202, 0, 46.93%, 0, 0, 4, 458.77, 201639, 191, 0, 0
467, 0, 119, 274, 199, 0, 46.93%, 0, 0, 4, 410.90, 203633, 191, 0, 0
472, 0, 227, 274, 196, 0, 46.93%, 0, 0, 4, 430.80, 205760, 191, 0, 0
477, 0, 213, 274, 192, 0, 46.93%, 0, 0, 4, 435.17, 207984, 191, 0, 0
483, 0, 189, 274, 191, 0, 46.93%, 0, 0, 4, 450.86, 210314, 191, 0, 0
488, 0, 110, 274, 189, 0, 46.93%, 0, 0, 4, 426.81, 212451, 191, 0, 0
493, 0, 0, 274, 185, 0, 46.93%, 0, 0, 4, 419.35, 214566, 191, 0, 0
498, 0, 207, 275, 184, 0, 47.42%, 0, 0, 4, 433.64, 216834, 193, 0, 0
503, 0, 184, 275, 181, 0, 47.42%, 0, 0, 4, 430.67, 218964, 193, 0, 0
508, 0, 126, 275, 179, 0, 47.42%, 0, 0, 4, 426.16, 221151, 193, 0, 0
513, 0, 187, 275, 178, 0, 47.42%, 0, 0, 4, 426.53, 223327, 193, 0, 0
518, 0, 97, 275, 174, 0, 47.42%, 0, 0, 4, 419.12, 225445, 193, 0, 0
523, 0, 121, 276, 174, 0, 47.42%, 0, 0, 4, 426.22, 227616, 193, 0, 0
528, 0, 255, 277, 172, 0, 47.67%, 0, 0, 4, 448.05, 229919, 194, 0, 0
533, 0, 117, 281, 175, 0, 47.67%, 0, 0, 4, 427.60, 232117, 194, 0, 0
538, 0, 243, 281, 174, 0, 47.67%, 0, 0, 4, 432.21, 234357, 194, 0, 0
543, 0, 16, 281, 173, 0, 47.67%, 0, 0, 4, 447.47, 236571, 194, 0, 0
548, 0, 125, 281, 171, 0, 47.67%, 0, 0, 4, 421.23, 238659, 194, 0, 0
553, 0, 231, 281, 170, 0, 47.67%, 0, 0, 4, 459.50, 240982, 194, 0, 0
559, 0, 198, 281, 167, 0, 47.67%, 0, 0, 4, 473.43, 243433, 194, 0, 0
564, 0, 223, 281, 164, 0, 47.67%, 0, 0, 4, 419.73, 245542, 194, 0, 0
569, 0, 270, 281, 162, 0, 47.67%, 0, 0, 4, 431.50, 247788, 194, 0, 0
574, 0, 274, 281, 159, 0, 47.67%, 0, 0, 4, 430.56, 250013, 194, 0, 0
579, 1, 185, 281, 157, 0, 47.67%, 0, 0, 4, 442.86, 252331, 194, 0, 0
584, 1, 107, 281, 155, 0, 47.67%, 0, 0, 4, 423.88, 254474, 194, 0, 0
589, 1, 275, 281, 152, 0, 47.67%, 0, 0, 4, 470.32, 256832, 194, 0, 0
594, 1, 220, 281, 144, 0, 47.67%, 0, 0, 4, 413.86, 258905, 194, 0, 0
599, 1, 278, 284, 145, 0, 47.67%, 0, 0, 4, 430.18, 261115, 194, 0, 0
604, 1, 278, 288, 149, 0, 47.67%, 0, 0, 4, 450.76, 263431, 194, 0, 0
609, 1, 278, 289, 150, 0, 47.67%, 0, 0, 4, 422.71, 265526, 194, 0, 0
614, 1, 278, 289, 150, 0, 47.67%, 0, 0, 4, 428.03, 267702, 194, 0, 0
620, 1, 278, 290, 151, 0, 47.67%, 0, 0, 4, 435.72, 269941, 194, 0, 0
625, 1, 263, 291, 147, 0, 47.67%, 0, 0, 4, 464.21, 272266, 194, 0, 0
630, 1, 202, 291, 143, 0, 47.67%, 0, 0, 4, 416.65, 274286, 194, 0, 0
635, 1, 277, 291, 140, 0, 47.67%, 0, 0, 4, 430.65, 276473, 194, 0, 0
640, 1, 282, 292, 138, 0, 47.67%, 0, 0, 4, 431.44, 278650, 194, 0, 0
645, 1, 284, 292, 136, 0, 47.67%, 0, 0, 4, 432.35, 280874, 194, 0, 0
650, 1, 280, 292, 131, 0, 47.67%, 0, 0, 4, 432.60, 283060, 194, 0, 0
655, 1, 108, 292, 126, 0, 47.67%, 0, 0, 4, 441.92, 285355, 194, 0, 0
660, 1, 229, 292, 122, 0, 47.67%, 0, 0, 4, 441.00, 287578, 194, 0, 0
665, 1, 58, 292, 118, 0, 47.67%, 0, 0, 4, 438.33, 289901, 194, 0, 0
670, 1, 292, 293, 116, 1, 47.67%, 0, 0, 4, 421.42, 291993, 194, 0, 0
675, 1, 133, 294, 116, 0, 47.67%, 0, 0, 4, 412.17, 294131, 194, 0, 0
680, 1, 286, 294, 114, 0, 47.67%, 0, 0, 4, 444.06, 296395, 194, 0, 0
685, 1, 135, 296, 113, 0, 47.91%, 0, 0, 4, 419.66, 298500, 195, 0, 0
690, 1, 215, 296, 111, 0, 47.91%, 0, 0, 4, 403.38, 300536, 195, 0, 0
696, 1, 290, 297, 110, 0, 47.91%, 0, 0, 4, 396.56, 302512, 195, 0, 0
701, 1, 218, 297, 106, 0, 47.91%, 0, 0, 4, 411.28, 304608, 195, 0, 0
706, 1, 287, 298, 104, 0, 47.91%, 0, 0, 4, 412.10, 306660, 195, 0, 0
711, 1, 140, 298, 101, 0, 47.91%, 0, 0, 4, 420.21, 308797, 195, 0, 0
716, 1, 141, 298, 99, 0, 47.91%, 0, 0, 4, 452.32, 311068, 195, 0, 0
721, 1, 183, 298, 97, 0, 47.91%, 0, 0, 4, 432.16, 313232, 195, 0, 0
726, 1, 96, 298, 93, 0, 47.91%, 0, 0, 4, 416.96, 315367, 195, 0, 0
731, 1, 192, 298, 91, 0, 47.91%, 0, 0, 4, 413.74, 317531, 195, 0, 0
736, 1, 193, 298, 89, 0, 47.91%, 0, 0, 4, 411.99, 319591, 195, 0, 0
742, 1, 298, 299, 88, 1, 48.16%, 0, 0, 4, 431.82, 321805, 196, 0, 0
747, 1, 279, 299, 86, 0, 48.16%, 0, 0, 4, 421.21, 323908, 196, 0, 0
752, 1, 230, 299, 82, 0, 48.16%, 0, 0, 4, 437.50, 326027, 196, 0, 0
757, 1, 63, 300, 81, 0, 48.16%, 0, 0, 4, 429.42, 328113, 196, 0, 0
762, 1, 225, 300, 78, 0, 48.16%, 0, 0, 4, 431.68, 330330, 196, 0, 0
767, 1, 285, 300, 74, 0, 48.16%, 0, 0, 4, 431.69, 332552, 196, 0, 0
772, 1, 300, 303, 76, 0, 48.16%, 0, 0, 5, 428.08, 334737, 196, 0, 0
777, 1, 289, 306, 78, 0, 48.16%, 0, 0, 5, 429.79, 336870, 196, 0, 0
782, 1, 289, 310, 82, 0, 48.16%, 0, 0, 5, 427.69, 339058, 196, 0, 0
787, 1, 289, 313, 85, 0, 48.40%, 0, 0, 5, 441.96, 341319, 197, 0, 0
792, 1, 289, 313, 85, 0, 48.40%, 0, 0, 5, 411.43, 343295, 197, 0, 0
797, 1, 289, 313, 85, 0, 48.40%, 0, 0, 5, 440.33, 345623, 197, 0, 0
802, 1, 254, 313, 82, 0, 48.40%, 0, 0, 5, 437.53, 347843, 197, 0, 0
808, 1, 100, 313, 78, 0, 48.40%, 0, 0, 5, 428.70, 350027, 197, 0, 0
813, 1, 232, 313, 74, 0, 48.40%, 0, 0, 5, 452.35, 352312, 197, 0, 0
818, 1, 216, 313, 71, 0, 48.40%, 0, 0, 5, 440.50, 354399, 197, 0, 0
823, 1, 283, 314, 70, 0, 48.40%, 0, 0, 5, 436.95, 356582, 197, 0, 0
828, 1, 309, 314, 66, 0, 48.40%, 0, 0, 5, 449.92, 358896, 197, 0, 0
833, 1, 177, 315, 66, 0, 48.40%, 0, 0, 5, 408.18, 360917, 197, 0, 0
838, 1, 306, 315, 64, 0, 48.40%, 0, 0, 5, 464.00, 363240, 197, 0, 0
843, 1, 146, 316, 61, 0, 48.40%, 0, 0, 5, 449.88, 365554, 197, 0, 0
848, 1, 33, 316, 58, 0, 48.40%, 0, 0, 5, 445.74, 367836, 197, 0, 0
853, 1, 106, 316, 55, 0, 48.40%, 0, 0, 5, 438.52, 370062, 197, 0, 0
858, 1, 255, 316, 53, 0, 48.40%, 0, 0, 5, 469.84, 372488, 197, 0, 0
863, 1, 190, 316, 51, 0, 48.40%, 0, 0, 5, 476.64, 374855, 197, 0, 0
868, 1, 188, 316, 49, 0, 48.40%, 0, 0, 5, 463.93, 377155, 197, 0, 0
874, 1, 255, 316, 47, 0, 48.40%, 0, 0, 5, 449.32, 379367, 197, 0, 0
879, 1, 213, 316, 44, 0, 48.40%, 0, 0, 5, 445.35, 381505, 197, 0, 0
884, 1, 297, 316, 41, 0, 48.40%, 0, 0, 5, 438.99, 383791, 197, 0, 0
889, 1, 114, 348, 71, 0, 49.63%, 0, 0, 5, 458.91, 386182, 202, 0, 0
894, 2, 319, 366, 88, 11, 50.86%, 0, 0, 5, 431.42, 388369, 207, 0, 0
899, 2, 321, 366, 85, 9, 50.86%, 0, 0, 5, 450.69, 390687, 207, 0, 0
904, 2, 339, 366, 83, 7, 50.86%, 0, 0, 5, 440.32, 392921, 207, 0, 0
904, 2, 339, 366, 83, 7, 50.86%, 0, 0, 5, 437.56, 393070, 207, 0, 0
