# relative_time, cycles_done, cur_item, corpus_count, pending_total, pending_favs, map_size, saved_crashes, saved_hangs, max_depth, execs_per_sec, total_execs, edges_found, total_crashes, servers_count
61, 0, 9, 69, 64, 4, 29.98%, 0, 0, 2, 136.97, 8548, 122, 0, 0
66, 0, 9, 71, 66, 4, 29.98%, 0, 0, 2, 146.35, 9298, 122, 0, 0
71, 0, 9, 73, 68, 4, 30.71%, 0, 0, 2, 147.53, 10020, 125, 0, 0
76, 0, 9, 75, 70, 4, 30.71%, 0, 0, 2, 138.00, 10732, 125, 0, 0
81, 0, 9, 77, 72, 4, 30.71%, 0, 0, 2, 137.11, 11432, 125, 0, 0
87, 0, 9, 77, 72, 4, 30.71%, 0, 0, 2, 139.95, 12152, 125, 0, 0
92, 0, 9, 77, 72, 4, 30.71%, 0, 0, 2, 135.33, 12820, 125, 0, 0
97, 0, 9, 78, 73, 4, 30.71%, 0, 0, 2, 142.00, 13539, 125, 0, 0
102, 0, 9, 79, 74, 4, 30.71%, 0, 0, 2, 151.75, 14335, 125, 0, 0
107, 0, 9, 83, 78, 4, 30.71%, 0, 0, 2, 143.98, 15059, 125, 0, 0
112, 0, 9, 83, 78, 4, 30.71%, 0, 0, 2, 136.77, 15761, 125, 0, 0
117, 0, 9, 85, 80, 4, 30.71%, 0, 0, 2, 131.17, 16437, 125, 0, 0
122, 0, 9, 86, 81, 4, 30.71%, 0, 0, 2, 140.27, 17176, 125, 0, 0
127, 0, 9, 88, 83, 4, 30.71%, 0, 0, 2, 143.17, 17934, 125, 0, 0
133, 0, 9, 91, 86, 4, 30.71%, 0, 0, 2, 139.27, 18649, 125, 0, 0
138, 0, 9, 92, 87, 4, 30.96%, 0, 0, 2, 138.75, 19338, 126, 0, 0
143, 0, 9, 92, 87, 4, 30.96%, 0, 0, 2, 135.04, 20014, 126, 0, 0
148, 0, 9, 93, 88, 4, 30.96%, 0, 0, 2, 141.45, 20739, 126, 0, 0
153, 0, 9, 93, 88, 4, 30.96%, 0, 0, 2, 137.90, 21447, 126, 0, 0
158, 0, 9, 94, 89, 4, 30.96%, 0, 0, 2, 139.36, 22140, 126, 0, 0
163, 0, 9, 95, 90, 4, 30.96%, 0, 0, 2, 143.77, 22882, 126, 0, 0
168, 0, 9, 96, 91, 4, 30.96%, 0, 0, 2, 148.83, 23629, 126, 0, 0
173, 0, 9, 97, 92, 4, 30.96%, 0, 0, 2, 151.17, 24371, 126, 0, 0
178, 0, 9, 97, 92, 4, 30.96%, 0, 0, 2, 140.16, 25092, 126, 0, 0
184, 0, 9, 97, 92, 4, 30.96%, 0, 0, 2, 139.59, 25822, 126, 0, 0
189, 0, 9, 97, 92, 4, 30.96%, 0, 0, 2, 138.51, 26550, 126, 0, 0
194, 0, 9, 97, 92, 4, 30.96%, 0, 0, 2, 138.34, 27246, 126, 0, 0
199, 0, 9, 97, 92, 4, 30.96%, 0, 0, 2, 131.12, 27918, 126, 0, 0
204, 0, 9, 98, 93, 4, 30.96%, 0, 0, 2, 139.42, 28629, 126, 0, 0
209, 0, 9, 98, 93, 4, 30.96%, 0, 0, 2, 147.72, 29377, 126, 0, 0
215, 0, 9, 98, 93, 4, 30.96%, 0, 0, 2, 138.76, 30069, 126, 0, 0
220, 0, 9, 98, 93, 4, 30.96%, 0, 0, 2, 145.38, 30809, 126, 0, 0
225, 0, 9, 99, 94, 4, 30.96%, 0, 0, 2, 163.07, 31652, 126, 0, 0
230, 0, 9, 100, 95, 4, 31.94%, 0, 0, 2, 156.48, 32456, 130, 0, 0
235, 0, 9, 101, 96, 4, 31.94%, 0, 0, 2, 141.21, 33144, 130, 0, 0
240, 0, 9, 101, 96, 4, 31.94%, 0, 0, 2, 135.42, 33826, 130, 0, 0
245, 0, 9, 101, 96, 4, 31.94%, 0, 0, 2, 133.90, 34514, 130, 0, 0
250, 0, 9, 101, 96, 4, 31.94%, 0, 0, 2, 134.21, 35228, 130, 0, 0
256, 0, 9, 101, 96, 4, 31.94%, 0, 0, 2, 140.77, 35972, 130, 0, 0
261, 0, 9, 101, 96, 4, 31.94%, 0, 0, 2, 142.21, 36702, 130, 0, 0
266, 0, 9, 101, 96, 4, 31.94%, 0, 0, 2, 138.34, 37410, 130, 0, 0
271, 0, 9, 101, 96, 4, 31.94%, 0, 0, 2, 139.31, 38132, 130, 0, 0
276, 0, 9, 101, 96, 4, 31.94%, 0, 0, 2, 149.79, 38902, 130, 0, 0
281, 0, 9, 102, 97, 4, 31.94%, 0, 0, 2, 145.60, 39625, 130, 0, 0
286, 0, 9, 102, 97, 4, 31.94%, 0, 0, 2, 142.93, 40361, 130, 0, 0
291, 0, 9, 102, 97, 4, 31.94%, 0, 0, 2, 143.02, 41085, 130, 0, 0
296, 0, 9, 103, 98, 4, 31.94%, 0, 0, 2, 144.55, 41832, 130, 0, 0
302, 0, 9, 103, 98, 4, 31.94%, 0, 0, 2, 140.71, 42568, 130, 0, 0
307, 0, 9, 103, 98, 4, 31.94%, 0, 0, 2, 149.16, 43385, 130, 0, 0
312, 0, 9, 103, 98, 4, 31.94%, 0, 0, 2, 135.48, 44090, 130, 0, 0
317, 0, 9, 103, 98, 4, 31.94%, 0, 0, 2, 142.14, 44836, 130, 0, 0
322, 0, 9, 104, 99, 4, 31.94%, 0, 0, 2, 139.77, 45571, 130, 0, 0
327, 0, 9, 104, 99, 4, 31.94%, 0, 0, 2, 136.88, 46263, 130, 0, 0
332, 0, 9, 104, 99, 4, 31.94%, 0, 0, 2, 140.97, 47001, 130, 0, 0
337, 0, 9, 104, 99, 4, 31.94%, 0, 0, 2, 137.03, 47709, 130, 0, 0
343, 0, 9, 104, 99, 4, 31.94%, 0, 0, 2, 146.61, 48483, 130, 0, 0
348, 0, 9, 105, 100, 4, 31.94%, 0, 0, 2, 141.25, 49180, 130, 0, 0
353, 0, 9, 105, 100, 4, 31.94%, 0, 0, 2, 137.35, 49864, 130, 0, 0
358, 0, 9, 105, 100, 4, 31.94%, 0, 0, 2, 140.46, 50564, 130, 0, 0
363, 0, 9, 105, 100, 4, 31.94%, 0, 0, 2, 143.03, 51298, 130, 0, 0
368, 0, 9, 105, 100, 4, 31.94%, 0, 0, 2, 142.05, 52012, 130, 0, 0
373, 0, 9, 105, 100, 4, 31.94%, 0, 0, 2, 145.12, 52764, 130, 0, 0
378, 0, 9, 105, 100, 4, 31.94%, 0, 0, 2, 137.14, 53458, 130, 0, 0
383, 0, 9, 105, 100, 4, 31.94%, 0, 0, 2, 141.37, 54166, 130, 0, 0
388, 0, 9, 123, 117, 3, 35.14%, 0, 0, 2, 136.02, 54866, 143, 0, 0
393, 0, 13, 140, 131, 29, 37.84%, 0, 0, 3, 134.73, 55541, 154, 0, 0
399, 0, 101, 141, 129, 26, 37.84%, 0, 0, 3, 135.46, 56227, 154, 0, 0
404, 0, 101, 148, 136, 26, 37.84%, 0, 0, 3, 140.61, 56937, 154, 0, 0
409, 0, 101, 148, 136, 26, 37.84%, 0, 0, 3, 148.41, 57683, 154, 0, 0
414, 0, 122, 148, 135, 25, 37.84%, 0, 0, 3, 140.40, 58381, 154, 0, 0
419, 0, 122, 148, 135, 25, 37.84%, 0, 0, 3, 151.00, 59161, 154, 0, 0
424, 0, 49, 150, 136, 24, 37.84%, 0, 0, 3, 145.14, 59892, 154, 0, 0
429, 0, 49, 151, 137, 24, 37.84%, 0, 0, 3, 142.45, 60591, 154, 0, 0
434, 0, 49, 152, 138, 24, 37.84%, 0, 0, 3, 143.92, 61319, 154, 0, 0
439, 0, 49, 152, 138, 24, 37.84%, 0, 0, 3, 134.29, 61965, 154, 0, 0
444, 0, 49, 152, 138, 24, 37.84%, 0, 0, 3, 142.49, 62699, 154, 0, 0
449, 0, 49, 153, 139, 24, 37.84%, 0, 0, 3, 137.45, 63406, 154, 0, 0
454, 0, 49, 153, 139, 24, 37.84%, 0, 0, 3, 130.02, 64072, 154, 0, 0
459, 0, 49, 153, 139, 24, 37.84%, 0, 0, 3, 128.67, 64704, 154, 0, 0
465, 0, 49, 153, 139, 24, 37.84%, 0, 0, 3, 127.88, 65382, 154, 0, 0
470, 0, 49, 153, 139, 24, 37.84%, 0, 0, 3, 128.97, 66046, 154, 0, 0
475, 0, 49, 153, 139, 24, 37.84%, 0, 0, 3, 118.20, 66652, 154, 0, 0
480, 0, 49, 153, 139, 24, 37.84%, 0, 0, 3, 144.56, 67416, 154, 0, 0
485, 0, 49, 153, 139, 24, 37.84%, 0, 0, 3, 135.35, 68114, 154, 0, 0
490, 0, 49, 153, 139, 24, 37.84%, 0, 0, 3, 153.66, 68864, 154, 0, 0
495, 0, 123, 153, 138, 23, 37.84%, 0, 0, 3, 148.58, 69616, 154, 0, 0
501, 0, 123, 155, 140, 23, 38.08%, 0, 0, 3, 140.87, 70322, 155, 0, 0
506, 0, 123, 159, 144, 23, 38.57%, 0, 0, 3, 137.08, 71008, 157, 0, 0
511, 0, 123, 159, 144, 23, 38.57%, 0, 0, 3, 138.24, 71708, 157, 0, 0
516, 0, 123, 159, 144, 23, 38.57%, 0, 0, 3, 146.95, 72443, 157, 0, 0
521, 0, 0, 159, 143, 24, 38.57%, 0, 0, 3, 140.29, 73155, 157, 0, 0
526, 0, 0, 159, 143, 24, 38.57%, 0, 0, 3, 150.13, 73948, 157, 0, 0
531, 0, 107, 159, 142, 23, 38.57%, 0, 0, 3, 135.30, 74629, 157, 0, 0
536, 0, 107, 160, 143, 23, 39.07%, 0, 0, 3, 130.03, 75299, 159, 0, 0
542, 0, 159, 160, 142, 23, 39.07%, 0, 0, 3, 137.30, 76001, 159, 0, 0
547, 0, 159, 160, 142, 23, 39.07%, 0, 0, 3, 141.76, 76688, 159, 0, 0
552, 0, 106, 160, 141, 22, 39.07%, 0, 0, 3, 132.90, 77333, 159, 0, 0
557, 0, 106, 160, 141, 22, 39.07%, 0, 0, 3, 126.85, 77953, 159, 0, 0
562, 0, 86, 160, 140, 21, 39.07%, 0, 0, 3, 146.97, 78709, 159, 0, 0
567, 0, 55, 160, 139, 20, 39.07%, 0, 0, 3, 138.19, 79389, 159, 0, 0
572, 0, 121, 161, 139, 19, 39.07%, 0, 0, 3, 136.62, 80098, 159, 0, 0
577, 0, 121, 164, 142, 19, 39.80%, 0, 0, 3, 137.62, 80793, 162, 0, 0
582, 0, 121, 165, 143, 19, 39.80%, 0, 0, 3, 135.09, 81486, 162, 0, 0
587, 0, 121, 165, 143, 19, 39.80%, 0, 0, 3, 133.62, 82168, 162, 0, 0
592, 0, 121, 165, 143, 19, 39.80%, 0, 0, 3, 143.38, 82900, 162, 0, 0
597, 0, 121, 166, 144, 19, 39.80%, 0, 0, 3, 124.99, 83515, 162, 0, 0
603, 0, 121, 167, 145, 19, 39.80%, 0, 0, 3, 123.86, 84150, 162, 0, 0
608, 0, 121, 168, 146, 19, 39.80%, 0, 0, 3, 126.10, 84769, 162, 0, 0
613, 0, 121, 169, 147, 19, 39.80%, 0, 0, 3, 133.78, 85452, 162, 0, 0
618, 0, 121, 169, 147, 19, 39.80%, 0, 0, 3, 141.17, 86172, 162, 0, 0
623, 0, 121, 170, 148, 19, 39.80%, 0, 0, 3, 149.90, 86959, 162, 0, 0
628, 0, 121, 170, 148, 19, 39.80%, 0, 0, 3, 150.57, 87729, 162, 0, 0
633, 0, 121, 170, 148, 19, 39.80%, 0, 0, 3, 134.22, 88397, 162, 0, 0
638, 0, 121, 171, 149, 19, 39.80%, 0, 0, 3, 126.04, 89062, 162, 0, 0
643, 0, 121, 171, 149, 19, 39.80%, 0, 0, 3, 135.85, 89762, 162, 0, 0
648, 0, 121, 172, 150, 19, 39.80%, 0, 0, 3, 132.18, 90397, 162, 0, 0
653, 0, 121, 173, 151, 19, 39.80%, 0, 0, 3, 125.77, 91036, 162, 0, 0
659, 0, 121, 173, 151, 19, 39.80%, 0, 0, 3, 134.62, 91708, 162, 0, 0
664, 0, 121, 173, 151, 19, 39.80%, 0, 0, 3, 135.13, 92402, 162, 0, 0
669, 0, 121, 173, 151, 19, 39.80%, 0, 0, 3, 141.22, 93138, 162, 0, 0
674, 0, 121, 174, 152, 19, 39.80%, 0, 0, 3, 132.13, 93815, 162, 0, 0
679, 0, 121, 174, 152, 19, 39.80%, 0, 0, 3, 145.57, 94581, 162, 0, 0
684, 0, 121, 174, 152, 19, 39.80%, 0, 0, 3, 136.25, 95253, 162, 0, 0
689, 0, 121, 174, 152, 19, 39.80%, 0, 0, 3, 136.65, 95973, 162, 0, 0
694, 0, 121, 174, 152, 19, 39.80%, 0, 0, 3, 132.42, 96665, 162, 0, 0
700, 0, 121, 174, 152, 19, 39.80%, 0, 0, 3, 135.36, 97363, 162, 0, 0
705, 0, 121, 175, 153, 19, 39.80%, 0, 0, 3, 134.61, 98036, 162, 0, 0
710, 0, 121, 175, 153, 19, 39.80%, 0, 0, 3, 140.15, 98767, 162, 0, 0
715, 0, 121, 175, 153, 19, 39.80%, 0, 0, 3, 124.82, 99401, 162, 0, 0
720, 0, 121, 175, 153, 19, 39.80%, 0, 0, 3, 127.86, 100043, 162, 0, 0
725, 0, 121, 175, 153, 19, 39.80%, 0, 0, 3, 137.59, 100737, 162, 0, 0
730, 0, 121, 175, 153, 19, 39.80%, 0, 0, 3, 134.45, 101399, 162, 0, 0
735, 0, 121, 175, 153, 19, 39.80%, 0, 0, 3, 134.42, 102099, 162, 0, 0
740, 0, 121, 175, 153, 19, 39.80%, 0, 0, 3, 128.90, 102739, 162, 0, 0
746, 0, 121, 175, 153, 19, 39.80%, 0, 0, 3, 139.49, 103465, 162, 0, 0
751, 0, 121, 175, 153, 19, 39.80%, 0, 0, 3, 123.59, 104093, 162, 0, 0
756, 0, 121, 175, 153, 19, 39.80%, 0, 0, 3, 138.04, 104823, 162, 0, 0
761, 0, 121, 175, 153, 19, 39.80%, 0, 0, 3, 148.83, 105573, 162, 0, 0
766, 0, 121, 175, 153, 19, 39.80%, 0, 0, 3, 148.73, 106339, 162, 0, 0
771, 0, 121, 175, 153, 19, 39.80%, 0, 0, 3, 137.71, 107049, 162, 0, 0
776, 0, 121, 175, 153, 19, 39.80%, 0, 0, 3, 136.34, 107771, 162, 0, 0
781, 0, 121, 177, 155, 19, 39.80%, 0, 0, 3, 149.32, 108541, 162, 0, 0
786, 0, 121, 177, 155, 19, 39.80%, 0, 0, 3, 155.06, 109351, 162, 0, 0
792, 0, 121, 177, 155, 19, 39.80%, 0, 0, 3, 147.65, 110095, 162, 0, 0
797, 0, 121, 177, 155, 19, 39.80%, 0, 0, 3, 145.31, 110861, 162, 0, 0
802, 0, 121, 177, 155, 19, 39.80%, 0, 0, 3, 148.61, 111616, 162, 0, 0
807, 0, 121, 177, 155, 19, 39.80%, 0, 0, 3, 132.11, 112267, 162, 0, 0
812, 0, 121, 177, 155, 19, 39.80%, 0, 0, 3, 139.50, 112977, 162, 0, 0
817, 0, 121, 177, 155, 19, 39.80%, 0, 0, 3, 142.00, 113699, 162, 0, 0
822, 0, 121, 177, 155, 19, 39.80%, 0, 0, 3, 144.02, 114407, 162, 0, 0
827, 0, 121, 177, 155, 19, 39.80%, 0, 0, 3, 145.43, 115135, 162, 0, 0
832, 0, 121, 177, 155, 19, 39.80%, 0, 0, 3, 148.79, 115885, 162, 0, 0
837, 0, 121, 177, 155, 19, 39.80%, 0, 0, 3, 150.16, 116663, 162, 0, 0
843, 0, 121, 177, 155, 19, 39.80%, 0, 0, 3, 140.22, 117365, 162, 0, 0
848, 0, 121, 177, 155, 19, 39.80%, 0, 0, 3, 134.24, 118057, 162, 0, 0
853, 0, 121, 177, 155, 19, 39.80%, 0, 0, 3, 143.00, 118815, 162, 0, 0
858, 0, 121, 177, 155, 19, 39.80%, 0, 0, 3, 130.07, 119489, 162, 0, 0
863, 0, 121, 177, 155, 19, 39.80%, 0, 0, 3, 139.10, 120181, 162, 0, 0
868, 0, 121, 177, 155, 19, 39.80%, 0, 0, 3, 142.05, 120933, 162, 0, 0
873, 0, 121, 177, 155, 19, 39.80%, 0, 0, 3, 147.71, 121681, 162, 0, 0
878, 0, 121, 177, 155, 19, 39.80%, 0, 0, 3, 140.67, 122405, 162, 0, 0
884, 0, 121, 177, 155, 19, 39.80%, 0, 0, 3, 154.38, 123223, 162, 0, 0
889, 0, 121, 178, 156, 19, 39.80%, 0, 0, 3, 152.43, 123968, 162, 0, 0
894, 0, 121, 178, 156, 19, 39.80%, 0, 0, 3, 138.26, 124660, 162, 0, 0
899, 0, 121, 178, 156, 19, 39.80%, 0, 0, 3, 137.33, 125370, 162, 0, 0
904, 0, 121, 178, 156, 19, 39.80%, 0, 0, 3, 146.78, 126122, 162, 0, 0
909, 0, 121, 178, 156, 19, 39.80%, 0, 0, 3, 145.19, 126832, 162, 0, 0
914, 0, 121, 178, 156, 19, 39.80%, 0, 0, 3, 148.21, 127588, 162, 0, 0
919, 0, 121, 178, 156, 19, 39.80%, 0, 0, 3, 144.02, 128306, 162, 0, 0
924, 0, 121, 178, 156, 19, 39.80%, 0, 0, 3, 136.69, 128996, 162, 0, 0
929, 0, 121, 178, 156, 19, 39.80%, 0, 0, 3, 138.79, 129696, 162, 0, 0
934, 0, 121, 178, 156, 19, 39.80%, 0, 0, 3, 135.76, 130368, 162, 0, 0
939, 0, 121, 178, 156, 19, 39.80%, 0, 0, 3, 139.81, 131086, 162, 0, 0
945, 0, 161, 178, 155, 19, 39.80%, 0, 0, 3, 146.45, 131823, 162, 0, 0
950, 0, 20, 178, 154, 18, 39.80%, 0, 0, 3, 128.21, 132454, 162, 0, 0
955, 0, 137, 178, 153, 17, 39.80%, 0, 0, 3, 123.51, 133102, 162, 0, 0
960, 0, 137, 178, 153, 17, 39.80%, 0, 0, 3, 127.07, 133773, 162, 0, 0
965, 0, 149, 178, 151, 15, 39.80%, 0, 0, 3, 131.37, 134450, 162, 0, 0
970, 0, 24, 178, 149, 13, 39.80%, 0, 0, 3, 135.95, 135168, 162, 0, 0
975, 0, 127, 178, 148, 12, 39.80%, 0, 0, 3, 133.62, 135858, 162, 0, 0
980, 0, 125, 178, 147, 11, 39.80%, 0, 0, 3, 130.53, 136532, 162, 0, 0
986, 0, 125, 178, 147, 11, 39.80%, 0, 0, 3, 136.61, 137213, 162, 0, 0
991, 0, 131, 178, 145, 9, 39.80%, 0, 0, 3, 139.61, 137898, 162, 0, 0
996, 0, 131, 178, 145, 9, 39.80%, 0, 0, 3, 150.91, 138658, 162, 0, 0
1001, 0, 131, 178, 145, 9, 39.80%, 0, 0, 3, 135.58, 139322, 162, 0, 0
1006, 0, 131, 178, 145, 9, 39.80%, 0, 0, 3, 123.89, 139948, 162, 0, 0
1011, 0, 131, 178, 145, 9, 39.80%, 0, 0, 3, 130.59, 140616, 162, 0, 0
1016, 0, 131, 178, 145, 9, 39.80%, 0, 0, 3, 123.69, 141214, 162, 0, 0
1021, 0, 131, 178, 145, 9, 39.80%, 0, 0, 3, 130.38, 141870, 162, 0, 0
1026, 0, 131, 178, 145, 9, 39.80%, 0, 0, 3, 121.17, 142472, 162, 0, 0
1031, 0, 131, 178, 145, 9, 39.80%, 0, 0, 3, 119.25, 143102, 162, 0, 0
1037, 0, 131, 178, 145, 9, 39.80%, 0, 0, 3, 114.02, 143692, 162, 0, 0
1042, 0, 113, 178, 143, 7, 39.80%, 0, 0, 3, 126.45, 144348, 162, 0, 0
1047, 0, 113, 180, 145, 7, 39.80%, 0, 0, 3, 133.42, 145055, 162, 0, 0
1052, 0, 113, 181, 146, 7, 39.80%, 0, 0, 3, 138.93, 145751, 162, 0, 0
1057, 0, 115, 181, 145, 6, 39.80%, 0, 0, 3, 137.88, 146445, 162, 0, 0
1062, 0, 115, 183, 147, 6, 39.80%, 0, 0, 3, 138.41, 147154, 162, 0, 0
1067, 0, 104, 183, 146, 5, 39.80%, 0, 0, 3, 143.97, 147894, 162, 0, 0
1072, 0, 72, 184, 146, 4, 39.80%, 0, 0, 3, 146.13, 148627, 162, 0, 0
1077, 0, 72, 186, 148, 4, 39.80%, 0, 0, 3, 140.92, 149364, 162, 0, 0
1083, 0, 72, 186, 148, 4, 39.80%, 0, 0, 3, 143.97, 150086, 162, 0, 0
1088, 0, 72, 186, 148, 4, 39.80%, 0, 0, 3, 141.12, 150812, 162, 0, 0
1093, 0, 72, 187, 149, 4, 39.80%, 0, 0, 3, 141.64, 151517, 162, 0, 0
1098, 0, 72, 187, 149, 4, 39.80%, 0, 0, 3, 133.42, 152181, 162, 0, 0
1103, 0, 72, 187, 149, 4, 39.80%, 0, 0, 3, 129.39, 152831, 162, 0, 0
1108, 0, 72, 187, 149, 4, 39.80%, 0, 0, 3, 131.21, 153517, 162, 0, 0
1113, 0, 72, 187, 149, 4, 39.80%, 0, 0, 3, 139.42, 154243, 162, 0, 0
1118, 0, 72, 187, 149, 4, 39.80%, 0, 0, 3, 129.21, 154887, 162, 0, 0
1123, 0, 72, 187, 149, 4, 39.80%, 0, 0, 3, 136.62, 155595, 162, 0, 0
1128, 0, 72, 188, 150, 4, 39.80%, 0, 0, 3, 148.55, 156366, 162, 0, 0
1133, 0, 72, 188, 150, 4, 39.80%, 0, 0, 3, 143.01, 157078, 162, 0, 0
1139, 0, 72, 188, 150, 4, 39.80%, 0, 0, 3, 134.82, 157762, 162, 0, 0
1144, 0, 72, 188, 150, 4, 39.80%, 0, 0, 3, 147.31, 158536, 162, 0, 0
1149, 0, 72, 188, 150, 4, 39.80%, 0, 0, 3, 149.29, 159322, 162, 0, 0
1154, 0, 72, 189, 151, 4, 39.80%, 0, 0, 3, 150.50, 160063, 162, 0, 0
1159, 0, 72, 189, 151, 4, 39.80%, 0, 0, 3, 156.53, 160859, 162, 0, 0
1164, 0, 72, 189, 151, 4, 39.80%, 0, 0, 3, 136.25, 161537, 162, 0, 0
1169, 0, 72, 189, 151, 4, 39.80%, 0, 0, 3, 140.35, 162269, 162, 0, 0
1174, 0, 72, 189, 151, 4, 39.80%, 0, 0, 3, 134.66, 162975, 162, 0, 0
1179, 0, 72, 189, 151, 4, 39.80%, 0, 0, 3, 135.64, 163647, 162, 0, 0
1184, 0, 72, 189, 151, 4, 39.80%, 0, 0, 3, 135.21, 164321, 162, 0, 0
1190, 0, 72, 189, 151, 4, 39.80%, 0, 0, 3, 137.59, 165023, 162, 0, 0
1195, 0, 72, 189, 151, 4, 39.80%, 0, 0, 3, 135.02, 165721, 162, 0, 0
1200, 0, 72, 189, 151, 4, 39.80%, 0, 0, 3, 134.69, 166399, 162, 0, 0
1205, 0, 72, 189, 151, 4, 39.80%, 0, 0, 3, 135.82, 167087, 162, 0, 0
1210, 0, 72, 189, 151, 4, 39.80%, 0, 0, 3, 155.98, 167891, 162, 0, 0
1215, 0, 72, 190, 152, 4, 39.80%, 0, 0, 3, 151.74, 168642, 162, 0, 0
1220, 0, 72, 190, 152, 4, 39.80%, 0, 0, 3, 148.60, 169402, 162, 0, 0
1225, 0, 72, 191, 153, 4, 39.80%, 0, 0, 3, 140.89, 170101, 162, 0, 0
1231, 0, 72, 191, 153, 4, 39.80%, 0, 0, 3, 145.21, 170827, 162, 0, 0
1236, 0, 72, 191, 153, 4, 39.80%, 0, 0, 3, 138.64, 171515, 162, 0, 0
1241, 0, 72, 191, 153, 4, 39.80%, 0, 0, 3, 145.41, 172245, 162, 0, 0
1246, 0, 72, 191, 153, 4, 39.80%, 0, 0, 3, 143.27, 172971, 162, 0, 0
1251, 0, 72, 191, 153, 4, 39.80%, 0, 0, 3, 136.94, 173669, 162, 0, 0
1256, 0, 72, 191, 153, 4, 39.80%, 0, 0, 3, 159.28, 174493, 162, 0, 0
1261, 0, 72, 192, 154, 4, 39.80%, 0, 0, 3, 129.24, 175124, 162, 0, 0
1266, 0, 72, 192, 154, 4, 39.80%, 0, 0, 3, 134.94, 175828, 162, 0, 0
1271, 0, 72, 192, 154, 4, 39.80%, 0, 0, 3, 140.21, 176556, 162, 0, 0
1276, 0, 72, 192, 154, 4, 39.80%, 0, 0, 3, 133.86, 177210, 162, 0, 0
1281, 0, 158, 192, 152, 3, 39.80%, 0, 0, 3, 133.47, 177902, 162, 0, 0
1287, 0, 158, 193, 153, 3, 39.80%, 0, 0, 3, 133.89, 178585, 162, 0, 0
1292, 0, 192, 193, 152, 3, 39.80%, 0, 0, 3, 140.19, 179313, 162, 0, 0
1297, 0, 192, 193, 152, 3, 39.80%, 0, 0, 3, 131.53, 179977, 162, 0, 0
1302, 0, 193, 194, 152, 3, 39.80%, 0, 0, 4, 126.34, 180614, 162, 0, 0
1307, 0, 154, 194, 151, 2, 39.80%, 0, 0, 4, 128.26, 181255, 162, 0, 0
1312, 0, 154, 194, 151, 2, 39.80%, 0, 0, 4, 119.65, 181866, 162, 0, 0
1317, 0, 194, 195, 149, 2, 40.05%, 0, 0, 4, 132.47, 182564, 163, 0, 0
1322, 0, 155, 195, 148, 1, 40.05%, 0, 0, 4, 133.14, 183265, 163, 0, 0
1327, 0, 155, 195, 148, 1, 40.05%, 0, 0, 4, 136.68, 183967, 163, 0, 0
1332, 0, 155, 196, 149, 1, 40.05%, 0, 0, 4, 133.13, 184662, 163, 0, 0
1338, 0, 135, 196, 148, 0, 40.05%, 0, 0, 4, 142.51, 185412, 163, 0, 0
1343, 0, 135, 197, 149, 0, 40.05%, 0, 0, 4, 138.23, 186124, 163, 0, 0
1348, 0, 106, 198, 149, 0, 45.95%, 0, 0, 4, 146.94, 186891, 187, 0, 0
1353, 0, 197, 198, 149, 1, 45.95%, 0, 0, 4, 142.24, 187619, 187, 0, 0
1358, 0, 197, 198, 149, 1, 45.95%, 0, 0, 4, 123.98, 188241, 187, 0, 0
1363, 0, 197, 199, 150, 1, 45.95%, 0, 0, 4, 124.08, 188881, 187, 0, 0
1368, 0, 197, 199, 150, 1, 45.95%, 0, 0, 4, 133.23, 189583, 187, 0, 0
1373, 0, 197, 199, 150, 1, 45.95%, 0, 0, 4, 132.15, 190277, 187, 0, 0
1378, 0, 197, 210, 161, 1, 45.95%, 0, 0, 4, 130.87, 190932, 187, 0, 0
1384, 0, 198, 210, 160, 2, 45.95%, 0, 0, 4, 139.61, 191650, 187, 0, 0
1389, 0, 198, 216, 166, 2, 46.68%, 0, 0, 4, 142.98, 192374, 190, 0, 0
1394, 0, 198, 220, 170, 2, 46.68%, 0, 0, 4, 138.89, 193038, 190, 0, 0
1399, 0, 198, 224, 174, 2, 46.68%, 0, 0, 4, 148.08, 193784, 190, 0, 0
1404, 0, 198, 226, 176, 2, 46.68%, 0, 0, 4, 138.37, 194478, 190, 0, 0
1409, 0, 198, 227, 177, 2, 46.68%, 0, 0, 4, 139.16, 195167, 190, 0, 0
1414, 0, 198, 228, 178, 2, 46.68%, 0, 0, 4, 131.59, 195813, 190, 0, 0
1419, 0, 198, 229, 179, 2, 46.68%, 0, 0, 4, 140.29, 196562, 190, 0, 0
1424, 0, 198, 229, 179, 2, 46.68%, 0, 0, 4, 138.05, 197264, 190, 0, 0
1429, 0, 198, 229, 179, 2, 46.68%, 0, 0, 4, 147.87, 198022, 190, 0, 0
1434, 0, 198, 229, 179, 2, 46.68%, 0, 0, 4, 136.11, 198694, 190, 0, 0
1439, 0, 198, 231, 181, 2, 46.68%, 0, 0, 4, 144.56, 199442, 190, 0, 0
1445, 0, 198, 232, 182, 2, 46.68%, 0, 0, 4, 160.42, 200274, 190, 0, 0
1450, 0, 198, 233, 183, 2, 46.68%, 0, 0, 4, 145.63, 200978, 190, 0, 0
1455, 0, 198, 233, 183, 2, 46.68%, 0, 0, 4, 139.93, 201706, 190, 0, 0
1460, 0, 198, 233, 183, 2, 46.68%, 0, 0, 4, 140.37, 202410, 190, 0, 0
1465, 0, 198, 234, 184, 2, 46.68%, 0, 0, 4, 143.84, 203119, 190, 0, 0
1470, 0, 198, 234, 184, 2, 46.68%, 0, 0, 4, 142.53, 203843, 190, 0, 0
1475, 0, 198, 234, 184, 2, 46.68%, 0, 0, 4, 137.17, 204527, 190, 0, 0
1480, 0, 231, 234, 183, 3, 46.68%, 0, 0, 4, 148.02, 205287, 190, 0, 0
1485, 0, 231, 235, 184, 3, 46.68%, 0, 0, 5, 149.76, 206055, 190, 0, 0
1491, 0, 234, 235, 183, 3, 46.68%, 0, 0, 5, 148.27, 206792, 190, 0, 0
1496, 0, 204, 235, 182, 2, 46.68%, 0, 0, 5, 147.09, 207538, 190, 0, 0
1501, 0, 204, 235, 182, 2, 46.68%, 0, 0, 5, 138.45, 208254, 190, 0, 0
1506, 0, 212, 235, 181, 1, 46.68%, 0, 0, 5, 145.28, 208979, 190, 0, 0
1511, 0, 212, 235, 181, 1, 46.68%, 0, 0, 5, 145.48, 209721, 190, 0, 0
1516, 0, 78, 235, 180, 0, 46.68%, 0, 0, 5, 146.01, 210464, 190, 0, 0
1521, 0, 99, 235, 178, 0, 46.68%, 0, 0, 5, 142.59, 211197, 190, 0, 0
1526, 0, 191, 235, 177, 0, 46.68%, 0, 0, 5, 135.12, 211873, 190, 0, 0
1531, 0, 193, 236, 177, 0, 46.68%, 0, 0, 5, 142.97, 212617, 190, 0, 0
1536, 0, 193, 238, 179, 0, 46.68%, 0, 0, 5, 144.45, 213349, 190, 0, 0
1541, 0, 193, 238, 179, 0, 46.68%, 0, 0, 5, 131.78, 214001, 190, 0, 0
1547, 0, 193, 239, 180, 0, 46.68%, 0, 0, 5, 147.74, 214766, 190, 0, 0
1552, 0, 193, 239, 180, 0, 46.68%, 0, 0, 5, 150.90, 215528, 190, 0, 0
1557, 0, 193, 240, 181, 0, 46.68%, 0, 0, 5, 141.54, 216241, 190, 0, 0
1562, 0, 193, 240, 181, 0, 46.68%, 0, 0, 5, 140.18, 216951, 190, 0, 0
1567, 0, 193, 240, 181, 0, 46.68%, 0, 0, 5, 132.13, 217609, 190, 0, 0
1572, 0, 193, 240, 181, 0, 46.68%, 0, 0, 5, 130.79, 218287, 190, 0, 0
1577, 0, 193, 241, 182, 0, 47.17%, 0, 0, 5, 136.15, 218996, 192, 0, 0
1582, 0, 240, 241, 182, 1, 47.17%, 0, 0, 5, 129.85, 219648, 192, 0, 0
1588, 0, 240, 241, 182, 1, 47.17%, 0, 0, 5, 131.27, 220329, 192, 0, 0
1593, 0, 241, 242, 182, 1, 47.42%, 0, 0, 6, 139.17, 221057, 193, 0, 0
1598, 0, 243, 244, 183, 1, 47.67%, 0, 0, 7, 324.44, 222713, 194, 0, 0
1603, 0, 185, 293, 228, 0, 48.65%, 0, 0, 8, 469.84, 225448, 198, 0, 0
1608, 0, 300, 372, 306, 29, 56.51%, 0, 0, 8, 483.86, 227954, 230, 0, 0
1613, 0, 342, 373, 303, 26, 57.00%, 0, 0, 8, 508.64, 230545, 232, 0, 0
1618, 0, 331, 373, 301, 25, 57.00%, 0, 0, 8, 489.69, 232989, 232, 0, 0
1623, 0, 334, 373, 299, 23, 57.00%, 0, 0, 8, 490.15, 235471, 232, 0, 0
1628, 0, 273, 373, 297, 21, 57.00%, 0, 0, 8, 469.50, 237845, 232, 0, 0
1634, 0, 261, 373, 294, 18, 57.00%, 0, 0, 8, 508.01, 240461, 232, 0, 0
1639, 0, 370, 373, 291, 16, 57.00%, 0, 0, 8, 482.04, 242878, 232, 0, 0
1644, 0, 370, 374, 292, 16, 57.00%, 0, 0, 8, 467.90, 245260, 232, 0, 0
1649, 0, 297, 374, 290, 15, 57.00%, 0, 0, 8, 473.43, 247733, 232, 0, 0
1654, 0, 354, 376, 291, 16, 57.49%, 0, 0, 8, 487.21, 250240, 234, 0, 0
1659, 0, 329, 376, 288, 13, 57.49%, 0, 0, 8, 498.24, 252728, 234, 0, 0
1664, 0, 321, 376, 286, 11, 57.49%, 0, 0, 8, 483.84, 255155, 234, 0, 0
1669, 0, 305, 376, 283, 8, 57.49%, 0, 0, 8, 477.12, 257591, 234, 0, 0
1674, 0, 60, 376, 281, 6, 57.49%, 0, 0, 8, 495.47, 260089, 234, 0, 0
1679, 0, 248, 376, 276, 3, 57.49%, 0, 0, 8, 495.60, 262520, 234, 0, 0
1684, 0, 286, 376, 275, 3, 57.49%, 0, 0, 8, 437.45, 264719, 234, 0, 0
1689, 0, 108, 376, 273, 1, 57.49%, 0, 0, 8, 457.67, 267041, 234, 0, 0
1695, 0, 270, 376, 271, 0, 57.49%, 0, 0, 8, 498.37, 269601, 234, 0, 0
1700, 0, 243, 376, 269, 0, 57.49%, 0, 0, 8, 440.44, 271694, 234, 0, 0
1705, 0, 194, 376, 269, 0, 57.49%, 0, 0, 8, 451.70, 273981, 234, 0, 0
1710, 0, 196, 377, 269, 0, 57.49%, 0, 0, 8, 431.34, 276222, 234, 0, 0
1715, 0, 164, 377, 267, 0, 57.49%, 0, 0, 8, 455.55, 278604, 234, 0, 0
1720, 0, 282, 377, 264, 0, 57.49%, 0, 0, 8, 480.14, 281077, 234, 0, 0
1725, 0, 369, 378, 263, 0, 57.49%, 0, 0, 8, 473.61, 283446, 234, 0, 0
1730, 0, 292, 379, 262, 0, 57.49%, 0, 0, 8, 475.14, 285818, 234, 0, 0
1735, 0, 239, 379, 261, 0, 57.49%, 0, 0, 8, 481.23, 288198, 234, 0, 0
1741, 0, 228, 379, 259, 0, 57.49%, 0, 0, 8, 457.81, 290507, 234, 0, 0
1746, 0, 351, 379, 255, 0, 57.49%, 0, 0, 8, 473.45, 292831, 234, 0, 0
1751, 0, 13, 379, 253, 0, 57.49%, 0, 0, 8, 482.33, 295268, 234, 0, 0
1756, 0, 241, 385, 258, 0, 57.49%, 0, 0, 8, 466.36, 297554, 234, 0, 0
1761, 0, 105, 385, 257, 0, 57.49%, 0, 0, 8, 462.41, 299982, 234, 0, 0
1766, 0, 301, 385, 256, 0, 57.49%, 0, 0, 8, 461.42, 302306, 234, 0, 0
1771, 0, 109, 385, 255, 0, 57.49%, 0, 0, 8, 472.96, 304692, 234, 0, 0
1776, 0, 336, 385, 253, 0, 57.49%, 0, 0, 8, 474.52, 307062, 234, 0, 0
1781, 0, 342, 387, 253, 0, 58.23%, 0, 0, 8, 457.79, 309490, 237, 0, 0
1786, 0, 100, 388, 254, 0, 58.23%, 0, 0, 8, 462.58, 311887, 237, 0, 0
1792, 0, 343, 388, 253, 0, 58.23%, 0, 0, 8, 460.39, 314224, 237, 0, 0
1797, 0, 384, 388, 251, 0, 58.23%, 0, 0, 8, 466.29, 316606, 237, 0, 0
1802, 0, 135, 389, 250, 0, 58.23%, 0, 0, 8, 478.69, 319089, 237, 0, 0
1807, 0, 226, 389, 249, 0, 58.23%, 0, 0, 8, 479.92, 321513, 237, 0, 0
1812, 0, 270, 389, 247, 0, 58.23%, 0, 0, 8, 478.39, 323873, 237, 0, 0
1817, 0, 86, 389, 246, 0, 58.23%, 0, 0, 8, 485.86, 326369, 237, 0, 0
1822, 0, 264, 389, 244, 0, 58.23%, 0, 0, 8, 455.24, 328668, 237, 0, 0
1827, 0, 115, 389, 242, 0, 58.23%, 0, 0, 8, 490.79, 331190, 237, 0, 0
1832, 0, 303, 389, 239, 0, 58.23%, 0, 0, 8, 467.68, 333531, 237, 0, 0
1837, 0, 261, 389, 238, 0, 58.23%, 0, 0, 8, 472.89, 335958, 237, 0, 0
1842, 0, 318, 389, 236, 0, 58.23%, 0, 0, 8, 478.56, 338406, 237, 0, 0
1847, 0, 300, 389, 233, 0, 58.23%, 0, 0, 8, 445.27, 340660, 237, 0, 0
1852, 0, 361, 389, 233, 0, 58.23%, 0, 0, 8, 454.51, 342916, 237, 0, 0
1857, 0, 250, 390, 231, 0, 58.23%, 0, 0, 8, 420.64, 345078, 237, 0, 0
1863, 0, 335, 390, 230, 0, 58.23%, 0, 0, 8, 438.79, 347316, 237, 0, 0
1868, 0, 86, 390, 228, 0, 58.23%, 0, 0, 8, 418.03, 349466, 237, 0, 0
1873, 0, 7, 390, 226, 0, 58.23%, 0, 0, 8, 429.06, 351628, 237, 0, 0
1878, 0, 176, 390, 222, 0, 58.23%, 0, 0, 8, 465.45, 354036, 237, 0, 0
1883, 0, 258, 390, 220, 0, 58.23%, 0, 0, 8, 472.60, 356450, 237, 0, 0
1888, 0, 244, 390, 218, 0, 58.23%, 0, 0, 8, 442.39, 358670, 237, 0, 0
1893, 0, 273, 390, 217, 0, 58.23%, 0, 0, 8, 445.36, 360920, 237, 0, 0
1898, 0, 387, 390, 216, 0, 58.23%, 0, 0, 8, 499.58, 363515, 237, 0, 0
1903, 0, 303, 390, 214, 0, 58.23%, 0, 0, 8, 495.73, 366077, 237, 0, 0
1908, 1, 138, 390, 213, 0, 58.23%, 0, 0, 8, 509.82, 368656, 237, 0, 0
1913, 1, 306, 390, 208, 0, 58.23%, 0, 0, 8, 469.05, 371027, 237, 0, 0
1918, 1, 273, 390, 205, 0, 58.23%, 0, 0, 8, 470.10, 373373, 237, 0, 0
1923, 1, 276, 390, 203, 0, 58.23%, 0, 0, 8, 456.64, 375652, 237, 0, 0
1929, 1, 216, 390, 200, 0, 58.23%, 0, 0, 8, 493.57, 378241, 237, 0, 0
1934, 1, 106, 390, 198, 0, 58.23%, 0, 0, 8, 473.68, 380635, 237, 0, 0
1939, 1, 350, 390, 196, 0, 58.23%, 0, 0, 8, 481.63, 383078, 237, 0, 0
1944, 1, 348, 390, 192, 0, 58.23%, 0, 0, 8, 471.14, 385401, 237, 0, 0
1949, 1, 316, 390, 190, 0, 58.23%, 0, 0, 8, 480.98, 387880, 237, 0, 0
1954, 1, 355, 390, 188, 0, 58.23%, 0, 0, 8, 470.06, 390239, 237, 0, 0
1959, 1, 275, 390, 186, 0, 58.23%, 0, 0, 8, 456.30, 392596, 237, 0, 0
1964, 1, 390, 391, 185, 1, 58.23%, 0, 0, 8, 503.67, 395162, 237, 0, 0
1969, 1, 211, 391, 182, 0, 58.23%, 0, 0, 8, 489.19, 397549, 237, 0, 0
1975, 1, 314, 391, 179, 0, 58.23%, 0, 0, 8, 480.25, 400097, 237, 0, 0
1980, 1, 278, 391, 176, 0, 58.23%, 0, 0, 8, 454.94, 402334, 237, 0, 0
1985, 1, 286, 391, 173, 0, 58.23%, 0, 0, 8, 451.89, 404584, 237, 0, 0
1990, 1, 298, 391, 170, 0, 58.23%, 0, 0, 8, 469.30, 406996, 237, 0, 0
1995, 1, 134, 391, 167, 0, 58.23%, 0, 0, 8, 467.23, 409393, 237, 0, 0
2000, 1, 261, 391, 164, 0, 58.23%, 0, 0, 8, 485.33, 411786, 237, 0, 0
2005, 1, 221, 391, 160, 0, 58.23%, 0, 0, 8, 468.21, 414126, 237, 0, 0
2010, 1, 367, 391, 157, 0, 58.23%, 0, 0, 8, 447.48, 416384, 237, 0, 0
2015, 1, 356, 392, 157, 0, 58.23%, 0, 0, 8, 459.04, 418751, 237, 0, 0
2020, 1, 213, 393, 155, 0, 58.23%, 0, 0, 8, 476.69, 421133, 237, 0, 0
2025, 1, 237, 393, 153, 0, 58.23%, 0, 0, 8, 486.35, 423545, 237, 0, 0
2030, 1, 294, 393, 151, 0, 58.23%, 0, 0, 8, 449.36, 425790, 237, 0, 0
2035, 1, 377, 394, 150, 0, 58.23%, 0, 0, 8, 461.38, 428067, 237, 0, 0
2040, 1, 79, 394, 145, 0, 58.23%, 0, 0, 8, 460.86, 430344, 237, 0, 0
2046, 1, 244, 394, 142, 0, 58.23%, 0, 0, 8, 456.97, 432642, 237, 0, 0
2051, 1, 186, 394, 140, 0, 58.23%, 0, 0, 8, 440.43, 434858, 237, 0, 0
2056, 1, 329, 394, 137, 0, 58.23%, 0, 0, 8, 458.86, 437230, 237, 0, 0
2061, 1, 111, 394, 135, 0, 58.23%, 0, 0, 8, 430.58, 439394, 237, 0, 0
2066, 1, 265, 394, 133, 0, 58.23%, 0, 0, 8, 438.37, 441655, 237, 0, 0
2071, 1, 242, 394, 130, 0, 58.23%, 0, 0, 8, 463.20, 444011, 237, 0, 0
2076, 1, 378, 395, 128, 0, 58.23%, 0, 0, 8, 467.29, 446352, 237, 0, 0
2081, 1, 345, 395, 126, 0, 58.23%, 0, 0, 8, 477.44, 448800, 237, 0, 0
2086, 1, 393, 395, 124, 0, 58.23%, 0, 0, 8, 467.36, 451114, 237, 0, 0
2091, 1, 12, 395, 122, 0, 58.23%, 0, 0, 8, 444.66, 453362, 237, 0, 0
2096, 1, 292, 396, 122, 0, 58.23%, 0, 0, 8, 463.62, 455736, 237, 0, 0
2101, 1, 214, 396, 120, 0, 58.23%, 0, 0, 8, 483.64, 458150, 237, 0, 0
2106, 1, 205, 396, 117, 0, 58.23%, 0, 0, 8, 485.39, 460648, 237, 0, 0
2111, 1, 337, 396, 116, 0, 58.23%, 0, 0, 8, 459.99, 462898, 237, 0, 0
2116, 1, 131, 396, 113, 0, 58.23%, 0, 0, 8, 445.15, 465166, 237, 0, 0
2121, 1, 379, 396, 111, 0, 58.23%, 0, 0, 8, 458.88, 467447, 237, 0, 0
2126, 1, 201, 396, 108, 0, 58.23%, 0, 0, 8, 443.65, 469730, 237, 0, 0
2132, 1, 61, 396, 105, 0, 58.23%, 0, 0, 8, 437.96, 472040, 237, 0, 0
2137, 1, 12, 396, 101, 0, 58.23%, 0, 0, 8, 455.51, 474302, 237, 0, 0
2142, 1, 218, 396, 99, 0, 58.23%, 0, 0, 8, 487.37, 476733, 237, 0, 0
2147, 1, 390, 396, 94, 0, 58.23%, 0, 0, 8, 468.69, 479124, 237, 0, 0
2152, 1, 324, 396, 92, 0, 58.23%, 0, 0, 8, 461.34, 481532, 237, 0, 0
2157, 1, 326, 396, 90, 0, 58.23%, 0, 0, 8, 463.10, 483832, 237, 0, 0
2162, 1, 286, 396, 88, 0, 58.23%, 0, 0, 8, 486.38, 486281, 237, 0, 0
2167, 1, 209, 396, 86, 0, 58.23%, 0, 0, 8, 486.21, 488704, 237, 0, 0
2172, 1, 309, 396, 84, 0, 58.23%, 0, 0, 8, 483.65, 491128, 237, 0, 0
2177, 1, 274, 396, 80, 0, 58.23%, 0, 0, 8, 451.52, 493443, 237, 0, 0
2182, 1, 365, 396, 79, 0, 58.23%, 0, 0, 8, 437.66, 495593, 237, 0, 0
2187, 1, 394, 396, 77, 0, 58.23%, 0, 0, 8, 460.86, 497900, 237, 0, 0
2192, 1, 381, 396, 75, 0, 58.23%, 0, 0, 8, 455.96, 500161, 237, 0, 0
2197, 1, 310, 396, 74, 0, 58.23%, 0, 0, 8, 467.59, 502503, 237, 0, 0
2203, 1, 338, 396, 71, 0, 58.23%, 0, 0, 8, 447.07, 504794, 237, 0, 0
2208, 1, 180, 396, 68, 0, 58.23%, 0, 0, 8, 453.29, 506982, 237, 0, 0
2213, 1, 256, 396, 66, 0, 58.23%, 0, 0, 8, 476.31, 509504, 237, 0, 0
2218, 1, 260, 396, 63, 0, 58.23%, 0, 0, 8, 472.29, 511876, 237, 0, 0
2223, 1, 262, 396, 60, 0, 58.23%, 0, 0, 8, 457.71, 514233, 237, 0, 0
2228, 1, 306, 396, 58, 0, 58.23%, 0, 0, 8, 446.33, 516496, 237, 0, 0
2233, 1, 305, 396, 55, 0, 58.23%, 0, 0, 8, 482.38, 518868, 237, 0, 0
2238, 1, 372, 396, 54, 0, 58.23%, 0, 0, 8, 446.95, 521066, 237, 0, 0
2243, 2, 396, 448, 103, 0, 60.93%, 0, 0, 8, 466.67, 523441, 248, 0, 0
2248, 2, 412, 448, 101, 5, 60.93%, 0, 0, 8, 486.85, 525885, 248, 0, 0
2253, 2, 411, 448, 99, 3, 60.93%, 0, 0, 8, 482.18, 528321, 248, 0, 0
2258, 2, 400, 448, 98, 2, 60.93%, 0, 0, 8, 456.09, 530595, 248, 0, 0
2263, 2, 390, 448, 94, 0, 60.93%, 0, 0, 8, 467.56, 532896, 248, 0, 0
2269, 2, 250, 448, 93, 0, 60.93%, 0, 0, 8, 464.55, 535264, 248, 0, 0
2274, 2, 136, 448, 92, 0, 60.93%, 0, 0, 8, 474.14, 537775, 248, 0, 0
2279, 2, 427, 448, 91, 0, 60.93%, 0, 0, 8, 454.59, 540065, 248, 0, 0
2284, 2, 299, 448, 89, 0, 60.93%, 0, 0, 8, 472.24, 542521, 248, 0, 0
2289, 2, 433, 448, 87, 0, 60.93%, 1, 0, 8, 479.25, 544896, 248, 1, 0
2294, 2, 408, 448, 85, 0, 60.93%, 1, 0, 8, 483.16, 547483, 248, 1, 0
2299, 2, 440, 448, 83, 0, 60.93%, 1, 0, 8, 479.01, 549912, 248, 1, 0
2304, 2, 372, 448, 80, 0, 60.93%, 1, 0, 8, 499.55, 552381, 248, 1, 0
2309, 2, 436, 448, 80, 0, 60.93%, 1, 0, 8, 461.30, 554679, 248, 1, 0
2315, 2, 101, 448, 77, 0, 60.93%, 2, 0, 8, 488.18, 557180, 248, 3, 0
2320, 2, 262, 448, 74, 0, 60.93%, 2, 0, 8, 484.76, 559677, 248, 3, 0
2325, 2, 376, 448, 73, 0, 60.93%, 2, 0, 8, 456.54, 561923, 248, 3, 0
2330, 2, 438, 448, 71, 0, 60.93%, 2, 0, 8, 480.53, 564364, 248, 3, 0
2335, 2, 244, 448, 70, 0, 60.93%, 2, 0, 8, 476.15, 566802, 248, 3, 0
2340, 2, 306, 448, 69, 0, 60.93%, 2, 0, 8, 460.14, 569096, 248, 3, 0
2345, 2, 390, 448, 67, 0, 60.93%, 2, 0, 8, 460.52, 571361, 248, 3, 0
2350, 2, 411, 448, 66, 0, 60.93%, 2, 0, 8, 459.73, 573707, 248, 3, 0
2355, 2, 362, 448, 66, 0, 60.93%, 2, 0, 8, 428.17, 575823, 248, 3, 0
2360, 2, 42, 448, 63, 0, 60.93%, 3, 0, 8, 448.95, 578096, 248, 4, 0
2365, 2, 425, 448, 61, 0, 60.93%, 3, 0, 8, 460.53, 580416, 248, 4, 0
2370, 2, 321, 448, 59, 0, 60.93%, 3, 0, 8, 501.82, 582996, 248, 4, 0
2375, 2, 405, 448, 58, 0, 60.93%, 3, 0, 8, 461.89, 585303, 248, 5, 0
2380, 2, 400, 448, 55, 0, 60.93%, 3, 0, 8, 462.29, 587690, 248, 5, 0
2385, 2, 307, 448, 55, 0, 60.93%, 3, 0, 8, 469.58, 590111, 248, 5, 0
2391, 2, 403, 448, 53, 0, 60.93%, 3, 0, 8, 481.05, 592559, 248, 5, 0
2396, 2, 244, 448, 52, 0, 60.93%, 3, 0, 8, 484.11, 594957, 248, 5, 0
2401, 2, 391, 448, 51, 0, 60.93%, 3, 0, 8, 476.23, 597393, 248, 5, 0
2406, 2, 359, 448, 50, 0, 60.93%, 3, 0, 8, 499.54, 599998, 248, 5, 0
2411, 2, 424, 448, 48, 0, 60.93%, 3, 0, 8, 495.96, 602485, 248, 5, 0
2416, 2, 236, 448, 47, 0, 60.93%, 3, 0, 8, 478.35, 604887, 248, 5, 0
2421, 2, 341, 448, 46, 0, 60.93%, 3, 0, 8, 498.74, 607449, 248, 5, 0
2426, 2, 175, 448, 43, 0, 60.93%, 3, 0, 8, 488.23, 609829, 248, 5, 0
2431, 2, 177, 448, 43, 0, 60.93%, 3, 0, 8, 494.66, 612320, 248, 5, 0
2436, 2, 402, 448, 42, 0, 60.93%, 3, 0, 8, 496.05, 614843, 248, 5, 0
2441, 2, 325, 448, 40, 0, 60.93%, 3, 0, 8, 469.10, 617241, 248, 5, 0
2446, 2, 208, 448, 37, 0, 60.93%, 3, 0, 8, 451.60, 619590, 248, 5, 0
2451, 2, 52, 448, 36, 0, 60.93%, 3, 0, 8, 465.56, 621958, 248, 5, 0
2456, 2, 281, 448, 35, 0, 60.93%, 3, 0, 8, 464.89, 624324, 248, 5, 0
2461, 2, 411, 448, 35, 0, 60.93%, 3, 0, 8, 484.91, 626740, 248, 5, 0
2467, 2, 244, 448, 35, 0, 60.93%, 3, 0, 8, 459.89, 629044, 248, 5, 0
2472, 2, 243, 448, 35, 0, 60.93%, 3, 0, 8, 479.37, 631549, 248, 5, 0
2477, 2, 400, 448, 34, 0, 60.93%, 4, 0, 8, 478.75, 633915, 248, 10, 0
2482, 2, 352, 448, 33, 0, 60.93%, 4, 0, 8, 498.24, 636551, 248, 10, 0
2487, 2, 390, 448, 32, 0, 60.93%, 4, 0, 8, 482.88, 638981, 248, 10, 0
2492, 2, 397, 448, 31, 0, 60.93%, 4, 0, 8, 501.51, 641568, 248, 11, 0
2497, 2, 416, 448, 30, 0, 60.93%, 4, 0, 8, 461.79, 643888, 248, 11, 0
2502, 2, 306, 448, 28, 0, 60.93%, 5, 0, 8, 471.50, 646257, 248, 12, 0
2507, 2, 342, 448, 27, 0, 60.93%, 5, 0, 8, 472.61, 648681, 248, 12, 0
2512, 2, 261, 448, 26, 0, 60.93%, 6, 0, 8, 479.01, 651086, 248, 13, 0
2517, 2, 398, 448, 26, 0, 60.93%, 6, 0, 8, 484.37, 653510, 248, 13, 0
2522, 2, 321, 448, 25, 0, 60.93%, 7, 0, 8, 463.87, 655852, 248, 19, 0
2527, 2, 437, 448, 24, 0, 60.93%, 7, 0, 8, 470.44, 658282, 248, 21, 0
2533, 2, 419, 448, 23, 0, 60.93%, 7, 0, 8, 476.97, 660677, 248, 24, 0
2538, 2, 412, 448, 21, 0, 60.93%, 7, 0, 8, 501.83, 663174, 248, 24, 0
2543, 2, 244, 449, 22, 0, 61.18%, 7, 0, 9, 496.70, 665660, 249, 24, 0
2548, 2, 449, 450, 22, 1, 61.43%, 7, 0, 10, 449.69, 667834, 250, 24, 0
2553, 2, 448, 450, 21, 0, 61.43%, 7, 0, 10, 476.86, 670293, 250, 24, 0
2558, 2, 448, 450, 21, 0, 61.43%, 7, 0, 10, 474.49, 672651, 250, 24, 0
2563, 2, 448, 450, 21, 0, 61.43%, 7, 0, 10, 488.16, 675207, 250, 24, 0
2568, 2, 448, 450, 21, 0, 61.43%, 7, 0, 10, 469.48, 677583, 250, 24, 0
2573, 2, 448, 450, 21, 0, 61.43%, 7, 0, 10, 492.06, 680121, 250, 25, 0
2578, 2, 417, 450, 21, 0, 61.43%, 7, 0, 10, 494.33, 682584, 250, 25, 0
2584, 2, 412, 451, 20, 0, 61.43%, 7, 0, 10, 486.73, 685123, 250, 25, 0
2589, 2, 250, 451, 20, 0, 61.43%, 7, 0, 10, 481.20, 687579, 250, 25, 0
2594, 2, 101, 451, 19, 0, 61.43%, 7, 0, 10, 462.59, 689865, 250, 27, 0
2599, 3, 455, 457, 25, 1, 61.67%, 7, 0, 10, 471.59, 692270, 251, 27, 0
2604, 3, 297, 457, 24, 0, 61.67%, 7, 0, 10, 484.71, 694735, 251, 27, 0
2609, 3, 273, 457, 22, 0, 61.67%, 7, 0, 10, 478.75, 697141, 251, 27, 0
2614, 3, 390, 458, 23, 0, 61.67%, 7, 0, 10, 489.19, 699627, 251, 28, 0
2619, 3, 357, 458, 22, 0, 61.67%, 7, 0, 10, 473.53, 702081, 251, 28, 0
2624, 3, 442, 458, 21, 0, 61.67%, 7, 0, 10, 500.73, 704666, 251, 28, 0
2629, 3, 457, 458, 21, 0, 61.67%, 7, 0, 10, 491.60, 707116, 251, 29, 0
2634, 3, 448, 458, 19, 0, 61.67%, 7, 0, 10, 459.94, 709355, 251, 29, 0
2639, 3, 279, 458, 19, 0, 61.67%, 7, 0, 10, 459.39, 711729, 251, 33, 0
2644, 3, 449, 458, 18, 0, 61.67%, 7, 0, 10, 480.76, 714170, 251, 33, 0
2650, 3, 458, 459, 18, 0, 61.67%, 7, 0, 10, 477.68, 716577, 251, 33, 0
2655, 3, 241, 459, 18, 0, 61.67%, 7, 0, 10, 464.65, 718925, 251, 33, 0
2660, 3, 241, 459, 18, 0, 61.67%, 7, 0, 10, 468.42, 721224, 251, 35, 0
2665, 3, 106, 459, 17, 0, 61.67%, 7, 0, 10, 455.46, 723463, 251, 35, 0
2670, 3, 178, 459, 16, 0, 61.67%, 7, 0, 10, 471.81, 725895, 251, 35, 0
2675, 3, 442, 459, 16, 0, 61.67%, 7, 0, 10, 453.11, 728175, 251, 35, 0
2680, 3, 247, 459, 16, 0, 61.67%, 7, 0, 10, 458.58, 730421, 251, 35, 0
2685, 3, 456, 459, 15, 0, 61.67%, 7, 0, 10, 476.83, 732786, 251, 35, 0
2690, 3, 101, 459, 14, 0, 61.67%, 7, 0, 10, 470.27, 735279, 251, 35, 0
2695, 3, 400, 459, 14, 0, 61.67%, 7, 0, 10, 485.80, 737761, 251, 36, 0
2700, 3, 400, 459, 13, 0, 61.67%, 7, 0, 10, 482.85, 740194, 251, 36, 0
2705, 3, 458, 460, 14, 0, 61.67%, 7, 0, 10, 485.32, 742600, 251, 38, 0
2710, 3, 128, 460, 14, 0, 61.67%, 7, 0, 10, 483.07, 744996, 251, 38, 0
2715, 3, 247, 460, 13, 0, 61.67%, 7, 0, 10, 463.48, 747320, 251, 38, 0
2720, 3, 297, 460, 12, 0, 61.67%, 7, 0, 10, 471.74, 749718, 251, 38, 0
2726, 3, 194, 460, 12, 0, 61.67%, 7, 0, 10, 448.38, 752024, 251, 39, 0
2731, 3, 254, 460, 11, 0, 61.67%, 7, 0, 10, 484.18, 754570, 251, 41, 0
2736, 3, 449, 460, 11, 0, 61.67%, 7, 0, 10, 487.35, 757090, 251, 41, 0
2741, 3, 361, 460, 11, 0, 61.67%, 7, 0, 10, 485.18, 759465, 251, 41, 0
2746, 3, 101, 460, 10, 0, 61.67%, 7, 0, 10, 445.55, 761627, 251, 41, 0
2751, 3, 269, 460, 10, 0, 61.67%, 7, 0, 10, 427.77, 763754, 251, 44, 0
2756, 3, 354, 461, 11, 0, 61.67%, 7, 0, 10, 452.77, 766057, 251, 44, 0
2761, 3, 27, 461, 11, 0, 61.67%, 7, 0, 10, 464.16, 768394, 251, 44, 0
2766, 3, 204, 461, 11, 0, 61.67%, 7, 0, 10, 457.12, 770744, 251, 44, 0
2771, 3, 459, 461, 11, 0, 61.67%, 7, 0, 10, 465.23, 773064, 251, 45, 0
2776, 3, 448, 461, 10, 0, 61.67%, 7, 0, 10, 477.97, 775492, 251, 45, 0
2781, 3, 458, 461, 10, 0, 61.67%, 7, 0, 10, 458.57, 777762, 251, 45, 0
2786, 3, 448, 461, 10, 0, 61.67%, 7, 0, 10, 457.45, 779985, 251, 45, 0
2791, 3, 437, 461, 10, 0, 61.67%, 7, 0, 10, 443.96, 782239, 251, 45, 0
2796, 3, 264, 461, 10, 0, 61.67%, 7, 0, 10, 446.47, 784463, 251, 45, 0
2801, 3, 354, 461, 10, 0, 61.67%, 7, 0, 10, 465.71, 786825, 251, 46, 0
2806, 3, 449, 461, 10, 0, 61.67%, 7, 0, 10, 440.66, 789044, 251, 46, 0
2812, 3, 342, 461, 9, 0, 61.67%, 7, 0, 10, 429.93, 791245, 251, 46, 0
2817, 3, 449, 461, 8, 0, 61.67%, 7, 0, 10, 449.66, 793631, 251, 46, 0
2822, 3, 373, 461, 8, 0, 61.67%, 7, 0, 10, 472.51, 796015, 251, 46, 0
2827, 3, 269, 461, 8, 0, 61.67%, 7, 0, 10, 453.54, 798240, 251, 46, 0
2832, 3, 259, 461, 8, 0, 61.67%, 7, 0, 10, 435.29, 800389, 251, 46, 0
2837, 3, 355, 461, 8, 0, 61.67%, 7, 0, 10, 454.82, 802683, 251, 46, 0
2842, 3, 342, 461, 8, 0, 61.67%, 7, 0, 10, 454.88, 805072, 251, 46, 0
2847, 3, 372, 461, 8, 0, 61.67%, 7, 0, 10, 462.38, 807428, 251, 46, 0
2852, 4, 131, 463, 10, 0, 61.67%, 7, 0, 10, 444.91, 809643, 251, 46, 0
2857, 4, 375, 463, 9, 0, 61.67%, 7, 0, 10, 485.98, 812092, 251, 48, 0
2862, 4, 412, 463, 9, 0, 61.67%, 7, 0, 10, 456.95, 814418, 251, 48, 0
2868, 4, 449, 463, 9, 0, 61.67%, 7, 0, 10, 447.05, 816771, 251, 52, 0
2873, 4, 250, 463, 8, 0, 61.67%, 7, 0, 10, 461.35, 819105, 251, 52, 0
2878, 4, 374, 463, 7, 0, 61.67%, 7, 0, 10, 451.06, 821411, 251, 52, 0
2883, 4, 139, 463, 6, 0, 61.67%, 7, 0, 10, 457.68, 823800, 251, 52, 0
2888, 4, 448, 463, 6, 0, 61.67%, 7, 0, 10, 468.48, 826246, 251, 53, 0
2893, 4, 449, 463, 6, 0, 61.67%, 7, 0, 10, 461.77, 828653, 251, 53, 0
2898, 4, 461, 463, 6, 0, 61.67%, 7, 0, 10, 469.43, 831026, 251, 53, 0
2903, 4, 264, 463, 5, 0, 61.67%, 7, 0, 10, 448.88, 833217, 251, 53, 0
2909, 4, 300, 463, 5, 0, 61.67%, 7, 0, 10, 480.21, 835770, 251, 53, 0
2914, 4, 72, 463, 5, 0, 61.67%, 7, 0, 10, 483.30, 838188, 251, 53, 0
2919, 4, 264, 463, 5, 0, 61.67%, 7, 0, 10, 484.02, 840623, 251, 57, 0
2924, 4, 449, 463, 5, 0, 61.67%, 7, 0, 10, 459.77, 842919, 251, 57, 0
2929, 4, 241, 463, 5, 0, 61.67%, 7, 0, 10, 502.01, 845541, 251, 57, 0
2934, 4, 448, 463, 5, 0, 61.67%, 7, 0, 10, 449.30, 847708, 251, 57, 0
2939, 4, 262, 463, 5, 0, 61.67%, 7, 0, 10, 462.35, 850032, 251, 57, 0
2944, 4, 402, 463, 5, 0, 61.67%, 7, 0, 10, 480.43, 852439, 251, 57, 0
2949, 4, 234, 463, 5, 0, 61.67%, 7, 0, 10, 479.61, 854872, 251, 59, 0
2954, 4, 448, 463, 5, 0, 61.67%, 7, 0, 10, 488.99, 857344, 251, 59, 0
2959, 4, 331, 463, 5, 0, 61.67%, 7, 0, 10, 430.56, 859485, 251, 59, 0
2964, 4, 448, 463, 5, 0, 61.67%, 7, 0, 10, 421.61, 861595, 251, 59, 0
2969, 4, 254, 463, 5, 0, 61.67%, 7, 0, 10, 440.54, 863898, 251, 59, 0
2974, 4, 292, 463, 5, 0, 61.67%, 7, 0, 10, 446.40, 866220, 251, 59, 0
2980, 4, 437, 463, 5, 0, 61.67%, 7, 0, 10, 452.63, 868525, 251, 60, 0
2985, 4, 458, 463, 5, 0, 61.67%, 7, 0, 10, 431.36, 870704, 251, 60, 0
2990, 4, 72, 463, 5, 0, 61.67%, 7, 0, 10, 454.49, 872972, 251, 60, 0
2995, 4, 27, 463, 5, 0, 61.67%, 7, 0, 10, 469.68, 875341, 251, 60, 0
3000, 4, 448, 463, 5, 0, 61.67%, 7, 0, 10, 457.13, 877645, 251, 60, 0
3005, 4, 252, 463, 5, 0, 61.67%, 7, 0, 10, 473.67, 880027, 251, 60, 0
3010, 4, 261, 463, 4, 0, 61.67%, 7, 0, 10, 505.93, 882574, 251, 60, 0
3015, 4, 454, 463, 4, 0, 61.67%, 7, 0, 10, 458.30, 884790, 251, 63, 0
3020, 4, 409, 463, 3, 0, 61.67%, 7, 0, 10, 456.36, 887143, 251, 63, 0
3025, 4, 321, 463, 3, 0, 61.67%, 7, 0, 10, 486.59, 889579, 251, 63, 0
3030, 4, 450, 463, 3, 0, 61.67%, 7, 0, 10, 477.11, 891932, 251, 63, 0
3035, 4, 438, 463, 3, 0, 61.67%, 7, 0, 10, 479.60, 894367, 251, 63, 0
3040, 4, 438, 463, 3, 0, 61.67%, 7, 0, 10, 460.45, 896635, 251, 63, 0
3045, 4, 72, 463, 3, 0, 61.67%, 7, 0, 10, 493.07, 899168, 251, 63, 0
3050, 4, 375, 463, 3, 0, 61.67%, 7, 0, 10, 464.94, 901525, 251, 63, 0
3056, 4, 338, 463, 3, 0, 61.67%, 7, 0, 10, 481.68, 903914, 251, 63, 0
3061, 4, 241, 463, 3, 0, 61.67%, 7, 0, 10, 468.38, 906255, 251, 63, 0
3066, 4, 241, 463, 2, 0, 61.67%, 7, 0, 10, 474.21, 908695, 251, 63, 0
3071, 5, 331, 469, 8, 0, 61.67%, 7, 0, 10, 461.23, 911022, 251, 63, 0
3076, 5, 320, 469, 8, 0, 61.67%, 7, 0, 10, 460.20, 913404, 251, 63, 0
3081, 5, 221, 469, 8, 0, 61.67%, 7, 0, 10, 450.75, 915696, 251, 63, 0
3086, 5, 464, 469, 8, 0, 61.67%, 7, 0, 10, 443.43, 917925, 251, 63, 0
3091, 5, 466, 469, 7, 0, 61.67%, 7, 0, 10, 475.84, 920366, 251, 63, 0
3096, 5, 286, 469, 6, 0, 61.67%, 7, 0, 10, 460.65, 922722, 251, 63, 0
3101, 5, 241, 469, 6, 0, 61.67%, 7, 0, 10, 437.83, 924949, 251, 63, 0
3106, 5, 411, 469, 6, 0, 61.67%, 7, 0, 10, 434.70, 927157, 251, 63, 0
3111, 5, 449, 469, 6, 0, 61.67%, 7, 0, 10, 436.72, 929348, 251, 63, 0
3116, 5, 86, 469, 5, 0, 61.67%, 7, 0, 10, 465.50, 931814, 251, 63, 0
3121, 5, 241, 469, 5, 0, 61.67%, 7, 0, 10, 470.33, 934191, 251, 63, 0
3126, 5, 354, 469, 5, 0, 61.67%, 7, 0, 10, 444.13, 936416, 251, 63, 0
3132, 5, 244, 469, 5, 0, 61.67%, 7, 0, 10, 439.69, 938582, 251, 64, 0
3137, 5, 448, 469, 5, 0, 61.67%, 7, 0, 10, 446.05, 940830, 251, 64, 0
3142, 5, 300, 469, 5, 0, 61.67%, 7, 0, 10, 456.74, 943122, 251, 64, 0
3147, 5, 437, 469, 5, 0, 61.67%, 8, 0, 10, 395.41, 945124, 251, 66, 0
3152, 5, 24, 469, 5, 0, 61.67%, 8, 0, 10, 419.40, 947353, 251, 66, 0
3157, 5, 269, 469, 4, 0, 61.67%, 8, 0, 10, 443.03, 949599, 251, 66, 0
3162, 5, 455, 469, 3, 0, 61.67%, 8, 0, 10, 466.68, 951944, 251, 66, 0
3167, 5, 411, 469, 3, 0, 61.67%, 8, 0, 10, 457.15, 954343, 251, 66, 0
3172, 5, 217, 469, 3, 0, 61.67%, 8, 0, 10, 447.82, 956578, 251, 66, 0
3177, 5, 448, 469, 3, 0, 61.67%, 8, 0, 10, 454.96, 958867, 251, 66, 0
3182, 5, 329, 469, 3, 0, 61.67%, 8, 0, 10, 457.09, 961207, 251, 66, 0
3187, 5, 468, 469, 3, 0, 61.67%, 8, 0, 10, 455.14, 963659, 251, 66, 0
3192, 5, 306, 469, 2, 0, 61.67%, 8, 0, 10, 436.61, 965820, 251, 67, 0
3197, 5, 297, 469, 2, 0, 61.67%, 8, 0, 10, 469.38, 968207, 251, 67, 0
3202, 5, 241, 469, 2, 0, 61.67%, 8, 0, 10, 434.97, 970447, 251, 67, 0
3208, 5, 12, 469, 2, 0, 61.67%, 8, 0, 10, 459.15, 972776, 251, 67, 0
3213, 5, 412, 469, 2, 0, 61.67%, 8, 0, 10, 454.38, 975028, 251, 67, 0
3218, 5, 448, 469, 2, 0, 61.67%, 8, 0, 10, 452.38, 977309, 251, 67, 0
3223, 5, 411, 469, 2, 0, 61.67%, 8, 0, 10, 455.28, 979591, 251, 67, 0
3228, 5, 448, 469, 2, 0, 61.67%, 8, 0, 10, 461.17, 981880, 251, 67, 0
3233, 5, 244, 469, 2, 0, 61.67%, 8, 0, 10, 461.12, 984249, 251, 67, 0
3238, 5, 338, 469, 2, 0, 61.67%, 8, 0, 10, 456.87, 986595, 251, 67, 0
3243, 5, 72, 469, 2, 0, 61.67%, 8, 0, 10, 467.22, 988963, 251, 67, 0
3248, 5, 55, 469, 2, 0, 61.67%, 8, 0, 10, 489.29, 991442, 251, 69, 0
3253, 5, 423, 469, 2, 0, 61.67%, 8, 0, 10, 455.00, 993713, 251, 71, 0
3258, 5, 292, 469, 2, 0, 61.67%, 8, 0, 10, 445.49, 995950, 251, 72, 0
3264, 5, 448, 469, 2, 0, 61.67%, 8, 0, 10, 454.98, 998323, 251, 72, 0
3269, 5, 449, 469, 2, 0, 61.67%, 8, 0, 10, 447.42, 1000581, 251, 72, 0
3274, 5, 307, 469, 2, 0, 61.67%, 8, 0, 10, 478.41, 1003023, 251, 72, 0
3279, 5, 194, 470, 2, 0, 61.67%, 8, 0, 10, 467.82, 1005327, 251, 73, 0
3284, 5, 292, 470, 2, 0, 61.67%, 8, 0, 10, 464.06, 1007647, 251, 73, 0
3289, 5, 264, 470, 2, 0, 61.67%, 8, 0, 10, 446.30, 1009876, 251, 73, 0
3294, 5, 393, 470, 2, 0, 61.67%, 8, 0, 10, 426.85, 1012057, 251, 73, 0
3299, 5, 354, 470, 2, 0, 61.67%, 8, 0, 10, 458.43, 1014418, 251, 73, 0
3304, 5, 449, 470, 2, 0, 61.67%, 8, 0, 10, 439.76, 1016574, 251, 73, 0
3309, 6, 55, 471, 2, 0, 61.67%, 8, 0, 10, 457.15, 1018866, 251, 73, 0
3314, 6, 458, 471, 2, 0, 61.67%, 8, 0, 10, 446.72, 1021068, 251, 73, 0
3319, 6, 374, 471, 2, 0, 61.67%, 8, 0, 10, 440.71, 1023245, 251, 76, 0
3324, 6, 448, 471, 2, 0, 61.67%, 8, 0, 10, 454.35, 1025570, 251, 76, 0
3329, 6, 412, 471, 2, 0, 61.67%, 8, 0, 10, 470.33, 1027947, 251, 76, 0
3334, 6, 412, 471, 2, 0, 61.67%, 8, 0, 10, 462.91, 1030249, 251, 76, 0
3340, 6, 458, 471, 2, 0, 61.67%, 8, 0, 10, 457.53, 1032571, 251, 76, 0
3345, 6, 342, 471, 2, 0, 61.67%, 8, 0, 10, 428.10, 1034763, 251, 76, 0
3350, 6, 368, 471, 2, 0, 61.67%, 8, 0, 10, 429.68, 1037023, 251, 76, 0
3355, 6, 252, 471, 2, 0, 61.67%, 8, 0, 10, 457.34, 1039368, 251, 77, 0
3360, 6, 338, 471, 2, 0, 61.67%, 8, 0, 10, 447.77, 1041627, 251, 77, 0
3365, 6, 470, 471, 2, 0, 61.67%, 8, 0, 10, 459.26, 1043969, 251, 77, 0
3370, 6, 448, 471, 2, 0, 61.67%, 8, 0, 10, 452.00, 1046224, 251, 80, 0
3375, 6, 247, 471, 2, 0, 61.67%, 9, 0, 10, 456.58, 1048527, 251, 81, 0
3380, 6, 35, 471, 2, 0, 61.67%, 9, 0, 10, 466.66, 1050840, 251, 83, 0
3385, 6, 469, 471, 2, 0, 61.67%, 9, 0, 10, 430.30, 1053068, 251, 83, 0
3390, 6, 261, 471, 2, 0, 61.67%, 9, 0, 10, 437.06, 1055253, 251, 83, 0
3396, 6, 300, 471, 2, 0, 61.67%, 9, 0, 10, 458.62, 1057604, 251, 83, 0
3401, 6, 442, 471, 2, 0, 61.67%, 9, 0, 10, 426.49, 1059722, 251, 83, 0
3406, 6, 306, 471, 2, 0, 61.67%, 9, 0, 10, 440.72, 1061969, 251, 83, 0
3411, 6, 307, 471, 2, 0, 61.67%, 9, 0, 10, 414.78, 1064052, 251, 83, 0
3416, 6, 259, 471, 2, 0, 61.67%, 9, 0, 10, 439.84, 1066313, 251, 84, 0
3421, 6, 449, 471, 2, 0, 61.67%, 9, 0, 10, 440.22, 1068541, 251, 84, 0
3426, 6, 288, 471, 2, 0, 61.67%, 9, 0, 10, 440.12, 1070763, 251, 84, 0
3431, 6, 455, 471, 2, 0, 61.67%, 9, 0, 10, 434.90, 1072926, 251, 84, 0
3436, 6, 449, 471, 2, 0, 61.67%, 9, 0, 10, 454.21, 1075264, 251, 84, 0
3441, 6, 448, 471, 2, 0, 61.67%, 9, 0, 10, 432.03, 1077476, 251, 84, 0
3446, 6, 463, 471, 2, 0, 61.67%, 9, 0, 10, 441.01, 1079716, 251, 84, 0
3451, 6, 373, 471, 2, 0, 61.67%, 9, 0, 10, 433.22, 1081958, 251, 84, 0
3456, 6, 106, 471, 2, 0, 61.67%, 9, 0, 10, 456.08, 1084317, 251, 88, 0
3461, 6, 244, 471, 2, 0, 61.67%, 9, 0, 10, 453.99, 1086695, 251, 88, 0
3466, 6, 448, 471, 2, 0, 61.67%, 9, 0, 10, 462.67, 1089002, 251, 88, 0
3471, 6, 300, 471, 2, 0, 61.67%, 9, 0, 10, 474.95, 1091384, 251, 88, 0
3477, 6, 342, 471, 2, 0, 61.67%, 9, 0, 10, 441.15, 1093657, 251, 88, 0
3482, 6, 247, 471, 2, 0, 61.67%, 9, 0, 10, 482.76, 1096206, 251, 88, 0
3487, 6, 373, 471, 2, 0, 61.67%, 9, 0, 10, 458.00, 1098494, 251, 88, 0
3492, 6, 455, 471, 2, 0, 61.67%, 9, 0, 10, 446.87, 1100732, 251, 88, 0
3497, 6, 281, 471, 2, 0, 61.67%, 9, 0, 10, 448.70, 1103087, 251, 88, 0
3502, 6, 300, 471, 2, 0, 61.67%, 9, 0, 10, 454.43, 1105383, 251, 88, 0
3507, 6, 373, 471, 2, 0, 61.67%, 9, 0, 10, 466.69, 1107741, 251, 88, 0
3512, 6, 438, 471, 2, 0, 61.67%, 9, 0, 10, 466.18, 1110112, 251, 89, 0
3517, 6, 368, 471, 2, 0, 61.67%, 9, 0, 10, 460.71, 1112401, 251, 89, 0
3522, 6, 458, 471, 2, 0, 61.67%, 9, 0, 10, 456.70, 1114760, 251, 91, 0
3527, 6, 269, 471, 2, 0, 61.67%, 9, 0, 10, 463.38, 1117076, 251, 91, 0
3532, 7, 294, 471, 2, 0, 61.67%, 9, 0, 10, 471.22, 1119440, 251, 91, 0
3537, 7, 261, 471, 2, 0, 61.67%, 9, 0, 10, 458.40, 1121731, 251, 94, 0
3542, 7, 455, 471, 2, 0, 61.67%, 9, 0, 10, 461.20, 1124000, 251, 95, 0
3548, 7, 220, 471, 2, 0, 61.67%, 9, 0, 10, 481.39, 1126514, 251, 95, 0
3553, 7, 247, 471, 2, 0, 61.67%, 9, 0, 10, 466.14, 1128788, 251, 96, 0
3558, 7, 261, 471, 2, 0, 61.67%, 9, 0, 10, 457.60, 1131089, 251, 96, 0
3563, 7, 313, 471, 2, 0, 61.67%, 9, 0, 10, 455.09, 1133372, 251, 96, 0
3568, 7, 329, 471, 2, 0, 61.67%, 9, 0, 10, 480.99, 1135874, 251, 97, 0
3573, 7, 470, 471, 2, 0, 61.67%, 9, 0, 10, 462.34, 1138086, 251, 97, 0
3578, 7, 300, 471, 2, 0, 61.67%, 9, 0, 10, 463.46, 1140425, 251, 98, 0
3583, 7, 384, 471, 2, 0, 61.67%, 9, 0, 10, 463.92, 1142713, 251, 98, 0
3588, 7, 449, 471, 2, 0, 61.67%, 9, 0, 10, 472.69, 1145183, 251, 98, 0
3593, 7, 372, 471, 2, 0, 61.67%, 9, 0, 10, 448.68, 1147436, 251, 98, 0
3598, 7, 259, 471, 2, 0, 61.67%, 9, 0, 10, 430.42, 1149592, 251, 98, 0
3602, 7, 176, 471, 2, 0, 61.67%, 9, 0, 10, 454.29, 1151254, 251, 98, 0
