# relative_time, cycles_done, cur_item, corpus_count, pending_total, pending_favs, map_size, saved_crashes, saved_hangs, max_depth, execs_per_sec, total_execs, edges_found, total_crashes, servers_count
61, 0, 9, 86, 81, 5, 30.96%, 0, 0, 2, 430.97, 26381, 126, 0, 0
66, 0, 9, 89, 84, 5, 30.96%, 0, 0, 2, 404.54, 28490, 126, 0, 0
71, 0, 9, 89, 84, 5, 30.96%, 0, 0, 2, 422.64, 30715, 126, 0, 0
76, 0, 9, 89, 84, 5, 30.96%, 0, 0, 2, 425.09, 32851, 126, 0, 0
81, 0, 9, 90, 85, 5, 30.96%, 0, 0, 2, 430.97, 35018, 126, 0, 0
86, 0, 9, 91, 86, 5, 30.96%, 0, 0, 2, 448.44, 37289, 126, 0, 0
91, 0, 9, 91, 86, 5, 30.96%, 0, 0, 2, 417.17, 39385, 126, 0, 0
96, 0, 9, 91, 86, 5, 30.96%, 0, 0, 2, 447.58, 41665, 126, 0, 0
101, 0, 9, 91, 86, 5, 30.96%, 0, 0, 2, 429.84, 43769, 126, 0, 0
106, 0, 9, 92, 87, 5, 30.96%, 0, 0, 2, 419.82, 45912, 126, 0, 0
112, 0, 9, 92, 87, 5, 30.96%, 0, 0, 2, 433.08, 48104, 126, 0, 0
117, 0, 9, 93, 88, 5, 30.96%, 0, 0, 2, 417.04, 50207, 126, 0, 0
122, 0, 9, 93, 88, 5, 30.96%, 0, 0, 2, 390.17, 52185, 126, 0, 0
127, 0, 9, 94, 89, 5, 30.96%, 0, 0, 2, 405.70, 54238, 126, 0, 0
132, 0, 3, 122, 113, 36, 44.96%, 0, 0, 3, 430.51, 56413, 183, 0, 0
137, 0, 7, 123, 108, 30, 44.96%, 0, 0, 3, 420.11, 58513, 183, 0, 0
142, 0, 64, 125, 107, 28, 45.21%, 0, 0, 3, 409.38, 60655, 184, 0, 0
147, 0, 102, 125, 105, 27, 45.21%, 0, 0, 3, 409.13, 62765, 184, 0, 0
152, 0, 102, 136, 116, 27, 45.95%, 0, 0, 3, 461.71, 65183, 187, 0, 0
157, 0, 102, 139, 119, 27, 45.95%, 0, 0, 3, 402.90, 67142, 187, 0, 0
162, 0, 102, 141, 121, 27, 45.95%, 0, 0, 3, 410.25, 69204, 187, 0, 0
167, 0, 102, 144, 124, 27, 45.95%, 0, 0, 3, 393.08, 71232, 187, 0, 0
173, 0, 133, 144, 123, 28, 45.95%, 0, 0, 3, 422.91, 73446, 187, 0, 0
178, 0, 55, 144, 121, 26, 45.95%, 0, 0, 3, 444.54, 75707, 187, 0, 0
183, 0, 104, 146, 122, 25, 46.44%, 0, 0, 3, 420.03, 77815, 189, 0, 0
188, 0, 144, 146, 119, 24, 46.44%, 0, 0, 3, 423.38, 80025, 189, 0, 0
193, 0, 99, 146, 117, 22, 46.44%, 0, 0, 3, 411.72, 82147, 189, 0, 0
198, 0, 119, 146, 116, 21, 46.44%, 0, 0, 3, 384.41, 84079, 189, 0, 0
203, 0, 119, 146, 116, 21, 46.44%, 0, 0, 3, 401.17, 86059, 189, 0, 0
208, 0, 119, 146, 116, 21, 46.44%, 0, 0, 3, 394.63, 88096, 189, 0, 0
213, 0, 119, 147, 117, 21, 46.44%, 0, 0, 3, 410.82, 90166, 189, 0, 0
218, 0, 105, 147, 114, 18, 46.44%, 0, 0, 3, 412.11, 92286, 189, 0, 0
224, 0, 108, 150, 115, 16, 46.44%, 0, 0, 3, 401.95, 94374, 189, 0, 0
229, 0, 108, 156, 121, 16, 47.17%, 0, 0, 3, 388.97, 96389, 192, 0, 0
234, 0, 108, 158, 123, 16, 47.17%, 0, 0, 3, 402.47, 98446, 192, 0, 0
239, 0, 108, 161, 126, 16, 47.17%, 0, 0, 3, 419.92, 100619, 192, 0, 0
244, 0, 108, 163, 128, 16, 47.17%, 0, 0, 3, 433.73, 102785, 192, 0, 0
249, 0, 108, 165, 130, 16, 47.17%, 0, 0, 3, 441.52, 105031, 192, 0, 0
254, 0, 108, 166, 131, 16, 47.17%, 0, 0, 3, 401.99, 107015, 192, 0, 0
259, 0, 108, 168, 133, 16, 47.17%, 0, 0, 3, 414.32, 109085, 192, 0, 0
264, 0, 108, 169, 134, 16, 47.17%, 0, 0, 3, 410.07, 111124, 192, 0, 0
269, 0, 108, 169, 134, 16, 47.17%, 0, 0, 3, 424.42, 113228, 192, 0, 0
274, 0, 108, 170, 135, 16, 47.17%, 0, 0, 3, 436.27, 115483, 192, 0, 0
279, 0, 108, 172, 137, 16, 47.17%, 0, 0, 3, 431.65, 117577, 192, 0, 0
284, 0, 108, 174, 139, 16, 47.17%, 0, 0, 3, 452.49, 119926, 192, 0, 0
289, 0, 108, 176, 141, 16, 47.17%, 0, 0, 3, 443.98, 122173, 192, 0, 0
295, 0, 108, 177, 142, 16, 47.17%, 0, 0, 3, 406.21, 124212, 192, 0, 0
300, 0, 108, 178, 143, 16, 47.17%, 0, 0, 3, 439.49, 126507, 192, 0, 0
305, 0, 108, 179, 144, 16, 47.17%, 0, 0, 3, 420.06, 128634, 192, 0, 0
310, 0, 108, 180, 145, 16, 47.17%, 0, 0, 3, 410.87, 130713, 192, 0, 0
315, 0, 108, 180, 145, 16, 47.17%, 0, 0, 3, 426.38, 132881, 192, 0, 0
320, 0, 108, 182, 147, 16, 47.17%, 0, 0, 3, 435.81, 135015, 192, 0, 0
325, 0, 108, 182, 147, 16, 47.17%, 0, 0, 3, 468.61, 137415, 192, 0, 0
330, 0, 108, 182, 147, 16, 47.17%, 0, 0, 3, 430.41, 139607, 192, 0, 0
335, 0, 108, 182, 147, 16, 47.17%, 0, 0, 3, 451.85, 141967, 192, 0, 0
341, 0, 108, 182, 147, 16, 47.17%, 0, 0, 3, 461.81, 144336, 192, 0, 0
346, 0, 77, 182, 145, 15, 47.17%, 0, 0, 3, 458.80, 146654, 192, 0, 0
351, 0, 168, 185, 147, 15, 47.17%, 0, 0, 3, 444.81, 148957, 192, 0, 0
356, 0, 15, 186, 145, 12, 47.17%, 0, 0, 3, 447.02, 151189, 192, 0, 0
361, 0, 188, 190, 145, 9, 47.17%, 0, 0, 3, 444.60, 153443, 192, 0, 0
366, 0, 113, 192, 145, 7, 47.17%, 0, 0, 3, 452.26, 155726, 192, 0, 0
371, 0, 167, 193, 141, 2, 47.17%, 0, 0, 4, 433.47, 157942, 192, 0, 0
376, 0, 111, 194, 139, 2, 47.42%, 0, 0, 4, 417.50, 160046, 193, 0, 0
381, 0, 111, 221, 166, 2, 48.65%, 1, 0, 4, 438.33, 162407, 198, 1, 0
386, 0, 111, 222, 167, 2, 48.65%, 1, 0, 4, 435.69, 164622, 198, 1, 0
392, 0, 111, 222, 167, 2, 48.65%, 1, 0, 4, 417.46, 166710, 198, 1, 0
397, 0, 111, 222, 167, 2, 48.65%, 1, 0, 4, 398.48, 168754, 198, 1, 0
402, 0, 111, 222, 167, 2, 48.65%, 1, 0, 4, 419.24, 170870, 198, 1, 0
407, 0, 111, 224, 169, 2, 48.65%, 1, 0, 4, 431.00, 173052, 198, 1, 0
412, 0, 111, 224, 169, 2, 48.65%, 1, 0, 4, 423.04, 175156, 198, 1, 0
417, 0, 111, 224, 169, 2, 48.65%, 1, 0, 4, 381.52, 177112, 198, 1, 0
422, 0, 111, 225, 170, 2, 48.65%, 1, 0, 4, 415.08, 179219, 198, 1, 0
427, 0, 111, 226, 171, 2, 48.65%, 1, 0, 4, 414.93, 181282, 198, 1, 0
432, 0, 111, 226, 171, 2, 48.65%, 1, 0, 4, 386.23, 183223, 198, 1, 0
437, 0, 111, 227, 172, 2, 48.65%, 1, 0, 4, 377.35, 185176, 198, 1, 0
443, 0, 111, 227, 172, 2, 48.65%, 1, 0, 4, 391.87, 187227, 198, 1, 0
448, 0, 111, 228, 173, 2, 48.65%, 1, 0, 4, 432.27, 189448, 198, 1, 0
453, 0, 111, 228, 173, 2, 48.65%, 1, 0, 4, 420.57, 191568, 198, 1, 0
458, 0, 111, 228, 173, 2, 48.65%, 1, 0, 4, 434.66, 193800, 198, 1, 0
463, 0, 111, 228, 173, 2, 48.65%, 1, 0, 4, 409.95, 195832, 198, 1, 0
468, 0, 111, 228, 173, 2, 48.65%, 1, 0, 4, 411.61, 197888, 198, 1, 0
473, 0, 215, 228, 172, 4, 48.65%, 1, 0, 4, 413.49, 200016, 198, 1, 0
478, 0, 193, 228, 171, 3, 48.65%, 1, 0, 4, 422.17, 202095, 198, 1, 0
483, 0, 192, 230, 168, 1, 48.65%, 1, 0, 5, 437.39, 204268, 198, 1, 0
488, 0, 192, 232, 170, 1, 48.65%, 1, 0, 5, 433.24, 206394, 198, 1, 0
493, 0, 192, 232, 170, 1, 48.65%, 1, 0, 5, 424.08, 208538, 198, 1, 0
498, 0, 159, 232, 169, 1, 48.65%, 1, 0, 5, 447.23, 210802, 198, 1, 0
503, 0, 200, 235, 171, 1, 48.65%, 1, 0, 5, 447.65, 213036, 198, 1, 0
508, 0, 200, 240, 176, 1, 48.89%, 1, 0, 5, 452.49, 215299, 199, 1, 0
514, 0, 200, 242, 178, 1, 48.89%, 1, 0, 5, 412.89, 217465, 199, 1, 0
519, 0, 200, 243, 179, 1, 48.89%, 1, 0, 5, 396.85, 219557, 199, 1, 0
524, 0, 200, 243, 179, 1, 48.89%, 2, 0, 5, 426.88, 221712, 199, 2, 0
529, 0, 200, 243, 179, 1, 48.89%, 2, 0, 5, 430.30, 223864, 199, 2, 0
534, 0, 200, 243, 179, 1, 48.89%, 2, 0, 5, 433.12, 226064, 199, 2, 0
539, 0, 200, 243, 179, 1, 48.89%, 2, 0, 5, 399.60, 228069, 199, 2, 0
544, 0, 200, 243, 179, 1, 48.89%, 2, 0, 5, 405.65, 230144, 199, 2, 0
549, 0, 200, 243, 179, 1, 48.89%, 2, 0, 5, 416.14, 232304, 199, 2, 0
554, 0, 200, 243, 179, 1, 48.89%, 2, 0, 5, 398.22, 234320, 199, 2, 0
559, 0, 200, 244, 180, 1, 48.89%, 2, 0, 5, 389.47, 236252, 199, 2, 0
564, 0, 200, 244, 180, 1, 48.89%, 2, 0, 5, 400.43, 238394, 199, 2, 0
569, 0, 200, 244, 180, 1, 48.89%, 2, 0, 5, 409.08, 240455, 199, 2, 0
575, 0, 235, 244, 179, 1, 48.89%, 2, 0, 5, 400.32, 242479, 199, 2, 0
580, 0, 239, 244, 178, 0, 48.89%, 2, 0, 5, 417.70, 244561, 199, 2, 0
585, 0, 96, 244, 177, 0, 48.89%, 2, 0, 5, 410.99, 246676, 199, 2, 0
590, 0, 101, 244, 175, 0, 48.89%, 2, 0, 5, 413.59, 248786, 199, 2, 0
595, 0, 182, 244, 172, 0, 48.89%, 2, 0, 5, 407.09, 250886, 199, 2, 0
600, 0, 146, 245, 171, 0, 48.89%, 2, 0, 5, 413.17, 253013, 199, 2, 0
605, 0, 127, 247, 172, 0, 48.89%, 2, 0, 5, 384.14, 254969, 199, 2, 0
610, 0, 147, 247, 170, 0, 48.89%, 2, 0, 5, 402.39, 257076, 199, 2, 0
615, 0, 188, 248, 169, 0, 48.89%, 2, 0, 5, 387.00, 259058, 199, 2, 0
620, 0, 132, 248, 168, 0, 48.89%, 2, 0, 5, 422.90, 261251, 199, 2, 0
626, 0, 246, 248, 165, 0, 48.89%, 2, 0, 5, 436.27, 263475, 199, 2, 0
631, 0, 118, 249, 163, 0, 48.89%, 2, 0, 5, 415.68, 265517, 199, 2, 0
636, 0, 65, 249, 161, 0, 48.89%, 2, 0, 5, 428.33, 267683, 199, 2, 0
641, 0, 30, 250, 160, 0, 48.89%, 2, 0, 5, 409.26, 269807, 199, 2, 0
646, 0, 139, 251, 160, 0, 48.89%, 2, 0, 5, 408.41, 271857, 199, 2, 0
651, 0, 139, 280, 189, 0, 49.14%, 2, 0, 5, 454.64, 274157, 200, 2, 0
656, 0, 139, 287, 196, 0, 49.14%, 2, 0, 5, 414.29, 276254, 200, 2, 0
661, 0, 139, 287, 196, 0, 49.14%, 2, 0, 5, 414.64, 278438, 200, 2, 0
666, 0, 139, 287, 196, 0, 49.14%, 2, 0, 5, 410.28, 280454, 200, 2, 0
671, 0, 277, 290, 198, 1, 49.14%, 2, 0, 5, 432.23, 282659, 200, 2, 0
676, 0, 277, 291, 199, 1, 49.39%, 2, 0, 5, 409.96, 284761, 201, 2, 0
681, 0, 290, 291, 198, 1, 49.39%, 2, 0, 5, 393.86, 286810, 201, 2, 0
687, 0, 265, 291, 195, 0, 49.39%, 2, 0, 5, 435.81, 289071, 201, 2, 0
692, 0, 265, 298, 202, 0, 49.39%, 2, 0, 5, 431.83, 291242, 201, 2, 0
697, 0, 265, 299, 203, 0, 49.39%, 2, 0, 5, 410.53, 293233, 201, 2, 0
702, 0, 265, 299, 203, 0, 49.39%, 2, 0, 5, 410.89, 295337, 201, 2, 0
707, 0, 265, 299, 203, 0, 49.39%, 2, 0, 5, 401.82, 297394, 201, 2, 0
712, 0, 293, 299, 202, 0, 49.39%, 2, 0, 5, 378.73, 299280, 201, 2, 0
717, 0, 271, 299, 201, 0, 49.39%, 2, 0, 5, 383.59, 301302, 201, 2, 0
722, 0, 243, 303, 204, 0, 49.39%, 2, 0, 5, 441.61, 303595, 201, 2, 0
727, 0, 71, 303, 202, 0, 49.39%, 2, 0, 5, 422.51, 305667, 201, 2, 0
732, 0, 95, 303, 199, 0, 49.39%, 2, 0, 5, 431.94, 307853, 201, 2, 0
737, 0, 154, 303, 197, 0, 49.39%, 2, 0, 5, 403.58, 309883, 201, 2, 0
742, 0, 221, 303, 194, 0, 49.39%, 2, 0, 5, 433.02, 312073, 201, 2, 0
747, 0, 181, 303, 192, 0, 49.39%, 2, 0, 5, 421.00, 314189, 201, 2, 0
753, 0, 65, 303, 192, 0, 49.39%, 2, 0, 5, 406.93, 316202, 201, 2, 0
758, 0, 252, 308, 197, 0, 49.39%, 2, 0, 5, 402.81, 318277, 201, 2, 0
763, 0, 252, 310, 199, 0, 49.39%, 2, 0, 5, 450.85, 320475, 201, 2, 0
768, 0, 252, 312, 201, 0, 49.39%, 2, 0, 5, 447.06, 322681, 201, 2, 0
773, 0, 252, 313, 202, 0, 49.39%, 2, 0, 5, 437.20, 324880, 201, 2, 0
778, 0, 252, 314, 203, 0, 49.39%, 2, 0, 5, 388.45, 326937, 201, 2, 0
783, 0, 27, 316, 203, 0, 49.39%, 2, 0, 5, 370.04, 328813, 201, 2, 0
788, 0, 188, 316, 198, 0, 49.39%, 2, 0, 5, 425.97, 331070, 201, 2, 0
793, 0, 200, 318, 199, 0, 49.39%, 2, 0, 5, 431.20, 333238, 201, 2, 0
798, 0, 314, 323, 204, 0, 49.39%, 2, 0, 5, 393.13, 335278, 201, 2, 0
804, 0, 314, 323, 204, 0, 49.39%, 2, 0, 5, 396.32, 337334, 201, 2, 0
809, 0, 314, 324, 205, 0, 49.39%, 2, 0, 5, 436.89, 339581, 201, 2, 0
814, 0, 314, 325, 206, 0, 49.39%, 2, 0, 5, 436.11, 341820, 201, 2, 0
819, 0, 314, 326, 207, 0, 49.39%, 2, 0, 5, 401.29, 343835, 201, 2, 0
824, 0, 181, 326, 204, 0, 49.39%, 2, 0, 5, 414.72, 346018, 201, 2, 0
829, 0, 182, 326, 203, 0, 49.39%, 2, 0, 5, 401.02, 347971, 201, 2, 0
834, 0, 296, 327, 202, 0, 49.39%, 2, 0, 5, 402.94, 350025, 201, 2, 0
839, 0, 190, 327, 197, 0, 49.39%, 2, 0, 5, 442.71, 352391, 201, 2, 0
844, 0, 172, 327, 195, 0, 49.39%, 2, 0, 5, 427.26, 354470, 201, 2, 0
849, 0, 202, 327, 194, 0, 49.39%, 2, 0, 5, 408.12, 356538, 201, 2, 0
855, 0, 318, 327, 192, 0, 49.39%, 2, 0, 5, 408.47, 358704, 201, 2, 0
860, 0, 78, 328, 191, 0, 49.39%, 2, 0, 6, 421.64, 360922, 201, 2, 0
865, 0, 242, 328, 187, 0, 49.39%, 2, 0, 6, 445.21, 363227, 201, 2, 0
870, 0, 216, 333, 191, 0, 49.63%, 2, 0, 6, 421.10, 365373, 202, 2, 0
875, 0, 216, 333, 191, 0, 49.63%, 2, 0, 6, 398.19, 367349, 202, 2, 0
880, 0, 216, 334, 192, 0, 49.63%, 3, 0, 6, 417.28, 369444, 202, 3, 0
885, 0, 216, 334, 192, 0, 49.63%, 3, 0, 6, 378.58, 371356, 202, 3, 0
890, 0, 216, 335, 193, 0, 49.63%, 3, 0, 6, 423.02, 373683, 202, 3, 0
895, 0, 124, 335, 191, 0, 49.63%, 3, 0, 6, 435.06, 375888, 202, 3, 0
900, 1, 213, 335, 187, 0, 49.63%, 3, 0, 6, 418.10, 377955, 202, 3, 0
902, 1, 300, 335, 186, 0, 49.63%, 3, 0, 6, 404.11, 378693, 202, 3, 0
