# relative_time, cycles_done, cur_item, corpus_count, pending_total, pending_favs, map_size, saved_crashes, saved_hangs, max_depth, execs_per_sec, total_execs, edges_found, total_crashes, servers_count
61, 0, 88, 210, 155, 7, 44.72%, 1, 0, 5, 1946.85, 117316, 182, 1, 0
66, 0, 88, 212, 157, 7, 44.72%, 1, 0, 5, 2066.16, 127957, 182, 1, 0
71, 0, 88, 215, 160, 7, 45.70%, 1, 0, 5, 2042.11, 136746, 186, 1, 0
76, 0, 88, 218, 163, 7, 45.70%, 1, 0, 5, 1827.20, 144993, 186, 1, 0
81, 0, 88, 219, 164, 7, 45.70%, 1, 0, 5, 1921.21, 154583, 186, 1, 0
86, 0, 88, 220, 165, 7, 45.70%, 1, 0, 5, 1964.53, 164596, 186, 1, 0
91, 0, 214, 232, 176, 8, 46.44%, 1, 0, 5, 1894.85, 174248, 189, 1, 0
96, 0, 214, 240, 184, 8, 46.44%, 1, 0, 5, 2003.09, 184479, 189, 1, 0
101, 0, 214, 246, 190, 8, 46.68%, 1, 0, 5, 2052.90, 194957, 190, 1, 0
106, 0, 214, 246, 190, 8, 46.68%, 1, 0, 5, 2050.56, 205371, 190, 1, 0
111, 0, 214, 247, 191, 8, 46.68%, 1, 0, 5, 2059.56, 215448, 190, 1, 0
116, 0, 87, 248, 187, 8, 46.68%, 1, 0, 5, 1864.68, 225079, 190, 1, 0
122, 0, 150, 253, 179, 0, 46.68%, 1, 0, 5, 1889.45, 234914, 190, 1, 0
127, 0, 255, 257, 173, 2, 46.93%, 1, 0, 5, 1858.01, 244163, 191, 1, 0
132, 0, 242, 257, 164, 0, 46.93%, 1, 0, 5, 1953.27, 253756, 191, 1, 0
137, 0, 169, 267, 169, 0, 46.93%, 1, 0, 5, 1945.53, 263965, 191, 1, 0
142, 0, 0, 272, 172, 0, 46.93%, 1, 0, 5, 2147.58, 274256, 191, 1, 0
147, 0, 264, 274, 162, 0, 46.93%, 1, 0, 6, 2057.79, 284544, 191, 1, 0
152, 0, 129, 276, 150, 0, 46.93%, 1, 0, 6, 2043.65, 295239, 191, 1, 0
157, 1, 199, 277, 137, 0, 46.93%, 1, 0, 6, 2063.10, 305769, 191, 1, 0
162, 1, 199, 293, 153, 0, 46.93%, 1, 0, 6, 2052.14, 315955, 191, 1, 0
167, 1, 103, 297, 148, 0, 46.93%, 1, 0, 6, 1787.70, 324621, 191, 1, 0
172, 1, 261, 298, 133, 0, 46.93%, 1, 0, 6, 1995.73, 334838, 191, 1, 0
177, 1, 151, 299, 116, 0, 46.93%, 1, 0, 6, 1959.93, 344469, 191, 1, 0
183, 1, 166, 300, 104, 0, 46.93%, 1, 0, 6, 1843.27, 353620, 191, 1, 0
188, 1, 302, 303, 99, 0, 46.93%, 1, 0, 6, 1818.60, 362413, 191, 1, 0
193, 1, 302, 310, 106, 0, 46.93%, 1, 0, 6, 1922.59, 371785, 191, 1, 0
198, 1, 301, 311, 99, 0, 46.93%, 1, 0, 6, 1915.46, 381631, 191, 1, 0
203, 1, 308, 311, 86, 0, 46.93%, 1, 0, 6, 1927.89, 391436, 191, 1, 0
208, 1, 154, 314, 77, 0, 46.93%, 1, 0, 7, 2014.36, 402085, 191, 1, 0
213, 1, 146, 316, 67, 0, 46.93%, 1, 0, 7, 2039.74, 412338, 191, 1, 0
218, 1, 305, 318, 59, 0, 46.93%, 1, 0, 7, 1971.11, 422225, 191, 1, 0
223, 2, 366, 424, 155, 21, 59.95%, 1, 0, 7, 2026.46, 432504, 244, 1, 0
228, 2, 327, 424, 146, 12, 59.95%, 1, 0, 7, 1969.97, 442391, 244, 1, 0
233, 2, 401, 424, 139, 5, 59.95%, 1, 0, 7, 1972.59, 452226, 244, 1, 0
238, 2, 131, 424, 130, 0, 59.95%, 1, 0, 7, 1863.38, 461333, 244, 1, 0
243, 2, 396, 424, 122, 0, 59.95%, 1, 0, 7, 1838.86, 470549, 244, 1, 0
248, 2, 368, 424, 111, 0, 59.95%, 1, 0, 7, 1827.31, 479450, 244, 1, 0
253, 2, 410, 424, 102, 0, 59.95%, 1, 0, 7, 1805.21, 488460, 244, 1, 0
258, 2, 157, 424, 92, 0, 59.95%, 1, 0, 7, 1906.12, 498182, 244, 1, 0
263, 2, 225, 424, 82, 0, 59.95%, 1, 0, 7, 1991.43, 508368, 244, 1, 0
268, 2, 163, 424, 73, 0, 59.95%, 1, 0, 7, 2006.10, 518490, 244, 1, 0
273, 2, 408, 424, 64, 0, 59.95%, 1, 0, 7, 2110.35, 529262, 244, 1, 0
278, 2, 364, 424, 54, 0, 59.95%, 1, 0, 7, 1944.75, 539053, 244, 1, 0
284, 2, 418, 424, 43, 0, 59.95%, 1, 0, 7, 2078.92, 550006, 244, 1, 0
289, 2, 346, 424, 35, 0, 59.95%, 1, 0, 7, 1872.78, 559178, 244, 1, 0
294, 2, 334, 424, 28, 0, 59.95%, 1, 0, 7, 1974.80, 569129, 244, 1, 0
298, 2, 11, 425, 26, 0, 60.20%, 1, 0, 7, 1871.38, 576485, 245, 1, 0
