# relative_time, cycles_done, cur_item, corpus_count, pending_total, pending_favs, map_size, saved_crashes, saved_hangs, max_depth, execs_per_sec, total_execs, edges_found, total_crashes, servers_count
61, 0, 9, 67, 62, 3, 30.47%, 0, 0, 2, 458.48, 27815, 124, 0, 0
66, 0, 9, 67, 62, 3, 30.47%, 0, 0, 2, 423.71, 29925, 124, 0, 0
71, 0, 9, 67, 62, 3, 30.47%, 0, 0, 2, 429.17, 32069, 124, 0, 0
76, 0, 9, 67, 62, 3, 30.47%, 0, 0, 2, 415.75, 34165, 124, 0, 0
81, 0, 9, 67, 62, 3, 30.47%, 0, 0, 2, 436.05, 36381, 124, 0, 0
86, 0, 9, 68, 63, 3, 30.47%, 0, 0, 2, 431.14, 38652, 124, 0, 0
91, 0, 9, 68, 63, 3, 30.47%, 0, 0, 2, 425.96, 40868, 124, 0, 0
96, 0, 9, 68, 63, 3, 30.47%, 0, 0, 2, 422.77, 42948, 124, 0, 0
101, 0, 9, 69, 64, 3, 30.47%, 0, 0, 2, 419.70, 45179, 124, 0, 0
107, 0, 9, 70, 65, 3, 30.47%, 0, 0, 2, 431.58, 47490, 124, 0, 0
112, 0, 9, 70, 65, 3, 30.47%, 0, 0, 2, 546.14, 50028, 124, 0, 0
117, 0, 9, 70, 65, 3, 30.47%, 0, 0, 2, 460.45, 52138, 124, 0, 0
122, 0, 9, 86, 80, 2, 35.38%, 0, 0, 2, 432.74, 54370, 144, 0, 0
127, 0, 80, 134, 121, 26, 39.31%, 0, 0, 3, 392.98, 56380, 160, 0, 0
132, 0, 80, 148, 135, 26, 43.73%, 0, 0, 3, 471.16, 59209, 178, 0, 0
137, 0, 80, 149, 136, 26, 43.73%, 0, 0, 3, 412.44, 61315, 178, 0, 0
142, 0, 80, 149, 136, 26, 43.73%, 0, 0, 3, 383.23, 63315, 178, 0, 0
148, 0, 80, 149, 136, 26, 43.73%, 0, 0, 3, 410.59, 65428, 178, 0, 0
153, 0, 80, 149, 136, 26, 43.73%, 0, 0, 3, 317.54, 67028, 178, 0, 0
158, 0, 80, 150, 137, 26, 43.73%, 0, 0, 3, 20.07, 68283, 178, 0, 0
159, 0, 80, 150, 137, 26, 43.73%, 0, 0, 3, 172.98, 68657, 178, 0, 0
