# relative_time, cycles_done, cur_item, corpus_count, pending_total, pending_favs, map_size, saved_crashes, saved_hangs, max_depth, execs_per_sec, total_execs, edges_found, total_crashes, servers_count
61, 0, 19, 102, 85, 17, 41.52%, 0, 0, 3, 436.54, 27257, 169, 0, 0
66, 0, 21, 115, 96, 23, 42.01%, 0, 0, 3, 455.60, 29566, 171, 0, 0
71, 0, 21, 122, 103, 23, 43.49%, 0, 0, 3, 459.23, 31857, 177, 0, 0
76, 0, 21, 126, 107, 23, 43.49%, 0, 0, 3, 435.70, 34023, 177, 0, 0
81, 0, 21, 129, 110, 23, 43.49%, 0, 0, 3, 454.21, 36381, 177, 0, 0
86, 0, 33, 139, 119, 23, 43.49%, 0, 0, 3, 455.42, 38690, 177, 0, 0
91, 0, 47, 150, 127, 23, 44.23%, 1, 0, 3, 456.42, 41013, 180, 1, 0
96, 0, 77, 150, 121, 19, 44.23%, 1, 0, 3, 425.78, 43136, 180, 1, 0
101, 0, 81, 158, 127, 18, 44.23%, 1, 0, 4, 368.34, 44870, 180, 1, 0
106, 0, 108, 162, 127, 15, 44.23%, 1, 0, 4, 443.53, 47156, 180, 1, 0
111, 0, 108, 166, 131, 15, 44.23%, 1, 0, 4, 436.30, 49375, 180, 1, 0
116, 0, 116, 167, 131, 15, 44.23%, 1, 0, 4, 413.89, 51460, 180, 1, 0
122, 0, 116, 174, 138, 15, 44.47%, 1, 0, 4, 412.00, 53541, 181, 1, 0
127, 0, 116, 179, 143, 15, 44.47%, 1, 0, 4, 446.79, 55850, 181, 1, 0
132, 0, 116, 180, 144, 15, 44.47%, 1, 0, 4, 409.43, 57905, 181, 1, 0
137, 0, 116, 180, 144, 15, 44.47%, 1, 0, 4, 414.03, 60089, 181, 1, 0
142, 0, 116, 181, 145, 15, 44.47%, 1, 0, 4, 432.47, 62288, 181, 1, 0
147, 0, 116, 182, 146, 15, 44.47%, 1, 0, 4, 440.29, 64511, 181, 1, 0
152, 0, 116, 183, 147, 15, 44.47%, 1, 0, 4, 440.85, 66790, 181, 1, 0
157, 0, 116, 184, 148, 15, 44.47%, 1, 0, 4, 437.90, 68997, 181, 1, 0
162, 0, 116, 185, 149, 15, 44.47%, 1, 0, 4, 411.51, 71012, 181, 1, 0
167, 0, 116, 185, 149, 15, 44.47%, 1, 0, 4, 416.31, 73148, 181, 1, 0
172, 0, 116, 186, 150, 15, 44.47%, 1, 0, 4, 655.17, 76583, 181, 1, 0
177, 0, 116, 186, 150, 15, 44.47%, 1, 0, 4, 734.70, 80441, 181, 1, 0
182, 0, 116, 186, 150, 15, 44.47%, 1, 0, 4, 684.39, 83802, 181, 1, 0
188, 0, 116, 186, 150, 15, 44.47%, 1, 0, 4, 485.40, 86186, 181, 1, 0
193, 0, 116, 186, 150, 15, 44.47%, 1, 0, 4, 456.53, 88454, 181, 1, 0
198, 0, 117, 198, 161, 15, 45.21%, 1, 0, 4, 447.17, 90733, 184, 1, 0
203, 0, 117, 200, 163, 15, 45.21%, 1, 0, 4, 455.65, 93079, 184, 1, 0
208, 0, 117, 205, 168, 15, 45.21%, 1, 0, 4, 464.89, 95454, 184, 1, 0
213, 0, 117, 205, 168, 15, 45.21%, 1, 0, 4, 447.05, 97731, 184, 1, 0
218, 0, 120, 206, 168, 17, 45.45%, 1, 0, 4, 449.54, 100072, 185, 1, 0
223, 0, 137, 207, 164, 12, 45.45%, 1, 0, 4, 428.41, 102238, 185, 1, 0
228, 0, 148, 210, 163, 9, 45.45%, 1, 0, 4, 454.12, 104597, 185, 1, 0
233, 0, 148, 216, 169, 9, 45.45%, 1, 0, 4, 441.14, 106805, 185, 1, 0
238, 0, 148, 216, 169, 9, 45.45%, 1, 0, 4, 441.27, 109037, 185, 1, 0
243, 0, 148, 217, 170, 9, 45.45%, 1, 0, 4, 443.50, 111244, 185, 1, 0
249, 0, 148, 217, 170, 9, 45.45%, 1, 0, 4, 437.89, 113492, 185, 1, 0
254, 0, 160, 220, 170, 8, 45.45%, 1, 0, 5, 447.98, 115745, 185, 1, 0
259, 0, 181, 222, 170, 6, 45.45%, 1, 0, 5, 447.93, 117984, 185, 1, 0
264, 0, 181, 229, 177, 6, 45.45%, 1, 0, 5, 437.91, 120168, 185, 1, 0
269, 0, 181, 231, 179, 6, 45.45%, 1, 0, 5, 450.29, 122438, 185, 1, 0
274, 0, 181, 231, 179, 6, 45.45%, 1, 0, 5, 460.31, 124766, 185, 1, 0
279, 0, 181, 231, 179, 6, 45.45%, 1, 0, 5, 454.23, 127061, 185, 1, 0
284, 0, 181, 231, 179, 6, 45.45%, 1, 0, 5, 417.80, 129182, 185, 1, 0
289, 0, 181, 231, 179, 6, 45.45%, 1, 0, 5, 445.15, 131406, 185, 1, 0
294, 0, 181, 232, 180, 6, 45.45%, 1, 0, 5, 441.46, 133597, 185, 1, 0
299, 0, 181, 232, 180, 6, 45.45%, 1, 0, 5, 458.45, 135870, 185, 1, 0
304, 0, 181, 234, 182, 6, 45.45%, 1, 0, 5, 427.26, 138019, 185, 1, 0
309, 0, 181, 234, 182, 6, 45.45%, 1, 0, 5, 438.34, 140195, 185, 1, 0
314, 0, 181, 235, 183, 6, 45.45%, 1, 0, 5, 418.84, 142250, 185, 1, 0
320, 0, 181, 235, 183, 6, 45.45%, 1, 0, 5, 428.15, 144466, 185, 1, 0
325, 0, 181, 235, 183, 6, 45.45%, 1, 0, 5, 433.99, 146658, 185, 1, 0
330, 0, 181, 235, 183, 6, 45.45%, 1, 0, 5, 459.78, 149013, 185, 1, 0
335, 0, 181, 235, 183, 6, 45.45%, 1, 0, 5, 447.74, 151263, 185, 1, 0
340, 0, 181, 236, 184, 6, 45.45%, 1, 0, 5, 457.88, 153529, 185, 1, 0
345, 0, 181, 236, 184, 6, 45.45%, 1, 0, 5, 442.36, 155761, 185, 1, 0
350, 0, 205, 237, 182, 3, 45.45%, 1, 0, 5, 415.60, 157805, 185, 1, 0
355, 1, 43, 237, 174, 0, 45.45%, 1, 0, 5, 421.41, 159914, 185, 1, 0
360, 1, 100, 237, 157, 0, 45.45%, 1, 0, 5, 398.20, 161898, 185, 1, 0
365, 1, 142, 238, 148, 0, 45.45%, 1, 0, 5, 431.10, 164138, 185, 1, 0
370, 1, 181, 239, 143, 0, 45.45%, 1, 0, 5, 444.43, 166339, 185, 1, 0
375, 1, 224, 242, 140, 0, 45.45%, 1, 0, 5, 446.13, 168575, 185, 1, 0
380, 1, 240, 243, 136, 0, 45.45%, 1, 0, 5, 426.35, 170738, 185, 1, 0
385, 2, 90, 293, 184, 9, 47.42%, 1, 0, 5, 419.50, 172969, 193, 1, 0
390, 2, 272, 297, 181, 4, 48.40%, 1, 0, 5, 452.35, 175245, 197, 1, 0
395, 2, 291, 298, 179, 5, 48.40%, 1, 0, 5, 450.29, 177512, 197, 1, 0
400, 3, 140, 303, 179, 1, 48.40%, 1, 0, 5, 456.25, 179783, 197, 1, 0
406, 4, 133, 304, 176, 1, 48.65%, 1, 0, 5, 431.12, 181921, 198, 1, 0
411, 5, 8, 310, 179, 0, 48.89%, 1, 0, 5, 436.60, 184106, 199, 1, 0
416, 5, 105, 310, 170, 0, 48.89%, 1, 0, 5, 408.47, 186161, 199, 1, 0
421, 5, 155, 310, 164, 0, 48.89%, 1, 0, 5, 415.38, 188244, 199, 1, 0
426, 5, 211, 310, 157, 0, 48.89%, 1, 0, 5, 420.53, 190405, 199, 1, 0
431, 5, 228, 312, 155, 0, 48.89%, 1, 0, 6, 370.77, 192336, 199, 1, 0
436, 5, 274, 315, 154, 1, 49.14%, 1, 0, 6, 405.67, 194473, 200, 1, 0
441, 5, 307, 318, 156, 1, 49.14%, 1, 0, 6, 377.44, 196396, 200, 1, 0
446, 5, 307, 318, 156, 1, 49.14%, 1, 0, 6, 402.14, 198430, 200, 1, 0
451, 5, 315, 319, 155, 2, 49.39%, 1, 0, 6, 456.78, 200769, 201, 1, 0
456, 6, 320, 321, 154, 1, 49.39%, 1, 0, 6, 515.49, 203387, 201, 1, 0
461, 7, 119, 321, 147, 0, 49.39%, 1, 0, 6, 460.14, 205648, 201, 1, 0
466, 7, 160, 321, 142, 0, 49.39%, 1, 0, 6, 430.35, 207794, 201, 1, 0
472, 7, 217, 321, 137, 0, 49.39%, 1, 0, 6, 420.95, 209927, 201, 1, 0
477, 7, 252, 321, 127, 0, 49.39%, 1, 0, 6, 411.67, 212019, 201, 1, 0
482, 7, 296, 321, 122, 0, 49.39%, 1, 0, 6, 433.63, 214339, 201, 1, 0
487, 7, 314, 323, 124, 0, 49.39%, 1, 0, 6, 436.44, 216518, 201, 1, 0
492, 7, 320, 323, 123, 0, 49.39%, 1, 0, 6, 409.93, 218616, 201, 1, 0
497, 8, 81, 324, 122, 0, 49.39%, 1, 0, 6, 426.00, 220753, 201, 1, 0
502, 8, 150, 324, 119, 0, 49.39%, 1, 0, 6, 409.99, 222802, 201, 1, 0
507, 8, 204, 324, 111, 0, 49.39%, 1, 0, 6, 430.22, 225006, 201, 1, 0
512, 8, 265, 326, 107, 0, 49.39%, 1, 0, 6, 450.96, 227315, 201, 1, 0
517, 8, 281, 326, 103, 0, 49.39%, 1, 0, 6, 432.89, 229423, 201, 1, 0
522, 8, 301, 326, 96, 0, 49.39%, 1, 0, 6, 429.10, 231589, 201, 1, 0
527, 9, 12, 327, 94, 0, 49.39%, 1, 0, 6, 422.79, 233721, 201, 1, 0
532, 9, 123, 327, 89, 0, 49.39%, 1, 0, 6, 437.79, 235982, 201, 1, 0
537, 9, 327, 328, 88, 1, 49.39%, 1, 0, 6, 423.15, 238101, 201, 1, 0
543, 9, 328, 330, 89, 1, 49.39%, 1, 0, 7, 414.57, 240187, 201, 1, 0
548, 9, 329, 332, 90, 1, 49.39%, 1, 0, 8, 435.24, 242377, 201, 1, 0
553, 9, 329, 333, 91, 1, 49.39%, 1, 0, 8, 444.02, 244584, 201, 1, 0
558, 9, 329, 334, 92, 1, 49.39%, 1, 0, 8, 445.87, 246799, 201, 1, 0
563, 9, 331, 335, 92, 0, 49.39%, 1, 0, 9, 434.61, 248990, 201, 1, 0
568, 9, 333, 336, 91, 0, 49.39%, 1, 0, 9, 444.85, 251245, 201, 1, 0
573, 10, 347, 350, 103, 1, 50.86%, 1, 0, 9, 398.77, 253217, 207, 1, 0
578, 10, 347, 353, 106, 1, 51.60%, 1, 0, 9, 437.52, 255448, 210, 1, 0
583, 10, 347, 354, 107, 1, 51.60%, 1, 0, 9, 429.73, 257615, 210, 1, 0
588, 10, 347, 354, 107, 1, 51.60%, 1, 0, 9, 416.92, 259735, 210, 1, 0
593, 10, 347, 356, 109, 1, 58.23%, 1, 0, 9, 446.74, 262029, 237, 1, 0
598, 10, 350, 357, 109, 4, 58.23%, 1, 0, 9, 447.76, 264269, 237, 1, 0
603, 10, 351, 360, 111, 3, 58.48%, 1, 0, 9, 430.74, 266420, 238, 1, 0
608, 10, 351, 362, 113, 3, 58.48%, 1, 0, 9, 447.14, 268746, 238, 1, 0
613, 10, 351, 362, 113, 3, 58.48%, 1, 0, 9, 427.14, 270874, 238, 1, 0
618, 10, 351, 364, 115, 3, 58.48%, 1, 0, 9, 411.04, 272896, 238, 1, 0
624, 10, 351, 364, 115, 3, 58.48%, 1, 0, 9, 411.48, 275040, 238, 1, 0
629, 10, 351, 367, 118, 3, 58.48%, 1, 0, 9, 407.95, 277141, 238, 1, 0
634, 10, 351, 369, 120, 3, 58.48%, 1, 0, 9, 442.80, 279379, 238, 1, 0
639, 10, 351, 371, 122, 3, 58.48%, 1, 0, 9, 434.40, 281601, 238, 1, 0
644, 10, 351, 373, 124, 3, 58.48%, 1, 0, 9, 423.59, 283743, 238, 1, 0
649, 10, 351, 375, 126, 3, 58.48%, 1, 0, 9, 458.18, 286040, 238, 1, 0
654, 10, 351, 377, 128, 3, 58.48%, 1, 0, 9, 420.23, 288237, 238, 1, 0
659, 10, 351, 377, 128, 3, 58.48%, 1, 0, 9, 435.34, 290429, 238, 1, 0
664, 10, 351, 377, 128, 3, 58.48%, 1, 0, 9, 434.04, 292621, 238, 1, 0
669, 10, 354, 383, 133, 4, 58.72%, 1, 0, 9, 428.78, 294770, 239, 1, 0
674, 10, 354, 384, 134, 4, 58.97%, 1, 0, 9, 430.37, 296976, 240, 1, 0
679, 10, 360, 404, 152, 4, 59.46%, 1, 0, 9, 438.41, 299206, 242, 1, 0
684, 10, 360, 404, 152, 4, 59.46%, 1, 0, 9, 423.02, 301350, 242, 1, 0
689, 10, 377, 404, 151, 5, 59.46%, 1, 0, 9, 430.76, 303623, 242, 1, 0
694, 10, 384, 405, 150, 4, 59.71%, 1, 0, 9, 437.40, 305854, 243, 1, 0
700, 10, 384, 407, 152, 4, 59.71%, 1, 0, 9, 444.12, 308093, 243, 1, 0
705, 10, 384, 408, 153, 4, 59.71%, 1, 0, 9, 422.46, 310204, 243, 1, 0
710, 10, 384, 408, 153, 4, 59.71%, 1, 0, 9, 436.82, 312500, 243, 1, 0
715, 10, 389, 408, 152, 3, 59.71%, 1, 0, 9, 428.65, 314620, 243, 1, 0
720, 11, 125, 414, 155, 3, 60.69%, 1, 0, 9, 424.38, 316826, 247, 1, 0
725, 11, 408, 415, 154, 3, 60.69%, 4, 0, 9, 420.10, 318907, 247, 4, 0
730, 11, 408, 416, 155, 3, 60.69%, 8, 0, 9, 433.24, 321130, 247, 21, 0
735, 11, 408, 416, 155, 3, 60.69%, 10, 0, 9, 426.80, 323306, 247, 34, 0
740, 12, 7, 416, 151, 0, 60.69%, 13, 0, 9, 424.07, 325443, 247, 43, 0
745, 12, 100, 417, 147, 0, 60.69%, 13, 0, 9, 411.79, 327528, 247, 43, 0
750, 12, 158, 418, 147, 0, 60.69%, 13, 0, 9, 424.25, 329657, 247, 45, 0
756, 12, 259, 419, 142, 0, 60.69%, 13, 0, 9, 441.90, 331962, 247, 46, 0
761, 12, 304, 419, 139, 0, 60.69%, 13, 0, 9, 429.87, 334042, 247, 46, 0
766, 12, 327, 419, 138, 0, 60.69%, 13, 0, 9, 435.04, 336229, 247, 47, 0
771, 12, 336, 419, 138, 0, 60.69%, 13, 0, 9, 420.68, 338425, 247, 47, 0
776, 12, 353, 419, 134, 0, 60.69%, 13, 0, 9, 430.34, 340525, 247, 47, 0
781, 12, 371, 419, 131, 0, 60.69%, 13, 0, 9, 441.50, 342756, 247, 47, 0
786, 12, 383, 419, 125, 0, 60.69%, 13, 0, 9, 455.31, 345076, 247, 47, 0
791, 12, 389, 419, 124, 0, 60.69%, 13, 0, 9, 445.82, 347349, 247, 47, 0
796, 12, 403, 419, 122, 0, 60.69%, 13, 0, 9, 414.10, 349429, 247, 47, 0
801, 12, 409, 419, 122, 0, 60.69%, 13, 0, 9, 380.91, 351377, 247, 54, 0
806, 12, 418, 419, 121, 0, 60.69%, 13, 0, 9, 443.89, 353673, 247, 63, 0
811, 13, 100, 419, 117, 0, 60.69%, 13, 0, 9, 467.63, 355983, 247, 63, 0
816, 13, 160, 419, 116, 0, 60.69%, 13, 0, 9, 453.25, 358282, 247, 64, 0
821, 13, 247, 419, 110, 0, 60.69%, 13, 0, 9, 440.88, 360481, 247, 64, 0
826, 13, 306, 420, 110, 0, 60.69%, 13, 0, 9, 445.24, 362769, 247, 64, 0
831, 13, 317, 420, 108, 0, 60.69%, 13, 0, 9, 423.94, 364874, 247, 64, 0
837, 13, 334, 420, 106, 0, 60.69%, 13, 0, 9, 411.50, 366998, 247, 64, 0
842, 13, 354, 420, 102, 0, 60.69%, 13, 0, 9, 404.98, 368960, 247, 64, 0
847, 13, 383, 420, 99, 0, 60.69%, 13, 0, 9, 386.73, 370936, 247, 64, 0
852, 13, 391, 420, 98, 0, 60.69%, 13, 0, 9, 388.09, 372946, 247, 64, 0
857, 13, 414, 420, 97, 0, 60.69%, 13, 0, 9, 407.22, 375070, 247, 69, 0
862, 13, 419, 420, 96, 0, 60.69%, 13, 0, 9, 394.78, 377033, 247, 69, 0
867, 14, 107, 421, 93, 0, 60.69%, 13, 0, 9, 417.37, 379140, 247, 69, 0
872, 14, 160, 421, 90, 0, 60.69%, 13, 0, 9, 432.56, 381357, 247, 71, 0
877, 14, 266, 421, 87, 0, 60.69%, 13, 0, 9, 425.20, 383500, 247, 71, 0
882, 14, 315, 421, 84, 0, 60.69%, 13, 0, 9, 421.94, 385604, 247, 71, 0
887, 14, 331, 421, 83, 0, 60.69%, 13, 0, 9, 412.29, 387676, 247, 71, 0
892, 14, 361, 421, 83, 0, 60.69%, 13, 0, 9, 398.35, 389689, 247, 71, 0
898, 14, 384, 421, 81, 0, 60.69%, 13, 0, 9, 424.17, 391978, 247, 71, 0
903, 14, 395, 421, 80, 0, 60.69%, 13, 0, 9, 423.21, 394130, 247, 71, 0
908, 14, 408, 421, 78, 0, 60.69%, 13, 0, 9, 439.58, 396394, 247, 73, 0
913, 15, 69, 421, 76, 0, 60.69%, 14, 0, 9, 433.85, 398593, 247, 80, 0
918, 15, 165, 421, 76, 0, 60.69%, 14, 0, 9, 431.31, 400849, 247, 82, 0
923, 15, 280, 421, 74, 0, 60.69%, 14, 0, 9, 443.11, 403066, 247, 83, 0
928, 15, 315, 422, 73, 0, 60.69%, 14, 0, 9, 447.14, 405324, 247, 83, 0
933, 15, 347, 422, 70, 0, 60.69%, 14, 0, 9, 430.62, 407564, 247, 83, 0
938, 15, 392, 422, 69, 0, 60.69%, 14, 0, 9, 435.51, 409862, 247, 83, 0
943, 16, 20, 422, 68, 0, 60.69%, 14, 0, 9, 422.96, 412025, 247, 85, 0
948, 16, 131, 422, 67, 0, 60.69%, 14, 0, 9, 429.17, 414183, 247, 86, 0
953, 16, 206, 422, 64, 0, 60.69%, 14, 0, 9, 434.30, 416401, 247, 86, 0
958, 16, 304, 422, 63, 0, 60.69%, 14, 0, 9, 435.51, 418678, 247, 87, 0
963, 16, 349, 422, 62, 0, 60.69%, 14, 0, 9, 433.80, 420877, 247, 87, 0
969, 16, 388, 422, 58, 0, 60.69%, 14, 0, 9, 440.68, 423109, 247, 87, 0
974, 16, 406, 422, 57, 0, 60.69%, 14, 0, 9, 425.54, 425237, 247, 87, 0
979, 17, 422, 423, 56, 1, 60.93%, 14, 0, 9, 450.58, 427543, 248, 89, 0
984, 18, 94, 423, 52, 0, 60.93%, 14, 0, 9, 441.49, 429813, 248, 89, 0
989, 18, 160, 423, 52, 0, 60.93%, 14, 0, 9, 415.91, 431858, 248, 92, 0
994, 18, 304, 423, 51, 0, 60.93%, 14, 0, 9, 437.77, 434141, 248, 92, 0
999, 18, 320, 423, 49, 0, 60.93%, 14, 0, 9, 454.46, 436514, 248, 92, 0
1004, 18, 335, 423, 48, 0, 60.93%, 14, 0, 9, 442.97, 438774, 248, 92, 0
1009, 18, 384, 423, 46, 0, 60.93%, 14, 0, 9, 438.91, 440916, 248, 92, 0
1015, 18, 410, 423, 45, 0, 60.93%, 15, 0, 9, 437.48, 443168, 248, 101, 0
1020, 18, 422, 423, 41, 0, 60.93%, 15, 0, 9, 416.27, 445250, 248, 105, 0
1025, 19, 123, 424, 41, 0, 60.93%, 15, 0, 9, 414.65, 447394, 248, 106, 0
1030, 19, 204, 424, 40, 0, 60.93%, 15, 0, 9, 436.90, 449692, 248, 106, 0
1035, 19, 295, 424, 37, 0, 60.93%, 15, 0, 9, 449.65, 451975, 248, 106, 0
1040, 19, 326, 424, 36, 0, 60.93%, 15, 0, 9, 425.08, 454088, 248, 106, 0
1045, 19, 354, 424, 35, 0, 60.93%, 15, 0, 9, 447.35, 456444, 248, 106, 0
1050, 19, 396, 424, 34, 0, 60.93%, 15, 0, 9, 412.59, 458496, 248, 106, 0
1055, 19, 419, 424, 32, 0, 60.93%, 15, 0, 9, 436.97, 460654, 248, 106, 0
1060, 19, 423, 424, 32, 0, 60.93%, 15, 0, 9, 407.86, 462750, 248, 106, 0
1065, 20, 127, 424, 31, 0, 60.93%, 15, 0, 9, 455.55, 465219, 248, 109, 0
1070, 20, 206, 424, 29, 0, 60.93%, 15, 0, 9, 432.69, 467364, 248, 109, 0
1075, 20, 291, 424, 27, 0, 60.93%, 15, 0, 9, 429.52, 469450, 248, 109, 0
1080, 20, 315, 424, 26, 0, 60.93%, 15, 0, 9, 443.67, 471690, 248, 109, 0
1085, 20, 384, 424, 24, 0, 60.93%, 15, 0, 9, 452.02, 474024, 248, 109, 0
1090, 20, 415, 424, 23, 0, 60.93%, 15, 0, 9, 435.65, 476242, 248, 112, 0
1095, 21, 72, 424, 22, 0, 60.93%, 15, 0, 9, 438.74, 478441, 248, 112, 0
1100, 21, 155, 424, 22, 0, 60.93%, 15, 0, 9, 434.46, 480624, 248, 114, 0
1106, 21, 266, 424, 20, 0, 60.93%, 15, 0, 9, 426.20, 482755, 248, 114, 0
1111, 21, 320, 424, 20, 0, 60.93%, 15, 0, 9, 435.92, 484956, 248, 114, 0
1116, 21, 389, 424, 19, 0, 60.93%, 15, 0, 9, 447.09, 487280, 248, 114, 0
1121, 21, 418, 424, 19, 0, 60.93%, 15, 0, 9, 426.30, 489430, 248, 117, 0
1126, 22, 51, 424, 19, 0, 60.93%, 15, 0, 9, 437.34, 491683, 248, 117, 0
1131, 22, 160, 424, 17, 0, 60.93%, 15, 0, 9, 457.33, 494037, 248, 120, 0
1136, 22, 291, 424, 16, 0, 60.93%, 15, 0, 9, 467.19, 496343, 248, 120, 0
1141, 22, 329, 424, 16, 0, 60.93%, 15, 0, 9, 431.37, 498442, 248, 120, 0
1146, 22, 389, 424, 14, 0, 60.93%, 15, 0, 9, 416.74, 500596, 248, 120, 0
1151, 22, 411, 424, 13, 0, 60.93%, 15, 0, 9, 423.48, 502720, 248, 121, 0
1156, 23, 18, 424, 13, 0, 60.93%, 15, 0, 9, 436.05, 504940, 248, 121, 0
1161, 23, 136, 424, 13, 0, 60.93%, 15, 0, 9, 442.88, 507148, 248, 127, 0
1166, 23, 250, 424, 12, 0, 60.93%, 15, 0, 9, 468.27, 509512, 248, 127, 0
1171, 23, 320, 424, 11, 0, 60.93%, 15, 0, 9, 463.15, 511777, 248, 127, 0
1177, 23, 384, 424, 10, 0, 60.93%, 16, 0, 9, 437.17, 514009, 248, 128, 0
1182, 23, 418, 425, 11, 0, 61.18%, 16, 0, 9, 431.79, 516170, 249, 133, 0
1187, 23, 424, 425, 11, 1, 61.18%, 16, 0, 9, 425.37, 518299, 249, 133, 0
1192, 24, 8, 425, 10, 0, 61.18%, 16, 0, 9, 433.03, 520476, 249, 133, 0
1197, 24, 127, 425, 9, 0, 61.18%, 16, 0, 9, 456.38, 522714, 249, 134, 0
1202, 24, 256, 425, 9, 0, 61.18%, 16, 0, 9, 451.28, 525034, 249, 134, 0
1207, 24, 320, 425, 9, 0, 61.18%, 16, 0, 9, 458.49, 527311, 249, 134, 0
1212, 24, 404, 425, 8, 0, 61.18%, 16, 0, 9, 435.82, 529443, 249, 134, 0
1217, 24, 424, 425, 8, 0, 61.18%, 16, 0, 9, 417.50, 531529, 249, 138, 0
1222, 25, 100, 425, 8, 0, 61.18%, 16, 0, 9, 422.53, 533698, 249, 138, 0
1227, 25, 166, 425, 8, 0, 61.18%, 16, 0, 9, 420.88, 535788, 249, 140, 0
1232, 25, 313, 425, 8, 0, 61.18%, 16, 0, 9, 414.51, 537951, 249, 140, 0
1237, 25, 351, 425, 8, 0, 61.18%, 16, 0, 9, 419.47, 540113, 249, 141, 0
1242, 25, 409, 425, 8, 0, 61.18%, 16, 0, 9, 437.03, 542308, 249, 143, 0
1247, 26, 8, 425, 8, 0, 61.18%, 16, 0, 9, 426.90, 544512, 249, 145, 0
1253, 26, 131, 425, 8, 0, 61.18%, 16, 0, 9, 434.40, 546709, 249, 147, 0
1258, 26, 228, 425, 8, 0, 61.18%, 16, 0, 9, 443.08, 548941, 249, 147, 0
1263, 26, 315, 425, 8, 0, 61.18%, 16, 0, 9, 422.88, 551153, 249, 147, 0
1268, 26, 365, 425, 8, 0, 61.18%, 16, 0, 9, 394.30, 553204, 249, 147, 0
1273, 26, 385, 425, 7, 0, 61.18%, 16, 0, 9, 440.55, 555521, 249, 147, 0
1278, 26, 403, 425, 5, 0, 61.18%, 16, 0, 9, 409.51, 557589, 249, 147, 0
1283, 26, 424, 425, 5, 0, 61.18%, 16, 0, 9, 422.34, 559825, 249, 153, 0
1288, 27, 100, 426, 6, 0, 61.18%, 16, 0, 9, 430.47, 562029, 249, 153, 0
1293, 27, 206, 426, 6, 0, 61.18%, 16, 0, 9, 427.54, 564182, 249, 155, 0
1298, 27, 315, 426, 6, 0, 61.18%, 16, 0, 9, 429.67, 566394, 249, 155, 0
1303, 27, 366, 426, 6, 0, 61.18%, 16, 0, 9, 437.80, 568602, 249, 155, 0
1309, 27, 410, 426, 5, 0, 61.18%, 16, 0, 9, 437.58, 570868, 249, 159, 0
1314, 27, 424, 426, 5, 0, 61.18%, 16, 0, 9, 431.39, 573032, 249, 173, 0
1319, 28, 100, 426, 5, 0, 61.18%, 16, 0, 9, 433.01, 575250, 249, 173, 0
1324, 28, 183, 426, 5, 0, 61.18%, 16, 0, 9, 420.84, 577356, 249, 178, 0
1329, 28, 299, 426, 5, 0, 61.18%, 16, 0, 9, 433.67, 579572, 249, 178, 0
1334, 28, 332, 426, 5, 0, 61.18%, 16, 0, 9, 445.42, 581722, 249, 178, 0
1339, 28, 382, 426, 5, 0, 61.18%, 16, 0, 9, 436.75, 583844, 249, 178, 0
1344, 28, 406, 426, 4, 0, 61.18%, 16, 0, 9, 406.95, 585852, 249, 178, 0
1349, 28, 424, 426, 4, 0, 61.18%, 16, 0, 9, 420.92, 587974, 249, 182, 0
1354, 29, 423, 427, 5, 1, 61.43%, 16, 0, 9, 431.55, 590229, 250, 182, 0
1359, 30, 85, 427, 4, 0, 61.43%, 16, 0, 9, 412.95, 592296, 250, 182, 0
1364, 30, 165, 427, 4, 0, 61.43%, 16, 0, 9, 424.46, 594533, 250, 184, 0
1370, 30, 304, 427, 3, 0, 61.43%, 16, 0, 9, 420.54, 596674, 250, 184, 0
1375, 30, 354, 427, 3, 0, 61.43%, 16, 0, 9, 377.74, 598622, 250, 184, 0
1380, 30, 407, 427, 3, 0, 61.43%, 16, 0, 9, 435.07, 600841, 250, 184, 0
1385, 30, 424, 427, 2, 0, 61.43%, 16, 0, 9, 417.65, 602937, 250, 187, 0
1390, 31, 51, 428, 2, 0, 61.43%, 16, 0, 9, 402.76, 604992, 250, 187, 0
1395, 31, 142, 428, 2, 0, 61.43%, 16, 0, 9, 414.67, 607086, 250, 190, 0
1400, 31, 229, 428, 2, 0, 61.43%, 16, 0, 9, 408.97, 609089, 250, 190, 0
1405, 31, 304, 428, 2, 0, 61.43%, 16, 0, 9, 379.47, 610979, 250, 190, 0
1410, 31, 383, 428, 2, 0, 61.43%, 16, 0, 9, 409.57, 613112, 250, 190, 0
1415, 31, 424, 428, 2, 0, 61.43%, 16, 0, 9, 425.55, 615322, 250, 192, 0
1420, 32, 83, 429, 3, 0, 61.43%, 16, 0, 9, 441.77, 617506, 250, 192, 0
1425, 32, 205, 429, 3, 0, 61.43%, 16, 0, 9, 428.00, 619705, 250, 194, 0
1431, 32, 320, 429, 3, 0, 61.43%, 16, 0, 9, 414.38, 621763, 250, 194, 0
1436, 32, 361, 429, 3, 0, 61.43%, 16, 0, 9, 428.29, 623981, 250, 194, 0
1441, 32, 424, 429, 3, 0, 61.43%, 16, 0, 9, 407.85, 626043, 250, 198, 0
1446, 33, 120, 429, 3, 0, 61.43%, 16, 0, 9, 453.71, 628473, 250, 198, 0
1451, 33, 204, 429, 3, 0, 61.43%, 16, 0, 9, 431.76, 630603, 250, 199, 0
1456, 33, 315, 429, 3, 0, 61.43%, 16, 0, 9, 421.88, 632759, 250, 199, 0
1461, 33, 366, 429, 3, 0, 61.43%, 16, 0, 9, 411.82, 634839, 250, 199, 0
1466, 33, 411, 429, 3, 0, 61.43%, 16, 0, 9, 411.10, 636937, 250, 200, 0
1471, 34, 17, 430, 4, 0, 61.43%, 16, 0, 9, 425.76, 639058, 250, 204, 0
1476, 34, 155, 430, 4, 0, 61.43%, 16, 0, 9, 426.30, 641210, 250, 204, 0
1481, 34, 231, 430, 4, 0, 61.43%, 16, 0, 9, 444.28, 643446, 250, 204, 0
1486, 34, 321, 430, 3, 0, 61.43%, 16, 0, 9, 457.15, 645768, 250, 204, 0
1492, 34, 377, 430, 3, 0, 61.43%, 16, 0, 9, 444.27, 647984, 250, 204, 0
1497, 34, 426, 430, 3, 0, 61.43%, 16, 0, 9, 452.53, 650242, 250, 209, 0
1502, 35, 81, 430, 2, 0, 61.43%, 16, 0, 9, 419.89, 652348, 250, 209, 0
1507, 35, 165, 430, 2, 0, 61.43%, 16, 0, 9, 419.00, 654463, 250, 213, 0
1512, 35, 291, 430, 2, 0, 61.43%, 16, 0, 9, 415.33, 656571, 250, 213, 0
1517, 35, 332, 430, 2, 0, 61.43%, 16, 0, 9, 425.60, 658762, 250, 213, 0
1522, 35, 389, 430, 2, 0, 61.43%, 16, 0, 9, 446.96, 661054, 250, 213, 0
1527, 35, 421, 430, 2, 0, 61.43%, 16, 0, 9, 440.75, 663304, 250, 214, 0
1532, 35, 428, 432, 3, 0, 61.43%, 16, 0, 9, 438.36, 665532, 250, 214, 0
1537, 36, 432, 433, 3, 1, 61.43%, 16, 0, 9, 408.46, 667593, 250, 214, 0
1542, 37, 120, 433, 2, 0, 61.43%, 16, 0, 9, 454.85, 669956, 250, 216, 0
1547, 37, 217, 433, 2, 0, 61.43%, 16, 0, 9, 434.67, 672202, 250, 217, 0
1553, 37, 320, 433, 2, 0, 61.43%, 16, 0, 9, 425.77, 674356, 250, 217, 0
1558, 37, 374, 433, 2, 0, 61.43%, 16, 0, 9, 430.89, 676512, 250, 217, 0
1563, 37, 409, 433, 2, 0, 61.43%, 17, 0, 9, 442.98, 678768, 250, 219, 0
1568, 37, 430, 433, 2, 0, 61.43%, 17, 0, 9, 425.61, 680878, 250, 219, 0
1573, 38, 100, 433, 1, 0, 61.43%, 17, 0, 9, 425.39, 683043, 250, 219, 0
1578, 38, 170, 433, 1, 0, 61.43%, 17, 0, 9, 452.40, 685314, 250, 220, 0
1583, 38, 296, 433, 1, 0, 61.43%, 17, 0, 9, 436.42, 687486, 250, 220, 0
1588, 38, 329, 433, 1, 0, 61.43%, 17, 0, 9, 419.01, 689578, 250, 220, 0
1593, 38, 389, 433, 1, 0, 61.43%, 17, 0, 9, 426.28, 691696, 250, 220, 0
1598, 38, 417, 433, 1, 0, 61.43%, 17, 0, 9, 446.00, 694034, 250, 220, 0
1603, 39, 433, 434, 2, 1, 61.67%, 17, 0, 9, 454.65, 696363, 251, 220, 0
1608, 40, 123, 434, 1, 0, 61.67%, 17, 0, 9, 458.33, 698680, 251, 222, 0
1613, 40, 293, 434, 1, 0, 61.67%, 17, 0, 9, 451.33, 700978, 251, 222, 0
1618, 40, 348, 434, 1, 0, 61.67%, 17, 0, 9, 432.05, 703213, 251, 222, 0
1624, 40, 396, 434, 1, 0, 61.67%, 17, 0, 9, 428.49, 705435, 251, 222, 0
1629, 40, 432, 434, 1, 0, 61.67%, 17, 0, 9, 421.29, 707509, 251, 225, 0
1634, 41, 100, 434, 1, 0, 61.67%, 17, 0, 9, 432.19, 709705, 251, 225, 0
1639, 41, 204, 434, 1, 0, 61.67%, 17, 0, 9, 437.11, 711925, 251, 230, 0
1644, 41, 306, 434, 1, 0, 61.67%, 17, 0, 9, 455.28, 714245, 251, 230, 0
1649, 41, 344, 434, 1, 0, 61.67%, 17, 0, 9, 440.33, 716475, 251, 230, 0
1654, 41, 408, 434, 1, 0, 61.67%, 17, 0, 9, 432.41, 718687, 251, 231, 0
1659, 42, 11, 434, 1, 0, 61.67%, 17, 0, 9, 453.03, 720954, 251, 232, 0
1664, 42, 131, 434, 1, 0, 61.67%, 17, 0, 9, 415.19, 723050, 251, 236, 0
1669, 42, 266, 434, 1, 0, 61.67%, 17, 0, 9, 424.84, 725240, 251, 236, 0
1674, 42, 332, 434, 1, 0, 61.67%, 17, 0, 9, 421.47, 727408, 251, 236, 0
1679, 42, 394, 434, 1, 0, 61.67%, 17, 0, 9, 415.90, 729463, 251, 236, 0
1684, 42, 432, 434, 1, 0, 61.67%, 17, 0, 9, 425.78, 731559, 251, 242, 0
1689, 43, 72, 437, 4, 0, 61.67%, 17, 0, 9, 452.83, 733780, 251, 242, 0
1694, 43, 142, 437, 4, 0, 61.67%, 17, 0, 9, 418.31, 735842, 251, 246, 0
1699, 43, 296, 437, 4, 0, 61.67%, 17, 0, 9, 419.63, 737991, 251, 246, 0
1704, 43, 370, 437, 4, 0, 61.67%, 17, 0, 9, 451.99, 740277, 251, 246, 0
1709, 43, 411, 437, 4, 0, 61.67%, 17, 0, 9, 442.39, 742484, 251, 247, 0
1714, 44, 13, 438, 5, 0, 61.67%, 17, 0, 9, 443.99, 744667, 251, 249, 0
1720, 44, 145, 438, 5, 0, 61.67%, 17, 0, 9, 448.45, 746927, 251, 249, 0
1725, 44, 291, 438, 5, 0, 61.67%, 17, 0, 9, 433.89, 749068, 251, 249, 0
1730, 44, 327, 438, 5, 0, 61.67%, 17, 0, 9, 459.02, 751512, 251, 249, 0
1735, 44, 404, 438, 5, 0, 61.67%, 17, 0, 9, 457.67, 753761, 251, 249, 0
1740, 44, 432, 438, 5, 0, 61.67%, 17, 0, 9, 445.05, 755994, 251, 251, 0
1745, 45, 438, 440, 7, 1, 61.92%, 17, 0, 9, 446.49, 758231, 252, 251, 0
1750, 46, 62, 440, 5, 0, 61.92%, 17, 0, 9, 464.19, 760565, 252, 254, 0
1755, 46, 155, 440, 5, 0, 61.92%, 17, 0, 9, 420.35, 762706, 252, 256, 0
1760, 46, 285, 440, 5, 0, 61.92%, 17, 0, 9, 416.28, 764815, 252, 256, 0
1765, 46, 347, 440, 5, 0, 61.92%, 17, 0, 9, 427.59, 767025, 252, 256, 0
1770, 46, 409, 440, 5, 0, 61.92%, 17, 0, 9, 443.58, 769261, 252, 256, 0
1775, 46, 440, 441, 5, 1, 62.16%, 17, 0, 9, 437.75, 771476, 253, 260, 0
1780, 47, 416, 445, 8, 1, 63.39%, 17, 0, 9, 426.53, 773579, 258, 260, 0
1785, 48, 8, 446, 8, 0, 63.39%, 17, 0, 9, 443.37, 775834, 258, 260, 0
1790, 48, 123, 446, 8, 0, 63.39%, 17, 0, 9, 431.25, 777958, 258, 263, 0
1796, 48, 262, 446, 8, 0, 63.39%, 17, 0, 9, 430.71, 780189, 258, 263, 0
1801, 48, 329, 446, 8, 0, 63.39%, 17, 0, 9, 427.62, 782462, 258, 263, 0
1806, 48, 408, 446, 8, 0, 63.39%, 17, 0, 9, 434.21, 784633, 258, 263, 0
1806, 48, 415, 446, 8, 0, 63.39%, 17, 0, 9, 457.57, 784881, 258, 265, 0
