# relative_time, cycles_done, cur_item, corpus_count, pending_total, pending_favs, map_size, saved_crashes, saved_hangs, max_depth, execs_per_sec, total_execs, edges_found, total_crashes, servers_count
61, 0, 90, 145, 109, 8, 37.35%, 1, 0, 3, 1916.14, 118165, 152, 1, 0
66, 0, 90, 153, 117, 8, 37.35%, 1, 0, 3, 1901.42, 127471, 152, 1, 0
71, 0, 90, 157, 121, 8, 37.35%, 1, 0, 3, 2035.44, 136143, 152, 1, 0
76, 0, 90, 159, 123, 8, 37.35%, 1, 0, 3, 1927.21, 146189, 152, 1, 0
81, 0, 90, 162, 126, 8, 37.35%, 1, 0, 3, 1927.72, 154684, 152, 1, 0
86, 0, 90, 166, 130, 8, 37.59%, 1, 0, 3, 1825.38, 163530, 153, 1, 0
91, 0, 116, 176, 137, 8, 37.59%, 1, 0, 3, 1922.88, 173632, 153, 1, 0
96, 0, 116, 180, 141, 8, 37.59%, 1, 0, 3, 2088.39, 184714, 153, 1, 0
101, 0, 116, 183, 144, 8, 37.59%, 1, 0, 3, 2084.49, 195191, 153, 1, 0
106, 0, 116, 188, 149, 8, 37.59%, 1, 0, 3, 2040.54, 205245, 153, 1, 0
112, 1, 37, 202, 147, 0, 39.31%, 1, 0, 5, 2056.35, 215333, 160, 1, 0
117, 1, 41, 211, 156, 0, 39.31%, 1, 0, 5, 1859.08, 224461, 160, 1, 0
122, 2, 214, 315, 219, 20, 52.33%, 1, 0, 5, 1735.05, 233825, 213, 1, 0
127, 3, 43, 316, 196, 0, 52.33%, 1, 0, 5, 1986.72, 244165, 213, 1, 0
132, 3, 284, 320, 163, 0, 52.33%, 1, 0, 5, 1819.84, 253622, 213, 1, 0
137, 4, 259, 322, 127, 0, 52.33%, 1, 0, 5, 1996.11, 263684, 213, 1, 0
142, 5, 234, 324, 97, 0, 52.33%, 1, 0, 5, 1939.19, 273329, 213, 1, 0
147, 6, 242, 325, 75, 0, 52.33%, 1, 0, 5, 2010.89, 283488, 213, 1, 0
152, 7, 260, 329, 61, 0, 52.58%, 1, 0, 5, 1977.14, 293797, 214, 1, 0
157, 8, 274, 331, 46, 0, 52.58%, 1, 0, 5, 1899.45, 303372, 214, 1, 0
163, 9, 273, 334, 39, 0, 52.58%, 1, 0, 5, 1992.43, 313863, 214, 1, 0
168, 10, 323, 334, 32, 0, 52.58%, 1, 0, 5, 2043.50, 324501, 214, 1, 0
173, 12, 112, 338, 28, 0, 52.58%, 1, 0, 5, 1941.84, 334414, 214, 1, 0
178, 13, 200, 338, 19, 0, 52.58%, 1, 0, 5, 1986.25, 344566, 214, 1, 0
183, 14, 307, 338, 12, 0, 52.58%, 1, 0, 5, 1979.03, 354761, 214, 1, 0
188, 16, 56, 340, 10, 0, 52.83%, 1, 0, 5, 1960.32, 364455, 215, 1, 0
193, 18, 45, 340, 3, 0, 52.83%, 1, 0, 5, 2045.09, 374902, 215, 1, 0
198, 19, 268, 340, 2, 0, 52.83%, 1, 0, 5, 2087.00, 385324, 215, 1, 0
203, 21, 340, 341, 1, 0, 52.83%, 1, 0, 5, 2053.05, 395792, 215, 1, 0
208, 23, 174, 341, 1, 0, 52.83%, 1, 0, 5, 2039.20, 406107, 215, 1, 0
214, 24, 263, 341, 1, 0, 52.83%, 1, 0, 5, 1963.93, 415116, 215, 1, 0
219, 26, 16, 341, 0, 0, 52.83%, 1, 0, 5, 1894.51, 424535, 215, 1, 0
224, 27, 237, 341, 0, 0, 52.83%, 1, 0, 5, 2040.89, 434813, 215, 1, 0
229, 29, 116, 341, 0, 0, 52.83%, 1, 0, 5, 1994.04, 445165, 215, 1, 0
234, 30, 298, 341, 0, 0, 52.83%, 1, 0, 5, 2023.26, 455881, 215, 1, 0
239, 32, 172, 341, 0, 0, 52.83%, 1, 0, 5, 1866.04, 464953, 215, 1, 0
244, 33, 266, 341, 0, 0, 52.83%, 1, 0, 5, 1971.52, 474563, 215, 1, 0
249, 35, 173, 341, 0, 0, 52.83%, 1, 0, 5, 1989.95, 484898, 215, 1, 0
255, 36, 261, 341, 0, 0, 52.83%, 1, 0, 5, 1744.72, 493886, 215, 1, 0
260, 38, 124, 341, 0, 0, 52.83%, 1, 0, 5, 1953.95, 504350, 215, 1, 0
265, 39, 331, 341, 0, 0, 52.83%, 1, 0, 5, 1897.68, 513943, 215, 1, 0
270, 41, 196, 342, 1, 0, 52.83%, 1, 0, 5, 1861.90, 523127, 215, 1, 0
275, 42, 297, 342, 1, 0, 52.83%, 1, 0, 5, 1804.18, 531943, 215, 1, 0
280, 44, 148, 342, 0, 0, 52.83%, 1, 0, 5, 1960.94, 542236, 215, 1, 0
285, 46, 15, 342, 0, 0, 52.83%, 1, 0, 5, 1923.98, 552255, 215, 1, 0
290, 47, 172, 342, 0, 0, 52.83%, 1, 0, 5, 1844.34, 561365, 215, 1, 0
296, 49, 12, 342, 0, 0, 52.83%, 1, 0, 5, 1909.51, 571288, 215, 1, 0
301, 51, 343, 366, 23, 1, 58.97%, 1, 0, 5, 1986.77, 581408, 240, 1, 0
306, 51, 343, 366, 23, 1, 58.97%, 1, 0, 5, 2021.58, 591857, 240, 1, 0
311, 51, 343, 368, 25, 1, 58.97%, 1, 0, 5, 1963.94, 601631, 240, 1, 0
316, 51, 343, 370, 27, 1, 58.97%, 1, 0, 5, 2000.95, 611894, 240, 1, 0
321, 51, 343, 370, 27, 1, 58.97%, 1, 0, 5, 1862.38, 621065, 240, 1, 0
326, 51, 343, 371, 28, 1, 58.97%, 1, 0, 5, 1867.33, 630515, 240, 1, 0
331, 51, 373, 386, 36, 1, 58.97%, 1, 0, 6, 1913.36, 640017, 240, 1, 0
336, 51, 373, 388, 38, 1, 58.97%, 1, 0, 6, 1826.12, 649508, 240, 1, 0
341, 52, 419, 425, 65, 0, 61.67%, 1, 0, 6, 1822.63, 658500, 251, 1, 0
346, 53, 350, 425, 62, 0, 61.67%, 1, 0, 6, 1821.84, 667616, 251, 1, 0
351, 53, 396, 426, 57, 0, 61.67%, 1, 0, 6, 1740.24, 675964, 251, 1, 0
356, 54, 229, 430, 54, 0, 61.67%, 1, 0, 6, 1615.55, 683596, 251, 1, 0
362, 55, 286, 432, 54, 0, 62.16%, 1, 0, 6, 1798.81, 692843, 253, 1, 0
367, 55, 364, 432, 52, 0, 62.16%, 1, 0, 6, 1649.53, 700596, 253, 1, 0
372, 56, 172, 433, 41, 0, 62.16%, 1, 0, 6, 1898.82, 710416, 253, 1, 0
377, 56, 379, 433, 39, 0, 62.16%, 1, 0, 6, 1958.74, 720878, 253, 1, 0
382, 57, 309, 434, 35, 0, 62.16%, 1, 0, 6, 1991.59, 730777, 253, 1, 0
387, 57, 408, 434, 31, 0, 62.16%, 1, 0, 6, 1685.61, 739800, 253, 1, 0
392, 58, 350, 434, 26, 0, 62.16%, 1, 0, 6, 1897.33, 750059, 253, 1, 0
397, 59, 270, 435, 25, 0, 62.16%, 1, 0, 6, 1998.72, 760354, 253, 1, 0
403, 59, 434, 435, 19, 0, 62.16%, 1, 0, 6, 2047.01, 771058, 253, 1, 0
408, 60, 359, 435, 18, 0, 62.16%, 1, 0, 6, 301.83, 780195, 253, 1, 0
413, 61, 200, 435, 12, 0, 62.16%, 1, 0, 6, 2034.91, 790331, 253, 1, 0
418, 61, 405, 435, 11, 0, 62.16%, 1, 0, 6, 1836.87, 799556, 253, 1, 0
423, 62, 350, 435, 10, 0, 62.16%, 1, 0, 6, 1877.62, 809172, 253, 1, 0
428, 63, 172, 435, 8, 0, 62.16%, 1, 0, 6, 2064.46, 819677, 253, 1, 0
433, 63, 430, 435, 7, 0, 62.16%, 1, 0, 6, 2021.24, 829816, 253, 1, 0
438, 64, 359, 435, 7, 0, 62.16%, 1, 0, 6, 1796.91, 839074, 253, 1, 0
443, 65, 214, 436, 7, 0, 62.16%, 1, 0, 6, 1914.37, 848671, 253, 1, 0
449, 66, 185, 436, 6, 0, 62.16%, 1, 0, 6, 1969.42, 858908, 253, 1, 0
454, 66, 398, 436, 5, 0, 62.16%, 1, 0, 6, 1563.12, 867308, 253, 1, 0
459, 67, 309, 436, 4, 0, 62.16%, 1, 0, 6, 1798.19, 876576, 253, 1, 0
464, 68, 197, 436, 2, 0, 62.16%, 1, 0, 6, 1978.75, 887095, 253, 1, 0
469, 69, 353, 437, 2, 0, 62.41%, 1, 0, 6, 1984.42, 897167, 254, 1, 0
474, 70, 286, 437, 2, 0, 62.41%, 1, 0, 6, 1975.72, 907303, 254, 1, 0
479, 71, 35, 437, 0, 0, 62.41%, 1, 0, 6, 1874.30, 916254, 254, 1, 0
484, 71, 434, 437, 0, 0, 62.41%, 1, 0, 6, 1920.02, 926113, 254, 1, 0
489, 72, 360, 437, 0, 0, 62.41%, 1, 0, 6, 1890.77, 935258, 254, 1, 0
494, 73, 297, 437, 0, 0, 62.41%, 1, 0, 6, 1951.33, 945096, 254, 1, 0
500, 74, 230, 437, 0, 0, 62.41%, 1, 0, 6, 1972.01, 955021, 254, 1, 0
505, 75, 286, 437, 0, 0, 62.41%, 1, 0, 6, 2043.53, 965257, 254, 1, 0
510, 76, 170, 437, 0, 0, 62.41%, 1, 0, 6, 1862.34, 974334, 254, 1, 0
515, 76, 434, 437, 0, 0, 62.41%, 1, 0, 6, 1793.40, 983487, 254, 1, 0
520, 77, 363, 437, 0, 0, 62.41%, 1, 0, 6, 1966.62, 993697, 254, 1, 0
525, 78, 266, 437, 0, 0, 62.41%, 1, 0, 6, 1909.97, 1003562, 254, 1, 0
530, 79, 315, 437, 0, 0, 62.41%, 1, 0, 6, 2067.26, 1014033, 254, 1, 0
535, 80, 340, 437, 0, 0, 62.41%, 1, 0, 6, 2061.30, 1024726, 254, 1, 0
540, 81, 132, 437, 0, 0, 62.41%, 1, 0, 6, 1817.03, 1033832, 254, 1, 0
545, 81, 416, 437, 0, 0, 62.41%, 1, 0, 6, 1830.83, 1043277, 254, 1, 0
551, 82, 350, 437, 0, 0, 62.41%, 2, 0, 6, 1956.66, 1053172, 254, 2, 0
556, 83, 291, 437, 0, 0, 62.41%, 2, 0, 6, 1905.36, 1062538, 254, 2, 0
561, 84, 196, 437, 0, 0, 62.41%, 2, 0, 6, 2035.81, 1072684, 254, 2, 0
566, 85, 197, 437, 0, 0, 62.41%, 2, 0, 6, 1968.97, 1082121, 254, 2, 0
571, 86, 197, 437, 0, 0, 62.41%, 2, 0, 6, 1946.06, 1091252, 254, 2, 0
576, 87, 200, 437, 0, 0, 62.41%, 2, 0, 6, 2023.82, 1101783, 254, 2, 0
581, 88, 12, 437, 0, 0, 62.41%, 2, 0, 6, 1871.69, 1110860, 254, 2, 0
586, 88, 414, 437, 0, 0, 62.41%, 2, 0, 6, 1810.46, 1120231, 254, 2, 0
592, 89, 331, 437, 0, 0, 62.41%, 2, 0, 6, 1838.17, 1129302, 254, 2, 0
597, 90, 194, 437, 0, 0, 62.41%, 2, 0, 6, 1851.30, 1137733, 254, 2, 0
598, 90, 298, 437, 0, 0, 62.41%, 2, 0, 6, 1880.52, 1140455, 254, 2, 0
