# relative_time, cycles_done, cur_item, corpus_count, pending_total, pending_favs, map_size, saved_crashes, saved_hangs, max_depth, execs_per_sec, total_execs, edges_found, total_crashes, servers_count
60, 0, 8, 53, 46, 19, 30.71%, 0, 0, 2, 384.06, 26089, 125, 0, 0
65, 0, 8, 53, 46, 19, 30.71%, 0, 0, 2, 371.52, 27993, 125, 0, 0
70, 0, 8, 53, 46, 19, 30.71%, 0, 0, 2, 397.66, 29981, 125, 0, 0
75, 0, 8, 53, 46, 19, 30.71%, 0, 0, 2, 416.27, 32093, 125, 0, 0
81, 0, 8, 55, 48, 19, 30.71%, 0, 0, 2, 407.50, 34163, 125, 0, 0
86, 0, 8, 55, 48, 19, 30.71%, 0, 0, 2, 397.15, 36148, 125, 0, 0
91, 0, 8, 55, 48, 19, 30.71%, 0, 0, 2, 409.06, 38211, 125, 0, 0
96, 0, 8, 55, 48, 19, 30.71%, 0, 0, 2, 391.80, 40166, 125, 0, 0
101, 0, 8, 55, 48, 19, 30.71%, 0, 0, 2, 386.18, 42126, 125, 0, 0
106, 0, 8, 55, 48, 19, 30.71%, 0, 0, 2, 395.03, 44107, 125, 0, 0
111, 0, 8, 55, 48, 19, 30.71%, 0, 0, 2, 392.23, 46074, 125, 0, 0
116, 0, 8, 55, 48, 19, 30.71%, 0, 0, 2, 398.47, 48059, 125, 0, 0
121, 0, 8, 55, 48, 19, 30.71%, 0, 0, 2, 407.09, 50139, 125, 0, 0
126, 0, 8, 55, 48, 19, 30.71%, 0, 0, 2, 403.89, 52147, 125, 0, 0
131, 0, 8, 55, 48, 19, 30.71%, 0, 0, 2, 400.47, 54201, 125, 0, 0
136, 0, 8, 55, 48, 19, 30.71%, 0, 0, 2, 397.33, 56224, 125, 0, 0
141, 0, 8, 55, 48, 19, 30.71%, 0, 0, 2, 403.86, 58291, 125, 0, 0
146, 0, 8, 55, 48, 19, 30.71%, 0, 0, 2, 413.63, 60371, 125, 0, 0
151, 0, 8, 55, 48, 19, 30.71%, 0, 0, 2, 409.16, 62435, 125, 0, 0
156, 0, 15, 55, 42, 15, 30.71%, 0, 0, 2, 441.69, 64626, 125, 0, 0
161, 0, 18, 78, 62, 12, 33.42%, 0, 0, 2, 442.07, 66874, 136, 0, 0
167, 0, 18, 86, 70, 12, 33.42%, 0, 0, 2, 430.59, 69076, 136, 0, 0
172, 0, 18, 91, 75, 12, 33.42%, 0, 0, 2, 433.61, 71279, 136, 0, 0
177, 0, 18, 96, 80, 12, 33.66%, 0, 0, 2, 423.05, 73412, 137, 0, 0
182, 0, 18, 98, 82, 12, 33.91%, 0, 0, 2, 424.59, 75602, 138, 0, 0
187, 0, 18, 102, 86, 12, 33.91%, 0, 0, 2, 440.04, 77842, 138, 0, 0
192, 0, 18, 104, 88, 12, 33.91%, 0, 0, 2, 459.47, 80098, 138, 0, 0
197, 0, 18, 106, 90, 12, 34.64%, 0, 0, 2, 448.05, 82371, 141, 0, 0
202, 0, 18, 108, 92, 12, 34.64%, 0, 0, 2, 437.48, 84634, 141, 0, 0
207, 0, 18, 110, 94, 12, 34.64%, 0, 0, 2, 429.41, 86776, 141, 0, 0
212, 0, 18, 111, 95, 12, 34.64%, 0, 0, 2, 342.05, 88449, 141, 0, 0
217, 0, 18, 113, 97, 12, 34.64%, 0, 0, 2, 399.26, 90445, 141, 0, 0
222, 0, 18, 114, 98, 12, 34.64%, 0, 0, 2, 402.85, 92532, 141, 0, 0
228, 0, 18, 117, 101, 12, 34.64%, 0, 0, 2, 431.86, 94761, 141, 0, 0
233, 0, 18, 120, 104, 12, 34.64%, 0, 0, 2, 418.56, 96862, 141, 0, 0
238, 0, 18, 122, 106, 12, 34.64%, 0, 0, 2, 429.09, 99005, 141, 0, 0
243, 0, 18, 122, 106, 12, 34.64%, 0, 0, 2, 426.53, 101142, 141, 0, 0
248, 0, 18, 122, 106, 12, 34.64%, 0, 0, 2, 441.33, 103390, 141, 0, 0
253, 0, 29, 123, 104, 13, 34.64%, 0, 0, 2, 450.22, 105637, 141, 0, 0
258, 0, 66, 126, 103, 10, 34.64%, 0, 0, 3, 418.37, 107701, 141, 0, 0
263, 0, 89, 132, 106, 8, 34.64%, 0, 0, 3, 406.20, 109719, 141, 0, 0
268, 0, 89, 134, 108, 8, 34.64%, 0, 0, 3, 434.87, 112005, 141, 0, 0
273, 0, 89, 135, 109, 8, 34.64%, 0, 0, 3, 465.97, 114359, 141, 0, 0
278, 0, 89, 137, 111, 8, 34.64%, 0, 0, 3, 446.94, 116686, 141, 0, 0
283, 0, 89, 137, 111, 8, 34.64%, 0, 0, 3, 445.25, 118962, 141, 0, 0
288, 0, 89, 140, 114, 8, 34.64%, 0, 0, 3, 428.43, 121159, 141, 0, 0
293, 0, 89, 140, 114, 8, 34.64%, 0, 0, 3, 442.35, 123375, 141, 0, 0
298, 0, 89, 142, 116, 8, 34.64%, 0, 0, 3, 408.71, 125405, 141, 0, 0
303, 0, 89, 143, 117, 8, 34.64%, 0, 0, 3, 426.72, 127636, 141, 0, 0
309, 0, 89, 144, 118, 8, 34.64%, 0, 0, 3, 429.86, 129779, 141, 0, 0
314, 0, 89, 145, 119, 8, 34.64%, 0, 0, 3, 418.99, 131930, 141, 0, 0
319, 0, 89, 147, 121, 8, 34.64%, 0, 0, 3, 434.89, 134160, 141, 0, 0
324, 0, 89, 147, 121, 8, 34.64%, 0, 0, 3, 431.90, 136337, 141, 0, 0
329, 0, 89, 148, 122, 8, 34.64%, 0, 0, 3, 441.21, 138560, 141, 0, 0
334, 0, 89, 149, 123, 8, 34.64%, 0, 0, 3, 435.14, 140799, 141, 0, 0
339, 0, 89, 150, 124, 8, 34.64%, 0, 0, 3, 427.06, 142966, 141, 0, 0
344, 0, 89, 150, 124, 8, 34.64%, 0, 0, 3, 422.42, 145054, 141, 0, 0
349, 0, 89, 150, 124, 8, 34.64%, 0, 0, 3, 450.73, 147262, 141, 0, 0
354, 0, 95, 152, 124, 7, 34.64%, 0, 0, 3, 435.85, 149415, 141, 0, 0
359, 0, 95, 154, 126, 7, 34.64%, 0, 0, 3, 450.66, 151798, 141, 0, 0
364, 0, 95, 156, 128, 7, 34.64%, 0, 0, 3, 422.39, 153899, 141, 0, 0
369, 0, 95, 158, 130, 7, 34.64%, 0, 0, 3, 451.72, 156192, 141, 0, 0
374, 0, 95, 161, 133, 7, 34.64%, 0, 0, 3, 433.34, 158392, 141, 0, 0
379, 0, 95, 162, 134, 7, 34.64%, 0, 0, 3, 454.91, 160730, 141, 0, 0
384, 0, 95, 162, 134, 7, 34.64%, 0, 0, 3, 464.97, 163052, 141, 0, 0
390, 0, 95, 162, 134, 7, 34.64%, 0, 0, 3, 447.41, 165303, 141, 0, 0
395, 0, 95, 162, 134, 7, 34.64%, 0, 0, 3, 445.90, 167551, 141, 0, 0
400, 0, 95, 162, 134, 7, 34.64%, 0, 0, 3, 427.89, 169679, 141, 0, 0
405, 0, 95, 162, 134, 7, 34.64%, 0, 0, 3, 421.86, 171823, 141, 0, 0
410, 0, 95, 162, 134, 7, 34.64%, 0, 0, 3, 445.02, 174087, 141, 0, 0
415, 0, 95, 162, 134, 7, 34.64%, 0, 0, 3, 472.50, 176453, 141, 0, 0
420, 0, 99, 163, 134, 7, 34.64%, 0, 0, 3, 455.52, 178745, 141, 0, 0
425, 0, 118, 164, 132, 4, 34.64%, 0, 0, 3, 448.00, 180978, 141, 0, 0
430, 0, 156, 168, 134, 2, 34.64%, 0, 0, 4, 442.61, 183254, 141, 0, 0
435, 0, 167, 170, 135, 1, 34.64%, 0, 0, 5, 444.91, 185510, 141, 0, 0
440, 1, 28, 171, 129, 0, 34.64%, 0, 0, 5, 451.49, 187834, 141, 0, 0
445, 1, 52, 175, 128, 0, 34.64%, 0, 0, 5, 410.65, 189945, 141, 0, 0
450, 1, 105, 175, 115, 0, 34.64%, 0, 0, 5, 443.65, 192168, 141, 0, 0
455, 1, 175, 177, 117, 1, 34.89%, 0, 0, 5, 448.46, 194439, 142, 0, 0
461, 2, 179, 291, 228, 22, 47.91%, 0, 0, 5, 449.43, 196764, 195, 0, 0
466, 2, 188, 291, 223, 17, 47.91%, 0, 0, 5, 462.21, 199069, 195, 0, 0
471, 2, 218, 292, 220, 14, 48.16%, 0, 0, 5, 454.95, 201349, 196, 0, 0
476, 2, 236, 292, 215, 9, 48.16%, 0, 0, 5, 413.82, 203503, 196, 0, 0
481, 2, 258, 292, 211, 5, 48.16%, 0, 0, 5, 408.42, 205630, 196, 0, 0
486, 2, 265, 296, 213, 3, 48.40%, 0, 0, 5, 429.23, 207763, 197, 0, 0
491, 2, 265, 296, 213, 3, 48.40%, 0, 0, 5, 447.12, 210007, 197, 0, 0
496, 2, 291, 296, 211, 3, 48.40%, 0, 0, 5, 446.29, 212252, 197, 0, 0
501, 2, 296, 302, 214, 1, 48.40%, 0, 0, 5, 455.74, 214524, 197, 0, 0
506, 3, 211, 306, 211, 1, 48.65%, 0, 0, 5, 429.32, 216679, 198, 0, 0
511, 4, 66, 309, 204, 0, 48.65%, 0, 0, 5, 416.63, 218884, 198, 0, 0
516, 4, 121, 309, 196, 0, 48.65%, 0, 0, 5, 433.47, 221083, 198, 0, 0
522, 4, 175, 310, 187, 0, 48.65%, 0, 0, 5, 442.25, 223318, 198, 0, 0
527, 4, 192, 310, 183, 0, 48.65%, 0, 0, 5, 453.84, 225647, 198, 0, 0
532, 4, 212, 311, 177, 0, 48.65%, 0, 0, 5, 438.41, 227845, 198, 0, 0
537, 4, 240, 313, 174, 0, 48.65%, 0, 0, 5, 435.07, 230069, 198, 0, 0
542, 4, 265, 313, 166, 0, 48.65%, 0, 0, 5, 424.90, 232152, 198, 0, 0
547, 4, 296, 313, 159, 0, 48.65%, 0, 0, 5, 441.76, 234384, 198, 0, 0
552, 5, 283, 315, 157, 1, 48.65%, 0, 0, 5, 410.66, 236481, 198, 0, 0
557, 6, 55, 315, 149, 0, 48.65%, 0, 0, 5, 405.12, 238494, 198, 0, 0
562, 6, 136, 315, 141, 0, 48.65%, 0, 0, 5, 415.59, 240615, 198, 0, 0
567, 6, 179, 315, 133, 0, 48.65%, 0, 0, 5, 438.72, 242857, 198, 0, 0
572, 7, 317, 318, 131, 1, 49.14%, 0, 0, 5, 437.52, 245123, 200, 0, 0
577, 8, 93, 318, 124, 0, 49.14%, 0, 0, 5, 475.90, 247619, 200, 0, 0
582, 8, 175, 318, 117, 0, 49.14%, 0, 0, 5, 447.63, 249881, 200, 0, 0
587, 8, 200, 318, 113, 0, 49.14%, 0, 0, 5, 446.86, 252155, 200, 0, 0
592, 8, 248, 318, 106, 0, 49.14%, 0, 0, 5, 455.26, 254424, 200, 0, 0
598, 8, 297, 318, 99, 0, 49.14%, 0, 0, 5, 425.70, 256566, 200, 0, 0
603, 9, 105, 320, 98, 1, 49.39%, 0, 0, 5, 404.08, 258600, 201, 0, 0
608, 10, 86, 320, 94, 0, 49.39%, 0, 0, 5, 432.90, 260931, 201, 0, 0
613, 10, 160, 320, 85, 0, 49.39%, 1, 0, 5, 442.39, 263177, 201, 1, 0
618, 10, 184, 320, 82, 0, 49.39%, 1, 0, 5, 440.07, 265330, 201, 1, 0
623, 10, 204, 323, 85, 0, 49.39%, 1, 0, 5, 453.40, 267609, 201, 1, 0
628, 10, 274, 324, 80, 0, 49.39%, 1, 0, 5, 457.55, 269962, 201, 1, 0
633, 10, 324, 327, 82, 1, 49.63%, 1, 0, 5, 441.78, 272171, 202, 1, 0
638, 10, 325, 327, 81, 1, 49.63%, 1, 0, 5, 455.92, 274475, 202, 1, 0
643, 12, 56, 328, 79, 0, 49.63%, 1, 0, 5, 450.99, 276753, 202, 1, 0
648, 12, 160, 328, 72, 0, 49.63%, 1, 0, 5, 447.46, 279010, 202, 1, 0
653, 12, 222, 328, 71, 0, 49.63%, 2, 0, 5, 442.80, 281257, 202, 2, 0
658, 12, 291, 328, 65, 0, 49.63%, 2, 0, 5, 439.90, 283473, 202, 2, 0
663, 12, 319, 328, 63, 0, 49.63%, 2, 0, 5, 441.72, 285715, 202, 2, 0
669, 13, 328, 331, 66, 1, 49.63%, 2, 0, 5, 457.76, 288049, 202, 2, 0
674, 14, 86, 331, 63, 0, 49.63%, 2, 0, 5, 440.04, 290279, 202, 2, 0
679, 14, 175, 331, 60, 0, 49.63%, 2, 0, 5, 418.89, 292347, 202, 2, 0
684, 14, 222, 331, 59, 0, 49.63%, 2, 0, 5, 440.47, 294576, 202, 2, 0
689, 14, 288, 331, 53, 0, 49.63%, 2, 0, 5, 431.15, 296785, 202, 2, 0
694, 14, 318, 331, 49, 0, 49.63%, 2, 0, 5, 421.49, 298905, 202, 2, 0
699, 14, 328, 331, 48, 0, 49.63%, 2, 0, 5, 422.10, 301127, 202, 2, 0
704, 16, 326, 333, 48, 1, 50.12%, 2, 0, 5, 427.93, 303331, 204, 2, 0
709, 17, 86, 334, 46, 0, 50.12%, 2, 0, 5, 425.38, 305478, 204, 2, 0
714, 18, 66, 335, 46, 0, 50.37%, 2, 0, 5, 460.61, 307897, 205, 2, 0
719, 18, 167, 335, 42, 0, 50.37%, 2, 0, 5, 439.95, 310079, 205, 2, 0
724, 18, 201, 335, 39, 0, 50.37%, 2, 0, 5, 431.49, 312216, 205, 2, 0
729, 18, 273, 336, 37, 0, 50.37%, 2, 0, 5, 424.38, 314387, 205, 2, 0
734, 18, 319, 336, 34, 0, 50.37%, 2, 0, 5, 423.55, 316542, 205, 2, 0
739, 18, 328, 337, 34, 0, 50.37%, 2, 0, 5, 442.25, 318735, 205, 2, 0
744, 18, 333, 337, 33, 0, 50.37%, 2, 0, 5, 453.91, 321019, 205, 2, 0
750, 19, 91, 337, 30, 0, 50.37%, 2, 0, 5, 456.72, 323310, 205, 2, 0
755, 19, 175, 337, 26, 0, 50.37%, 2, 0, 5, 474.79, 325815, 205, 2, 0
760, 19, 254, 337, 25, 0, 50.37%, 2, 0, 5, 464.51, 328118, 205, 2, 0
765, 19, 321, 338, 25, 0, 50.37%, 2, 0, 5, 443.49, 330320, 205, 2, 0
770, 20, 31, 340, 26, 0, 50.37%, 2, 0, 5, 449.05, 332547, 205, 2, 0
775, 20, 136, 340, 26, 0, 50.37%, 2, 0, 5, 446.86, 334813, 205, 3, 0
780, 20, 200, 340, 24, 0, 50.37%, 2, 0, 5, 425.82, 337008, 205, 3, 0
785, 20, 231, 341, 23, 0, 50.37%, 2, 0, 5, 450.26, 339298, 205, 3, 0
790, 20, 325, 342, 23, 0, 50.37%, 2, 0, 5, 432.74, 341541, 205, 3, 0
795, 21, 12, 342, 22, 0, 50.37%, 2, 0, 5, 430.33, 343750, 205, 3, 0
800, 21, 136, 342, 20, 0, 50.37%, 2, 0, 5, 432.63, 345929, 205, 3, 0
805, 21, 224, 342, 18, 0, 50.37%, 2, 0, 5, 425.24, 348060, 205, 3, 0
810, 21, 319, 342, 17, 0, 50.37%, 2, 0, 5, 434.54, 350270, 205, 3, 0
815, 22, 12, 342, 16, 0, 50.37%, 2, 0, 5, 422.02, 352404, 205, 3, 0
820, 22, 153, 342, 15, 0, 50.37%, 2, 0, 5, 442.68, 354690, 205, 3, 0
826, 22, 224, 342, 14, 0, 50.37%, 2, 0, 5, 440.67, 356955, 205, 3, 0
831, 23, 12, 345, 15, 0, 50.37%, 2, 0, 5, 442.11, 359187, 205, 3, 0
836, 23, 155, 345, 15, 0, 50.37%, 2, 0, 5, 459.59, 361495, 205, 3, 0
841, 23, 207, 346, 16, 0, 50.37%, 2, 0, 5, 429.03, 363699, 205, 3, 0
846, 23, 317, 346, 16, 0, 50.37%, 2, 0, 5, 460.67, 366024, 205, 3, 0
851, 23, 345, 347, 16, 0, 50.37%, 2, 0, 5, 443.03, 368211, 205, 3, 0
856, 24, 86, 347, 14, 0, 50.37%, 2, 0, 5, 448.85, 370473, 205, 3, 0
861, 24, 175, 347, 14, 0, 50.37%, 3, 0, 5, 451.43, 372755, 205, 9, 0
866, 24, 347, 348, 15, 1, 50.61%, 3, 0, 5, 455.17, 374981, 206, 9, 0
871, 25, 105, 348, 14, 0, 50.61%, 3, 0, 5, 432.77, 377193, 206, 10, 0
876, 25, 196, 348, 14, 0, 50.61%, 3, 0, 5, 413.57, 379328, 206, 10, 0
881, 25, 299, 348, 13, 0, 50.61%, 3, 0, 5, 417.09, 381458, 206, 10, 0
887, 25, 346, 348, 12, 0, 50.61%, 3, 0, 5, 419.03, 383588, 206, 10, 0
892, 25, 346, 351, 15, 0, 50.61%, 3, 0, 5, 399.44, 385566, 206, 10, 0
897, 25, 346, 351, 15, 0, 50.61%, 3, 0, 5, 407.09, 387569, 206, 10, 0
902, 25, 346, 352, 16, 0, 50.61%, 3, 0, 5, 390.02, 389472, 206, 10, 0
907, 25, 346, 352, 16, 0, 50.61%, 3, 0, 5, 422.17, 391656, 206, 10, 0
912, 25, 346, 352, 16, 0, 50.61%, 3, 0, 5, 411.93, 393704, 206, 10, 0
917, 25, 346, 352, 16, 0, 50.61%, 3, 0, 5, 401.23, 395702, 206, 10, 0
922, 25, 347, 353, 16, 0, 50.61%, 3, 0, 6, 429.34, 397927, 206, 10, 0
927, 26, 22, 353, 15, 0, 50.61%, 3, 0, 6, 442.30, 400173, 206, 10, 0
932, 26, 154, 353, 15, 0, 50.61%, 3, 0, 6, 434.24, 402396, 206, 11, 0
937, 26, 200, 354, 15, 0, 50.61%, 3, 0, 6, 439.93, 404665, 206, 11, 0
942, 26, 318, 354, 15, 0, 50.61%, 3, 0, 6, 437.17, 406906, 206, 11, 0
947, 26, 337, 354, 14, 0, 50.61%, 3, 0, 6, 452.09, 409196, 206, 11, 0
953, 26, 347, 355, 13, 0, 50.61%, 3, 0, 6, 438.84, 411448, 206, 11, 0
958, 26, 350, 356, 14, 0, 50.61%, 3, 0, 6, 371.59, 413332, 206, 11, 0
963, 27, 92, 356, 13, 0, 50.61%, 3, 0, 6, 402.79, 415305, 206, 11, 0
968, 27, 182, 356, 13, 0, 50.61%, 3, 0, 6, 438.23, 417521, 206, 11, 0
973, 27, 314, 356, 13, 0, 50.61%, 3, 0, 6, 463.10, 419818, 206, 11, 0
978, 27, 338, 357, 14, 0, 50.61%, 3, 0, 6, 473.10, 422221, 206, 11, 0
983, 27, 347, 357, 13, 0, 50.61%, 3, 0, 6, 427.83, 424368, 206, 11, 0
988, 28, 357, 358, 13, 1, 50.86%, 3, 0, 6, 436.44, 426581, 207, 11, 0
993, 29, 136, 358, 12, 0, 50.86%, 3, 0, 6, 453.63, 428895, 207, 11, 0
998, 29, 194, 358, 12, 0, 50.86%, 3, 0, 6, 460.48, 431167, 207, 12, 0
1003, 29, 296, 358, 12, 0, 50.86%, 3, 0, 6, 441.20, 433414, 207, 12, 0
1008, 29, 352, 358, 12, 0, 50.86%, 3, 0, 6, 430.87, 435571, 207, 12, 0
1013, 29, 354, 359, 12, 0, 50.86%, 3, 0, 7, 431.59, 437682, 207, 12, 0
1018, 30, 150, 361, 12, 1, 52.33%, 3, 0, 7, 435.10, 439797, 213, 12, 0
1024, 30, 360, 375, 25, 1, 53.07%, 3, 0, 7, 453.44, 442166, 216, 12, 0
1029, 30, 360, 377, 27, 1, 59.71%, 3, 0, 7, 434.89, 444304, 243, 12, 0
1034, 30, 360, 377, 27, 1, 59.71%, 3, 0, 7, 411.76, 446401, 243, 12, 0
1039, 30, 360, 378, 28, 1, 59.71%, 3, 0, 7, 426.19, 448520, 243, 12, 0
1044, 30, 360, 378, 28, 1, 59.71%, 3, 0, 7, 423.09, 450736, 243, 12, 0
1049, 30, 360, 379, 29, 1, 59.71%, 3, 0, 7, 417.63, 452831, 243, 12, 0
1054, 30, 360, 379, 29, 1, 59.71%, 3, 0, 7, 415.21, 454951, 243, 12, 0
1059, 30, 360, 380, 30, 1, 59.71%, 3, 0, 7, 438.67, 457214, 243, 12, 0
1064, 30, 360, 381, 31, 1, 59.71%, 3, 0, 7, 410.87, 459270, 243, 12, 0
1069, 30, 360, 383, 33, 1, 59.71%, 3, 0, 7, 432.83, 461485, 243, 12, 0
1074, 30, 360, 384, 34, 1, 59.71%, 3, 0, 7, 419.00, 463548, 243, 12, 0
1079, 30, 360, 384, 34, 1, 59.71%, 3, 0, 7, 433.88, 465764, 243, 12, 0
1085, 30, 360, 384, 34, 1, 59.71%, 3, 0, 7, 416.76, 467868, 243, 12, 0
1090, 30, 360, 384, 34, 1, 59.71%, 3, 0, 7, 423.74, 470036, 243, 12, 0
1095, 30, 360, 384, 34, 1, 59.71%, 3, 0, 7, 424.95, 472204, 243, 12, 0
1100, 30, 360, 384, 34, 1, 59.71%, 3, 0, 7, 409.27, 474284, 243, 12, 0
1105, 30, 360, 384, 34, 1, 59.71%, 3, 0, 7, 412.66, 476412, 243, 12, 0
1110, 30, 360, 386, 36, 1, 59.71%, 3, 0, 7, 405.84, 478466, 243, 12, 0
1115, 30, 364, 386, 35, 5, 59.71%, 3, 0, 7, 414.11, 480474, 243, 12, 0
1120, 30, 364, 390, 39, 5, 59.71%, 3, 0, 7, 445.28, 482751, 243, 12, 0
1125, 30, 364, 393, 42, 5, 59.71%, 3, 0, 7, 444.99, 484948, 243, 12, 0
1130, 30, 364, 393, 42, 5, 59.71%, 3, 0, 7, 429.98, 487076, 243, 12, 0
1135, 30, 364, 396, 45, 5, 59.71%, 3, 0, 7, 448.63, 489393, 243, 12, 0
1140, 30, 374, 396, 43, 3, 59.71%, 3, 0, 7, 455.54, 491688, 243, 12, 0
1145, 30, 379, 414, 59, 1, 59.71%, 3, 0, 7, 464.47, 494007, 243, 12, 0
1151, 30, 379, 414, 59, 1, 59.71%, 3, 0, 7, 465.39, 496320, 243, 12, 0
1156, 30, 379, 414, 59, 1, 59.71%, 3, 0, 7, 440.03, 498555, 243, 12, 0
1161, 30, 379, 415, 60, 1, 59.95%, 3, 0, 7, 440.36, 500826, 244, 12, 0
1166, 30, 379, 415, 60, 1, 59.95%, 3, 0, 7, 432.95, 502978, 244, 12, 0
1171, 30, 379, 415, 60, 1, 59.95%, 3, 0, 7, 429.62, 505146, 244, 12, 0
1176, 30, 379, 415, 60, 1, 59.95%, 3, 0, 7, 455.32, 507487, 244, 12, 0
1181, 30, 379, 416, 61, 1, 60.20%, 3, 0, 7, 448.39, 509708, 245, 12, 0
1186, 30, 379, 416, 61, 1, 60.20%, 3, 0, 7, 446.30, 511976, 245, 12, 0
1191, 30, 379, 416, 61, 1, 60.20%, 3, 0, 7, 423.85, 514113, 245, 12, 0
1196, 30, 379, 416, 61, 1, 60.20%, 3, 0, 7, 432.77, 516321, 245, 12, 0
1201, 30, 379, 416, 61, 1, 60.20%, 3, 0, 7, 425.99, 518449, 245, 12, 0
1206, 30, 379, 416, 61, 1, 60.20%, 3, 0, 7, 434.83, 520585, 245, 12, 0
1211, 30, 407, 416, 60, 2, 60.20%, 3, 0, 7, 437.25, 522809, 245, 12, 0
1216, 30, 415, 416, 58, 1, 60.20%, 3, 0, 7, 460.54, 525236, 245, 12, 0
1221, 30, 415, 417, 59, 1, 60.44%, 3, 0, 7, 418.78, 527331, 246, 12, 0
1227, 30, 415, 418, 60, 1, 60.44%, 3, 0, 7, 454.72, 529768, 246, 12, 0
1232, 30, 416, 418, 59, 2, 60.44%, 3, 0, 7, 433.62, 531998, 246, 12, 0
1237, 30, 417, 418, 58, 1, 60.44%, 3, 0, 7, 419.32, 534142, 246, 12, 0
1242, 31, 352, 427, 66, 5, 61.18%, 3, 0, 7, 440.62, 536315, 249, 13, 0
1247, 31, 422, 427, 62, 1, 61.18%, 3, 0, 7, 468.93, 538689, 249, 13, 0
1252, 32, 67, 428, 61, 0, 61.18%, 3, 0, 7, 414.51, 540750, 249, 13, 0
1257, 32, 176, 428, 61, 0, 61.18%, 3, 0, 7, 427.50, 542978, 249, 13, 0
1262, 32, 262, 428, 60, 0, 61.18%, 3, 0, 7, 444.25, 545284, 249, 13, 0
1267, 32, 336, 428, 59, 0, 61.18%, 3, 0, 7, 442.61, 547509, 249, 13, 0
1272, 32, 356, 428, 58, 0, 61.18%, 3, 0, 7, 359.61, 549341, 249, 13, 0
1277, 32, 364, 428, 55, 0, 61.18%, 3, 0, 7, 416.65, 551527, 249, 13, 0
1282, 32, 373, 428, 54, 0, 61.18%, 3, 0, 7, 456.73, 553823, 249, 13, 0
1287, 32, 379, 428, 54, 0, 61.18%, 3, 0, 7, 453.22, 556121, 249, 13, 0
1293, 32, 379, 430, 56, 0, 61.67%, 3, 0, 7, 448.70, 558421, 251, 13, 0
1298, 32, 379, 430, 56, 0, 61.67%, 3, 0, 7, 441.23, 560629, 251, 13, 0
1303, 32, 428, 430, 55, 2, 61.67%, 3, 0, 7, 429.13, 562836, 251, 13, 0
1308, 34, 14, 435, 57, 0, 61.92%, 3, 0, 7, 461.55, 565188, 252, 13, 0
1313, 34, 136, 435, 57, 0, 61.92%, 3, 0, 7, 418.03, 567271, 252, 13, 0
1318, 34, 243, 435, 56, 0, 61.92%, 3, 0, 7, 425.63, 569396, 252, 14, 0
1323, 34, 318, 435, 55, 0, 61.92%, 3, 0, 7, 428.37, 571556, 252, 14, 0
1328, 34, 351, 435, 55, 0, 61.92%, 3, 0, 7, 457.84, 573893, 252, 14, 0
1333, 34, 364, 435, 54, 0, 61.92%, 3, 0, 7, 410.64, 575753, 252, 14, 0
1338, 34, 369, 436, 54, 0, 61.92%, 3, 0, 7, 423.04, 577872, 252, 14, 0
1343, 34, 372, 436, 52, 0, 61.92%, 3, 0, 7, 371.77, 579786, 252, 14, 0
1348, 34, 376, 436, 51, 0, 61.92%, 3, 0, 7, 413.47, 581784, 252, 14, 0
1353, 34, 379, 436, 50, 0, 61.92%, 3, 0, 7, 435.73, 584048, 252, 14, 0
1358, 34, 379, 436, 50, 0, 61.92%, 3, 0, 7, 455.53, 586390, 252, 14, 0
1363, 34, 400, 436, 49, 0, 61.92%, 3, 0, 7, 449.04, 588600, 252, 14, 0
1368, 34, 409, 437, 48, 0, 61.92%, 3, 0, 7, 423.99, 590783, 252, 14, 0
1373, 34, 411, 437, 46, 0, 61.92%, 3, 0, 7, 436.64, 593007, 252, 14, 0
1379, 34, 416, 437, 45, 0, 61.92%, 3, 0, 7, 441.93, 595231, 252, 14, 0
1384, 34, 419, 437, 45, 0, 61.92%, 3, 0, 7, 442.48, 597479, 252, 14, 0
1389, 34, 428, 437, 44, 0, 61.92%, 3, 0, 7, 426.80, 599635, 252, 14, 0
1394, 34, 437, 438, 45, 1, 62.16%, 3, 0, 7, 418.62, 601693, 253, 14, 0
1399, 35, 136, 439, 45, 0, 62.16%, 3, 0, 7, 448.86, 604003, 253, 16, 0
1404, 35, 197, 439, 45, 0, 62.16%, 3, 0, 7, 439.58, 606269, 253, 16, 0
1409, 35, 304, 439, 45, 0, 62.16%, 3, 0, 7, 435.83, 608545, 253, 16, 0
1414, 35, 331, 439, 45, 0, 62.16%, 3, 0, 7, 441.81, 610709, 253, 16, 0
1419, 35, 364, 439, 44, 0, 62.16%, 3, 0, 7, 430.83, 612834, 253, 16, 0
1424, 35, 374, 439, 43, 0, 62.16%, 3, 0, 7, 442.31, 615074, 253, 16, 0
1429, 35, 379, 439, 43, 0, 62.16%, 3, 0, 7, 439.65, 617234, 253, 16, 0
1434, 35, 387, 439, 43, 0, 62.16%, 3, 0, 7, 457.54, 619564, 253, 16, 0
1439, 35, 393, 439, 41, 0, 62.16%, 3, 0, 7, 473.79, 621991, 253, 16, 0
1444, 35, 404, 439, 39, 0, 62.16%, 3, 0, 7, 451.18, 624194, 253, 16, 0
1449, 35, 413, 439, 38, 0, 62.16%, 3, 0, 7, 440.66, 626450, 253, 16, 0
1454, 35, 416, 439, 37, 0, 62.16%, 3, 0, 7, 436.54, 628682, 253, 16, 0
1460, 35, 419, 439, 37, 0, 62.16%, 3, 0, 7, 441.12, 630938, 253, 16, 0
1465, 35, 428, 439, 35, 0, 62.16%, 3, 0, 7, 466.88, 633332, 253, 16, 0
1470, 35, 436, 439, 34, 0, 62.16%, 3, 0, 7, 466.23, 635656, 253, 16, 0
1475, 36, 111, 439, 33, 0, 62.16%, 3, 0, 7, 465.26, 637992, 253, 16, 0
1480, 36, 218, 439, 33, 0, 62.16%, 3, 0, 7, 468.35, 640384, 253, 16, 0
1485, 36, 332, 439, 33, 0, 62.16%, 3, 0, 7, 468.36, 642816, 253, 16, 0
1490, 36, 364, 439, 32, 0, 62.16%, 3, 0, 7, 464.34, 645096, 253, 16, 0
1495, 36, 374, 439, 32, 0, 62.16%, 3, 0, 7, 426.80, 647270, 253, 16, 0
1500, 36, 379, 439, 32, 0, 62.16%, 3, 0, 7, 446.04, 649526, 253, 16, 0
1505, 36, 392, 439, 32, 0, 62.16%, 3, 0, 7, 449.20, 651790, 253, 16, 0
1510, 36, 414, 439, 30, 0, 62.16%, 3, 0, 7, 462.10, 654148, 253, 16, 0
1516, 36, 417, 439, 30, 0, 62.16%, 3, 0, 7, 474.69, 656638, 253, 16, 0
1521, 36, 429, 439, 30, 0, 62.16%, 3, 0, 7, 493.50, 659125, 253, 17, 0
1526, 37, 15, 441, 31, 0, 62.16%, 3, 0, 7, 472.32, 661455, 253, 17, 0
1531, 37, 175, 441, 31, 0, 62.16%, 3, 0, 7, 436.32, 663636, 253, 17, 0
1536, 37, 262, 441, 31, 0, 62.16%, 3, 0, 7, 450.44, 665918, 253, 17, 0
1541, 37, 322, 441, 31, 0, 62.16%, 3, 0, 7, 436.03, 668175, 253, 17, 0
1546, 37, 342, 441, 31, 0, 62.16%, 3, 0, 7, 458.05, 670520, 253, 17, 0
1551, 37, 373, 441, 31, 0, 62.16%, 3, 0, 7, 480.92, 672958, 253, 17, 0
1556, 37, 379, 441, 31, 0, 62.16%, 3, 0, 7, 447.81, 675184, 253, 17, 0
1561, 37, 383, 441, 31, 0, 62.16%, 3, 0, 7, 425.20, 677352, 253, 17, 0
1566, 37, 385, 441, 29, 0, 62.16%, 3, 0, 7, 440.26, 679672, 253, 17, 0
1571, 37, 397, 441, 26, 0, 62.16%, 3, 0, 7, 457.01, 682045, 253, 17, 0
1577, 37, 408, 441, 24, 0, 62.16%, 3, 0, 7, 455.95, 684312, 253, 17, 0
1582, 37, 412, 441, 24, 0, 62.16%, 3, 0, 7, 445.00, 686600, 253, 17, 0
1587, 37, 416, 441, 23, 0, 62.16%, 3, 0, 7, 432.20, 688776, 253, 17, 0
1592, 37, 420, 441, 23, 0, 62.16%, 3, 0, 7, 447.64, 691086, 253, 17, 0
1597, 37, 429, 441, 22, 0, 62.16%, 3, 0, 7, 457.77, 693410, 253, 17, 0
1602, 38, 442, 446, 26, 3, 62.41%, 3, 0, 7, 447.02, 695681, 254, 17, 0
1607, 39, 105, 446, 23, 0, 62.41%, 3, 0, 7, 458.75, 698128, 254, 17, 0
1612, 39, 182, 446, 23, 0, 62.41%, 3, 0, 7, 444.68, 700355, 254, 18, 0
1617, 39, 314, 446, 23, 0, 62.41%, 3, 0, 7, 454.27, 702668, 254, 18, 0
1622, 39, 364, 446, 23, 0, 62.41%, 3, 0, 7, 475.49, 705071, 254, 18, 0
1627, 39, 374, 446, 23, 0, 62.41%, 3, 0, 7, 452.04, 707249, 254, 18, 0
1632, 39, 379, 446, 23, 0, 62.41%, 3, 0, 7, 446.87, 709505, 254, 18, 0
1638, 39, 379, 446, 23, 0, 62.41%, 3, 0, 7, 451.68, 711776, 254, 18, 0
1643, 39, 391, 446, 23, 0, 62.41%, 3, 0, 7, 465.83, 714107, 254, 18, 0
1648, 39, 416, 446, 22, 0, 62.41%, 3, 0, 7, 435.35, 716249, 254, 18, 0
1653, 39, 422, 446, 22, 0, 62.41%, 3, 0, 7, 446.40, 718549, 254, 18, 0
1658, 39, 437, 446, 22, 0, 62.41%, 3, 0, 7, 451.78, 720842, 254, 18, 0
1663, 40, 105, 447, 23, 0, 62.41%, 3, 0, 7, 457.92, 723148, 254, 19, 0
1668, 40, 216, 447, 23, 0, 62.41%, 4, 0, 7, 468.74, 725522, 254, 21, 0
1673, 40, 318, 447, 23, 0, 62.41%, 4, 0, 7, 452.57, 727769, 254, 21, 0
1678, 40, 341, 447, 23, 0, 62.41%, 4, 0, 7, 463.05, 730085, 254, 21, 0
1683, 40, 377, 447, 23, 0, 62.41%, 4, 0, 7, 448.71, 732338, 254, 21, 0
1688, 40, 379, 447, 21, 0, 62.41%, 4, 0, 7, 432.39, 734468, 254, 21, 0
1693, 40, 392, 447, 20, 0, 62.41%, 4, 0, 7, 459.14, 736727, 254, 21, 0
1698, 40, 401, 447, 20, 0, 62.41%, 4, 0, 7, 430.29, 738868, 254, 21, 0
1703, 40, 406, 447, 19, 0, 62.41%, 4, 0, 7, 453.59, 741251, 254, 21, 0
1708, 40, 416, 447, 18, 0, 62.41%, 4, 0, 7, 457.30, 743529, 254, 21, 0
1713, 40, 417, 447, 18, 0, 62.41%, 4, 0, 7, 446.62, 745756, 254, 21, 0
1718, 40, 432, 447, 18, 0, 62.41%, 4, 0, 7, 453.99, 748084, 254, 22, 0
1724, 41, 195, 449, 19, 2, 62.65%, 4, 0, 7, 468.74, 750484, 255, 22, 0
1729, 41, 448, 449, 17, 1, 62.65%, 4, 0, 7, 483.86, 752868, 255, 22, 0
1734, 42, 92, 449, 16, 0, 62.65%, 4, 0, 7, 455.13, 755088, 255, 23, 0
1739, 42, 184, 449, 16, 0, 62.65%, 4, 0, 7, 443.73, 757327, 255, 23, 0
1744, 42, 307, 449, 16, 0, 62.65%, 4, 0, 7, 464.04, 759766, 255, 23, 0
1749, 42, 353, 449, 16, 0, 62.65%, 4, 0, 7, 430.18, 761905, 255, 23, 0
1754, 42, 379, 449, 15, 0, 62.65%, 4, 0, 7, 430.13, 764065, 255, 23, 0
1759, 42, 410, 449, 14, 0, 62.65%, 4, 0, 7, 469.63, 766505, 255, 23, 0
1764, 42, 416, 449, 14, 0, 62.65%, 4, 0, 7, 453.27, 768779, 255, 23, 0
1769, 42, 429, 449, 14, 0, 62.65%, 5, 0, 7, 466.48, 771171, 255, 24, 0
1774, 42, 442, 449, 12, 0, 62.65%, 5, 0, 7, 436.37, 773389, 255, 24, 0
1779, 42, 448, 450, 13, 0, 62.65%, 5, 0, 7, 444.74, 775668, 255, 24, 0
1784, 43, 105, 450, 12, 0, 62.65%, 5, 0, 7, 455.11, 777933, 255, 25, 0
1789, 43, 190, 450, 12, 0, 62.65%, 5, 0, 7, 438.65, 780157, 255, 25, 0
1794, 43, 314, 450, 12, 0, 62.65%, 5, 0, 7, 435.45, 782384, 255, 25, 0
1800, 43, 365, 450, 12, 0, 62.65%, 5, 0, 7, 430.82, 784608, 255, 25, 0
1805, 43, 416, 450, 11, 0, 62.65%, 5, 0, 7, 426.49, 786740, 255, 25, 0
1806, 43, 418, 450, 11, 0, 62.65%, 5, 0, 7, 426.37, 787361, 255, 25, 0
