# relative_time, cycles_done, cur_item, corpus_count, pending_total, pending_favs, map_size, saved_crashes, saved_hangs, max_depth, execs_per_sec, total_execs, edges_found, total_crashes, servers_count
61, 0, 0, 24, 19, 4, 20.64%, 0, 0, 2, 454.33, 27133, 84, 0, 0
66, 0, 0, 24, 19, 4, 20.64%, 0, 0, 2, 454.26, 29428, 84, 0, 0
71, 0, 0, 24, 19, 4, 20.64%, 0, 0, 2, 389.98, 31359, 84, 0, 0
76, 0, 0, 24, 19, 4, 20.64%, 0, 0, 2, 405.20, 33503, 84, 0, 0
81, 0, 0, 24, 19, 4, 20.64%, 0, 0, 2, 414.78, 35591, 84, 0, 0
86, 0, 0, 24, 19, 4, 20.64%, 0, 0, 2, 414.99, 37687, 84, 0, 0
91, 0, 3, 58, 52, 3, 32.43%, 0, 0, 2, 426.71, 39922, 132, 0, 0
96, 0, 8, 133, 126, 31, 37.59%, 0, 0, 2, 411.06, 41959, 153, 0, 0
101, 0, 8, 133, 126, 31, 37.59%, 0, 0, 2, 383.87, 43877, 153, 0, 0
107, 0, 8, 133, 126, 31, 37.59%, 0, 0, 2, 395.53, 45886, 153, 0, 0
112, 0, 10, 133, 125, 31, 37.59%, 0, 0, 2, 374.44, 47770, 153, 0, 0
117, 0, 18, 133, 118, 24, 37.59%, 0, 0, 2, 451.77, 50194, 153, 0, 0
122, 0, 23, 138, 121, 25, 44.72%, 0, 0, 3, 465.24, 52531, 182, 0, 0
127, 0, 51, 138, 116, 20, 44.72%, 0, 0, 3, 447.54, 54780, 182, 0, 0
132, 0, 52, 144, 121, 19, 44.72%, 0, 0, 3, 434.13, 56893, 182, 0, 0
137, 0, 52, 147, 124, 19, 44.72%, 0, 0, 3, 419.86, 59010, 182, 0, 0
142, 0, 52, 147, 124, 19, 44.72%, 0, 0, 3, 400.48, 61138, 182, 0, 0
147, 0, 85, 148, 123, 17, 44.72%, 0, 0, 3, 444.55, 63457, 182, 0, 0
152, 0, 102, 152, 124, 14, 44.72%, 0, 0, 3, 431.65, 65621, 182, 0, 0
158, 0, 116, 154, 122, 11, 44.72%, 0, 0, 3, 450.34, 67900, 182, 0, 0
163, 0, 116, 160, 128, 11, 45.45%, 0, 0, 3, 447.42, 70168, 185, 0, 0
168, 0, 116, 161, 129, 11, 45.45%, 0, 0, 3, 451.06, 72476, 185, 0, 0
173, 0, 116, 166, 134, 11, 45.45%, 0, 0, 3, 440.08, 74723, 185, 0, 0
178, 0, 116, 166, 134, 11, 45.45%, 0, 0, 3, 452.85, 77039, 185, 0, 0
183, 0, 125, 173, 138, 13, 46.19%, 1, 0, 3, 465.14, 79410, 188, 1, 0
188, 0, 127, 176, 139, 12, 46.19%, 1, 0, 3, 427.72, 81534, 188, 1, 0
193, 0, 135, 182, 143, 10, 46.19%, 1, 0, 4, 446.18, 83809, 188, 1, 0
198, 0, 135, 185, 146, 10, 46.19%, 1, 0, 4, 460.87, 86142, 188, 1, 0
203, 0, 135, 190, 151, 10, 46.44%, 1, 0, 4, 434.62, 88355, 189, 1, 0
208, 0, 154, 192, 149, 9, 46.68%, 1, 0, 4, 438.98, 90557, 190, 1, 0
213, 0, 154, 198, 155, 9, 46.68%, 1, 0, 4, 432.39, 92727, 190, 1, 0
218, 0, 154, 200, 157, 9, 46.68%, 1, 0, 4, 423.94, 94853, 190, 1, 0
224, 0, 154, 202, 159, 9, 46.68%, 1, 0, 4, 431.07, 97099, 190, 1, 0
229, 0, 154, 202, 159, 9, 46.68%, 1, 0, 4, 447.50, 99355, 190, 1, 0
234, 0, 169, 204, 157, 6, 46.68%, 1, 0, 4, 443.75, 101509, 190, 1, 0
239, 0, 174, 212, 164, 5, 46.68%, 1, 0, 4, 455.66, 103873, 190, 1, 0
244, 0, 174, 217, 169, 5, 47.42%, 1, 0, 4, 465.90, 106275, 193, 1, 0
249, 0, 174, 219, 171, 5, 47.42%, 1, 0, 4, 455.94, 108608, 193, 1, 0
254, 0, 184, 221, 172, 6, 47.42%, 1, 0, 5, 398.05, 110628, 193, 1, 0
259, 0, 201, 222, 170, 4, 47.67%, 1, 0, 5, 436.70, 112832, 194, 1, 0
264, 0, 207, 227, 174, 3, 47.67%, 1, 0, 5, 413.37, 114871, 194, 1, 0
269, 0, 207, 228, 175, 3, 47.67%, 1, 0, 5, 421.47, 117030, 194, 1, 0
274, 0, 207, 228, 175, 3, 47.67%, 1, 0, 5, 412.69, 119110, 194, 1, 0
279, 0, 207, 228, 175, 3, 47.67%, 1, 0, 5, 440.18, 121342, 194, 1, 0
285, 0, 207, 231, 178, 3, 47.67%, 1, 0, 5, 443.03, 123595, 194, 1, 0
290, 0, 213, 231, 177, 2, 47.67%, 1, 0, 5, 427.61, 125732, 194, 1, 0
295, 1, 0, 233, 175, 0, 47.91%, 1, 0, 6, 433.93, 127994, 195, 1, 0
300, 1, 219, 238, 177, 1, 48.40%, 1, 0, 6, 414.03, 130098, 197, 1, 0
305, 1, 219, 238, 177, 1, 48.40%, 1, 0, 6, 396.29, 132076, 197, 1, 0
310, 1, 237, 239, 176, 0, 48.40%, 1, 0, 6, 447.41, 134383, 197, 1, 0
315, 1, 238, 240, 176, 0, 48.40%, 1, 0, 7, 395.23, 136305, 197, 1, 0
320, 2, 242, 287, 218, 8, 49.63%, 1, 0, 7, 443.62, 138542, 202, 1, 0
325, 2, 242, 289, 220, 8, 49.63%, 1, 0, 7, 430.52, 140668, 202, 1, 0
330, 2, 242, 290, 221, 8, 49.63%, 1, 0, 7, 436.60, 142883, 202, 1, 0
335, 2, 242, 291, 222, 8, 49.63%, 1, 0, 7, 432.26, 145058, 202, 1, 0
340, 2, 242, 292, 223, 8, 49.63%, 1, 0, 7, 429.93, 147313, 202, 1, 0
345, 2, 248, 296, 224, 6, 50.37%, 1, 0, 7, 426.62, 149434, 205, 1, 0
351, 2, 278, 296, 220, 5, 50.37%, 1, 0, 7, 457.03, 151729, 205, 1, 0
356, 2, 294, 296, 217, 2, 50.37%, 1, 0, 7, 441.41, 153887, 205, 1, 0
361, 3, 301, 302, 215, 0, 51.11%, 1, 0, 7, 450.86, 156198, 208, 1, 0
366, 4, 51, 302, 208, 0, 51.11%, 1, 0, 7, 416.88, 158229, 208, 1, 0
371, 4, 106, 302, 195, 0, 51.11%, 1, 0, 7, 404.33, 160328, 208, 1, 0
376, 4, 302, 305, 190, 1, 51.11%, 1, 0, 7, 408.10, 162424, 208, 1, 0
381, 5, 36, 307, 189, 0, 51.11%, 1, 0, 7, 439.18, 164602, 208, 1, 0
386, 5, 79, 307, 174, 0, 51.11%, 1, 0, 7, 423.46, 166725, 208, 1, 0
391, 5, 154, 309, 167, 0, 51.11%, 1, 0, 7, 409.29, 168881, 208, 1, 0
397, 5, 186, 309, 160, 0, 51.11%, 1, 0, 7, 386.82, 170871, 208, 1, 0
402, 5, 210, 309, 153, 0, 51.11%, 1, 0, 7, 391.34, 172809, 208, 1, 0
407, 5, 234, 309, 148, 0, 51.11%, 1, 0, 7, 444.41, 175130, 208, 1, 0
412, 5, 266, 309, 142, 0, 51.11%, 1, 0, 7, 417.54, 177210, 208, 1, 0
417, 5, 294, 309, 139, 0, 51.11%, 1, 0, 7, 422.10, 179347, 208, 1, 0
422, 6, 35, 312, 138, 0, 51.11%, 1, 0, 7, 415.08, 181431, 208, 1, 0
427, 6, 126, 312, 132, 0, 51.11%, 1, 0, 7, 388.92, 183443, 208, 1, 0
432, 6, 190, 312, 125, 0, 51.11%, 1, 0, 7, 406.44, 185497, 208, 1, 0
437, 6, 212, 312, 122, 0, 51.11%, 1, 0, 7, 416.36, 187599, 208, 1, 0
442, 6, 253, 312, 119, 0, 51.11%, 1, 0, 7, 408.59, 189688, 208, 1, 0
447, 6, 260, 316, 122, 0, 51.11%, 1, 0, 7, 422.10, 191892, 208, 1, 0
452, 6, 260, 318, 124, 0, 51.11%, 1, 0, 7, 434.84, 194146, 208, 1, 0
457, 6, 260, 318, 124, 0, 51.11%, 1, 0, 7, 417.75, 196242, 208, 1, 0
463, 6, 260, 318, 124, 0, 51.11%, 1, 0, 7, 404.72, 198250, 208, 1, 0
468, 6, 270, 318, 121, 0, 51.11%, 1, 0, 7, 399.19, 200242, 208, 1, 0
473, 6, 290, 318, 114, 0, 51.11%, 1, 0, 7, 405.88, 202298, 208, 1, 0
478, 6, 312, 322, 116, 0, 51.11%, 1, 0, 7, 401.08, 204340, 208, 1, 0
483, 6, 312, 322, 116, 0, 51.11%, 1, 0, 7, 396.82, 206379, 208, 1, 0
488, 6, 312, 322, 116, 0, 51.11%, 1, 0, 7, 413.86, 208444, 208, 1, 0
493, 7, 12, 324, 117, 0, 51.11%, 1, 0, 7, 436.07, 210653, 208, 1, 0
498, 7, 85, 324, 114, 0, 51.11%, 1, 0, 7, 410.69, 212754, 208, 1, 0
503, 7, 172, 324, 103, 0, 51.11%, 1, 0, 7, 406.67, 214729, 208, 1, 0
508, 7, 213, 324, 98, 0, 51.11%, 1, 0, 7, 403.00, 216799, 208, 1, 0
513, 7, 254, 324, 93, 0, 51.11%, 1, 0, 7, 391.77, 218840, 208, 1, 0
518, 7, 290, 325, 88, 0, 51.11%, 1, 0, 7, 431.91, 221074, 208, 1, 0
523, 7, 320, 325, 84, 0, 51.11%, 1, 0, 7, 426.81, 223212, 208, 1, 0
529, 8, 325, 329, 85, 1, 51.35%, 1, 0, 7, 401.82, 225194, 209, 1, 0
534, 9, 7, 330, 84, 0, 51.35%, 1, 0, 7, 416.77, 227340, 209, 1, 0
539, 9, 104, 330, 82, 0, 51.35%, 1, 0, 7, 412.53, 229557, 209, 1, 0
544, 9, 201, 330, 75, 0, 51.35%, 1, 0, 7, 411.32, 231623, 209, 1, 0
549, 9, 247, 330, 73, 0, 51.35%, 1, 0, 7, 410.26, 233659, 209, 1, 0
554, 9, 299, 330, 71, 0, 51.35%, 1, 0, 7, 405.24, 235761, 209, 1, 0
559, 9, 316, 331, 70, 0, 51.35%, 1, 0, 7, 418.06, 237909, 209, 1, 0
564, 10, 24, 331, 67, 0, 51.35%, 1, 0, 7, 409.21, 239989, 209, 1, 0
569, 10, 138, 331, 64, 0, 51.35%, 1, 0, 7, 438.68, 242159, 209, 1, 0
574, 10, 210, 331, 60, 0, 51.35%, 1, 0, 7, 430.89, 244234, 209, 1, 0
579, 10, 253, 331, 59, 0, 51.35%, 1, 0, 7, 400.43, 246273, 209, 1, 0
584, 10, 313, 331, 58, 0, 51.35%, 1, 0, 7, 420.29, 248460, 209, 1, 0
589, 11, 331, 332, 57, 1, 51.60%, 1, 0, 7, 409.10, 250559, 210, 1, 0
594, 11, 331, 332, 57, 1, 51.60%, 1, 0, 7, 400.88, 252589, 210, 1, 0
600, 12, 81, 332, 53, 0, 51.60%, 1, 0, 7, 390.27, 254561, 210, 1, 0
605, 12, 332, 336, 56, 1, 52.58%, 7, 0, 7, 435.81, 256918, 214, 15, 0
610, 12, 332, 336, 56, 1, 52.58%, 10, 0, 7, 401.23, 258942, 214, 42, 0
615, 12, 332, 337, 57, 1, 52.58%, 10, 0, 7, 409.96, 261037, 214, 78, 0
620, 12, 332, 338, 58, 1, 52.58%, 10, 0, 7, 416.68, 263164, 214, 103, 0
625, 12, 332, 338, 58, 1, 52.58%, 11, 0, 7, 400.73, 265147, 214, 127, 0
630, 12, 332, 338, 58, 1, 52.58%, 11, 0, 7, 419.95, 267301, 214, 147, 0
635, 12, 332, 338, 58, 1, 52.58%, 11, 0, 7, 416.39, 269389, 214, 178, 0
640, 12, 332, 338, 58, 1, 52.58%, 11, 0, 7, 390.92, 271363, 214, 199, 0
645, 12, 332, 338, 58, 1, 52.58%, 11, 0, 7, 404.84, 273453, 214, 235, 0
651, 12, 332, 338, 58, 1, 52.58%, 11, 0, 7, 422.21, 275590, 214, 253, 0
656, 12, 332, 338, 58, 1, 52.58%, 11, 0, 7, 424.08, 277782, 214, 282, 0
661, 12, 332, 339, 59, 1, 52.83%, 11, 0, 7, 480.37, 280389, 215, 314, 0
666, 12, 332, 339, 59, 1, 52.83%, 11, 0, 7, 421.59, 282493, 215, 345, 0
671, 12, 332, 339, 59, 1, 52.83%, 11, 0, 7, 450.82, 284717, 215, 366, 0
676, 12, 332, 339, 59, 1, 52.83%, 11, 0, 7, 425.51, 286837, 215, 392, 0
681, 12, 332, 339, 59, 1, 52.83%, 11, 0, 7, 391.91, 288801, 215, 414, 0
686, 12, 332, 339, 59, 1, 52.83%, 11, 0, 7, 420.07, 291045, 215, 443, 0
691, 12, 332, 339, 59, 1, 52.83%, 11, 0, 7, 427.50, 293165, 215, 461, 0
696, 12, 333, 339, 58, 4, 52.83%, 11, 0, 7, 404.48, 295222, 215, 483, 0
702, 13, 9, 342, 57, 0, 52.83%, 11, 0, 7, 406.52, 297226, 215, 494, 0
707, 13, 96, 342, 54, 0, 52.83%, 11, 0, 7, 405.48, 299282, 215, 494, 0
712, 13, 201, 343, 50, 0, 52.83%, 11, 0, 7, 412.31, 301400, 215, 494, 0
717, 13, 241, 343, 49, 0, 52.83%, 13, 0, 7, 415.52, 303502, 215, 496, 0
722, 13, 282, 343, 46, 0, 52.83%, 13, 0, 7, 441.62, 305713, 215, 497, 0
727, 13, 325, 344, 43, 0, 52.83%, 14, 0, 7, 417.43, 307802, 215, 498, 0
732, 13, 329, 346, 44, 0, 52.83%, 14, 0, 7, 387.08, 309659, 215, 498, 0
737, 13, 344, 346, 43, 1, 52.83%, 15, 0, 7, 360.21, 311504, 215, 499, 0
742, 14, 85, 347, 42, 0, 52.83%, 15, 0, 7, 414.73, 313588, 215, 499, 0
747, 14, 213, 347, 39, 0, 52.83%, 15, 0, 7, 412.27, 315728, 215, 499, 0
752, 14, 347, 348, 38, 1, 53.07%, 15, 0, 7, 384.83, 317634, 216, 499, 0
757, 15, 62, 348, 37, 0, 53.07%, 15, 0, 7, 406.97, 319717, 216, 499, 0
762, 15, 244, 349, 36, 1, 53.07%, 15, 0, 7, 412.89, 321764, 216, 499, 0
767, 16, 63, 350, 36, 0, 53.07%, 15, 0, 7, 423.08, 323907, 216, 499, 0
772, 16, 191, 350, 34, 0, 53.07%, 15, 0, 7, 420.72, 326038, 216, 499, 0
778, 16, 221, 350, 33, 0, 53.07%, 15, 0, 7, 428.76, 328177, 216, 499, 0
783, 16, 282, 350, 32, 0, 53.07%, 15, 0, 7, 402.84, 330209, 216, 500, 0
788, 16, 333, 350, 32, 0, 53.07%, 15, 0, 7, 385.26, 332184, 216, 505, 0
793, 16, 343, 350, 30, 0, 53.07%, 15, 0, 7, 411.81, 334257, 216, 515, 0
798, 16, 347, 350, 29, 0, 53.07%, 15, 0, 7, 387.62, 336229, 216, 515, 0
803, 17, 34, 350, 28, 0, 53.07%, 15, 0, 7, 399.98, 338286, 216, 515, 0
808, 17, 150, 350, 26, 0, 53.07%, 15, 0, 7, 422.43, 340448, 216, 515, 0
813, 17, 209, 350, 25, 0, 53.07%, 15, 0, 7, 433.63, 342696, 216, 515, 0
818, 17, 253, 350, 22, 0, 53.07%, 15, 0, 7, 423.97, 344847, 216, 518, 0
823, 17, 313, 351, 23, 0, 53.07%, 15, 0, 7, 426.85, 347004, 216, 518, 0
828, 18, 14, 352, 22, 0, 53.07%, 15, 0, 7, 442.91, 349234, 216, 518, 0
833, 18, 155, 352, 22, 0, 53.07%, 15, 0, 7, 415.01, 351307, 216, 518, 0
839, 18, 238, 352, 22, 0, 53.07%, 15, 0, 7, 435.04, 353525, 216, 518, 0
844, 18, 296, 352, 20, 0, 53.07%, 15, 0, 7, 413.91, 355590, 216, 521, 0
849, 18, 334, 352, 19, 0, 53.07%, 15, 0, 7, 401.07, 357592, 216, 533, 0
854, 18, 344, 352, 18, 0, 53.07%, 15, 0, 7, 411.25, 359751, 216, 545, 0
859, 19, 24, 352, 16, 0, 53.07%, 15, 0, 7, 396.70, 361708, 216, 545, 0
864, 19, 154, 352, 14, 0, 53.07%, 15, 0, 7, 378.14, 363614, 216, 546, 0
869, 19, 213, 352, 14, 0, 53.07%, 15, 0, 7, 383.01, 365533, 216, 546, 0
874, 19, 241, 352, 13, 0, 53.07%, 15, 0, 7, 370.71, 367400, 216, 549, 0
879, 19, 306, 352, 13, 0, 53.07%, 15, 0, 7, 354.40, 369180, 216, 550, 0
884, 19, 336, 352, 11, 0, 53.07%, 15, 0, 7, 365.13, 371027, 216, 551, 0
889, 19, 351, 353, 11, 0, 53.07%, 15, 0, 7, 376.65, 372877, 216, 552, 0
895, 21, 29, 355, 10, 0, 53.07%, 15, 0, 7, 388.14, 374902, 216, 552, 0
900, 21, 136, 355, 9, 0, 53.07%, 15, 0, 7, 384.39, 376854, 216, 553, 0
905, 21, 215, 355, 9, 0, 53.07%, 15, 0, 7, 396.64, 378893, 216, 553, 0
906, 21, 239, 355, 9, 0, 53.07%, 15, 0, 7, 385.45, 379500, 216, 553, 0
