# relative_time, cycles_done, cur_item, corpus_count, pending_total, pending_favs, map_size, saved_crashes, saved_hangs, max_depth, execs_per_sec, total_execs, edges_found, total_crashes, servers_count
60, 0, 9, 66, 61, 3, 30.22%, 0, 0, 2, 499.98, 27672, 123, 0, 0
65, 0, 9, 68, 63, 3, 30.22%, 0, 0, 2, 465.38, 29931, 123, 0, 0
70, 0, 9, 69, 64, 3, 30.22%, 0, 0, 2, 470.28, 32247, 123, 0, 0
75, 0, 9, 70, 65, 3, 30.22%, 0, 0, 2, 434.74, 34393, 123, 0, 0
81, 0, 9, 71, 66, 3, 30.22%, 0, 0, 2, 489.38, 36897, 123, 0, 0
86, 0, 9, 71, 66, 3, 30.22%, 0, 0, 2, 447.40, 39137, 123, 0, 0
91, 0, 9, 72, 67, 3, 30.22%, 0, 0, 2, 446.33, 41400, 123, 0, 0
96, 0, 9, 72, 67, 3, 30.22%, 0, 0, 2, 401.91, 43448, 123, 0, 0
101, 0, 9, 72, 67, 3, 30.22%, 0, 0, 2, 418.62, 45520, 123, 0, 0
106, 0, 9, 73, 68, 3, 30.47%, 0, 0, 2, 425.02, 47727, 124, 0, 0
111, 0, 9, 73, 68, 3, 30.47%, 0, 0, 2, 413.52, 49903, 124, 0, 0
116, 0, 9, 73, 68, 3, 30.47%, 0, 0, 2, 417.05, 51991, 124, 0, 0
121, 0, 9, 73, 68, 3, 30.47%, 0, 0, 2, 404.82, 54023, 124, 0, 0
126, 0, 103, 104, 94, 22, 33.91%, 0, 0, 4, 432.03, 56239, 138, 0, 0
131, 0, 95, 107, 90, 15, 33.91%, 0, 0, 4, 423.30, 58331, 138, 0, 0
136, 0, 95, 112, 95, 15, 33.91%, 0, 0, 4, 446.86, 60582, 138, 0, 0
142, 0, 95, 112, 95, 15, 33.91%, 0, 0, 4, 479.90, 63036, 138, 0, 0
147, 0, 95, 113, 96, 15, 33.91%, 0, 0, 4, 492.65, 65500, 138, 0, 0
152, 0, 95, 114, 97, 15, 33.91%, 0, 0, 4, 442.46, 67644, 138, 0, 0
157, 0, 117, 120, 101, 18, 36.12%, 0, 0, 4, 404.91, 69729, 147, 0, 0
162, 0, 115, 128, 107, 16, 36.86%, 1, 0, 4, 433.20, 71972, 150, 1, 0
167, 0, 115, 133, 112, 16, 37.59%, 1, 0, 4, 452.26, 74256, 153, 1, 0
172, 0, 47, 134, 112, 17, 37.84%, 1, 0, 4, 448.51, 76521, 154, 1, 0
177, 0, 47, 140, 118, 17, 37.84%, 1, 0, 4, 434.09, 78734, 154, 1, 0
182, 0, 47, 143, 121, 17, 37.84%, 1, 0, 4, 409.37, 80771, 154, 1, 0
187, 0, 47, 143, 121, 17, 37.84%, 1, 0, 4, 429.22, 82995, 154, 1, 0
192, 0, 47, 143, 121, 17, 37.84%, 1, 0, 4, 457.73, 85297, 154, 1, 0
197, 0, 144, 146, 121, 16, 38.57%, 1, 0, 4, 474.15, 87726, 157, 1, 0
202, 0, 128, 147, 120, 15, 38.57%, 1, 0, 4, 469.55, 90246, 157, 1, 0
208, 0, 32, 148, 118, 12, 38.57%, 1, 0, 4, 440.96, 92458, 157, 1, 0
213, 0, 8, 150, 117, 10, 38.57%, 1, 0, 4, 427.04, 94624, 157, 1, 0
218, 0, 8, 151, 118, 10, 38.57%, 1, 0, 4, 403.93, 96687, 157, 1, 0
223, 0, 8, 151, 118, 10, 38.57%, 1, 0, 4, 377.66, 98528, 157, 1, 0
228, 0, 8, 151, 118, 10, 38.57%, 1, 0, 4, 382.42, 100453, 157, 1, 0
233, 0, 23, 153, 118, 8, 38.82%, 1, 0, 4, 425.61, 102764, 158, 1, 0
238, 0, 23, 155, 120, 8, 38.82%, 1, 0, 4, 427.50, 104914, 158, 1, 0
243, 0, 23, 156, 121, 8, 38.82%, 1, 0, 4, 422.04, 107025, 158, 1, 0
248, 0, 23, 157, 122, 8, 38.82%, 1, 0, 4, 402.99, 109072, 158, 1, 0
253, 0, 23, 161, 126, 8, 38.82%, 1, 0, 4, 398.38, 111007, 158, 1, 0
258, 0, 119, 161, 123, 7, 38.82%, 1, 0, 4, 420.83, 113130, 158, 1, 0
263, 0, 155, 163, 122, 4, 38.82%, 1, 0, 4, 480.77, 115589, 158, 1, 0
269, 0, 155, 172, 131, 4, 38.82%, 1, 0, 4, 438.69, 117714, 158, 1, 0
274, 0, 155, 174, 133, 4, 38.82%, 1, 0, 4, 438.08, 119921, 158, 1, 0
279, 0, 155, 174, 133, 4, 38.82%, 1, 0, 4, 459.52, 122300, 158, 1, 0
284, 0, 155, 175, 134, 4, 38.82%, 1, 0, 4, 450.76, 124656, 158, 1, 0
289, 0, 155, 176, 135, 4, 38.82%, 1, 0, 4, 447.16, 126904, 158, 1, 0
294, 0, 155, 176, 135, 4, 38.82%, 1, 0, 4, 447.33, 129037, 158, 1, 0
299, 0, 155, 179, 138, 4, 38.82%, 1, 0, 4, 444.87, 131364, 158, 1, 0
304, 0, 155, 179, 138, 4, 38.82%, 1, 0, 4, 439.30, 133572, 158, 1, 0
309, 0, 155, 179, 138, 4, 38.82%, 1, 0, 4, 437.96, 135804, 158, 1, 0
315, 0, 155, 179, 138, 4, 38.82%, 1, 0, 4, 462.50, 138112, 158, 1, 0
320, 0, 155, 179, 138, 4, 38.82%, 1, 0, 4, 428.03, 140268, 158, 1, 0
325, 0, 155, 180, 139, 4, 38.82%, 1, 0, 4, 443.53, 142563, 158, 1, 0
330, 0, 155, 181, 140, 4, 39.07%, 1, 0, 4, 451.84, 144813, 159, 1, 0
335, 0, 155, 181, 140, 4, 39.07%, 1, 0, 4, 448.74, 147009, 159, 1, 0
340, 0, 155, 182, 141, 4, 39.31%, 1, 0, 4, 441.16, 149225, 160, 1, 0
345, 0, 155, 182, 141, 4, 39.31%, 1, 0, 4, 428.29, 151369, 160, 1, 0
350, 0, 155, 182, 141, 4, 39.31%, 1, 0, 4, 464.04, 153793, 160, 1, 0
355, 0, 155, 182, 141, 4, 39.31%, 1, 0, 4, 485.30, 156241, 160, 1, 0
360, 0, 155, 182, 141, 4, 39.31%, 1, 0, 4, 451.11, 158473, 160, 1, 0
365, 0, 155, 182, 141, 4, 39.31%, 1, 0, 4, 442.38, 160761, 160, 1, 0
370, 0, 155, 182, 141, 4, 39.31%, 1, 0, 4, 461.17, 163099, 160, 1, 0
375, 0, 155, 182, 141, 4, 39.31%, 1, 0, 4, 475.59, 165538, 160, 1, 0
381, 0, 172, 182, 139, 7, 39.31%, 1, 0, 4, 443.17, 167732, 160, 1, 0
386, 0, 122, 182, 135, 3, 39.31%, 1, 0, 4, 438.52, 169951, 160, 1, 0
391, 0, 177, 183, 134, 1, 39.31%, 1, 0, 5, 416.04, 172163, 160, 1, 0
396, 0, 105, 185, 133, 0, 39.31%, 1, 0, 5, 436.00, 174399, 160, 1, 0
401, 0, 156, 185, 128, 0, 39.31%, 1, 0, 5, 426.81, 176495, 160, 1, 0
406, 0, 143, 185, 125, 0, 39.31%, 1, 0, 5, 442.32, 178712, 160, 1, 0
411, 0, 184, 186, 124, 0, 39.31%, 1, 0, 5, 423.82, 180855, 160, 1, 0
416, 0, 181, 186, 121, 0, 39.31%, 1, 0, 5, 432.21, 183090, 160, 1, 0
421, 0, 177, 189, 122, 0, 39.31%, 1, 0, 5, 426.34, 185214, 160, 1, 0
426, 0, 33, 189, 119, 0, 39.31%, 1, 0, 5, 431.46, 187432, 160, 1, 0
432, 0, 105, 189, 117, 0, 39.31%, 1, 0, 5, 475.20, 189969, 160, 1, 0
437, 0, 88, 189, 114, 0, 39.31%, 1, 0, 5, 450.68, 192228, 160, 1, 0
442, 0, 28, 190, 114, 0, 39.31%, 1, 0, 5, 423.88, 194346, 160, 1, 0
447, 0, 146, 190, 109, 0, 39.31%, 1, 0, 5, 445.94, 196616, 160, 1, 0
452, 0, 86, 190, 108, 0, 39.31%, 1, 0, 5, 451.64, 198935, 160, 1, 0
457, 0, 86, 196, 114, 0, 39.56%, 1, 0, 5, 416.45, 201077, 161, 1, 0
462, 0, 86, 197, 115, 0, 39.56%, 1, 0, 5, 421.24, 203204, 161, 1, 0
467, 0, 86, 197, 115, 0, 39.56%, 1, 0, 5, 398.08, 205177, 161, 1, 0
472, 0, 86, 197, 115, 0, 39.56%, 1, 0, 5, 388.38, 207193, 161, 1, 0
477, 0, 86, 198, 116, 0, 39.56%, 1, 0, 5, 391.79, 209174, 161, 1, 0
482, 0, 86, 199, 117, 0, 39.56%, 1, 0, 5, 427.00, 211218, 161, 1, 0
487, 0, 191, 200, 117, 1, 39.56%, 1, 0, 5, 419.87, 213281, 161, 1, 0
492, 0, 106, 200, 113, 0, 39.56%, 1, 0, 5, 462.08, 215601, 161, 1, 0
498, 0, 103, 200, 112, 0, 39.56%, 1, 0, 5, 438.26, 217844, 161, 1, 0
503, 0, 146, 200, 109, 0, 39.56%, 1, 0, 5, 436.40, 220048, 161, 1, 0
508, 1, 48, 200, 106, 0, 39.56%, 1, 0, 5, 445.30, 222355, 161, 1, 0
513, 1, 193, 200, 104, 0, 39.56%, 1, 0, 5, 448.03, 224627, 161, 1, 0
518, 1, 78, 202, 102, 0, 39.56%, 1, 0, 5, 426.22, 226760, 161, 1, 0
523, 1, 100, 202, 98, 0, 39.56%, 1, 0, 5, 418.77, 228826, 161, 1, 0
528, 1, 161, 202, 94, 0, 39.56%, 1, 0, 5, 465.71, 231215, 161, 1, 0
533, 1, 57, 202, 89, 0, 39.56%, 1, 0, 5, 420.75, 233305, 161, 1, 0
538, 1, 90, 203, 85, 0, 39.56%, 1, 0, 5, 386.36, 235249, 161, 1, 0
543, 1, 3, 203, 82, 0, 39.56%, 1, 0, 5, 405.01, 237330, 161, 1, 0
549, 1, 130, 204, 81, 0, 39.56%, 1, 0, 5, 430.39, 239458, 161, 1, 0
554, 1, 115, 204, 78, 0, 39.56%, 1, 0, 5, 401.42, 241497, 161, 1, 0
559, 1, 80, 204, 75, 0, 39.56%, 1, 0, 5, 431.45, 243689, 161, 1, 0
564, 1, 195, 204, 71, 0, 39.56%, 1, 0, 5, 429.00, 245935, 161, 1, 0
569, 1, 188, 206, 72, 0, 39.56%, 1, 0, 5, 420.40, 248116, 161, 1, 0
574, 1, 177, 206, 71, 0, 39.56%, 2, 0, 5, 417.08, 250236, 161, 2, 0
579, 1, 116, 206, 68, 0, 39.56%, 2, 0, 5, 425.81, 252415, 161, 2, 0
584, 1, 202, 212, 72, 0, 39.56%, 2, 0, 6, 463.95, 254721, 161, 2, 0
589, 1, 202, 212, 72, 0, 39.56%, 2, 0, 6, 457.70, 256971, 161, 2, 0
594, 1, 115, 212, 71, 0, 39.56%, 2, 0, 6, 421.43, 259060, 161, 2, 0
599, 1, 205, 215, 74, 0, 39.56%, 2, 0, 6, 418.43, 261157, 161, 2, 0
604, 1, 205, 217, 76, 0, 39.56%, 2, 0, 6, 449.92, 263555, 161, 2, 0
609, 1, 205, 217, 76, 0, 39.56%, 2, 0, 6, 433.77, 265723, 161, 2, 0
614, 1, 205, 219, 78, 0, 39.56%, 2, 0, 6, 428.58, 267849, 161, 2, 0
619, 1, 81, 219, 77, 0, 39.56%, 2, 0, 6, 400.57, 269873, 161, 2, 0
624, 1, 214, 219, 73, 0, 39.56%, 2, 0, 6, 417.08, 272030, 161, 2, 0
630, 1, 204, 221, 74, 0, 39.56%, 2, 0, 6, 386.13, 274045, 161, 2, 0
635, 1, 126, 221, 70, 0, 39.56%, 2, 0, 6, 419.47, 276254, 161, 2, 0
640, 1, 126, 225, 74, 0, 39.56%, 2, 0, 6, 410.60, 278370, 161, 2, 0
645, 1, 64, 225, 72, 0, 39.56%, 2, 0, 6, 433.77, 280581, 161, 2, 0
650, 1, 178, 226, 70, 0, 39.56%, 2, 0, 6, 455.86, 282884, 161, 2, 0
655, 1, 71, 226, 67, 0, 39.56%, 2, 0, 6, 417.45, 284932, 161, 2, 0
660, 1, 107, 226, 61, 0, 39.56%, 2, 0, 6, 395.48, 286913, 161, 2, 0
665, 1, 43, 227, 58, 0, 39.56%, 2, 0, 6, 429.19, 289128, 161, 2, 0
670, 1, 181, 228, 54, 0, 39.80%, 2, 0, 6, 439.95, 291308, 162, 2, 0
675, 1, 180, 228, 52, 0, 39.80%, 2, 0, 6, 421.74, 293382, 162, 2, 0
680, 1, 177, 228, 49, 0, 39.80%, 2, 0, 6, 434.77, 295555, 162, 2, 0
686, 1, 165, 228, 47, 0, 39.80%, 2, 0, 6, 440.54, 297769, 162, 2, 0
691, 1, 206, 228, 46, 0, 39.80%, 2, 0, 6, 444.03, 300033, 162, 2, 0
696, 1, 222, 229, 45, 0, 39.80%, 2, 0, 6, 433.59, 302206, 162, 2, 0
701, 1, 224, 230, 43, 0, 39.80%, 2, 0, 6, 434.09, 304420, 162, 2, 0
706, 1, 229, 230, 39, 0, 39.80%, 2, 0, 6, 452.37, 306743, 162, 2, 0
711, 1, 115, 230, 36, 0, 39.80%, 2, 0, 6, 526.43, 309399, 162, 2, 0
716, 2, 290, 305, 111, 17, 51.11%, 2, 0, 6, 448.74, 311620, 208, 2, 0
721, 2, 260, 305, 109, 16, 51.11%, 2, 0, 6, 438.86, 313876, 208, 2, 0
726, 2, 304, 305, 107, 14, 51.11%, 2, 0, 6, 422.05, 315994, 208, 2, 0
731, 2, 259, 305, 104, 11, 51.11%, 2, 0, 6, 447.19, 318211, 208, 2, 0
736, 2, 305, 307, 105, 12, 51.35%, 2, 0, 6, 439.44, 320408, 209, 2, 0
741, 2, 306, 307, 102, 9, 51.35%, 2, 0, 6, 480.40, 322951, 209, 2, 0
746, 2, 276, 307, 100, 8, 51.35%, 2, 0, 6, 470.55, 325250, 209, 2, 0
752, 2, 276, 307, 100, 8, 51.35%, 2, 0, 6, 430.67, 327384, 209, 2, 0
757, 2, 301, 308, 100, 7, 51.35%, 2, 0, 6, 403.43, 329382, 209, 2, 0
762, 2, 249, 308, 98, 5, 51.35%, 2, 0, 6, 447.29, 331672, 209, 2, 0
767, 2, 236, 308, 95, 4, 51.35%, 2, 0, 6, 415.62, 333790, 209, 2, 0
772, 2, 239, 308, 93, 2, 51.35%, 3, 0, 6, 459.12, 336113, 209, 3, 0
777, 2, 184, 308, 90, 1, 51.35%, 3, 0, 6, 436.47, 338292, 209, 3, 0
782, 2, 251, 308, 89, 1, 51.35%, 3, 0, 6, 450.33, 340610, 209, 3, 0
787, 2, 203, 308, 87, 0, 51.35%, 3, 0, 6, 450.27, 342899, 209, 3, 0
792, 2, 216, 308, 85, 0, 51.35%, 3, 0, 6, 427.84, 344995, 209, 3, 0
797, 2, 291, 308, 83, 0, 51.35%, 3, 0, 6, 426.51, 347160, 209, 3, 0
803, 2, 282, 308, 82, 0, 51.35%, 3, 0, 6, 423.78, 349292, 209, 3, 0
808, 2, 265, 308, 79, 0, 51.35%, 3, 0, 6, 410.12, 351397, 209, 3, 0
813, 2, 196, 308, 78, 0, 51.35%, 3, 0, 6, 433.51, 353654, 209, 3, 0
818, 2, 228, 308, 75, 0, 51.35%, 3, 0, 6, 404.60, 355649, 209, 3, 0
823, 2, 300, 308, 73, 0, 51.35%, 3, 0, 6, 431.83, 357825, 209, 3, 0
828, 2, 240, 308, 71, 0, 51.35%, 4, 0, 6, 448.89, 360174, 209, 4, 0
833, 2, 115, 308, 69, 0, 51.35%, 4, 0, 6, 426.71, 362318, 209, 4, 0
838, 2, 187, 308, 68, 0, 51.35%, 4, 0, 6, 474.48, 364713, 209, 4, 0
843, 2, 231, 308, 65, 0, 51.35%, 4, 0, 6, 463.56, 367063, 209, 4, 0
848, 2, 287, 308, 63, 0, 51.35%, 4, 0, 6, 438.90, 369277, 209, 4, 0
854, 2, 74, 308, 59, 0, 51.35%, 4, 0, 6, 494.41, 371754, 209, 4, 0
859, 2, 11, 308, 57, 0, 51.35%, 4, 0, 6, 447.12, 374023, 209, 4, 0
864, 2, 105, 308, 56, 0, 51.35%, 4, 0, 6, 445.87, 376219, 209, 4, 0
869, 2, 191, 308, 54, 0, 51.35%, 4, 0, 6, 432.13, 378414, 209, 4, 0
874, 2, 219, 308, 53, 0, 51.35%, 4, 0, 6, 430.01, 380705, 209, 4, 0
879, 2, 271, 308, 51, 0, 51.35%, 4, 0, 6, 443.55, 382942, 209, 4, 0
884, 2, 199, 308, 50, 0, 51.35%, 4, 0, 6, 414.62, 384966, 209, 4, 0
889, 2, 288, 308, 47, 0, 51.35%, 4, 0, 6, 438.62, 387220, 209, 5, 0
894, 2, 85, 308, 46, 0, 51.35%, 5, 0, 6, 428.46, 389457, 209, 6, 0
899, 2, 307, 308, 44, 0, 51.35%, 5, 0, 6, 418.14, 391620, 209, 6, 0
900, 2, 307, 310, 46, 0, 51.35%, 5, 0, 6, 417.88, 391941, 209, 6, 0
