# relative_time, cycles_done, cur_item, corpus_count, pending_total, pending_favs, map_size, saved_crashes, saved_hangs, max_depth, execs_per_sec, total_execs, edges_found, total_crashes, servers_count
60, 0, 9, 87, 82, 4, 31.70%, 0, 0, 2, 451.29, 26877, 129, 0, 0
66, 0, 9, 88, 83, 4, 31.70%, 0, 0, 2, 429.42, 29050, 129, 0, 0
71, 0, 9, 88, 83, 4, 31.70%, 0, 0, 2, 440.25, 31314, 129, 0, 0
76, 0, 9, 89, 84, 4, 31.70%, 0, 0, 2, 473.97, 33659, 129, 0, 0
81, 0, 9, 89, 84, 4, 31.70%, 0, 0, 2, 461.57, 36026, 129, 0, 0
86, 0, 9, 91, 86, 4, 31.70%, 0, 0, 2, 446.00, 38287, 129, 0, 0
91, 0, 9, 92, 87, 4, 31.70%, 0, 0, 2, 433.16, 40438, 129, 0, 0
96, 0, 9, 94, 89, 4, 31.70%, 0, 0, 2, 437.71, 42716, 129, 0, 0
101, 0, 9, 96, 91, 4, 31.70%, 0, 0, 2, 432.20, 44914, 129, 0, 0
106, 0, 9, 96, 91, 4, 31.70%, 0, 0, 2, 424.67, 47091, 129, 0, 0
111, 0, 9, 96, 91, 4, 31.70%, 0, 0, 2, 449.46, 49405, 129, 0, 0
116, 0, 9, 96, 91, 4, 31.70%, 0, 0, 2, 442.09, 51595, 129, 0, 0
121, 0, 9, 96, 91, 4, 31.70%, 0, 0, 2, 430.38, 53787, 129, 0, 0
126, 0, 102, 116, 103, 22, 36.12%, 0, 0, 3, 437.88, 55994, 147, 0, 0
131, 0, 30, 121, 106, 21, 36.12%, 0, 0, 3, 425.92, 58087, 147, 0, 0
136, 0, 98, 124, 106, 20, 36.12%, 0, 0, 3, 427.62, 60272, 147, 0, 0
141, 0, 100, 131, 112, 20, 37.10%, 1, 0, 3, 434.89, 62453, 151, 1, 0
146, 0, 128, 133, 112, 21, 37.10%, 1, 0, 3, 452.53, 64734, 151, 1, 0
151, 0, 118, 145, 122, 19, 38.82%, 1, 0, 3, 454.82, 67000, 158, 1, 0
157, 0, 65, 154, 128, 16, 38.82%, 1, 0, 3, 428.10, 69246, 158, 1, 0
162, 0, 65, 156, 130, 16, 38.82%, 1, 0, 3, 469.70, 71612, 158, 1, 0
167, 0, 65, 158, 132, 16, 38.82%, 1, 0, 3, 447.05, 73876, 158, 1, 0
172, 0, 65, 159, 133, 16, 38.82%, 1, 0, 3, 472.23, 76241, 158, 1, 0
177, 0, 65, 161, 135, 16, 38.82%, 1, 0, 3, 451.49, 78524, 158, 1, 0
182, 0, 65, 161, 135, 16, 38.82%, 1, 0, 3, 454.13, 80801, 158, 1, 0
187, 0, 65, 161, 135, 16, 38.82%, 1, 0, 3, 456.89, 83141, 158, 1, 0
192, 0, 65, 162, 136, 16, 38.82%, 1, 0, 3, 464.07, 85515, 158, 1, 0
197, 0, 65, 162, 136, 16, 38.82%, 1, 0, 3, 458.88, 87819, 158, 1, 0
202, 0, 65, 162, 136, 16, 38.82%, 1, 0, 3, 445.76, 90071, 158, 1, 0
207, 0, 65, 163, 137, 16, 38.82%, 1, 0, 3, 414.49, 92142, 158, 1, 0
212, 0, 65, 163, 137, 16, 38.82%, 1, 0, 3, 442.83, 94422, 158, 1, 0
217, 0, 65, 165, 139, 16, 38.82%, 1, 0, 3, 452.80, 96768, 158, 1, 0
223, 0, 65, 165, 139, 16, 38.82%, 1, 0, 3, 433.31, 98996, 158, 1, 0
228, 0, 65, 165, 139, 16, 38.82%, 1, 0, 3, 440.76, 101236, 158, 1, 0
233, 0, 65, 166, 140, 16, 38.82%, 1, 0, 3, 447.51, 103547, 158, 1, 0
238, 0, 65, 166, 140, 16, 38.82%, 1, 0, 3, 435.46, 105763, 158, 1, 0
243, 0, 65, 166, 140, 16, 38.82%, 1, 0, 3, 451.67, 108003, 158, 1, 0
248, 0, 65, 166, 140, 16, 38.82%, 1, 0, 3, 437.17, 110243, 158, 1, 0
253, 0, 65, 166, 140, 16, 38.82%, 1, 0, 3, 477.76, 112633, 158, 1, 0
258, 0, 65, 166, 140, 16, 38.82%, 1, 0, 3, 446.95, 114847, 158, 1, 0
263, 0, 65, 168, 142, 16, 38.82%, 1, 0, 3, 430.34, 117018, 158, 1, 0
268, 0, 65, 168, 142, 16, 38.82%, 1, 0, 3, 449.52, 119307, 158, 1, 0
273, 0, 138, 173, 146, 15, 38.82%, 1, 0, 4, 442.08, 121506, 158, 1, 0
279, 0, 138, 178, 151, 15, 38.82%, 1, 0, 4, 433.54, 123715, 158, 1, 0
284, 0, 138, 181, 154, 15, 38.82%, 1, 0, 4, 434.27, 125888, 158, 1, 0
289, 0, 138, 184, 157, 15, 38.82%, 2, 0, 4, 424.76, 128005, 158, 2, 0
294, 0, 138, 186, 159, 15, 38.82%, 2, 0, 4, 427.17, 130219, 158, 2, 0
299, 0, 138, 186, 159, 15, 38.82%, 2, 0, 4, 416.45, 132363, 158, 2, 0
304, 0, 138, 186, 159, 15, 38.82%, 2, 0, 4, 463.91, 134772, 158, 2, 0
309, 0, 138, 187, 160, 15, 38.82%, 2, 0, 4, 433.83, 136970, 158, 2, 0
314, 0, 138, 190, 163, 15, 38.82%, 2, 0, 4, 411.92, 139063, 158, 2, 0
319, 0, 138, 190, 163, 15, 38.82%, 2, 0, 4, 437.57, 141343, 158, 2, 0
324, 0, 138, 190, 163, 15, 38.82%, 2, 0, 4, 424.47, 143503, 158, 2, 0
329, 0, 138, 190, 163, 15, 38.82%, 2, 0, 4, 406.53, 145599, 158, 2, 0
334, 0, 138, 191, 164, 15, 38.82%, 2, 0, 4, 446.97, 147902, 158, 2, 0
339, 0, 138, 192, 165, 15, 38.82%, 2, 0, 4, 430.09, 150005, 158, 2, 0
345, 0, 138, 193, 166, 15, 38.82%, 2, 0, 4, 433.19, 152236, 158, 2, 0
350, 0, 138, 193, 166, 15, 38.82%, 2, 0, 4, 438.50, 154516, 158, 2, 0
355, 0, 138, 193, 166, 15, 38.82%, 2, 0, 4, 451.65, 156871, 158, 2, 0
360, 0, 138, 194, 167, 15, 38.82%, 2, 0, 4, 438.93, 159115, 158, 2, 0
365, 0, 138, 194, 167, 15, 38.82%, 2, 0, 4, 482.45, 161585, 158, 2, 0
370, 0, 138, 194, 167, 15, 38.82%, 2, 0, 4, 452.76, 163844, 158, 2, 0
375, 0, 138, 195, 168, 15, 38.82%, 2, 0, 4, 485.72, 166371, 158, 2, 0
380, 0, 138, 195, 168, 15, 38.82%, 2, 0, 4, 444.64, 168562, 158, 2, 0
385, 0, 138, 196, 169, 15, 38.82%, 2, 0, 4, 429.34, 170689, 158, 2, 0
390, 0, 170, 196, 168, 15, 38.82%, 2, 0, 4, 466.41, 173109, 158, 2, 0
395, 0, 139, 197, 167, 13, 38.82%, 2, 0, 4, 447.24, 175343, 158, 2, 0
400, 0, 109, 199, 167, 11, 39.07%, 2, 0, 4, 443.41, 177626, 159, 2, 0
406, 0, 109, 199, 167, 11, 39.07%, 2, 0, 4, 415.35, 179715, 159, 2, 0
411, 0, 109, 199, 167, 11, 39.07%, 2, 0, 4, 398.81, 181699, 159, 2, 0
416, 0, 109, 199, 167, 11, 39.07%, 2, 0, 4, 402.46, 183707, 159, 2, 0
421, 0, 104, 201, 165, 7, 39.07%, 2, 0, 4, 421.25, 185888, 159, 2, 0
426, 0, 15, 201, 162, 4, 39.07%, 2, 0, 4, 412.61, 187914, 159, 2, 0
431, 0, 182, 201, 157, 0, 39.07%, 2, 0, 4, 425.35, 190050, 159, 2, 0
436, 0, 25, 201, 153, 0, 39.07%, 2, 0, 4, 449.37, 192334, 159, 2, 0
441, 0, 170, 201, 150, 0, 39.07%, 2, 0, 4, 444.74, 194528, 159, 2, 0
446, 0, 132, 201, 148, 0, 39.07%, 2, 0, 4, 453.21, 196824, 159, 2, 0
451, 0, 16, 201, 145, 0, 39.07%, 2, 0, 4, 451.41, 199137, 159, 2, 0
456, 0, 43, 201, 143, 0, 39.07%, 2, 0, 4, 439.58, 201367, 159, 2, 0
461, 0, 63, 201, 140, 0, 39.07%, 2, 0, 4, 455.81, 203664, 159, 2, 0
466, 0, 149, 201, 139, 0, 39.07%, 2, 0, 4, 448.61, 205911, 159, 2, 0
471, 0, 59, 203, 137, 0, 39.07%, 2, 0, 4, 450.34, 208146, 159, 2, 0
476, 0, 170, 204, 136, 0, 39.07%, 2, 0, 5, 440.88, 210338, 159, 2, 0
481, 0, 175, 204, 136, 0, 39.07%, 2, 0, 5, 454.33, 212648, 159, 2, 0
486, 0, 195, 204, 135, 0, 39.07%, 2, 0, 5, 449.86, 214917, 159, 2, 0
492, 0, 195, 207, 138, 0, 39.07%, 2, 0, 5, 464.46, 217319, 159, 2, 0
497, 0, 89, 207, 136, 0, 39.07%, 2, 0, 5, 439.23, 219600, 159, 2, 0
502, 0, 203, 207, 134, 0, 39.07%, 2, 0, 5, 425.80, 221814, 159, 2, 0
507, 0, 170, 207, 131, 0, 39.07%, 2, 0, 5, 472.03, 224194, 159, 2, 0
512, 0, 110, 207, 131, 0, 39.07%, 2, 0, 5, 447.16, 226434, 159, 2, 0
517, 0, 170, 207, 128, 0, 39.07%, 2, 0, 5, 430.97, 228600, 159, 2, 0
522, 0, 170, 207, 128, 0, 39.07%, 2, 0, 5, 458.88, 230867, 159, 2, 0
527, 0, 134, 207, 128, 0, 39.07%, 2, 0, 5, 433.27, 233055, 159, 2, 0
532, 0, 207, 208, 127, 0, 39.07%, 2, 0, 5, 441.75, 235345, 159, 2, 0
537, 1, 127, 208, 122, 0, 39.07%, 2, 0, 5, 475.24, 237712, 159, 2, 0
542, 1, 170, 208, 118, 0, 39.07%, 2, 0, 5, 451.23, 239965, 159, 2, 0
547, 1, 209, 210, 119, 1, 39.31%, 2, 0, 5, 433.14, 242156, 160, 2, 0
552, 1, 86, 210, 116, 0, 39.31%, 2, 0, 5, 442.59, 244419, 160, 2, 0
557, 1, 105, 210, 110, 0, 39.31%, 2, 0, 5, 446.22, 246645, 160, 2, 0
562, 1, 50, 210, 106, 0, 39.31%, 2, 0, 5, 433.73, 248910, 160, 2, 0
567, 1, 204, 210, 103, 0, 39.31%, 2, 0, 5, 429.23, 251094, 160, 2, 0
572, 1, 147, 212, 101, 0, 39.31%, 2, 0, 6, 438.46, 253284, 160, 2, 0
578, 1, 192, 214, 100, 0, 39.31%, 2, 0, 6, 456.92, 255687, 160, 2, 0
583, 1, 164, 216, 100, 0, 39.31%, 2, 0, 6, 448.49, 258012, 160, 2, 0
588, 1, 108, 216, 96, 0, 39.31%, 2, 0, 6, 447.70, 260299, 160, 2, 0
593, 1, 212, 216, 91, 0, 39.31%, 2, 0, 6, 455.62, 262561, 160, 2, 0
598, 1, 200, 216, 88, 0, 39.31%, 2, 0, 6, 421.93, 264729, 160, 2, 0
603, 1, 180, 216, 86, 0, 39.31%, 2, 0, 6, 424.05, 266917, 160, 2, 0
608, 1, 14, 217, 83, 0, 39.31%, 2, 0, 6, 425.40, 269030, 160, 2, 0
613, 1, 107, 218, 80, 0, 39.56%, 2, 0, 6, 436.27, 271312, 161, 2, 0
618, 1, 186, 219, 80, 0, 39.56%, 2, 0, 6, 433.72, 273500, 161, 2, 0
623, 1, 102, 219, 75, 0, 39.56%, 2, 0, 6, 448.51, 275811, 161, 2, 0
628, 1, 181, 219, 72, 0, 39.56%, 2, 0, 6, 413.38, 277932, 161, 2, 0
633, 1, 219, 220, 71, 1, 39.80%, 2, 0, 6, 428.62, 280108, 162, 2, 0
638, 1, 173, 222, 68, 0, 40.05%, 2, 0, 6, 432.52, 282279, 163, 2, 0
643, 1, 183, 222, 65, 0, 40.05%, 2, 0, 6, 415.62, 284398, 163, 2, 0
648, 1, 174, 222, 62, 0, 40.05%, 2, 0, 6, 440.06, 286670, 163, 2, 0
654, 1, 19, 223, 61, 0, 40.05%, 2, 0, 6, 417.80, 288823, 163, 2, 0
659, 1, 219, 224, 58, 0, 40.29%, 2, 0, 6, 437.07, 291188, 164, 2, 0
664, 1, 99, 225, 58, 0, 40.29%, 2, 0, 6, 452.05, 293557, 164, 2, 0
669, 1, 83, 225, 55, 0, 40.29%, 2, 0, 6, 479.80, 295944, 164, 2, 0
674, 1, 130, 225, 53, 0, 40.29%, 2, 0, 6, 453.33, 298206, 164, 2, 0
679, 1, 130, 230, 58, 0, 40.29%, 2, 0, 6, 441.39, 300448, 164, 2, 0
684, 1, 130, 230, 58, 0, 40.29%, 2, 0, 6, 436.29, 302648, 164, 2, 0
689, 1, 130, 231, 59, 0, 40.29%, 2, 0, 6, 449.12, 304919, 164, 2, 0
694, 1, 8, 231, 56, 0, 40.29%, 2, 0, 6, 460.05, 307231, 164, 2, 0
699, 1, 109, 232, 54, 0, 40.29%, 2, 0, 6, 480.45, 309615, 164, 2, 0
704, 1, 24, 232, 51, 0, 40.29%, 2, 0, 6, 442.09, 311776, 164, 2, 0
709, 1, 129, 232, 49, 0, 40.29%, 2, 0, 6, 418.92, 313857, 164, 2, 0
715, 1, 188, 232, 46, 0, 40.29%, 2, 0, 6, 453.13, 316160, 164, 2, 0
720, 1, 228, 232, 44, 0, 40.29%, 2, 0, 6, 431.84, 318324, 164, 2, 0
725, 1, 144, 233, 41, 0, 40.29%, 2, 0, 6, 432.63, 320517, 164, 2, 0
730, 1, 19, 233, 39, 0, 40.29%, 2, 0, 6, 428.10, 322672, 164, 2, 0
735, 1, 225, 233, 38, 0, 40.29%, 2, 0, 6, 414.25, 324714, 164, 2, 0
740, 1, 121, 300, 102, 0, 49.14%, 2, 0, 6, 396.07, 326715, 200, 2, 0
745, 2, 347, 357, 159, 8, 49.88%, 2, 0, 6, 416.08, 328826, 203, 2, 0
750, 2, 347, 358, 160, 8, 49.88%, 2, 0, 6, 427.84, 330985, 203, 2, 0
755, 2, 347, 360, 162, 8, 49.88%, 2, 0, 6, 429.46, 333183, 203, 2, 0
760, 2, 347, 361, 163, 8, 49.88%, 2, 0, 6, 427.72, 335350, 203, 2, 0
765, 2, 347, 361, 163, 8, 49.88%, 2, 0, 6, 418.72, 337463, 203, 2, 0
770, 2, 347, 361, 163, 8, 49.88%, 2, 0, 6, 438.12, 339687, 203, 2, 0
775, 2, 262, 361, 161, 6, 49.88%, 2, 0, 6, 479.97, 342098, 203, 2, 0
780, 2, 350, 361, 159, 4, 49.88%, 2, 0, 6, 458.11, 344413, 203, 2, 0
785, 2, 361, 362, 159, 4, 50.12%, 2, 0, 6, 470.98, 346732, 204, 2, 0
790, 2, 364, 368, 164, 4, 50.12%, 2, 0, 6, 441.12, 348996, 204, 2, 0
795, 2, 256, 368, 162, 2, 50.12%, 2, 0, 6, 403.65, 350996, 204, 2, 0
801, 2, 328, 368, 160, 0, 50.12%, 2, 0, 6, 454.77, 353391, 204, 2, 0
806, 2, 191, 368, 159, 0, 50.12%, 2, 0, 6, 419.17, 355522, 204, 2, 0
811, 2, 334, 368, 156, 0, 50.12%, 3, 0, 6, 418.85, 357678, 204, 5, 0
816, 2, 277, 370, 157, 0, 50.12%, 3, 0, 6, 418.60, 359774, 204, 5, 0
821, 2, 337, 370, 155, 0, 50.12%, 3, 0, 6, 449.14, 362088, 204, 5, 0
826, 2, 346, 371, 154, 0, 50.12%, 3, 0, 6, 434.32, 364236, 204, 5, 0
831, 2, 344, 371, 152, 0, 50.12%, 3, 0, 6, 424.95, 366405, 204, 5, 0
836, 2, 280, 371, 150, 0, 50.12%, 3, 0, 6, 449.71, 368699, 204, 5, 0
841, 2, 247, 371, 148, 0, 50.12%, 3, 0, 6, 427.66, 370860, 204, 5, 0
846, 2, 357, 371, 145, 0, 50.12%, 3, 0, 6, 438.70, 373105, 204, 5, 0
851, 2, 272, 371, 142, 0, 50.12%, 3, 0, 6, 452.73, 375468, 204, 5, 0
857, 2, 233, 371, 140, 0, 50.12%, 3, 0, 6, 441.26, 377679, 204, 5, 0
862, 2, 286, 371, 138, 0, 50.12%, 3, 0, 6, 439.87, 379941, 204, 5, 0
867, 2, 354, 371, 136, 0, 50.12%, 3, 0, 6, 434.90, 382134, 204, 5, 0
872, 2, 284, 371, 133, 0, 50.12%, 3, 0, 6, 453.18, 384456, 204, 5, 0
877, 2, 274, 371, 131, 0, 50.12%, 3, 0, 6, 447.99, 386673, 204, 5, 0
882, 2, 283, 371, 130, 0, 50.12%, 3, 0, 6, 440.33, 388942, 204, 5, 0
887, 2, 170, 371, 128, 0, 50.12%, 3, 0, 6, 434.89, 391160, 204, 5, 0
892, 2, 329, 371, 127, 0, 50.12%, 3, 0, 6, 443.68, 393470, 204, 5, 0
897, 2, 250, 371, 124, 0, 50.12%, 3, 0, 6, 456.91, 395790, 204, 5, 0
902, 2, 285, 371, 122, 0, 50.12%, 3, 0, 6, 447.43, 398060, 204, 5, 0
908, 2, 261, 371, 119, 0, 50.12%, 3, 0, 6, 427.32, 400272, 204, 5, 0
913, 2, 366, 371, 117, 0, 50.12%, 3, 0, 6, 436.23, 402488, 204, 5, 0
918, 2, 291, 371, 115, 0, 50.12%, 3, 0, 6, 426.34, 404654, 204, 5, 0
923, 2, 365, 371, 112, 0, 50.12%, 3, 0, 6, 469.57, 407075, 204, 5, 0
928, 2, 244, 371, 110, 0, 50.12%, 3, 0, 6, 466.93, 409437, 204, 5, 0
933, 2, 254, 371, 108, 0, 50.12%, 3, 0, 6, 448.55, 411683, 204, 5, 0
938, 2, 287, 371, 106, 0, 50.12%, 3, 0, 6, 457.09, 413953, 204, 5, 0
943, 2, 313, 371, 104, 0, 50.12%, 3, 0, 6, 438.61, 416170, 204, 5, 0
948, 2, 356, 371, 101, 0, 50.12%, 3, 0, 6, 458.58, 418515, 204, 5, 0
953, 2, 298, 371, 99, 0, 50.12%, 3, 0, 6, 446.76, 420765, 204, 5, 0
958, 2, 258, 371, 98, 0, 50.12%, 3, 0, 6, 466.22, 423079, 204, 5, 0
963, 2, 211, 371, 96, 0, 50.12%, 3, 0, 6, 459.25, 425431, 204, 5, 0
968, 2, 335, 371, 93, 0, 50.12%, 3, 0, 6, 450.72, 427669, 204, 5, 0
973, 2, 170, 371, 90, 0, 50.12%, 3, 0, 6, 440.50, 429854, 204, 5, 0
978, 2, 264, 371, 88, 0, 50.12%, 3, 0, 6, 451.35, 432143, 204, 5, 0
984, 2, 101, 371, 86, 0, 50.12%, 3, 0, 6, 419.56, 434245, 204, 5, 0
989, 2, 352, 371, 84, 0, 50.12%, 3, 0, 6, 413.55, 436361, 204, 5, 0
994, 2, 304, 371, 82, 0, 50.12%, 3, 0, 6, 446.30, 438721, 204, 5, 0
999, 2, 359, 371, 80, 0, 50.12%, 3, 0, 6, 455.61, 441026, 204, 5, 0
1004, 2, 309, 371, 78, 0, 50.12%, 3, 0, 6, 473.15, 443466, 204, 5, 0
1009, 2, 310, 371, 76, 0, 50.12%, 3, 0, 6, 487.97, 445883, 204, 5, 0
1014, 2, 260, 371, 74, 0, 50.12%, 3, 0, 6, 445.31, 448074, 204, 5, 0
1019, 2, 301, 371, 72, 0, 50.12%, 3, 0, 6, 432.80, 450272, 204, 5, 0
1024, 2, 221, 371, 69, 0, 50.12%, 3, 0, 6, 481.90, 452745, 204, 5, 0
1029, 2, 185, 371, 69, 0, 50.12%, 3, 0, 6, 473.35, 455084, 204, 5, 0
1034, 2, 226, 371, 66, 0, 50.12%, 3, 0, 6, 452.29, 457428, 204, 5, 0
1039, 2, 240, 371, 63, 0, 50.12%, 3, 0, 6, 450.54, 459699, 204, 5, 0
1045, 2, 369, 372, 62, 0, 50.37%, 3, 0, 6, 478.90, 462161, 205, 5, 0
1050, 2, 347, 372, 60, 0, 50.37%, 3, 0, 6, 468.47, 464499, 205, 5, 0
1055, 2, 74, 372, 58, 0, 50.37%, 3, 0, 6, 434.54, 466753, 205, 5, 0
1060, 2, 170, 372, 56, 0, 50.37%, 3, 0, 6, 437.00, 468955, 205, 5, 0
1065, 2, 347, 372, 54, 0, 50.37%, 3, 0, 6, 446.95, 471171, 205, 5, 0
1070, 2, 279, 372, 53, 0, 50.37%, 3, 0, 6, 443.47, 473454, 205, 5, 0
1075, 2, 10, 373, 51, 0, 50.37%, 3, 0, 6, 452.36, 475747, 205, 5, 0
1080, 2, 306, 373, 50, 0, 50.37%, 3, 0, 6, 440.07, 477889, 205, 5, 0
1085, 2, 362, 373, 48, 0, 50.37%, 3, 0, 6, 459.63, 480231, 205, 5, 0
1090, 2, 322, 373, 46, 0, 50.37%, 3, 0, 6, 431.60, 482454, 205, 5, 0
1095, 2, 371, 374, 45, 0, 50.61%, 3, 0, 6, 439.44, 484753, 206, 5, 0
1100, 2, 340, 374, 44, 0, 50.61%, 3, 0, 6, 439.96, 486965, 206, 5, 0
1105, 2, 223, 374, 40, 0, 50.61%, 3, 0, 6, 442.73, 489218, 206, 5, 0
1110, 2, 342, 375, 40, 0, 50.61%, 3, 0, 6, 466.20, 491582, 206, 5, 0
1115, 2, 375, 376, 38, 1, 50.86%, 3, 0, 6, 451.78, 493810, 207, 5, 0
1120, 2, 268, 376, 36, 0, 50.86%, 3, 0, 6, 426.01, 496004, 207, 5, 0
1126, 2, 353, 376, 35, 0, 50.86%, 3, 0, 6, 464.23, 498324, 207, 7, 0
1131, 2, 297, 376, 33, 0, 50.86%, 3, 0, 6, 453.03, 500570, 207, 7, 0
1136, 2, 374, 376, 31, 0, 50.86%, 3, 0, 6, 466.05, 502929, 207, 7, 0
1141, 2, 255, 376, 30, 0, 50.86%, 3, 0, 6, 460.27, 505269, 207, 7, 0
1146, 2, 349, 376, 28, 0, 50.86%, 3, 0, 6, 436.47, 507451, 207, 7, 0
1151, 2, 375, 376, 25, 0, 50.86%, 3, 0, 6, 436.77, 509768, 207, 7, 0
1156, 2, 302, 376, 24, 0, 50.86%, 3, 0, 6, 425.58, 511963, 207, 7, 0
1161, 2, 63, 376, 22, 0, 50.86%, 3, 0, 6, 436.13, 514158, 207, 9, 0
1166, 2, 220, 376, 21, 0, 50.86%, 3, 0, 6, 429.31, 516342, 207, 9, 0
1171, 2, 139, 376, 20, 0, 50.86%, 3, 0, 6, 429.41, 518564, 207, 9, 0
1176, 3, 391, 398, 41, 5, 52.09%, 3, 0, 6, 471.00, 520968, 212, 9, 0
1182, 3, 381, 398, 39, 3, 52.09%, 3, 0, 6, 453.39, 523210, 212, 9, 0
1187, 3, 384, 398, 36, 0, 52.09%, 5, 0, 6, 454.98, 525574, 212, 13, 0
1192, 3, 208, 398, 33, 0, 52.09%, 5, 0, 6, 469.04, 527939, 212, 13, 0
1197, 3, 380, 398, 32, 0, 52.09%, 5, 0, 6, 445.29, 530170, 212, 13, 0
1202, 3, 373, 398, 30, 0, 52.09%, 5, 0, 6, 454.14, 532519, 212, 13, 0
1207, 3, 390, 398, 29, 0, 52.09%, 5, 0, 6, 453.90, 534838, 212, 16, 0
1212, 3, 315, 398, 27, 0, 52.09%, 5, 0, 6, 476.16, 537259, 212, 16, 0
1217, 3, 295, 398, 26, 0, 52.09%, 5, 0, 6, 438.75, 539395, 212, 17, 0
1222, 3, 210, 398, 24, 0, 52.09%, 5, 0, 6, 435.83, 541663, 212, 17, 0
1227, 3, 296, 398, 23, 0, 52.09%, 5, 0, 6, 426.84, 543831, 212, 17, 0
1232, 3, 118, 398, 22, 0, 52.09%, 5, 0, 6, 418.92, 545974, 212, 17, 0
1237, 3, 347, 398, 20, 0, 52.09%, 5, 0, 6, 435.34, 548179, 212, 17, 0
1243, 3, 218, 398, 19, 0, 52.09%, 5, 0, 6, 439.89, 550439, 212, 18, 0
1248, 3, 151, 398, 18, 0, 52.09%, 5, 0, 6, 433.99, 552669, 212, 18, 0
1253, 3, 166, 398, 17, 0, 52.09%, 5, 0, 6, 459.61, 554978, 212, 18, 0
1258, 3, 236, 398, 16, 0, 52.09%, 5, 0, 6, 463.77, 557318, 212, 18, 0
1263, 3, 397, 398, 15, 0, 52.09%, 5, 0, 6, 440.01, 559571, 212, 18, 0
1268, 3, 348, 398, 14, 0, 52.09%, 5, 0, 6, 436.86, 561815, 212, 18, 0
1273, 3, 55, 398, 12, 0, 52.09%, 5, 0, 6, 449.38, 564122, 212, 18, 0
1278, 3, 273, 398, 11, 0, 52.09%, 5, 0, 6, 447.26, 566425, 212, 19, 0
1283, 3, 55, 398, 10, 0, 52.09%, 5, 0, 6, 415.24, 568502, 212, 23, 0
1288, 3, 370, 398, 9, 0, 52.09%, 5, 0, 6, 477.15, 571019, 212, 23, 0
1293, 3, 63, 398, 8, 0, 52.09%, 5, 0, 6, 453.11, 573330, 212, 25, 0
1299, 3, 396, 398, 8, 0, 52.09%, 5, 0, 6, 454.64, 575648, 212, 25, 0
1304, 3, 320, 398, 7, 0, 52.09%, 5, 0, 6, 456.83, 577951, 212, 25, 0
1309, 3, 170, 398, 6, 0, 52.09%, 5, 0, 6, 449.33, 580228, 212, 25, 0
1314, 3, 37, 398, 6, 0, 52.09%, 5, 0, 6, 447.99, 582480, 212, 25, 0
1319, 3, 345, 398, 6, 0, 52.09%, 5, 0, 6, 429.32, 584676, 212, 25, 0
1324, 3, 45, 398, 6, 0, 52.09%, 5, 0, 6, 429.70, 586900, 212, 25, 0
1329, 3, 347, 398, 5, 0, 52.09%, 5, 0, 6, 418.35, 589008, 212, 28, 0
1334, 3, 16, 398, 5, 0, 52.09%, 5, 0, 6, 439.84, 591280, 212, 28, 0
1339, 3, 378, 398, 4, 0, 52.09%, 5, 0, 6, 442.26, 593458, 212, 28, 0
1344, 3, 16, 398, 3, 0, 52.09%, 5, 0, 6, 437.37, 595684, 212, 29, 0
1349, 4, 400, 401, 6, 2, 52.58%, 5, 0, 6, 465.90, 598048, 214, 30, 0
1354, 4, 207, 401, 4, 0, 52.58%, 5, 0, 6, 475.34, 600427, 214, 30, 0
1359, 4, 391, 401, 4, 0, 52.58%, 5, 0, 6, 457.82, 602739, 214, 32, 0
1364, 4, 401, 402, 5, 1, 55.04%, 5, 0, 6, 447.69, 605000, 224, 33, 0
1370, 4, 401, 421, 24, 1, 60.44%, 5, 0, 6, 466.14, 607376, 246, 33, 0
1375, 4, 401, 424, 27, 1, 60.44%, 5, 0, 6, 459.89, 609674, 246, 33, 0
1380, 4, 401, 425, 28, 1, 60.44%, 5, 0, 6, 441.38, 611922, 246, 33, 0
1385, 4, 401, 425, 28, 1, 60.44%, 5, 0, 6, 454.48, 614235, 246, 33, 0
1390, 4, 401, 428, 31, 1, 60.44%, 5, 0, 6, 434.74, 616375, 246, 33, 0
1395, 4, 401, 428, 31, 1, 60.44%, 5, 0, 6, 413.31, 618479, 246, 33, 0
1400, 4, 401, 428, 31, 1, 60.44%, 5, 0, 6, 426.04, 620631, 246, 33, 0
1405, 4, 401, 429, 32, 1, 60.44%, 5, 0, 6, 431.96, 622838, 246, 33, 0
1410, 4, 401, 430, 33, 1, 60.44%, 5, 0, 6, 435.12, 625109, 246, 33, 0
1415, 4, 401, 432, 35, 1, 60.69%, 5, 0, 6, 407.25, 627116, 247, 33, 0
1420, 4, 401, 433, 36, 1, 60.69%, 5, 0, 6, 434.29, 629419, 247, 33, 0
1425, 4, 401, 433, 36, 1, 60.69%, 5, 0, 6, 443.50, 631643, 247, 33, 0
1430, 4, 401, 433, 36, 1, 60.69%, 5, 0, 6, 436.90, 633835, 247, 33, 0
1436, 4, 401, 434, 37, 1, 60.69%, 5, 0, 6, 430.54, 636018, 247, 33, 0
1441, 4, 401, 434, 37, 1, 60.69%, 5, 0, 6, 459.73, 638375, 247, 33, 0
1446, 4, 401, 434, 37, 1, 60.69%, 5, 0, 6, 463.58, 640706, 247, 33, 0
1451, 4, 401, 435, 38, 1, 60.93%, 5, 0, 6, 467.98, 643044, 248, 33, 0
1456, 4, 401, 435, 38, 1, 60.93%, 5, 0, 6, 440.95, 645290, 248, 33, 0
1461, 4, 401, 436, 39, 1, 60.93%, 5, 0, 6, 448.66, 647587, 248, 33, 0
1466, 4, 401, 436, 39, 1, 60.93%, 5, 0, 6, 428.21, 649785, 248, 33, 0
1471, 4, 401, 436, 39, 1, 60.93%, 5, 0, 6, 406.69, 651865, 248, 33, 0
1476, 4, 401, 436, 39, 1, 60.93%, 5, 0, 6, 445.64, 654177, 248, 33, 0
1481, 4, 401, 436, 39, 1, 60.93%, 5, 0, 6, 430.80, 656369, 248, 33, 0
1487, 4, 431, 440, 42, 8, 60.93%, 5, 0, 6, 426.37, 658498, 248, 33, 0
1492, 4, 431, 442, 44, 8, 60.93%, 5, 0, 6, 426.37, 660739, 248, 33, 0
1497, 4, 431, 444, 46, 8, 60.93%, 5, 0, 6, 410.70, 662844, 248, 33, 0
1502, 4, 431, 444, 46, 8, 60.93%, 5, 0, 6, 416.01, 664924, 248, 33, 0
1507, 4, 432, 444, 45, 7, 60.93%, 5, 0, 6, 451.92, 667222, 248, 33, 0
1512, 4, 408, 449, 49, 6, 60.93%, 5, 0, 6, 450.45, 669458, 248, 33, 0
1517, 4, 408, 456, 56, 6, 60.93%, 5, 0, 6, 442.87, 671707, 248, 33, 0
1522, 4, 408, 458, 58, 6, 60.93%, 5, 0, 6, 417.59, 673793, 248, 33, 0
1527, 4, 408, 458, 58, 6, 60.93%, 5, 0, 6, 421.03, 676041, 248, 33, 0
1532, 4, 408, 461, 61, 6, 61.18%, 5, 0, 6, 430.26, 678230, 249, 33, 0
1537, 4, 408, 465, 65, 6, 61.43%, 5, 0, 6, 414.23, 680282, 250, 33, 0
1542, 4, 408, 465, 65, 6, 61.43%, 5, 0, 6, 453.52, 682647, 250, 33, 0
1547, 4, 408, 465, 65, 6, 61.43%, 5, 0, 6, 437.19, 684819, 250, 33, 0
1553, 4, 408, 465, 65, 6, 61.43%, 5, 0, 6, 446.33, 687048, 250, 33, 0
1558, 4, 408, 466, 66, 6, 61.43%, 5, 0, 6, 417.42, 689194, 250, 33, 0
1563, 4, 408, 467, 67, 6, 61.43%, 5, 0, 6, 440.29, 691385, 250, 33, 0
1568, 4, 408, 468, 68, 6, 61.43%, 5, 0, 6, 474.86, 693864, 250, 33, 0
1573, 4, 408, 468, 68, 6, 61.43%, 5, 0, 6, 431.83, 695976, 250, 33, 0
1578, 4, 408, 468, 68, 6, 61.43%, 5, 0, 6, 447.56, 698184, 250, 33, 0
1583, 4, 408, 469, 69, 6, 61.43%, 5, 0, 6, 446.72, 700415, 250, 33, 0
1588, 4, 408, 471, 71, 6, 61.43%, 5, 0, 6, 418.14, 702525, 250, 33, 0
1593, 4, 408, 471, 71, 6, 61.43%, 5, 0, 6, 414.24, 704669, 250, 33, 0
1598, 4, 408, 471, 71, 6, 61.43%, 5, 0, 6, 445.91, 706965, 250, 33, 0
1603, 4, 408, 471, 71, 6, 61.43%, 5, 0, 6, 447.57, 709239, 250, 33, 0
1608, 4, 408, 471, 71, 6, 61.43%, 5, 0, 6, 446.13, 711557, 250, 33, 0
1613, 4, 408, 471, 71, 6, 61.43%, 5, 0, 6, 434.92, 713709, 250, 33, 0
1618, 4, 408, 471, 71, 6, 61.43%, 5, 0, 6, 453.23, 715973, 250, 33, 0
1623, 4, 408, 471, 71, 6, 61.43%, 5, 0, 6, 461.02, 718266, 250, 33, 0
1628, 4, 408, 473, 73, 6, 61.43%, 5, 0, 6, 420.57, 720387, 250, 33, 0
1634, 4, 403, 473, 71, 7, 61.43%, 5, 0, 6, 445.40, 722694, 250, 33, 0
1639, 4, 417, 473, 70, 6, 61.43%, 5, 0, 6, 466.54, 725025, 250, 33, 0
1644, 4, 402, 474, 69, 4, 61.43%, 5, 0, 6, 436.75, 727227, 250, 33, 0
1649, 4, 434, 474, 67, 2, 61.43%, 5, 0, 6, 472.48, 729641, 250, 33, 0
1654, 4, 468, 474, 65, 0, 61.43%, 5, 0, 6, 484.93, 732052, 250, 33, 0
1659, 4, 447, 474, 63, 0, 61.43%, 5, 0, 6, 448.64, 734393, 250, 33, 0
1664, 4, 460, 474, 61, 0, 61.43%, 5, 0, 6, 458.64, 736709, 250, 33, 0
1669, 4, 465, 474, 61, 0, 61.43%, 5, 0, 6, 484.81, 739148, 250, 33, 0
1674, 4, 458, 475, 60, 0, 61.43%, 5, 0, 6, 458.15, 741509, 250, 33, 0
1679, 4, 437, 476, 60, 0, 61.43%, 5, 0, 6, 421.61, 743610, 250, 33, 0
1684, 4, 466, 476, 58, 0, 61.43%, 5, 0, 6, 443.58, 745907, 250, 33, 0
1690, 4, 411, 476, 56, 0, 61.43%, 5, 0, 6, 428.27, 748121, 250, 33, 0
1695, 4, 259, 476, 54, 0, 61.43%, 5, 0, 6, 450.17, 750449, 250, 34, 0
1700, 4, 274, 476, 52, 0, 61.43%, 5, 0, 6, 441.85, 752679, 250, 34, 0
1705, 4, 170, 477, 53, 0, 61.92%, 5, 0, 6, 456.64, 755028, 252, 34, 0
1710, 4, 422, 477, 52, 0, 61.92%, 5, 0, 6, 443.53, 757237, 252, 34, 0
1715, 4, 227, 477, 50, 0, 61.92%, 5, 0, 6, 459.88, 759543, 252, 35, 0
1720, 4, 450, 477, 49, 0, 61.92%, 5, 0, 6, 440.35, 761747, 252, 35, 0
1725, 4, 118, 477, 47, 0, 61.92%, 5, 0, 6, 450.89, 764014, 252, 35, 0
1730, 4, 425, 477, 47, 0, 61.92%, 5, 0, 6, 469.35, 766330, 252, 35, 0
1735, 4, 428, 477, 45, 0, 61.92%, 5, 0, 6, 447.34, 768544, 252, 35, 0
1740, 4, 418, 477, 43, 0, 61.92%, 5, 0, 6, 454.19, 770836, 252, 35, 0
1745, 4, 195, 477, 42, 0, 61.92%, 5, 0, 6, 443.66, 773092, 252, 36, 0
1750, 4, 453, 477, 41, 0, 61.92%, 5, 0, 6, 442.28, 775339, 252, 36, 0
1755, 4, 475, 478, 40, 0, 61.92%, 5, 0, 6, 435.74, 777524, 252, 36, 0
1760, 4, 473, 478, 39, 0, 61.92%, 5, 0, 6, 424.17, 779761, 252, 36, 0
1766, 4, 459, 479, 38, 0, 61.92%, 5, 0, 6, 435.59, 782033, 252, 36, 0
1771, 4, 402, 479, 37, 0, 61.92%, 5, 0, 6, 445.98, 784408, 252, 36, 0
1776, 4, 451, 479, 36, 0, 61.92%, 5, 0, 6, 465.16, 786784, 252, 36, 0
1781, 4, 65, 479, 34, 0, 61.92%, 5, 0, 6, 444.58, 789003, 252, 36, 0
1786, 4, 407, 479, 33, 0, 61.92%, 5, 0, 6, 436.63, 791223, 252, 36, 0
1791, 4, 415, 479, 32, 0, 61.92%, 5, 0, 6, 463.99, 793568, 252, 36, 0
1796, 4, 412, 479, 30, 0, 61.92%, 5, 0, 6, 446.26, 795821, 252, 36, 0
1800, 4, 409, 479, 29, 0, 61.92%, 5, 0, 6, 427.48, 797504, 252, 36, 0
