# relative_time, cycles_done, cur_item, corpus_count, pending_total, pending_favs, map_size, saved_crashes, saved_hangs, max_depth, execs_per_sec, total_execs, edges_found, total_crashes, servers_count
60, 0, 8, 56, 49, 21, 30.96%, 0, 0, 2, 403.72, 24571, 126, 0, 0
65, 0, 8, 57, 50, 21, 30.96%, 0, 0, 2, 412.41, 26690, 126, 0, 0
71, 0, 8, 57, 50, 21, 30.96%, 0, 0, 2, 422.57, 28826, 126, 0, 0
76, 0, 8, 57, 50, 21, 30.96%, 0, 0, 2, 407.43, 30906, 126, 0, 0
81, 0, 8, 57, 50, 21, 30.96%, 0, 0, 2, 451.22, 33154, 126, 0, 0
86, 0, 8, 57, 50, 21, 30.96%, 0, 0, 2, 423.30, 35306, 126, 0, 0
91, 0, 8, 57, 50, 21, 30.96%, 0, 0, 2, 420.57, 37434, 126, 0, 0
96, 0, 8, 57, 50, 21, 30.96%, 0, 0, 2, 408.09, 39570, 126, 0, 0
101, 0, 8, 57, 50, 21, 30.96%, 0, 0, 2, 386.02, 41561, 126, 0, 0
106, 0, 8, 57, 50, 21, 30.96%, 0, 0, 2, 403.23, 43699, 126, 0, 0
111, 0, 8, 57, 50, 21, 30.96%, 0, 0, 2, 413.55, 45811, 126, 0, 0
116, 0, 8, 57, 50, 21, 30.96%, 0, 0, 2, 416.66, 47884, 126, 0, 0
121, 0, 8, 57, 50, 21, 30.96%, 0, 0, 2, 404.22, 49916, 126, 0, 0
126, 0, 8, 57, 50, 21, 30.96%, 0, 0, 2, 396.89, 51936, 126, 0, 0
132, 0, 8, 57, 50, 21, 30.96%, 0, 0, 2, 401.11, 53940, 126, 0, 0
137, 0, 8, 57, 50, 21, 30.96%, 0, 0, 2, 408.35, 56084, 126, 0, 0
142, 0, 8, 57, 50, 21, 30.96%, 0, 0, 2, 409.56, 58140, 126, 0, 0
147, 0, 8, 57, 50, 21, 30.96%, 0, 0, 2, 410.27, 60252, 126, 0, 0
152, 0, 16, 57, 43, 16, 30.96%, 0, 0, 2, 420.32, 62380, 126, 0, 0
157, 0, 19, 72, 55, 13, 31.20%, 0, 0, 2, 426.38, 64621, 127, 0, 0
162, 0, 19, 79, 62, 13, 32.68%, 0, 0, 2, 435.34, 66816, 133, 0, 0
167, 0, 19, 83, 66, 13, 33.17%, 0, 0, 2, 433.09, 69029, 135, 0, 0
172, 0, 19, 86, 69, 13, 33.17%, 0, 0, 2, 437.34, 71315, 135, 0, 0
177, 0, 19, 87, 70, 13, 33.17%, 0, 0, 2, 443.14, 73546, 135, 0, 0
182, 0, 19, 90, 73, 13, 33.66%, 0, 0, 2, 441.03, 75783, 137, 0, 0
188, 0, 19, 91, 74, 13, 33.66%, 0, 0, 2, 457.16, 78157, 137, 0, 0
193, 0, 19, 93, 76, 13, 33.91%, 0, 0, 2, 476.80, 80547, 138, 0, 0
198, 0, 19, 94, 77, 13, 33.91%, 0, 0, 2, 460.85, 82840, 138, 0, 0
203, 0, 19, 96, 79, 13, 33.91%, 0, 0, 2, 462.42, 85167, 138, 0, 0
208, 0, 19, 98, 81, 13, 33.91%, 0, 0, 2, 461.78, 87513, 138, 0, 0
213, 0, 19, 98, 81, 13, 33.91%, 0, 0, 2, 448.19, 89800, 138, 0, 0
218, 0, 19, 98, 81, 13, 33.91%, 0, 0, 2, 464.60, 92184, 138, 0, 0
223, 0, 70, 98, 75, 8, 33.91%, 0, 0, 2, 453.50, 94495, 138, 0, 0
228, 0, 75, 107, 83, 7, 34.15%, 0, 0, 3, 459.40, 96808, 139, 0, 0
233, 0, 75, 111, 87, 7, 34.15%, 0, 0, 3, 429.84, 98983, 139, 0, 0
238, 0, 75, 111, 87, 7, 34.15%, 0, 0, 3, 424.21, 101151, 139, 0, 0
243, 0, 75, 113, 89, 7, 34.15%, 0, 0, 3, 436.76, 103333, 139, 0, 0
248, 0, 75, 114, 90, 7, 34.15%, 0, 0, 3, 432.98, 105532, 139, 0, 0
253, 0, 75, 114, 90, 7, 34.15%, 0, 0, 3, 460.69, 107883, 139, 0, 0
259, 0, 75, 115, 91, 7, 34.15%, 0, 0, 3, 449.01, 110176, 139, 0, 0
264, 0, 75, 115, 91, 7, 34.15%, 0, 0, 3, 415.55, 112300, 139, 0, 0
269, 0, 75, 116, 92, 7, 34.15%, 0, 0, 3, 432.27, 114555, 139, 0, 0
274, 0, 75, 117, 93, 7, 34.15%, 0, 0, 3, 434.78, 116754, 139, 0, 0
279, 0, 75, 120, 96, 7, 34.15%, 0, 0, 3, 445.15, 118951, 139, 0, 0
284, 0, 75, 121, 97, 7, 34.15%, 0, 0, 3, 417.19, 121110, 139, 0, 0
289, 0, 75, 121, 97, 7, 34.15%, 0, 0, 3, 415.81, 123246, 139, 0, 0
294, 0, 75, 121, 97, 7, 34.15%, 0, 0, 3, 446.35, 125536, 139, 0, 0
299, 0, 75, 124, 100, 7, 34.15%, 0, 0, 3, 439.71, 127723, 139, 0, 0
304, 0, 75, 124, 100, 7, 34.15%, 0, 0, 3, 439.26, 129891, 139, 0, 0
309, 0, 75, 125, 101, 7, 34.15%, 0, 0, 3, 444.78, 132114, 139, 0, 0
315, 0, 78, 130, 105, 9, 34.15%, 0, 0, 3, 434.10, 134360, 139, 0, 0
320, 0, 78, 137, 112, 9, 34.89%, 0, 0, 3, 439.35, 136623, 142, 0, 0
325, 0, 78, 141, 116, 9, 34.89%, 0, 0, 3, 434.97, 138859, 142, 0, 0
330, 0, 78, 143, 118, 9, 34.89%, 0, 0, 3, 434.57, 141073, 142, 0, 0
335, 0, 78, 146, 121, 9, 34.89%, 0, 0, 3, 436.50, 143294, 142, 0, 0
340, 0, 78, 151, 126, 9, 34.89%, 0, 0, 3, 446.76, 145608, 142, 0, 0
345, 0, 78, 152, 127, 9, 34.89%, 0, 0, 3, 432.09, 147785, 142, 0, 0
350, 0, 78, 155, 130, 9, 34.89%, 0, 0, 3, 452.99, 150078, 142, 0, 0
355, 0, 78, 156, 131, 9, 34.89%, 0, 0, 3, 454.97, 152386, 142, 0, 0
360, 0, 78, 157, 132, 9, 34.89%, 0, 0, 3, 440.71, 154620, 142, 0, 0
365, 0, 78, 159, 134, 9, 34.89%, 0, 0, 3, 435.66, 156842, 142, 0, 0
370, 0, 78, 160, 135, 9, 34.89%, 0, 0, 3, 454.09, 159172, 142, 0, 0
375, 0, 78, 160, 135, 9, 34.89%, 0, 0, 3, 442.31, 161394, 142, 0, 0
380, 0, 78, 160, 135, 9, 34.89%, 0, 0, 3, 443.54, 163666, 142, 0, 0
386, 0, 78, 160, 135, 9, 34.89%, 0, 0, 3, 442.71, 165858, 142, 0, 0
391, 0, 78, 160, 135, 9, 34.89%, 0, 0, 3, 424.93, 168058, 142, 0, 0
396, 0, 78, 162, 137, 9, 34.89%, 0, 0, 3, 426.27, 170296, 142, 0, 0
401, 0, 78, 162, 137, 9, 34.89%, 0, 0, 3, 451.94, 172520, 142, 0, 0
406, 0, 78, 162, 137, 9, 34.89%, 0, 0, 3, 416.52, 174608, 142, 0, 0
411, 0, 78, 162, 137, 9, 34.89%, 0, 0, 3, 428.61, 176792, 142, 0, 0
416, 0, 78, 164, 139, 9, 34.89%, 0, 0, 3, 425.70, 178952, 142, 0, 0
421, 0, 78, 164, 139, 9, 34.89%, 0, 0, 3, 419.95, 181120, 142, 0, 0
426, 0, 78, 164, 139, 9, 34.89%, 0, 0, 3, 436.59, 183352, 142, 0, 0
431, 0, 78, 164, 139, 9, 34.89%, 0, 0, 3, 450.66, 185653, 142, 0, 0
436, 0, 88, 170, 143, 8, 34.89%, 0, 0, 3, 412.42, 187743, 142, 0, 0
441, 0, 123, 170, 139, 4, 34.89%, 0, 0, 3, 432.36, 189912, 142, 0, 0
446, 1, 32, 171, 133, 0, 34.89%, 0, 0, 4, 432.26, 192126, 142, 0, 0
451, 1, 81, 178, 129, 0, 34.89%, 0, 0, 4, 442.82, 194415, 142, 0, 0
457, 1, 122, 181, 123, 0, 34.89%, 0, 0, 4, 454.21, 196635, 142, 0, 0
462, 1, 122, 184, 126, 0, 34.89%, 0, 0, 4, 472.15, 199050, 142, 0, 0
467, 1, 122, 184, 126, 0, 34.89%, 0, 0, 4, 453.85, 201327, 142, 0, 0
472, 1, 122, 184, 126, 0, 34.89%, 0, 0, 4, 432.94, 203436, 142, 0, 0
477, 1, 183, 186, 126, 0, 34.89%, 0, 0, 5, 409.69, 205466, 142, 0, 0
482, 1, 185, 188, 127, 0, 34.89%, 0, 0, 6, 445.35, 207766, 142, 0, 0
487, 1, 188, 218, 155, 0, 38.33%, 0, 0, 6, 436.06, 209907, 156, 0, 0
492, 2, 192, 251, 184, 10, 40.79%, 0, 0, 6, 416.82, 211990, 166, 0, 0
497, 2, 202, 251, 182, 8, 40.79%, 0, 0, 6, 419.38, 214195, 166, 0, 0
502, 2, 222, 252, 178, 6, 40.79%, 0, 0, 6, 430.82, 216380, 166, 0, 0
507, 2, 234, 252, 176, 4, 40.79%, 0, 0, 6, 428.96, 218543, 166, 0, 0
513, 2, 242, 252, 173, 2, 40.79%, 0, 0, 6, 434.04, 220775, 166, 0, 0
518, 3, 253, 278, 195, 5, 49.63%, 0, 0, 6, 449.93, 223093, 202, 0, 0
523, 3, 253, 285, 202, 5, 49.88%, 0, 0, 6, 445.10, 225314, 203, 0, 0
528, 3, 253, 285, 202, 5, 49.88%, 0, 0, 6, 445.50, 227627, 203, 0, 0
533, 3, 253, 287, 204, 5, 50.12%, 0, 0, 6, 432.30, 229801, 204, 0, 0
538, 3, 253, 287, 204, 5, 50.12%, 0, 0, 6, 436.81, 232042, 204, 0, 0
543, 3, 253, 287, 204, 5, 50.12%, 0, 0, 6, 453.16, 234316, 204, 0, 0
548, 3, 253, 287, 204, 5, 50.12%, 0, 0, 6, 451.65, 236620, 204, 0, 0
553, 3, 253, 287, 204, 5, 50.12%, 0, 0, 6, 465.74, 239032, 204, 0, 0
558, 3, 253, 287, 204, 5, 50.12%, 0, 0, 6, 465.49, 241336, 204, 0, 0
563, 3, 253, 287, 204, 5, 50.12%, 0, 0, 6, 449.36, 243578, 204, 0, 0
568, 3, 253, 288, 205, 5, 50.12%, 0, 0, 6, 436.75, 245801, 204, 0, 0
574, 3, 253, 289, 206, 5, 50.12%, 0, 0, 6, 457.25, 248136, 204, 0, 0
579, 3, 253, 289, 206, 5, 50.12%, 0, 0, 6, 449.22, 250368, 204, 0, 0
584, 3, 253, 289, 206, 5, 50.12%, 0, 0, 6, 439.50, 252544, 204, 0, 0
589, 3, 253, 289, 206, 5, 50.12%, 0, 0, 6, 433.76, 254760, 204, 0, 0
594, 3, 253, 289, 206, 5, 50.12%, 0, 0, 6, 464.23, 257056, 204, 0, 0
599, 3, 253, 290, 207, 5, 50.12%, 0, 0, 6, 465.82, 259484, 204, 0, 0
604, 3, 255, 290, 206, 7, 50.12%, 0, 0, 6, 443.56, 261746, 204, 0, 0
609, 3, 256, 290, 205, 6, 50.12%, 0, 0, 6, 456.80, 264005, 204, 0, 0
614, 4, 306, 315, 223, 3, 50.61%, 0, 0, 6, 464.60, 266434, 206, 0, 0
619, 4, 306, 316, 224, 3, 50.61%, 0, 0, 6, 420.09, 268584, 206, 0, 0
625, 4, 315, 320, 225, 1, 50.61%, 0, 0, 6, 447.78, 270976, 206, 0, 0
630, 4, 315, 322, 227, 1, 50.61%, 0, 0, 6, 416.44, 273046, 206, 0, 0
635, 4, 315, 323, 228, 1, 50.61%, 0, 0, 6, 417.34, 275205, 206, 0, 0
640, 4, 315, 323, 228, 1, 50.61%, 0, 0, 6, 414.33, 277342, 206, 0, 0
645, 4, 317, 323, 227, 0, 50.61%, 0, 0, 6, 413.98, 279526, 206, 0, 0
650, 5, 30, 323, 222, 0, 50.61%, 0, 0, 6, 429.73, 281700, 206, 0, 0
655, 5, 243, 325, 210, 1, 50.86%, 1, 0, 6, 425.52, 283874, 207, 1, 0
660, 5, 326, 327, 209, 1, 51.11%, 1, 0, 6, 434.95, 286097, 208, 1, 0
665, 6, 79, 327, 204, 0, 51.11%, 1, 0, 6, 434.17, 288305, 208, 1, 0
670, 6, 156, 327, 193, 0, 51.11%, 3, 0, 6, 448.73, 290622, 208, 14, 0
676, 6, 210, 329, 189, 0, 51.11%, 3, 0, 6, 473.53, 293049, 208, 14, 0
681, 6, 249, 329, 184, 0, 51.11%, 3, 0, 6, 447.68, 295249, 208, 14, 0
686, 6, 286, 329, 179, 0, 51.11%, 3, 0, 6, 433.47, 297421, 208, 14, 0
691, 7, 30, 331, 177, 0, 51.11%, 3, 0, 6, 448.28, 299732, 208, 14, 0
696, 7, 118, 331, 166, 0, 51.11%, 3, 0, 6, 456.57, 302022, 208, 19, 0
701, 7, 179, 331, 153, 0, 51.11%, 3, 0, 6, 445.16, 304233, 208, 23, 0
706, 7, 215, 331, 148, 0, 51.11%, 3, 0, 6, 406.70, 306296, 208, 23, 0
711, 7, 236, 334, 149, 0, 51.11%, 4, 0, 6, 439.74, 308480, 208, 24, 0
716, 7, 260, 335, 145, 0, 51.11%, 4, 0, 6, 436.93, 310639, 208, 24, 0
721, 7, 294, 336, 141, 0, 51.11%, 4, 0, 6, 460.10, 313002, 208, 24, 0
726, 7, 326, 336, 135, 0, 51.11%, 4, 0, 6, 428.03, 315161, 208, 24, 0
731, 8, 63, 337, 133, 0, 51.11%, 4, 0, 6, 433.50, 317372, 208, 24, 0
736, 8, 166, 337, 126, 0, 51.11%, 4, 0, 6, 461.79, 319813, 208, 29, 0
741, 8, 337, 338, 122, 1, 51.35%, 5, 0, 6, 447.39, 322054, 209, 131, 0
746, 9, 97, 338, 117, 0, 51.35%, 5, 0, 6, 440.37, 324258, 209, 227, 0
752, 9, 179, 338, 112, 0, 51.35%, 5, 0, 6, 445.86, 326580, 209, 232, 0
757, 9, 241, 338, 106, 0, 51.35%, 5, 0, 6, 436.54, 328776, 209, 232, 0
762, 9, 299, 338, 98, 0, 51.35%, 5, 0, 6, 441.18, 330958, 209, 232, 0
767, 9, 327, 338, 94, 0, 51.35%, 5, 0, 6, 435.99, 333202, 209, 232, 0
772, 10, 14, 338, 92, 0, 51.35%, 5, 0, 6, 445.27, 335498, 209, 352, 0
777, 10, 141, 338, 87, 0, 51.35%, 5, 0, 6, 455.86, 337825, 209, 358, 0
782, 10, 192, 338, 83, 0, 51.35%, 5, 0, 6, 449.47, 339998, 209, 359, 0
787, 10, 244, 338, 79, 0, 51.35%, 5, 0, 6, 430.68, 342137, 209, 359, 0
792, 10, 310, 338, 73, 0, 51.35%, 5, 0, 6, 439.24, 344347, 209, 359, 0
797, 11, 339, 340, 73, 1, 51.60%, 5, 0, 6, 449.87, 346614, 210, 392, 0
802, 12, 119, 340, 67, 0, 51.60%, 7, 0, 6, 485.00, 349176, 210, 399, 0
807, 12, 222, 340, 64, 0, 51.60%, 7, 0, 6, 469.96, 351532, 210, 400, 0
812, 12, 308, 340, 59, 0, 51.60%, 7, 0, 6, 463.20, 353832, 210, 400, 0
817, 12, 332, 340, 57, 0, 51.60%, 7, 0, 6, 434.84, 355954, 210, 400, 0
822, 13, 229, 345, 60, 2, 51.84%, 8, 0, 6, 454.16, 358276, 211, 459, 0
828, 13, 345, 346, 58, 1, 52.09%, 10, 0, 6, 430.04, 360456, 212, 464, 0
833, 14, 105, 346, 55, 0, 52.09%, 10, 0, 6, 429.62, 362625, 212, 471, 0
838, 14, 205, 346, 50, 0, 52.09%, 10, 0, 6, 442.15, 364941, 212, 475, 0
843, 14, 260, 346, 46, 0, 52.09%, 10, 0, 6, 470.29, 367297, 212, 475, 0
848, 14, 328, 346, 45, 0, 52.09%, 10, 0, 6, 407.85, 369394, 212, 475, 0
853, 14, 344, 346, 43, 0, 52.09%, 12, 0, 6, 442.27, 371626, 212, 523, 0
858, 15, 18, 347, 43, 0, 52.33%, 14, 0, 6, 457.45, 373917, 213, 532, 0
863, 15, 169, 347, 39, 0, 52.33%, 14, 0, 6, 450.25, 376226, 213, 543, 0
868, 15, 255, 347, 37, 0, 52.33%, 14, 0, 6, 446.52, 378442, 213, 544, 0
873, 15, 337, 347, 35, 0, 52.33%, 14, 0, 6, 423.16, 380599, 213, 584, 0
878, 15, 344, 347, 33, 0, 52.33%, 14, 0, 6, 445.88, 382855, 213, 589, 0
883, 16, 347, 370, 56, 1, 60.20%, 14, 0, 6, 479.39, 385211, 245, 589, 0
888, 16, 347, 376, 62, 1, 60.44%, 14, 0, 6, 470.23, 387585, 246, 589, 0
893, 16, 347, 376, 62, 1, 60.44%, 14, 0, 6, 457.51, 389826, 246, 589, 0
899, 16, 347, 378, 64, 1, 60.44%, 14, 0, 6, 446.48, 392120, 246, 589, 0
904, 16, 347, 379, 65, 1, 60.44%, 14, 0, 6, 427.36, 394271, 246, 589, 0
909, 16, 347, 379, 65, 1, 60.44%, 14, 0, 6, 442.35, 396543, 246, 589, 0
914, 16, 347, 379, 65, 1, 60.44%, 14, 0, 6, 459.04, 398895, 246, 589, 0
919, 16, 347, 379, 65, 1, 60.44%, 14, 0, 6, 464.03, 401223, 246, 589, 0
924, 16, 347, 379, 65, 1, 60.44%, 14, 0, 6, 458.25, 403527, 246, 589, 0
929, 16, 347, 379, 65, 1, 60.44%, 14, 0, 6, 481.46, 405894, 246, 589, 0
934, 16, 347, 380, 66, 1, 60.44%, 14, 0, 6, 469.80, 408304, 246, 589, 0
939, 16, 347, 380, 66, 1, 60.44%, 14, 0, 6, 475.67, 410689, 246, 589, 0
944, 16, 347, 380, 66, 1, 60.44%, 14, 0, 6, 476.86, 413164, 246, 589, 0
949, 16, 347, 380, 66, 1, 60.44%, 14, 0, 6, 440.55, 415342, 246, 589, 0
955, 16, 347, 380, 66, 1, 60.44%, 14, 0, 6, 407.76, 417414, 246, 589, 0
960, 16, 347, 380, 66, 1, 60.44%, 14, 0, 6, 428.54, 419623, 246, 589, 0
965, 16, 347, 380, 66, 1, 60.44%, 14, 0, 6, 411.59, 421735, 246, 589, 0
970, 16, 347, 380, 66, 1, 60.44%, 14, 0, 6, 439.06, 424095, 246, 589, 0
975, 16, 347, 380, 66, 1, 60.44%, 14, 0, 6, 440.51, 426343, 246, 589, 0
980, 16, 347, 380, 66, 1, 60.44%, 14, 0, 6, 455.05, 428699, 246, 589, 0
985, 16, 347, 380, 66, 1, 60.44%, 14, 0, 6, 448.46, 430959, 246, 589, 0
990, 16, 347, 380, 66, 1, 60.44%, 14, 0, 6, 432.12, 433159, 246, 589, 0
995, 16, 347, 380, 66, 1, 60.44%, 14, 0, 6, 451.74, 435440, 246, 589, 0
1000, 16, 350, 381, 65, 7, 60.44%, 14, 0, 6, 409.19, 437384, 246, 589, 0
1005, 16, 364, 395, 77, 5, 60.69%, 14, 0, 6, 429.79, 439639, 247, 589, 0
1010, 16, 371, 395, 73, 4, 60.69%, 14, 0, 6, 468.25, 442026, 247, 589, 0
1015, 16, 373, 400, 77, 4, 60.93%, 14, 0, 6, 484.72, 444444, 248, 589, 0
1021, 16, 373, 401, 78, 4, 60.93%, 14, 0, 6, 468.27, 446773, 248, 589, 0
1026, 16, 373, 401, 78, 4, 60.93%, 14, 0, 6, 432.81, 448950, 248, 589, 0
1031, 16, 373, 401, 78, 4, 60.93%, 14, 0, 6, 441.08, 451262, 248, 589, 0
1036, 16, 373, 401, 78, 4, 60.93%, 14, 0, 6, 458.07, 453586, 248, 589, 0
1041, 16, 375, 402, 78, 4, 60.93%, 14, 0, 6, 443.96, 455799, 248, 589, 0
1046, 16, 384, 405, 80, 4, 60.93%, 14, 0, 6, 471.36, 458207, 248, 589, 0
1051, 16, 384, 406, 81, 4, 60.93%, 14, 0, 6, 436.66, 460383, 248, 589, 0
1056, 16, 384, 406, 81, 4, 60.93%, 14, 0, 6, 447.87, 462663, 248, 589, 0
1061, 16, 384, 407, 82, 4, 60.93%, 14, 0, 6, 434.36, 464958, 248, 589, 0
1067, 16, 384, 408, 83, 4, 60.93%, 14, 0, 6, 435.25, 467189, 248, 589, 0
1072, 16, 384, 408, 83, 4, 60.93%, 14, 0, 6, 430.91, 469325, 248, 589, 0
1077, 16, 399, 408, 81, 4, 60.93%, 14, 0, 6, 454.72, 471651, 248, 589, 0
1082, 16, 399, 408, 81, 4, 60.93%, 14, 0, 6, 447.13, 473967, 248, 589, 0
1087, 16, 404, 409, 80, 2, 60.93%, 14, 0, 6, 399.16, 476016, 248, 589, 0
1092, 16, 404, 410, 81, 2, 60.93%, 14, 0, 6, 385.97, 477904, 248, 589, 0
1097, 16, 407, 410, 80, 1, 60.93%, 14, 0, 6, 414.09, 479943, 248, 589, 0
1102, 16, 407, 411, 81, 1, 60.93%, 14, 0, 6, 439.70, 482174, 248, 589, 0
1107, 16, 407, 412, 82, 1, 60.93%, 14, 0, 6, 464.56, 484542, 248, 589, 0
1112, 16, 407, 412, 82, 1, 60.93%, 14, 0, 6, 453.39, 486864, 248, 589, 0
1117, 16, 408, 412, 81, 0, 60.93%, 14, 0, 6, 409.41, 488981, 248, 589, 0
1123, 17, 17, 416, 83, 0, 60.93%, 14, 0, 7, 421.78, 491036, 248, 589, 0
1128, 17, 150, 416, 81, 0, 60.93%, 14, 0, 7, 422.56, 493263, 248, 604, 0
1133, 17, 235, 416, 81, 0, 60.93%, 14, 0, 7, 431.94, 495436, 248, 604, 0
1138, 17, 337, 416, 79, 0, 60.93%, 14, 0, 7, 419.96, 497605, 248, 618, 0
1143, 17, 350, 417, 79, 0, 60.93%, 14, 0, 7, 414.28, 499740, 248, 660, 0
1148, 17, 363, 417, 77, 0, 60.93%, 14, 0, 7, 434.28, 501944, 248, 660, 0
1153, 17, 372, 417, 74, 0, 60.93%, 14, 0, 7, 437.94, 504156, 248, 660, 0
1158, 17, 393, 417, 71, 0, 60.93%, 14, 0, 7, 425.35, 506324, 248, 660, 0
1163, 17, 402, 418, 71, 0, 61.18%, 14, 0, 7, 429.55, 508467, 249, 660, 0
1168, 17, 417, 418, 71, 1, 61.18%, 14, 0, 7, 432.21, 510645, 249, 660, 0
1173, 18, 88, 419, 71, 0, 61.18%, 14, 0, 7, 422.62, 512788, 249, 660, 0
1178, 18, 182, 419, 69, 0, 61.18%, 14, 0, 7, 434.42, 515050, 249, 670, 0
1184, 18, 278, 419, 67, 0, 61.18%, 14, 0, 7, 412.43, 517150, 249, 670, 0
1189, 18, 344, 419, 64, 0, 61.18%, 14, 0, 7, 438.29, 519442, 249, 692, 0
1194, 18, 359, 419, 63, 0, 61.18%, 14, 0, 7, 429.81, 521656, 249, 693, 0
1199, 18, 386, 419, 60, 0, 61.18%, 14, 0, 7, 406.46, 523660, 249, 693, 0
1204, 18, 389, 421, 61, 0, 61.18%, 14, 0, 7, 441.14, 525970, 249, 693, 0
1209, 18, 389, 421, 61, 0, 61.18%, 14, 0, 7, 461.91, 528295, 249, 693, 0
1214, 18, 392, 421, 60, 0, 61.18%, 14, 0, 7, 417.59, 530378, 249, 693, 0
1219, 18, 402, 421, 60, 0, 61.18%, 14, 0, 7, 422.74, 532594, 249, 693, 0
1224, 18, 406, 421, 60, 0, 61.18%, 14, 0, 7, 396.00, 534609, 249, 693, 0
1229, 18, 407, 421, 59, 0, 61.18%, 14, 0, 7, 427.78, 536794, 249, 693, 0
1234, 18, 417, 421, 58, 0, 61.18%, 14, 0, 7, 435.84, 539018, 249, 693, 0
1239, 19, 377, 426, 61, 1, 61.43%, 14, 0, 7, 456.94, 541378, 250, 693, 0
1244, 19, 425, 429, 62, 1, 61.43%, 14, 0, 7, 429.01, 543488, 250, 693, 0
1249, 19, 426, 430, 62, 1, 61.67%, 14, 0, 7, 423.15, 545608, 251, 693, 0
1254, 20, 55, 430, 60, 0, 61.67%, 14, 0, 7, 445.12, 547933, 251, 693, 0
1259, 20, 179, 430, 57, 0, 61.67%, 14, 0, 7, 457.05, 550227, 251, 701, 0
1264, 20, 255, 430, 56, 0, 61.67%, 14, 0, 7, 440.66, 552411, 251, 702, 0
1270, 20, 315, 430, 53, 0, 61.67%, 14, 0, 7, 443.91, 554703, 251, 702, 0
1275, 20, 337, 430, 51, 0, 61.67%, 14, 0, 7, 425.01, 556887, 251, 745, 0
1280, 20, 353, 430, 50, 0, 61.67%, 14, 0, 7, 428.34, 559090, 251, 760, 0
1285, 20, 378, 430, 48, 0, 61.67%, 14, 0, 7, 425.41, 561218, 251, 760, 0
1290, 20, 383, 432, 48, 0, 61.67%, 14, 0, 7, 426.36, 563444, 251, 760, 0
1295, 20, 392, 432, 46, 0, 61.67%, 14, 0, 7, 454.29, 565715, 251, 760, 0
1300, 20, 402, 432, 45, 0, 61.67%, 14, 0, 7, 445.57, 568036, 251, 760, 0
1305, 20, 406, 432, 45, 0, 61.67%, 14, 0, 7, 432.30, 570212, 251, 760, 0
1310, 20, 407, 432, 45, 0, 61.67%, 14, 0, 7, 424.54, 572380, 251, 760, 0
1315, 20, 419, 432, 45, 0, 61.67%, 14, 0, 7, 478.12, 574809, 251, 760, 0
1320, 20, 425, 434, 45, 0, 61.67%, 14, 0, 7, 430.22, 577002, 251, 760, 0
1325, 20, 433, 435, 44, 0, 61.67%, 14, 0, 7, 417.76, 579121, 251, 760, 0
1331, 21, 436, 438, 46, 1, 61.67%, 14, 0, 7, 419.09, 581252, 251, 760, 0
1336, 21, 437, 438, 45, 0, 61.67%, 14, 0, 7, 424.38, 583388, 251, 760, 0
1341, 22, 90, 438, 44, 0, 61.67%, 14, 0, 7, 411.98, 585556, 251, 760, 0
1346, 22, 197, 438, 44, 0, 61.67%, 14, 0, 7, 440.18, 587827, 251, 772, 0
1351, 22, 285, 438, 42, 0, 61.67%, 14, 0, 7, 430.23, 590045, 251, 772, 0
1356, 22, 350, 438, 42, 0, 61.67%, 14, 0, 7, 435.48, 592295, 251, 806, 0
1361, 22, 391, 438, 40, 0, 61.67%, 14, 0, 7, 438.28, 594541, 251, 806, 0
1366, 22, 402, 438, 38, 0, 61.67%, 14, 0, 7, 446.88, 596847, 251, 806, 0
1372, 22, 407, 438, 37, 0, 61.67%, 14, 0, 7, 412.14, 598867, 251, 806, 0
1377, 22, 416, 438, 36, 0, 61.67%, 14, 0, 7, 416.57, 601079, 251, 806, 0
1382, 22, 416, 439, 37, 0, 61.67%, 14, 0, 7, 405.82, 603054, 251, 806, 0
1387, 22, 427, 439, 36, 0, 61.67%, 14, 0, 7, 382.99, 605074, 251, 806, 0
1392, 22, 436, 439, 34, 0, 61.67%, 14, 0, 7, 403.46, 607006, 251, 806, 0
1397, 23, 17, 439, 33, 0, 61.67%, 14, 0, 7, 437.88, 609233, 251, 806, 0
1402, 23, 161, 439, 32, 0, 61.67%, 14, 0, 7, 449.38, 611510, 251, 815, 0
1407, 23, 247, 439, 31, 0, 61.67%, 14, 0, 7, 452.04, 613821, 251, 817, 0
1412, 23, 337, 439, 29, 0, 61.67%, 14, 0, 7, 470.30, 616231, 251, 845, 0
1417, 23, 372, 439, 26, 0, 61.67%, 14, 0, 7, 465.99, 618559, 251, 848, 0
1422, 23, 395, 439, 25, 0, 61.67%, 14, 0, 7, 435.33, 620728, 251, 848, 0
1427, 23, 413, 439, 24, 0, 61.67%, 14, 0, 7, 455.49, 622983, 251, 848, 0
1433, 23, 434, 439, 23, 0, 61.67%, 14, 0, 7, 454.85, 625360, 251, 848, 0
1438, 24, 11, 440, 23, 0, 61.67%, 14, 0, 7, 448.98, 627606, 251, 848, 0
1443, 24, 132, 440, 23, 0, 61.67%, 14, 0, 7, 448.38, 629894, 251, 859, 0
1448, 24, 254, 440, 22, 0, 61.67%, 14, 0, 7, 455.12, 632163, 251, 859, 0
1453, 24, 337, 440, 22, 0, 61.67%, 14, 0, 7, 452.86, 634367, 251, 888, 0
1458, 24, 396, 440, 20, 0, 61.67%, 14, 0, 7, 447.79, 636643, 251, 905, 0
1463, 24, 407, 440, 18, 0, 61.67%, 14, 0, 7, 435.21, 638819, 251, 905, 0
1468, 24, 425, 440, 18, 0, 61.67%, 14, 0, 7, 405.56, 640859, 251, 905, 0
1473, 24, 436, 440, 18, 0, 61.67%, 14, 0, 7, 427.17, 643003, 251, 905, 0
1478, 25, 424, 443, 21, 1, 61.92%, 14, 0, 7, 432.82, 645190, 252, 906, 0
1483, 26, 32, 444, 20, 0, 61.92%, 14, 0, 7, 447.42, 647499, 252, 907, 0
1488, 26, 158, 444, 20, 0, 61.92%, 14, 0, 7, 456.50, 649777, 252, 918, 0
1493, 26, 273, 444, 19, 0, 61.92%, 14, 0, 7, 466.38, 652114, 252, 918, 0
1498, 26, 345, 444, 19, 0, 61.92%, 14, 0, 7, 446.71, 654393, 252, 986, 0
1503, 26, 389, 444, 18, 0, 61.92%, 14, 0, 7, 440.38, 656618, 252, 986, 0
1509, 26, 400, 444, 18, 0, 61.92%, 14, 0, 7, 451.78, 658940, 252, 986, 0
1514, 26, 409, 444, 18, 0, 61.92%, 14, 0, 7, 420.01, 660968, 252, 986, 0
1519, 26, 436, 444, 18, 0, 61.92%, 14, 0, 7, 443.81, 663252, 252, 986, 0
1524, 27, 369, 445, 19, 1, 63.14%, 14, 0, 7, 426.88, 665379, 257, 986, 0
1529, 28, 12, 445, 18, 0, 63.14%, 14, 0, 7, 446.97, 667607, 257, 986, 0
1534, 28, 179, 445, 18, 0, 63.14%, 14, 0, 7, 458.43, 669877, 257, 989, 0
1539, 28, 279, 445, 18, 0, 63.14%, 14, 0, 7, 430.67, 672097, 257, 990, 0
1544, 28, 344, 445, 18, 0, 63.14%, 14, 0, 7, 459.89, 674377, 257, 1022, 0
1549, 28, 388, 445, 18, 0, 63.14%, 14, 0, 7, 446.43, 676598, 257, 1025, 0
1554, 28, 402, 445, 17, 0, 63.14%, 14, 0, 7, 432.42, 678824, 257, 1025, 0
1559, 28, 438, 445, 16, 0, 63.14%, 14, 0, 7, 431.32, 680938, 257, 1025, 0
1564, 28, 444, 445, 14, 0, 63.14%, 14, 0, 7, 436.97, 683110, 257, 1025, 0
1569, 29, 123, 445, 14, 0, 63.14%, 14, 0, 7, 438.59, 685353, 257, 1031, 0
1575, 29, 251, 445, 14, 0, 63.14%, 14, 0, 7, 442.04, 687602, 257, 1034, 0
1580, 29, 350, 445, 14, 0, 63.14%, 14, 0, 7, 441.25, 689873, 257, 1089, 0
1585, 29, 402, 445, 13, 0, 63.14%, 14, 0, 7, 440.24, 692113, 257, 1089, 0
1590, 29, 412, 445, 13, 0, 63.14%, 14, 0, 7, 400.61, 694132, 257, 1089, 0
1595, 29, 443, 445, 10, 0, 63.14%, 14, 0, 7, 432.02, 696471, 257, 1089, 0
1600, 30, 388, 446, 11, 1, 63.14%, 14, 0, 7, 447.07, 698696, 257, 1089, 0
1605, 31, 30, 446, 10, 0, 63.14%, 14, 0, 7, 449.56, 700961, 257, 1089, 0
1610, 31, 179, 446, 10, 0, 63.14%, 14, 0, 7, 458.46, 703267, 257, 1104, 0
1615, 31, 284, 446, 10, 0, 63.14%, 14, 0, 7, 452.33, 705578, 257, 1105, 0
1620, 31, 365, 446, 9, 0, 63.14%, 14, 0, 7, 428.07, 707723, 257, 1140, 0
1626, 31, 404, 446, 9, 0, 63.14%, 14, 0, 7, 443.16, 709948, 257, 1140, 0
1631, 32, 0, 446, 9, 0, 63.14%, 14, 0, 7, 437.00, 712110, 257, 1140, 0
1636, 32, 150, 446, 9, 0, 63.14%, 14, 0, 7, 434.34, 714290, 257, 1141, 0
1641, 32, 222, 446, 8, 0, 63.14%, 14, 0, 7, 421.17, 716424, 257, 1141, 0
1646, 32, 315, 446, 8, 0, 63.14%, 14, 0, 7, 432.85, 718656, 257, 1141, 0
1651, 32, 365, 446, 8, 0, 63.14%, 14, 0, 7, 421.49, 720749, 257, 1189, 0
1656, 32, 388, 446, 8, 0, 63.14%, 14, 0, 7, 447.11, 723040, 257, 1189, 0
1661, 32, 404, 446, 8, 0, 63.14%, 14, 0, 7, 446.80, 725238, 257, 1189, 0
1666, 32, 445, 447, 8, 0, 63.14%, 14, 0, 7, 470.42, 727591, 257, 1189, 0
1671, 33, 70, 447, 7, 0, 63.14%, 14, 0, 7, 460.41, 729900, 257, 1189, 0
1676, 33, 179, 447, 7, 0, 63.14%, 14, 0, 7, 453.01, 732140, 257, 1197, 0
1681, 33, 286, 447, 7, 0, 63.14%, 14, 0, 7, 428.60, 734345, 257, 1197, 0
1686, 33, 350, 447, 7, 0, 63.14%, 14, 0, 7, 438.26, 736581, 257, 1272, 0
1691, 33, 395, 447, 6, 0, 63.14%, 14, 0, 7, 459.61, 738947, 257, 1272, 0
1696, 33, 417, 447, 6, 0, 63.14%, 14, 0, 7, 461.09, 741234, 257, 1272, 0
1701, 33, 436, 447, 5, 0, 63.14%, 14, 0, 7, 440.76, 743423, 257, 1272, 0
1706, 34, 81, 447, 5, 0, 63.14%, 14, 0, 7, 441.95, 745686, 257, 1273, 0
1711, 34, 192, 447, 5, 0, 63.14%, 14, 0, 7, 438.66, 747842, 257, 1273, 0
1716, 34, 310, 447, 5, 0, 63.14%, 14, 0, 7, 440.62, 750111, 257, 1273, 0
1722, 34, 371, 448, 6, 0, 63.14%, 14, 0, 7, 429.39, 752264, 257, 1323, 0
1727, 34, 410, 448, 5, 0, 63.14%, 14, 0, 7, 436.57, 754462, 257, 1323, 0
1732, 34, 432, 448, 4, 0, 63.14%, 14, 0, 7, 437.29, 756668, 257, 1323, 0
1737, 35, 12, 449, 5, 0, 63.14%, 14, 0, 7, 424.95, 758807, 257, 1323, 0
1742, 35, 132, 449, 5, 0, 63.14%, 15, 0, 7, 444.26, 761030, 257, 1335, 0
1747, 35, 260, 449, 5, 0, 63.14%, 15, 0, 7, 458.14, 763321, 257, 1336, 0
1752, 35, 336, 449, 3, 0, 63.14%, 15, 0, 7, 430.15, 765462, 257, 1336, 0
1757, 35, 384, 449, 3, 0, 63.14%, 15, 0, 7, 433.84, 767656, 257, 1371, 0
1762, 35, 407, 449, 3, 0, 63.14%, 15, 0, 7, 422.85, 769822, 257, 1371, 0
1767, 36, 12, 450, 3, 0, 63.14%, 15, 0, 7, 439.47, 772069, 257, 1371, 0
1772, 36, 147, 450, 3, 0, 63.14%, 15, 0, 7, 437.15, 774294, 257, 1381, 0
1777, 36, 251, 451, 4, 0, 63.14%, 15, 0, 7, 420.95, 776361, 257, 1382, 0
1782, 36, 337, 451, 4, 0, 63.14%, 15, 0, 7, 429.49, 778517, 257, 1400, 0
1788, 36, 399, 451, 4, 0, 63.14%, 15, 0, 7, 422.09, 780661, 257, 1432, 0
1793, 36, 443, 451, 4, 0, 63.14%, 15, 0, 7, 412.42, 782803, 257, 1432, 0
1798, 37, 77, 452, 5, 0, 63.14%, 15, 0, 7, 424.83, 784995, 257, 1432, 0
1803, 37, 187, 452, 5, 0, 63.14%, 15, 0, 7, 425.25, 787128, 257, 1442, 0
1806, 37, 256, 453, 6, 0, 63.14%, 15, 0, 7, 433.01, 788605, 257, 1442, 0
