# relative_time, cycles_done, cur_item, corpus_count, pending_total, pending_favs, map_size, saved_crashes, saved_hangs, max_depth, execs_per_sec, total_execs, edges_found, total_crashes, servers_count
60, 0, 30, 62, 45, 8, 32.19%, 0, 0, 3, 474.86, 27709, 131, 0, 0
65, 0, 30, 62, 45, 8, 32.19%, 0, 0, 3, 462.25, 30049, 131, 0, 0
71, 0, 30, 62, 45, 8, 32.19%, 0, 0, 3, 446.58, 32342, 131, 0, 0
76, 0, 30, 62, 45, 8, 32.19%, 0, 0, 3, 444.37, 34574, 131, 0, 0
81, 0, 30, 63, 46, 8, 32.19%, 0, 0, 3, 432.92, 36749, 131, 0, 0
86, 0, 41, 63, 45, 16, 32.19%, 0, 0, 3, 450.17, 38993, 131, 0, 0
91, 0, 55, 66, 46, 14, 32.19%, 0, 0, 4, 441.27, 41221, 131, 0, 0
96, 0, 20, 69, 47, 12, 32.19%, 0, 0, 4, 428.30, 43432, 131, 0, 0
101, 0, 20, 88, 66, 12, 45.21%, 1, 0, 4, 435.17, 45629, 184, 1, 0
106, 0, 20, 96, 74, 12, 45.21%, 1, 0, 4, 465.65, 47961, 184, 1, 0
111, 0, 20, 102, 80, 12, 45.21%, 1, 0, 4, 455.62, 50235, 184, 1, 0
116, 0, 20, 107, 85, 12, 45.21%, 1, 0, 4, 422.31, 52338, 184, 1, 0
121, 0, 20, 108, 86, 12, 45.21%, 1, 0, 4, 451.24, 54577, 184, 1, 0
126, 0, 20, 109, 87, 12, 45.21%, 1, 0, 4, 489.15, 57111, 184, 1, 0
131, 0, 20, 112, 90, 12, 45.21%, 1, 0, 4, 456.43, 59377, 184, 1, 0
136, 0, 20, 114, 92, 12, 45.21%, 1, 0, 4, 437.83, 61595, 184, 1, 0
141, 0, 20, 117, 95, 12, 45.21%, 1, 0, 4, 451.32, 63864, 184, 1, 0
147, 0, 20, 119, 97, 12, 45.21%, 1, 0, 4, 438.42, 66086, 184, 1, 0
152, 0, 20, 120, 98, 12, 45.21%, 1, 0, 4, 442.91, 68365, 184, 1, 0
157, 0, 20, 120, 98, 12, 45.21%, 1, 0, 4, 429.10, 70581, 184, 1, 0
162, 0, 20, 122, 100, 12, 45.45%, 1, 0, 4, 438.42, 72763, 185, 1, 0
167, 0, 45, 124, 101, 21, 45.70%, 1, 0, 4, 444.57, 75025, 186, 1, 0
172, 0, 147, 150, 126, 24, 46.19%, 1, 0, 4, 422.97, 77170, 188, 1, 0
177, 0, 26, 152, 127, 23, 46.44%, 1, 0, 4, 415.70, 79378, 189, 1, 0
182, 0, 26, 167, 142, 23, 53.56%, 1, 0, 4, 370.49, 81171, 218, 1, 0
187, 0, 134, 168, 141, 26, 53.56%, 1, 0, 4, 417.47, 83291, 218, 1, 0
192, 0, 83, 168, 139, 24, 53.56%, 1, 0, 4, 415.03, 85484, 218, 1, 0
198, 0, 83, 189, 160, 24, 53.56%, 1, 0, 4, 410.50, 87616, 218, 1, 0
203, 0, 83, 203, 174, 24, 55.28%, 1, 0, 4, 437.05, 89815, 225, 1, 0
208, 0, 83, 206, 177, 24, 55.28%, 1, 0, 4, 414.86, 91956, 225, 1, 0
213, 0, 83, 207, 178, 24, 55.28%, 1, 0, 4, 420.80, 94131, 225, 1, 0
218, 0, 83, 209, 180, 24, 55.28%, 1, 0, 4, 421.91, 96265, 225, 1, 0
223, 0, 83, 209, 180, 24, 55.28%, 1, 0, 4, 415.00, 98385, 225, 1, 0
228, 0, 83, 210, 181, 24, 55.28%, 1, 0, 4, 444.45, 100728, 225, 1, 0
233, 0, 83, 210, 181, 24, 55.28%, 1, 0, 4, 428.64, 102976, 225, 1, 0
238, 0, 83, 211, 182, 24, 55.28%, 1, 0, 4, 438.96, 105207, 225, 1, 0
243, 0, 83, 211, 182, 24, 55.28%, 1, 0, 4, 427.20, 107439, 225, 1, 0
248, 0, 83, 211, 182, 24, 55.28%, 2, 0, 4, 433.66, 109783, 225, 2, 0
254, 0, 83, 211, 182, 24, 55.28%, 2, 0, 4, 407.63, 111855, 225, 2, 0
259, 0, 83, 211, 182, 24, 55.28%, 2, 0, 4, 427.91, 114055, 225, 2, 0
264, 0, 83, 212, 183, 24, 55.28%, 2, 0, 4, 411.44, 116182, 225, 2, 0
269, 0, 58, 212, 182, 28, 55.28%, 2, 0, 4, 422.26, 118294, 225, 3, 0
274, 0, 91, 212, 180, 26, 55.28%, 2, 0, 4, 432.38, 120516, 225, 3, 0
279, 0, 61, 218, 185, 25, 55.77%, 2, 0, 4, 403.70, 122578, 227, 3, 0
284, 0, 16, 223, 189, 24, 56.27%, 2, 0, 4, 449.08, 124865, 229, 3, 0
289, 0, 36, 223, 187, 22, 56.27%, 2, 0, 4, 450.50, 127110, 229, 3, 0
294, 0, 71, 223, 185, 20, 56.27%, 2, 0, 4, 465.94, 129447, 229, 3, 0
299, 0, 220, 223, 183, 18, 56.27%, 2, 0, 4, 436.49, 131586, 229, 3, 0
304, 0, 220, 236, 196, 18, 56.51%, 2, 0, 4, 452.32, 133827, 230, 3, 0
309, 0, 220, 241, 201, 18, 56.51%, 2, 0, 4, 437.37, 136008, 230, 3, 0
314, 0, 220, 243, 203, 18, 56.51%, 2, 0, 4, 463.91, 138349, 230, 3, 0
319, 0, 220, 245, 205, 18, 56.51%, 2, 0, 4, 458.77, 140659, 230, 3, 0
324, 0, 220, 246, 206, 18, 56.51%, 2, 0, 4, 429.47, 142828, 230, 3, 0
329, 0, 220, 248, 208, 18, 56.51%, 2, 0, 4, 465.13, 145144, 230, 3, 0
335, 0, 220, 250, 210, 18, 56.51%, 2, 0, 4, 475.57, 147597, 230, 3, 0
340, 0, 220, 253, 213, 18, 56.51%, 2, 0, 4, 468.78, 149994, 230, 3, 0
345, 0, 220, 256, 216, 18, 56.51%, 2, 0, 4, 455.70, 152310, 230, 3, 0
350, 0, 220, 256, 216, 18, 56.51%, 2, 0, 4, 441.98, 154562, 230, 3, 0
355, 0, 220, 258, 218, 18, 56.51%, 2, 0, 4, 468.49, 156914, 230, 3, 0
360, 0, 220, 258, 218, 18, 56.51%, 2, 0, 4, 433.57, 159168, 230, 3, 0
365, 0, 220, 258, 218, 18, 56.51%, 2, 0, 4, 450.11, 161456, 230, 3, 0
370, 0, 156, 258, 215, 19, 56.51%, 2, 0, 4, 457.34, 163817, 230, 3, 0
375, 0, 262, 265, 221, 20, 56.76%, 2, 0, 4, 474.27, 166267, 231, 3, 0
380, 0, 79, 272, 227, 19, 56.76%, 2, 0, 4, 459.79, 168585, 231, 3, 0
385, 0, 79, 280, 235, 19, 56.76%, 2, 0, 4, 467.04, 171080, 231, 3, 0
390, 0, 79, 281, 236, 19, 56.76%, 2, 0, 4, 449.38, 173337, 231, 3, 0
396, 0, 79, 282, 237, 19, 56.76%, 2, 0, 4, 450.25, 175630, 231, 3, 0
401, 0, 79, 283, 238, 19, 56.76%, 2, 0, 4, 451.55, 177887, 231, 3, 0
406, 0, 79, 285, 240, 19, 56.76%, 2, 0, 4, 445.79, 180241, 231, 3, 0
411, 0, 79, 287, 242, 19, 56.76%, 2, 0, 4, 471.90, 182658, 231, 3, 0
416, 0, 79, 287, 242, 19, 56.76%, 2, 0, 4, 435.98, 184823, 231, 3, 0
421, 0, 79, 287, 242, 19, 56.76%, 2, 0, 4, 422.47, 186503, 231, 3, 0
426, 0, 79, 288, 243, 19, 56.76%, 2, 0, 4, 419.34, 188686, 231, 3, 0
431, 0, 79, 289, 244, 19, 56.76%, 2, 0, 4, 455.93, 191033, 231, 3, 0
437, 0, 79, 290, 245, 19, 56.76%, 2, 0, 4, 462.22, 193407, 231, 3, 0
442, 0, 79, 290, 245, 19, 56.76%, 2, 0, 4, 432.85, 195612, 231, 3, 0
447, 0, 79, 290, 245, 19, 56.76%, 2, 0, 4, 411.84, 197660, 231, 3, 0
452, 0, 79, 290, 245, 19, 56.76%, 2, 0, 4, 438.44, 199964, 231, 3, 0
457, 0, 79, 290, 245, 19, 56.76%, 2, 0, 4, 438.87, 202156, 231, 3, 0
462, 0, 79, 290, 245, 19, 56.76%, 2, 0, 4, 459.39, 204486, 231, 3, 0
467, 0, 79, 290, 245, 19, 56.76%, 2, 0, 4, 471.74, 206862, 231, 3, 0
472, 0, 79, 291, 246, 19, 56.76%, 2, 0, 4, 476.25, 209272, 231, 3, 0
477, 0, 79, 291, 246, 19, 56.76%, 2, 0, 4, 446.86, 211531, 231, 3, 0
482, 0, 79, 291, 246, 19, 56.76%, 2, 0, 4, 450.02, 213844, 231, 3, 0
487, 0, 79, 291, 246, 19, 56.76%, 2, 0, 4, 435.30, 215995, 231, 3, 0
493, 0, 79, 292, 247, 19, 56.76%, 2, 0, 4, 434.96, 218282, 231, 3, 0
498, 0, 193, 295, 249, 18, 56.76%, 2, 0, 5, 419.37, 220336, 231, 3, 0
503, 0, 264, 301, 254, 18, 56.76%, 2, 0, 5, 429.06, 222544, 231, 3, 0
508, 0, 8, 301, 252, 16, 56.76%, 2, 0, 5, 427.93, 224706, 231, 3, 0
513, 0, 8, 309, 260, 16, 57.00%, 2, 0, 5, 411.31, 226813, 232, 3, 0
518, 0, 8, 309, 260, 16, 57.00%, 2, 0, 5, 404.42, 228813, 232, 3, 0
523, 0, 8, 309, 260, 16, 57.00%, 2, 0, 5, 405.22, 230849, 232, 3, 0
528, 0, 167, 315, 265, 17, 57.00%, 2, 0, 5, 430.30, 233007, 232, 3, 0
533, 0, 353, 354, 303, 18, 57.00%, 2, 0, 5, 419.73, 235154, 232, 3, 0
538, 0, 353, 362, 311, 18, 57.25%, 2, 0, 5, 432.42, 237346, 233, 3, 0
543, 0, 353, 366, 315, 18, 57.25%, 2, 0, 5, 448.12, 239639, 233, 3, 0
548, 0, 353, 367, 316, 18, 57.49%, 2, 0, 5, 441.30, 241877, 234, 3, 0
553, 0, 353, 367, 316, 18, 57.49%, 2, 0, 5, 425.41, 243989, 234, 3, 0
559, 0, 353, 367, 316, 18, 57.49%, 2, 0, 5, 436.02, 246245, 234, 3, 0
564, 0, 354, 367, 315, 19, 57.49%, 2, 0, 5, 428.28, 248405, 234, 3, 0
569, 0, 366, 367, 314, 18, 57.49%, 2, 0, 5, 445.14, 250767, 234, 3, 0
574, 0, 229, 367, 313, 17, 57.49%, 2, 0, 5, 449.24, 252985, 234, 3, 0
579, 0, 256, 367, 312, 16, 57.49%, 2, 0, 5, 429.35, 255137, 234, 3, 0
584, 0, 151, 367, 310, 14, 57.49%, 2, 0, 5, 442.70, 257457, 234, 3, 0
589, 0, 151, 367, 310, 14, 57.49%, 2, 0, 5, 455.61, 259803, 234, 3, 0
594, 0, 242, 367, 308, 12, 57.49%, 2, 0, 5, 458.54, 262105, 234, 3, 0
599, 0, 301, 367, 306, 10, 57.49%, 2, 0, 5, 448.34, 264420, 234, 3, 0
605, 0, 203, 368, 306, 9, 57.49%, 2, 0, 5, 423.35, 266554, 234, 3, 0
610, 0, 92, 369, 305, 7, 57.49%, 2, 0, 5, 456.75, 268920, 234, 3, 0
615, 0, 211, 370, 304, 6, 57.74%, 2, 0, 5, 448.58, 271233, 235, 3, 0
620, 0, 340, 370, 302, 4, 57.74%, 2, 0, 5, 445.90, 273423, 235, 3, 0
625, 0, 212, 371, 302, 4, 57.74%, 2, 0, 5, 421.13, 275564, 235, 3, 0
630, 0, 345, 371, 300, 2, 57.74%, 2, 0, 5, 442.26, 277758, 235, 3, 0
635, 0, 107, 372, 299, 2, 57.74%, 2, 0, 5, 432.19, 279897, 235, 3, 0
640, 0, 205, 372, 296, 2, 57.74%, 2, 0, 5, 433.90, 282075, 235, 3, 0
645, 0, 81, 373, 296, 2, 57.74%, 2, 0, 5, 312.25, 283505, 235, 3, 0
650, 0, 305, 374, 296, 1, 57.74%, 2, 0, 5, 297.04, 284999, 235, 3, 0
655, 0, 305, 378, 300, 1, 57.74%, 2, 0, 5, 268.65, 286327, 235, 3, 0
660, 0, 305, 379, 301, 1, 57.74%, 2, 0, 5, 280.04, 287774, 235, 3, 0
665, 0, 305, 380, 302, 1, 57.99%, 2, 0, 5, 279.10, 289226, 236, 3, 0
671, 0, 305, 380, 302, 1, 57.99%, 2, 0, 5, 254.86, 290477, 236, 3, 0
676, 0, 305, 380, 302, 1, 57.99%, 2, 0, 5, 287.87, 291962, 236, 3, 0
681, 0, 305, 380, 302, 1, 57.99%, 2, 0, 5, 271.60, 293312, 236, 3, 0
686, 0, 305, 380, 302, 1, 57.99%, 2, 0, 5, 265.16, 294642, 236, 3, 0
691, 0, 379, 380, 301, 1, 57.99%, 2, 0, 5, 265.88, 296007, 236, 3, 0
696, 0, 299, 380, 300, 0, 57.99%, 2, 0, 5, 301.20, 297543, 236, 3, 0
701, 0, 47, 380, 298, 0, 57.99%, 2, 0, 5, 329.60, 299186, 236, 3, 0
706, 0, 317, 380, 296, 0, 57.99%, 2, 0, 5, 395.56, 301241, 236, 3, 0
711, 0, 34, 380, 294, 0, 57.99%, 2, 0, 5, 407.99, 303368, 236, 3, 0
716, 0, 316, 380, 292, 0, 57.99%, 2, 0, 5, 377.64, 305259, 236, 3, 0
721, 0, 278, 381, 292, 0, 57.99%, 2, 0, 5, 345.19, 307019, 236, 3, 0
727, 0, 380, 383, 293, 0, 57.99%, 2, 0, 5, 356.65, 308893, 236, 3, 0
732, 0, 322, 383, 290, 0, 57.99%, 2, 0, 5, 372.39, 310827, 236, 3, 0
737, 0, 383, 384, 290, 1, 58.23%, 2, 0, 5, 359.09, 312636, 237, 3, 0
742, 0, 224, 384, 289, 0, 58.23%, 2, 0, 5, 352.24, 314469, 237, 3, 0
747, 0, 60, 384, 287, 0, 58.23%, 2, 0, 5, 362.00, 316276, 237, 3, 0
752, 0, 21, 384, 285, 0, 58.23%, 2, 0, 5, 351.01, 318129, 237, 3, 0
757, 0, 191, 384, 284, 0, 58.23%, 2, 0, 5, 322.98, 319659, 237, 3, 0
762, 0, 3, 384, 283, 0, 58.23%, 2, 0, 5, 327.64, 321336, 237, 3, 0
767, 0, 109, 384, 282, 0, 58.23%, 2, 0, 5, 363.60, 323193, 237, 3, 0
773, 0, 182, 385, 282, 0, 58.23%, 2, 0, 5, 325.34, 324790, 237, 3, 0
778, 0, 123, 385, 280, 0, 58.23%, 2, 0, 5, 379.11, 326677, 237, 3, 0
783, 0, 352, 385, 278, 0, 58.23%, 2, 0, 5, 405.08, 328768, 237, 3, 0
788, 0, 151, 385, 275, 0, 58.23%, 2, 0, 5, 447.08, 331071, 237, 3, 0
793, 0, 351, 385, 273, 0, 58.23%, 2, 0, 5, 434.49, 333305, 237, 3, 0
798, 0, 275, 385, 271, 0, 58.23%, 2, 0, 5, 446.73, 335509, 237, 3, 0
803, 0, 113, 385, 269, 0, 58.23%, 2, 0, 5, 432.04, 337729, 237, 3, 0
808, 0, 211, 385, 268, 0, 58.23%, 2, 0, 5, 448.04, 340026, 237, 3, 0
813, 0, 147, 388, 270, 0, 58.23%, 2, 0, 5, 443.93, 342242, 237, 3, 0
818, 0, 147, 393, 275, 0, 58.23%, 2, 0, 5, 451.04, 344509, 237, 3, 0
823, 0, 147, 396, 278, 0, 58.23%, 2, 0, 5, 448.78, 346722, 237, 3, 0
828, 0, 147, 396, 278, 0, 58.23%, 2, 0, 5, 443.46, 348946, 237, 3, 0
833, 0, 242, 396, 278, 0, 58.23%, 2, 0, 5, 456.99, 351257, 237, 3, 0
838, 0, 390, 396, 277, 0, 58.23%, 2, 0, 5, 485.76, 353721, 237, 3, 0
844, 0, 233, 396, 275, 0, 58.23%, 2, 0, 5, 466.66, 356013, 237, 3, 0
849, 0, 196, 396, 274, 0, 58.23%, 2, 0, 5, 470.25, 358418, 237, 3, 0
854, 0, 348, 396, 272, 0, 58.23%, 2, 0, 5, 448.25, 360679, 237, 3, 0
859, 0, 227, 397, 271, 0, 58.23%, 2, 0, 5, 465.93, 363052, 237, 3, 0
864, 0, 180, 397, 269, 0, 58.23%, 2, 0, 5, 477.71, 365498, 237, 3, 0
869, 0, 232, 397, 267, 0, 58.23%, 2, 0, 5, 489.59, 367962, 237, 3, 0
874, 0, 157, 397, 266, 0, 58.23%, 2, 0, 5, 452.82, 370254, 237, 3, 0
879, 0, 117, 398, 266, 0, 58.23%, 2, 0, 5, 468.96, 372610, 237, 3, 0
884, 0, 237, 398, 263, 0, 58.23%, 2, 0, 5, 495.31, 375025, 237, 3, 0
889, 0, 104, 398, 261, 0, 58.23%, 2, 0, 5, 463.69, 377366, 237, 3, 0
894, 0, 124, 398, 259, 0, 58.23%, 2, 0, 5, 469.60, 379797, 237, 3, 0
899, 0, 164, 399, 259, 0, 58.48%, 2, 0, 5, 479.46, 382173, 238, 3, 0
904, 0, 399, 400, 258, 1, 58.72%, 2, 0, 5, 432.71, 384363, 239, 3, 0
910, 0, 87, 400, 256, 0, 58.72%, 2, 0, 5, 452.88, 386650, 239, 3, 0
915, 0, 152, 400, 254, 0, 58.72%, 2, 0, 5, 452.33, 388905, 239, 3, 0
920, 0, 391, 400, 252, 0, 58.72%, 2, 0, 5, 486.71, 391361, 239, 3, 0
925, 0, 372, 400, 250, 0, 58.72%, 2, 0, 5, 472.16, 393653, 239, 3, 0
930, 0, 136, 400, 248, 0, 58.72%, 2, 0, 5, 471.11, 395998, 239, 3, 0
935, 0, 148, 400, 246, 0, 58.72%, 2, 0, 5, 456.80, 398238, 239, 3, 0
940, 0, 77, 400, 245, 0, 58.72%, 2, 0, 5, 438.29, 400402, 239, 3, 0
945, 0, 253, 401, 245, 0, 58.72%, 2, 0, 5, 456.11, 402723, 239, 3, 0
950, 0, 217, 401, 242, 0, 58.72%, 2, 0, 5, 457.91, 405016, 239, 3, 0
955, 0, 169, 401, 240, 0, 58.72%, 2, 0, 5, 453.69, 407307, 239, 3, 0
960, 0, 68, 404, 242, 0, 58.72%, 2, 0, 5, 453.54, 409503, 239, 3, 0
965, 0, 145, 404, 240, 0, 58.72%, 2, 0, 5, 432.06, 411707, 239, 3, 0
970, 0, 223, 404, 239, 0, 58.72%, 2, 0, 5, 432.07, 413908, 239, 3, 0
975, 0, 79, 404, 238, 0, 58.72%, 2, 0, 5, 444.27, 416145, 239, 3, 0
980, 0, 163, 404, 237, 0, 58.72%, 2, 0, 5, 452.21, 418423, 239, 3, 0
985, 0, 128, 404, 236, 0, 58.72%, 2, 0, 5, 460.18, 420827, 239, 3, 0
990, 0, 233, 404, 234, 0, 58.72%, 2, 0, 5, 465.23, 423084, 239, 3, 0
996, 0, 46, 405, 234, 0, 58.72%, 2, 0, 5, 453.45, 425398, 239, 3, 0
1001, 0, 405, 406, 234, 1, 58.72%, 2, 0, 5, 457.06, 427734, 239, 3, 0
1006, 0, 211, 406, 232, 0, 58.72%, 2, 0, 5, 473.31, 430081, 239, 3, 0
1011, 0, 143, 407, 233, 0, 58.72%, 2, 0, 5, 448.10, 432353, 239, 3, 0
1016, 0, 142, 407, 232, 0, 58.72%, 2, 0, 5, 446.84, 434591, 239, 3, 0
1021, 0, 305, 408, 231, 0, 58.72%, 2, 0, 5, 453.00, 436947, 239, 4, 0
1026, 0, 212, 408, 230, 0, 58.72%, 2, 0, 5, 458.71, 439303, 239, 4, 0
1031, 0, 291, 410, 232, 0, 58.72%, 2, 0, 5, 445.71, 441612, 239, 4, 0
1036, 0, 410, 411, 231, 1, 58.97%, 2, 0, 5, 431.70, 443764, 240, 4, 0
1041, 0, 79, 411, 229, 0, 58.97%, 2, 0, 5, 441.68, 446041, 240, 4, 0
1046, 0, 134, 411, 228, 0, 58.97%, 2, 0, 5, 428.92, 448171, 240, 4, 0
1051, 0, 354, 411, 227, 0, 58.97%, 2, 0, 5, 439.83, 450404, 240, 4, 0
1057, 0, 49, 411, 226, 0, 58.97%, 2, 0, 5, 458.38, 452696, 240, 4, 0
1062, 0, 387, 411, 224, 0, 58.97%, 2, 0, 5, 458.95, 454986, 240, 4, 0
1067, 0, 211, 411, 222, 0, 58.97%, 2, 0, 5, 461.03, 457268, 240, 4, 0
1072, 0, 184, 411, 221, 0, 58.97%, 2, 0, 5, 467.32, 459665, 240, 4, 0
1077, 1, 190, 411, 219, 0, 58.97%, 2, 0, 5, 464.33, 462009, 240, 4, 0
1082, 1, 231, 412, 218, 0, 58.97%, 2, 0, 5, 437.88, 464201, 240, 4, 0
1087, 1, 119, 412, 216, 0, 58.97%, 2, 0, 5, 439.01, 466407, 240, 4, 0
1092, 1, 328, 412, 214, 0, 58.97%, 2, 0, 5, 444.56, 468597, 240, 4, 0
1097, 1, 318, 412, 212, 0, 58.97%, 2, 0, 5, 447.92, 470847, 240, 4, 0
1102, 1, 65, 412, 210, 0, 58.97%, 2, 0, 5, 443.61, 473114, 240, 4, 0
1107, 1, 327, 412, 208, 0, 58.97%, 2, 0, 5, 451.69, 475382, 240, 4, 0
1112, 1, 361, 412, 206, 0, 58.97%, 2, 0, 5, 459.02, 477701, 240, 4, 0
1117, 1, 358, 412, 204, 0, 58.97%, 2, 0, 5, 429.63, 479856, 240, 4, 0
1122, 1, 377, 412, 202, 0, 58.97%, 2, 0, 5, 448.67, 482096, 240, 4, 0
1127, 1, 125, 412, 200, 0, 58.97%, 2, 0, 5, 462.73, 484319, 240, 4, 0
1132, 1, 258, 412, 198, 0, 58.97%, 2, 0, 5, 464.35, 486701, 240, 4, 0
1137, 1, 63, 412, 196, 0, 58.97%, 2, 0, 5, 459.59, 489004, 240, 4, 0
1143, 1, 235, 412, 193, 0, 58.97%, 2, 0, 5, 447.20, 491409, 240, 4, 0
1148, 1, 307, 412, 191, 0, 58.97%, 2, 0, 5, 407.41, 493434, 240, 4, 0
1153, 1, 389, 413, 190, 0, 58.97%, 2, 0, 5, 422.88, 495602, 240, 4, 0
1158, 1, 370, 413, 188, 0, 58.97%, 2, 0, 5, 415.15, 497689, 240, 4, 0
1163, 1, 414, 415, 189, 1, 58.97%, 2, 0, 6, 415.44, 499807, 240, 4, 0
1168, 1, 325, 415, 187, 0, 58.97%, 2, 0, 6, 450.03, 502179, 240, 4, 0
1173, 1, 414, 415, 184, 0, 58.97%, 2, 0, 6, 429.13, 504333, 240, 4, 0
1178, 1, 80, 415, 183, 0, 58.97%, 2, 0, 6, 436.92, 506621, 240, 4, 0
1183, 1, 216, 415, 180, 0, 58.97%, 2, 0, 6, 456.80, 508979, 240, 4, 0
1188, 1, 102, 415, 178, 0, 58.97%, 2, 0, 6, 465.86, 511340, 240, 4, 0
1194, 1, 236, 415, 176, 0, 58.97%, 2, 0, 6, 453.64, 513643, 240, 4, 0
1199, 1, 110, 415, 174, 0, 58.97%, 2, 0, 6, 457.90, 515953, 240, 4, 0
1204, 1, 223, 415, 171, 0, 58.97%, 2, 0, 6, 448.90, 518196, 240, 4, 0
1209, 1, 294, 416, 171, 0, 58.97%, 2, 0, 6, 444.83, 520449, 240, 4, 0
1214, 1, 140, 416, 169, 0, 58.97%, 2, 0, 6, 432.68, 522613, 240, 4, 0
1219, 1, 53, 417, 169, 0, 58.97%, 2, 0, 7, 435.04, 524836, 240, 4, 0
1224, 1, 13, 464, 215, 0, 61.67%, 2, 0, 7, 430.72, 527039, 251, 4, 0
1229, 1, 455, 471, 222, 13, 61.67%, 2, 0, 7, 442.56, 529323, 251, 4, 0
1234, 1, 457, 471, 220, 11, 61.67%, 2, 0, 7, 449.43, 531563, 251, 4, 0
1239, 1, 417, 471, 218, 9, 61.67%, 2, 0, 7, 438.41, 533664, 251, 4, 0
1244, 1, 449, 471, 214, 5, 61.67%, 2, 0, 7, 447.94, 535987, 251, 4, 0
1249, 1, 441, 471, 211, 2, 61.67%, 2, 0, 7, 453.55, 538390, 251, 4, 0
1254, 1, 430, 471, 209, 1, 61.67%, 2, 0, 7, 465.36, 540703, 251, 4, 0
1259, 1, 82, 471, 206, 0, 61.67%, 2, 0, 7, 464.41, 543027, 251, 4, 0
1264, 1, 362, 471, 204, 0, 61.67%, 2, 0, 7, 435.41, 545292, 251, 4, 0
1270, 1, 85, 471, 202, 0, 61.67%, 2, 0, 7, 450.04, 547566, 251, 4, 0
1275, 1, 332, 471, 200, 0, 61.67%, 2, 0, 7, 424.98, 549713, 251, 4, 0
1280, 1, 324, 471, 199, 0, 61.67%, 2, 0, 7, 442.80, 552042, 251, 4, 0
1285, 1, 304, 471, 198, 0, 61.67%, 2, 0, 7, 432.70, 554227, 251, 4, 0
1290, 1, 160, 471, 196, 0, 61.67%, 2, 0, 7, 447.10, 556470, 251, 4, 0
1295, 1, 467, 471, 193, 0, 61.67%, 2, 0, 7, 475.27, 558879, 251, 5, 0
1300, 1, 368, 471, 191, 0, 61.67%, 2, 0, 7, 464.57, 561177, 251, 5, 0
1305, 1, 277, 471, 188, 0, 61.67%, 2, 0, 7, 460.37, 563414, 251, 5, 0
1310, 1, 384, 471, 186, 0, 61.67%, 2, 0, 7, 461.20, 565758, 251, 5, 0
1315, 1, 433, 471, 184, 0, 61.67%, 2, 0, 7, 475.27, 568144, 251, 5, 0
1320, 1, 118, 471, 182, 0, 61.67%, 2, 0, 7, 457.92, 570463, 251, 5, 0
1325, 1, 350, 471, 179, 0, 61.67%, 2, 0, 7, 458.44, 572797, 251, 5, 0
1330, 1, 347, 471, 177, 0, 61.67%, 2, 0, 7, 473.39, 575185, 251, 5, 0
1336, 1, 434, 471, 175, 0, 61.67%, 2, 0, 7, 469.16, 577557, 251, 5, 0
1341, 1, 129, 471, 173, 0, 61.67%, 2, 0, 7, 457.38, 579823, 251, 5, 0
1346, 1, 419, 471, 170, 0, 61.67%, 2, 0, 7, 449.92, 582088, 251, 5, 0
1351, 1, 428, 471, 168, 0, 61.67%, 2, 0, 7, 458.12, 584404, 251, 5, 0
1356, 1, 35, 471, 167, 0, 61.67%, 2, 0, 7, 452.18, 586632, 251, 5, 0
1361, 1, 46, 471, 164, 0, 61.67%, 2, 0, 7, 451.13, 588926, 251, 5, 0
1366, 1, 170, 471, 162, 0, 61.67%, 2, 0, 7, 459.51, 591340, 251, 5, 0
1371, 1, 255, 471, 160, 0, 61.67%, 2, 0, 7, 480.02, 593754, 251, 5, 0
1376, 1, 309, 471, 158, 0, 61.67%, 2, 0, 7, 444.82, 595998, 251, 5, 0
1381, 1, 78, 471, 156, 0, 61.67%, 2, 0, 7, 448.71, 598370, 251, 5, 0
1386, 1, 105, 471, 153, 0, 61.67%, 2, 0, 7, 480.13, 600809, 251, 5, 0
1391, 1, 407, 471, 151, 0, 61.67%, 2, 0, 7, 481.09, 603178, 251, 5, 0
1396, 1, 270, 471, 149, 0, 61.67%, 2, 0, 7, 475.28, 605588, 251, 5, 0
1401, 1, 463, 471, 147, 0, 61.67%, 2, 0, 7, 463.49, 607851, 251, 5, 0
1407, 1, 308, 471, 145, 0, 61.67%, 2, 0, 7, 441.29, 610100, 251, 5, 0
1412, 1, 280, 471, 142, 0, 61.67%, 2, 0, 7, 468.19, 612493, 251, 5, 0
1417, 1, 412, 471, 140, 0, 61.67%, 2, 0, 7, 457.81, 614865, 251, 5, 0
1422, 1, 330, 471, 137, 0, 61.67%, 2, 0, 7, 456.80, 617270, 251, 5, 0
1427, 1, 397, 471, 136, 0, 61.67%, 2, 0, 7, 446.23, 619460, 251, 5, 0
1432, 1, 76, 471, 134, 0, 61.67%, 2, 0, 7, 459.37, 621746, 251, 5, 0
1437, 1, 283, 471, 131, 0, 61.67%, 2, 0, 7, 476.40, 624178, 251, 5, 0
1442, 1, 440, 471, 128, 0, 61.67%, 2, 0, 7, 494.30, 626665, 251, 5, 0
1447, 1, 249, 471, 125, 0, 61.67%, 2, 0, 7, 483.97, 629123, 251, 5, 0
1452, 1, 446, 471, 123, 0, 61.67%, 2, 0, 7, 457.55, 631451, 251, 5, 0
1457, 1, 41, 471, 120, 0, 61.67%, 2, 0, 7, 457.44, 633736, 251, 5, 0
1462, 1, 165, 471, 118, 0, 61.67%, 2, 0, 7, 451.02, 635994, 251, 5, 0
1467, 1, 19, 471, 117, 0, 61.67%, 2, 0, 7, 443.34, 638184, 251, 5, 0
1472, 1, 252, 471, 115, 0, 61.67%, 2, 0, 7, 456.29, 640476, 251, 5, 0
1477, 1, 88, 471, 113, 0, 61.67%, 2, 0, 7, 475.43, 642913, 251, 5, 0
1483, 1, 121, 471, 111, 0, 61.67%, 2, 0, 7, 442.02, 645166, 251, 5, 0
1488, 1, 415, 471, 107, 0, 61.67%, 2, 0, 7, 472.90, 647521, 251, 5, 0
1493, 1, 343, 471, 105, 0, 61.67%, 2, 0, 7, 465.24, 649882, 251, 5, 0
1498, 1, 284, 471, 102, 0, 61.67%, 2, 0, 7, 468.78, 652316, 251, 5, 0
1503, 1, 199, 471, 99, 0, 61.67%, 2, 0, 7, 484.81, 654724, 251, 5, 0
1508, 1, 443, 471, 97, 0, 61.67%, 2, 0, 7, 467.24, 657042, 251, 5, 0
1513, 1, 57, 471, 94, 0, 61.67%, 2, 0, 7, 441.22, 659293, 251, 5, 0
1518, 1, 367, 471, 93, 0, 61.67%, 2, 0, 7, 446.29, 661699, 251, 5, 0
1523, 1, 181, 471, 91, 0, 61.67%, 2, 0, 7, 446.49, 663964, 251, 5, 0
1528, 1, 354, 471, 88, 0, 61.67%, 2, 0, 7, 446.84, 666248, 251, 5, 0
1533, 1, 103, 471, 87, 0, 61.67%, 2, 0, 7, 483.79, 668771, 251, 5, 0
1538, 1, 397, 471, 85, 0, 61.67%, 2, 0, 7, 476.58, 671117, 251, 5, 0
1544, 1, 366, 471, 84, 0, 61.67%, 2, 0, 7, 459.98, 673485, 251, 5, 0
1549, 1, 79, 471, 81, 0, 61.67%, 2, 0, 7, 462.63, 675778, 251, 5, 0
1554, 1, 321, 471, 80, 0, 61.67%, 2, 0, 7, 462.51, 678103, 251, 5, 0
1559, 1, 418, 471, 79, 0, 61.67%, 2, 0, 7, 451.15, 680341, 251, 5, 0
1564, 1, 453, 471, 77, 0, 61.67%, 2, 0, 7, 443.79, 682581, 251, 5, 0
1569, 1, 286, 472, 78, 0, 61.67%, 2, 0, 7, 451.56, 684894, 251, 5, 0
1574, 1, 152, 472, 76, 0, 61.67%, 2, 0, 7, 460.52, 687167, 251, 5, 0
1579, 1, 376, 472, 75, 0, 61.67%, 2, 0, 7, 451.48, 689416, 251, 5, 0
1584, 1, 176, 472, 73, 0, 61.67%, 2, 0, 7, 464.07, 691736, 251, 5, 0
1589, 1, 382, 472, 71, 0, 61.67%, 2, 0, 7, 453.71, 693997, 251, 5, 0
1594, 1, 346, 472, 69, 0, 61.67%, 2, 0, 7, 453.25, 696356, 251, 5, 0
1599, 1, 33, 472, 67, 0, 61.67%, 2, 0, 7, 436.09, 698539, 251, 5, 0
1604, 1, 162, 472, 66, 0, 61.67%, 2, 0, 7, 435.87, 700717, 251, 5, 0
1610, 1, 197, 472, 64, 0, 61.67%, 2, 0, 7, 462.39, 703098, 251, 5, 0
1615, 1, 197, 477, 69, 0, 61.92%, 2, 0, 7, 418.83, 705230, 252, 5, 0
1620, 1, 197, 477, 69, 0, 61.92%, 2, 0, 7, 427.05, 707422, 252, 5, 0
1625, 1, 197, 477, 69, 0, 61.92%, 2, 0, 7, 418.00, 709430, 252, 5, 0
1630, 1, 472, 477, 68, 1, 61.92%, 2, 0, 7, 421.10, 711718, 252, 5, 0
1635, 1, 120, 477, 66, 0, 61.92%, 2, 0, 7, 462.73, 714087, 252, 5, 0
1640, 1, 147, 477, 64, 0, 61.92%, 2, 0, 7, 454.37, 716426, 252, 5, 0
1645, 1, 339, 477, 63, 0, 61.92%, 2, 0, 7, 460.90, 718775, 252, 5, 0
1650, 1, 329, 477, 62, 0, 61.92%, 2, 0, 7, 450.18, 721021, 252, 5, 0
1655, 1, 153, 477, 60, 0, 61.92%, 2, 0, 7, 438.22, 723192, 252, 5, 0
1660, 1, 399, 477, 58, 0, 61.92%, 2, 0, 7, 469.80, 725563, 252, 5, 0
1665, 1, 221, 477, 56, 0, 61.92%, 2, 0, 7, 464.55, 727909, 252, 5, 0
1670, 1, 70, 477, 54, 0, 61.92%, 2, 0, 7, 452.26, 730132, 252, 5, 0
1675, 1, 221, 477, 52, 0, 61.92%, 2, 0, 7, 453.17, 732432, 252, 5, 0
1680, 1, 414, 477, 51, 0, 61.92%, 2, 0, 7, 441.26, 734640, 252, 5, 0
1685, 1, 369, 477, 49, 0, 61.92%, 2, 0, 7, 468.42, 736981, 252, 5, 0
1691, 2, 183, 477, 48, 0, 61.92%, 2, 0, 7, 451.86, 739232, 252, 5, 0
1696, 2, 360, 477, 46, 0, 61.92%, 2, 0, 7, 450.66, 741515, 252, 5, 0
1701, 2, 366, 477, 44, 0, 61.92%, 2, 0, 7, 434.10, 743719, 252, 5, 0
1706, 2, 366, 477, 42, 0, 61.92%, 3, 0, 7, 451.50, 746115, 252, 6, 0
1711, 2, 354, 477, 41, 0, 61.92%, 3, 0, 7, 452.24, 748406, 252, 6, 0
1716, 2, 114, 477, 39, 0, 61.92%, 3, 0, 7, 468.23, 750748, 252, 6, 0
1721, 2, 441, 477, 38, 0, 61.92%, 3, 0, 7, 465.06, 753144, 252, 7, 0
1726, 2, 159, 477, 37, 0, 61.92%, 4, 0, 7, 468.68, 755524, 252, 8, 0
1731, 2, 421, 477, 36, 0, 61.92%, 5, 0, 7, 441.56, 757696, 252, 10, 0
1736, 2, 455, 477, 35, 0, 61.92%, 5, 0, 7, 432.85, 759965, 252, 10, 0
1741, 2, 265, 477, 34, 0, 61.92%, 5, 0, 7, 452.00, 762247, 252, 10, 0
1746, 2, 137, 477, 32, 0, 61.92%, 5, 0, 7, 483.10, 764689, 252, 10, 0
1751, 2, 98, 477, 30, 0, 61.92%, 6, 0, 7, 444.52, 766918, 252, 13, 0
1756, 2, 477, 478, 31, 1, 62.16%, 6, 0, 7, 443.94, 769159, 253, 13, 0
1761, 2, 445, 478, 30, 0, 62.16%, 6, 0, 7, 445.82, 771475, 253, 13, 0
1767, 2, 112, 478, 29, 0, 62.16%, 6, 0, 7, 461.42, 773858, 253, 13, 0
1772, 2, 405, 478, 27, 0, 62.16%, 6, 0, 7, 481.88, 776287, 253, 13, 0
1777, 2, 131, 478, 25, 0, 62.16%, 6, 0, 7, 417.70, 778433, 253, 13, 0
1782, 2, 410, 478, 24, 0, 62.16%, 6, 0, 7, 432.18, 780600, 253, 13, 0
1787, 2, 404, 478, 24, 0, 62.16%, 6, 0, 7, 442.32, 782843, 253, 13, 0
1792, 2, 242, 478, 23, 0, 62.16%, 6, 0, 7, 434.16, 785025, 253, 19, 0
1797, 2, 356, 478, 22, 0, 62.16%, 6, 0, 7, 449.20, 787324, 253, 19, 0
1802, 2, 393, 478, 21, 0, 62.16%, 6, 0, 7, 453.03, 789583, 253, 19, 0
1802, 2, 393, 478, 21, 0, 62.16%, 6, 0, 7, 444.19, 789714, 253, 19, 0
