# relative_time, cycles_done, cur_item, corpus_count, pending_total, pending_favs, map_size, saved_crashes, saved_hangs, max_depth, execs_per_sec, total_execs, edges_found, total_crashes, servers_count
60, 0, 9, 68, 63, 5, 29.98%, 0, 0, 2, 458.91, 27254, 122, 0, 0
65, 0, 9, 68, 63, 5, 29.98%, 0, 0, 2, 431.61, 29355, 122, 0, 0
71, 0, 9, 69, 64, 5, 30.22%, 0, 0, 2, 438.25, 31650, 123, 0, 0
76, 0, 9, 70, 65, 5, 30.47%, 0, 0, 2, 471.56, 34054, 124, 0, 0
81, 0, 9, 70, 65, 5, 30.47%, 0, 0, 2, 413.42, 36017, 124, 0, 0
86, 0, 9, 71, 66, 5, 30.47%, 0, 0, 2, 457.04, 38345, 124, 0, 0
91, 0, 9, 71, 66, 5, 30.47%, 0, 0, 2, 471.56, 40685, 124, 0, 0
96, 0, 9, 73, 68, 5, 30.47%, 0, 0, 2, 487.25, 43183, 124, 0, 0
101, 0, 9, 73, 68, 5, 30.47%, 0, 0, 2, 474.10, 45523, 124, 0, 0
106, 0, 9, 75, 70, 5, 30.47%, 0, 0, 2, 458.72, 47832, 124, 0, 0
111, 0, 9, 75, 70, 5, 30.47%, 0, 0, 2, 466.23, 50181, 124, 0, 0
116, 0, 9, 77, 72, 5, 30.71%, 0, 0, 2, 472.80, 52607, 125, 0, 0
121, 0, 55, 140, 134, 31, 42.01%, 0, 0, 2, 444.88, 54842, 171, 0, 0
126, 0, 3, 141, 128, 25, 42.26%, 0, 0, 3, 425.75, 57076, 172, 0, 0
132, 0, 143, 153, 139, 28, 45.95%, 0, 0, 3, 444.09, 59461, 187, 0, 0
137, 0, 143, 166, 152, 28, 51.11%, 0, 0, 3, 431.16, 61611, 208, 0, 0
142, 0, 143, 166, 152, 28, 51.11%, 0, 0, 3, 421.00, 63788, 208, 0, 0
147, 0, 143, 167, 153, 28, 51.11%, 0, 0, 3, 426.45, 65995, 208, 0, 0
152, 0, 143, 167, 153, 28, 51.11%, 0, 0, 3, 443.16, 68299, 208, 0, 0
157, 0, 143, 168, 154, 28, 51.11%, 0, 0, 3, 443.85, 70586, 208, 0, 0
162, 0, 143, 169, 155, 28, 51.11%, 0, 0, 3, 464.03, 72980, 208, 0, 0
167, 0, 143, 169, 155, 28, 51.11%, 0, 0, 3, 470.90, 75410, 208, 0, 0
172, 0, 143, 169, 155, 28, 51.11%, 0, 0, 3, 432.74, 77569, 208, 0, 0
177, 0, 143, 169, 155, 28, 51.11%, 0, 0, 3, 441.44, 79777, 208, 0, 0
182, 0, 143, 170, 156, 28, 51.11%, 0, 0, 3, 416.26, 81816, 208, 0, 0
187, 0, 143, 171, 157, 28, 51.11%, 0, 0, 3, 428.17, 83919, 208, 0, 0
193, 0, 143, 172, 158, 28, 51.11%, 0, 0, 3, 426.91, 86119, 208, 0, 0
198, 0, 143, 172, 158, 28, 51.11%, 0, 0, 3, 437.11, 88335, 208, 0, 0
203, 0, 143, 173, 159, 28, 51.11%, 0, 0, 3, 439.81, 90550, 208, 0, 0
208, 0, 143, 175, 161, 28, 51.11%, 0, 0, 3, 428.57, 92676, 208, 0, 0
213, 0, 143, 176, 162, 28, 51.11%, 0, 0, 3, 424.36, 94811, 208, 0, 0
218, 0, 143, 176, 162, 28, 51.11%, 0, 0, 3, 439.64, 97059, 208, 0, 0
223, 0, 143, 176, 162, 28, 51.11%, 0, 0, 3, 446.68, 99299, 208, 0, 0
228, 0, 143, 176, 162, 28, 51.11%, 0, 0, 3, 443.09, 101499, 208, 0, 0
233, 0, 143, 176, 162, 28, 51.11%, 0, 0, 3, 412.57, 103539, 208, 0, 0
238, 0, 143, 178, 164, 28, 51.11%, 0, 0, 3, 432.84, 105785, 208, 0, 0
243, 0, 143, 178, 164, 28, 51.11%, 0, 0, 3, 412.56, 107801, 208, 0, 0
249, 0, 143, 178, 164, 28, 51.11%, 0, 0, 3, 449.97, 110137, 208, 0, 0
254, 0, 159, 179, 164, 32, 51.11%, 0, 0, 4, 430.31, 112277, 208, 0, 0
259, 0, 95, 181, 164, 30, 51.11%, 0, 0, 4, 444.33, 114557, 208, 0, 0
264, 0, 81, 185, 167, 29, 51.11%, 0, 0, 4, 429.62, 116707, 208, 0, 0
269, 0, 155, 185, 165, 26, 51.11%, 0, 0, 4, 411.35, 118810, 208, 0, 0
274, 0, 7, 191, 170, 25, 53.32%, 0, 0, 4, 418.22, 121058, 217, 0, 0
279, 0, 97, 191, 167, 26, 53.32%, 0, 0, 4, 425.73, 123256, 217, 0, 0
284, 0, 156, 192, 167, 25, 53.32%, 0, 0, 4, 436.89, 125419, 217, 0, 0
289, 0, 122, 194, 167, 24, 53.32%, 0, 0, 4, 400.01, 127432, 217, 0, 0
294, 0, 122, 199, 172, 24, 53.32%, 0, 0, 4, 408.78, 129565, 217, 0, 0
300, 0, 122, 199, 172, 24, 53.32%, 0, 0, 4, 390.76, 131540, 217, 0, 0
305, 0, 122, 200, 173, 24, 53.32%, 0, 0, 4, 433.76, 133876, 217, 0, 0
310, 0, 122, 202, 175, 24, 53.32%, 0, 0, 4, 397.83, 135908, 217, 0, 0
315, 0, 122, 203, 176, 24, 53.32%, 0, 0, 4, 406.16, 137971, 217, 0, 0
320, 0, 122, 204, 177, 24, 53.32%, 0, 0, 4, 419.46, 140106, 217, 0, 0
325, 0, 122, 205, 178, 24, 53.32%, 0, 0, 4, 409.76, 142201, 217, 0, 0
330, 0, 122, 205, 178, 24, 53.32%, 0, 0, 4, 421.19, 144401, 217, 0, 0
335, 0, 122, 205, 178, 24, 53.32%, 0, 0, 4, 422.58, 146585, 217, 0, 0
340, 0, 122, 207, 180, 24, 53.32%, 0, 0, 4, 462.52, 148930, 217, 0, 0
346, 0, 122, 209, 182, 24, 53.32%, 0, 0, 4, 412.06, 150989, 217, 0, 0
351, 0, 122, 210, 183, 24, 53.32%, 0, 0, 4, 411.90, 153076, 217, 0, 0
356, 0, 122, 210, 183, 24, 53.32%, 0, 0, 4, 421.70, 155252, 217, 0, 0
361, 0, 122, 210, 183, 24, 53.32%, 0, 0, 4, 429.14, 157412, 217, 0, 0
366, 0, 122, 210, 183, 24, 53.32%, 0, 0, 4, 400.50, 159460, 217, 0, 0
371, 0, 122, 210, 183, 24, 53.32%, 0, 0, 4, 413.24, 161548, 217, 0, 0
376, 0, 122, 210, 183, 24, 53.32%, 0, 0, 4, 441.39, 163860, 217, 0, 0
381, 0, 158, 210, 182, 24, 53.32%, 0, 0, 4, 416.41, 165933, 217, 0, 0
386, 0, 145, 210, 180, 22, 53.32%, 0, 0, 4, 415.29, 167986, 217, 0, 0
392, 0, 162, 210, 178, 20, 53.32%, 0, 0, 4, 425.84, 170193, 217, 0, 0
397, 0, 130, 211, 177, 18, 54.05%, 0, 0, 4, 398.25, 172186, 220, 0, 0
402, 0, 130, 219, 185, 18, 54.05%, 0, 0, 4, 415.15, 174285, 220, 0, 0
407, 0, 130, 220, 186, 18, 54.05%, 0, 0, 4, 413.39, 176452, 220, 0, 0
412, 0, 130, 221, 187, 18, 54.05%, 0, 0, 4, 412.96, 178547, 220, 0, 0
417, 0, 130, 221, 187, 18, 54.05%, 0, 0, 4, 399.03, 180520, 220, 0, 0
422, 0, 130, 224, 190, 18, 54.05%, 0, 0, 4, 390.70, 182536, 220, 0, 0
427, 0, 130, 227, 193, 18, 54.05%, 0, 0, 4, 408.53, 184621, 220, 0, 0
432, 0, 130, 227, 193, 18, 54.05%, 0, 0, 4, 411.80, 186709, 220, 0, 0
437, 0, 130, 227, 193, 18, 54.05%, 0, 0, 4, 420.12, 188829, 220, 0, 0
443, 0, 130, 227, 193, 18, 54.05%, 0, 0, 4, 423.48, 190982, 220, 0, 0
448, 0, 130, 227, 193, 18, 54.05%, 0, 0, 4, 412.71, 193134, 220, 0, 0
453, 0, 130, 230, 196, 18, 54.05%, 0, 0, 4, 428.21, 195283, 220, 0, 0
458, 0, 130, 230, 196, 18, 54.05%, 0, 0, 4, 427.35, 197531, 220, 0, 0
463, 0, 130, 230, 196, 18, 54.05%, 0, 0, 4, 440.12, 199739, 220, 0, 0
468, 0, 130, 231, 197, 18, 54.05%, 0, 0, 4, 429.98, 201874, 220, 0, 0
473, 0, 130, 231, 197, 18, 54.05%, 0, 0, 4, 441.91, 204018, 220, 0, 0
478, 0, 130, 231, 197, 18, 54.05%, 0, 0, 4, 433.38, 206250, 220, 0, 0
483, 0, 130, 231, 197, 18, 54.05%, 0, 0, 4, 427.04, 208346, 220, 0, 0
488, 0, 130, 231, 197, 18, 54.05%, 0, 0, 4, 437.61, 210562, 220, 0, 0
494, 0, 130, 231, 197, 18, 54.05%, 0, 0, 4, 438.39, 212794, 220, 0, 0
499, 0, 130, 231, 197, 18, 54.05%, 0, 0, 4, 426.31, 214930, 220, 0, 0
504, 0, 130, 231, 197, 18, 54.05%, 0, 0, 4, 450.06, 217234, 220, 0, 0
509, 0, 130, 231, 197, 18, 54.05%, 0, 0, 4, 425.75, 219354, 220, 0, 0
514, 0, 130, 231, 197, 18, 54.05%, 0, 0, 4, 431.82, 221578, 220, 0, 0
519, 0, 0, 231, 196, 19, 54.05%, 0, 0, 4, 419.62, 223738, 220, 0, 0
524, 0, 99, 231, 193, 16, 54.05%, 0, 0, 4, 425.87, 225937, 220, 0, 0
529, 0, 224, 232, 192, 14, 54.05%, 0, 0, 4, 428.68, 228089, 220, 0, 0
534, 0, 100, 234, 193, 14, 54.05%, 0, 0, 4, 434.89, 230258, 220, 0, 0
539, 0, 100, 259, 218, 14, 54.05%, 0, 0, 4, 426.62, 232458, 220, 0, 0
544, 0, 100, 268, 227, 14, 54.30%, 0, 0, 4, 403.92, 234465, 221, 0, 0
549, 0, 100, 269, 228, 14, 54.30%, 0, 0, 4, 403.89, 236528, 221, 0, 0
554, 0, 237, 270, 228, 15, 54.30%, 0, 0, 4, 428.34, 238721, 221, 0, 0
559, 0, 262, 271, 228, 14, 54.30%, 0, 0, 4, 417.61, 240856, 221, 0, 0
565, 0, 262, 287, 244, 14, 54.55%, 0, 0, 4, 405.92, 242863, 222, 0, 0
570, 0, 90, 287, 240, 12, 54.55%, 0, 0, 4, 400.50, 244919, 222, 0, 0
575, 0, 186, 292, 244, 12, 55.28%, 0, 0, 4, 418.67, 247076, 225, 0, 0
580, 0, 26, 292, 242, 13, 55.28%, 1, 0, 4, 398.82, 249078, 225, 1, 0
585, 0, 58, 296, 245, 12, 55.28%, 1, 0, 4, 424.62, 251251, 225, 1, 0
590, 0, 58, 296, 245, 12, 55.28%, 1, 0, 4, 418.99, 253347, 225, 1, 0
595, 0, 58, 298, 247, 12, 55.28%, 1, 0, 4, 417.42, 255441, 225, 1, 0
600, 0, 58, 299, 248, 12, 55.28%, 1, 0, 4, 406.47, 257512, 225, 1, 0
605, 0, 62, 302, 250, 11, 55.28%, 1, 0, 4, 414.09, 259585, 225, 1, 0
610, 0, 8, 305, 251, 9, 55.28%, 1, 0, 4, 408.67, 261634, 225, 1, 0
615, 0, 8, 305, 251, 9, 55.28%, 1, 0, 4, 394.06, 263540, 225, 1, 0
620, 0, 8, 305, 251, 9, 55.28%, 1, 0, 4, 395.46, 265549, 225, 1, 0
625, 0, 8, 305, 251, 9, 55.28%, 1, 0, 4, 374.85, 267369, 225, 1, 0
630, 0, 289, 308, 252, 8, 55.28%, 1, 0, 4, 422.63, 269515, 225, 1, 0
635, 0, 245, 309, 252, 7, 55.28%, 1, 0, 4, 401.16, 271516, 225, 1, 0
641, 0, 305, 310, 251, 6, 55.28%, 1, 0, 4, 414.40, 273739, 225, 1, 0
646, 0, 291, 310, 248, 3, 55.28%, 1, 0, 4, 387.83, 275735, 225, 1, 0
651, 0, 288, 312, 247, 1, 55.28%, 1, 0, 4, 410.80, 277812, 225, 1, 0
656, 0, 210, 313, 244, 0, 55.28%, 1, 0, 4, 412.19, 279918, 225, 1, 0
661, 0, 235, 314, 243, 0, 55.53%, 1, 0, 4, 432.50, 282095, 226, 1, 0
666, 0, 235, 320, 249, 0, 55.53%, 1, 0, 4, 432.55, 284290, 226, 1, 0
671, 0, 235, 321, 250, 0, 55.53%, 1, 0, 4, 416.79, 286345, 226, 1, 0
676, 0, 235, 322, 251, 0, 55.53%, 1, 0, 4, 415.15, 288424, 226, 1, 0
681, 0, 317, 322, 250, 0, 55.53%, 1, 0, 4, 423.44, 290525, 226, 1, 0
686, 0, 221, 322, 248, 0, 55.53%, 1, 0, 4, 420.70, 292658, 226, 1, 0
691, 0, 191, 327, 252, 0, 55.77%, 1, 0, 5, 401.50, 294654, 227, 1, 0
696, 0, 191, 328, 253, 0, 55.77%, 1, 0, 5, 430.23, 296933, 227, 1, 0
701, 0, 191, 328, 253, 0, 55.77%, 1, 0, 5, 417.49, 299053, 227, 1, 0
706, 0, 191, 329, 254, 0, 55.77%, 1, 0, 5, 430.79, 301228, 227, 1, 0
711, 0, 191, 329, 254, 0, 55.77%, 1, 0, 5, 450.90, 303449, 227, 1, 0
716, 0, 191, 329, 254, 0, 55.77%, 1, 0, 5, 442.25, 305636, 227, 1, 0
722, 0, 231, 329, 251, 0, 55.77%, 1, 0, 5, 430.51, 307810, 227, 1, 0
727, 0, 283, 334, 255, 0, 55.77%, 1, 0, 5, 430.20, 310035, 227, 1, 0
732, 0, 283, 336, 257, 0, 55.77%, 1, 0, 5, 423.01, 312137, 227, 1, 0
737, 0, 283, 337, 258, 0, 55.77%, 1, 0, 5, 429.63, 314304, 227, 1, 0
742, 0, 283, 337, 258, 0, 55.77%, 1, 0, 5, 435.90, 316504, 227, 1, 0
747, 0, 102, 338, 257, 0, 56.02%, 1, 0, 5, 414.52, 318600, 228, 1, 0
752, 0, 152, 338, 255, 0, 56.02%, 1, 0, 5, 404.73, 320704, 228, 1, 0
757, 0, 249, 338, 254, 0, 56.02%, 1, 0, 5, 399.87, 322784, 228, 1, 0
762, 0, 271, 339, 254, 0, 56.02%, 1, 0, 5, 410.82, 324876, 228, 1, 0
767, 0, 266, 339, 251, 0, 56.02%, 1, 0, 5, 430.93, 327001, 228, 1, 0
773, 0, 103, 339, 250, 0, 56.02%, 1, 0, 5, 389.15, 329013, 228, 1, 0
778, 0, 240, 340, 249, 0, 56.02%, 1, 0, 5, 393.13, 330948, 228, 1, 0
783, 0, 340, 341, 245, 1, 56.27%, 1, 0, 5, 437.79, 333160, 229, 1, 0
788, 0, 341, 342, 245, 1, 56.51%, 1, 0, 5, 429.42, 335260, 230, 1, 0
793, 0, 179, 342, 243, 0, 56.51%, 1, 0, 5, 423.02, 337389, 230, 1, 0
798, 0, 248, 343, 242, 0, 56.51%, 1, 0, 5, 422.52, 339504, 230, 1, 0
803, 0, 260, 344, 241, 0, 56.51%, 1, 0, 5, 419.62, 341617, 230, 1, 0
808, 0, 167, 344, 238, 0, 56.51%, 1, 0, 5, 409.18, 343721, 230, 1, 0
813, 0, 316, 344, 236, 0, 56.51%, 1, 0, 5, 439.27, 346004, 230, 1, 0
818, 0, 273, 344, 234, 0, 56.51%, 1, 0, 5, 462.14, 348385, 230, 1, 0
823, 0, 243, 344, 232, 0, 56.51%, 1, 0, 5, 410.58, 350477, 230, 1, 0
828, 0, 26, 344, 230, 0, 56.51%, 1, 0, 5, 424.96, 352717, 230, 1, 0
834, 0, 265, 344, 228, 0, 56.51%, 1, 0, 5, 454.44, 355026, 230, 1, 0
839, 0, 55, 344, 226, 0, 56.51%, 1, 0, 5, 432.04, 357179, 230, 1, 0
844, 0, 305, 344, 224, 0, 56.51%, 1, 0, 5, 420.14, 359239, 230, 1, 0
849, 0, 246, 344, 224, 0, 56.51%, 1, 0, 5, 427.12, 361327, 230, 1, 0
854, 0, 306, 344, 223, 0, 56.51%, 1, 0, 5, 431.82, 363522, 230, 1, 0
859, 0, 106, 344, 220, 0, 56.51%, 1, 0, 5, 423.64, 365639, 230, 1, 0
864, 0, 242, 344, 216, 0, 56.51%, 1, 0, 5, 426.24, 367811, 230, 1, 0
869, 0, 334, 345, 216, 0, 56.51%, 1, 0, 5, 401.90, 369884, 230, 1, 0
874, 0, 252, 346, 216, 0, 56.51%, 1, 0, 5, 398.09, 371859, 230, 1, 0
880, 0, 174, 353, 222, 0, 56.51%, 1, 0, 5, 437.42, 374148, 230, 1, 0
885, 0, 174, 359, 228, 0, 56.51%, 1, 0, 5, 451.55, 376476, 230, 1, 0
890, 0, 174, 360, 229, 0, 56.51%, 1, 0, 5, 457.94, 378724, 230, 1, 0
895, 0, 174, 363, 232, 0, 56.51%, 1, 0, 5, 445.86, 380938, 230, 1, 0
900, 0, 174, 364, 233, 0, 56.51%, 1, 0, 5, 415.69, 383065, 230, 1, 0
902, 0, 174, 364, 233, 0, 56.51%, 1, 0, 5, 410.90, 384011, 230, 1, 0
