# relative_time, cycles_done, cur_item, corpus_count, pending_total, pending_favs, map_size, saved_crashes, saved_hangs, max_depth, execs_per_sec, total_execs, edges_found, total_crashes, servers_count
61, 0, 8, 67, 60, 24, 34.40%, 0, 0, 2, 364.55, 24873, 140, 0, 0
66, 0, 8, 67, 60, 24, 34.40%, 0, 0, 2, 367.78, 26805, 140, 0, 0
71, 0, 8, 68, 61, 24, 34.40%, 0, 0, 2, 391.97, 28828, 140, 0, 0
76, 0, 8, 68, 61, 24, 34.40%, 0, 0, 2, 420.64, 30964, 140, 0, 0
81, 0, 8, 68, 61, 24, 34.40%, 0, 0, 2, 402.02, 32902, 140, 0, 0
86, 0, 8, 68, 61, 24, 34.40%, 0, 0, 2, 411.34, 35028, 140, 0, 0
91, 0, 8, 68, 61, 24, 34.40%, 0, 0, 2, 399.71, 37018, 140, 0, 0
96, 0, 8, 68, 61, 24, 34.40%, 0, 0, 2, 351.70, 38922, 140, 0, 0
101, 0, 8, 68, 61, 24, 34.40%, 0, 0, 2, 406.20, 41172, 140, 0, 0
106, 0, 8, 68, 61, 24, 34.40%, 0, 0, 2, 376.60, 43031, 140, 0, 0
111, 0, 8, 68, 61, 24, 34.40%, 0, 0, 2, 383.25, 45026, 140, 0, 0
116, 0, 8, 68, 61, 24, 34.40%, 0, 0, 2, 389.33, 46972, 140, 0, 0
121, 0, 8, 68, 61, 24, 34.40%, 0, 0, 2, 385.07, 48953, 140, 0, 0
126, 0, 8, 68, 61, 24, 34.40%, 0, 0, 2, 392.12, 50955, 140, 0, 0
131, 0, 8, 68, 61, 24, 34.40%, 0, 0, 2, 371.76, 52817, 140, 0, 0
136, 0, 8, 68, 61, 24, 34.40%, 0, 0, 2, 363.04, 54637, 140, 0, 0
142, 0, 8, 68, 61, 24, 34.40%, 0, 0, 2, 387.51, 56626, 140, 0, 0
147, 0, 8, 68, 61, 24, 34.40%, 0, 0, 2, 382.21, 58523, 140, 0, 0
152, 0, 8, 68, 61, 24, 34.40%, 0, 0, 2, 388.92, 60525, 140, 0, 0
157, 0, 11, 68, 59, 23, 34.40%, 0, 0, 2, 390.07, 62504, 140, 0, 0
162, 0, 19, 70, 54, 16, 34.40%, 0, 0, 2, 413.00, 64607, 140, 0, 0
167, 0, 19, 83, 67, 16, 34.64%, 0, 0, 2, 414.99, 66648, 141, 0, 0
172, 0, 19, 88, 72, 16, 34.64%, 0, 0, 2, 435.42, 68827, 141, 0, 0
177, 0, 19, 93, 77, 16, 35.14%, 0, 0, 2, 438.12, 71070, 143, 0, 0
182, 0, 19, 94, 78, 16, 35.14%, 0, 0, 2, 445.28, 73326, 143, 0, 0
187, 0, 19, 99, 83, 16, 35.38%, 0, 0, 2, 453.04, 75622, 144, 0, 0
192, 0, 19, 99, 83, 16, 35.38%, 0, 0, 2, 453.99, 77935, 144, 0, 0
197, 0, 19, 100, 84, 16, 35.38%, 0, 0, 2, 448.60, 80202, 144, 0, 0
202, 0, 19, 100, 84, 16, 35.38%, 0, 0, 2, 436.99, 82361, 144, 0, 0
208, 0, 19, 102, 86, 16, 35.38%, 0, 0, 2, 435.53, 84583, 144, 0, 0
213, 0, 19, 103, 87, 16, 35.38%, 0, 0, 2, 422.01, 86726, 144, 0, 0
218, 0, 19, 103, 87, 16, 35.38%, 0, 0, 2, 450.69, 89016, 144, 0, 0
223, 0, 19, 104, 88, 16, 35.38%, 0, 0, 2, 440.66, 91237, 144, 0, 0
228, 0, 19, 104, 88, 16, 35.38%, 0, 0, 2, 429.70, 93453, 144, 0, 0
233, 0, 19, 107, 91, 16, 35.63%, 0, 0, 2, 462.34, 95758, 145, 0, 0
238, 0, 19, 107, 91, 16, 35.63%, 0, 0, 2, 441.96, 97954, 145, 0, 0
243, 0, 19, 108, 92, 16, 35.63%, 0, 0, 2, 392.08, 99969, 145, 0, 0
248, 0, 19, 108, 92, 16, 35.63%, 0, 0, 2, 416.05, 102081, 145, 0, 0
253, 0, 24, 108, 90, 18, 35.63%, 0, 0, 2, 387.25, 104010, 145, 0, 0
258, 0, 24, 117, 99, 18, 35.63%, 0, 0, 2, 416.18, 106154, 145, 0, 0
263, 0, 24, 121, 103, 18, 35.63%, 0, 0, 2, 429.13, 108270, 145, 0, 0
268, 0, 24, 124, 106, 18, 35.63%, 0, 0, 2, 442.50, 110563, 145, 0, 0
273, 0, 31, 124, 102, 15, 35.63%, 0, 0, 2, 463.68, 112899, 145, 0, 0
278, 0, 36, 135, 110, 12, 40.79%, 0, 0, 3, 443.52, 115183, 166, 0, 0
284, 0, 36, 137, 112, 12, 40.79%, 0, 0, 3, 415.17, 117262, 166, 0, 0
289, 0, 36, 137, 112, 12, 40.79%, 0, 0, 3, 451.90, 119573, 166, 0, 0
294, 0, 36, 139, 114, 12, 41.03%, 0, 0, 3, 424.09, 121733, 167, 0, 0
299, 0, 36, 140, 115, 12, 41.03%, 0, 0, 3, 440.72, 123909, 167, 0, 0
304, 0, 36, 142, 117, 12, 41.03%, 0, 0, 3, 423.85, 126139, 167, 0, 0
309, 0, 69, 146, 117, 16, 41.28%, 0, 0, 3, 407.36, 128211, 168, 0, 0
314, 0, 89, 150, 119, 14, 41.28%, 0, 0, 3, 395.60, 130231, 168, 0, 0
319, 0, 89, 157, 126, 14, 41.28%, 0, 0, 3, 417.41, 132417, 168, 0, 0
324, 0, 89, 161, 130, 14, 41.28%, 0, 0, 3, 416.46, 134589, 168, 0, 0
330, 0, 89, 163, 132, 14, 41.28%, 0, 0, 3, 435.24, 136803, 168, 0, 0
335, 0, 89, 165, 134, 14, 41.28%, 0, 0, 3, 459.22, 139249, 168, 0, 0
340, 0, 89, 167, 136, 14, 41.28%, 0, 0, 3, 473.32, 141684, 168, 0, 0
345, 0, 89, 168, 137, 14, 41.28%, 0, 0, 3, 437.60, 143918, 168, 0, 0
350, 0, 89, 170, 139, 14, 41.28%, 0, 0, 3, 448.11, 146180, 168, 0, 0
355, 0, 89, 170, 139, 14, 41.28%, 0, 0, 3, 439.66, 148348, 168, 0, 0
360, 0, 89, 170, 139, 14, 41.28%, 0, 0, 3, 422.31, 150516, 168, 0, 0
365, 0, 89, 173, 142, 14, 41.28%, 0, 0, 3, 419.28, 152665, 168, 0, 0
370, 0, 89, 173, 142, 14, 41.28%, 0, 0, 3, 408.97, 154753, 168, 0, 0
376, 0, 89, 173, 142, 14, 41.28%, 0, 0, 3, 389.81, 156778, 168, 0, 0
381, 0, 89, 173, 142, 14, 41.28%, 0, 0, 3, 395.98, 158788, 168, 0, 0
386, 0, 89, 175, 144, 14, 41.28%, 0, 0, 3, 429.30, 160928, 168, 0, 0
391, 0, 89, 176, 145, 14, 42.26%, 0, 0, 3, 428.16, 163095, 172, 0, 0
396, 0, 89, 176, 145, 14, 42.26%, 0, 0, 3, 420.88, 165247, 172, 0, 0
401, 0, 89, 177, 146, 14, 42.26%, 0, 0, 3, 429.89, 167470, 172, 0, 0
406, 0, 104, 178, 145, 14, 42.26%, 0, 0, 3, 418.79, 169594, 172, 0, 0
411, 0, 121, 180, 146, 13, 42.26%, 0, 0, 3, 404.85, 171635, 172, 0, 0
416, 0, 133, 196, 158, 10, 42.26%, 0, 0, 4, 384.43, 173704, 172, 0, 0
422, 0, 161, 197, 153, 5, 42.26%, 0, 0, 4, 411.57, 175770, 172, 0, 0
427, 0, 175, 202, 156, 3, 43.00%, 0, 0, 4, 424.70, 177914, 175, 0, 0
432, 0, 175, 205, 159, 3, 43.00%, 0, 0, 4, 414.59, 180023, 175, 0, 0
437, 0, 175, 205, 159, 3, 43.00%, 0, 0, 4, 443.75, 182295, 175, 0, 0
442, 0, 175, 206, 160, 3, 43.00%, 0, 0, 4, 442.11, 184526, 175, 0, 0
447, 0, 175, 206, 160, 3, 43.00%, 0, 0, 4, 427.87, 186718, 175, 0, 0
452, 0, 175, 206, 160, 3, 43.00%, 0, 0, 4, 433.39, 188886, 175, 0, 0
457, 0, 175, 208, 162, 3, 43.00%, 0, 0, 4, 426.07, 191012, 175, 0, 0
462, 0, 175, 210, 164, 3, 43.00%, 0, 0, 4, 440.39, 193274, 175, 0, 0
467, 0, 175, 213, 167, 3, 43.00%, 0, 0, 4, 430.06, 195575, 175, 0, 0
472, 0, 175, 214, 168, 3, 43.00%, 0, 0, 4, 405.66, 197646, 175, 0, 0
478, 0, 175, 216, 170, 3, 43.00%, 0, 0, 4, 431.01, 199884, 175, 0, 0
483, 0, 175, 216, 170, 3, 43.00%, 0, 0, 4, 422.82, 201997, 175, 0, 0
488, 0, 175, 216, 170, 3, 43.00%, 0, 0, 4, 435.89, 204245, 175, 0, 0
493, 0, 175, 217, 171, 3, 43.00%, 0, 0, 4, 469.24, 206560, 175, 0, 0
498, 0, 175, 217, 171, 3, 43.00%, 0, 0, 4, 422.71, 208724, 175, 0, 0
503, 0, 175, 217, 171, 3, 43.00%, 0, 0, 4, 432.76, 210924, 175, 0, 0
508, 0, 175, 217, 171, 3, 43.00%, 0, 0, 4, 429.91, 213052, 175, 0, 0
513, 0, 175, 217, 171, 3, 43.00%, 0, 0, 4, 450.44, 215372, 175, 0, 0
518, 0, 206, 219, 170, 3, 43.00%, 0, 0, 5, 433.51, 217618, 175, 0, 0
523, 1, 25, 220, 167, 0, 43.00%, 0, 0, 5, 448.07, 219917, 175, 0, 0
529, 1, 70, 220, 158, 0, 43.00%, 0, 0, 5, 420.39, 222023, 175, 0, 0
534, 1, 121, 221, 147, 0, 43.00%, 0, 0, 5, 445.33, 224337, 175, 0, 0
539, 1, 161, 223, 142, 0, 43.00%, 0, 0, 5, 435.02, 226503, 175, 0, 0
544, 1, 194, 224, 139, 0, 43.00%, 0, 0, 5, 386.26, 228498, 175, 0, 0
549, 1, 209, 226, 139, 0, 43.00%, 0, 0, 5, 425.52, 230699, 175, 0, 0
554, 1, 228, 239, 146, 0, 43.24%, 0, 0, 5, 400.74, 232802, 176, 0, 0
559, 2, 243, 329, 233, 18, 50.37%, 0, 0, 5, 429.89, 234993, 205, 0, 0
564, 2, 282, 329, 227, 12, 50.37%, 0, 0, 5, 444.24, 237261, 205, 0, 0
569, 2, 302, 329, 223, 8, 50.37%, 0, 0, 5, 432.40, 239420, 205, 0, 0
574, 2, 314, 330, 222, 6, 50.37%, 1, 0, 5, 423.48, 241515, 205, 1, 0
579, 2, 326, 330, 219, 3, 50.37%, 1, 0, 5, 428.79, 243739, 205, 1, 0
585, 2, 328, 334, 221, 5, 57.74%, 1, 0, 5, 422.68, 245903, 235, 1, 0
590, 2, 332, 338, 222, 2, 58.23%, 1, 0, 5, 422.50, 248088, 237, 1, 0
595, 2, 333, 339, 222, 3, 58.23%, 1, 0, 5, 431.50, 250185, 237, 1, 0
600, 2, 333, 350, 233, 3, 58.23%, 1, 0, 5, 407.13, 252234, 237, 1, 0
605, 2, 334, 353, 235, 3, 58.48%, 1, 0, 5, 440.67, 254571, 238, 1, 0
610, 2, 337, 354, 235, 3, 58.72%, 1, 0, 5, 431.28, 256734, 239, 1, 0
615, 2, 338, 358, 238, 3, 58.72%, 1, 0, 5, 418.65, 258866, 239, 1, 0
620, 2, 338, 359, 239, 3, 58.72%, 1, 0, 5, 425.02, 261049, 239, 1, 0
625, 2, 338, 360, 240, 3, 58.72%, 1, 0, 5, 430.64, 263296, 239, 1, 0
630, 2, 338, 361, 241, 3, 58.72%, 1, 0, 5, 433.53, 265503, 239, 1, 0
635, 2, 353, 362, 240, 2, 58.72%, 1, 0, 5, 416.02, 267623, 239, 1, 0
640, 2, 355, 364, 241, 1, 58.72%, 1, 0, 6, 435.07, 269769, 239, 1, 0
645, 2, 355, 365, 242, 1, 58.72%, 1, 0, 6, 428.69, 271976, 239, 1, 0
650, 2, 355, 366, 243, 1, 58.72%, 1, 0, 6, 424.25, 274071, 239, 1, 0
655, 2, 355, 367, 244, 1, 58.72%, 1, 0, 6, 427.22, 276262, 239, 1, 0
661, 2, 363, 370, 246, 1, 58.72%, 1, 0, 7, 407.61, 278307, 239, 1, 0
666, 2, 363, 372, 248, 1, 58.72%, 1, 0, 7, 384.99, 280264, 239, 1, 0
671, 2, 363, 373, 249, 1, 58.72%, 1, 0, 7, 379.06, 282203, 239, 1, 0
676, 2, 363, 373, 249, 1, 58.72%, 1, 0, 7, 374.51, 284142, 239, 1, 0
681, 2, 363, 375, 251, 1, 58.72%, 1, 0, 7, 368.13, 285962, 239, 1, 0
686, 2, 363, 376, 252, 1, 58.72%, 1, 0, 7, 363.21, 287845, 239, 1, 0
691, 2, 363, 376, 252, 1, 58.72%, 1, 0, 7, 375.96, 289798, 239, 1, 0
696, 3, 241, 382, 256, 1, 58.97%, 1, 0, 8, 375.67, 291775, 240, 1, 0
701, 4, 0, 383, 253, 0, 58.97%, 1, 0, 8, 396.14, 293800, 240, 1, 0
706, 4, 66, 383, 245, 0, 58.97%, 1, 0, 8, 415.81, 295981, 240, 1, 0
711, 4, 122, 384, 235, 0, 58.97%, 3, 0, 8, 412.48, 298092, 240, 4, 0
717, 4, 182, 384, 221, 0, 58.97%, 3, 0, 8, 413.97, 300202, 240, 6, 0
722, 4, 215, 385, 219, 0, 58.97%, 3, 0, 8, 435.67, 302441, 240, 6, 0
727, 4, 243, 385, 212, 0, 58.97%, 3, 0, 8, 429.36, 304586, 240, 6, 0
732, 4, 292, 385, 206, 0, 58.97%, 4, 0, 8, 405.77, 306608, 240, 7, 0
737, 4, 305, 387, 203, 0, 58.97%, 4, 0, 8, 397.72, 308639, 240, 7, 0
742, 5, 29, 388, 200, 0, 58.97%, 4, 0, 8, 429.73, 310821, 240, 7, 0
747, 5, 129, 388, 195, 0, 58.97%, 4, 0, 8, 428.44, 312945, 240, 9, 0
752, 5, 188, 388, 189, 0, 58.97%, 5, 0, 8, 408.01, 314983, 240, 10, 0
757, 5, 223, 388, 183, 0, 58.97%, 5, 0, 8, 416.28, 317144, 240, 10, 0
762, 5, 276, 390, 180, 0, 58.97%, 5, 0, 8, 427.18, 319248, 240, 10, 0
767, 5, 380, 392, 179, 1, 58.97%, 5, 0, 8, 407.18, 321338, 240, 10, 0
772, 6, 55, 392, 173, 0, 58.97%, 5, 0, 8, 416.49, 323455, 240, 10, 0
777, 6, 161, 392, 165, 0, 58.97%, 5, 0, 8, 439.22, 325633, 240, 13, 0
782, 6, 215, 392, 161, 0, 58.97%, 5, 0, 8, 430.10, 327751, 240, 13, 0
788, 6, 253, 393, 157, 0, 58.97%, 5, 0, 8, 416.84, 329852, 240, 13, 0
793, 6, 295, 393, 151, 0, 58.97%, 5, 0, 8, 422.65, 331988, 240, 13, 0
798, 6, 326, 393, 148, 0, 58.97%, 5, 0, 8, 423.57, 334105, 240, 13, 0
803, 6, 337, 393, 146, 0, 58.97%, 5, 0, 8, 411.55, 336136, 240, 13, 0
808, 6, 348, 395, 146, 0, 58.97%, 5, 0, 8, 415.72, 338230, 240, 13, 0
813, 6, 348, 399, 150, 0, 59.21%, 5, 0, 8, 400.62, 340298, 241, 13, 0
818, 6, 348, 399, 150, 0, 59.21%, 5, 0, 8, 401.27, 342332, 241, 13, 0
823, 6, 348, 400, 151, 0, 59.21%, 5, 0, 8, 387.17, 344348, 241, 13, 0
828, 6, 348, 400, 151, 0, 59.21%, 5, 0, 8, 406.45, 346433, 241, 13, 0
833, 6, 396, 400, 150, 1, 59.21%, 5, 0, 8, 418.45, 348660, 241, 13, 0
838, 6, 396, 400, 150, 1, 59.21%, 5, 0, 8, 424.67, 350784, 241, 13, 0
843, 7, 38, 401, 148, 0, 59.21%, 5, 0, 8, 413.12, 352779, 241, 13, 0
848, 7, 147, 401, 141, 0, 59.21%, 5, 0, 8, 399.07, 354811, 241, 14, 0
853, 7, 228, 401, 136, 0, 59.21%, 6, 0, 8, 441.69, 357051, 241, 18, 0
859, 7, 401, 402, 135, 1, 59.46%, 6, 0, 8, 413.04, 359068, 242, 18, 0
864, 8, 25, 404, 136, 0, 59.46%, 6, 0, 8, 423.11, 361201, 242, 18, 0
869, 8, 121, 404, 131, 0, 59.46%, 6, 0, 8, 426.17, 363482, 242, 19, 0
874, 8, 206, 404, 126, 0, 59.46%, 6, 0, 8, 433.26, 365704, 242, 20, 0
879, 8, 264, 404, 123, 0, 59.46%, 6, 0, 8, 433.41, 367874, 242, 20, 0
884, 8, 314, 404, 118, 0, 59.46%, 6, 0, 8, 443.04, 370169, 242, 20, 0
889, 8, 340, 404, 117, 0, 59.46%, 6, 0, 8, 427.38, 372333, 242, 20, 0
894, 8, 355, 405, 116, 0, 59.46%, 6, 0, 8, 459.70, 374690, 242, 20, 0
899, 8, 371, 405, 114, 0, 59.46%, 6, 0, 8, 424.26, 376804, 242, 20, 0
904, 8, 385, 405, 111, 0, 59.46%, 6, 0, 8, 410.11, 378706, 242, 20, 0
906, 8, 389, 405, 110, 0, 59.46%, 6, 0, 8, 399.17, 379439, 242, 20, 0
