# relative_time, cycles_done, cur_item, corpus_count, pending_total, pending_favs, map_size, saved_crashes, saved_hangs, max_depth, execs_per_sec, total_execs, edges_found, total_crashes, servers_count
61, 0, 9, 78, 73, 2, 31.70%, 0, 0, 2, 435.22, 25284, 129, 0, 0
66, 0, 9, 78, 73, 2, 31.70%, 0, 0, 2, 432.73, 27420, 129, 0, 0
71, 0, 9, 79, 74, 2, 31.70%, 0, 0, 2, 396.90, 29384, 129, 0, 0
76, 0, 9, 79, 74, 2, 31.70%, 0, 0, 2, 422.72, 31531, 129, 0, 0
81, 0, 9, 81, 76, 2, 31.70%, 0, 0, 2, 406.58, 33634, 129, 0, 0
86, 0, 9, 81, 76, 2, 31.70%, 0, 0, 2, 416.30, 35770, 129, 0, 0
91, 0, 9, 82, 77, 2, 31.70%, 0, 0, 2, 408.34, 37905, 129, 0, 0
96, 0, 9, 82, 77, 2, 31.70%, 0, 0, 2, 400.28, 39969, 129, 0, 0
101, 0, 9, 82, 77, 2, 31.70%, 0, 0, 2, 439.87, 42170, 129, 0, 0
106, 0, 9, 82, 77, 2, 31.70%, 0, 0, 2, 411.98, 44306, 129, 0, 0
111, 0, 9, 83, 78, 2, 31.70%, 0, 0, 2, 413.44, 46457, 129, 0, 0
116, 0, 9, 83, 78, 2, 31.70%, 0, 0, 2, 425.07, 48641, 129, 0, 0
122, 0, 9, 84, 79, 2, 31.70%, 0, 0, 2, 445.23, 50936, 129, 0, 0
127, 0, 9, 85, 80, 2, 31.70%, 0, 0, 2, 445.87, 53167, 129, 0, 0
132, 0, 13, 105, 95, 22, 33.91%, 0, 0, 3, 422.81, 55244, 138, 0, 0
137, 0, 82, 115, 102, 19, 34.15%, 0, 0, 3, 419.93, 57404, 139, 0, 0
142, 0, 82, 120, 107, 19, 34.15%, 0, 0, 3, 444.30, 59728, 139, 0, 0
147, 0, 82, 124, 111, 19, 34.15%, 0, 0, 3, 435.28, 61964, 139, 0, 0
152, 0, 82, 124, 111, 19, 34.15%, 0, 0, 3, 432.90, 64140, 139, 0, 0
157, 0, 82, 125, 112, 19, 34.15%, 0, 0, 3, 443.00, 66419, 139, 0, 0
162, 0, 82, 125, 112, 19, 34.15%, 0, 0, 3, 439.09, 68635, 139, 0, 0
168, 0, 82, 126, 113, 19, 34.15%, 0, 0, 3, 424.94, 70770, 139, 0, 0
173, 0, 82, 127, 114, 19, 34.15%, 0, 0, 3, 405.84, 72801, 139, 0, 0
178, 0, 82, 127, 114, 19, 34.15%, 0, 0, 3, 415.54, 74961, 139, 0, 0
183, 0, 82, 127, 114, 19, 34.15%, 0, 0, 3, 410.43, 77042, 139, 0, 0
188, 0, 82, 128, 115, 19, 34.15%, 0, 0, 3, 428.60, 79217, 139, 0, 0
193, 0, 82, 129, 116, 19, 34.15%, 0, 0, 3, 449.90, 81457, 139, 0, 0
198, 0, 82, 129, 116, 19, 34.15%, 0, 0, 3, 422.68, 83561, 139, 0, 0
203, 0, 82, 132, 119, 19, 34.15%, 0, 0, 3, 427.16, 85742, 139, 0, 0
208, 0, 82, 132, 119, 19, 34.15%, 0, 0, 3, 430.51, 87990, 139, 0, 0
213, 0, 82, 132, 119, 19, 34.15%, 0, 0, 3, 415.70, 90110, 139, 0, 0
219, 0, 82, 133, 120, 19, 34.15%, 0, 0, 3, 440.18, 92341, 139, 0, 0
224, 0, 82, 133, 120, 19, 34.15%, 0, 0, 3, 447.10, 94637, 139, 0, 0
229, 0, 118, 134, 119, 15, 34.15%, 0, 0, 3, 437.25, 96813, 139, 0, 0
234, 0, 118, 141, 126, 15, 34.15%, 0, 0, 4, 405.54, 98910, 139, 0, 0
239, 0, 118, 143, 128, 15, 34.15%, 0, 0, 4, 421.40, 101029, 139, 0, 0
244, 0, 118, 146, 131, 15, 34.15%, 0, 0, 4, 421.93, 103195, 139, 0, 0
249, 0, 85, 148, 131, 13, 34.89%, 0, 0, 4, 441.38, 105404, 142, 0, 0
254, 0, 85, 152, 135, 13, 34.89%, 0, 0, 4, 431.72, 107616, 142, 0, 0
259, 0, 85, 156, 139, 13, 34.89%, 0, 0, 4, 452.07, 109905, 142, 0, 0
264, 0, 85, 157, 140, 13, 34.89%, 0, 0, 4, 420.93, 111988, 142, 0, 0
269, 0, 85, 159, 142, 13, 34.89%, 0, 0, 4, 403.43, 114050, 142, 0, 0
274, 0, 85, 160, 143, 13, 34.89%, 0, 0, 4, 407.96, 116073, 142, 0, 0
280, 0, 85, 161, 144, 13, 34.89%, 0, 0, 4, 395.52, 118150, 142, 0, 0
285, 0, 85, 162, 145, 13, 34.89%, 0, 0, 4, 427.98, 120223, 142, 0, 0
290, 0, 85, 162, 145, 13, 34.89%, 0, 0, 4, 450.15, 122599, 142, 0, 0
295, 0, 85, 163, 146, 13, 34.89%, 0, 0, 4, 406.53, 124566, 142, 0, 0
300, 0, 85, 166, 149, 13, 34.89%, 0, 0, 4, 419.55, 126771, 142, 0, 0
305, 0, 85, 167, 150, 13, 34.89%, 0, 0, 4, 469.94, 129152, 142, 0, 0
310, 0, 85, 167, 150, 13, 34.89%, 0, 0, 4, 428.32, 131274, 142, 0, 0
315, 0, 85, 169, 152, 13, 34.89%, 0, 0, 4, 439.82, 133464, 142, 0, 0
320, 0, 85, 169, 152, 13, 34.89%, 0, 0, 4, 419.73, 135600, 142, 0, 0
325, 0, 85, 170, 153, 13, 34.89%, 0, 0, 4, 400.20, 137624, 142, 0, 0
330, 0, 85, 171, 154, 13, 34.89%, 0, 0, 4, 417.26, 139782, 142, 0, 0
335, 0, 85, 171, 154, 13, 34.89%, 0, 0, 4, 440.40, 142030, 142, 0, 0
341, 0, 15, 171, 152, 13, 34.89%, 0, 0, 4, 415.47, 144101, 142, 0, 0
346, 0, 33, 171, 149, 10, 34.89%, 0, 0, 4, 424.40, 146235, 142, 0, 0
351, 0, 138, 174, 151, 9, 34.89%, 0, 0, 5, 433.49, 148393, 142, 0, 0
356, 0, 161, 180, 155, 7, 34.89%, 0, 0, 5, 433.49, 150563, 142, 0, 0
361, 0, 161, 182, 157, 7, 34.89%, 0, 0, 5, 444.62, 152769, 142, 0, 0
366, 0, 161, 183, 158, 7, 34.89%, 0, 0, 5, 437.59, 155048, 142, 0, 0
371, 0, 161, 184, 159, 7, 34.89%, 0, 0, 5, 428.07, 157191, 142, 0, 0
376, 0, 161, 184, 159, 7, 34.89%, 0, 0, 5, 433.26, 159359, 142, 0, 0
381, 0, 161, 185, 160, 7, 35.14%, 0, 0, 5, 431.41, 161582, 143, 0, 0
386, 0, 161, 186, 161, 7, 35.14%, 0, 0, 5, 433.45, 163789, 143, 0, 0
391, 0, 161, 187, 162, 7, 35.14%, 0, 0, 5, 417.55, 165876, 143, 0, 0
396, 0, 161, 187, 162, 7, 35.14%, 0, 0, 5, 396.96, 167884, 143, 0, 0
401, 0, 161, 188, 163, 7, 35.14%, 0, 0, 5, 406.11, 169907, 143, 0, 0
406, 0, 161, 188, 163, 7, 35.14%, 0, 0, 5, 403.46, 171899, 143, 0, 0
412, 0, 161, 188, 163, 7, 35.14%, 0, 0, 5, 399.43, 173919, 143, 0, 0
417, 0, 161, 188, 163, 7, 35.14%, 0, 0, 5, 436.54, 176163, 143, 0, 0
422, 0, 161, 189, 164, 7, 35.14%, 0, 0, 5, 422.00, 178290, 143, 0, 0
427, 0, 161, 189, 164, 7, 35.14%, 0, 0, 5, 436.25, 180434, 143, 0, 0
432, 0, 161, 189, 164, 7, 35.14%, 0, 0, 5, 446.77, 182730, 143, 0, 0
437, 0, 161, 189, 164, 7, 35.14%, 0, 0, 5, 439.16, 184882, 143, 0, 0
442, 0, 161, 189, 164, 7, 35.14%, 0, 0, 5, 432.36, 187018, 143, 0, 0
447, 0, 174, 189, 162, 6, 35.14%, 0, 0, 5, 460.92, 189453, 143, 0, 0
452, 0, 89, 190, 161, 5, 35.38%, 0, 0, 5, 418.99, 191550, 144, 0, 0
457, 0, 89, 190, 161, 5, 35.38%, 0, 0, 5, 398.54, 193491, 144, 0, 0
462, 0, 86, 190, 157, 1, 35.38%, 0, 0, 5, 435.39, 195687, 144, 0, 0
468, 0, 191, 193, 157, 2, 36.36%, 0, 0, 5, 441.27, 197984, 148, 0, 0
473, 0, 97, 193, 154, 0, 36.36%, 0, 0, 5, 441.64, 200228, 148, 0, 0
478, 0, 33, 193, 152, 0, 36.36%, 0, 0, 5, 426.30, 202410, 148, 0, 0
483, 0, 106, 194, 147, 0, 36.36%, 0, 0, 5, 426.41, 204637, 148, 0, 0
488, 0, 35, 194, 144, 0, 36.36%, 0, 0, 5, 464.94, 206999, 148, 0, 0
493, 0, 100, 194, 139, 0, 36.36%, 0, 0, 5, 515.11, 209487, 148, 0, 0
498, 0, 134, 196, 137, 0, 36.36%, 0, 0, 5, 447.24, 211600, 148, 0, 0
503, 0, 168, 196, 133, 0, 36.36%, 0, 0, 5, 437.33, 213837, 148, 0, 0
508, 0, 33, 196, 130, 0, 36.36%, 0, 0, 5, 438.44, 216006, 148, 0, 0
513, 0, 191, 196, 125, 0, 36.36%, 0, 0, 5, 449.09, 218254, 148, 0, 0
518, 0, 168, 197, 125, 0, 36.36%, 0, 0, 5, 422.56, 220337, 148, 0, 0
523, 0, 168, 197, 123, 0, 36.36%, 0, 0, 5, 414.56, 222462, 148, 0, 0
528, 0, 73, 197, 120, 0, 36.36%, 0, 0, 5, 424.03, 224628, 148, 0, 0
533, 0, 121, 197, 117, 0, 36.36%, 0, 0, 5, 437.37, 226888, 148, 0, 0
538, 0, 164, 198, 116, 0, 36.36%, 0, 0, 5, 421.21, 228978, 148, 0, 0
544, 0, 174, 198, 114, 0, 36.36%, 0, 0, 5, 429.68, 231104, 148, 0, 0
549, 0, 198, 199, 114, 1, 36.61%, 0, 0, 5, 405.52, 233163, 149, 0, 0
554, 0, 113, 199, 109, 0, 36.61%, 0, 0, 5, 399.57, 235141, 149, 0, 0
559, 0, 60, 199, 107, 0, 36.61%, 0, 0, 5, 425.78, 237318, 149, 0, 0
564, 1, 72, 199, 103, 0, 36.61%, 0, 0, 5, 440.07, 239547, 149, 0, 0
569, 1, 118, 199, 99, 0, 36.61%, 0, 0, 5, 421.44, 241667, 149, 0, 0
574, 1, 8, 199, 93, 0, 36.61%, 0, 0, 5, 421.42, 243770, 149, 0, 0
579, 1, 184, 200, 89, 0, 36.61%, 0, 0, 5, 405.36, 245803, 149, 0, 0
584, 1, 106, 200, 84, 0, 36.61%, 0, 0, 5, 399.49, 247828, 149, 0, 0
589, 1, 93, 200, 82, 0, 36.61%, 0, 0, 5, 406.21, 249905, 149, 0, 0
594, 1, 92, 201, 78, 0, 36.61%, 0, 0, 5, 425.57, 251983, 149, 0, 0
599, 1, 21, 201, 74, 0, 36.61%, 0, 0, 5, 411.28, 254070, 149, 0, 0
604, 1, 201, 202, 73, 1, 36.86%, 0, 0, 5, 396.19, 256079, 150, 0, 0
609, 1, 18, 203, 69, 0, 36.86%, 0, 0, 5, 424.33, 258240, 150, 0, 0
614, 1, 68, 204, 66, 0, 36.86%, 0, 0, 5, 448.04, 260618, 150, 0, 0
619, 1, 14, 204, 62, 0, 36.86%, 0, 0, 5, 448.75, 262860, 150, 0, 0
625, 1, 204, 207, 62, 1, 37.35%, 0, 0, 5, 433.67, 264997, 152, 0, 0
630, 1, 206, 207, 58, 1, 37.35%, 0, 0, 5, 425.24, 267197, 152, 0, 0
635, 1, 102, 207, 55, 0, 37.35%, 0, 0, 5, 415.93, 269299, 152, 0, 0
640, 1, 200, 208, 55, 0, 37.35%, 0, 0, 5, 402.04, 271263, 152, 0, 0
645, 1, 195, 208, 52, 0, 37.35%, 0, 0, 5, 390.54, 273258, 152, 0, 0
650, 1, 208, 212, 55, 1, 37.35%, 0, 0, 5, 386.22, 275257, 152, 0, 0
655, 1, 208, 218, 61, 1, 37.35%, 0, 0, 5, 363.09, 277063, 152, 0, 0
660, 1, 208, 219, 62, 1, 37.35%, 0, 0, 5, 381.89, 278960, 152, 0, 0
665, 1, 208, 220, 63, 1, 37.35%, 0, 0, 5, 377.54, 280906, 152, 0, 0
670, 1, 208, 221, 64, 1, 37.35%, 0, 0, 5, 363.59, 282747, 152, 0, 0
675, 1, 208, 221, 64, 1, 37.35%, 0, 0, 5, 360.68, 284588, 152, 0, 0
680, 1, 208, 221, 64, 1, 37.35%, 0, 0, 5, 385.00, 286548, 152, 0, 0
686, 1, 215, 221, 63, 1, 37.35%, 0, 0, 5, 381.18, 288463, 152, 0, 0
691, 1, 214, 221, 59, 0, 37.35%, 0, 0, 5, 397.54, 290500, 152, 0, 0
696, 1, 155, 221, 58, 0, 37.35%, 0, 0, 5, 412.89, 292617, 152, 0, 0
701, 1, 174, 221, 54, 0, 37.35%, 0, 0, 5, 430.97, 294821, 152, 0, 0
706, 1, 165, 222, 54, 0, 37.35%, 0, 0, 5, 401.97, 296876, 152, 0, 0
711, 1, 116, 225, 54, 0, 37.35%, 0, 0, 5, 413.85, 299016, 152, 0, 0
716, 1, 221, 225, 54, 0, 37.35%, 0, 0, 5, 414.99, 301121, 152, 0, 0
721, 1, 54, 226, 53, 0, 37.35%, 0, 0, 6, 417.87, 303214, 152, 0, 0
726, 1, 224, 226, 51, 0, 37.35%, 0, 0, 6, 410.82, 305428, 152, 0, 0
731, 1, 122, 229, 51, 0, 37.59%, 0, 0, 6, 440.66, 307674, 153, 0, 0
736, 1, 212, 229, 46, 0, 37.59%, 0, 0, 6, 426.59, 309765, 153, 0, 0
742, 1, 168, 229, 44, 0, 37.59%, 0, 0, 6, 406.32, 311821, 153, 0, 0
747, 1, 207, 229, 41, 0, 37.59%, 0, 0, 6, 412.62, 313944, 153, 0, 0
752, 1, 69, 229, 38, 0, 37.59%, 0, 0, 6, 391.71, 315914, 153, 0, 0
757, 1, 217, 229, 35, 0, 37.59%, 0, 0, 6, 418.66, 318115, 153, 0, 0
762, 1, 194, 229, 32, 0, 37.59%, 0, 0, 6, 406.46, 320154, 153, 0, 0
767, 1, 168, 230, 31, 0, 37.59%, 0, 0, 7, 440.97, 322307, 153, 0, 0
772, 1, 220, 232, 32, 0, 37.59%, 0, 0, 7, 416.59, 324533, 153, 0, 0
777, 1, 98, 232, 31, 0, 37.59%, 0, 0, 7, 420.35, 326658, 153, 0, 0
782, 1, 138, 233, 30, 0, 37.59%, 0, 0, 7, 434.25, 328882, 153, 0, 0
787, 1, 49, 233, 29, 0, 37.59%, 0, 0, 7, 417.72, 331095, 153, 0, 0
792, 2, 254, 288, 83, 12, 42.75%, 0, 0, 7, 425.18, 333226, 174, 0, 0
798, 2, 253, 288, 81, 10, 42.75%, 0, 0, 7, 385.39, 335244, 174, 0, 0
803, 2, 274, 288, 79, 8, 42.75%, 0, 0, 7, 432.62, 337485, 174, 0, 0
808, 2, 255, 288, 76, 5, 42.75%, 0, 0, 7, 420.90, 339600, 174, 0, 0
813, 2, 252, 288, 75, 4, 42.75%, 0, 0, 7, 433.64, 341770, 174, 0, 0
818, 2, 259, 288, 74, 3, 42.75%, 0, 0, 7, 423.18, 343865, 174, 0, 0
823, 2, 258, 288, 72, 1, 42.75%, 0, 0, 7, 412.01, 345972, 174, 0, 0
828, 2, 193, 288, 69, 0, 42.75%, 0, 0, 7, 404.25, 348081, 174, 0, 0
833, 2, 76, 288, 68, 0, 42.75%, 0, 0, 7, 393.40, 350102, 174, 0, 0
838, 2, 262, 288, 66, 0, 42.75%, 2, 0, 7, 422.57, 352325, 174, 2, 0
843, 2, 247, 288, 63, 0, 42.75%, 2, 0, 7, 422.28, 354445, 174, 2, 0
848, 2, 287, 288, 61, 0, 42.75%, 2, 0, 7, 417.62, 356556, 174, 2, 0
853, 2, 178, 288, 58, 0, 42.75%, 5, 0, 7, 411.53, 358627, 174, 7, 0
858, 2, 273, 288, 54, 0, 42.75%, 5, 0, 7, 443.71, 360982, 174, 7, 0
863, 2, 132, 288, 51, 0, 42.75%, 5, 0, 7, 426.59, 363077, 174, 7, 0
868, 2, 269, 288, 49, 0, 42.75%, 6, 0, 7, 401.96, 365103, 174, 8, 0
874, 2, 274, 288, 46, 0, 42.75%, 6, 0, 7, 403.37, 367168, 174, 8, 0
879, 2, 238, 288, 45, 0, 42.75%, 6, 0, 7, 430.94, 369404, 174, 8, 0
884, 2, 138, 288, 42, 0, 42.75%, 6, 0, 7, 409.47, 371483, 174, 8, 0
889, 2, 264, 288, 39, 0, 42.75%, 6, 0, 7, 424.35, 373685, 174, 8, 0
894, 2, 103, 288, 38, 0, 42.75%, 6, 0, 7, 416.05, 375777, 174, 8, 0
899, 2, 58, 288, 35, 0, 42.75%, 7, 0, 7, 385.42, 377696, 174, 9, 0
902, 2, 104, 288, 35, 0, 42.75%, 8, 0, 7, 404.71, 379073, 174, 13, 0
