# relative_time, cycles_done, cur_item, corpus_count, pending_total, pending_favs, map_size, saved_crashes, saved_hangs, max_depth, execs_per_sec, total_execs, edges_found, total_crashes, servers_count
61, 0, 9, 70, 65, 5, 30.47%, 0, 0, 2, 428.35, 26204, 124, 0, 0
66, 0, 9, 71, 66, 5, 30.47%, 0, 0, 2, 460.96, 28491, 124, 0, 0
71, 0, 9, 73, 68, 5, 30.47%, 0, 0, 2, 517.42, 31107, 124, 0, 0
76, 0, 9, 74, 69, 5, 30.47%, 0, 0, 2, 471.42, 33384, 124, 0, 0
81, 0, 9, 75, 70, 5, 30.47%, 0, 0, 2, 482.23, 35812, 124, 0, 0
86, 0, 9, 75, 70, 5, 30.47%, 0, 0, 2, 456.14, 38125, 124, 0, 0
91, 0, 9, 75, 70, 5, 30.47%, 0, 0, 2, 422.73, 40239, 124, 0, 0
96, 0, 9, 75, 70, 5, 30.47%, 0, 0, 2, 411.52, 42375, 124, 0, 0
101, 0, 9, 75, 70, 5, 30.47%, 0, 0, 2, 409.26, 44423, 124, 0, 0
106, 0, 9, 75, 70, 5, 30.47%, 0, 0, 2, 425.59, 46463, 124, 0, 0
111, 0, 9, 75, 70, 5, 30.47%, 0, 0, 2, 423.71, 48655, 124, 0, 0
116, 0, 9, 75, 70, 5, 30.47%, 0, 0, 2, 385.75, 50587, 124, 0, 0
121, 0, 9, 76, 71, 5, 30.47%, 0, 0, 2, 420.55, 52758, 124, 0, 0
126, 0, 71, 106, 100, 26, 34.89%, 0, 0, 3, 443.40, 54988, 142, 0, 0
132, 0, 71, 108, 102, 26, 35.14%, 0, 0, 3, 411.56, 57098, 143, 0, 0
137, 0, 71, 111, 105, 26, 35.14%, 0, 0, 3, 425.20, 59263, 143, 0, 0
142, 0, 71, 113, 107, 26, 35.14%, 0, 0, 3, 405.70, 61245, 143, 0, 0
147, 0, 71, 113, 107, 26, 35.14%, 0, 0, 3, 401.00, 63318, 143, 0, 0
152, 0, 71, 113, 107, 26, 35.14%, 0, 0, 3, 411.09, 65374, 143, 0, 0
157, 0, 71, 114, 108, 26, 35.14%, 0, 0, 3, 379.04, 67253, 143, 0, 0
162, 0, 84, 115, 102, 21, 35.38%, 0, 0, 3, 419.72, 69408, 144, 0, 0
167, 0, 31, 118, 102, 19, 35.38%, 0, 0, 4, 434.03, 71667, 144, 0, 0
172, 0, 83, 126, 109, 19, 37.84%, 0, 0, 4, 394.88, 73698, 154, 0, 0
177, 0, 83, 134, 117, 19, 37.84%, 1, 0, 4, 407.42, 75768, 154, 1, 0
182, 0, 83, 140, 123, 19, 37.84%, 1, 0, 4, 422.74, 77899, 154, 1, 0
187, 0, 83, 141, 124, 19, 37.84%, 1, 0, 4, 409.96, 79938, 154, 1, 0
192, 0, 83, 141, 124, 19, 37.84%, 1, 0, 4, 431.20, 82114, 154, 1, 0
198, 0, 83, 143, 126, 19, 37.84%, 1, 0, 4, 445.90, 84376, 154, 1, 0
203, 0, 83, 143, 126, 19, 37.84%, 1, 0, 4, 411.17, 86392, 154, 1, 0
208, 0, 83, 143, 126, 19, 37.84%, 1, 0, 4, 421.99, 88536, 154, 1, 0
213, 0, 83, 144, 127, 19, 37.84%, 1, 0, 4, 403.32, 90575, 154, 1, 0
218, 0, 83, 145, 128, 19, 37.84%, 1, 0, 4, 410.11, 92622, 154, 1, 0
223, 0, 83, 148, 131, 19, 37.84%, 1, 0, 4, 405.32, 94691, 154, 1, 0
228, 0, 83, 148, 131, 19, 37.84%, 1, 0, 4, 407.00, 96755, 154, 1, 0
233, 0, 83, 148, 131, 19, 37.84%, 1, 0, 4, 418.59, 98955, 154, 1, 0
238, 0, 83, 148, 131, 19, 37.84%, 1, 0, 4, 415.38, 101035, 154, 1, 0
243, 0, 0, 148, 130, 19, 37.84%, 1, 0, 4, 401.70, 103051, 154, 1, 0
248, 0, 70, 149, 128, 17, 37.84%, 1, 0, 4, 404.88, 105136, 154, 1, 0
253, 0, 126, 155, 132, 15, 37.84%, 1, 0, 4, 429.79, 107366, 154, 1, 0
258, 0, 126, 166, 143, 15, 37.84%, 1, 0, 4, 411.85, 109419, 154, 1, 0
263, 0, 126, 171, 148, 15, 37.84%, 1, 0, 4, 407.76, 111414, 154, 1, 0
269, 0, 126, 179, 156, 15, 37.84%, 1, 0, 4, 398.35, 113435, 154, 1, 0
274, 0, 126, 183, 160, 15, 37.84%, 1, 0, 4, 395.80, 115466, 154, 1, 0
279, 0, 126, 185, 162, 15, 37.84%, 1, 0, 4, 408.61, 117552, 154, 1, 0
284, 0, 126, 186, 163, 15, 37.84%, 1, 0, 4, 396.67, 119490, 154, 1, 0
289, 0, 126, 189, 166, 15, 37.84%, 1, 0, 4, 401.85, 121548, 154, 1, 0
294, 0, 126, 190, 167, 15, 37.84%, 1, 0, 4, 404.79, 123659, 154, 2, 0
299, 0, 126, 191, 168, 15, 37.84%, 1, 0, 4, 378.62, 125573, 154, 2, 0
304, 0, 126, 191, 168, 15, 37.84%, 1, 0, 4, 388.47, 127631, 154, 2, 0
309, 0, 126, 192, 169, 15, 37.84%, 1, 0, 4, 407.06, 129673, 154, 2, 0
314, 0, 126, 194, 171, 15, 37.84%, 1, 0, 4, 404.31, 131684, 154, 2, 0
320, 0, 126, 195, 172, 15, 37.84%, 1, 0, 4, 417.47, 133814, 154, 2, 0
325, 0, 126, 196, 173, 15, 37.84%, 1, 0, 4, 413.73, 135917, 154, 2, 0
330, 0, 126, 197, 174, 15, 37.84%, 1, 0, 4, 404.13, 138012, 154, 2, 0
335, 0, 126, 197, 174, 15, 37.84%, 1, 0, 4, 385.27, 139923, 154, 2, 0
340, 0, 126, 197, 174, 15, 37.84%, 1, 0, 4, 399.65, 142004, 154, 3, 0
345, 0, 126, 197, 174, 15, 37.84%, 1, 0, 4, 414.01, 144084, 154, 3, 0
350, 0, 126, 198, 175, 15, 38.33%, 1, 0, 4, 429.89, 146283, 156, 3, 0
355, 0, 126, 198, 175, 15, 38.33%, 1, 0, 4, 425.19, 148475, 156, 4, 0
360, 0, 126, 198, 175, 15, 38.33%, 1, 0, 4, 401.19, 150472, 156, 4, 0
366, 0, 126, 198, 175, 15, 38.33%, 1, 0, 4, 427.89, 152691, 156, 4, 0
371, 0, 126, 198, 175, 15, 38.33%, 1, 0, 4, 405.74, 154723, 156, 4, 0
376, 0, 126, 198, 175, 15, 38.33%, 1, 0, 4, 394.68, 156702, 156, 4, 0
381, 0, 126, 198, 175, 15, 38.33%, 1, 0, 4, 403.87, 158763, 156, 4, 0
386, 0, 14, 198, 173, 14, 38.33%, 1, 0, 4, 415.76, 160867, 156, 4, 0
391, 0, 86, 198, 170, 12, 38.33%, 1, 0, 4, 428.19, 163037, 156, 4, 0
396, 0, 99, 201, 171, 11, 38.33%, 1, 0, 4, 449.10, 165324, 156, 4, 0
401, 0, 99, 205, 175, 11, 38.33%, 1, 0, 4, 412.87, 167304, 156, 4, 0
406, 0, 99, 206, 176, 11, 38.33%, 1, 0, 4, 408.71, 169391, 156, 4, 0
411, 0, 99, 208, 178, 11, 38.33%, 1, 0, 4, 421.91, 171517, 156, 4, 0
416, 0, 99, 209, 179, 11, 38.33%, 1, 0, 4, 436.14, 173700, 156, 4, 0
422, 0, 99, 209, 179, 11, 38.33%, 1, 0, 4, 427.92, 175924, 156, 4, 0
427, 0, 95, 209, 178, 10, 38.33%, 1, 0, 4, 450.68, 178140, 156, 4, 0
432, 0, 95, 210, 179, 10, 38.33%, 1, 0, 4, 399.44, 180204, 156, 4, 0
437, 0, 95, 210, 179, 10, 38.33%, 1, 0, 4, 392.90, 182163, 156, 4, 0
442, 0, 95, 210, 179, 10, 38.33%, 1, 0, 4, 378.79, 184151, 156, 4, 0
447, 0, 76, 214, 181, 8, 38.33%, 1, 0, 4, 426.73, 186315, 156, 4, 0
452, 0, 76, 217, 184, 8, 38.33%, 1, 0, 4, 461.09, 188672, 156, 4, 0
457, 0, 76, 218, 185, 8, 38.33%, 1, 0, 4, 451.88, 190884, 156, 4, 0
462, 0, 76, 218, 185, 8, 38.33%, 1, 0, 4, 424.81, 192959, 156, 4, 0
467, 0, 76, 219, 186, 8, 38.33%, 1, 0, 4, 419.00, 195086, 156, 4, 0
472, 0, 76, 219, 186, 8, 38.33%, 1, 0, 4, 420.38, 197278, 156, 4, 0
477, 0, 76, 219, 186, 8, 38.33%, 1, 0, 4, 430.94, 199526, 156, 4, 0
483, 0, 76, 220, 187, 8, 38.33%, 1, 0, 4, 423.82, 201669, 156, 4, 0
488, 0, 76, 220, 187, 8, 38.33%, 1, 0, 4, 413.92, 203813, 156, 4, 0
493, 0, 76, 220, 187, 8, 38.33%, 1, 0, 4, 380.60, 205712, 156, 4, 0
498, 0, 76, 221, 188, 8, 38.33%, 1, 0, 4, 401.51, 207742, 156, 4, 0
503, 0, 76, 221, 188, 8, 38.33%, 1, 0, 4, 415.15, 209788, 156, 4, 0
508, 0, 76, 221, 188, 8, 38.33%, 1, 0, 4, 404.12, 211732, 156, 4, 0
513, 0, 76, 221, 188, 8, 38.33%, 1, 0, 4, 386.75, 213716, 156, 4, 0
518, 0, 76, 221, 188, 8, 38.33%, 1, 0, 4, 406.81, 215732, 156, 4, 0
523, 0, 76, 221, 188, 8, 38.33%, 1, 0, 4, 400.87, 217820, 156, 4, 0
528, 0, 76, 222, 189, 8, 38.33%, 1, 0, 4, 417.87, 219955, 156, 4, 0
533, 0, 76, 222, 189, 8, 38.33%, 1, 0, 4, 429.31, 222163, 156, 4, 0
538, 0, 76, 222, 189, 8, 38.33%, 1, 0, 4, 381.78, 224031, 156, 4, 0
543, 0, 119, 223, 186, 7, 38.57%, 1, 0, 4, 399.94, 226112, 157, 4, 0
548, 0, 118, 224, 185, 6, 38.57%, 1, 0, 4, 428.90, 228288, 157, 4, 0
554, 0, 175, 224, 182, 3, 38.57%, 1, 0, 4, 413.13, 230425, 157, 4, 0
559, 0, 223, 224, 180, 2, 38.57%, 1, 0, 4, 434.94, 232655, 157, 4, 0
564, 0, 49, 224, 176, 1, 38.57%, 1, 0, 4, 433.75, 234891, 157, 4, 0
569, 0, 58, 224, 172, 0, 38.57%, 1, 0, 4, 413.94, 236959, 157, 4, 0
574, 0, 183, 224, 170, 0, 38.57%, 1, 0, 4, 402.35, 238972, 157, 4, 0
579, 0, 188, 224, 169, 0, 38.57%, 1, 0, 4, 419.03, 241239, 157, 4, 0
584, 0, 33, 224, 167, 0, 38.57%, 1, 0, 4, 430.37, 243497, 157, 4, 0
589, 0, 91, 225, 165, 0, 38.57%, 1, 0, 4, 412.36, 245604, 157, 4, 0
594, 0, 3, 226, 163, 0, 39.31%, 1, 0, 4, 413.95, 247660, 160, 4, 0
599, 0, 203, 227, 161, 0, 39.31%, 1, 0, 4, 413.82, 249759, 160, 4, 0
604, 0, 183, 227, 158, 0, 39.31%, 1, 0, 4, 417.71, 251916, 160, 4, 0
610, 0, 12, 227, 157, 0, 39.31%, 1, 0, 4, 397.85, 253937, 160, 6, 0
615, 0, 71, 227, 154, 0, 39.31%, 1, 0, 4, 387.78, 256000, 160, 6, 0
620, 0, 40, 229, 154, 0, 39.31%, 1, 0, 4, 411.83, 258155, 160, 6, 0
625, 0, 131, 230, 150, 0, 39.31%, 1, 0, 4, 417.90, 260302, 160, 6, 0
630, 0, 127, 230, 150, 0, 39.31%, 1, 0, 4, 428.50, 262429, 160, 7, 0
635, 0, 197, 231, 148, 0, 39.31%, 1, 0, 4, 436.25, 264590, 160, 7, 0
640, 0, 14, 232, 147, 0, 39.31%, 1, 0, 4, 442.11, 266866, 160, 7, 0
645, 0, 231, 233, 146, 0, 39.31%, 1, 0, 4, 399.00, 268879, 160, 7, 0
650, 0, 146, 233, 145, 0, 39.31%, 1, 0, 4, 397.29, 270941, 160, 7, 0
656, 0, 48, 233, 143, 0, 39.31%, 1, 0, 4, 418.09, 273080, 160, 7, 0
661, 0, 71, 234, 140, 0, 39.31%, 1, 0, 4, 428.54, 275254, 160, 7, 0
666, 0, 132, 235, 139, 0, 39.31%, 1, 0, 4, 436.30, 277474, 160, 7, 0
671, 0, 109, 235, 136, 0, 39.31%, 1, 0, 4, 414.86, 279535, 160, 7, 0
676, 1, 227, 235, 134, 0, 39.31%, 1, 0, 4, 411.18, 281654, 160, 7, 0
681, 1, 235, 236, 132, 1, 39.56%, 1, 0, 4, 424.72, 283800, 161, 7, 0
686, 1, 134, 236, 130, 0, 39.56%, 1, 0, 4, 411.40, 285864, 161, 7, 0
691, 1, 186, 236, 127, 0, 39.56%, 1, 0, 4, 416.46, 288007, 161, 7, 0
696, 1, 156, 236, 125, 0, 39.56%, 1, 0, 4, 410.00, 290023, 161, 7, 0
702, 1, 157, 238, 124, 0, 39.56%, 1, 0, 4, 400.34, 292038, 161, 7, 0
707, 1, 192, 238, 121, 0, 39.56%, 1, 0, 4, 406.85, 294172, 161, 7, 0
712, 1, 139, 239, 119, 0, 39.56%, 1, 0, 4, 448.36, 296420, 161, 7, 0
717, 1, 182, 240, 116, 0, 39.56%, 1, 0, 4, 418.87, 298502, 161, 7, 0
722, 1, 180, 240, 113, 0, 39.56%, 1, 0, 4, 429.92, 300704, 161, 7, 0
727, 1, 233, 245, 117, 0, 39.56%, 1, 0, 4, 406.96, 302729, 161, 7, 0
732, 1, 233, 245, 117, 0, 39.56%, 1, 0, 4, 397.69, 304721, 161, 7, 0
737, 1, 233, 246, 118, 0, 39.56%, 1, 0, 4, 384.74, 306638, 161, 7, 0
742, 1, 233, 246, 118, 0, 39.56%, 1, 0, 4, 417.95, 308736, 161, 7, 0
747, 1, 233, 246, 118, 0, 39.56%, 1, 0, 4, 428.73, 310928, 161, 7, 0
752, 1, 233, 246, 118, 0, 39.56%, 1, 0, 4, 417.41, 313008, 161, 7, 0
757, 1, 130, 246, 117, 0, 39.56%, 1, 0, 4, 407.63, 315112, 161, 7, 0
762, 1, 129, 246, 115, 0, 39.56%, 1, 0, 4, 431.25, 317291, 161, 7, 0
768, 1, 152, 246, 110, 0, 39.56%, 1, 0, 4, 387.45, 319288, 161, 7, 0
773, 1, 111, 246, 108, 0, 39.56%, 1, 0, 4, 391.17, 321314, 161, 7, 0
778, 1, 123, 248, 106, 0, 39.56%, 1, 0, 4, 402.83, 323373, 161, 7, 0
783, 1, 68, 248, 103, 0, 39.56%, 2, 0, 4, 422.81, 325555, 161, 8, 0
788, 1, 244, 248, 100, 0, 39.56%, 2, 0, 4, 364.72, 327434, 161, 8, 0
793, 1, 229, 248, 95, 0, 39.56%, 2, 0, 4, 407.71, 329540, 161, 8, 0
798, 1, 140, 248, 92, 0, 39.56%, 2, 0, 4, 432.61, 331769, 161, 8, 0
803, 1, 98, 248, 90, 0, 39.56%, 2, 0, 4, 422.87, 333800, 161, 8, 0
808, 1, 178, 249, 87, 0, 39.56%, 2, 0, 4, 423.31, 335960, 161, 8, 0
813, 1, 145, 250, 85, 0, 39.56%, 2, 0, 4, 420.08, 338086, 161, 8, 0
818, 1, 133, 250, 83, 0, 39.56%, 2, 0, 4, 455.47, 340362, 161, 8, 0
823, 1, 120, 250, 81, 0, 39.56%, 2, 0, 4, 457.54, 342651, 161, 8, 0
828, 1, 163, 251, 80, 0, 39.56%, 2, 0, 4, 403.91, 344687, 161, 8, 0
834, 1, 158, 251, 77, 0, 39.56%, 2, 0, 4, 401.10, 346757, 161, 8, 0
839, 1, 99, 251, 74, 0, 39.56%, 2, 0, 4, 419.36, 348967, 161, 8, 0
844, 1, 79, 251, 70, 0, 39.56%, 2, 0, 4, 438.26, 351158, 161, 8, 0
849, 1, 141, 251, 68, 0, 39.56%, 2, 0, 4, 449.68, 353433, 161, 8, 0
854, 1, 24, 251, 66, 0, 39.56%, 2, 0, 4, 430.83, 355572, 161, 8, 0
859, 1, 159, 251, 62, 0, 39.56%, 2, 0, 4, 435.55, 357794, 161, 8, 0
864, 1, 240, 251, 60, 0, 39.56%, 2, 0, 4, 429.18, 359854, 161, 8, 0
869, 1, 160, 251, 57, 0, 39.56%, 2, 0, 4, 424.65, 361958, 161, 8, 0
874, 1, 99, 251, 54, 0, 39.56%, 2, 0, 4, 423.58, 364088, 161, 8, 0
879, 1, 252, 253, 56, 1, 40.79%, 2, 0, 5, 405.13, 366252, 166, 8, 0
884, 1, 71, 254, 56, 0, 40.79%, 2, 0, 6, 381.23, 368187, 166, 8, 0
889, 1, 59, 254, 55, 0, 40.79%, 2, 0, 6, 389.93, 370173, 166, 8, 0
894, 1, 215, 254, 50, 0, 40.79%, 2, 0, 6, 436.05, 372425, 166, 8, 0
900, 1, 246, 254, 46, 0, 40.79%, 2, 0, 6, 419.62, 374568, 166, 8, 0
902, 1, 144, 254, 44, 0, 40.79%, 2, 0, 6, 388.69, 375588, 166, 8, 0
