# relative_time, cycles_done, cur_item, corpus_count, pending_total, pending_favs, map_size, saved_crashes, saved_hangs, max_depth, execs_per_sec, total_execs, edges_found, total_crashes, servers_count
60, 0, 8, 55, 48, 20, 31.45%, 0, 0, 2, 391.95, 26467, 128, 0, 0
65, 0, 8, 55, 48, 20, 31.45%, 0, 0, 2, 394.86, 28504, 128, 0, 0
71, 0, 8, 55, 48, 20, 31.45%, 0, 0, 2, 421.83, 30653, 128, 0, 0
76, 0, 8, 55, 48, 20, 31.45%, 0, 0, 2, 397.79, 32683, 128, 0, 0
81, 0, 8, 55, 48, 20, 31.45%, 0, 0, 2, 407.45, 34741, 128, 0, 0
86, 0, 8, 55, 48, 20, 31.45%, 0, 0, 2, 402.59, 36821, 128, 0, 0
91, 0, 8, 55, 48, 20, 31.45%, 0, 0, 2, 416.93, 38933, 128, 0, 0
96, 0, 8, 55, 48, 20, 31.45%, 0, 0, 2, 404.72, 40936, 128, 0, 0
101, 0, 8, 55, 48, 20, 31.45%, 0, 0, 2, 405.26, 43029, 128, 0, 0
106, 0, 8, 55, 48, 20, 31.45%, 0, 0, 2, 414.37, 45133, 128, 0, 0
111, 0, 8, 55, 48, 20, 31.45%, 0, 0, 2, 405.41, 47213, 128, 0, 0
116, 0, 8, 55, 48, 20, 31.45%, 0, 0, 2, 417.73, 49301, 128, 0, 0
121, 0, 8, 55, 48, 20, 31.45%, 0, 0, 2, 431.91, 51445, 128, 0, 0
126, 0, 8, 55, 48, 20, 31.45%, 0, 0, 2, 405.35, 53493, 128, 0, 0
132, 0, 8, 55, 48, 20, 31.45%, 0, 0, 2, 407.69, 55526, 128, 0, 0
137, 0, 8, 55, 48, 20, 31.45%, 0, 0, 2, 403.80, 57543, 128, 0, 0
142, 0, 8, 55, 48, 20, 31.45%, 0, 0, 2, 375.35, 59404, 128, 0, 0
147, 0, 12, 55, 45, 18, 31.45%, 0, 0, 2, 419.83, 61587, 128, 0, 0
152, 0, 18, 59, 43, 12, 31.70%, 0, 0, 2, 427.92, 63692, 129, 0, 0
157, 0, 18, 68, 52, 12, 33.17%, 0, 0, 2, 461.21, 65971, 135, 0, 0
162, 0, 18, 77, 61, 12, 33.42%, 0, 0, 2, 466.13, 68347, 136, 0, 0
167, 0, 18, 83, 67, 12, 33.42%, 0, 0, 2, 445.18, 70643, 136, 0, 0
172, 0, 18, 88, 72, 12, 33.42%, 0, 0, 2, 430.01, 72760, 136, 0, 0
177, 0, 18, 88, 72, 12, 33.42%, 0, 0, 2, 456.26, 75147, 136, 0, 0
182, 0, 24, 90, 72, 13, 33.66%, 0, 0, 2, 451.49, 77399, 137, 0, 0
187, 0, 32, 105, 84, 11, 33.66%, 0, 0, 2, 436.44, 79552, 137, 0, 0
192, 0, 60, 115, 90, 7, 34.40%, 0, 0, 3, 453.75, 81864, 140, 0, 0
198, 0, 60, 126, 101, 7, 34.40%, 0, 0, 3, 445.14, 84134, 140, 0, 0
203, 0, 60, 130, 105, 7, 34.40%, 0, 0, 3, 444.95, 86346, 140, 0, 0
208, 0, 60, 134, 109, 7, 34.40%, 0, 0, 3, 456.49, 88657, 140, 0, 0
213, 0, 60, 135, 110, 7, 34.40%, 0, 0, 3, 418.54, 90742, 140, 0, 0
218, 0, 60, 137, 112, 7, 34.40%, 0, 0, 3, 407.33, 92820, 140, 0, 0
223, 0, 60, 140, 115, 7, 34.64%, 0, 0, 3, 424.07, 95009, 141, 0, 0
228, 0, 60, 141, 116, 7, 34.64%, 0, 0, 3, 456.93, 97347, 141, 0, 0
233, 0, 60, 142, 117, 7, 34.64%, 0, 0, 3, 450.10, 99624, 141, 0, 0
238, 0, 60, 142, 117, 7, 34.64%, 0, 0, 3, 447.94, 101896, 141, 0, 0
243, 0, 60, 142, 117, 7, 34.64%, 0, 0, 3, 464.73, 104294, 141, 0, 0
248, 0, 60, 142, 117, 7, 34.64%, 0, 0, 3, 466.70, 106697, 141, 0, 0
253, 0, 60, 142, 117, 7, 34.64%, 0, 0, 3, 442.75, 108984, 141, 0, 0
258, 0, 60, 144, 119, 7, 34.64%, 0, 0, 3, 455.34, 111356, 141, 0, 0
263, 0, 60, 146, 121, 7, 34.64%, 0, 0, 3, 461.41, 113683, 141, 0, 0
268, 0, 60, 146, 121, 7, 34.64%, 0, 0, 3, 456.40, 116023, 141, 0, 0
274, 0, 60, 146, 121, 7, 34.64%, 0, 0, 3, 450.57, 118300, 141, 0, 0
279, 0, 82, 146, 119, 8, 34.64%, 0, 0, 3, 454.14, 120586, 141, 0, 0
284, 0, 120, 150, 119, 4, 34.64%, 0, 0, 4, 417.86, 122647, 141, 0, 0
289, 0, 126, 157, 124, 3, 34.64%, 0, 0, 4, 449.96, 124986, 141, 0, 0
294, 0, 126, 160, 127, 3, 34.64%, 0, 0, 4, 412.52, 127067, 141, 0, 0
299, 0, 126, 164, 131, 3, 34.64%, 0, 0, 4, 464.11, 129445, 141, 0, 0
304, 0, 160, 168, 133, 1, 34.64%, 0, 0, 5, 452.80, 131756, 141, 0, 0
309, 0, 160, 170, 135, 1, 34.64%, 0, 0, 5, 426.21, 133890, 141, 0, 0
314, 0, 160, 172, 137, 1, 34.64%, 0, 0, 5, 435.27, 136104, 141, 0, 0
319, 0, 160, 176, 141, 1, 34.64%, 0, 0, 5, 454.46, 138469, 141, 0, 0
324, 0, 160, 176, 141, 1, 34.64%, 0, 0, 5, 460.89, 140782, 141, 0, 0
329, 0, 160, 178, 143, 1, 34.64%, 0, 0, 5, 436.56, 142962, 141, 0, 0
334, 1, 37, 178, 140, 0, 34.64%, 0, 0, 5, 445.67, 145241, 141, 0, 0
340, 1, 58, 183, 140, 0, 34.64%, 0, 0, 5, 441.84, 147441, 141, 0, 0
345, 1, 109, 183, 130, 0, 34.64%, 0, 0, 5, 462.61, 149780, 141, 0, 0
350, 1, 162, 183, 120, 0, 34.64%, 0, 0, 5, 458.90, 152053, 141, 0, 0
355, 1, 183, 248, 179, 0, 46.68%, 0, 0, 5, 437.09, 154294, 190, 0, 0
360, 2, 202, 281, 207, 17, 47.17%, 0, 0, 5, 455.17, 156621, 192, 0, 0
365, 2, 205, 281, 205, 15, 47.17%, 0, 0, 5, 463.45, 158902, 192, 0, 0
370, 2, 228, 283, 203, 12, 47.42%, 0, 0, 5, 450.48, 161177, 193, 0, 0
375, 2, 231, 283, 201, 10, 47.42%, 0, 0, 5, 473.22, 163617, 193, 0, 0
380, 2, 256, 283, 197, 6, 47.42%, 0, 0, 5, 423.89, 165728, 193, 0, 0
385, 2, 280, 283, 193, 2, 47.42%, 0, 0, 5, 418.41, 167899, 193, 0, 0
390, 3, 46, 284, 186, 0, 47.42%, 0, 0, 5, 414.67, 170013, 193, 0, 0
395, 3, 115, 284, 172, 0, 47.42%, 0, 0, 5, 429.92, 172208, 193, 0, 0
401, 3, 172, 284, 163, 0, 47.42%, 0, 0, 5, 446.49, 174524, 193, 0, 0
406, 3, 202, 284, 156, 0, 47.42%, 0, 0, 5, 450.65, 176806, 193, 0, 0
411, 3, 252, 286, 154, 0, 47.42%, 0, 0, 5, 480.83, 179221, 193, 0, 0
416, 3, 252, 293, 161, 0, 47.42%, 0, 0, 5, 431.03, 181406, 193, 0, 0
421, 3, 252, 294, 162, 0, 47.42%, 0, 0, 5, 431.55, 183533, 193, 0, 0
426, 3, 252, 295, 163, 0, 47.42%, 0, 0, 5, 437.93, 185748, 193, 0, 0
431, 3, 252, 300, 168, 0, 47.67%, 0, 0, 5, 435.44, 187943, 194, 0, 0
436, 3, 252, 302, 170, 0, 47.67%, 0, 0, 5, 435.95, 190117, 194, 0, 0
441, 3, 295, 302, 168, 2, 47.67%, 0, 0, 5, 432.21, 192335, 194, 0, 0
446, 5, 9, 304, 165, 0, 47.91%, 0, 0, 5, 460.83, 194712, 195, 0, 0
451, 5, 94, 304, 155, 0, 47.91%, 0, 0, 5, 435.29, 196860, 195, 0, 0
456, 5, 170, 304, 144, 0, 47.91%, 0, 0, 5, 445.07, 199119, 195, 0, 0
461, 5, 201, 304, 137, 0, 47.91%, 0, 0, 5, 461.94, 201456, 195, 0, 0
467, 5, 220, 306, 134, 0, 47.91%, 0, 0, 5, 450.14, 203772, 195, 0, 0
472, 5, 259, 306, 128, 0, 47.91%, 0, 0, 5, 462.44, 206110, 195, 0, 0
477, 5, 280, 306, 121, 0, 47.91%, 0, 0, 5, 417.21, 208171, 195, 0, 0
482, 5, 300, 309, 122, 0, 47.91%, 0, 0, 5, 473.39, 210592, 195, 0, 0
487, 5, 300, 311, 124, 0, 47.91%, 0, 0, 5, 470.64, 212937, 195, 0, 0
492, 5, 300, 311, 124, 0, 47.91%, 0, 0, 5, 459.21, 215205, 195, 0, 0
497, 5, 300, 311, 124, 0, 47.91%, 0, 0, 5, 431.07, 217399, 195, 0, 0
502, 5, 304, 312, 124, 0, 47.91%, 0, 0, 5, 457.27, 219848, 195, 0, 0
507, 6, 315, 316, 122, 1, 48.65%, 0, 0, 5, 462.29, 222203, 198, 0, 0
512, 7, 314, 319, 124, 1, 48.65%, 0, 0, 5, 444.53, 224454, 198, 0, 0
517, 7, 314, 321, 126, 1, 48.65%, 0, 0, 5, 473.66, 226823, 198, 0, 0
522, 7, 317, 321, 125, 1, 48.65%, 0, 0, 5, 457.93, 229058, 198, 0, 0
527, 8, 49, 321, 120, 0, 48.65%, 0, 0, 5, 465.74, 231514, 198, 0, 0
533, 8, 155, 321, 112, 0, 48.65%, 0, 0, 5, 462.90, 233811, 198, 0, 0
538, 8, 206, 321, 107, 0, 48.65%, 0, 0, 5, 424.20, 235901, 198, 0, 0
543, 8, 263, 322, 103, 0, 48.65%, 0, 0, 5, 435.01, 238109, 198, 0, 0
548, 8, 297, 323, 101, 0, 48.65%, 0, 0, 5, 423.19, 240128, 198, 0, 0
553, 8, 315, 323, 98, 0, 48.65%, 0, 0, 5, 431.73, 242370, 198, 0, 0
558, 9, 323, 325, 99, 1, 49.88%, 0, 0, 5, 437.42, 244627, 203, 0, 0
563, 9, 324, 326, 99, 1, 49.88%, 0, 0, 5, 441.47, 246900, 203, 0, 0
568, 10, 60, 329, 98, 0, 49.88%, 0, 0, 5, 444.74, 249118, 203, 0, 0
573, 10, 164, 329, 91, 0, 49.88%, 0, 0, 5, 436.92, 251333, 203, 0, 0
578, 10, 223, 329, 86, 0, 49.88%, 0, 0, 5, 429.88, 253512, 203, 0, 0
583, 10, 264, 329, 80, 0, 49.88%, 0, 0, 5, 449.47, 255803, 203, 0, 0
588, 10, 300, 329, 74, 0, 49.88%, 0, 0, 5, 427.57, 257884, 203, 0, 0
593, 10, 323, 329, 72, 0, 49.88%, 0, 0, 5, 427.86, 260075, 203, 0, 0
598, 11, 18, 332, 73, 0, 49.88%, 0, 0, 5, 438.71, 262272, 203, 0, 0
603, 12, 11, 333, 73, 0, 50.12%, 1, 0, 5, 438.72, 264579, 204, 1, 0
609, 12, 174, 333, 67, 0, 50.12%, 3, 0, 5, 418.47, 266692, 204, 5, 0
614, 12, 256, 335, 66, 0, 50.12%, 3, 0, 5, 455.09, 269029, 204, 5, 0
619, 12, 335, 338, 68, 1, 50.37%, 3, 0, 5, 442.19, 271284, 205, 5, 0
624, 12, 335, 339, 69, 1, 50.37%, 3, 0, 5, 439.34, 273451, 205, 5, 0
629, 13, 24, 341, 68, 0, 50.37%, 3, 0, 5, 443.58, 275684, 205, 5, 0
634, 13, 182, 341, 64, 0, 50.37%, 3, 0, 5, 422.59, 277803, 205, 9, 0
639, 13, 256, 341, 62, 0, 50.37%, 3, 0, 5, 486.15, 280306, 205, 9, 0
644, 13, 305, 341, 60, 0, 50.37%, 3, 0, 5, 435.65, 282460, 205, 9, 0
649, 13, 328, 341, 57, 0, 50.37%, 3, 0, 5, 412.89, 284492, 205, 9, 0
654, 14, 45, 342, 57, 1, 50.61%, 3, 0, 5, 421.46, 286643, 206, 9, 0
659, 15, 60, 342, 56, 0, 50.61%, 3, 0, 5, 424.76, 288748, 206, 9, 0
664, 15, 202, 343, 52, 0, 50.61%, 3, 0, 5, 433.10, 290953, 206, 10, 0
669, 15, 263, 343, 47, 0, 50.61%, 3, 0, 5, 448.68, 293201, 206, 10, 0
674, 15, 313, 343, 45, 0, 50.61%, 3, 0, 5, 434.75, 295360, 206, 10, 0
679, 15, 333, 343, 43, 0, 50.61%, 3, 0, 5, 450.12, 297604, 206, 10, 0
684, 16, 15, 344, 41, 0, 50.61%, 3, 0, 5, 409.80, 299604, 206, 10, 0
689, 16, 344, 345, 39, 1, 50.86%, 3, 0, 5, 429.75, 301818, 207, 10, 0
694, 16, 344, 347, 41, 1, 51.35%, 7, 0, 5, 420.04, 303906, 209, 18, 0
700, 16, 344, 348, 42, 1, 51.35%, 7, 0, 5, 454.49, 306217, 209, 36, 0
705, 16, 344, 349, 43, 1, 51.35%, 7, 0, 5, 414.78, 308368, 209, 53, 0
710, 16, 344, 349, 43, 1, 51.35%, 8, 0, 5, 426.82, 310584, 209, 72, 0
715, 16, 344, 349, 43, 1, 51.35%, 8, 0, 5, 446.03, 312816, 209, 103, 0
720, 16, 344, 349, 43, 1, 51.35%, 8, 0, 5, 449.04, 315128, 209, 120, 0
725, 16, 344, 349, 43, 1, 51.35%, 9, 0, 5, 430.64, 317328, 209, 138, 0
730, 16, 344, 349, 43, 1, 51.35%, 9, 0, 5, 440.15, 319568, 209, 148, 0
735, 16, 344, 349, 43, 1, 51.35%, 9, 0, 5, 438.75, 321936, 209, 156, 0
740, 16, 344, 349, 43, 1, 51.35%, 9, 0, 5, 456.92, 324267, 209, 168, 0
745, 16, 344, 349, 43, 1, 51.35%, 10, 0, 5, 439.42, 326417, 209, 183, 0
750, 16, 344, 349, 43, 1, 51.35%, 10, 0, 5, 428.09, 328633, 209, 198, 0
756, 16, 344, 349, 43, 1, 51.35%, 10, 0, 5, 433.37, 330873, 209, 209, 0
761, 16, 346, 349, 42, 2, 51.35%, 11, 0, 5, 439.78, 333085, 209, 230, 0
766, 16, 348, 349, 41, 1, 51.35%, 13, 0, 5, 436.62, 335295, 209, 249, 0
771, 17, 134, 349, 39, 0, 51.35%, 13, 0, 5, 427.62, 337484, 209, 251, 0
776, 17, 228, 349, 36, 0, 51.35%, 13, 0, 5, 450.33, 339775, 209, 251, 0
781, 17, 289, 349, 34, 0, 51.35%, 13, 0, 5, 432.19, 341958, 209, 251, 0
786, 17, 320, 349, 32, 0, 51.35%, 13, 0, 5, 452.96, 344272, 209, 251, 0
791, 17, 346, 349, 30, 0, 51.35%, 13, 0, 5, 457.34, 346616, 209, 265, 0
796, 17, 348, 349, 30, 0, 51.35%, 13, 0, 5, 464.44, 348983, 209, 285, 0
801, 18, 39, 356, 37, 0, 51.35%, 13, 0, 5, 446.54, 351247, 209, 288, 0
806, 18, 228, 356, 35, 0, 51.35%, 13, 0, 5, 448.01, 353556, 209, 290, 0
811, 18, 300, 356, 33, 0, 51.35%, 13, 0, 5, 433.00, 355748, 209, 290, 0
816, 18, 341, 357, 33, 0, 51.35%, 13, 0, 5, 440.63, 358035, 209, 290, 0
821, 18, 345, 357, 33, 0, 51.35%, 13, 0, 5, 415.77, 360105, 209, 303, 0
826, 18, 347, 357, 32, 0, 51.35%, 13, 0, 5, 413.93, 362185, 209, 341, 0
831, 18, 348, 357, 31, 0, 51.35%, 13, 0, 5, 440.08, 364409, 209, 361, 0
837, 19, 24, 359, 31, 0, 51.35%, 13, 0, 5, 422.83, 366542, 209, 365, 0
842, 19, 191, 359, 28, 0, 51.35%, 13, 0, 5, 430.21, 368797, 209, 366, 0
847, 19, 264, 359, 28, 0, 51.35%, 13, 0, 5, 442.99, 371054, 209, 366, 0
852, 19, 359, 361, 30, 1, 51.84%, 13, 0, 5, 423.97, 373217, 211, 366, 0
857, 19, 361, 362, 29, 1, 52.09%, 13, 0, 5, 436.03, 375444, 212, 366, 0
862, 20, 155, 363, 29, 0, 52.09%, 13, 0, 5, 453.27, 377729, 212, 366, 0
867, 20, 221, 363, 29, 0, 52.09%, 13, 0, 5, 441.82, 379997, 212, 366, 0
872, 20, 284, 363, 27, 0, 52.09%, 13, 0, 5, 438.07, 382195, 212, 366, 0
877, 20, 329, 363, 25, 0, 52.09%, 13, 0, 5, 451.98, 384467, 212, 366, 0
882, 20, 346, 363, 25, 0, 52.09%, 13, 0, 5, 456.10, 386804, 212, 385, 0
887, 20, 348, 363, 25, 0, 52.09%, 13, 0, 5, 455.77, 389135, 212, 404, 0
892, 20, 359, 364, 24, 0, 52.09%, 13, 0, 5, 462.17, 391477, 212, 406, 0
897, 21, 49, 365, 25, 0, 52.09%, 13, 0, 5, 456.63, 393787, 212, 406, 0
902, 21, 206, 365, 25, 0, 52.09%, 13, 0, 5, 478.11, 396214, 212, 407, 0
908, 21, 290, 365, 25, 0, 52.09%, 13, 0, 5, 447.91, 398487, 212, 407, 0
913, 21, 327, 365, 24, 0, 52.09%, 13, 0, 5, 443.13, 400760, 212, 407, 0
918, 21, 345, 365, 22, 0, 52.09%, 13, 0, 5, 452.97, 403144, 212, 416, 0
923, 21, 353, 366, 23, 0, 52.09%, 13, 0, 5, 450.60, 405350, 212, 421, 0
928, 22, 14, 366, 20, 0, 52.09%, 13, 0, 5, 458.98, 407739, 212, 421, 0
933, 22, 159, 366, 20, 0, 52.09%, 13, 0, 5, 461.41, 410030, 212, 423, 0
938, 22, 264, 366, 19, 0, 52.09%, 13, 0, 5, 440.99, 412257, 212, 423, 0
943, 22, 346, 366, 19, 0, 52.09%, 13, 0, 5, 463.09, 414563, 212, 427, 0
948, 22, 359, 366, 18, 0, 52.09%, 13, 0, 5, 425.93, 416704, 212, 434, 0
953, 23, 366, 369, 20, 1, 53.81%, 13, 0, 5, 439.59, 418916, 219, 437, 0
958, 23, 366, 369, 20, 1, 53.81%, 13, 0, 5, 429.60, 421028, 219, 437, 0
963, 23, 366, 382, 33, 1, 60.93%, 13, 0, 5, 427.36, 423199, 248, 437, 0
968, 23, 370, 383, 32, 3, 61.18%, 13, 0, 5, 450.28, 425534, 249, 437, 0
973, 23, 370, 385, 34, 3, 61.18%, 13, 0, 5, 422.21, 427650, 249, 437, 0
978, 23, 370, 387, 36, 3, 61.18%, 13, 0, 5, 453.37, 429952, 249, 437, 0
983, 23, 370, 388, 37, 3, 61.18%, 13, 0, 5, 413.23, 432007, 249, 437, 0
989, 23, 370, 388, 37, 3, 61.18%, 13, 0, 5, 437.46, 434303, 249, 437, 0
994, 23, 370, 389, 38, 3, 61.18%, 13, 0, 5, 462.35, 436683, 249, 437, 0
999, 23, 370, 390, 39, 3, 61.18%, 13, 0, 5, 442.17, 438926, 249, 437, 0
1004, 23, 370, 391, 40, 3, 61.18%, 13, 0, 5, 447.99, 441245, 249, 437, 0
1009, 23, 370, 391, 40, 3, 61.18%, 13, 0, 5, 451.13, 443582, 249, 437, 0
1014, 23, 370, 391, 40, 3, 61.18%, 13, 0, 5, 463.97, 445931, 249, 437, 0
1019, 23, 370, 391, 40, 3, 61.18%, 13, 0, 5, 427.66, 448117, 249, 437, 0
1024, 23, 370, 392, 41, 3, 61.18%, 13, 0, 5, 458.13, 450456, 249, 437, 0
1029, 23, 370, 393, 42, 3, 61.18%, 13, 0, 5, 443.83, 452643, 249, 437, 0
1034, 23, 370, 393, 42, 3, 61.18%, 13, 0, 5, 414.58, 454747, 249, 437, 0
1039, 23, 370, 393, 42, 3, 61.18%, 13, 0, 5, 453.14, 457091, 249, 437, 0
1044, 23, 370, 395, 44, 3, 61.18%, 13, 0, 5, 444.44, 459393, 249, 437, 0
1049, 23, 370, 395, 44, 3, 61.18%, 13, 0, 5, 438.95, 461609, 249, 437, 0
1054, 23, 370, 396, 45, 3, 61.43%, 13, 0, 5, 445.84, 463912, 250, 437, 0
1060, 23, 371, 409, 57, 4, 61.43%, 13, 0, 5, 449.05, 466218, 250, 437, 0
1065, 23, 373, 409, 56, 4, 61.43%, 13, 0, 5, 465.36, 468550, 250, 437, 0
1070, 23, 405, 412, 56, 2, 61.67%, 13, 0, 5, 457.20, 470854, 251, 437, 0
1075, 23, 405, 419, 63, 2, 61.67%, 13, 0, 5, 439.09, 473087, 251, 437, 0
1080, 23, 405, 422, 66, 2, 61.67%, 13, 0, 5, 448.64, 475379, 251, 437, 0
1085, 23, 405, 426, 70, 2, 61.67%, 13, 0, 5, 436.13, 477528, 251, 437, 0
1090, 23, 409, 426, 69, 1, 61.67%, 13, 0, 5, 439.81, 479792, 251, 437, 0
1095, 23, 416, 426, 68, 0, 61.67%, 13, 0, 5, 429.90, 481961, 251, 437, 0
1100, 24, 228, 433, 74, 2, 62.16%, 13, 0, 6, 437.29, 484199, 253, 437, 0
1105, 24, 427, 433, 73, 2, 62.16%, 13, 0, 6, 437.38, 486422, 253, 437, 0
1110, 25, 433, 434, 71, 1, 62.16%, 13, 0, 6, 405.02, 488505, 253, 437, 0
1115, 26, 131, 434, 70, 0, 62.16%, 13, 0, 6, 436.26, 490780, 253, 437, 0
1120, 26, 232, 434, 70, 0, 62.16%, 14, 0, 6, 422.54, 492939, 253, 439, 0
1125, 26, 317, 434, 69, 0, 62.16%, 14, 0, 6, 465.10, 495341, 253, 439, 0
1130, 26, 346, 434, 68, 0, 62.16%, 14, 0, 6, 453.39, 497570, 253, 444, 0
1136, 26, 373, 434, 68, 0, 62.16%, 14, 0, 6, 460.98, 499957, 253, 453, 0
1141, 26, 383, 434, 65, 0, 62.16%, 14, 0, 6, 450.38, 502222, 253, 453, 0
1146, 26, 394, 434, 62, 0, 62.16%, 14, 0, 6, 457.60, 504522, 253, 453, 0
1151, 26, 402, 434, 61, 0, 62.16%, 14, 0, 6, 413.20, 506566, 253, 453, 0
1156, 26, 405, 434, 60, 0, 62.16%, 14, 0, 6, 384.56, 508540, 253, 453, 0
1161, 26, 405, 434, 60, 0, 62.16%, 14, 0, 6, 394.83, 510614, 253, 453, 0
1166, 26, 409, 434, 59, 0, 62.16%, 14, 0, 6, 382.21, 512521, 253, 453, 0
1171, 26, 415, 434, 58, 0, 62.16%, 14, 0, 6, 406.64, 514590, 253, 453, 0
1176, 26, 421, 434, 57, 0, 62.16%, 14, 0, 6, 432.71, 516790, 253, 453, 0
1181, 26, 422, 435, 57, 0, 62.41%, 14, 0, 6, 442.64, 519006, 254, 453, 0
1186, 27, 152, 437, 56, 2, 62.65%, 14, 0, 6, 443.79, 521321, 255, 453, 0
1192, 28, 16, 438, 54, 0, 62.90%, 14, 0, 6, 458.93, 523624, 256, 453, 0
1197, 28, 169, 438, 54, 0, 62.90%, 14, 0, 6, 455.35, 525951, 256, 453, 0
1202, 28, 256, 438, 54, 0, 62.90%, 14, 0, 6, 455.46, 528303, 256, 453, 0
1207, 28, 334, 438, 53, 0, 62.90%, 14, 0, 6, 475.15, 530788, 256, 453, 0
1212, 28, 366, 438, 53, 0, 62.90%, 14, 0, 6, 476.76, 533147, 256, 462, 0
1217, 28, 395, 438, 50, 0, 62.90%, 14, 0, 6, 453.91, 535309, 256, 462, 0
1222, 28, 405, 438, 49, 0, 62.90%, 14, 0, 6, 437.74, 537477, 256, 462, 0
1227, 28, 405, 438, 49, 0, 62.90%, 14, 0, 6, 454.88, 539809, 256, 462, 0
1232, 28, 409, 438, 49, 0, 62.90%, 14, 0, 6, 438.26, 541997, 256, 462, 0
1237, 28, 418, 438, 48, 0, 62.90%, 14, 0, 6, 440.82, 544269, 256, 462, 0
1243, 28, 418, 438, 48, 0, 62.90%, 14, 0, 6, 451.47, 546580, 256, 462, 0
1248, 28, 427, 438, 45, 0, 62.90%, 14, 0, 6, 456.76, 548837, 256, 462, 0
1253, 28, 434, 438, 44, 0, 62.90%, 14, 0, 6, 435.10, 551073, 256, 462, 0
1258, 29, 58, 438, 44, 0, 62.90%, 14, 0, 6, 447.95, 553362, 256, 462, 0
1263, 29, 155, 438, 43, 0, 62.90%, 14, 0, 6, 436.88, 555550, 256, 462, 0
1268, 29, 264, 438, 42, 0, 62.90%, 14, 0, 6, 476.68, 557990, 256, 462, 0
1273, 29, 346, 438, 42, 0, 62.90%, 14, 0, 6, 460.38, 560297, 256, 468, 0
1278, 29, 361, 438, 41, 0, 62.90%, 14, 0, 6, 424.80, 562371, 256, 472, 0
1283, 29, 395, 438, 40, 0, 62.90%, 14, 0, 6, 442.58, 564495, 256, 472, 0
1288, 29, 405, 438, 39, 0, 62.90%, 14, 0, 6, 441.16, 566695, 256, 472, 0
1293, 29, 405, 438, 39, 0, 62.90%, 14, 0, 6, 456.08, 568983, 256, 472, 0
1298, 29, 409, 438, 39, 0, 62.90%, 14, 0, 6, 447.68, 571215, 256, 472, 0
1303, 29, 424, 438, 36, 0, 62.90%, 14, 0, 6, 443.01, 573495, 256, 472, 0
1308, 29, 433, 438, 34, 0, 62.90%, 14, 0, 6, 425.08, 575659, 256, 472, 0
1313, 29, 437, 438, 34, 0, 62.90%, 14, 0, 6, 447.25, 578038, 256, 472, 0
1319, 30, 148, 439, 35, 0, 62.90%, 14, 0, 6, 419.37, 580185, 256, 473, 0
1324, 30, 232, 439, 34, 0, 62.90%, 14, 0, 6, 417.46, 582358, 256, 473, 0
1329, 30, 304, 439, 32, 0, 62.90%, 14, 0, 6, 438.54, 584544, 256, 473, 0
1334, 30, 338, 439, 31, 0, 62.90%, 14, 0, 6, 438.17, 586773, 256, 473, 0
1339, 30, 368, 439, 30, 0, 62.90%, 14, 0, 6, 451.24, 589074, 256, 486, 0
1344, 30, 386, 439, 28, 0, 62.90%, 14, 0, 6, 435.69, 591243, 256, 486, 0
1349, 30, 389, 439, 27, 0, 62.90%, 14, 0, 6, 440.52, 593451, 256, 486, 0
1354, 30, 396, 439, 26, 0, 62.90%, 14, 0, 6, 450.11, 595718, 256, 486, 0
1359, 30, 405, 439, 24, 0, 62.90%, 14, 0, 6, 448.97, 597974, 256, 486, 0
1364, 30, 407, 439, 24, 0, 62.90%, 14, 0, 6, 428.86, 600107, 256, 486, 0
1369, 30, 409, 439, 23, 0, 62.90%, 14, 0, 6, 431.84, 602283, 256, 486, 0
1374, 30, 427, 439, 22, 0, 62.90%, 14, 0, 6, 445.14, 604515, 256, 486, 0
1379, 30, 434, 439, 22, 0, 62.90%, 14, 0, 6, 424.59, 606719, 256, 487, 0
1384, 31, 24, 440, 23, 0, 62.90%, 14, 0, 6, 403.31, 608796, 256, 487, 0
1389, 31, 230, 440, 23, 0, 62.90%, 14, 0, 6, 439.04, 611000, 256, 488, 0
1395, 31, 305, 440, 23, 0, 62.90%, 14, 0, 6, 426.35, 613149, 256, 488, 0
1400, 31, 354, 440, 23, 0, 62.90%, 14, 0, 6, 434.22, 615406, 256, 492, 0
1405, 31, 368, 441, 22, 0, 62.90%, 14, 0, 6, 448.83, 617679, 256, 492, 0
1410, 31, 394, 441, 21, 0, 62.90%, 14, 0, 6, 437.36, 619937, 256, 492, 0
1415, 31, 405, 441, 21, 0, 62.90%, 14, 0, 6, 426.49, 622157, 256, 492, 0
1420, 31, 427, 441, 21, 0, 62.90%, 14, 0, 6, 441.07, 624353, 256, 492, 0
1425, 31, 435, 441, 21, 0, 62.90%, 14, 0, 6, 437.15, 626597, 256, 492, 0
1430, 32, 71, 441, 21, 0, 62.90%, 14, 0, 6, 459.20, 629046, 256, 492, 0
1435, 32, 196, 441, 21, 0, 62.90%, 14, 0, 6, 447.48, 631303, 256, 493, 0
1440, 32, 264, 441, 20, 0, 62.90%, 14, 0, 6, 440.12, 633547, 256, 493, 0
1445, 32, 344, 441, 20, 0, 62.90%, 14, 0, 6, 440.28, 635744, 256, 495, 0
1450, 32, 349, 441, 20, 0, 62.90%, 14, 0, 6, 453.24, 638048, 256, 503, 0
1455, 32, 382, 441, 17, 0, 62.90%, 14, 0, 6, 420.32, 640165, 256, 503, 0
1461, 32, 405, 441, 17, 0, 62.90%, 14, 0, 6, 456.03, 642516, 256, 503, 0
1466, 32, 409, 441, 17, 0, 62.90%, 14, 0, 6, 444.94, 644825, 256, 503, 0
1471, 32, 427, 441, 16, 0, 62.90%, 14, 0, 6, 404.77, 646757, 256, 503, 0
1476, 32, 436, 441, 16, 0, 62.90%, 14, 0, 6, 434.51, 649019, 256, 504, 0
1481, 33, 103, 441, 15, 0, 62.90%, 14, 0, 6, 452.02, 651334, 256, 504, 0
1486, 33, 231, 441, 15, 0, 62.90%, 14, 0, 6, 460.81, 653672, 256, 505, 0
1491, 33, 312, 441, 15, 0, 62.90%, 14, 0, 6, 456.88, 655982, 256, 505, 0
1496, 33, 346, 441, 14, 0, 62.90%, 14, 0, 6, 419.02, 658126, 256, 507, 0
1501, 33, 382, 441, 14, 0, 62.90%, 14, 0, 6, 424.10, 660257, 256, 511, 0
1506, 33, 405, 441, 13, 0, 62.90%, 14, 0, 6, 429.20, 662446, 256, 511, 0
1511, 33, 414, 441, 13, 0, 62.90%, 14, 0, 6, 431.38, 664610, 256, 511, 0
1516, 33, 432, 441, 11, 0, 62.90%, 14, 0, 6, 432.14, 666830, 256, 511, 0
1521, 34, 60, 441, 11, 0, 62.90%, 14, 0, 6, 452.85, 669225, 256, 511, 0
1527, 34, 204, 441, 11, 0, 62.90%, 14, 0, 6, 429.99, 671473, 256, 513, 0
1532, 34, 300, 441, 11, 0, 62.90%, 14, 0, 6, 451.02, 673745, 256, 513, 0
1537, 34, 359, 441, 11, 0, 62.90%, 14, 0, 6, 438.49, 675959, 256, 519, 0
1542, 34, 405, 441, 10, 0, 62.90%, 14, 0, 6, 437.84, 678193, 256, 519, 0
1547, 34, 427, 441, 9, 0, 62.90%, 14, 0, 6, 444.01, 680455, 256, 519, 0
1552, 35, 35, 441, 9, 0, 62.90%, 14, 0, 6, 445.58, 682695, 256, 519, 0
1557, 35, 230, 441, 9, 0, 62.90%, 14, 0, 6, 455.62, 685027, 256, 520, 0
1562, 35, 300, 441, 9, 0, 62.90%, 14, 0, 6, 442.32, 687266, 256, 520, 0
1567, 35, 348, 441, 9, 0, 62.90%, 14, 0, 6, 434.84, 689443, 256, 529, 0
1572, 35, 399, 441, 9, 0, 62.90%, 14, 0, 6, 423.01, 691607, 256, 531, 0
1577, 35, 431, 441, 8, 0, 62.90%, 14, 0, 6, 433.79, 693843, 256, 531, 0
1582, 36, 60, 442, 7, 0, 62.90%, 14, 0, 6, 454.82, 696127, 256, 531, 0
1587, 36, 202, 442, 7, 0, 62.90%, 14, 0, 6, 433.61, 698273, 256, 534, 0
1592, 36, 289, 442, 7, 0, 62.90%, 14, 0, 6, 425.98, 700443, 256, 534, 0
1597, 36, 348, 442, 7, 0, 62.90%, 14, 0, 6, 444.43, 702701, 256, 549, 0
1602, 36, 408, 442, 7, 0, 62.90%, 14, 0, 6, 441.57, 704925, 256, 549, 0
1607, 37, 3, 442, 7, 0, 62.90%, 14, 0, 6, 454.48, 707249, 256, 549, 0
1613, 37, 185, 442, 7, 0, 62.90%, 14, 0, 6, 459.15, 709601, 256, 549, 0
1618, 37, 282, 442, 7, 0, 62.90%, 14, 0, 6, 437.14, 711842, 256, 549, 0
1623, 37, 346, 442, 7, 0, 62.90%, 14, 0, 6, 438.88, 714094, 256, 561, 0
1628, 37, 371, 442, 7, 0, 62.90%, 14, 0, 6, 470.84, 716537, 256, 587, 0
1633, 37, 405, 442, 5, 0, 62.90%, 14, 0, 6, 464.82, 718860, 256, 587, 0
1638, 37, 421, 442, 5, 0, 62.90%, 14, 0, 6, 456.97, 721110, 256, 587, 0
1643, 38, 60, 442, 5, 0, 62.90%, 14, 0, 6, 442.84, 723361, 256, 587, 0
1648, 38, 232, 442, 5, 0, 62.90%, 14, 0, 6, 448.50, 725645, 256, 587, 0
1653, 38, 318, 442, 5, 0, 62.90%, 14, 0, 6, 447.27, 727895, 256, 587, 0
1658, 38, 346, 442, 5, 0, 62.90%, 14, 0, 6, 466.54, 730221, 256, 588, 0
1663, 38, 366, 442, 5, 0, 62.90%, 14, 0, 6, 458.36, 732538, 256, 597, 0
1668, 38, 409, 442, 4, 0, 62.90%, 14, 0, 6, 471.63, 734892, 256, 597, 0
1673, 38, 434, 442, 4, 0, 62.90%, 14, 0, 6, 473.50, 737306, 256, 597, 0
1679, 39, 34, 442, 3, 0, 62.90%, 14, 0, 6, 445.10, 739559, 256, 597, 0
1684, 39, 230, 442, 3, 0, 62.90%, 14, 0, 6, 474.42, 741992, 256, 598, 0
1689, 39, 317, 442, 3, 0, 62.90%, 14, 0, 6, 462.30, 744291, 256, 598, 0
1694, 39, 365, 442, 3, 0, 62.90%, 14, 0, 6, 470.87, 746628, 256, 606, 0
1699, 39, 394, 442, 2, 0, 62.90%, 14, 0, 6, 447.17, 748853, 256, 606, 0
1704, 39, 402, 442, 2, 0, 62.90%, 14, 0, 6, 454.95, 751151, 256, 606, 0
1709, 39, 433, 442, 2, 0, 62.90%, 14, 0, 6, 443.91, 753432, 256, 606, 0
1714, 40, 103, 443, 3, 0, 62.90%, 14, 0, 6, 466.00, 755782, 256, 608, 0
1719, 40, 231, 444, 4, 0, 62.90%, 14, 0, 6, 444.94, 758020, 256, 608, 0
1724, 40, 315, 444, 4, 0, 62.90%, 14, 0, 6, 457.80, 760352, 256, 608, 0
1729, 40, 382, 444, 4, 0, 62.90%, 14, 0, 6, 467.08, 762696, 256, 617, 0
1734, 40, 411, 444, 4, 0, 62.90%, 14, 0, 6, 451.70, 765014, 256, 617, 0
1739, 40, 442, 444, 3, 0, 62.90%, 14, 0, 6, 470.00, 767396, 256, 617, 0
1744, 41, 131, 444, 2, 0, 62.90%, 14, 0, 6, 462.11, 769701, 256, 617, 0
1749, 41, 238, 444, 2, 0, 62.90%, 14, 0, 6, 470.45, 772069, 256, 618, 0
1755, 41, 344, 444, 2, 0, 62.90%, 14, 0, 6, 450.66, 774389, 256, 618, 0
1760, 41, 355, 444, 2, 0, 62.90%, 14, 0, 6, 483.04, 776831, 256, 647, 0
1765, 41, 396, 444, 2, 0, 62.90%, 14, 0, 6, 469.41, 779138, 256, 647, 0
1770, 41, 405, 444, 2, 0, 62.90%, 14, 0, 6, 499.08, 781626, 256, 647, 0
1775, 41, 434, 445, 3, 0, 62.90%, 14, 0, 6, 471.78, 783981, 256, 648, 0
1780, 42, 103, 445, 3, 0, 62.90%, 14, 0, 6, 451.10, 786302, 256, 648, 0
1785, 42, 235, 445, 3, 0, 62.90%, 14, 0, 6, 449.14, 788613, 256, 648, 0
1790, 42, 298, 445, 3, 0, 62.90%, 14, 0, 6, 462.69, 790965, 256, 648, 0
1795, 42, 348, 445, 3, 0, 62.90%, 14, 0, 6, 475.19, 793361, 256, 654, 0
1800, 42, 405, 445, 3, 0, 62.90%, 14, 0, 6, 458.47, 795739, 256, 655, 0
1805, 42, 419, 445, 3, 0, 62.90%, 14, 0, 6, 422.96, 797894, 256, 655, 0
1806, 42, 420, 445, 3, 0, 62.90%, 14, 0, 6, 413.72, 798209, 256, 655, 0
