# relative_time, cycles_done, cur_item, corpus_count, pending_total, pending_favs, map_size, saved_crashes, saved_hangs, max_depth, execs_per_sec, total_execs, edges_found, total_crashes, servers_count
61, 0, 0, 21, 16, 5, 20.64%, 0, 0, 2, 121.77, 7602, 84, 0, 0
66, 0, 0, 21, 16, 5, 20.64%, 0, 0, 2, 130.65, 8294, 84, 0, 0
71, 0, 0, 21, 16, 5, 20.64%, 0, 0, 2, 114.77, 8884, 84, 0, 0
76, 0, 0, 21, 16, 5, 20.64%, 0, 0, 2, 103.51, 9420, 84, 0, 0
81, 0, 0, 21, 16, 5, 20.64%, 0, 0, 2, 100.25, 9950, 84, 0, 0
87, 0, 0, 21, 16, 5, 20.64%, 0, 0, 2, 117.39, 10570, 84, 0, 0
92, 0, 0, 21, 16, 5, 20.64%, 0, 0, 2, 123.73, 11188, 84, 0, 0
97, 0, 0, 21, 16, 5, 20.64%, 0, 0, 2, 116.61, 11802, 84, 0, 0
102, 0, 0, 21, 16, 5, 20.64%, 0, 0, 2, 107.00, 12334, 84, 0, 0
107, 0, 0, 21, 16, 5, 20.64%, 0, 0, 2, 123.19, 12970, 84, 0, 0
112, 0, 0, 21, 16, 5, 20.64%, 0, 0, 2, 115.10, 13564, 84, 0, 0
117, 0, 3, 27, 21, 4, 22.11%, 0, 0, 2, 102.83, 14072, 90, 0, 0
122, 0, 3, 89, 83, 25, 34.89%, 0, 0, 2, 122.23, 14724, 142, 0, 0
127, 0, 7, 94, 87, 26, 37.35%, 0, 0, 2, 126.10, 15355, 152, 0, 0
132, 0, 8, 102, 94, 29, 37.59%, 0, 0, 2, 193.12, 16021, 153, 0, 0
138, 0, 8, 102, 94, 29, 37.59%, 0, 0, 2, 120.19, 16541, 153, 0, 0
143, 0, 8, 102, 94, 29, 37.59%, 0, 0, 2, 107.08, 17089, 153, 0, 0
148, 0, 8, 102, 94, 29, 37.59%, 0, 0, 2, 92.84, 17567, 153, 0, 0
153, 0, 8, 102, 94, 29, 37.59%, 0, 0, 2, 106.65, 18153, 153, 0, 0
158, 0, 8, 102, 94, 29, 37.59%, 0, 0, 2, 115.73, 18773, 153, 0, 0
163, 0, 8, 102, 94, 29, 37.59%, 0, 0, 2, 97.58, 19268, 153, 0, 0
168, 0, 8, 102, 94, 29, 37.59%, 0, 0, 2, 107.71, 19801, 153, 0, 0
173, 0, 8, 102, 94, 29, 37.59%, 0, 0, 2, 90.74, 20254, 153, 0, 0
178, 0, 8, 102, 94, 29, 37.59%, 0, 0, 2, 104.50, 20809, 153, 0, 0
184, 0, 8, 102, 94, 29, 37.59%, 0, 0, 2, 103.04, 21302, 153, 0, 0
189, 0, 8, 102, 94, 29, 37.59%, 0, 0, 2, 112.83, 21888, 153, 0, 0
194, 0, 8, 102, 94, 29, 37.59%, 0, 0, 2, 46.52, 22349, 153, 0, 0
199, 0, 8, 102, 94, 29, 37.59%, 0, 0, 2, 88.93, 22856, 153, 0, 0
204, 0, 8, 102, 94, 29, 37.59%, 0, 0, 2, 98.79, 23374, 153, 0, 0
209, 0, 8, 102, 94, 29, 37.59%, 0, 0, 2, 166.67, 23909, 153, 0, 0
214, 0, 11, 102, 92, 28, 37.59%, 0, 0, 2, 128.51, 24504, 153, 0, 0
219, 0, 13, 102, 90, 26, 37.59%, 0, 0, 2, 120.32, 25076, 153, 0, 0
224, 0, 16, 102, 87, 23, 37.59%, 0, 0, 2, 128.35, 25722, 153, 0, 0
229, 0, 18, 103, 86, 21, 37.59%, 0, 0, 3, 122.95, 26344, 153, 0, 0
234, 0, 19, 105, 87, 20, 37.59%, 0, 0, 3, 113.52, 26889, 153, 0, 0
239, 0, 19, 115, 97, 20, 41.52%, 0, 0, 3, 123.61, 27576, 169, 0, 0
245, 0, 19, 115, 97, 20, 41.52%, 0, 0, 3, 142.83, 28324, 169, 0, 0
250, 0, 19, 116, 98, 20, 42.26%, 0, 0, 3, 125.62, 28915, 172, 0, 0
255, 0, 19, 116, 98, 20, 42.26%, 0, 0, 3, 135.08, 29610, 172, 0, 0
260, 0, 19, 117, 99, 20, 43.00%, 0, 0, 3, 133.36, 30259, 175, 0, 0
265, 0, 19, 117, 99, 20, 43.00%, 0, 0, 3, 117.46, 30819, 175, 0, 0
270, 0, 19, 119, 101, 20, 43.73%, 0, 0, 3, 121.96, 31441, 178, 0, 0
275, 0, 19, 119, 101, 20, 43.73%, 0, 0, 3, 133.14, 32105, 178, 0, 0
280, 0, 19, 119, 101, 20, 43.73%, 0, 0, 3, 116.46, 32573, 178, 0, 0
286, 0, 19, 119, 101, 20, 43.73%, 0, 0, 3, 125.14, 33215, 178, 0, 0
291, 0, 19, 119, 101, 20, 43.73%, 0, 0, 3, 123.71, 33820, 178, 0, 0
296, 0, 19, 119, 101, 20, 43.73%, 0, 0, 3, 107.66, 34322, 178, 0, 0
301, 0, 19, 119, 101, 20, 43.73%, 0, 0, 3, 115.51, 34914, 178, 0, 0
306, 0, 19, 119, 101, 20, 43.73%, 0, 0, 3, 107.68, 35484, 178, 0, 0
311, 0, 19, 119, 101, 20, 43.73%, 0, 0, 3, 102.09, 36058, 178, 0, 0
316, 0, 19, 119, 101, 20, 43.73%, 0, 0, 3, 100.03, 36578, 178, 0, 0
321, 0, 19, 119, 101, 20, 43.73%, 0, 0, 3, 112.69, 37146, 178, 0, 0
326, 0, 19, 119, 101, 20, 43.73%, 0, 0, 3, 106.75, 37707, 178, 0, 0
331, 0, 19, 119, 101, 20, 43.73%, 0, 0, 3, 115.58, 38315, 178, 0, 0
337, 0, 19, 119, 101, 20, 43.73%, 0, 0, 3, 119.69, 38915, 178, 0, 0
342, 0, 19, 119, 101, 20, 43.73%, 0, 0, 3, 122.99, 39539, 178, 0, 0
347, 0, 19, 119, 101, 20, 43.73%, 0, 0, 3, 113.82, 40109, 178, 0, 0
352, 0, 19, 119, 101, 20, 43.73%, 0, 0, 3, 117.11, 40711, 178, 0, 0
357, 0, 19, 119, 101, 20, 43.73%, 0, 0, 3, 123.09, 41353, 178, 0, 0
362, 0, 19, 119, 101, 20, 43.73%, 0, 0, 3, 106.09, 41871, 178, 0, 0
367, 0, 19, 119, 101, 20, 43.73%, 0, 0, 3, 111.84, 42511, 178, 0, 0
372, 0, 19, 120, 102, 20, 43.98%, 0, 0, 3, 129.50, 43224, 179, 0, 0
378, 0, 19, 120, 102, 20, 43.98%, 0, 0, 3, 116.51, 43792, 179, 0, 0
383, 0, 19, 120, 102, 20, 43.98%, 0, 0, 3, 110.52, 44330, 179, 0, 0
388, 0, 19, 120, 102, 20, 43.98%, 0, 0, 3, 116.20, 44898, 179, 0, 0
393, 0, 19, 120, 102, 20, 43.98%, 0, 0, 3, 143.99, 45540, 179, 0, 0
398, 0, 19, 120, 102, 20, 43.98%, 0, 0, 3, 135.25, 46195, 179, 0, 0
403, 0, 19, 120, 102, 20, 43.98%, 0, 0, 3, 120.99, 46789, 179, 0, 0
408, 0, 19, 120, 102, 20, 43.98%, 0, 0, 3, 125.24, 47439, 179, 0, 0
413, 0, 19, 120, 102, 20, 43.98%, 0, 0, 3, 127.59, 48085, 179, 0, 0
419, 0, 19, 120, 102, 20, 43.98%, 0, 0, 3, 127.84, 48743, 179, 0, 0
424, 0, 19, 120, 102, 20, 43.98%, 0, 0, 3, 126.36, 49365, 179, 0, 0
429, 0, 19, 120, 102, 20, 43.98%, 0, 0, 3, 113.51, 49943, 179, 0, 0
434, 0, 19, 120, 102, 20, 43.98%, 0, 0, 3, 108.03, 50479, 179, 0, 0
439, 0, 19, 120, 102, 20, 43.98%, 0, 0, 3, 112.74, 51039, 179, 0, 0
444, 0, 19, 120, 102, 20, 43.98%, 0, 0, 3, 113.35, 51641, 179, 0, 0
449, 0, 19, 120, 102, 20, 43.98%, 0, 0, 3, 116.94, 52239, 179, 0, 0
454, 0, 19, 121, 103, 20, 44.23%, 0, 0, 3, 141.28, 52958, 180, 0, 0
460, 0, 19, 121, 103, 20, 44.23%, 0, 0, 3, 117.50, 53536, 180, 0, 0
465, 0, 19, 121, 103, 20, 44.23%, 0, 0, 3, 119.00, 54132, 180, 0, 0
470, 0, 19, 121, 103, 20, 44.23%, 0, 0, 3, 118.99, 54742, 180, 0, 0
475, 0, 19, 121, 103, 20, 44.23%, 0, 0, 3, 116.62, 55348, 180, 0, 0
480, 0, 19, 122, 104, 20, 44.47%, 0, 0, 3, 115.03, 55961, 181, 0, 0
485, 0, 19, 122, 104, 20, 44.47%, 0, 0, 3, 116.67, 56569, 181, 0, 0
490, 0, 19, 122, 104, 20, 44.47%, 0, 0, 3, 119.52, 57199, 181, 0, 0
496, 0, 19, 122, 104, 20, 44.47%, 0, 0, 3, 116.40, 57749, 181, 0, 0
501, 0, 19, 122, 104, 20, 44.47%, 0, 0, 3, 141.40, 58485, 181, 0, 0
506, 0, 19, 122, 104, 20, 44.47%, 0, 0, 3, 126.34, 59101, 181, 0, 0
511, 0, 19, 122, 104, 20, 44.47%, 0, 0, 3, 130.97, 59797, 181, 0, 0
516, 0, 19, 122, 104, 20, 44.47%, 0, 0, 3, 143.70, 60507, 181, 0, 0
521, 0, 19, 122, 104, 20, 44.47%, 0, 0, 3, 135.12, 61155, 181, 0, 0
526, 0, 19, 122, 104, 20, 44.47%, 0, 0, 3, 133.00, 61831, 181, 0, 0
531, 0, 19, 122, 104, 20, 44.47%, 0, 0, 3, 17.54, 62429, 181, 0, 0
536, 0, 19, 122, 104, 20, 44.47%, 0, 0, 3, 117.76, 63027, 181, 0, 0
541, 0, 19, 122, 104, 20, 44.47%, 0, 0, 3, 128.28, 63695, 181, 0, 0
547, 0, 19, 122, 104, 20, 44.47%, 0, 0, 3, 132.62, 64395, 181, 0, 0
552, 0, 19, 122, 104, 20, 44.47%, 0, 0, 3, 113.45, 64949, 181, 0, 0
557, 0, 19, 122, 104, 20, 44.47%, 0, 0, 3, 116.77, 65535, 181, 0, 0
562, 0, 33, 122, 102, 26, 44.47%, 0, 0, 3, 125.27, 66178, 181, 0, 0
567, 0, 34, 123, 102, 25, 44.47%, 0, 0, 3, 124.47, 66767, 181, 0, 0
572, 0, 34, 131, 110, 25, 44.47%, 0, 0, 3, 104.51, 67275, 181, 0, 0
577, 0, 34, 131, 110, 25, 44.47%, 0, 0, 3, 104.03, 67801, 181, 0, 0
582, 0, 34, 133, 112, 25, 44.72%, 0, 0, 3, 114.99, 68347, 182, 0, 0
587, 0, 34, 133, 112, 25, 44.72%, 0, 0, 3, 134.35, 69062, 182, 0, 0
592, 0, 34, 134, 113, 25, 44.72%, 0, 0, 3, 124.38, 69672, 182, 0, 0
597, 0, 34, 134, 113, 25, 44.72%, 0, 0, 3, 136.32, 70351, 182, 0, 0
602, 0, 34, 134, 113, 25, 44.72%, 0, 0, 3, 132.25, 71039, 182, 0, 0
607, 0, 34, 136, 115, 25, 44.72%, 0, 0, 3, 121.94, 71630, 182, 0, 0
613, 0, 34, 137, 116, 25, 44.72%, 0, 0, 3, 122.17, 72273, 182, 0, 0
618, 0, 34, 138, 117, 25, 44.72%, 0, 0, 3, 118.34, 72864, 182, 0, 0
623, 0, 34, 138, 117, 25, 44.72%, 0, 0, 3, 125.85, 73488, 182, 0, 0
628, 0, 34, 140, 119, 25, 44.72%, 0, 0, 3, 120.29, 74099, 182, 0, 0
633, 0, 34, 140, 119, 25, 44.72%, 0, 0, 3, 121.02, 74721, 182, 0, 0
638, 0, 34, 141, 120, 25, 44.72%, 0, 0, 3, 132.10, 75418, 182, 0, 0
643, 0, 34, 142, 121, 25, 44.72%, 0, 0, 3, 128.17, 76045, 182, 0, 0
648, 0, 34, 143, 122, 25, 44.72%, 0, 0, 3, 115.59, 76624, 182, 0, 0
654, 0, 34, 143, 122, 25, 44.72%, 0, 0, 3, 107.91, 77160, 182, 0, 0
659, 0, 34, 143, 122, 25, 44.72%, 0, 0, 3, 120.34, 77768, 182, 0, 0
664, 0, 34, 144, 123, 25, 44.72%, 0, 0, 3, 120.51, 78381, 182, 0, 0
669, 0, 34, 144, 123, 25, 44.72%, 0, 0, 3, 116.77, 78999, 182, 0, 0
674, 0, 34, 145, 124, 25, 44.72%, 0, 0, 3, 101.01, 79546, 182, 0, 0
679, 0, 34, 145, 124, 25, 44.72%, 0, 0, 3, 133.55, 80276, 182, 0, 0
685, 0, 34, 145, 124, 25, 44.72%, 0, 0, 3, 135.21, 80938, 182, 0, 0
690, 0, 34, 146, 125, 25, 44.72%, 0, 0, 3, 117.49, 81557, 182, 0, 0
695, 0, 34, 146, 125, 25, 44.72%, 0, 0, 3, 102.78, 82095, 182, 0, 0
700, 0, 34, 146, 125, 25, 44.72%, 0, 0, 3, 127.85, 82767, 182, 0, 0
705, 0, 34, 146, 125, 25, 44.72%, 0, 0, 3, 125.51, 83429, 182, 0, 0
710, 0, 34, 146, 125, 25, 44.72%, 0, 0, 3, 25.98, 83953, 182, 0, 0
715, 0, 34, 146, 125, 25, 44.72%, 0, 0, 3, 98.99, 84568, 182, 0, 0
720, 0, 34, 147, 126, 25, 44.72%, 0, 0, 3, 107.77, 85136, 182, 0, 0
725, 0, 34, 148, 127, 25, 44.72%, 0, 0, 3, 117.46, 85781, 182, 0, 0
731, 0, 34, 148, 127, 25, 44.72%, 0, 0, 3, 112.82, 86371, 182, 0, 0
736, 0, 34, 149, 128, 25, 44.72%, 0, 0, 3, 122.57, 87004, 182, 0, 0
741, 0, 34, 149, 128, 25, 44.72%, 0, 0, 3, 123.57, 87658, 182, 0, 0
746, 0, 34, 149, 128, 25, 44.72%, 0, 0, 3, 106.04, 88190, 182, 0, 0
751, 0, 34, 149, 128, 25, 44.72%, 0, 0, 3, 114.45, 88782, 182, 0, 0
756, 0, 34, 149, 128, 25, 44.72%, 0, 0, 3, 115.17, 89352, 182, 0, 0
761, 0, 34, 149, 128, 25, 44.72%, 0, 0, 3, 117.37, 89952, 182, 0, 0
766, 0, 34, 150, 129, 25, 44.72%, 0, 0, 3, 109.24, 90495, 182, 0, 0
772, 0, 34, 150, 129, 25, 44.72%, 0, 0, 3, 117.76, 91109, 182, 0, 0
777, 0, 34, 151, 130, 25, 44.72%, 0, 0, 3, 108.55, 91664, 182, 0, 0
782, 0, 34, 151, 130, 25, 44.72%, 0, 0, 3, 108.24, 92222, 182, 0, 0
787, 0, 34, 151, 130, 25, 44.72%, 0, 0, 3, 109.76, 92772, 182, 0, 0
792, 0, 34, 152, 131, 25, 44.72%, 0, 0, 3, 112.49, 93362, 182, 0, 0
797, 0, 34, 152, 131, 25, 44.72%, 0, 0, 3, 117.44, 93956, 182, 0, 0
802, 0, 34, 153, 132, 25, 44.72%, 0, 0, 3, 114.17, 94541, 182, 0, 0
807, 0, 34, 153, 132, 25, 44.72%, 0, 0, 3, 118.16, 95133, 182, 0, 0
812, 0, 34, 153, 132, 25, 44.72%, 0, 0, 3, 120.26, 95781, 182, 0, 0
817, 0, 34, 153, 132, 25, 44.72%, 0, 0, 3, 118.92, 96369, 182, 0, 0
822, 0, 34, 153, 132, 25, 44.72%, 0, 0, 3, 122.23, 96975, 182, 0, 0
827, 0, 34, 154, 133, 25, 44.72%, 0, 0, 3, 124.22, 97646, 182, 0, 0
832, 0, 34, 154, 133, 25, 44.72%, 0, 0, 3, 113.85, 98238, 182, 0, 0
838, 0, 34, 154, 133, 25, 44.72%, 0, 0, 3, 126.62, 98882, 182, 0, 0
843, 0, 34, 156, 135, 25, 44.72%, 0, 0, 3, 120.11, 99472, 182, 0, 0
848, 0, 34, 156, 135, 25, 44.72%, 0, 0, 3, 104.81, 100000, 182, 0, 0
853, 0, 34, 156, 135, 25, 44.72%, 0, 0, 3, 117.72, 100608, 182, 0, 0
858, 0, 34, 156, 135, 25, 44.72%, 0, 0, 3, 131.73, 101262, 182, 0, 0
863, 0, 34, 156, 135, 25, 44.72%, 0, 0, 3, 118.70, 101842, 182, 0, 0
869, 0, 34, 157, 136, 25, 44.72%, 0, 0, 3, 114.75, 102431, 182, 0, 0
874, 0, 34, 157, 136, 25, 44.72%, 0, 0, 3, 114.56, 103001, 182, 0, 0
879, 0, 34, 157, 136, 25, 44.72%, 0, 0, 3, 126.38, 103699, 182, 0, 0
884, 0, 34, 157, 136, 25, 44.72%, 0, 0, 3, 133.50, 104303, 182, 0, 0
889, 0, 34, 158, 137, 25, 44.72%, 0, 0, 3, 135.36, 104984, 182, 0, 0
894, 0, 34, 158, 137, 25, 44.72%, 0, 0, 3, 131.46, 105626, 182, 0, 0
899, 0, 34, 158, 137, 25, 44.72%, 0, 0, 3, 117.45, 106198, 182, 0, 0
904, 0, 34, 158, 137, 25, 44.72%, 0, 0, 3, 131.75, 106908, 182, 0, 0
906, 0, 35, 158, 137, 25, 44.72%, 0, 0, 3, 122.16, 107088, 182, 0, 0
