# relative_time, cycles_done, cur_item, corpus_count, pending_total, pending_favs, map_size, saved_crashes, saved_hangs, max_depth, execs_per_sec, total_execs, edges_found, total_crashes, servers_count
61, 0, 9, 71, 66, 4, 30.47%, 0, 0, 2, 477.46, 26754, 124, 0, 0
66, 0, 9, 72, 67, 4, 30.47%, 0, 0, 2, 438.95, 28880, 124, 0, 0
71, 0, 9, 72, 67, 4, 30.47%, 0, 0, 2, 456.99, 31121, 124, 0, 0
76, 0, 9, 72, 67, 4, 30.47%, 0, 0, 2, 410.81, 33081, 124, 0, 0
81, 0, 9, 73, 68, 4, 30.47%, 0, 0, 2, 426.23, 35257, 124, 0, 0
86, 0, 9, 74, 69, 4, 30.71%, 0, 0, 2, 433.95, 37471, 125, 0, 0
91, 0, 9, 75, 70, 4, 30.71%, 0, 0, 2, 447.72, 39662, 125, 0, 0
96, 0, 9, 76, 71, 4, 30.71%, 0, 0, 2, 394.37, 41676, 125, 0, 0
101, 0, 9, 76, 71, 4, 30.71%, 0, 0, 2, 402.27, 43766, 125, 0, 0
106, 0, 9, 76, 71, 4, 30.71%, 0, 0, 2, 405.54, 45886, 125, 0, 0
112, 0, 9, 76, 71, 4, 30.71%, 0, 0, 2, 398.73, 47878, 125, 0, 0
117, 0, 9, 76, 71, 4, 30.71%, 0, 0, 2, 405.72, 49942, 125, 0, 0
122, 0, 9, 77, 72, 4, 30.71%, 0, 0, 2, 419.25, 52101, 125, 0, 0
127, 0, 9, 78, 73, 4, 30.71%, 0, 0, 2, 407.61, 54140, 125, 0, 0
132, 0, 80, 113, 99, 23, 41.28%, 0, 0, 3, 393.60, 56120, 168, 0, 0
137, 0, 7, 113, 97, 21, 41.28%, 0, 0, 3, 416.96, 58190, 168, 0, 0
142, 0, 74, 119, 101, 24, 43.49%, 0, 0, 3, 403.39, 60284, 177, 0, 0
147, 0, 97, 119, 99, 22, 43.49%, 0, 0, 3, 401.08, 62376, 177, 0, 0
152, 0, 79, 119, 98, 21, 43.49%, 0, 0, 3, 403.77, 64414, 177, 0, 0
157, 0, 95, 133, 111, 20, 43.49%, 0, 0, 3, 399.89, 66477, 177, 0, 0
162, 0, 95, 136, 114, 20, 44.23%, 0, 0, 3, 407.80, 68531, 180, 0, 0
167, 0, 95, 137, 115, 20, 44.23%, 0, 0, 3, 399.11, 70489, 180, 0, 0
173, 0, 95, 137, 115, 20, 44.23%, 0, 0, 3, 385.53, 72491, 180, 0, 0
178, 0, 134, 137, 114, 21, 44.23%, 0, 0, 3, 395.39, 74507, 180, 0, 0
183, 0, 86, 137, 112, 19, 44.23%, 0, 0, 3, 411.54, 76671, 180, 0, 0
188, 0, 86, 137, 112, 19, 44.23%, 0, 0, 3, 397.34, 78666, 180, 0, 0
193, 0, 86, 137, 112, 19, 44.23%, 0, 0, 3, 409.83, 80763, 180, 0, 0
198, 0, 69, 139, 113, 18, 44.23%, 0, 0, 3, 382.35, 82671, 180, 0, 0
203, 0, 69, 150, 124, 18, 44.47%, 0, 0, 3, 425.36, 84892, 181, 0, 0
208, 0, 69, 152, 126, 18, 44.47%, 0, 0, 3, 435.86, 87146, 181, 0, 0
213, 0, 69, 156, 130, 18, 44.47%, 0, 0, 3, 412.70, 89205, 181, 0, 0
218, 0, 69, 158, 132, 18, 44.47%, 0, 0, 3, 425.04, 91340, 181, 0, 0
223, 0, 69, 160, 134, 18, 44.47%, 0, 0, 3, 441.38, 93610, 181, 0, 0
228, 0, 69, 161, 135, 18, 44.47%, 0, 0, 3, 453.23, 95857, 181, 0, 0
234, 0, 69, 161, 135, 18, 44.47%, 0, 0, 3, 428.29, 97978, 181, 0, 0
239, 0, 69, 162, 136, 18, 44.47%, 0, 0, 3, 422.74, 100129, 181, 0, 0
244, 0, 69, 162, 136, 18, 44.47%, 0, 0, 3, 409.97, 102226, 181, 0, 0
249, 0, 69, 162, 136, 18, 44.47%, 0, 0, 3, 407.69, 104250, 181, 0, 0
254, 0, 69, 162, 136, 18, 44.47%, 0, 0, 3, 413.63, 106354, 181, 0, 0
259, 0, 69, 162, 136, 18, 44.47%, 0, 0, 3, 436.90, 108578, 181, 0, 0
264, 0, 69, 163, 137, 18, 44.47%, 0, 0, 3, 450.73, 110885, 181, 0, 0
269, 0, 69, 165, 139, 18, 44.47%, 0, 0, 3, 459.23, 113140, 181, 0, 0
274, 0, 69, 166, 140, 18, 44.47%, 0, 0, 3, 451.29, 115478, 181, 0, 0
279, 0, 69, 166, 140, 18, 44.47%, 0, 0, 3, 453.52, 117746, 181, 0, 0
284, 0, 69, 166, 140, 18, 44.47%, 0, 0, 3, 430.05, 119918, 181, 0, 0
289, 0, 69, 166, 140, 18, 44.47%, 0, 0, 3, 431.79, 121990, 181, 0, 0
294, 0, 69, 166, 140, 18, 44.47%, 0, 0, 3, 438.11, 124254, 181, 0, 0
299, 0, 69, 166, 140, 18, 44.47%, 0, 0, 3, 429.72, 126342, 181, 0, 0
304, 0, 69, 166, 140, 18, 44.47%, 0, 0, 3, 430.97, 128486, 181, 0, 0
309, 0, 69, 166, 140, 18, 44.47%, 0, 0, 3, 423.71, 130598, 181, 0, 0
315, 0, 69, 166, 140, 18, 44.47%, 0, 0, 3, 431.38, 132782, 181, 0, 0
320, 0, 122, 167, 139, 16, 45.45%, 0, 0, 4, 414.23, 134897, 185, 0, 0
325, 0, 94, 168, 139, 15, 45.45%, 0, 0, 4, 419.50, 137066, 185, 0, 0
330, 0, 166, 169, 138, 13, 45.45%, 0, 0, 4, 415.50, 139123, 185, 0, 0
335, 0, 166, 175, 144, 13, 46.19%, 0, 0, 5, 412.79, 141261, 188, 0, 0
340, 0, 166, 178, 147, 13, 46.19%, 0, 0, 5, 444.40, 143498, 188, 0, 0
345, 0, 166, 180, 149, 13, 46.19%, 0, 0, 5, 451.79, 145829, 188, 0, 0
350, 0, 166, 180, 149, 13, 46.19%, 0, 0, 5, 449.89, 148128, 188, 0, 0
355, 0, 166, 181, 150, 13, 46.19%, 0, 0, 5, 449.63, 150471, 188, 0, 0
360, 0, 118, 183, 150, 13, 46.19%, 0, 0, 6, 462.24, 152853, 188, 0, 0
365, 0, 115, 183, 147, 10, 46.19%, 0, 0, 6, 457.36, 155099, 188, 0, 0
370, 0, 115, 195, 159, 10, 46.93%, 1, 0, 6, 413.87, 157072, 191, 1, 0
375, 0, 115, 201, 165, 10, 46.93%, 1, 0, 6, 419.76, 159210, 191, 1, 0
380, 0, 115, 205, 169, 10, 46.93%, 1, 0, 6, 426.53, 161470, 191, 1, 0
386, 0, 115, 206, 170, 10, 46.93%, 1, 0, 6, 437.72, 163661, 191, 1, 0
391, 0, 115, 208, 172, 10, 46.93%, 1, 0, 6, 417.20, 165747, 191, 1, 0
396, 0, 115, 208, 172, 10, 46.93%, 1, 0, 6, 421.65, 167923, 191, 1, 0
401, 0, 115, 209, 173, 10, 47.17%, 2, 0, 6, 430.27, 170098, 192, 2, 0
406, 0, 115, 210, 174, 10, 47.17%, 2, 0, 6, 419.75, 172233, 192, 2, 0
411, 0, 115, 211, 175, 10, 47.17%, 3, 0, 6, 416.07, 174288, 192, 3, 0
416, 0, 115, 212, 176, 10, 47.17%, 3, 0, 6, 427.93, 176471, 192, 3, 0
421, 0, 115, 213, 177, 10, 47.17%, 3, 0, 6, 409.07, 178550, 192, 3, 0
426, 0, 115, 214, 178, 10, 47.42%, 3, 0, 6, 393.48, 180552, 193, 3, 0
431, 0, 115, 214, 178, 10, 47.42%, 3, 0, 6, 420.57, 182741, 193, 3, 0
436, 0, 115, 215, 179, 10, 47.42%, 3, 0, 6, 387.92, 184675, 193, 3, 0
441, 0, 115, 215, 179, 10, 47.42%, 3, 0, 6, 417.16, 186836, 193, 3, 0
446, 0, 115, 215, 179, 10, 47.42%, 3, 0, 6, 402.97, 188826, 193, 3, 0
452, 0, 115, 215, 179, 10, 47.42%, 3, 0, 6, 419.70, 191028, 193, 3, 0
457, 0, 115, 215, 179, 10, 47.42%, 3, 0, 6, 405.15, 193076, 193, 3, 0
462, 0, 115, 215, 179, 10, 47.42%, 3, 0, 6, 409.85, 195132, 193, 3, 0
467, 0, 213, 215, 177, 11, 47.42%, 3, 0, 6, 426.68, 197332, 193, 3, 0
472, 0, 183, 215, 176, 10, 47.42%, 3, 0, 6, 412.58, 199339, 193, 3, 0
477, 0, 206, 216, 176, 9, 47.42%, 3, 0, 6, 371.33, 201262, 193, 3, 0
482, 0, 55, 217, 175, 7, 47.42%, 3, 0, 6, 417.46, 203399, 193, 3, 0
487, 0, 113, 217, 174, 6, 47.42%, 3, 0, 6, 419.65, 205534, 193, 3, 0
492, 0, 219, 221, 176, 4, 47.42%, 3, 0, 6, 423.42, 207744, 193, 3, 0
497, 0, 29, 226, 179, 3, 47.67%, 3, 0, 6, 410.69, 209839, 194, 3, 0
502, 0, 29, 228, 181, 3, 47.67%, 3, 0, 6, 418.25, 212061, 194, 3, 0
507, 0, 29, 228, 181, 3, 47.67%, 3, 0, 6, 422.62, 214205, 194, 3, 0
512, 0, 26, 229, 181, 2, 47.67%, 3, 0, 6, 417.24, 216289, 194, 3, 0
518, 0, 185, 239, 189, 0, 47.67%, 3, 0, 6, 386.34, 218265, 194, 3, 0
523, 0, 185, 240, 190, 0, 47.67%, 3, 0, 6, 369.03, 220134, 194, 3, 0
528, 0, 185, 240, 190, 0, 47.67%, 3, 0, 6, 376.13, 222059, 194, 3, 0
533, 0, 185, 241, 191, 0, 47.67%, 3, 0, 6, 387.04, 224096, 194, 3, 0
538, 0, 185, 244, 194, 0, 47.67%, 3, 0, 6, 383.42, 226035, 194, 3, 0
543, 0, 129, 244, 190, 0, 47.67%, 3, 0, 6, 450.90, 228342, 194, 3, 0
548, 0, 122, 248, 191, 0, 47.67%, 3, 0, 6, 442.50, 230535, 194, 3, 0
553, 0, 122, 260, 203, 0, 47.91%, 3, 0, 6, 404.62, 232571, 195, 3, 0
558, 0, 122, 264, 207, 0, 47.91%, 3, 0, 6, 417.44, 234703, 195, 3, 0
563, 0, 122, 266, 209, 0, 47.91%, 3, 0, 6, 412.60, 236773, 195, 3, 0
568, 0, 122, 267, 210, 0, 47.91%, 3, 0, 6, 432.19, 238948, 195, 3, 0
573, 0, 257, 267, 209, 2, 47.91%, 3, 0, 6, 413.94, 241050, 195, 3, 0
578, 0, 257, 267, 209, 2, 47.91%, 3, 0, 6, 396.45, 243064, 195, 3, 0
584, 0, 255, 267, 207, 0, 47.91%, 3, 0, 6, 405.71, 245183, 195, 3, 0
589, 0, 172, 267, 203, 0, 47.91%, 3, 0, 6, 443.46, 247468, 195, 3, 0
594, 0, 24, 267, 201, 0, 47.91%, 3, 0, 6, 402.84, 249500, 195, 3, 0
599, 0, 211, 267, 197, 0, 47.91%, 3, 0, 6, 393.67, 251515, 195, 3, 0
604, 0, 231, 268, 197, 0, 47.91%, 3, 0, 6, 402.13, 253589, 195, 3, 0
609, 0, 171, 271, 197, 0, 47.91%, 3, 0, 6, 440.94, 255795, 195, 3, 0
614, 0, 171, 273, 199, 0, 47.91%, 3, 0, 6, 437.32, 258001, 195, 3, 0
619, 0, 171, 273, 199, 0, 47.91%, 3, 0, 6, 431.93, 260121, 195, 3, 0
624, 0, 171, 274, 200, 0, 47.91%, 3, 0, 6, 434.53, 262288, 195, 3, 0
629, 0, 104, 275, 201, 0, 47.91%, 3, 0, 6, 425.92, 264391, 195, 3, 0
634, 0, 257, 276, 201, 0, 48.16%, 3, 0, 6, 432.00, 266505, 196, 3, 0
639, 0, 253, 276, 199, 0, 48.16%, 3, 0, 6, 466.76, 268951, 196, 3, 0
645, 0, 268, 276, 196, 0, 48.16%, 3, 0, 6, 461.86, 271274, 196, 3, 0
650, 0, 186, 276, 193, 0, 48.16%, 3, 0, 6, 457.67, 273548, 196, 3, 0
655, 0, 186, 283, 200, 0, 48.16%, 3, 0, 6, 448.84, 275735, 196, 4, 0
660, 0, 186, 289, 206, 0, 48.16%, 3, 0, 6, 411.72, 277836, 196, 4, 0
665, 0, 186, 293, 210, 0, 48.16%, 3, 0, 6, 423.43, 279976, 196, 4, 0
670, 0, 280, 295, 211, 1, 48.16%, 3, 0, 6, 413.66, 281966, 196, 4, 0
675, 0, 206, 295, 209, 0, 48.16%, 3, 0, 6, 449.78, 284258, 196, 4, 0
680, 0, 204, 295, 207, 0, 48.16%, 3, 0, 6, 434.07, 286438, 196, 4, 0
685, 0, 295, 297, 207, 1, 48.16%, 3, 0, 6, 460.04, 288771, 196, 4, 0
690, 0, 230, 297, 206, 0, 48.16%, 3, 0, 6, 457.03, 291069, 196, 4, 0
695, 0, 286, 297, 204, 0, 48.16%, 3, 0, 6, 443.81, 293230, 196, 4, 0
700, 0, 196, 297, 200, 0, 48.16%, 3, 0, 6, 444.06, 295464, 196, 4, 0
705, 0, 293, 297, 197, 0, 48.16%, 3, 0, 6, 446.71, 297809, 196, 4, 0
710, 0, 45, 297, 195, 0, 48.16%, 3, 0, 6, 423.84, 299886, 196, 4, 0
716, 0, 171, 297, 192, 0, 48.16%, 3, 0, 6, 424.70, 301989, 196, 4, 0
721, 0, 55, 297, 190, 0, 48.16%, 3, 0, 6, 408.46, 304070, 196, 4, 0
726, 0, 172, 298, 190, 0, 48.16%, 3, 0, 6, 419.90, 306223, 196, 4, 0
731, 0, 255, 298, 189, 0, 48.16%, 3, 0, 6, 452.39, 308553, 196, 4, 0
736, 0, 157, 298, 187, 0, 48.16%, 3, 0, 6, 429.44, 310751, 196, 4, 0
741, 0, 249, 298, 186, 0, 48.16%, 3, 0, 6, 429.79, 312901, 196, 4, 0
746, 0, 285, 299, 186, 0, 48.16%, 3, 0, 6, 430.44, 315086, 196, 4, 0
752, 0, 10, 300, 185, 0, 48.16%, 3, 0, 6, 415.98, 317218, 196, 4, 0
757, 0, 295, 300, 183, 0, 48.16%, 3, 0, 6, 450.25, 319538, 196, 4, 0
762, 0, 176, 301, 182, 0, 48.16%, 3, 0, 6, 414.13, 321603, 196, 4, 0
767, 0, 242, 304, 184, 0, 48.40%, 3, 0, 6, 412.48, 323704, 197, 4, 0
772, 0, 242, 305, 185, 0, 48.40%, 3, 0, 6, 415.75, 325767, 197, 4, 0
777, 0, 303, 305, 184, 1, 48.40%, 3, 0, 6, 385.32, 327720, 197, 4, 0
782, 0, 303, 308, 187, 1, 48.40%, 3, 0, 6, 338.61, 329498, 197, 4, 0
787, 0, 206, 308, 184, 0, 48.40%, 3, 0, 6, 401.23, 331573, 197, 4, 0
792, 0, 167, 309, 184, 0, 48.40%, 3, 0, 6, 400.95, 333647, 197, 4, 0
797, 0, 171, 309, 182, 0, 48.40%, 3, 0, 6, 366.14, 335484, 197, 4, 0
802, 0, 303, 310, 182, 0, 48.40%, 3, 0, 6, 376.04, 337501, 197, 4, 0
807, 0, 303, 310, 182, 0, 48.40%, 3, 0, 6, 404.30, 339554, 197, 4, 0
813, 0, 303, 312, 184, 0, 48.40%, 3, 0, 6, 382.37, 341428, 197, 4, 0
818, 0, 303, 312, 184, 0, 48.40%, 3, 0, 6, 381.38, 343297, 197, 4, 0
823, 0, 303, 312, 184, 0, 48.40%, 3, 0, 6, 383.36, 345243, 197, 4, 0
828, 0, 303, 312, 184, 0, 48.40%, 3, 0, 6, 348.91, 347035, 197, 4, 0
833, 0, 303, 312, 184, 0, 48.40%, 3, 0, 6, 392.97, 349086, 197, 4, 0
838, 0, 303, 312, 184, 0, 48.40%, 3, 0, 6, 392.67, 351088, 197, 5, 0
843, 0, 140, 313, 183, 0, 48.40%, 3, 0, 6, 423.51, 353232, 197, 5, 0
848, 0, 208, 313, 180, 0, 48.40%, 3, 0, 6, 405.19, 355295, 197, 5, 0
853, 0, 181, 313, 177, 0, 48.40%, 3, 0, 6, 414.34, 357391, 197, 5, 0
858, 0, 219, 313, 175, 0, 48.40%, 3, 0, 6, 388.28, 359369, 197, 5, 0
863, 1, 244, 313, 173, 0, 48.40%, 3, 0, 6, 403.70, 361362, 197, 5, 0
868, 1, 82, 313, 169, 0, 48.40%, 3, 0, 6, 403.85, 363508, 197, 5, 0
873, 1, 303, 313, 164, 0, 48.40%, 3, 0, 6, 428.51, 365759, 197, 5, 0
879, 1, 248, 314, 163, 0, 48.40%, 3, 0, 6, 407.85, 367742, 197, 5, 0
884, 1, 86, 316, 163, 0, 48.65%, 3, 0, 6, 375.91, 369692, 198, 5, 0
889, 1, 187, 316, 159, 0, 48.65%, 3, 0, 6, 375.04, 371665, 198, 5, 0
894, 1, 35, 317, 157, 0, 48.65%, 3, 0, 6, 416.47, 373801, 198, 5, 0
899, 1, 124, 317, 154, 0, 48.65%, 3, 0, 6, 395.91, 375765, 198, 5, 0
900, 1, 124, 317, 154, 0, 48.65%, 3, 0, 6, 404.24, 376403, 198, 5, 0
