# relative_time, cycles_done, cur_item, corpus_count, pending_total, pending_favs, map_size, saved_crashes, saved_hangs, max_depth, execs_per_sec, total_execs, edges_found, total_crashes, servers_count
60, 0, 9, 67, 62, 4, 29.98%, 0, 0, 2, 444.23, 26179, 122, 0, 0
65, 0, 9, 69, 64, 4, 30.22%, 0, 0, 2, 443.97, 28460, 123, 0, 0
71, 0, 9, 70, 65, 4, 30.22%, 0, 0, 2, 433.57, 30755, 123, 0, 0
76, 0, 9, 71, 66, 4, 30.22%, 0, 0, 2, 432.54, 32938, 123, 0, 0
81, 0, 9, 71, 66, 4, 30.22%, 0, 0, 2, 424.52, 35026, 123, 0, 0
86, 0, 9, 71, 66, 4, 30.22%, 0, 0, 2, 448.02, 37434, 123, 0, 0
91, 0, 9, 71, 66, 4, 30.22%, 0, 0, 2, 426.47, 39546, 123, 0, 0
96, 0, 9, 72, 67, 4, 30.22%, 0, 0, 2, 423.31, 41705, 123, 0, 0
101, 0, 9, 72, 67, 4, 30.22%, 0, 0, 2, 362.24, 43530, 123, 0, 0
106, 0, 9, 73, 68, 4, 30.22%, 0, 0, 2, 438.20, 45753, 123, 0, 0
111, 0, 9, 73, 68, 4, 30.22%, 0, 0, 2, 425.88, 48001, 123, 0, 0
116, 0, 9, 74, 69, 4, 30.22%, 0, 0, 2, 401.11, 50020, 123, 0, 0
121, 0, 9, 74, 69, 4, 30.22%, 0, 0, 2, 431.98, 52184, 123, 0, 0
127, 0, 9, 95, 89, 3, 34.64%, 0, 0, 2, 412.94, 54212, 141, 0, 0
132, 0, 79, 114, 107, 28, 35.38%, 1, 0, 3, 441.33, 56478, 144, 1, 0
137, 0, 80, 115, 100, 23, 35.63%, 1, 0, 3, 426.77, 58707, 145, 1, 0
142, 0, 80, 124, 109, 23, 35.87%, 1, 0, 3, 437.54, 60955, 146, 1, 0
147, 0, 80, 133, 118, 23, 37.59%, 1, 0, 3, 433.78, 63178, 153, 1, 0
152, 0, 80, 135, 120, 23, 37.59%, 1, 0, 3, 415.88, 65216, 153, 1, 0
157, 0, 80, 137, 122, 23, 37.59%, 1, 0, 3, 411.51, 67326, 153, 1, 0
162, 0, 80, 138, 123, 23, 37.59%, 1, 0, 3, 413.89, 69421, 153, 1, 0
167, 0, 111, 138, 120, 20, 37.59%, 1, 0, 3, 423.25, 71589, 153, 1, 0
172, 0, 111, 148, 130, 20, 37.84%, 1, 0, 3, 403.54, 73589, 154, 1, 0
178, 0, 111, 150, 132, 20, 37.84%, 1, 0, 3, 410.56, 75687, 154, 1, 0
183, 0, 111, 152, 134, 20, 37.84%, 1, 0, 3, 436.00, 77861, 154, 1, 0
188, 0, 111, 153, 135, 20, 37.84%, 1, 0, 3, 417.84, 79940, 154, 1, 0
193, 0, 111, 153, 135, 20, 37.84%, 1, 0, 3, 431.77, 82156, 154, 1, 0
198, 0, 111, 154, 136, 20, 37.84%, 1, 0, 3, 407.37, 84219, 154, 1, 0
203, 0, 111, 157, 139, 20, 37.84%, 1, 0, 3, 389.20, 86217, 154, 1, 0
208, 0, 111, 158, 140, 20, 37.84%, 1, 0, 3, 432.70, 88335, 154, 1, 0
213, 0, 111, 159, 141, 20, 37.84%, 1, 0, 3, 421.64, 90550, 154, 1, 0
218, 0, 111, 159, 141, 20, 37.84%, 1, 0, 3, 444.98, 92830, 154, 1, 0
223, 0, 111, 160, 142, 20, 37.84%, 1, 0, 3, 436.90, 95109, 154, 1, 0
228, 0, 111, 161, 143, 20, 37.84%, 1, 0, 3, 415.19, 97204, 154, 1, 0
234, 0, 111, 162, 144, 20, 37.84%, 1, 0, 3, 391.64, 99167, 154, 1, 0
239, 0, 111, 162, 144, 20, 37.84%, 1, 0, 3, 383.96, 101197, 154, 1, 0
244, 0, 134, 165, 146, 17, 37.84%, 1, 0, 3, 381.22, 103194, 154, 1, 0
249, 0, 134, 172, 153, 17, 37.84%, 2, 0, 3, 390.91, 105232, 154, 2, 0
254, 0, 134, 177, 158, 17, 37.84%, 2, 0, 3, 374.49, 107101, 154, 2, 0
259, 0, 134, 178, 159, 17, 37.84%, 2, 0, 3, 395.22, 109103, 154, 2, 0
264, 0, 134, 178, 159, 17, 37.84%, 2, 0, 3, 378.39, 111007, 154, 2, 0
269, 0, 134, 179, 160, 17, 37.84%, 2, 0, 3, 391.58, 112995, 154, 3, 0
274, 0, 134, 181, 162, 17, 37.84%, 2, 0, 3, 411.64, 115062, 154, 3, 0
279, 0, 134, 182, 163, 17, 37.84%, 2, 0, 3, 399.57, 117042, 154, 3, 0
284, 0, 134, 183, 164, 17, 38.33%, 2, 0, 3, 382.69, 118995, 156, 3, 0
289, 0, 134, 183, 164, 17, 38.33%, 2, 0, 3, 403.18, 121012, 156, 3, 0
294, 0, 134, 184, 165, 17, 38.57%, 2, 0, 3, 377.76, 122908, 157, 4, 0
299, 0, 134, 184, 165, 17, 38.57%, 2, 0, 3, 399.14, 124945, 157, 4, 0
305, 0, 134, 186, 167, 17, 38.57%, 2, 0, 3, 366.27, 126870, 157, 4, 0
310, 0, 134, 187, 168, 17, 39.07%, 2, 0, 3, 387.68, 128858, 159, 4, 0
315, 0, 134, 187, 168, 17, 39.07%, 2, 0, 3, 400.30, 130902, 159, 5, 0
320, 0, 134, 187, 168, 17, 39.07%, 2, 0, 3, 388.99, 132897, 159, 5, 0
325, 0, 134, 187, 168, 17, 39.07%, 2, 0, 3, 396.69, 134864, 159, 5, 0
330, 0, 134, 187, 168, 17, 39.07%, 2, 0, 3, 379.76, 136741, 159, 5, 0
335, 0, 134, 188, 169, 17, 39.07%, 2, 0, 3, 394.29, 138736, 159, 5, 0
341, 0, 134, 188, 169, 17, 39.07%, 2, 0, 3, 407.28, 140808, 159, 5, 0
346, 0, 183, 188, 168, 17, 39.07%, 2, 0, 3, 412.18, 142920, 159, 5, 0
351, 0, 139, 191, 170, 16, 39.07%, 2, 0, 4, 407.07, 144951, 159, 5, 0
356, 0, 139, 198, 177, 16, 39.07%, 2, 0, 4, 443.21, 147204, 159, 5, 0
361, 0, 139, 206, 185, 16, 39.07%, 2, 0, 4, 424.24, 149316, 159, 5, 0
366, 0, 139, 209, 188, 16, 39.07%, 2, 0, 4, 402.68, 151263, 159, 5, 0
371, 0, 139, 211, 190, 16, 39.07%, 2, 0, 4, 392.24, 153237, 159, 5, 0
376, 0, 139, 213, 192, 16, 39.07%, 2, 0, 4, 405.81, 155293, 159, 5, 0
381, 0, 139, 215, 194, 16, 39.56%, 2, 0, 4, 415.61, 157411, 161, 5, 0
386, 0, 139, 215, 194, 16, 39.56%, 2, 0, 4, 410.26, 159539, 161, 5, 0
391, 0, 139, 215, 194, 16, 39.56%, 2, 0, 4, 447.63, 161835, 161, 5, 0
396, 0, 139, 216, 195, 16, 39.56%, 2, 0, 4, 430.22, 164034, 161, 5, 0
401, 0, 139, 218, 197, 16, 39.80%, 2, 0, 4, 425.23, 166176, 162, 5, 0
407, 0, 139, 222, 201, 16, 39.80%, 2, 0, 4, 428.65, 168444, 162, 5, 0
412, 0, 139, 222, 201, 16, 39.80%, 2, 0, 4, 420.62, 170548, 162, 5, 0
417, 0, 139, 223, 202, 16, 39.80%, 2, 0, 4, 409.67, 172651, 162, 5, 0
422, 0, 139, 224, 203, 16, 39.80%, 2, 0, 4, 418.81, 174818, 162, 5, 0
427, 0, 213, 224, 201, 16, 39.80%, 2, 0, 4, 421.91, 176959, 162, 5, 0
432, 0, 214, 226, 202, 15, 39.80%, 2, 0, 5, 420.33, 179132, 162, 5, 0
437, 0, 217, 226, 201, 14, 39.80%, 2, 0, 5, 427.19, 181254, 162, 5, 0
442, 0, 186, 227, 200, 13, 40.05%, 2, 0, 5, 400.29, 183245, 163, 5, 0
447, 0, 144, 231, 203, 12, 40.05%, 3, 0, 5, 412.57, 185284, 163, 6, 0
453, 0, 14, 238, 208, 11, 40.05%, 3, 0, 5, 417.42, 187372, 163, 6, 0
458, 0, 88, 238, 206, 9, 40.05%, 3, 0, 5, 401.28, 189477, 163, 6, 0
463, 0, 88, 238, 206, 9, 40.05%, 3, 0, 5, 399.93, 191519, 163, 6, 0
468, 0, 88, 238, 206, 9, 40.05%, 3, 0, 5, 369.63, 193374, 163, 6, 0
473, 0, 145, 238, 204, 7, 40.05%, 3, 0, 5, 401.50, 195480, 163, 6, 0
478, 0, 31, 238, 202, 7, 40.05%, 3, 0, 5, 375.32, 197433, 163, 6, 0
483, 0, 74, 238, 199, 4, 40.05%, 3, 0, 5, 412.61, 199575, 163, 6, 0
488, 0, 187, 238, 197, 3, 40.05%, 3, 0, 5, 420.41, 201767, 163, 6, 0
493, 0, 83, 238, 195, 2, 40.05%, 3, 0, 5, 414.19, 203834, 163, 6, 0
498, 0, 84, 238, 191, 0, 40.05%, 3, 0, 5, 430.30, 206000, 163, 6, 0
504, 0, 42, 238, 188, 0, 40.05%, 3, 0, 5, 436.49, 208164, 163, 6, 0
509, 0, 195, 238, 185, 0, 40.05%, 3, 0, 5, 412.05, 210250, 163, 6, 0
514, 0, 155, 238, 183, 0, 40.05%, 3, 0, 5, 433.19, 212474, 163, 6, 0
519, 0, 113, 238, 180, 0, 40.05%, 3, 0, 5, 426.37, 214615, 163, 6, 0
524, 0, 199, 238, 178, 0, 40.05%, 3, 0, 5, 412.46, 216747, 163, 6, 0
529, 0, 29, 238, 176, 0, 40.05%, 3, 0, 5, 428.78, 218905, 163, 6, 0
534, 0, 158, 238, 173, 0, 40.05%, 3, 0, 5, 423.78, 221008, 163, 6, 0
539, 0, 157, 238, 171, 0, 40.05%, 3, 0, 5, 421.53, 223056, 163, 6, 0
544, 0, 91, 238, 170, 0, 40.05%, 3, 0, 5, 384.40, 225007, 163, 6, 0
549, 0, 206, 239, 169, 0, 40.05%, 3, 0, 5, 413.51, 227141, 163, 6, 0
554, 0, 194, 239, 165, 0, 40.05%, 3, 0, 5, 393.86, 229059, 163, 6, 0
559, 0, 214, 239, 162, 0, 40.05%, 3, 0, 5, 404.90, 231192, 163, 6, 0
564, 0, 203, 239, 161, 0, 40.05%, 3, 0, 5, 394.20, 233195, 163, 6, 0
569, 0, 216, 240, 159, 0, 40.05%, 3, 0, 5, 415.91, 235311, 163, 6, 0
575, 0, 220, 241, 157, 0, 40.05%, 3, 0, 5, 449.82, 237554, 163, 6, 0
580, 0, 164, 241, 154, 0, 40.05%, 3, 0, 5, 428.87, 239708, 163, 6, 0
585, 0, 205, 242, 154, 0, 40.05%, 3, 0, 5, 442.41, 241876, 163, 6, 0
590, 0, 221, 242, 152, 0, 40.05%, 3, 0, 5, 430.90, 244037, 163, 6, 0
595, 0, 87, 242, 149, 0, 40.05%, 3, 0, 5, 427.62, 246132, 163, 6, 0
600, 0, 241, 242, 148, 0, 40.05%, 3, 0, 5, 398.25, 248143, 163, 6, 0
605, 0, 74, 244, 148, 0, 40.05%, 3, 0, 6, 415.93, 250315, 163, 6, 0
610, 0, 127, 244, 147, 0, 40.05%, 3, 0, 6, 440.60, 252523, 163, 6, 0
615, 0, 242, 244, 144, 0, 40.05%, 3, 0, 6, 434.05, 254678, 163, 6, 0
620, 0, 71, 244, 142, 0, 40.05%, 3, 0, 6, 402.67, 256666, 163, 6, 0
625, 0, 53, 244, 141, 0, 40.05%, 3, 0, 6, 381.62, 258570, 163, 6, 0
630, 0, 24, 244, 139, 0, 40.05%, 3, 0, 6, 388.32, 260554, 163, 6, 0
635, 0, 125, 244, 136, 0, 40.05%, 3, 0, 6, 418.47, 262737, 163, 6, 0
640, 0, 166, 244, 135, 0, 40.05%, 3, 0, 6, 440.77, 264981, 163, 6, 0
646, 0, 183, 245, 135, 0, 40.05%, 3, 0, 6, 388.63, 266971, 163, 6, 0
651, 0, 245, 246, 136, 1, 40.29%, 3, 0, 6, 437.17, 269260, 164, 7, 0
656, 0, 247, 248, 137, 1, 40.54%, 3, 0, 6, 419.08, 271381, 165, 7, 0
661, 0, 241, 248, 135, 0, 40.54%, 3, 0, 6, 430.95, 273570, 165, 7, 0
666, 0, 14, 248, 133, 0, 40.54%, 3, 0, 6, 396.83, 275548, 165, 7, 0
671, 0, 115, 249, 133, 0, 40.54%, 3, 0, 7, 427.74, 277725, 165, 7, 0
676, 1, 214, 249, 131, 0, 40.54%, 3, 0, 7, 414.48, 279832, 165, 7, 0
681, 1, 249, 250, 130, 1, 40.79%, 3, 0, 7, 400.92, 281870, 166, 7, 0
686, 1, 234, 250, 129, 0, 40.79%, 3, 0, 7, 403.74, 283891, 166, 7, 0
691, 1, 68, 250, 124, 0, 40.79%, 3, 0, 7, 411.95, 285990, 166, 7, 0
696, 1, 120, 250, 121, 0, 40.79%, 3, 0, 7, 387.50, 287955, 166, 8, 0
701, 1, 225, 250, 118, 0, 40.79%, 3, 0, 7, 429.27, 290125, 166, 8, 0
706, 1, 248, 250, 116, 0, 40.79%, 3, 0, 7, 413.03, 292147, 166, 8, 0
712, 1, 48, 250, 112, 0, 40.79%, 3, 0, 7, 421.46, 294256, 166, 8, 0
717, 1, 177, 256, 116, 0, 41.03%, 3, 0, 7, 404.33, 296348, 167, 8, 0
722, 1, 177, 256, 116, 0, 41.03%, 3, 0, 7, 400.32, 298329, 167, 8, 0
727, 1, 177, 256, 116, 0, 41.03%, 3, 0, 7, 385.93, 300303, 167, 8, 0
732, 1, 177, 257, 117, 0, 41.03%, 3, 0, 7, 387.11, 302270, 167, 9, 0
737, 1, 177, 257, 117, 0, 41.03%, 3, 0, 7, 379.48, 304195, 167, 9, 0
742, 1, 177, 257, 117, 0, 41.03%, 3, 0, 7, 355.59, 305959, 167, 9, 0
747, 1, 177, 257, 117, 0, 41.03%, 3, 0, 7, 379.66, 307968, 167, 9, 0
752, 1, 255, 259, 118, 1, 41.03%, 3, 0, 7, 361.96, 309833, 167, 9, 0
757, 1, 212, 260, 117, 0, 41.03%, 3, 0, 7, 396.90, 311876, 167, 9, 0
762, 1, 243, 260, 113, 0, 41.03%, 3, 0, 7, 408.00, 313983, 167, 9, 0
767, 1, 243, 265, 118, 0, 41.03%, 3, 0, 7, 428.77, 316203, 167, 9, 0
773, 1, 243, 265, 118, 0, 41.03%, 3, 0, 7, 413.35, 318323, 167, 10, 0
778, 1, 243, 265, 118, 0, 41.03%, 3, 0, 7, 416.59, 320435, 167, 10, 0
783, 1, 243, 266, 119, 0, 41.03%, 3, 0, 7, 410.39, 322432, 167, 10, 0
788, 1, 261, 266, 118, 1, 41.03%, 3, 0, 7, 402.04, 324474, 167, 10, 0
793, 1, 201, 266, 115, 0, 41.03%, 3, 0, 7, 430.63, 326681, 167, 10, 0
798, 1, 245, 267, 114, 0, 41.03%, 3, 0, 7, 383.77, 328586, 167, 10, 0
803, 1, 245, 268, 115, 0, 41.03%, 3, 0, 7, 392.38, 330526, 167, 10, 0
808, 1, 92, 268, 115, 0, 41.03%, 3, 0, 7, 428.39, 332732, 167, 10, 0
813, 1, 268, 270, 115, 1, 41.52%, 3, 0, 7, 431.20, 334980, 169, 10, 0
818, 1, 269, 271, 114, 1, 41.77%, 3, 0, 7, 423.38, 337082, 170, 10, 0
823, 1, 193, 271, 110, 0, 41.77%, 3, 0, 7, 395.48, 339106, 170, 10, 0
828, 1, 151, 272, 108, 0, 41.77%, 3, 0, 7, 417.32, 341307, 170, 10, 0
833, 1, 213, 273, 107, 0, 41.77%, 3, 0, 7, 457.33, 343604, 170, 10, 0
838, 1, 131, 273, 106, 0, 41.77%, 3, 0, 7, 433.50, 345716, 170, 10, 0
844, 1, 263, 273, 102, 0, 41.77%, 3, 0, 7, 414.19, 347877, 170, 10, 0
849, 1, 219, 273, 98, 0, 41.77%, 3, 0, 7, 427.80, 350065, 170, 10, 0
854, 1, 211, 273, 95, 0, 41.77%, 3, 0, 7, 410.08, 352104, 170, 10, 0
859, 1, 148, 273, 92, 0, 41.77%, 3, 0, 7, 404.26, 354121, 170, 10, 0
864, 1, 154, 273, 89, 0, 41.77%, 3, 0, 7, 414.53, 356254, 170, 10, 0
869, 1, 76, 273, 86, 0, 41.77%, 3, 0, 7, 433.81, 358514, 170, 10, 0
874, 1, 261, 273, 84, 0, 41.77%, 3, 0, 7, 310.18, 359910, 170, 10, 0
879, 1, 265, 273, 83, 0, 41.77%, 3, 0, 7, 293.87, 361276, 170, 10, 0
884, 1, 121, 273, 82, 0, 41.77%, 3, 0, 7, 255.64, 362484, 170, 10, 0
889, 1, 42, 273, 80, 0, 41.77%, 3, 0, 7, 244.07, 363725, 170, 10, 0
895, 1, 170, 273, 80, 0, 41.77%, 3, 0, 7, 272.11, 365136, 170, 10, 0
900, 1, 245, 273, 78, 0, 41.77%, 3, 0, 7, 247.91, 366307, 170, 10, 0
900, 1, 245, 273, 78, 0, 41.77%, 3, 0, 7, 252.24, 366375, 170, 10, 0
