# relative_time, cycles_done, cur_item, corpus_count, pending_total, pending_favs, map_size, saved_crashes, saved_hangs, max_depth, execs_per_sec, total_execs, edges_found, total_crashes, servers_count
61, 0, 9, 77, 72, 3, 30.47%, 0, 0, 2, 443.38, 28087, 124, 0, 0
66, 0, 9, 77, 72, 3, 30.47%, 0, 0, 2, 461.67, 30443, 124, 0, 0
71, 0, 9, 78, 73, 3, 30.47%, 0, 0, 2, 436.32, 32662, 124, 0, 0
76, 0, 9, 78, 73, 3, 30.47%, 0, 0, 2, 463.15, 35031, 124, 0, 0
81, 0, 9, 79, 74, 3, 30.47%, 0, 0, 2, 446.14, 37237, 124, 0, 0
86, 0, 9, 79, 74, 3, 30.47%, 0, 0, 2, 459.89, 39628, 124, 0, 0
91, 0, 9, 80, 75, 3, 30.71%, 0, 0, 2, 473.20, 42011, 125, 0, 0
96, 0, 9, 82, 77, 3, 30.71%, 0, 0, 2, 475.94, 44365, 125, 0, 0
101, 0, 9, 82, 77, 3, 30.71%, 0, 0, 2, 456.39, 46642, 125, 0, 0
106, 0, 9, 82, 77, 3, 30.71%, 0, 0, 2, 461.34, 48955, 125, 0, 0
111, 0, 9, 83, 78, 3, 30.71%, 0, 0, 2, 459.68, 51257, 125, 0, 0
116, 0, 9, 83, 78, 3, 30.71%, 0, 0, 2, 442.96, 53473, 125, 0, 0
122, 0, 44, 112, 106, 35, 43.24%, 0, 0, 3, 443.83, 55755, 176, 0, 0
127, 0, 44, 115, 109, 35, 43.24%, 0, 0, 3, 457.12, 58096, 176, 0, 0
132, 0, 44, 117, 111, 35, 43.49%, 0, 0, 3, 447.27, 60414, 177, 0, 0
137, 0, 44, 117, 111, 35, 43.49%, 0, 0, 3, 457.98, 62736, 177, 0, 0
142, 0, 44, 119, 113, 35, 43.49%, 0, 0, 3, 439.03, 64940, 177, 0, 0
147, 0, 44, 120, 114, 35, 43.49%, 0, 0, 3, 442.17, 67154, 177, 0, 0
152, 0, 3, 121, 108, 30, 43.73%, 0, 0, 3, 468.80, 69621, 178, 0, 0
157, 0, 80, 125, 110, 29, 44.23%, 0, 0, 3, 439.50, 71903, 180, 0, 0
162, 0, 80, 132, 117, 29, 44.23%, 0, 0, 3, 485.72, 74378, 180, 0, 0
167, 0, 80, 133, 118, 29, 44.23%, 0, 0, 3, 470.95, 76707, 180, 0, 0
172, 0, 80, 134, 119, 29, 44.23%, 0, 0, 3, 478.75, 79135, 180, 0, 0
178, 0, 80, 137, 122, 29, 44.23%, 0, 0, 3, 485.16, 81730, 180, 0, 0
183, 0, 80, 138, 123, 29, 44.23%, 0, 0, 3, 475.10, 84194, 180, 0, 0
188, 0, 104, 138, 120, 26, 44.23%, 0, 0, 3, 464.77, 86571, 180, 0, 0
193, 0, 141, 143, 124, 26, 44.47%, 0, 0, 3, 451.86, 88807, 181, 0, 0
198, 0, 105, 144, 122, 24, 44.72%, 0, 0, 3, 486.80, 91332, 182, 0, 0
203, 0, 105, 182, 160, 24, 44.72%, 0, 0, 3, 493.97, 93813, 182, 0, 0
208, 0, 105, 194, 172, 24, 44.96%, 0, 0, 3, 468.59, 96113, 183, 0, 0
213, 0, 105, 200, 178, 24, 45.21%, 0, 0, 3, 481.47, 98549, 184, 0, 0
218, 0, 105, 207, 185, 24, 45.21%, 0, 0, 3, 475.77, 100929, 184, 0, 0
223, 0, 196, 209, 186, 26, 45.21%, 0, 0, 3, 476.74, 103325, 184, 0, 0
228, 0, 24, 209, 184, 24, 45.21%, 0, 0, 3, 448.63, 105724, 184, 0, 0
233, 0, 197, 209, 182, 22, 45.21%, 0, 0, 3, 473.74, 108161, 184, 0, 0
239, 0, 103, 209, 181, 21, 45.21%, 0, 0, 3, 440.78, 110334, 184, 0, 0
244, 0, 132, 212, 183, 20, 45.21%, 0, 0, 4, 461.51, 112660, 184, 0, 0
249, 0, 59, 213, 183, 20, 45.21%, 0, 0, 4, 474.70, 115085, 184, 0, 0
254, 0, 59, 219, 189, 20, 45.21%, 0, 0, 4, 472.20, 117467, 184, 0, 0
259, 0, 59, 220, 190, 20, 45.21%, 0, 0, 4, 464.43, 119850, 184, 0, 0
264, 0, 59, 222, 192, 20, 45.21%, 0, 0, 4, 455.90, 122151, 184, 0, 0
269, 0, 59, 222, 192, 20, 45.21%, 0, 0, 4, 470.64, 124563, 184, 0, 0
274, 0, 96, 223, 189, 17, 45.21%, 0, 0, 4, 446.47, 126784, 184, 0, 0
279, 0, 96, 223, 189, 17, 45.21%, 0, 0, 4, 437.58, 129046, 184, 0, 0
284, 0, 96, 223, 189, 17, 45.21%, 0, 0, 4, 424.88, 131174, 184, 0, 0
289, 0, 136, 224, 189, 16, 46.19%, 0, 0, 4, 451.95, 133556, 188, 0, 0
294, 0, 136, 229, 194, 16, 46.19%, 0, 0, 4, 432.04, 135748, 188, 0, 0
299, 0, 136, 229, 194, 16, 46.19%, 0, 0, 4, 460.61, 138075, 188, 0, 0
304, 0, 136, 231, 196, 16, 46.19%, 0, 0, 4, 466.87, 140483, 188, 0, 0
310, 0, 136, 234, 199, 16, 46.93%, 0, 0, 4, 470.62, 142871, 191, 0, 0
315, 0, 136, 237, 202, 16, 46.93%, 0, 0, 4, 477.61, 145268, 191, 0, 0
320, 0, 136, 238, 203, 16, 46.93%, 0, 0, 4, 484.15, 147759, 191, 0, 0
325, 0, 136, 238, 203, 16, 46.93%, 0, 0, 4, 473.04, 150189, 191, 0, 0
330, 0, 136, 238, 203, 16, 46.93%, 0, 0, 4, 488.28, 152664, 191, 0, 0
335, 0, 136, 238, 203, 16, 46.93%, 0, 0, 4, 454.69, 154977, 191, 0, 0
340, 0, 136, 238, 203, 16, 46.93%, 0, 0, 4, 473.55, 157452, 191, 0, 0
345, 0, 136, 239, 204, 16, 46.93%, 0, 0, 4, 462.11, 159817, 191, 0, 0
350, 0, 136, 239, 204, 16, 46.93%, 0, 0, 4, 469.77, 162211, 191, 0, 0
355, 0, 136, 239, 204, 16, 46.93%, 0, 0, 4, 461.55, 164542, 191, 0, 0
360, 0, 136, 240, 205, 16, 46.93%, 0, 0, 4, 466.04, 166979, 191, 0, 0
365, 0, 136, 240, 205, 16, 46.93%, 0, 0, 4, 479.55, 169409, 191, 0, 0
370, 0, 136, 241, 206, 16, 46.93%, 0, 0, 4, 450.50, 171667, 191, 0, 0
376, 0, 233, 241, 203, 16, 46.93%, 0, 0, 4, 459.65, 173972, 191, 0, 0
381, 0, 230, 246, 207, 15, 46.93%, 0, 0, 5, 464.58, 176308, 191, 0, 0
386, 0, 230, 248, 209, 15, 46.93%, 0, 0, 5, 460.61, 178608, 191, 0, 0
391, 0, 230, 251, 212, 15, 46.93%, 0, 0, 5, 460.58, 180933, 191, 0, 0
396, 0, 230, 252, 213, 15, 46.93%, 0, 0, 5, 427.50, 183119, 191, 0, 0
401, 0, 230, 253, 214, 15, 46.93%, 0, 0, 5, 443.54, 185350, 191, 0, 0
406, 0, 230, 255, 216, 15, 46.93%, 0, 0, 5, 455.67, 187657, 191, 0, 0
411, 0, 230, 255, 216, 15, 46.93%, 0, 0, 5, 453.26, 190024, 191, 0, 0
416, 0, 230, 255, 216, 15, 46.93%, 0, 0, 5, 455.92, 192409, 191, 0, 0
421, 0, 230, 255, 216, 15, 46.93%, 0, 0, 5, 462.45, 194722, 191, 0, 0
426, 0, 230, 255, 216, 15, 46.93%, 0, 0, 5, 472.25, 197125, 191, 0, 0
431, 0, 230, 258, 219, 15, 46.93%, 0, 0, 5, 441.80, 199321, 191, 0, 0
436, 0, 230, 258, 219, 15, 46.93%, 0, 0, 5, 475.56, 201664, 191, 0, 0
441, 0, 230, 258, 219, 15, 46.93%, 0, 0, 5, 447.45, 203961, 191, 0, 0
446, 0, 230, 258, 219, 15, 46.93%, 0, 0, 5, 455.57, 206254, 191, 0, 0
451, 0, 230, 258, 219, 15, 46.93%, 0, 0, 5, 465.32, 208594, 191, 0, 0
457, 0, 230, 258, 219, 15, 46.93%, 0, 0, 5, 452.78, 210907, 191, 0, 0
462, 0, 230, 258, 219, 15, 46.93%, 0, 0, 5, 446.32, 213153, 191, 0, 0
467, 0, 230, 259, 220, 15, 46.93%, 0, 0, 5, 437.96, 215384, 191, 0, 0
472, 0, 230, 259, 220, 15, 46.93%, 0, 0, 5, 471.55, 217754, 191, 0, 0
477, 0, 230, 260, 221, 15, 46.93%, 0, 0, 5, 481.61, 220182, 191, 0, 0
482, 0, 230, 260, 221, 15, 46.93%, 0, 0, 5, 467.65, 222504, 191, 0, 0
487, 0, 230, 261, 222, 15, 46.93%, 0, 0, 5, 472.28, 224941, 191, 0, 0
492, 0, 52, 262, 220, 13, 46.93%, 0, 0, 5, 457.24, 227208, 191, 0, 0
497, 0, 27, 262, 216, 9, 46.93%, 0, 0, 5, 433.85, 229414, 191, 0, 0
502, 0, 37, 268, 220, 8, 47.67%, 1, 0, 5, 455.15, 231699, 194, 1, 0
507, 0, 265, 268, 217, 5, 47.67%, 1, 0, 5, 440.38, 233914, 194, 1, 0
512, 0, 210, 272, 219, 3, 47.67%, 1, 0, 5, 436.76, 236132, 194, 1, 0
517, 0, 210, 275, 222, 3, 47.67%, 1, 0, 5, 460.29, 238457, 194, 1, 0
523, 0, 210, 278, 225, 3, 47.67%, 1, 0, 5, 441.60, 240718, 194, 1, 0
528, 0, 210, 278, 225, 3, 47.67%, 1, 0, 5, 405.92, 242790, 194, 1, 0
533, 0, 263, 278, 223, 2, 47.67%, 1, 0, 5, 419.83, 244927, 194, 1, 0
538, 0, 86, 278, 220, 1, 47.67%, 1, 0, 5, 445.58, 247194, 194, 1, 0
543, 0, 164, 280, 219, 0, 47.67%, 1, 0, 5, 448.67, 249477, 194, 1, 0
548, 0, 257, 280, 216, 0, 47.67%, 1, 0, 5, 468.42, 251835, 194, 1, 0
553, 0, 204, 280, 213, 0, 47.67%, 1, 0, 5, 453.39, 254123, 194, 1, 0
558, 0, 158, 283, 215, 0, 47.67%, 1, 0, 5, 468.84, 256647, 194, 1, 0
563, 0, 277, 283, 211, 0, 47.67%, 1, 0, 5, 445.27, 258835, 194, 1, 0
568, 0, 8, 287, 213, 0, 47.67%, 1, 0, 6, 431.07, 261107, 194, 1, 0
573, 0, 280, 287, 209, 0, 47.67%, 1, 0, 6, 458.23, 263407, 194, 1, 0
579, 0, 288, 289, 209, 1, 47.91%, 1, 0, 6, 423.26, 265559, 195, 1, 0
584, 0, 288, 297, 217, 1, 47.91%, 1, 0, 6, 435.89, 267864, 195, 1, 0
589, 0, 291, 301, 220, 1, 47.91%, 1, 0, 6, 399.89, 269895, 195, 1, 0
594, 0, 297, 301, 219, 1, 47.91%, 1, 0, 6, 388.41, 271853, 195, 1, 0
599, 0, 187, 304, 220, 0, 48.16%, 1, 0, 6, 401.44, 273847, 196, 1, 0
604, 0, 278, 304, 218, 0, 48.16%, 1, 0, 6, 456.56, 276291, 196, 1, 0
609, 0, 227, 304, 216, 0, 48.16%, 1, 0, 6, 436.32, 278477, 196, 1, 0
614, 0, 272, 304, 213, 0, 48.16%, 1, 0, 6, 451.46, 280824, 196, 1, 0
619, 0, 185, 304, 212, 0, 48.16%, 1, 0, 6, 454.10, 283095, 196, 1, 0
624, 0, 297, 304, 208, 0, 48.16%, 1, 0, 6, 457.99, 285465, 196, 1, 0
629, 0, 150, 304, 207, 0, 48.16%, 1, 0, 6, 454.34, 287711, 196, 1, 0
634, 0, 70, 304, 205, 0, 48.16%, 1, 0, 6, 450.06, 289965, 196, 1, 0
639, 0, 52, 304, 203, 0, 48.16%, 1, 0, 6, 444.54, 292168, 196, 1, 0
645, 0, 62, 304, 200, 0, 48.16%, 1, 0, 6, 450.64, 294460, 196, 1, 0
650, 0, 193, 304, 197, 0, 48.16%, 1, 0, 6, 445.89, 296671, 196, 1, 0
655, 0, 293, 304, 196, 0, 48.16%, 1, 0, 6, 467.64, 299008, 196, 1, 0
660, 0, 66, 304, 193, 0, 48.16%, 1, 0, 6, 456.63, 301254, 196, 1, 0
665, 0, 285, 304, 191, 0, 48.16%, 1, 0, 6, 425.45, 303389, 196, 1, 0
670, 0, 100, 304, 189, 0, 48.16%, 1, 0, 6, 427.70, 305629, 196, 1, 0
675, 0, 252, 304, 187, 0, 48.16%, 1, 0, 6, 436.63, 307819, 196, 1, 0
680, 0, 24, 304, 185, 0, 48.16%, 1, 0, 6, 431.08, 310004, 196, 1, 0
685, 0, 86, 306, 183, 0, 48.40%, 1, 0, 6, 477.91, 312513, 197, 1, 0
690, 0, 151, 306, 181, 0, 48.40%, 1, 0, 6, 437.22, 314648, 197, 1, 0
695, 0, 65, 306, 179, 0, 48.40%, 1, 0, 6, 457.06, 317027, 197, 1, 0
700, 0, 112, 306, 176, 0, 48.40%, 1, 0, 6, 475.12, 319411, 197, 1, 0
705, 0, 257, 306, 174, 0, 48.40%, 1, 0, 6, 457.68, 321698, 197, 1, 0
710, 0, 210, 306, 172, 0, 48.40%, 1, 0, 6, 465.97, 324037, 197, 1, 0
715, 0, 89, 306, 171, 0, 48.40%, 1, 0, 6, 471.62, 326471, 197, 1, 0
720, 1, 256, 306, 169, 0, 48.40%, 1, 0, 6, 480.31, 328822, 197, 1, 0
726, 1, 235, 306, 165, 0, 48.40%, 1, 0, 6, 452.38, 331039, 197, 1, 0
731, 1, 168, 307, 162, 0, 48.40%, 1, 0, 6, 476.12, 333449, 197, 1, 0
736, 1, 72, 307, 157, 0, 48.40%, 1, 0, 6, 451.83, 335741, 197, 1, 0
741, 1, 96, 308, 154, 0, 48.40%, 1, 0, 6, 439.54, 338019, 197, 1, 0
746, 1, 107, 309, 152, 0, 48.40%, 1, 0, 6, 451.16, 340341, 197, 1, 0
751, 1, 83, 309, 149, 0, 48.40%, 1, 0, 6, 449.87, 342633, 197, 1, 0
756, 1, 144, 309, 146, 0, 48.40%, 1, 0, 6, 459.44, 344921, 197, 1, 0
761, 1, 157, 309, 143, 0, 48.40%, 1, 0, 6, 508.11, 347555, 197, 1, 0
766, 1, 54, 309, 141, 0, 48.40%, 1, 0, 6, 472.75, 349898, 197, 1, 0
771, 1, 163, 309, 139, 0, 48.40%, 1, 0, 6, 452.13, 352169, 197, 1, 0
776, 1, 265, 309, 135, 0, 48.40%, 1, 0, 6, 468.65, 354522, 197, 1, 0
781, 1, 255, 309, 132, 0, 48.40%, 1, 0, 6, 480.61, 356927, 197, 1, 0
786, 1, 40, 309, 128, 0, 48.40%, 1, 0, 6, 482.33, 359419, 197, 1, 0
791, 1, 289, 309, 126, 0, 48.40%, 1, 0, 6, 471.97, 361759, 197, 1, 0
797, 1, 188, 309, 124, 0, 48.40%, 1, 0, 6, 450.76, 364006, 197, 1, 0
802, 1, 179, 310, 123, 0, 48.40%, 1, 0, 6, 470.06, 366392, 197, 1, 0
807, 1, 159, 310, 119, 0, 48.40%, 1, 0, 6, 465.41, 368737, 197, 1, 0
812, 1, 37, 310, 117, 0, 48.40%, 1, 0, 6, 453.62, 371061, 197, 1, 0
817, 1, 195, 310, 114, 0, 48.40%, 1, 0, 6, 445.38, 373256, 197, 1, 0
822, 1, 152, 310, 111, 0, 48.40%, 1, 0, 6, 444.75, 375523, 197, 1, 0
827, 1, 282, 310, 108, 0, 48.40%, 1, 0, 6, 448.36, 377794, 197, 1, 0
832, 1, 308, 311, 105, 0, 48.40%, 1, 0, 6, 437.35, 380025, 197, 1, 0
837, 1, 222, 311, 102, 0, 48.40%, 1, 0, 6, 451.02, 382383, 197, 1, 0
842, 1, 309, 311, 100, 0, 48.40%, 1, 0, 6, 451.23, 384636, 197, 1, 0
848, 1, 297, 311, 96, 0, 48.40%, 1, 0, 6, 490.26, 387182, 197, 1, 0
853, 1, 131, 311, 94, 0, 48.40%, 1, 0, 6, 462.40, 389478, 197, 1, 0
858, 1, 202, 311, 92, 0, 48.40%, 1, 0, 6, 461.01, 391772, 197, 1, 0
863, 1, 201, 311, 90, 0, 48.40%, 1, 0, 6, 466.70, 394158, 197, 1, 0
868, 1, 156, 311, 86, 0, 48.40%, 1, 0, 6, 497.58, 396738, 197, 1, 0
873, 1, 305, 311, 82, 0, 48.40%, 1, 0, 6, 482.81, 399246, 197, 1, 0
878, 1, 189, 311, 81, 0, 48.40%, 1, 0, 6, 456.09, 401482, 197, 1, 0
883, 1, 272, 311, 78, 0, 48.40%, 1, 0, 6, 456.81, 403730, 197, 1, 0
888, 1, 313, 314, 80, 0, 48.40%, 1, 0, 7, 465.30, 406100, 197, 1, 0
893, 1, 102, 314, 77, 0, 48.40%, 1, 0, 7, 461.81, 408535, 197, 1, 0
898, 1, 311, 316, 77, 0, 48.40%, 1, 0, 7, 452.80, 410875, 197, 1, 0
903, 1, 3, 317, 76, 0, 48.40%, 1, 0, 7, 448.57, 413085, 197, 1, 0
908, 1, 177, 317, 73, 0, 48.40%, 1, 0, 7, 449.66, 415331, 197, 1, 0
913, 1, 173, 317, 71, 0, 48.40%, 1, 0, 7, 442.53, 417629, 197, 1, 0
919, 1, 59, 317, 69, 0, 48.40%, 1, 0, 7, 463.83, 419970, 197, 1, 0
924, 1, 266, 317, 68, 0, 48.40%, 1, 0, 7, 463.13, 422281, 197, 1, 0
929, 1, 52, 317, 64, 0, 48.40%, 1, 0, 7, 428.29, 424451, 197, 1, 0
934, 1, 148, 317, 62, 0, 48.40%, 1, 0, 7, 427.95, 426646, 197, 1, 0
939, 1, 59, 317, 61, 0, 48.40%, 1, 0, 7, 443.96, 428882, 197, 1, 0
944, 1, 160, 317, 60, 0, 48.40%, 1, 0, 7, 422.29, 431031, 197, 1, 0
949, 1, 317, 318, 57, 1, 48.65%, 1, 0, 7, 435.12, 433242, 198, 1, 0
954, 1, 106, 318, 53, 0, 48.65%, 1, 0, 7, 436.13, 435398, 198, 1, 0
959, 1, 319, 320, 53, 1, 48.89%, 1, 0, 7, 453.04, 437693, 199, 1, 0
964, 1, 212, 320, 50, 0, 48.89%, 1, 0, 7, 451.90, 439995, 199, 1, 0
969, 1, 40, 320, 47, 0, 48.89%, 1, 0, 7, 427.45, 442130, 199, 1, 0
974, 1, 96, 324, 49, 0, 49.39%, 1, 0, 7, 423.08, 444242, 201, 1, 0
979, 1, 170, 324, 47, 0, 49.39%, 1, 0, 7, 454.58, 446537, 201, 1, 0
984, 1, 29, 324, 45, 0, 49.39%, 1, 0, 7, 448.82, 448823, 201, 1, 0
990, 2, 368, 395, 115, 0, 52.33%, 1, 0, 7, 420.27, 450968, 213, 1, 0
995, 2, 337, 395, 113, 8, 52.33%, 1, 0, 7, 432.96, 453147, 213, 1, 0
1000, 2, 334, 396, 110, 6, 52.33%, 1, 0, 7, 451.40, 455453, 213, 1, 0
1005, 2, 380, 396, 109, 5, 52.33%, 1, 0, 7, 439.75, 457615, 213, 1, 0
1010, 2, 370, 397, 108, 4, 53.56%, 1, 0, 7, 444.41, 459813, 218, 1, 0
1015, 2, 396, 397, 107, 3, 53.56%, 1, 0, 7, 428.20, 462035, 218, 1, 0
1020, 2, 325, 397, 103, 1, 53.56%, 1, 0, 7, 454.31, 464413, 218, 1, 0
1025, 2, 329, 397, 99, 0, 53.56%, 1, 0, 7, 428.51, 466625, 218, 1, 0
1030, 2, 336, 397, 97, 0, 53.56%, 1, 0, 7, 452.26, 469012, 218, 1, 0
1036, 2, 397, 398, 94, 1, 53.56%, 1, 0, 7, 464.81, 471405, 218, 1, 0
1041, 2, 361, 399, 93, 0, 53.56%, 1, 0, 7, 461.76, 473728, 218, 1, 0
1046, 2, 375, 399, 92, 0, 53.56%, 2, 0, 7, 443.73, 475976, 218, 3, 0
1051, 2, 330, 399, 90, 0, 53.56%, 2, 0, 7, 461.38, 478286, 218, 3, 0
1056, 2, 378, 399, 87, 0, 53.56%, 2, 0, 7, 463.09, 480697, 218, 3, 0
1061, 2, 387, 399, 85, 0, 53.56%, 2, 0, 7, 472.43, 483064, 218, 3, 0
1066, 2, 255, 399, 82, 0, 53.56%, 2, 0, 7, 437.52, 485232, 218, 3, 0
1071, 2, 182, 399, 79, 0, 53.56%, 2, 0, 7, 437.00, 487492, 218, 3, 0
1076, 2, 348, 399, 76, 0, 53.56%, 2, 0, 7, 429.09, 489714, 218, 3, 0
1081, 2, 155, 399, 74, 0, 53.56%, 2, 0, 7, 459.65, 492061, 218, 4, 0
1086, 2, 331, 399, 73, 0, 53.56%, 2, 0, 7, 424.59, 494164, 218, 4, 0
1091, 2, 352, 399, 70, 0, 53.56%, 2, 0, 7, 422.42, 496291, 218, 4, 0
1096, 2, 346, 399, 68, 0, 53.56%, 2, 0, 7, 441.47, 498563, 218, 4, 0
1101, 2, 28, 399, 66, 0, 53.56%, 2, 0, 7, 447.05, 500796, 218, 4, 0
1106, 2, 340, 399, 63, 0, 53.56%, 2, 0, 7, 424.23, 502924, 218, 4, 0
1112, 2, 171, 399, 61, 0, 53.56%, 2, 0, 7, 415.55, 505083, 218, 4, 0
1117, 2, 347, 399, 59, 0, 53.56%, 2, 0, 7, 460.50, 507508, 218, 4, 0
1122, 2, 342, 399, 57, 0, 53.56%, 2, 0, 7, 433.48, 509642, 218, 4, 0
1127, 2, 59, 399, 55, 0, 53.56%, 2, 0, 7, 451.32, 511982, 218, 4, 0
1132, 2, 389, 399, 53, 0, 53.56%, 2, 0, 7, 447.15, 514235, 218, 4, 0
1137, 2, 381, 399, 51, 0, 53.56%, 2, 0, 7, 466.96, 516649, 218, 4, 0
1142, 2, 333, 399, 49, 0, 53.56%, 2, 0, 7, 471.78, 519017, 218, 4, 0
1147, 2, 334, 399, 47, 0, 53.56%, 2, 0, 7, 425.67, 521115, 218, 4, 0
1152, 2, 339, 399, 46, 0, 53.56%, 3, 0, 7, 459.87, 523503, 218, 6, 0
1157, 2, 267, 399, 44, 0, 53.56%, 3, 0, 7, 449.50, 525748, 218, 6, 0
1163, 2, 311, 399, 43, 0, 53.56%, 3, 0, 7, 454.48, 528038, 218, 6, 0
1168, 2, 398, 401, 44, 0, 53.56%, 3, 0, 7, 430.91, 530251, 218, 6, 0
1173, 2, 367, 401, 43, 0, 53.56%, 3, 0, 7, 436.81, 532503, 218, 6, 0
1178, 2, 257, 401, 42, 0, 53.56%, 3, 0, 7, 457.13, 534792, 218, 6, 0
1183, 2, 106, 402, 41, 0, 53.56%, 3, 0, 7, 438.82, 537006, 218, 6, 0
1188, 2, 341, 402, 39, 0, 53.56%, 3, 0, 7, 429.56, 539195, 218, 6, 0
1193, 2, 255, 402, 37, 0, 53.56%, 3, 0, 7, 421.01, 541290, 218, 6, 0
1198, 2, 322, 402, 35, 0, 53.56%, 3, 0, 7, 422.41, 543443, 218, 6, 0
1203, 2, 364, 403, 36, 0, 53.56%, 3, 0, 7, 458.24, 545834, 218, 6, 0
1208, 2, 377, 403, 35, 0, 53.56%, 3, 0, 7, 465.96, 548172, 218, 6, 0
1213, 2, 191, 403, 34, 0, 53.56%, 3, 0, 7, 453.42, 550428, 218, 6, 0
1218, 2, 39, 403, 32, 0, 53.56%, 3, 0, 7, 451.79, 552690, 218, 6, 0
1223, 2, 257, 403, 31, 0, 53.56%, 3, 0, 7, 437.83, 554949, 218, 6, 0
1228, 2, 376, 403, 30, 0, 53.56%, 3, 0, 7, 416.61, 557081, 218, 6, 0
1233, 2, 388, 403, 29, 0, 53.56%, 3, 0, 7, 437.78, 559350, 218, 6, 0
1239, 2, 245, 403, 27, 0, 53.56%, 3, 0, 7, 446.89, 561602, 218, 6, 0
1244, 2, 49, 403, 27, 0, 53.56%, 3, 0, 7, 463.95, 563918, 218, 6, 0
1249, 2, 338, 403, 26, 0, 53.56%, 3, 0, 7, 435.16, 566099, 218, 6, 0
1254, 2, 150, 403, 24, 0, 53.56%, 3, 0, 7, 434.18, 568349, 218, 6, 0
1259, 2, 344, 403, 23, 0, 53.56%, 4, 0, 7, 430.85, 570523, 218, 7, 0
1264, 2, 311, 403, 21, 0, 53.56%, 4, 0, 7, 448.09, 572782, 218, 7, 0
1269, 2, 257, 403, 21, 0, 53.56%, 4, 0, 7, 426.11, 574928, 218, 7, 0
1274, 2, 86, 403, 20, 0, 53.56%, 4, 0, 7, 457.04, 577254, 218, 7, 0
1279, 2, 326, 403, 19, 0, 53.56%, 4, 0, 7, 449.58, 579530, 218, 7, 0
1284, 2, 379, 403, 17, 0, 53.56%, 4, 0, 7, 457.13, 581844, 218, 7, 0
1289, 3, 407, 408, 21, 1, 53.81%, 4, 0, 7, 459.97, 584203, 219, 7, 0
1294, 3, 197, 408, 19, 0, 53.81%, 4, 0, 7, 445.58, 586450, 219, 7, 0
1299, 3, 401, 408, 18, 0, 53.81%, 5, 0, 7, 448.04, 588708, 219, 11, 0
1304, 3, 351, 408, 16, 0, 53.81%, 5, 0, 7, 449.13, 590933, 219, 11, 0
1309, 3, 311, 408, 15, 0, 53.81%, 5, 0, 7, 455.26, 593216, 219, 14, 0
1314, 3, 24, 408, 14, 0, 53.81%, 5, 0, 7, 454.25, 595458, 219, 14, 0
1319, 3, 297, 408, 13, 0, 53.81%, 5, 0, 7, 435.55, 597674, 219, 16, 0
1325, 3, 103, 408, 13, 0, 53.81%, 5, 0, 7, 448.73, 599980, 219, 16, 0
1330, 3, 311, 408, 13, 0, 53.81%, 5, 0, 7, 465.45, 602349, 219, 16, 0
1335, 3, 265, 408, 13, 0, 53.81%, 5, 0, 7, 446.12, 604556, 219, 16, 0
1340, 3, 96, 408, 13, 0, 53.81%, 5, 0, 7, 424.27, 606719, 219, 20, 0
1345, 3, 257, 408, 12, 0, 53.81%, 5, 0, 7, 452.16, 609014, 219, 20, 0
1350, 3, 354, 408, 11, 0, 53.81%, 5, 0, 7, 463.66, 611306, 219, 20, 0
1355, 3, 294, 408, 10, 0, 53.81%, 5, 0, 7, 479.56, 613702, 219, 20, 0
1360, 3, 325, 408, 8, 0, 53.81%, 5, 0, 7, 444.64, 615936, 219, 20, 0
1365, 3, 31, 408, 7, 0, 53.81%, 5, 0, 7, 435.44, 618136, 219, 20, 0
1370, 3, 143, 408, 7, 0, 53.81%, 5, 0, 7, 443.78, 620481, 219, 24, 0
1375, 3, 319, 408, 7, 0, 53.81%, 5, 0, 7, 412.93, 622544, 219, 24, 0
1380, 3, 311, 408, 7, 0, 53.81%, 5, 0, 7, 431.37, 624789, 219, 24, 0
1386, 3, 405, 408, 7, 0, 53.81%, 5, 0, 7, 424.27, 626920, 219, 24, 0
1391, 3, 403, 408, 6, 0, 53.81%, 5, 0, 7, 441.21, 629200, 219, 24, 0
1396, 3, 408, 409, 5, 0, 53.81%, 5, 0, 7, 446.74, 631454, 219, 24, 0
1401, 3, 320, 409, 3, 0, 53.81%, 5, 0, 7, 450.43, 633686, 219, 24, 0
1406, 3, 49, 409, 3, 0, 53.81%, 6, 0, 7, 463.13, 636042, 219, 28, 0
1411, 3, 319, 409, 3, 0, 53.81%, 6, 0, 7, 441.85, 638260, 219, 30, 0
1416, 3, 297, 409, 3, 0, 53.81%, 6, 0, 7, 448.92, 640540, 219, 30, 0
1421, 3, 402, 409, 3, 0, 53.81%, 6, 0, 7, 455.19, 642849, 219, 30, 0
1426, 3, 44, 409, 3, 0, 53.81%, 6, 0, 7, 443.89, 645114, 219, 30, 0
1431, 3, 311, 409, 3, 0, 53.81%, 6, 0, 7, 445.20, 647334, 219, 30, 0
1436, 3, 264, 409, 3, 0, 53.81%, 6, 0, 7, 470.04, 649691, 219, 30, 0
1441, 3, 398, 409, 2, 0, 53.81%, 6, 0, 7, 460.55, 651964, 219, 33, 0
1446, 3, 272, 409, 1, 0, 53.81%, 6, 0, 7, 446.01, 654234, 219, 33, 0
1452, 4, 409, 416, 7, 1, 54.05%, 6, 0, 7, 432.35, 656405, 220, 33, 0
1457, 4, 411, 416, 6, 0, 54.05%, 6, 0, 7, 465.87, 658765, 220, 33, 0
1462, 4, 410, 418, 7, 0, 54.05%, 6, 0, 7, 452.99, 661035, 220, 34, 0
1467, 4, 412, 418, 6, 0, 54.05%, 6, 0, 7, 444.75, 663270, 220, 34, 0
1472, 4, 267, 418, 5, 0, 54.05%, 6, 0, 7, 454.01, 665571, 220, 34, 0
1477, 4, 383, 418, 5, 0, 54.05%, 6, 0, 7, 430.89, 667771, 220, 35, 0
1482, 4, 388, 419, 5, 0, 54.05%, 6, 0, 7, 430.81, 669931, 220, 35, 0
1487, 4, 205, 419, 4, 0, 54.05%, 6, 0, 7, 421.13, 672077, 220, 35, 0
1492, 4, 409, 419, 4, 0, 54.05%, 6, 0, 7, 412.66, 674177, 220, 35, 0
1497, 4, 137, 419, 3, 0, 54.05%, 6, 0, 7, 393.42, 676176, 220, 37, 0
1502, 4, 416, 419, 3, 0, 54.05%, 6, 0, 7, 399.93, 678173, 220, 37, 0
1507, 4, 398, 419, 2, 0, 54.05%, 6, 0, 7, 409.07, 680212, 220, 38, 0
1512, 4, 34, 419, 2, 0, 54.05%, 6, 0, 7, 432.74, 682451, 220, 38, 0
1517, 4, 59, 419, 2, 0, 54.05%, 6, 0, 7, 428.46, 684668, 220, 38, 0
1522, 4, 197, 419, 2, 0, 54.05%, 6, 0, 7, 473.44, 687081, 220, 40, 0
1527, 4, 402, 419, 2, 0, 54.05%, 6, 0, 7, 451.54, 689381, 220, 40, 0
1533, 4, 324, 419, 2, 0, 54.05%, 6, 0, 7, 457.18, 691687, 220, 40, 0
1538, 4, 334, 419, 2, 0, 54.05%, 6, 0, 7, 423.19, 693788, 220, 40, 0
1543, 4, 263, 419, 2, 0, 54.05%, 6, 0, 7, 415.18, 695851, 220, 40, 0
1548, 4, 59, 419, 2, 0, 54.05%, 6, 0, 7, 418.79, 697957, 220, 40, 0
1553, 4, 33, 419, 2, 0, 54.05%, 6, 0, 7, 431.52, 700149, 220, 40, 0
1558, 4, 44, 419, 1, 0, 54.05%, 6, 0, 7, 422.82, 702341, 220, 40, 0
1563, 4, 267, 419, 1, 0, 54.05%, 6, 0, 7, 471.11, 704738, 220, 40, 0
1568, 4, 183, 419, 1, 0, 54.05%, 7, 0, 7, 449.67, 706938, 220, 41, 0
1573, 4, 96, 419, 1, 0, 54.05%, 7, 0, 7, 493.20, 709448, 220, 41, 0
1578, 4, 272, 419, 1, 0, 54.05%, 7, 0, 7, 451.58, 711710, 220, 41, 0
1583, 4, 106, 419, 1, 0, 54.05%, 7, 0, 7, 448.87, 713887, 220, 41, 0
1588, 4, 272, 419, 1, 0, 54.05%, 7, 0, 7, 450.56, 716162, 220, 41, 0
1593, 4, 398, 419, 1, 0, 54.05%, 7, 0, 7, 438.89, 718352, 220, 41, 0
1598, 4, 210, 419, 1, 0, 54.05%, 7, 0, 7, 439.73, 720555, 220, 42, 0
1604, 5, 197, 419, 1, 0, 54.05%, 7, 0, 7, 442.40, 722793, 220, 42, 0
1609, 5, 257, 419, 1, 0, 54.05%, 7, 0, 7, 435.93, 725020, 220, 42, 0
1614, 5, 323, 419, 1, 0, 54.05%, 7, 0, 7, 425.72, 727227, 220, 42, 0
1619, 5, 402, 419, 1, 0, 54.05%, 7, 0, 7, 441.17, 729518, 220, 47, 0
1624, 5, 49, 419, 1, 0, 54.05%, 7, 0, 7, 485.96, 732080, 220, 49, 0
1629, 5, 197, 419, 1, 0, 54.05%, 7, 0, 7, 446.88, 734306, 220, 49, 0
1634, 5, 33, 419, 1, 0, 54.05%, 7, 0, 7, 429.79, 736475, 220, 51, 0
1639, 5, 49, 419, 1, 0, 54.05%, 7, 0, 7, 425.13, 738620, 220, 52, 0
1644, 5, 188, 419, 1, 0, 54.05%, 7, 0, 7, 453.46, 740895, 220, 52, 0
1649, 5, 334, 419, 1, 0, 54.05%, 7, 0, 7, 464.87, 743281, 220, 55, 0
1654, 5, 311, 419, 1, 0, 54.05%, 7, 0, 7, 457.29, 745555, 220, 59, 0
1659, 5, 409, 419, 1, 0, 54.05%, 7, 0, 7, 462.25, 747909, 220, 59, 0
1664, 5, 31, 419, 1, 0, 54.05%, 7, 0, 7, 469.94, 750259, 220, 59, 0
1669, 5, 311, 419, 1, 0, 54.05%, 7, 0, 7, 446.91, 752485, 220, 60, 0
1675, 5, 106, 419, 1, 0, 54.05%, 7, 0, 7, 437.60, 754780, 220, 60, 0
1680, 5, 112, 419, 1, 0, 54.05%, 7, 0, 7, 424.08, 756893, 220, 61, 0
1685, 5, 34, 419, 1, 0, 54.05%, 7, 0, 7, 448.17, 759223, 220, 61, 0
1690, 5, 137, 419, 1, 0, 54.05%, 7, 0, 7, 445.47, 761438, 220, 61, 0
1695, 5, 297, 419, 1, 0, 54.05%, 7, 0, 7, 407.63, 763418, 220, 61, 0
1700, 5, 272, 419, 1, 0, 54.05%, 7, 0, 7, 471.92, 765820, 220, 61, 0
1705, 5, 393, 419, 1, 0, 54.05%, 7, 0, 7, 461.75, 768126, 220, 61, 0
1710, 5, 276, 419, 0, 0, 54.05%, 7, 0, 7, 459.81, 770460, 220, 61, 0
1715, 5, 257, 419, 0, 0, 54.05%, 7, 0, 7, 477.61, 772819, 220, 61, 0
1720, 5, 352, 419, 0, 0, 54.05%, 7, 0, 7, 436.10, 775014, 220, 61, 0
1725, 5, 216, 419, 0, 0, 54.05%, 7, 0, 7, 433.68, 777186, 220, 61, 0
1730, 5, 44, 419, 0, 0, 54.05%, 7, 0, 7, 444.55, 779423, 220, 62, 0
1735, 5, 356, 419, 0, 0, 54.05%, 7, 0, 7, 412.02, 781533, 220, 62, 0
1740, 6, 419, 422, 3, 3, 54.79%, 7, 0, 7, 430.17, 783683, 223, 62, 0
1745, 6, 420, 422, 2, 2, 54.79%, 7, 0, 7, 418.98, 785878, 223, 62, 0
1750, 6, 420, 422, 0, 0, 54.79%, 7, 0, 7, 427.00, 788058, 223, 62, 0
1756, 6, 33, 422, 0, 0, 54.79%, 7, 0, 7, 412.43, 790128, 223, 62, 0
1761, 6, 283, 422, 0, 0, 54.79%, 7, 0, 7, 445.75, 792482, 223, 63, 0
1766, 6, 270, 422, 0, 0, 54.79%, 7, 0, 7, 442.39, 794722, 223, 63, 0
1771, 6, 272, 422, 0, 0, 54.79%, 7, 0, 7, 466.87, 797074, 223, 63, 0
1776, 6, 52, 422, 0, 0, 54.79%, 7, 0, 7, 455.39, 799359, 223, 63, 0
1781, 6, 22, 422, 0, 0, 54.79%, 7, 0, 7, 465.28, 801652, 223, 63, 0
1786, 6, 303, 422, 0, 0, 54.79%, 7, 0, 7, 470.00, 804013, 223, 65, 0
1791, 6, 197, 422, 0, 0, 54.79%, 7, 0, 7, 439.37, 806223, 223, 65, 0
1796, 6, 249, 422, 0, 0, 54.79%, 7, 0, 7, 454.90, 808597, 223, 65, 0
1801, 6, 34, 422, 0, 0, 54.79%, 7, 0, 7, 464.80, 811030, 223, 66, 0
1807, 6, 44, 422, 0, 0, 54.79%, 7, 0, 7, 467.45, 813387, 223, 66, 0
1812, 6, 303, 422, 0, 0, 54.79%, 7, 0, 7, 460.89, 815722, 223, 66, 0
1817, 6, 305, 422, 0, 0, 54.79%, 7, 0, 7, 476.25, 818113, 223, 68, 0
1822, 6, 297, 422, 0, 0, 54.79%, 7, 0, 7, 485.01, 820627, 223, 70, 0
1827, 6, 44, 422, 0, 0, 54.79%, 7, 0, 7, 467.10, 822907, 223, 70, 0
1832, 6, 272, 422, 0, 0, 54.79%, 7, 0, 7, 432.92, 825087, 223, 70, 0
1837, 6, 398, 422, 0, 0, 54.79%, 7, 0, 7, 477.88, 827601, 223, 70, 0
1842, 6, 325, 422, 0, 0, 54.79%, 7, 0, 7, 477.89, 829956, 223, 72, 0
1847, 6, 409, 422, 0, 0, 54.79%, 7, 0, 7, 474.06, 832388, 223, 72, 0
1852, 6, 419, 422, 0, 0, 54.79%, 7, 0, 7, 461.03, 834702, 223, 72, 0
1857, 6, 409, 422, 0, 0, 54.79%, 7, 0, 7, 468.56, 837081, 223, 72, 0
1863, 6, 141, 422, 0, 0, 54.79%, 7, 0, 7, 457.25, 839383, 223, 72, 0
1868, 6, 49, 422, 0, 0, 54.79%, 7, 0, 7, 449.56, 841671, 223, 72, 0
1873, 6, 44, 422, 0, 0, 54.79%, 7, 0, 7, 442.29, 843791, 223, 72, 0
1878, 6, 305, 422, 0, 0, 54.79%, 7, 0, 7, 448.23, 846026, 223, 72, 0
1883, 6, 196, 422, 0, 0, 54.79%, 7, 0, 7, 436.05, 848217, 223, 72, 0
1888, 6, 323, 422, 0, 0, 54.79%, 7, 0, 7, 455.68, 850627, 223, 72, 0
1893, 7, 52, 422, 0, 0, 54.79%, 7, 0, 7, 431.12, 852756, 223, 72, 0
1898, 7, 409, 422, 0, 0, 54.79%, 7, 0, 7, 433.38, 855008, 223, 72, 0
1903, 7, 12, 422, 0, 0, 54.79%, 7, 0, 7, 435.02, 857229, 223, 72, 0
1908, 7, 257, 422, 0, 0, 54.79%, 7, 0, 7, 433.33, 859393, 223, 72, 0
1913, 7, 27, 422, 0, 0, 54.79%, 7, 0, 7, 447.12, 861633, 223, 72, 0
1919, 7, 409, 422, 0, 0, 54.79%, 7, 0, 7, 456.89, 864037, 223, 72, 0
1924, 7, 311, 422, 0, 0, 54.79%, 7, 0, 7, 486.64, 866473, 223, 72, 0
1929, 7, 311, 422, 0, 0, 54.79%, 7, 0, 7, 473.44, 868882, 223, 72, 0
1934, 7, 34, 422, 0, 0, 54.79%, 7, 0, 7, 464.97, 871177, 223, 72, 0
1939, 7, 383, 422, 0, 0, 54.79%, 7, 0, 7, 462.49, 873543, 223, 72, 0
1944, 7, 205, 422, 0, 0, 54.79%, 7, 0, 7, 428.66, 875670, 223, 75, 0
1949, 7, 267, 422, 0, 0, 54.79%, 7, 0, 7, 457.70, 878011, 223, 75, 0
1954, 7, 311, 422, 0, 0, 54.79%, 7, 0, 7, 448.93, 880232, 223, 75, 0
1959, 7, 419, 422, 0, 0, 54.79%, 7, 0, 7, 448.14, 882528, 223, 76, 0
1964, 7, 409, 422, 0, 0, 54.79%, 7, 0, 7, 455.36, 884817, 223, 79, 0
1969, 7, 398, 422, 0, 0, 54.79%, 7, 0, 7, 473.55, 887244, 223, 79, 0
1975, 7, 311, 422, 0, 0, 54.79%, 7, 0, 7, 475.28, 889654, 223, 79, 0
1980, 7, 39, 422, 0, 0, 54.79%, 7, 0, 7, 456.66, 891899, 223, 79, 0
1985, 7, 398, 422, 0, 0, 54.79%, 7, 0, 7, 478.69, 894252, 223, 82, 0
1990, 7, 49, 422, 0, 0, 54.79%, 7, 0, 7, 456.95, 896561, 223, 82, 0
1995, 7, 59, 422, 0, 0, 54.79%, 7, 0, 7, 448.32, 898839, 223, 82, 0
2000, 7, 297, 422, 0, 0, 54.79%, 7, 0, 7, 452.81, 901195, 223, 83, 0
2005, 7, 398, 422, 0, 0, 54.79%, 7, 0, 7, 446.60, 903469, 223, 83, 0
2010, 7, 422, 423, 0, 0, 54.79%, 8, 0, 7, 430.43, 905623, 223, 84, 0
2015, 7, 257, 423, 0, 0, 54.79%, 9, 0, 7, 442.84, 907894, 223, 94, 0
2020, 7, 12, 423, 0, 0, 54.79%, 9, 0, 7, 422.06, 910003, 223, 94, 0
2025, 7, 7, 423, 0, 0, 54.79%, 9, 0, 7, 450.70, 912283, 223, 94, 0
2030, 7, 297, 423, 0, 0, 54.79%, 9, 0, 7, 461.97, 914602, 223, 94, 0
2035, 7, 49, 423, 0, 0, 54.79%, 9, 0, 7, 436.21, 916863, 223, 94, 0
2040, 8, 47, 423, 0, 0, 54.79%, 9, 0, 7, 415.08, 919032, 223, 95, 0
2046, 8, 422, 423, 0, 0, 54.79%, 9, 0, 7, 428.43, 921253, 223, 104, 0
2051, 8, 422, 423, 0, 0, 54.79%, 9, 0, 7, 433.95, 923518, 223, 114, 0
2056, 8, 197, 423, 0, 0, 54.79%, 10, 0, 7, 430.50, 925664, 223, 131, 0
2061, 8, 360, 423, 0, 0, 54.79%, 10, 0, 7, 430.70, 927895, 223, 131, 0
2066, 8, 268, 423, 0, 0, 54.79%, 10, 0, 7, 440.17, 930142, 223, 131, 0
2071, 8, 422, 423, 0, 0, 54.79%, 10, 0, 7, 441.92, 932395, 223, 142, 0
2076, 8, 44, 423, 0, 0, 54.79%, 10, 0, 7, 448.19, 934624, 223, 145, 0
2081, 8, 398, 423, 0, 0, 54.79%, 10, 0, 7, 434.18, 936824, 223, 148, 0
2086, 8, 414, 423, 0, 0, 54.79%, 10, 0, 7, 455.15, 939084, 223, 148, 0
2091, 8, 422, 423, 0, 0, 54.79%, 10, 0, 7, 437.49, 941288, 223, 149, 0
2096, 8, 49, 423, 0, 0, 54.79%, 10, 0, 7, 450.01, 943612, 223, 156, 0
2101, 8, 422, 423, 0, 0, 54.79%, 10, 0, 7, 450.38, 945866, 223, 157, 0
2106, 8, 92, 423, 0, 0, 54.79%, 11, 0, 7, 433.34, 948038, 223, 172, 0
2112, 8, 125, 423, 0, 0, 54.79%, 11, 0, 7, 429.58, 950148, 223, 172, 0
2117, 8, 59, 423, 0, 0, 54.79%, 11, 0, 7, 447.44, 952458, 223, 175, 0
2122, 8, 419, 423, 0, 0, 54.79%, 11, 0, 7, 444.26, 954720, 223, 178, 0
2127, 8, 389, 423, 0, 0, 54.79%, 11, 0, 7, 455.83, 957095, 223, 178, 0
2132, 8, 365, 423, 0, 0, 54.79%, 11, 0, 7, 435.00, 959295, 223, 178, 0
2137, 8, 52, 423, 0, 0, 54.79%, 11, 0, 7, 446.71, 961599, 223, 178, 0
2142, 8, 422, 423, 0, 0, 54.79%, 11, 0, 7, 426.31, 963733, 223, 179, 0
2147, 8, 272, 423, 0, 0, 54.79%, 11, 0, 7, 445.67, 965950, 223, 185, 0
2152, 8, 257, 423, 0, 0, 54.79%, 11, 0, 7, 412.28, 967945, 223, 185, 0
2157, 8, 257, 423, 0, 0, 54.79%, 11, 0, 7, 423.61, 970123, 223, 191, 0
2162, 8, 311, 423, 0, 0, 54.79%, 11, 0, 7, 475.95, 972630, 223, 195, 0
2168, 8, 265, 423, 0, 0, 54.79%, 11, 0, 7, 480.98, 975120, 223, 195, 0
2173, 8, 86, 423, 0, 0, 54.79%, 11, 0, 7, 460.63, 977369, 223, 214, 0
2178, 8, 422, 423, 0, 0, 54.79%, 11, 0, 7, 439.09, 979512, 223, 217, 0
2183, 8, 33, 423, 0, 0, 54.79%, 11, 0, 7, 425.97, 981628, 223, 232, 0
2188, 8, 39, 423, 0, 0, 54.79%, 11, 0, 7, 436.49, 983793, 223, 236, 0
2193, 8, 392, 423, 0, 0, 54.79%, 11, 0, 7, 428.90, 985952, 223, 236, 0
2198, 8, 120, 423, 0, 0, 54.79%, 11, 0, 7, 412.45, 987985, 223, 236, 0
2203, 9, 424, 426, 3, 1, 55.04%, 11, 0, 7, 432.02, 990210, 224, 240, 0
2208, 9, 34, 426, 2, 0, 55.04%, 11, 0, 7, 441.58, 992450, 224, 240, 0
2213, 9, 422, 426, 2, 0, 55.04%, 11, 0, 7, 440.87, 994690, 224, 240, 0
2218, 9, 425, 427, 3, 0, 55.04%, 11, 0, 7, 416.39, 996771, 224, 245, 0
2223, 9, 24, 427, 2, 0, 55.04%, 11, 0, 7, 422.58, 998867, 224, 245, 0
2228, 9, 423, 427, 2, 0, 55.04%, 11, 0, 7, 429.36, 1001020, 224, 258, 0
2233, 9, 44, 427, 1, 0, 55.04%, 11, 0, 7, 442.89, 1003200, 224, 258, 0
2238, 9, 272, 427, 1, 0, 55.04%, 11, 0, 7, 445.71, 1005509, 224, 258, 0
2243, 9, 269, 427, 1, 0, 55.04%, 11, 0, 7, 438.31, 1007709, 224, 258, 0
2248, 9, 197, 427, 1, 0, 55.04%, 11, 0, 7, 434.04, 1009813, 224, 258, 0
2253, 9, 426, 428, 2, 0, 55.04%, 11, 0, 7, 419.80, 1011878, 224, 258, 0
2258, 9, 39, 428, 0, 0, 55.04%, 11, 0, 7, 459.02, 1014214, 224, 258, 0
2264, 9, 31, 428, 0, 0, 55.04%, 11, 0, 7, 446.17, 1016494, 224, 258, 0
2269, 9, 325, 428, 0, 0, 55.04%, 11, 0, 7, 449.12, 1018773, 224, 265, 0
2274, 9, 284, 428, 0, 0, 55.04%, 11, 0, 7, 424.72, 1020915, 224, 269, 0
2279, 9, 357, 428, 0, 0, 55.04%, 11, 0, 7, 433.21, 1023130, 224, 273, 0
2284, 9, 321, 428, 0, 0, 55.04%, 11, 0, 7, 438.23, 1025318, 224, 273, 0
2289, 9, 357, 428, 0, 0, 55.04%, 11, 0, 7, 423.33, 1027455, 224, 273, 0
2294, 9, 34, 428, 0, 0, 55.04%, 11, 0, 7, 433.63, 1029630, 224, 273, 0
2299, 9, 12, 428, 0, 0, 55.04%, 11, 0, 7, 459.28, 1031906, 224, 273, 0
2304, 9, 44, 428, 0, 0, 55.04%, 11, 0, 7, 465.11, 1034348, 224, 275, 0
2309, 9, 272, 428, 0, 0, 55.04%, 11, 0, 7, 452.37, 1036688, 224, 275, 0
2314, 9, 96, 428, 0, 0, 55.04%, 11, 0, 7, 439.86, 1038886, 224, 275, 0
2320, 9, 206, 428, 0, 0, 55.04%, 11, 0, 7, 465.04, 1041279, 224, 275, 0
2325, 9, 311, 428, 0, 0, 55.04%, 11, 0, 7, 449.82, 1043538, 224, 276, 0
2330, 9, 332, 428, 0, 0, 55.04%, 11, 0, 7, 439.97, 1045729, 224, 280, 0
2335, 9, 272, 428, 0, 0, 55.04%, 11, 0, 7, 445.94, 1047952, 224, 283, 0
2340, 9, 33, 428, 0, 0, 55.04%, 11, 0, 7, 429.99, 1050101, 224, 289, 0
2345, 9, 348, 428, 0, 0, 55.04%, 11, 0, 7, 435.43, 1052364, 224, 296, 0
2350, 9, 427, 428, 0, 0, 55.04%, 11, 0, 7, 447.32, 1054644, 224, 296, 0
2355, 9, 422, 428, 0, 0, 55.04%, 11, 0, 7, 440.19, 1056800, 224, 300, 0
2360, 9, 257, 428, 0, 0, 55.04%, 11, 0, 7, 438.31, 1059061, 224, 302, 0
2365, 9, 255, 428, 0, 0, 55.04%, 11, 0, 7, 409.99, 1061123, 224, 302, 0
2370, 9, 182, 428, 0, 0, 55.04%, 11, 0, 7, 431.22, 1063397, 224, 307, 0
2376, 10, 429, 430, 2, 1, 55.04%, 11, 0, 7, 455.51, 1065736, 224, 307, 0
2381, 10, 251, 430, 1, 0, 55.04%, 11, 0, 7, 441.33, 1067947, 224, 307, 0
2386, 10, 52, 430, 1, 0, 55.04%, 11, 0, 7, 425.47, 1070091, 224, 307, 0
2391, 10, 427, 430, 1, 0, 55.04%, 11, 0, 7, 449.24, 1072349, 224, 307, 0
2396, 10, 297, 430, 1, 0, 55.04%, 11, 0, 7, 455.44, 1074689, 224, 307, 0
2401, 10, 392, 430, 1, 0, 55.04%, 11, 0, 7, 428.07, 1076876, 224, 307, 0
2406, 10, 197, 430, 0, 0, 55.04%, 11, 0, 7, 411.30, 1078903, 224, 307, 0
2411, 10, 427, 430, 0, 0, 55.04%, 11, 0, 7, 403.15, 1080892, 224, 311, 0
2416, 10, 331, 430, 0, 0, 55.04%, 11, 0, 7, 420.61, 1083030, 224, 311, 0
2421, 10, 31, 430, 0, 0, 55.04%, 11, 0, 7, 425.99, 1085160, 224, 311, 0
2426, 10, 398, 430, 0, 0, 55.04%, 11, 0, 7, 430.52, 1087325, 224, 311, 0
2431, 10, 80, 430, 0, 0, 55.04%, 11, 0, 7, 441.06, 1089550, 224, 320, 0
2436, 10, 429, 430, 0, 0, 55.04%, 11, 0, 7, 434.50, 1091758, 224, 320, 0
2441, 10, 197, 430, 0, 0, 55.04%, 11, 0, 7, 449.46, 1094053, 224, 324, 0
2447, 10, 265, 430, 0, 0, 55.04%, 11, 0, 7, 440.81, 1096270, 224, 326, 0
2452, 10, 422, 430, 0, 0, 55.04%, 11, 0, 7, 434.06, 1098433, 224, 327, 0
2457, 10, 121, 430, 0, 0, 55.04%, 11, 0, 7, 459.37, 1100729, 224, 329, 0
2462, 10, 400, 430, 0, 0, 55.04%, 11, 0, 7, 445.77, 1102978, 224, 330, 0
2467, 10, 24, 430, 0, 0, 55.04%, 11, 0, 7, 462.59, 1105419, 224, 330, 0
2472, 10, 96, 430, 0, 0, 55.04%, 11, 0, 7, 442.43, 1107590, 224, 330, 0
2477, 10, 272, 430, 0, 0, 55.04%, 11, 0, 7, 459.48, 1109905, 224, 338, 0
2482, 10, 272, 430, 0, 0, 55.04%, 11, 0, 7, 433.42, 1112080, 224, 338, 0
2487, 10, 197, 430, 0, 0, 55.04%, 11, 0, 7, 461.10, 1114383, 224, 339, 0
2492, 10, 14, 430, 0, 0, 55.04%, 11, 0, 7, 460.74, 1116705, 224, 342, 0
2497, 10, 419, 430, 0, 0, 55.04%, 11, 0, 7, 482.21, 1119125, 224, 345, 0
2502, 10, 269, 430, 0, 0, 55.04%, 11, 0, 7, 455.79, 1121377, 224, 345, 0
2507, 10, 280, 430, 0, 0, 55.04%, 11, 0, 7, 443.26, 1123627, 224, 346, 0
2512, 10, 424, 430, 0, 0, 55.04%, 11, 0, 7, 443.90, 1125867, 224, 346, 0
2517, 10, 33, 430, 0, 0, 55.04%, 11, 0, 7, 441.55, 1128117, 224, 352, 0
2522, 11, 311, 430, 0, 0, 55.04%, 11, 0, 7, 455.29, 1130407, 224, 353, 0
2528, 11, 49, 430, 0, 0, 55.04%, 11, 0, 7, 455.30, 1132645, 224, 353, 0
2533, 11, 207, 430, 0, 0, 55.04%, 11, 0, 7, 432.36, 1134810, 224, 357, 0
2538, 11, 32, 430, 0, 0, 55.04%, 11, 0, 7, 442.50, 1137026, 224, 358, 0
2543, 11, 325, 430, 0, 0, 55.04%, 11, 0, 7, 425.30, 1139219, 224, 358, 0
2548, 11, 429, 430, 0, 0, 55.04%, 11, 0, 7, 445.45, 1141447, 224, 358, 0
2553, 11, 422, 430, 0, 0, 55.04%, 11, 0, 7, 440.57, 1143652, 224, 358, 0
2558, 11, 311, 430, 0, 0, 55.04%, 11, 0, 7, 461.02, 1145928, 224, 359, 0
2563, 11, 230, 430, 0, 0, 55.04%, 11, 0, 7, 458.41, 1148227, 224, 361, 0
2568, 11, 225, 430, 0, 0, 55.04%, 11, 0, 7, 439.38, 1150387, 224, 361, 0
2573, 11, 143, 430, 0, 0, 55.04%, 11, 0, 7, 433.41, 1152566, 224, 361, 0
2578, 11, 34, 430, 0, 0, 55.04%, 11, 0, 7, 427.40, 1154716, 224, 365, 0
2583, 11, 272, 430, 0, 0, 55.04%, 11, 0, 7, 417.06, 1156866, 224, 370, 0
2588, 11, 284, 430, 0, 0, 55.04%, 11, 0, 7, 438.36, 1159058, 224, 372, 0
2593, 11, 257, 430, 0, 0, 55.04%, 11, 0, 7, 418.21, 1161122, 224, 373, 0
2598, 11, 390, 430, 0, 0, 55.04%, 11, 0, 7, 450.07, 1163434, 224, 373, 0
2603, 11, 134, 430, 0, 0, 55.04%, 11, 0, 7, 426.19, 1165554, 224, 377, 0
2609, 11, 311, 430, 0, 0, 55.04%, 11, 0, 7, 422.04, 1167720, 224, 377, 0
2614, 11, 59, 430, 0, 0, 55.04%, 11, 0, 7, 440.95, 1169948, 224, 378, 0
2619, 11, 422, 430, 0, 0, 55.04%, 11, 0, 7, 428.71, 1172114, 224, 382, 0
2624, 11, 267, 430, 0, 0, 55.04%, 11, 0, 7, 429.32, 1174334, 224, 382, 0
2629, 11, 257, 430, 0, 0, 55.04%, 11, 0, 7, 439.55, 1176568, 224, 383, 0
2634, 11, 196, 430, 0, 0, 55.04%, 11, 0, 7, 447.85, 1178849, 224, 386, 0
2639, 11, 272, 430, 0, 0, 55.04%, 11, 0, 7, 434.48, 1181016, 224, 387, 0
2644, 11, 31, 430, 0, 0, 55.04%, 11, 0, 7, 454.59, 1183316, 224, 387, 0
2649, 11, 422, 430, 0, 0, 55.04%, 11, 0, 7, 442.70, 1185571, 224, 396, 0
2654, 11, 59, 430, 0, 0, 55.04%, 11, 0, 7, 455.22, 1187905, 224, 396, 0
2659, 11, 70, 430, 0, 0, 55.04%, 11, 0, 7, 436.78, 1190107, 224, 396, 0
2664, 12, 398, 430, 0, 0, 55.04%, 11, 0, 7, 445.54, 1192342, 224, 396, 0
2669, 12, 263, 430, 0, 0, 55.04%, 11, 0, 7, 435.28, 1194536, 224, 398, 0
2675, 12, 311, 430, 0, 0, 55.04%, 11, 0, 7, 454.36, 1196829, 224, 399, 0
2680, 12, 49, 430, 0, 0, 55.04%, 11, 0, 7, 457.68, 1199103, 224, 399, 0
2685, 12, 96, 430, 0, 0, 55.04%, 11, 0, 7, 442.02, 1201304, 224, 399, 0
2690, 12, 272, 430, 0, 0, 55.04%, 11, 0, 7, 452.17, 1203539, 224, 400, 0
2695, 12, 319, 430, 0, 0, 55.04%, 11, 0, 7, 462.44, 1205859, 224, 400, 0
2700, 12, 420, 430, 0, 0, 55.04%, 11, 0, 7, 448.22, 1208121, 224, 400, 0
2705, 12, 44, 430, 0, 0, 55.04%, 11, 0, 7, 446.50, 1210363, 224, 404, 0
2710, 12, 143, 430, 0, 0, 55.04%, 11, 0, 7, 470.19, 1212862, 224, 406, 0
2715, 12, 419, 430, 0, 0, 55.04%, 11, 0, 7, 441.96, 1215081, 224, 409, 0
2720, 12, 59, 430, 0, 0, 55.04%, 11, 0, 7, 435.80, 1217272, 224, 409, 0
2725, 12, 297, 430, 0, 0, 55.04%, 11, 0, 7, 412.91, 1219345, 224, 409, 0
2730, 12, 419, 430, 0, 0, 55.04%, 11, 0, 7, 427.24, 1221550, 224, 416, 0
2735, 12, 272, 430, 0, 0, 55.04%, 11, 0, 7, 421.94, 1223730, 224, 422, 0
2740, 12, 260, 430, 0, 0, 55.04%, 11, 0, 7, 421.22, 1225913, 224, 424, 0
2745, 12, 31, 430, 0, 0, 55.04%, 11, 0, 7, 443.54, 1228185, 224, 424, 0
2750, 12, 52, 430, 0, 0, 55.04%, 11, 0, 7, 439.48, 1230392, 224, 424, 0
2756, 12, 398, 430, 0, 0, 55.04%, 11, 0, 7, 447.39, 1232654, 224, 424, 0
2761, 12, 408, 430, 0, 0, 55.04%, 11, 0, 7, 440.19, 1234818, 224, 425, 0
2766, 12, 27, 430, 0, 0, 55.04%, 11, 0, 7, 443.17, 1237035, 224, 430, 0
2771, 12, 52, 430, 0, 0, 55.04%, 11, 0, 7, 450.95, 1239377, 224, 430, 0
2776, 12, 40, 430, 0, 0, 55.04%, 11, 0, 7, 452.45, 1241678, 224, 432, 0
2781, 12, 429, 430, 0, 0, 55.04%, 11, 0, 7, 455.45, 1243950, 224, 433, 0
2786, 12, 320, 430, 0, 0, 55.04%, 11, 0, 7, 442.61, 1246217, 224, 433, 0
2791, 12, 104, 430, 0, 0, 55.04%, 11, 0, 7, 462.39, 1248580, 224, 436, 0
2796, 12, 419, 430, 0, 0, 55.04%, 11, 0, 7, 414.81, 1250622, 224, 436, 0
2801, 12, 147, 430, 0, 0, 55.04%, 11, 0, 7, 426.09, 1252793, 224, 440, 0
2806, 13, 257, 430, 0, 0, 55.04%, 11, 0, 7, 441.14, 1255023, 224, 441, 0
2811, 13, 311, 430, 0, 0, 55.04%, 11, 0, 7, 439.18, 1257288, 224, 441, 0
2816, 13, 398, 430, 0, 0, 55.04%, 11, 0, 7, 430.29, 1259445, 224, 441, 0
2821, 13, 183, 430, 0, 0, 55.04%, 11, 0, 7, 423.77, 1261549, 224, 448, 0
2826, 13, 325, 430, 0, 0, 55.04%, 11, 0, 7, 419.83, 1263731, 224, 448, 0
2831, 13, 420, 430, 0, 0, 55.04%, 11, 0, 7, 454.29, 1266008, 224, 457, 0
2836, 13, 23, 430, 0, 0, 55.04%, 11, 0, 7, 443.34, 1268262, 224, 463, 0
2842, 13, 112, 430, 0, 0, 55.04%, 11, 0, 7, 417.52, 1270381, 224, 464, 0
2847, 13, 257, 430, 0, 0, 55.04%, 11, 0, 7, 451.53, 1272736, 224, 464, 0
2852, 13, 370, 430, 0, 0, 55.04%, 11, 0, 7, 457.60, 1274995, 224, 469, 0
2857, 13, 52, 430, 0, 0, 55.04%, 11, 0, 7, 430.90, 1277161, 224, 472, 0
2862, 13, 325, 430, 0, 0, 55.04%, 11, 0, 7, 437.73, 1279363, 224, 472, 0
2867, 13, 52, 430, 0, 0, 55.04%, 11, 0, 7, 477.51, 1281857, 224, 472, 0
2872, 13, 370, 430, 0, 0, 55.04%, 11, 0, 7, 482.68, 1284267, 224, 475, 0
2877, 13, 357, 430, 0, 0, 55.04%, 11, 0, 7, 432.59, 1286405, 224, 478, 0
2882, 13, 420, 430, 0, 0, 55.04%, 11, 0, 7, 437.92, 1288658, 224, 484, 0
2887, 13, 429, 430, 0, 0, 55.04%, 11, 0, 7, 434.45, 1290822, 224, 486, 0
2892, 13, 24, 430, 0, 0, 55.04%, 11, 0, 7, 437.19, 1293022, 224, 486, 0
2897, 13, 419, 430, 0, 0, 55.04%, 11, 0, 7, 418.87, 1295117, 224, 486, 0
2902, 13, 96, 430, 0, 0, 55.04%, 11, 0, 7, 453.77, 1297427, 224, 486, 0
2907, 13, 231, 430, 0, 0, 55.04%, 11, 0, 7, 461.63, 1299678, 224, 486, 0
2912, 13, 40, 430, 0, 0, 55.04%, 11, 0, 7, 463.64, 1302068, 224, 486, 0
2918, 13, 3, 430, 0, 0, 55.04%, 11, 0, 7, 446.04, 1304312, 224, 486, 0
2923, 13, 12, 430, 0, 0, 55.04%, 11, 0, 7, 425.44, 1306393, 224, 486, 0
2928, 13, 383, 430, 0, 0, 55.04%, 11, 0, 7, 412.51, 1308536, 224, 488, 0
2933, 13, 96, 430, 0, 0, 55.04%, 11, 0, 7, 449.60, 1310865, 224, 488, 0
2938, 13, 297, 430, 0, 0, 55.04%, 11, 0, 7, 440.16, 1313064, 224, 488, 0
2943, 14, 141, 430, 0, 0, 55.04%, 11, 0, 7, 437.73, 1315250, 224, 489, 0
2948, 14, 265, 430, 0, 0, 55.04%, 11, 0, 7, 455.97, 1317633, 224, 489, 0
2953, 14, 329, 430, 0, 0, 55.04%, 11, 0, 7, 455.14, 1319912, 224, 491, 0
2958, 14, 422, 430, 0, 0, 55.04%, 11, 0, 7, 433.16, 1322088, 224, 497, 0
2963, 14, 419, 430, 0, 0, 55.04%, 11, 0, 7, 421.74, 1324182, 224, 497, 0
2968, 14, 325, 430, 0, 0, 55.04%, 11, 0, 7, 423.92, 1326441, 224, 498, 0
2973, 14, 33, 430, 0, 0, 55.04%, 11, 0, 7, 420.56, 1328552, 224, 501, 0
2979, 14, 299, 430, 0, 0, 55.04%, 11, 0, 7, 436.01, 1330763, 224, 501, 0
2984, 14, 59, 430, 0, 0, 55.04%, 11, 0, 7, 438.68, 1332985, 224, 501, 0
2989, 14, 134, 430, 0, 0, 55.04%, 11, 0, 7, 427.47, 1335165, 224, 503, 0
2994, 14, 398, 430, 0, 0, 55.04%, 11, 0, 7, 443.40, 1337443, 224, 503, 0
2999, 14, 42, 430, 0, 0, 55.04%, 11, 0, 7, 435.40, 1339571, 224, 510, 0
3004, 14, 115, 430, 0, 0, 55.04%, 11, 0, 7, 453.32, 1341855, 224, 511, 0
3009, 14, 427, 430, 0, 0, 55.04%, 11, 0, 7, 452.79, 1344060, 224, 517, 0
3014, 14, 429, 430, 0, 0, 55.04%, 11, 0, 7, 456.32, 1346303, 224, 517, 0
3019, 14, 427, 430, 0, 0, 55.04%, 11, 0, 7, 449.72, 1348599, 224, 519, 0
3024, 14, 272, 430, 0, 0, 55.04%, 11, 0, 7, 433.28, 1350740, 224, 519, 0
3029, 14, 422, 430, 0, 0, 55.04%, 11, 0, 7, 439.49, 1352932, 224, 523, 0
3034, 14, 141, 430, 0, 0, 55.04%, 11, 0, 7, 423.90, 1355084, 224, 523, 0
3039, 14, 319, 430, 0, 0, 55.04%, 11, 0, 7, 414.22, 1357173, 224, 523, 0
3044, 14, 196, 430, 0, 0, 55.04%, 11, 0, 7, 440.75, 1359389, 224, 523, 0
3049, 14, 106, 430, 0, 0, 55.04%, 11, 0, 7, 439.08, 1361585, 224, 523, 0
3054, 14, 257, 430, 0, 0, 55.04%, 11, 0, 7, 461.30, 1363883, 224, 523, 0
3059, 14, 427, 430, 0, 0, 55.04%, 11, 0, 7, 448.01, 1366083, 224, 523, 0
3064, 14, 197, 430, 0, 0, 55.04%, 11, 0, 7, 434.00, 1368240, 224, 523, 0
3069, 14, 44, 430, 0, 0, 55.04%, 11, 0, 7, 445.07, 1370478, 224, 525, 0
3075, 14, 371, 430, 0, 0, 55.04%, 11, 0, 7, 415.65, 1372511, 224, 525, 0
3080, 14, 106, 430, 0, 0, 55.04%, 11, 0, 7, 437.56, 1374737, 224, 525, 0
3085, 14, 272, 430, 0, 0, 55.04%, 11, 0, 7, 457.15, 1377073, 224, 525, 0
3090, 14, 297, 430, 0, 0, 55.04%, 11, 0, 7, 439.64, 1379285, 224, 531, 0
3095, 15, 49, 431, 1, 0, 55.04%, 11, 0, 7, 451.48, 1381498, 224, 531, 0
3100, 15, 323, 431, 1, 0, 55.04%, 11, 0, 7, 440.96, 1383718, 224, 531, 0
3105, 15, 164, 431, 1, 0, 55.04%, 11, 0, 7, 439.96, 1385882, 224, 532, 0
3110, 15, 389, 431, 1, 0, 55.04%, 11, 0, 7, 447.21, 1388077, 224, 532, 0
3115, 15, 392, 431, 1, 0, 55.04%, 11, 0, 7, 426.09, 1390258, 224, 532, 0
3120, 15, 52, 431, 1, 0, 55.04%, 11, 0, 7, 420.88, 1392380, 224, 532, 0
3125, 15, 272, 431, 1, 0, 55.04%, 11, 0, 7, 447.96, 1394691, 224, 535, 0
3130, 15, 107, 431, 1, 0, 55.04%, 11, 0, 7, 464.29, 1396972, 224, 535, 0
3135, 15, 319, 431, 1, 0, 55.04%, 11, 0, 7, 464.14, 1399349, 224, 535, 0
3140, 15, 398, 431, 1, 0, 55.04%, 11, 0, 7, 402.41, 1401316, 224, 535, 0
3145, 15, 427, 431, 1, 0, 55.04%, 11, 0, 7, 432.90, 1403533, 224, 535, 0
3150, 15, 430, 431, 1, 0, 55.04%, 11, 0, 7, 421.33, 1405650, 224, 538, 0
3155, 15, 257, 431, 0, 0, 55.04%, 11, 0, 7, 444.72, 1407888, 224, 540, 0
3160, 15, 311, 431, 0, 0, 55.04%, 11, 0, 7, 450.03, 1410231, 224, 540, 0
3166, 15, 422, 431, 0, 0, 55.04%, 11, 0, 7, 436.48, 1412415, 224, 543, 0
3171, 15, 206, 431, 0, 0, 55.04%, 11, 0, 7, 439.24, 1414644, 224, 544, 0
3176, 15, 319, 431, 0, 0, 55.04%, 11, 0, 7, 425.32, 1416785, 224, 544, 0
3181, 15, 49, 431, 0, 0, 55.04%, 11, 0, 7, 421.04, 1418939, 224, 544, 0
3186, 15, 422, 431, 0, 0, 55.04%, 11, 0, 7, 433.35, 1421150, 224, 544, 0
3191, 15, 48, 431, 0, 0, 55.04%, 11, 0, 7, 430.81, 1423372, 224, 549, 0
3196, 15, 59, 431, 0, 0, 55.04%, 11, 0, 7, 428.75, 1425499, 224, 549, 0
3201, 15, 237, 431, 0, 0, 55.04%, 11, 0, 7, 433.25, 1427687, 224, 553, 0
3206, 15, 429, 431, 0, 0, 55.04%, 11, 0, 7, 400.39, 1429696, 224, 553, 0
3211, 15, 322, 431, 0, 0, 55.04%, 11, 0, 7, 385.00, 1431626, 224, 553, 0
3216, 15, 13, 431, 0, 0, 55.04%, 11, 0, 7, 360.83, 1433477, 224, 553, 0
3221, 15, 297, 431, 0, 0, 55.04%, 11, 0, 7, 370.22, 1435348, 224, 553, 0
3226, 15, 31, 431, 0, 0, 55.04%, 11, 0, 7, 380.85, 1437255, 224, 553, 0
3232, 15, 311, 431, 0, 0, 55.04%, 11, 0, 7, 378.14, 1439218, 224, 553, 0
3237, 16, 44, 431, 0, 0, 55.04%, 11, 0, 7, 381.88, 1441149, 224, 553, 0
3242, 16, 196, 431, 0, 0, 55.04%, 11, 0, 7, 373.97, 1443114, 224, 553, 0
3247, 16, 33, 431, 0, 0, 55.04%, 11, 0, 7, 363.66, 1444925, 224, 555, 0
3252, 16, 16, 431, 0, 0, 55.04%, 11, 0, 7, 331.84, 1446589, 224, 555, 0
3257, 16, 3, 431, 0, 0, 55.04%, 11, 0, 7, 347.25, 1448340, 224, 555, 0
3262, 16, 427, 431, 0, 0, 55.04%, 11, 0, 7, 348.76, 1450108, 224, 555, 0
3267, 16, 272, 431, 0, 0, 55.04%, 11, 0, 7, 318.36, 1451647, 224, 555, 0
3272, 16, 163, 431, 0, 0, 55.04%, 11, 0, 7, 328.27, 1453380, 224, 556, 0
3277, 16, 369, 431, 0, 0, 55.04%, 11, 0, 7, 354.50, 1455201, 224, 556, 0
3282, 16, 319, 431, 0, 0, 55.04%, 11, 0, 7, 382.90, 1457216, 224, 560, 0
3287, 16, 40, 431, 0, 0, 55.04%, 11, 0, 7, 410.93, 1459324, 224, 560, 0
3292, 16, 197, 431, 0, 0, 55.04%, 11, 0, 7, 421.20, 1461537, 224, 560, 0
3297, 16, 422, 431, 0, 0, 55.04%, 11, 0, 7, 425.99, 1463699, 224, 561, 0
3303, 16, 311, 431, 0, 0, 55.04%, 11, 0, 7, 449.36, 1465960, 224, 567, 0
3308, 16, 197, 431, 0, 0, 55.04%, 11, 0, 7, 440.39, 1468197, 224, 567, 0
3313, 16, 311, 431, 0, 0, 55.04%, 11, 0, 7, 424.78, 1470354, 224, 567, 0
3318, 16, 196, 431, 0, 0, 55.04%, 11, 0, 7, 419.85, 1472477, 224, 567, 0
3323, 16, 351, 431, 0, 0, 55.04%, 11, 0, 7, 440.83, 1474734, 224, 567, 0
3328, 16, 419, 431, 0, 0, 55.04%, 11, 0, 7, 448.53, 1477108, 224, 567, 0
3333, 16, 104, 431, 0, 0, 55.04%, 11, 0, 7, 435.03, 1479247, 224, 567, 0
3338, 16, 429, 431, 0, 0, 55.04%, 11, 0, 7, 443.67, 1481537, 224, 567, 0
3343, 16, 170, 431, 0, 0, 55.04%, 11, 0, 7, 411.60, 1483622, 224, 567, 0
3348, 16, 311, 431, 0, 0, 55.04%, 11, 0, 7, 429.18, 1485821, 224, 568, 0
3353, 16, 289, 431, 0, 0, 55.04%, 11, 0, 7, 418.08, 1487930, 224, 568, 0
3358, 16, 44, 431, 0, 0, 55.04%, 11, 0, 7, 450.85, 1490209, 224, 569, 0
3363, 16, 263, 431, 0, 0, 55.04%, 11, 0, 7, 416.24, 1492290, 224, 569, 0
3369, 16, 310, 431, 0, 0, 55.04%, 11, 0, 7, 418.35, 1494432, 224, 570, 0
3374, 16, 120, 431, 0, 0, 55.04%, 11, 0, 7, 425.53, 1496602, 224, 573, 0
3379, 16, 311, 431, 0, 0, 55.04%, 11, 0, 7, 443.21, 1498830, 224, 573, 0
3384, 16, 265, 431, 0, 0, 55.04%, 11, 0, 7, 435.17, 1501028, 224, 573, 0
3389, 17, 44, 431, 0, 0, 55.04%, 11, 0, 7, 453.33, 1503318, 224, 575, 0
3394, 17, 311, 431, 0, 0, 55.04%, 11, 0, 7, 415.42, 1505456, 224, 578, 0
3399, 17, 370, 431, 0, 0, 55.04%, 11, 0, 7, 431.12, 1507625, 224, 579, 0
3404, 17, 422, 431, 0, 0, 55.04%, 11, 0, 7, 423.41, 1509748, 224, 580, 0
3409, 17, 319, 431, 0, 0, 55.04%, 11, 0, 7, 435.25, 1511980, 224, 589, 0
3414, 17, 422, 431, 0, 0, 55.04%, 11, 0, 7, 435.98, 1514216, 224, 597, 0
3419, 17, 422, 431, 0, 0, 55.04%, 11, 0, 7, 437.14, 1516430, 224, 603, 0
3424, 17, 275, 431, 0, 0, 55.04%, 11, 0, 7, 428.36, 1518567, 224, 604, 0
3429, 17, 103, 431, 0, 0, 55.04%, 11, 0, 7, 460.60, 1520885, 224, 604, 0
3434, 17, 311, 431, 0, 0, 55.04%, 11, 0, 7, 452.09, 1523181, 224, 604, 0
3439, 17, 257, 431, 0, 0, 55.04%, 11, 0, 7, 439.18, 1525360, 224, 604, 0
3444, 17, 311, 431, 0, 0, 55.04%, 11, 0, 7, 439.72, 1527536, 224, 606, 0
3450, 17, 419, 431, 0, 0, 55.04%, 11, 0, 7, 432.94, 1529754, 224, 606, 0
3455, 17, 17, 431, 0, 0, 55.04%, 11, 0, 7, 455.63, 1532122, 224, 606, 0
3460, 17, 208, 431, 0, 0, 55.04%, 11, 0, 7, 446.68, 1534379, 224, 608, 0
3465, 17, 419, 431, 0, 0, 55.04%, 11, 0, 7, 450.06, 1536643, 224, 610, 0
3470, 17, 40, 431, 0, 0, 55.04%, 11, 0, 7, 463.02, 1538926, 224, 611, 0
3475, 17, 297, 431, 0, 0, 55.04%, 11, 0, 7, 435.25, 1541110, 224, 611, 0
3480, 17, 297, 431, 0, 0, 55.04%, 11, 0, 7, 432.41, 1543356, 224, 613, 0
3485, 17, 422, 431, 0, 0, 55.04%, 11, 0, 7, 450.51, 1545655, 224, 614, 0
3490, 17, 334, 431, 0, 0, 55.04%, 11, 0, 7, 441.28, 1547895, 224, 616, 0
3495, 17, 334, 431, 0, 0, 55.04%, 11, 0, 7, 419.92, 1550009, 224, 616, 0
3500, 17, 413, 431, 0, 0, 55.04%, 11, 0, 7, 440.24, 1552285, 224, 616, 0
3505, 17, 197, 431, 0, 0, 55.04%, 11, 0, 7, 424.19, 1554430, 224, 616, 0
3510, 17, 99, 431, 0, 0, 55.04%, 11, 0, 7, 417.93, 1556560, 224, 619, 0
3515, 17, 96, 431, 0, 0, 55.04%, 11, 0, 7, 393.60, 1558430, 224, 619, 0
3520, 18, 311, 431, 0, 0, 55.04%, 11, 0, 7, 375.11, 1560282, 224, 619, 0
3525, 18, 272, 431, 0, 0, 55.04%, 11, 0, 7, 342.22, 1562001, 224, 619, 0
3531, 18, 265, 431, 0, 0, 55.04%, 11, 0, 7, 318.63, 1563574, 224, 619, 0
3536, 18, 139, 431, 0, 0, 55.04%, 11, 0, 7, 339.73, 1565289, 224, 622, 0
3541, 18, 257, 431, 0, 0, 55.04%, 11, 0, 7, 332.15, 1566913, 224, 622, 0
3546, 18, 311, 431, 0, 0, 55.04%, 11, 0, 7, 319.74, 1568568, 224, 624, 0
3551, 18, 272, 431, 0, 0, 55.04%, 11, 0, 7, 266.96, 1569958, 224, 624, 0
3556, 18, 11, 431, 0, 0, 55.04%, 11, 0, 7, 274.20, 1571335, 224, 625, 0
3561, 18, 383, 431, 0, 0, 55.04%, 11, 0, 7, 319.28, 1572935, 224, 625, 0
3566, 18, 196, 431, 0, 0, 55.04%, 11, 0, 7, 375.73, 1574918, 224, 628, 0
3571, 18, 80, 431, 0, 0, 55.04%, 11, 0, 7, 409.65, 1577069, 224, 628, 0
3576, 18, 311, 431, 0, 0, 55.04%, 11, 0, 7, 433.81, 1579327, 224, 640, 0
3581, 18, 141, 431, 0, 0, 55.04%, 11, 0, 7, 435.54, 1581567, 224, 645, 0
3587, 18, 291, 431, 0, 0, 55.04%, 11, 0, 7, 1.88, 1582225, 224, 645, 0
3592, 18, 291, 431, 0, 0, 55.04%, 11, 0, 7, 10.87, 1582249, 224, 645, 0
3597, 18, 311, 431, 0, 0, 55.04%, 11, 0, 7, 104.19, 1582708, 224, 645, 0
3600, 18, 257, 431, 0, 0, 55.04%, 11, 0, 7, 112.17, 1583145, 224, 645, 0
