# relative_time, cycles_done, cur_item, corpus_count, pending_total, pending_favs, map_size, saved_crashes, saved_hangs, max_depth, execs_per_sec, total_execs, edges_found, total_crashes, servers_count
60, 0, 73, 92, 78, 23, 40.05%, 0, 0, 3, 433.89, 27057, 163, 0, 0
65, 0, 73, 92, 78, 23, 40.05%, 0, 0, 3, 447.83, 29307, 163, 0, 0
71, 0, 73, 92, 78, 23, 40.05%, 0, 0, 3, 440.11, 31529, 163, 0, 0
76, 0, 73, 92, 78, 23, 40.05%, 0, 0, 3, 421.85, 33642, 163, 0, 0
81, 0, 73, 92, 78, 23, 40.05%, 0, 0, 3, 422.16, 35810, 163, 0, 0
86, 0, 73, 94, 80, 23, 40.05%, 0, 0, 3, 454.56, 38178, 163, 0, 0
91, 0, 73, 95, 81, 23, 40.05%, 0, 0, 3, 429.63, 40271, 163, 0, 0
96, 0, 73, 96, 82, 23, 40.05%, 0, 0, 3, 458.58, 42590, 163, 0, 0
101, 0, 73, 96, 82, 23, 40.05%, 0, 0, 3, 420.80, 44670, 163, 0, 0
106, 0, 73, 96, 82, 23, 40.05%, 0, 0, 3, 429.24, 46846, 163, 0, 0
111, 0, 73, 96, 82, 23, 40.05%, 0, 0, 3, 422.47, 48910, 163, 0, 0
116, 0, 73, 96, 82, 23, 40.05%, 0, 0, 3, 412.36, 51022, 163, 0, 0
121, 0, 73, 96, 82, 23, 40.05%, 0, 0, 3, 449.57, 53246, 163, 0, 0
127, 0, 73, 96, 82, 23, 40.05%, 0, 0, 3, 428.74, 55326, 163, 0, 0
132, 0, 73, 96, 82, 23, 40.05%, 0, 0, 3, 437.88, 57526, 163, 0, 0
137, 0, 73, 96, 82, 23, 40.05%, 0, 0, 3, 443.45, 59750, 163, 0, 0
142, 0, 73, 96, 82, 23, 40.05%, 0, 0, 3, 440.22, 61918, 163, 0, 0
147, 0, 73, 96, 82, 23, 40.05%, 0, 0, 3, 413.92, 63966, 163, 0, 0
152, 0, 73, 96, 82, 23, 40.05%, 0, 0, 3, 401.65, 65974, 163, 0, 0
157, 0, 73, 96, 82, 23, 40.05%, 0, 0, 3, 439.60, 68222, 163, 0, 0
162, 0, 73, 96, 82, 23, 40.05%, 0, 0, 3, 441.91, 70470, 163, 0, 0
167, 0, 73, 96, 82, 23, 40.05%, 0, 0, 3, 450.23, 72734, 163, 0, 0
172, 0, 84, 96, 81, 28, 40.05%, 0, 0, 3, 438.87, 74926, 163, 0, 0
178, 0, 63, 110, 94, 27, 41.28%, 0, 0, 3, 459.65, 77247, 168, 0, 0
183, 0, 63, 122, 106, 27, 41.28%, 0, 0, 3, 445.81, 79566, 168, 0, 0
188, 0, 63, 133, 117, 27, 41.28%, 0, 0, 3, 440.28, 81827, 168, 0, 0
193, 0, 63, 136, 120, 27, 41.28%, 0, 0, 3, 445.87, 84128, 168, 0, 0
198, 0, 63, 138, 122, 27, 41.28%, 0, 0, 3, 434.41, 86334, 168, 0, 0
203, 0, 63, 143, 127, 27, 41.28%, 0, 0, 3, 409.49, 88425, 168, 0, 0
208, 0, 63, 147, 131, 27, 41.28%, 0, 0, 3, 438.04, 90645, 168, 0, 0
213, 0, 63, 148, 132, 27, 41.28%, 0, 0, 3, 450.30, 92804, 168, 0, 0
218, 0, 63, 149, 133, 27, 41.28%, 0, 0, 3, 450.60, 95067, 168, 0, 0
223, 0, 63, 152, 136, 27, 41.28%, 0, 0, 3, 427.01, 97224, 168, 0, 0
229, 0, 63, 156, 140, 27, 42.26%, 0, 0, 3, 454.71, 99548, 172, 0, 0
234, 0, 63, 157, 141, 27, 42.26%, 0, 0, 3, 416.60, 101605, 172, 0, 0
239, 0, 63, 157, 141, 27, 42.26%, 0, 0, 3, 413.21, 103709, 172, 0, 0
244, 0, 63, 157, 141, 27, 42.26%, 0, 0, 3, 429.50, 105966, 172, 0, 0
249, 0, 63, 159, 143, 27, 42.26%, 0, 0, 3, 470.46, 108454, 172, 0, 0
254, 0, 63, 159, 143, 27, 42.26%, 0, 0, 3, 423.31, 110516, 172, 0, 0
259, 0, 63, 161, 145, 27, 42.26%, 0, 0, 3, 445.76, 112770, 172, 0, 0
264, 0, 63, 161, 145, 27, 42.26%, 0, 0, 3, 436.56, 114954, 172, 0, 0
269, 0, 17, 162, 144, 29, 42.51%, 0, 0, 3, 426.26, 117156, 173, 0, 0
274, 0, 79, 162, 142, 28, 42.51%, 0, 0, 3, 413.93, 119277, 173, 0, 0
279, 0, 94, 163, 141, 26, 42.51%, 0, 0, 4, 428.01, 121455, 173, 0, 0
285, 0, 81, 172, 148, 25, 42.51%, 0, 0, 4, 413.39, 123539, 173, 0, 0
290, 0, 69, 173, 147, 22, 42.51%, 0, 0, 4, 416.87, 125694, 173, 0, 0
295, 0, 31, 176, 148, 21, 44.72%, 0, 0, 4, 440.93, 128021, 182, 0, 0
300, 0, 31, 182, 154, 21, 44.96%, 0, 0, 4, 427.48, 130151, 183, 0, 0
305, 0, 31, 184, 156, 21, 44.96%, 0, 0, 4, 430.67, 132334, 183, 0, 0
310, 0, 31, 187, 159, 21, 44.96%, 0, 0, 4, 448.09, 134555, 183, 0, 0
315, 0, 31, 187, 159, 21, 44.96%, 0, 0, 4, 421.23, 136627, 183, 0, 0
320, 0, 31, 189, 161, 21, 44.96%, 0, 0, 4, 435.46, 138929, 183, 0, 0
325, 0, 31, 189, 161, 21, 44.96%, 0, 0, 4, 477.79, 141374, 183, 0, 0
330, 0, 31, 189, 161, 21, 44.96%, 0, 0, 4, 430.03, 143545, 183, 0, 0
335, 0, 31, 189, 161, 21, 44.96%, 0, 0, 4, 437.01, 145841, 183, 0, 0
341, 0, 31, 189, 161, 21, 44.96%, 0, 0, 4, 435.80, 148105, 183, 0, 0
346, 0, 31, 190, 162, 21, 44.96%, 0, 0, 4, 406.35, 150136, 183, 0, 0
351, 0, 31, 190, 162, 21, 44.96%, 0, 0, 4, 410.64, 152184, 183, 0, 0
356, 0, 31, 190, 162, 21, 44.96%, 0, 0, 4, 415.78, 154328, 183, 0, 0
361, 0, 31, 190, 162, 21, 44.96%, 0, 0, 4, 444.56, 156688, 183, 0, 0
366, 0, 173, 206, 177, 22, 44.96%, 0, 0, 4, 447.05, 158903, 183, 0, 0
371, 0, 78, 208, 177, 21, 44.96%, 0, 0, 4, 417.55, 160958, 183, 0, 0
376, 0, 211, 214, 181, 22, 47.17%, 0, 0, 4, 411.13, 163078, 192, 0, 0
381, 0, 210, 215, 178, 18, 47.17%, 0, 0, 5, 415.26, 165218, 192, 0, 0
386, 0, 210, 228, 191, 18, 47.91%, 1, 0, 5, 415.51, 167203, 195, 1, 0
392, 0, 210, 232, 195, 18, 47.91%, 1, 0, 5, 432.91, 169440, 195, 1, 0
397, 0, 210, 235, 198, 18, 47.91%, 1, 0, 5, 486.84, 172027, 195, 1, 0
402, 0, 210, 237, 200, 18, 47.91%, 1, 0, 5, 443.11, 174179, 195, 1, 0
407, 0, 210, 239, 202, 18, 47.91%, 1, 0, 5, 405.11, 176225, 195, 1, 0
412, 0, 210, 239, 202, 18, 47.91%, 1, 0, 5, 444.03, 178441, 195, 1, 0
417, 0, 210, 240, 203, 18, 47.91%, 1, 0, 5, 484.66, 180901, 195, 1, 0
422, 0, 210, 240, 203, 18, 47.91%, 1, 0, 5, 438.24, 183041, 195, 1, 0
427, 0, 210, 240, 203, 18, 47.91%, 1, 0, 5, 434.60, 185241, 195, 1, 0
432, 0, 210, 240, 203, 18, 47.91%, 1, 0, 5, 423.84, 187393, 195, 1, 0
437, 0, 210, 240, 203, 18, 47.91%, 1, 0, 5, 481.35, 189784, 195, 1, 0
442, 0, 210, 241, 204, 18, 47.91%, 1, 0, 5, 438.82, 191944, 195, 1, 0
447, 0, 210, 241, 204, 18, 47.91%, 1, 0, 5, 426.44, 194112, 195, 1, 0
452, 0, 225, 244, 206, 17, 47.91%, 1, 0, 5, 424.83, 196263, 195, 1, 0
457, 0, 18, 244, 204, 15, 47.91%, 1, 0, 5, 424.54, 198462, 195, 1, 0
462, 0, 254, 259, 218, 19, 55.53%, 1, 0, 5, 439.47, 200639, 226, 1, 0
468, 0, 266, 267, 224, 20, 55.77%, 1, 0, 5, 452.20, 202932, 227, 1, 0
473, 0, 65, 270, 226, 19, 55.77%, 1, 0, 5, 447.34, 205167, 227, 1, 0
478, 0, 252, 270, 224, 16, 55.77%, 1, 0, 5, 439.90, 207375, 227, 1, 0
483, 0, 245, 273, 225, 14, 55.77%, 1, 0, 5, 442.23, 209587, 227, 1, 0
488, 0, 274, 307, 258, 14, 55.77%, 1, 0, 5, 429.43, 211747, 227, 1, 0
493, 0, 257, 307, 256, 12, 55.77%, 1, 0, 5, 425.60, 213869, 227, 1, 0
498, 0, 132, 308, 255, 10, 55.77%, 1, 0, 5, 440.01, 216134, 227, 1, 0
503, 0, 37, 308, 253, 8, 55.77%, 1, 0, 5, 454.54, 218432, 227, 1, 0
508, 0, 37, 310, 255, 8, 55.77%, 1, 0, 5, 419.87, 220546, 227, 1, 0
513, 0, 37, 310, 255, 8, 55.77%, 1, 0, 5, 425.21, 222730, 227, 1, 0
518, 0, 37, 310, 255, 8, 55.77%, 1, 0, 5, 412.22, 224826, 227, 1, 0
523, 0, 37, 310, 255, 8, 55.77%, 1, 0, 5, 400.19, 226836, 227, 1, 0
528, 0, 15, 311, 255, 7, 55.77%, 1, 0, 5, 396.50, 228868, 227, 1, 0
533, 0, 233, 311, 253, 5, 55.77%, 1, 0, 5, 385.01, 230846, 227, 1, 0
538, 0, 126, 312, 253, 4, 55.77%, 1, 0, 5, 440.95, 233171, 227, 1, 0
544, 0, 171, 312, 250, 1, 55.77%, 1, 0, 5, 410.64, 235239, 227, 1, 0
549, 0, 281, 312, 246, 1, 55.77%, 1, 0, 5, 427.17, 237480, 227, 1, 0
554, 0, 216, 313, 246, 1, 55.77%, 1, 0, 5, 422.70, 239635, 227, 1, 0
559, 0, 89, 313, 245, 0, 55.77%, 1, 0, 5, 420.13, 241736, 227, 1, 0
564, 0, 153, 313, 243, 0, 55.77%, 1, 0, 5, 432.26, 244032, 227, 1, 0
569, 0, 232, 313, 240, 0, 55.77%, 1, 0, 5, 448.33, 246220, 227, 1, 0
574, 0, 134, 315, 238, 0, 56.02%, 1, 0, 5, 404.00, 248228, 228, 1, 0
579, 0, 260, 315, 235, 0, 56.02%, 1, 0, 5, 394.39, 250179, 228, 1, 0
584, 0, 270, 316, 235, 0, 56.02%, 1, 0, 5, 426.04, 252409, 228, 1, 0
589, 0, 100, 316, 230, 0, 56.02%, 1, 0, 5, 421.29, 254509, 228, 1, 0
595, 0, 199, 321, 234, 0, 56.02%, 1, 0, 5, 428.97, 256731, 228, 1, 0
600, 0, 199, 321, 234, 0, 56.02%, 1, 0, 5, 405.59, 258771, 228, 1, 0
605, 0, 199, 321, 234, 0, 56.02%, 1, 0, 5, 414.43, 260899, 228, 1, 0
610, 0, 199, 322, 235, 0, 56.02%, 1, 0, 5, 420.74, 263058, 228, 1, 0
615, 0, 318, 323, 235, 3, 56.27%, 1, 0, 5, 444.85, 265393, 229, 1, 0
620, 0, 322, 323, 233, 1, 56.27%, 1, 0, 5, 462.21, 267724, 229, 1, 0
625, 0, 138, 323, 231, 0, 56.27%, 1, 0, 5, 420.87, 269846, 229, 1, 0
630, 0, 43, 323, 229, 0, 56.27%, 1, 0, 5, 419.17, 271973, 229, 2, 0
635, 0, 166, 324, 228, 0, 56.27%, 1, 0, 5, 424.23, 274156, 229, 2, 0
640, 0, 301, 325, 228, 0, 56.27%, 1, 0, 5, 412.50, 276217, 229, 2, 0
646, 0, 301, 334, 237, 0, 56.51%, 1, 0, 5, 423.56, 278384, 230, 2, 0
651, 0, 301, 336, 239, 0, 56.51%, 1, 0, 5, 429.28, 280494, 230, 2, 0
656, 0, 301, 337, 240, 0, 56.51%, 1, 0, 5, 434.91, 282749, 230, 2, 0
661, 0, 301, 337, 240, 0, 56.51%, 1, 0, 5, 421.75, 284877, 230, 2, 0
666, 0, 331, 337, 239, 1, 56.51%, 1, 0, 5, 399.11, 286895, 230, 2, 0
671, 0, 331, 337, 239, 1, 56.51%, 1, 0, 5, 411.50, 289000, 230, 2, 0
676, 0, 257, 338, 237, 0, 56.51%, 1, 0, 5, 429.56, 291294, 230, 2, 0
681, 0, 258, 338, 235, 0, 56.51%, 1, 0, 5, 383.62, 293250, 230, 2, 0
686, 0, 296, 338, 233, 0, 56.51%, 1, 0, 5, 417.37, 295381, 230, 2, 0
691, 0, 298, 339, 233, 0, 56.51%, 1, 0, 5, 435.44, 297613, 230, 2, 0
696, 0, 233, 339, 230, 0, 56.51%, 1, 0, 5, 415.81, 299728, 230, 2, 0
701, 0, 260, 340, 230, 0, 56.51%, 1, 0, 5, 446.07, 302005, 230, 2, 0
707, 0, 73, 341, 230, 0, 56.51%, 1, 0, 5, 399.30, 304039, 230, 2, 0
712, 0, 200, 341, 229, 0, 56.51%, 1, 0, 5, 424.24, 306294, 230, 2, 0
717, 0, 174, 341, 225, 0, 56.51%, 1, 0, 5, 441.85, 308409, 230, 2, 0
722, 0, 50, 341, 223, 0, 56.51%, 1, 0, 5, 442.05, 310616, 230, 2, 0
727, 0, 246, 341, 220, 0, 56.51%, 1, 0, 5, 413.80, 312707, 230, 2, 0
732, 0, 272, 341, 219, 0, 56.51%, 1, 0, 5, 414.64, 314709, 230, 2, 0
737, 0, 141, 341, 215, 0, 56.51%, 1, 0, 5, 439.31, 317000, 230, 2, 0
742, 0, 283, 341, 215, 0, 56.51%, 1, 0, 5, 427.16, 319212, 230, 2, 0
747, 0, 240, 347, 220, 0, 56.51%, 1, 0, 5, 442.91, 321385, 230, 2, 0
753, 0, 240, 347, 220, 0, 56.51%, 1, 0, 5, 381.48, 323293, 230, 2, 0
758, 0, 299, 347, 219, 0, 56.51%, 1, 0, 5, 420.93, 325443, 230, 2, 0
763, 0, 77, 347, 217, 0, 56.51%, 1, 0, 5, 424.75, 327603, 230, 2, 0
768, 0, 196, 347, 216, 0, 56.51%, 1, 0, 5, 431.86, 329808, 230, 2, 0
773, 0, 32, 347, 213, 0, 56.51%, 1, 0, 5, 438.79, 332054, 230, 2, 0
778, 0, 306, 347, 210, 0, 56.51%, 1, 0, 5, 414.11, 334102, 230, 2, 0
783, 0, 290, 347, 207, 0, 56.51%, 1, 0, 5, 417.68, 336180, 230, 2, 0
788, 0, 321, 347, 206, 0, 56.51%, 1, 0, 5, 475.54, 338548, 230, 2, 0
793, 0, 256, 347, 204, 0, 56.51%, 1, 0, 5, 453.83, 340861, 230, 2, 0
798, 0, 8, 349, 202, 0, 56.51%, 1, 0, 5, 440.21, 343054, 230, 2, 0
803, 0, 218, 351, 203, 0, 56.51%, 1, 0, 5, 433.56, 345253, 230, 2, 0
809, 0, 331, 351, 201, 0, 56.51%, 1, 0, 5, 416.10, 347344, 230, 2, 0
814, 0, 351, 352, 200, 1, 56.76%, 1, 0, 5, 438.41, 349569, 231, 2, 0
819, 0, 124, 352, 198, 0, 56.76%, 1, 0, 5, 444.19, 351735, 231, 2, 0
824, 0, 295, 352, 195, 0, 56.76%, 1, 0, 5, 430.58, 353919, 231, 2, 0
829, 0, 292, 352, 194, 0, 56.76%, 1, 0, 5, 435.32, 356071, 231, 2, 0
834, 0, 39, 352, 192, 0, 56.76%, 1, 0, 5, 469.86, 358427, 231, 2, 0
839, 0, 333, 352, 191, 0, 56.76%, 1, 0, 5, 445.53, 360612, 231, 2, 0
844, 0, 11, 352, 187, 0, 56.76%, 1, 0, 5, 436.75, 362866, 231, 2, 0
849, 0, 349, 363, 198, 0, 56.76%, 1, 0, 5, 464.38, 365293, 231, 2, 0
854, 0, 349, 368, 203, 0, 56.76%, 1, 0, 5, 442.29, 367459, 231, 2, 0
859, 0, 349, 371, 206, 0, 56.76%, 1, 0, 5, 446.26, 369736, 231, 2, 0
864, 0, 220, 372, 206, 0, 56.76%, 1, 0, 6, 428.35, 371924, 231, 2, 0
869, 0, 41, 372, 204, 0, 56.76%, 1, 0, 6, 421.54, 374135, 231, 2, 0
874, 0, 197, 372, 202, 0, 56.76%, 1, 0, 6, 422.59, 376268, 231, 2, 0
879, 1, 313, 372, 199, 0, 56.76%, 1, 0, 6, 424.33, 378429, 231, 2, 0
885, 1, 192, 372, 197, 0, 56.76%, 1, 0, 6, 422.55, 380631, 231, 2, 0
890, 1, 370, 373, 195, 0, 56.76%, 1, 0, 6, 437.35, 382976, 231, 2, 0
895, 1, 247, 373, 194, 0, 56.76%, 1, 0, 6, 442.89, 385235, 231, 2, 0
900, 1, 356, 373, 192, 0, 56.76%, 1, 0, 6, 432.82, 387404, 231, 2, 0
902, 1, 368, 373, 191, 0, 56.76%, 1, 0, 6, 445.80, 388556, 231, 2, 0
