# relative_time, cycles_done, cur_item, corpus_count, pending_total, pending_favs, map_size, saved_crashes, saved_hangs, max_depth, execs_per_sec, total_execs, edges_found, total_crashes, servers_count
61, 0, 9, 64, 59, 4, 30.47%, 0, 0, 2, 457.26, 28112, 124, 0, 0
66, 0, 9, 66, 61, 4, 30.47%, 0, 0, 2, 463.65, 30412, 124, 0, 0
71, 0, 9, 67, 62, 4, 30.47%, 0, 0, 2, 431.62, 32640, 124, 0, 0
76, 0, 9, 67, 62, 4, 30.47%, 0, 0, 2, 466.58, 35126, 124, 0, 0
81, 0, 9, 67, 62, 4, 30.47%, 0, 0, 2, 426.63, 37232, 124, 0, 0
86, 0, 9, 67, 62, 4, 30.47%, 0, 0, 2, 442.42, 39480, 124, 0, 0
91, 0, 9, 68, 63, 4, 30.47%, 0, 0, 2, 425.90, 41655, 124, 0, 0
96, 0, 9, 69, 64, 4, 30.47%, 0, 0, 2, 444.42, 43942, 124, 0, 0
101, 0, 9, 70, 65, 4, 30.47%, 0, 0, 2, 431.96, 46173, 124, 0, 0
106, 0, 9, 70, 65, 4, 30.47%, 0, 0, 2, 436.50, 48397, 124, 0, 0
111, 0, 9, 70, 65, 4, 30.47%, 0, 0, 2, 448.57, 50735, 124, 0, 0
117, 0, 9, 70, 65, 4, 30.47%, 0, 0, 2, 428.81, 52869, 124, 0, 0
122, 0, 65, 94, 87, 27, 35.38%, 0, 0, 2, 432.49, 55068, 144, 0, 0
127, 0, 65, 107, 100, 27, 35.87%, 0, 0, 3, 429.16, 57223, 146, 0, 0
132, 0, 65, 109, 102, 27, 35.87%, 0, 0, 3, 433.51, 59389, 146, 0, 0
137, 0, 65, 111, 104, 27, 35.87%, 0, 0, 3, 436.41, 61611, 146, 0, 0
142, 0, 65, 113, 106, 27, 35.87%, 0, 0, 3, 458.32, 63974, 146, 0, 0
147, 0, 65, 114, 107, 27, 35.87%, 0, 0, 3, 486.56, 66465, 146, 0, 0
152, 0, 65, 116, 109, 27, 35.87%, 0, 0, 3, 475.91, 68882, 146, 0, 0
157, 0, 65, 118, 111, 27, 35.87%, 0, 0, 3, 461.21, 71182, 146, 0, 0
163, 0, 65, 118, 111, 27, 35.87%, 0, 0, 3, 478.34, 73612, 146, 0, 0
168, 0, 65, 118, 111, 27, 35.87%, 0, 0, 3, 470.35, 75988, 146, 0, 0
173, 0, 65, 118, 111, 27, 35.87%, 0, 0, 3, 471.12, 78274, 146, 0, 0
178, 0, 65, 118, 111, 27, 35.87%, 0, 0, 3, 448.65, 80579, 146, 0, 0
183, 0, 65, 118, 111, 27, 35.87%, 0, 0, 3, 433.70, 82750, 146, 0, 0
188, 0, 65, 118, 111, 27, 35.87%, 0, 0, 3, 448.24, 85070, 146, 0, 0
193, 0, 65, 119, 112, 27, 35.87%, 0, 0, 3, 460.79, 87399, 146, 0, 0
198, 0, 65, 119, 112, 27, 35.87%, 0, 0, 3, 461.29, 89649, 146, 0, 0
203, 0, 65, 120, 113, 27, 35.87%, 0, 0, 3, 435.38, 91868, 146, 0, 0
208, 0, 65, 120, 113, 27, 35.87%, 0, 0, 3, 435.47, 94060, 146, 0, 0
213, 0, 122, 123, 107, 21, 36.36%, 0, 0, 3, 453.17, 96382, 148, 0, 0
218, 0, 18, 125, 107, 20, 36.86%, 0, 0, 3, 456.37, 98692, 150, 0, 0
223, 0, 112, 128, 107, 18, 36.86%, 0, 0, 3, 473.02, 101090, 150, 0, 0
229, 0, 126, 133, 110, 17, 36.86%, 0, 0, 4, 439.81, 103326, 150, 0, 0
234, 0, 126, 142, 119, 17, 36.86%, 0, 0, 4, 449.91, 105597, 150, 0, 0
239, 0, 126, 143, 120, 17, 36.86%, 0, 0, 4, 440.95, 107780, 150, 0, 0
244, 0, 126, 147, 124, 17, 36.86%, 0, 0, 4, 455.33, 110029, 150, 0, 0
249, 0, 126, 149, 126, 17, 36.86%, 0, 0, 4, 448.06, 112230, 150, 0, 0
254, 0, 126, 150, 127, 17, 36.86%, 0, 0, 4, 442.04, 114429, 150, 0, 0
259, 0, 150, 154, 129, 14, 36.86%, 0, 0, 5, 435.74, 116689, 150, 0, 0
264, 0, 150, 155, 130, 14, 36.86%, 0, 0, 5, 443.16, 118969, 150, 0, 0
269, 0, 128, 158, 132, 14, 36.86%, 0, 0, 5, 498.29, 121404, 150, 0, 0
274, 0, 128, 162, 136, 14, 37.59%, 0, 0, 5, 441.06, 123699, 153, 0, 0
279, 0, 128, 164, 138, 14, 37.59%, 0, 0, 5, 458.45, 126003, 153, 0, 0
285, 0, 128, 166, 140, 14, 37.59%, 0, 0, 5, 441.65, 128265, 153, 0, 0
290, 0, 160, 166, 139, 14, 37.59%, 0, 0, 5, 470.74, 130743, 153, 0, 0
295, 0, 154, 171, 140, 12, 37.84%, 0, 0, 6, 458.93, 133000, 154, 0, 0
300, 0, 154, 172, 141, 12, 37.84%, 0, 0, 6, 439.73, 135227, 154, 0, 0
305, 0, 154, 172, 141, 12, 37.84%, 0, 0, 6, 450.34, 137611, 154, 0, 0
310, 0, 26, 172, 140, 11, 37.84%, 0, 0, 6, 452.77, 139892, 154, 0, 0
315, 0, 72, 172, 137, 8, 37.84%, 0, 0, 6, 447.61, 142134, 154, 0, 0
320, 0, 23, 180, 144, 9, 38.57%, 1, 0, 6, 418.95, 144296, 157, 1, 0
325, 0, 175, 187, 150, 8, 38.57%, 1, 0, 6, 438.37, 146493, 157, 1, 0
330, 0, 175, 188, 151, 8, 38.57%, 1, 0, 6, 425.15, 148644, 157, 1, 0
335, 0, 175, 188, 151, 8, 38.57%, 1, 0, 6, 430.18, 150819, 157, 1, 0
341, 0, 184, 188, 148, 6, 38.57%, 1, 0, 6, 445.71, 153096, 157, 1, 0
346, 0, 184, 192, 152, 6, 38.57%, 1, 0, 6, 425.64, 155260, 157, 1, 0
351, 0, 184, 194, 154, 6, 38.57%, 1, 0, 6, 452.17, 157570, 157, 1, 0
356, 0, 184, 195, 155, 6, 38.57%, 1, 0, 6, 439.36, 159817, 157, 1, 0
361, 0, 184, 196, 156, 6, 38.57%, 1, 0, 6, 426.00, 161928, 157, 1, 0
366, 0, 168, 197, 155, 4, 38.57%, 1, 0, 6, 426.92, 164069, 157, 1, 0
371, 0, 85, 197, 152, 2, 38.57%, 1, 0, 6, 422.67, 166285, 157, 1, 0
376, 0, 177, 197, 147, 1, 38.57%, 1, 0, 6, 455.61, 168582, 157, 1, 0
381, 0, 36, 197, 143, 1, 38.57%, 1, 0, 6, 422.40, 170681, 157, 1, 0
386, 0, 190, 200, 142, 0, 39.31%, 1, 0, 6, 423.71, 172841, 160, 1, 0
391, 0, 190, 200, 142, 0, 39.31%, 1, 0, 6, 440.73, 175153, 160, 1, 0
397, 0, 164, 202, 142, 0, 39.31%, 1, 0, 6, 442.86, 177493, 160, 1, 0
402, 0, 128, 204, 141, 0, 39.31%, 1, 0, 6, 457.13, 179857, 160, 1, 0
407, 0, 42, 205, 139, 0, 39.31%, 1, 0, 6, 453.29, 182108, 160, 1, 0
412, 0, 199, 205, 137, 0, 39.31%, 1, 0, 6, 407.80, 184160, 160, 1, 0
417, 0, 206, 207, 136, 1, 39.56%, 1, 0, 6, 452.79, 186467, 161, 1, 0
422, 0, 93, 207, 135, 0, 39.56%, 1, 0, 6, 421.44, 188577, 161, 1, 0
427, 0, 136, 208, 135, 0, 39.56%, 1, 0, 6, 449.67, 190824, 161, 1, 0
432, 0, 206, 208, 133, 0, 39.56%, 1, 0, 6, 434.99, 193026, 161, 1, 0
437, 0, 35, 208, 132, 0, 39.56%, 1, 0, 6, 448.79, 195304, 161, 1, 0
442, 0, 20, 208, 129, 0, 39.56%, 1, 0, 6, 466.27, 197674, 161, 1, 0
447, 0, 185, 209, 128, 0, 39.56%, 1, 0, 7, 461.23, 199991, 161, 1, 0
452, 0, 207, 209, 126, 0, 39.56%, 1, 0, 7, 452.61, 202336, 161, 1, 0
457, 0, 154, 209, 124, 0, 39.56%, 1, 0, 7, 441.83, 204539, 161, 1, 0
462, 0, 24, 209, 122, 0, 39.56%, 1, 0, 7, 442.89, 206728, 161, 1, 0
467, 0, 194, 209, 119, 0, 39.56%, 1, 0, 7, 430.32, 208883, 161, 1, 0
472, 0, 128, 211, 119, 0, 39.56%, 1, 0, 7, 445.83, 211113, 161, 1, 0
478, 0, 206, 211, 115, 0, 39.56%, 1, 0, 7, 430.76, 213350, 161, 1, 0
483, 0, 207, 211, 112, 0, 39.56%, 1, 0, 7, 436.06, 215611, 161, 1, 0
488, 0, 209, 211, 111, 0, 39.56%, 1, 0, 7, 453.05, 217843, 161, 1, 0
493, 0, 167, 211, 108, 0, 39.56%, 1, 0, 7, 439.29, 220025, 161, 1, 0
498, 1, 80, 211, 104, 0, 39.56%, 1, 0, 7, 441.36, 222286, 161, 1, 0
503, 1, 8, 212, 102, 0, 39.56%, 1, 0, 7, 450.26, 224519, 161, 1, 0
508, 1, 212, 213, 101, 1, 40.05%, 1, 0, 7, 446.42, 226748, 163, 1, 0
513, 1, 92, 214, 97, 0, 40.05%, 1, 0, 7, 427.97, 228985, 163, 1, 0
518, 1, 186, 215, 97, 0, 40.05%, 1, 0, 7, 480.55, 231425, 163, 1, 0
524, 1, 83, 216, 95, 0, 40.05%, 1, 0, 7, 456.32, 233755, 163, 1, 0
529, 1, 188, 216, 92, 0, 40.05%, 1, 0, 7, 464.56, 236041, 163, 1, 0
534, 1, 145, 219, 93, 0, 40.05%, 1, 0, 7, 465.83, 238339, 163, 1, 0
539, 1, 145, 223, 97, 0, 40.05%, 1, 0, 7, 484.37, 240815, 163, 1, 0
544, 1, 145, 224, 98, 0, 40.05%, 1, 0, 7, 450.03, 243046, 163, 1, 0
549, 1, 145, 224, 98, 0, 40.05%, 1, 0, 7, 436.67, 245278, 163, 1, 0
554, 1, 34, 224, 97, 0, 40.05%, 1, 0, 7, 456.10, 247621, 163, 1, 0
559, 1, 222, 225, 95, 0, 40.05%, 1, 0, 7, 461.42, 249945, 163, 1, 0
565, 1, 89, 225, 91, 0, 40.05%, 1, 0, 7, 435.76, 252163, 163, 1, 0
570, 1, 81, 225, 87, 0, 40.05%, 1, 0, 7, 420.75, 254312, 163, 1, 0
575, 1, 182, 226, 86, 0, 40.05%, 1, 0, 7, 434.86, 256499, 163, 1, 0
580, 1, 38, 226, 82, 0, 40.05%, 1, 0, 7, 415.14, 258644, 163, 1, 0
585, 1, 88, 226, 79, 0, 40.05%, 1, 0, 7, 444.90, 260937, 163, 1, 0
590, 1, 152, 227, 76, 0, 40.05%, 1, 0, 7, 455.87, 263205, 163, 1, 0
595, 1, 32, 227, 71, 0, 40.05%, 1, 0, 7, 447.87, 265463, 163, 1, 0
600, 1, 148, 227, 66, 0, 40.05%, 1, 0, 7, 477.40, 267977, 163, 1, 0
605, 1, 90, 227, 60, 0, 40.05%, 1, 0, 7, 442.07, 270130, 163, 1, 0
610, 1, 173, 228, 56, 0, 40.05%, 1, 0, 7, 426.17, 272282, 163, 1, 0
615, 1, 104, 228, 54, 0, 40.05%, 1, 0, 7, 418.95, 274390, 163, 1, 0
620, 1, 229, 231, 52, 1, 40.54%, 1, 0, 7, 454.48, 276677, 165, 1, 0
625, 1, 71, 232, 48, 0, 40.54%, 1, 0, 7, 477.18, 279129, 165, 1, 0
630, 1, 20, 232, 44, 0, 40.54%, 1, 0, 7, 455.54, 281414, 165, 1, 0
635, 1, 225, 234, 44, 0, 40.54%, 1, 0, 7, 446.70, 283726, 165, 1, 0
641, 1, 221, 234, 40, 0, 40.54%, 1, 0, 7, 452.26, 285963, 165, 1, 0
646, 1, 75, 235, 37, 0, 40.54%, 1, 0, 7, 450.66, 288221, 165, 1, 0
651, 1, 197, 237, 35, 0, 40.54%, 1, 0, 7, 472.71, 290639, 165, 1, 0
656, 1, 7, 237, 31, 0, 40.54%, 1, 0, 7, 455.34, 292895, 165, 1, 0
661, 1, 197, 237, 29, 0, 40.54%, 1, 0, 7, 454.58, 295154, 165, 1, 0
666, 1, 197, 237, 26, 0, 40.54%, 1, 0, 7, 481.50, 297595, 165, 1, 0
671, 1, 105, 237, 26, 0, 40.54%, 1, 0, 7, 469.28, 299902, 165, 1, 0
676, 1, 231, 238, 25, 0, 40.79%, 1, 0, 7, 482.91, 302222, 166, 1, 0
681, 1, 43, 238, 22, 0, 40.79%, 1, 0, 7, 449.67, 304430, 166, 1, 0
686, 1, 237, 238, 19, 0, 40.79%, 1, 0, 7, 474.45, 306787, 166, 1, 0
691, 2, 259, 265, 46, 7, 42.01%, 1, 0, 7, 442.57, 309032, 171, 1, 0
696, 2, 241, 265, 44, 5, 42.01%, 1, 0, 7, 446.43, 311312, 171, 1, 0
701, 2, 264, 265, 41, 2, 42.01%, 1, 0, 7, 457.82, 313658, 171, 1, 0
706, 2, 240, 265, 39, 0, 42.01%, 1, 0, 7, 449.18, 315839, 171, 1, 0
711, 2, 249, 265, 35, 0, 42.01%, 1, 0, 7, 468.64, 318184, 171, 1, 0
716, 2, 210, 266, 35, 0, 42.01%, 1, 0, 7, 474.57, 320560, 171, 1, 0
721, 2, 197, 266, 32, 0, 42.01%, 1, 0, 7, 463.77, 322865, 171, 1, 0
726, 2, 74, 266, 29, 0, 42.01%, 1, 0, 7, 447.99, 325121, 171, 1, 0
731, 2, 65, 266, 26, 0, 42.01%, 1, 0, 7, 459.04, 327455, 171, 1, 0
736, 2, 34, 266, 24, 0, 42.01%, 1, 0, 7, 464.87, 329768, 171, 1, 0
742, 2, 246, 266, 23, 0, 42.01%, 1, 0, 7, 461.49, 332085, 171, 1, 0
747, 2, 248, 266, 20, 0, 42.01%, 1, 0, 7, 477.93, 334480, 171, 1, 0
752, 2, 208, 266, 17, 0, 42.01%, 1, 0, 7, 459.86, 336785, 171, 1, 0
757, 2, 235, 266, 16, 0, 42.01%, 1, 0, 7, 453.69, 339094, 171, 1, 0
762, 2, 235, 266, 16, 0, 42.01%, 2, 0, 7, 417.85, 341195, 171, 2, 0
767, 2, 34, 266, 16, 0, 42.01%, 2, 0, 7, 432.88, 343426, 171, 2, 0
772, 2, 241, 266, 15, 0, 42.01%, 2, 0, 7, 450.08, 345631, 171, 2, 0
777, 2, 226, 266, 14, 0, 42.01%, 2, 0, 7, 441.90, 347823, 171, 2, 0
782, 2, 118, 266, 12, 0, 42.01%, 2, 0, 7, 442.49, 350142, 171, 2, 0
787, 2, 255, 266, 12, 0, 42.01%, 2, 0, 7, 419.64, 352221, 171, 2, 0
792, 2, 257, 266, 9, 0, 42.01%, 2, 0, 7, 420.43, 354403, 171, 2, 0
797, 2, 264, 266, 8, 0, 42.01%, 2, 0, 7, 442.12, 356685, 171, 2, 0
803, 2, 229, 266, 6, 0, 42.01%, 2, 0, 7, 459.37, 359035, 171, 2, 0
808, 2, 136, 266, 6, 0, 42.01%, 2, 0, 7, 445.46, 361299, 171, 2, 0
813, 2, 251, 266, 5, 0, 42.01%, 2, 0, 7, 434.80, 363536, 171, 2, 0
818, 2, 214, 266, 5, 0, 42.01%, 2, 0, 7, 432.74, 365797, 171, 2, 0
823, 2, 250, 266, 5, 0, 42.01%, 2, 0, 7, 444.78, 368089, 171, 2, 0
828, 2, 197, 266, 5, 0, 42.01%, 2, 0, 7, 445.04, 370300, 171, 2, 0
833, 2, 74, 353, 91, 0, 53.32%, 2, 0, 7, 406.24, 372390, 217, 2, 0
838, 3, 330, 357, 94, 8, 53.32%, 2, 0, 7, 435.30, 374757, 217, 2, 0
843, 3, 330, 357, 94, 8, 53.32%, 2, 0, 7, 455.05, 377091, 217, 2, 0
848, 3, 299, 357, 92, 6, 53.32%, 2, 0, 7, 465.66, 379443, 217, 2, 0
853, 3, 356, 357, 91, 5, 53.32%, 2, 0, 7, 437.35, 381658, 217, 2, 0
859, 3, 277, 357, 89, 3, 53.32%, 2, 0, 7, 442.71, 383840, 217, 2, 0
864, 3, 319, 357, 87, 1, 53.32%, 2, 0, 7, 448.59, 386053, 217, 2, 0
869, 3, 308, 357, 85, 0, 53.32%, 2, 0, 7, 471.47, 388484, 217, 2, 0
874, 3, 305, 359, 85, 0, 53.32%, 2, 0, 7, 447.00, 390642, 217, 2, 0
879, 3, 291, 359, 83, 0, 53.32%, 2, 0, 7, 461.02, 392912, 217, 2, 0
884, 3, 349, 359, 81, 0, 53.32%, 2, 0, 7, 459.19, 395236, 217, 2, 0
889, 3, 353, 360, 80, 0, 53.32%, 2, 0, 7, 463.87, 397541, 217, 2, 0
894, 3, 345, 360, 78, 0, 53.32%, 2, 0, 7, 480.20, 399913, 217, 2, 0
899, 3, 297, 362, 78, 0, 53.32%, 2, 0, 7, 446.17, 402121, 217, 2, 0
904, 3, 145, 362, 76, 0, 53.32%, 2, 0, 7, 448.30, 404384, 217, 2, 0
909, 3, 267, 362, 75, 0, 53.32%, 2, 0, 7, 457.52, 406669, 217, 2, 0
914, 3, 290, 362, 73, 0, 53.32%, 2, 0, 7, 441.08, 408872, 217, 2, 0
919, 3, 136, 362, 71, 0, 53.32%, 2, 0, 7, 444.43, 411075, 217, 2, 0
924, 3, 235, 362, 70, 0, 53.32%, 2, 0, 7, 436.78, 413305, 217, 2, 0
929, 3, 214, 363, 70, 0, 53.56%, 2, 0, 7, 466.33, 415689, 218, 2, 0
934, 3, 136, 363, 69, 0, 53.56%, 2, 0, 7, 444.06, 417935, 218, 2, 0
939, 3, 286, 363, 69, 0, 53.56%, 2, 0, 7, 462.66, 420277, 218, 2, 0
944, 3, 344, 363, 67, 0, 53.56%, 2, 0, 7, 466.82, 422596, 218, 2, 0
949, 3, 280, 363, 65, 0, 53.56%, 2, 0, 7, 465.73, 424931, 218, 2, 0
955, 3, 282, 363, 64, 0, 53.56%, 2, 0, 7, 438.31, 427135, 218, 2, 0
960, 3, 277, 364, 64, 0, 53.56%, 2, 0, 7, 446.37, 429385, 218, 2, 0
965, 3, 318, 364, 62, 0, 53.56%, 2, 0, 7, 459.27, 431687, 218, 2, 0
970, 3, 311, 364, 60, 0, 53.56%, 2, 0, 7, 465.18, 434037, 218, 2, 0
975, 3, 362, 364, 58, 0, 53.56%, 2, 0, 7, 440.03, 436266, 218, 2, 0
980, 3, 229, 364, 57, 0, 53.56%, 2, 0, 7, 426.17, 438386, 218, 2, 0
985, 3, 313, 364, 56, 0, 53.56%, 2, 0, 7, 441.78, 440657, 218, 2, 0
990, 3, 292, 364, 54, 0, 53.56%, 2, 0, 7, 430.37, 442820, 218, 2, 0
995, 3, 288, 364, 52, 0, 53.56%, 2, 0, 7, 445.34, 445101, 218, 2, 0
1000, 3, 268, 364, 50, 0, 53.56%, 2, 0, 7, 464.68, 447522, 218, 2, 0
1005, 3, 362, 364, 48, 0, 53.56%, 2, 0, 7, 447.46, 449756, 218, 2, 0
1010, 3, 259, 364, 47, 0, 53.56%, 2, 0, 7, 449.32, 452067, 218, 2, 0
1015, 3, 312, 364, 47, 0, 53.56%, 2, 0, 7, 460.94, 454397, 218, 2, 0
1021, 3, 299, 364, 44, 0, 53.56%, 2, 0, 7, 478.08, 456816, 218, 3, 0
1026, 3, 355, 364, 43, 0, 53.56%, 2, 0, 7, 459.76, 459127, 218, 3, 0
1031, 3, 195, 364, 41, 0, 53.56%, 2, 0, 7, 441.87, 461321, 218, 3, 0
1036, 3, 341, 364, 40, 0, 53.56%, 2, 0, 7, 444.62, 463595, 218, 3, 0
1041, 3, 315, 364, 39, 0, 53.56%, 2, 0, 7, 448.83, 465816, 218, 3, 0
1046, 3, 331, 364, 38, 0, 53.56%, 2, 0, 7, 431.59, 468050, 218, 3, 0
1051, 3, 321, 364, 36, 0, 53.56%, 2, 0, 7, 441.40, 470327, 218, 3, 0
1056, 3, 326, 364, 35, 0, 53.56%, 2, 0, 7, 436.70, 472575, 218, 3, 0
1061, 3, 298, 364, 33, 0, 53.56%, 2, 0, 7, 466.44, 474935, 218, 3, 0
1066, 3, 9, 364, 31, 0, 53.56%, 2, 0, 7, 462.60, 477255, 218, 3, 0
1071, 3, 333, 364, 30, 0, 53.56%, 2, 0, 7, 474.24, 479693, 218, 3, 0
1076, 3, 213, 364, 28, 0, 53.56%, 2, 0, 7, 446.98, 482012, 218, 3, 0
1081, 3, 307, 364, 28, 0, 53.56%, 2, 0, 7, 450.67, 484271, 218, 3, 0
1086, 3, 295, 364, 26, 0, 53.56%, 2, 0, 7, 425.85, 486410, 218, 3, 0
1091, 3, 324, 364, 25, 0, 53.56%, 2, 0, 7, 441.81, 488683, 218, 3, 0
1097, 3, 303, 364, 23, 0, 53.56%, 2, 0, 7, 455.73, 490960, 218, 3, 0
1102, 3, 357, 364, 22, 0, 53.56%, 2, 0, 7, 438.33, 493183, 218, 3, 0
1107, 3, 302, 364, 21, 0, 53.56%, 2, 0, 7, 454.27, 495463, 218, 3, 0
1112, 3, 337, 364, 20, 0, 53.56%, 2, 0, 7, 428.73, 497586, 218, 3, 0
1117, 3, 329, 364, 18, 0, 53.56%, 2, 0, 7, 477.14, 500026, 218, 3, 0
1122, 3, 136, 364, 16, 0, 53.56%, 2, 0, 7, 458.83, 502287, 218, 4, 0
1127, 3, 136, 364, 16, 0, 53.56%, 2, 0, 7, 442.99, 504498, 218, 4, 0
1132, 3, 360, 364, 15, 0, 53.56%, 2, 0, 7, 439.73, 506722, 218, 4, 0
1137, 3, 310, 364, 14, 0, 53.56%, 2, 0, 7, 468.01, 509142, 218, 4, 0
1142, 3, 40, 364, 12, 0, 53.56%, 2, 0, 7, 459.48, 511383, 218, 4, 0
1147, 3, 251, 364, 12, 0, 53.56%, 2, 0, 7, 412.61, 513440, 218, 4, 0
1152, 3, 156, 364, 11, 0, 53.56%, 2, 0, 7, 433.61, 515657, 218, 4, 0
1157, 4, 374, 389, 36, 8, 58.48%, 2, 0, 7, 405.18, 517800, 238, 4, 0
1162, 4, 387, 392, 38, 7, 58.48%, 2, 0, 7, 407.77, 519753, 238, 4, 0
1167, 4, 387, 394, 40, 7, 58.48%, 2, 0, 7, 428.81, 521959, 238, 4, 0
1173, 4, 387, 397, 43, 7, 58.72%, 2, 0, 7, 427.76, 524172, 239, 4, 0
1178, 4, 387, 401, 47, 7, 58.97%, 2, 0, 7, 428.50, 526328, 240, 4, 0
1183, 4, 387, 401, 47, 7, 58.97%, 2, 0, 7, 470.95, 528723, 240, 4, 0
1188, 4, 387, 401, 47, 7, 58.97%, 2, 0, 7, 449.88, 530936, 240, 4, 0
1193, 4, 387, 401, 47, 7, 58.97%, 2, 0, 7, 446.69, 533224, 240, 4, 0
1198, 4, 387, 401, 47, 7, 58.97%, 2, 0, 7, 462.01, 535563, 240, 4, 0
1203, 4, 387, 401, 47, 7, 58.97%, 2, 0, 7, 462.69, 537966, 240, 4, 0
1208, 4, 387, 401, 47, 7, 58.97%, 2, 0, 7, 473.58, 540297, 240, 4, 0
1213, 4, 387, 402, 48, 7, 61.18%, 2, 0, 7, 458.42, 542563, 249, 4, 0
1218, 4, 387, 402, 48, 7, 61.18%, 2, 0, 7, 435.84, 544807, 249, 4, 0
1223, 4, 387, 402, 48, 7, 61.18%, 2, 0, 7, 441.02, 547159, 249, 4, 0
1228, 4, 387, 402, 48, 7, 61.18%, 2, 0, 7, 459.14, 549479, 249, 4, 0
1233, 4, 387, 402, 48, 7, 61.18%, 2, 0, 7, 457.60, 551752, 249, 4, 0
1238, 4, 387, 402, 48, 7, 61.18%, 2, 0, 7, 473.71, 554155, 249, 4, 0
1243, 4, 387, 402, 48, 7, 61.18%, 2, 0, 7, 455.69, 556468, 249, 4, 0
1248, 4, 387, 402, 48, 7, 61.18%, 2, 0, 7, 459.88, 558799, 249, 4, 0
1254, 4, 387, 402, 48, 7, 61.18%, 2, 0, 7, 445.09, 561004, 249, 4, 0
1259, 4, 387, 402, 48, 7, 61.18%, 2, 0, 7, 464.40, 563425, 249, 4, 0
1264, 4, 387, 402, 48, 7, 61.18%, 2, 0, 7, 445.31, 565647, 249, 4, 0
1269, 4, 387, 402, 48, 7, 61.18%, 2, 0, 7, 431.95, 567935, 249, 4, 0
1274, 4, 387, 402, 48, 7, 61.18%, 2, 0, 7, 465.55, 570445, 249, 4, 0
1279, 4, 397, 405, 49, 9, 61.43%, 2, 0, 7, 446.90, 572655, 250, 4, 0
1284, 4, 397, 411, 55, 9, 61.43%, 2, 0, 7, 439.45, 574893, 250, 4, 0
1289, 4, 365, 411, 53, 9, 61.43%, 2, 0, 7, 454.00, 577216, 250, 4, 0
1294, 4, 392, 411, 52, 8, 61.43%, 2, 0, 7, 455.41, 579539, 250, 4, 0
1299, 4, 409, 411, 51, 7, 61.43%, 2, 0, 7, 451.52, 581818, 250, 4, 0
1304, 4, 384, 411, 49, 5, 61.43%, 2, 0, 7, 432.22, 584054, 250, 4, 0
1309, 4, 401, 412, 48, 3, 61.43%, 2, 0, 7, 468.87, 586419, 250, 4, 0
1315, 4, 401, 421, 57, 3, 61.43%, 2, 0, 7, 445.72, 588630, 250, 4, 0
1320, 4, 370, 421, 54, 1, 61.43%, 2, 0, 7, 449.57, 590956, 250, 4, 0
1325, 4, 368, 421, 53, 0, 61.43%, 2, 0, 7, 481.56, 593448, 250, 4, 0
1330, 4, 415, 421, 51, 0, 61.43%, 2, 0, 7, 467.12, 595754, 250, 4, 0
1335, 4, 273, 422, 49, 0, 61.43%, 2, 0, 7, 438.30, 598048, 250, 4, 0
1340, 4, 379, 422, 47, 0, 61.43%, 2, 0, 7, 439.83, 600255, 250, 4, 0
1345, 4, 382, 422, 45, 0, 61.43%, 2, 0, 7, 470.60, 602654, 250, 4, 0
1350, 4, 362, 422, 43, 0, 61.43%, 2, 0, 7, 477.82, 605090, 250, 4, 0
1355, 4, 389, 422, 41, 0, 61.43%, 2, 0, 7, 444.24, 607343, 250, 4, 0
1360, 4, 346, 422, 40, 0, 61.43%, 2, 0, 7, 465.97, 609711, 250, 4, 0
1365, 4, 376, 422, 39, 0, 61.43%, 2, 0, 7, 428.77, 611823, 250, 4, 0
1370, 4, 418, 422, 37, 0, 61.43%, 2, 0, 7, 454.30, 614114, 250, 4, 0
1375, 4, 372, 422, 35, 0, 61.43%, 2, 0, 7, 455.66, 616455, 250, 4, 0
1381, 4, 373, 422, 33, 0, 61.43%, 2, 0, 7, 445.23, 618686, 250, 4, 0
1386, 4, 322, 422, 32, 0, 61.43%, 2, 0, 7, 433.48, 620976, 250, 4, 0
1391, 4, 251, 423, 31, 0, 61.43%, 2, 0, 7, 430.67, 623245, 250, 4, 0
1396, 4, 296, 423, 31, 0, 61.43%, 2, 0, 7, 466.00, 625617, 250, 4, 0
1401, 4, 409, 423, 29, 0, 61.43%, 2, 0, 7, 450.19, 627908, 250, 4, 0
1406, 4, 420, 423, 29, 0, 61.43%, 2, 0, 7, 445.29, 630111, 250, 4, 0
1411, 4, 399, 423, 27, 0, 61.43%, 2, 0, 7, 467.93, 632524, 250, 4, 0
1416, 4, 264, 423, 25, 0, 61.43%, 2, 0, 7, 453.51, 634802, 250, 4, 0
1421, 4, 390, 423, 24, 0, 61.43%, 2, 0, 7, 433.38, 637025, 250, 4, 0
1426, 4, 421, 424, 24, 0, 61.43%, 2, 0, 7, 421.78, 639170, 250, 4, 0
1432, 4, 423, 428, 28, 0, 61.43%, 2, 0, 7, 456.47, 641571, 250, 4, 0
1437, 4, 423, 432, 32, 0, 61.43%, 2, 0, 7, 452.70, 643858, 250, 4, 0
1442, 4, 423, 432, 32, 0, 61.43%, 2, 0, 7, 435.77, 646085, 250, 4, 0
1447, 4, 423, 433, 33, 0, 61.43%, 2, 0, 7, 437.56, 648356, 250, 4, 0
1452, 4, 423, 433, 33, 0, 61.43%, 2, 0, 7, 451.12, 650596, 250, 4, 0
1457, 4, 423, 434, 34, 0, 61.43%, 2, 0, 7, 465.44, 652953, 250, 4, 0
1462, 4, 338, 434, 33, 0, 61.43%, 2, 0, 7, 445.70, 655208, 250, 4, 0
1467, 4, 384, 434, 31, 0, 61.43%, 2, 0, 7, 460.45, 657489, 250, 4, 0
1472, 4, 235, 434, 30, 0, 61.43%, 2, 0, 7, 443.71, 659738, 250, 4, 0
1477, 4, 417, 434, 29, 0, 61.43%, 2, 0, 7, 468.21, 662148, 250, 4, 0
1482, 4, 411, 435, 28, 0, 61.43%, 2, 0, 7, 474.65, 664490, 250, 4, 0
1487, 4, 365, 435, 27, 0, 61.43%, 2, 0, 7, 474.65, 666881, 250, 4, 0
1492, 4, 321, 435, 26, 0, 61.43%, 2, 0, 7, 414.21, 668990, 250, 4, 0
1498, 4, 271, 435, 24, 0, 61.43%, 2, 0, 7, 428.89, 671160, 250, 4, 0
1503, 4, 426, 435, 24, 0, 61.43%, 2, 0, 7, 417.43, 673303, 250, 4, 0
1508, 4, 364, 435, 22, 0, 61.43%, 2, 0, 7, 427.06, 675490, 250, 4, 0
1513, 4, 271, 435, 20, 0, 61.43%, 2, 0, 7, 432.38, 677685, 250, 4, 0
1518, 4, 427, 435, 19, 0, 61.43%, 2, 0, 7, 442.73, 679931, 250, 4, 0
1523, 4, 380, 435, 18, 0, 61.43%, 2, 0, 7, 460.14, 682244, 250, 4, 0
1528, 4, 405, 435, 16, 0, 61.43%, 2, 0, 7, 436.94, 684465, 250, 5, 0
1533, 4, 432, 435, 15, 0, 61.43%, 2, 0, 7, 457.38, 686849, 250, 5, 0
1538, 4, 197, 435, 14, 0, 61.43%, 2, 0, 7, 449.90, 689119, 250, 5, 0
1543, 4, 237, 435, 13, 0, 61.43%, 2, 0, 7, 423.52, 691227, 250, 5, 0
1548, 4, 362, 437, 15, 0, 61.92%, 2, 0, 7, 431.92, 693409, 252, 5, 0
1553, 4, 362, 438, 16, 0, 63.14%, 2, 0, 7, 452.22, 695695, 257, 5, 0
1558, 4, 435, 438, 16, 2, 63.14%, 2, 0, 7, 432.49, 697800, 257, 5, 0
1563, 4, 437, 438, 15, 1, 63.14%, 2, 0, 7, 451.61, 700135, 257, 5, 0
1568, 4, 374, 438, 14, 0, 63.14%, 2, 0, 7, 451.68, 702434, 257, 5, 0
1574, 4, 436, 438, 14, 0, 63.14%, 2, 0, 7, 434.65, 704683, 257, 5, 0
1579, 4, 374, 438, 13, 0, 63.14%, 2, 0, 7, 424.22, 706800, 257, 5, 0
1584, 4, 277, 438, 12, 0, 63.14%, 2, 0, 7, 414.71, 708917, 257, 5, 0
1589, 4, 299, 438, 11, 0, 63.14%, 2, 0, 7, 419.75, 711069, 257, 5, 0
1594, 4, 213, 438, 10, 0, 63.14%, 2, 0, 7, 445.39, 713311, 257, 5, 0
1599, 4, 437, 439, 10, 0, 63.39%, 2, 0, 7, 453.65, 715610, 258, 5, 0
1604, 4, 250, 439, 9, 0, 63.39%, 2, 0, 7, 422.39, 717731, 258, 5, 0
1609, 4, 419, 439, 9, 0, 63.39%, 2, 0, 7, 455.24, 720022, 258, 5, 0
1614, 4, 377, 439, 8, 0, 63.39%, 2, 0, 7, 453.04, 722308, 258, 5, 0
1619, 4, 380, 439, 7, 0, 63.39%, 2, 0, 7, 429.76, 724405, 258, 5, 0
1624, 5, 454, 456, 23, 2, 63.64%, 4, 0, 7, 427.52, 726584, 259, 7, 0
1629, 5, 451, 456, 22, 1, 63.64%, 4, 0, 7, 424.16, 728619, 259, 7, 0
1634, 5, 304, 456, 21, 0, 63.64%, 4, 0, 7, 448.51, 730895, 259, 7, 0
1639, 5, 383, 456, 19, 0, 63.64%, 4, 0, 7, 436.40, 733100, 259, 7, 0
1644, 5, 264, 456, 18, 0, 63.64%, 4, 0, 7, 438.39, 735284, 259, 7, 0
1649, 5, 445, 456, 17, 0, 63.64%, 4, 0, 7, 435.14, 737506, 259, 7, 0
1655, 5, 319, 456, 16, 0, 63.64%, 4, 0, 7, 431.21, 739699, 259, 7, 0
1660, 5, 400, 456, 15, 0, 63.64%, 4, 0, 7, 478.17, 742183, 259, 7, 0
1665, 5, 440, 456, 14, 0, 63.64%, 4, 0, 7, 441.36, 744416, 259, 7, 0
1670, 5, 444, 456, 13, 0, 63.64%, 4, 0, 7, 418.81, 746591, 259, 8, 0
1675, 5, 287, 456, 11, 0, 63.64%, 4, 0, 7, 424.63, 748760, 259, 8, 0
1680, 5, 250, 456, 11, 0, 63.64%, 4, 0, 7, 426.16, 750921, 259, 8, 0
1685, 5, 398, 456, 11, 0, 63.64%, 4, 0, 7, 438.27, 753149, 259, 8, 0
1690, 5, 259, 456, 10, 0, 63.64%, 4, 0, 7, 461.82, 755480, 259, 8, 0
1695, 5, 202, 456, 10, 0, 63.64%, 4, 0, 7, 427.67, 757624, 259, 8, 0
1700, 5, 394, 456, 9, 0, 63.64%, 4, 0, 7, 420.37, 759752, 259, 8, 0
1705, 5, 250, 456, 9, 0, 63.64%, 4, 0, 7, 463.60, 762146, 259, 9, 0
1710, 5, 375, 456, 9, 0, 63.64%, 4, 0, 7, 481.50, 764496, 259, 9, 0
1715, 5, 9, 456, 8, 0, 63.64%, 4, 0, 7, 461.78, 766830, 259, 10, 0
1721, 5, 237, 456, 7, 0, 63.64%, 4, 0, 7, 453.96, 769097, 259, 10, 0
1726, 5, 83, 456, 7, 0, 63.64%, 4, 0, 7, 452.32, 771371, 259, 10, 0
1731, 5, 330, 456, 7, 0, 63.64%, 4, 0, 7, 452.98, 773716, 259, 10, 0
1736, 5, 287, 456, 7, 0, 63.64%, 6, 0, 7, 419.35, 775804, 259, 14, 0
1741, 5, 370, 456, 7, 0, 63.64%, 6, 0, 7, 400.95, 777839, 259, 14, 0
1746, 5, 303, 456, 7, 0, 63.64%, 6, 0, 7, 435.65, 780059, 259, 14, 0
1751, 5, 441, 456, 6, 0, 63.64%, 6, 0, 7, 443.88, 782313, 259, 14, 0
1756, 5, 264, 456, 6, 0, 63.64%, 6, 0, 7, 456.53, 784612, 259, 14, 0
1761, 5, 128, 456, 6, 0, 63.64%, 6, 0, 7, 459.08, 786863, 259, 14, 0
1766, 5, 363, 456, 5, 0, 63.64%, 6, 0, 7, 471.09, 789340, 259, 14, 0
1771, 5, 250, 456, 5, 0, 63.64%, 6, 0, 7, 468.85, 791715, 259, 14, 0
1777, 5, 213, 456, 5, 0, 63.64%, 6, 0, 7, 446.71, 794032, 259, 14, 0
1782, 5, 197, 456, 5, 0, 63.64%, 6, 0, 7, 440.76, 796348, 259, 14, 0
1787, 5, 250, 456, 5, 0, 63.64%, 6, 0, 7, 422.86, 798503, 259, 14, 0
1792, 5, 451, 456, 5, 0, 63.64%, 6, 0, 7, 434.69, 800693, 259, 14, 0
1797, 5, 356, 456, 4, 0, 63.64%, 6, 0, 7, 479.40, 803167, 259, 14, 0
1802, 5, 65, 457, 5, 0, 63.64%, 6, 0, 7, 437.49, 805368, 259, 14, 0
1804, 6, 448, 457, 5, 0, 63.64%, 6, 0, 7, 439.63, 806276, 259, 14, 0
