# relative_time, cycles_done, cur_item, corpus_count, pending_total, pending_favs, map_size, saved_crashes, saved_hangs, max_depth, execs_per_sec, total_execs, edges_found, total_crashes, servers_count
60, 0, 9, 81, 76, 5, 30.71%, 0, 0, 2, 419.44, 26688, 125, 0, 0
66, 0, 9, 81, 76, 5, 30.71%, 0, 0, 2, 415.79, 28856, 125, 0, 0
71, 0, 9, 82, 77, 5, 30.71%, 0, 0, 2, 421.14, 31055, 125, 0, 0
76, 0, 9, 82, 77, 5, 30.71%, 0, 0, 2, 433.68, 33263, 125, 0, 0
81, 0, 9, 84, 79, 5, 30.71%, 0, 0, 2, 425.37, 35413, 125, 0, 0
86, 0, 9, 86, 81, 5, 30.96%, 0, 0, 2, 435.44, 37651, 126, 0, 0
91, 0, 9, 89, 84, 5, 30.96%, 0, 0, 2, 443.75, 39992, 126, 0, 0
96, 0, 9, 91, 86, 5, 30.96%, 0, 0, 2, 453.73, 42309, 126, 0, 0
101, 0, 9, 91, 86, 5, 30.96%, 0, 0, 2, 445.69, 44534, 126, 0, 0
106, 0, 9, 91, 86, 5, 30.96%, 0, 0, 2, 435.81, 46710, 126, 0, 0
111, 0, 9, 91, 86, 5, 30.96%, 0, 0, 2, 447.60, 48982, 126, 0, 0
116, 0, 9, 91, 86, 5, 30.96%, 0, 0, 2, 449.31, 51254, 126, 0, 0
121, 0, 9, 92, 87, 5, 30.96%, 0, 0, 2, 450.84, 53602, 126, 0, 0
127, 0, 48, 141, 134, 31, 41.28%, 0, 0, 2, 411.78, 55665, 168, 0, 0
132, 0, 111, 141, 131, 28, 41.28%, 0, 0, 2, 438.18, 57815, 168, 0, 0
137, 0, 111, 147, 137, 28, 41.77%, 0, 0, 2, 432.74, 60011, 170, 0, 0
142, 0, 111, 150, 140, 28, 41.77%, 0, 0, 2, 451.67, 62306, 170, 0, 0
147, 0, 111, 152, 142, 28, 41.77%, 0, 0, 2, 428.46, 64471, 170, 0, 0
152, 0, 111, 153, 143, 28, 41.77%, 0, 0, 2, 440.69, 66729, 170, 0, 0
157, 0, 111, 154, 144, 28, 41.77%, 0, 0, 2, 393.87, 68685, 170, 0, 0
162, 0, 111, 154, 144, 28, 41.77%, 0, 0, 2, 279.93, 70173, 170, 0, 0
167, 0, 111, 155, 145, 28, 41.77%, 0, 0, 2, 152.73, 70746, 170, 0, 0
172, 0, 111, 155, 145, 28, 41.77%, 0, 0, 2, 133.41, 71391, 170, 0, 0
178, 0, 111, 155, 145, 28, 41.77%, 0, 0, 2, 125.26, 72007, 170, 0, 0
183, 0, 111, 155, 145, 28, 41.77%, 0, 0, 2, 123.96, 72631, 170, 0, 0
188, 0, 111, 155, 145, 28, 41.77%, 0, 0, 2, 114.65, 73210, 170, 0, 0
193, 0, 111, 155, 145, 28, 41.77%, 0, 0, 2, 118.63, 73810, 170, 0, 0
198, 0, 111, 155, 145, 28, 41.77%, 0, 0, 2, 111.88, 74359, 170, 0, 0
203, 0, 111, 156, 146, 28, 41.77%, 0, 0, 2, 112.24, 74920, 170, 0, 0
208, 0, 111, 156, 146, 28, 41.77%, 0, 0, 2, 123.10, 75546, 170, 0, 0
213, 0, 111, 156, 146, 28, 41.77%, 0, 0, 2, 117.53, 76162, 170, 0, 0
219, 0, 111, 156, 146, 28, 41.77%, 0, 0, 2, 122.12, 76822, 170, 0, 0
224, 0, 111, 156, 146, 28, 41.77%, 0, 0, 2, 119.65, 77406, 170, 0, 0
229, 0, 111, 156, 146, 28, 41.77%, 0, 0, 2, 122.53, 78022, 170, 0, 0
234, 0, 111, 156, 146, 28, 41.77%, 0, 0, 2, 285.50, 79504, 170, 0, 0
239, 0, 111, 157, 147, 28, 41.77%, 0, 0, 2, 435.46, 81933, 170, 0, 0
244, 0, 111, 158, 148, 28, 42.01%, 0, 0, 2, 463.46, 84299, 171, 0, 0
249, 0, 111, 158, 148, 28, 42.01%, 0, 0, 2, 434.73, 86452, 171, 0, 0
254, 0, 111, 159, 149, 28, 42.01%, 0, 0, 2, 438.20, 88683, 171, 0, 0
259, 0, 111, 159, 149, 28, 42.01%, 0, 0, 2, 458.66, 91020, 171, 0, 0
264, 0, 111, 159, 149, 28, 42.01%, 0, 0, 2, 430.21, 93171, 171, 0, 0
269, 0, 111, 159, 149, 28, 42.01%, 0, 0, 2, 429.48, 95363, 171, 0, 0
274, 0, 11, 161, 145, 27, 42.51%, 0, 0, 3, 428.40, 97558, 173, 0, 0
279, 0, 37, 162, 143, 24, 43.49%, 0, 0, 3, 433.87, 99752, 177, 0, 0
284, 0, 159, 162, 141, 22, 43.49%, 0, 0, 3, 425.15, 101939, 177, 0, 0
290, 0, 94, 167, 145, 21, 43.49%, 0, 0, 3, 451.48, 104279, 177, 0, 0
295, 0, 7, 180, 157, 20, 45.70%, 0, 0, 3, 452.06, 106496, 186, 0, 0
300, 0, 161, 186, 161, 23, 45.70%, 0, 0, 4, 441.11, 108735, 186, 0, 0
305, 0, 161, 191, 166, 23, 45.70%, 0, 0, 4, 460.57, 111056, 186, 0, 0
310, 0, 161, 193, 168, 23, 46.44%, 0, 0, 4, 450.59, 113347, 189, 0, 0
315, 0, 161, 193, 168, 23, 46.44%, 0, 0, 4, 444.84, 115609, 189, 0, 0
320, 0, 161, 193, 168, 23, 46.44%, 0, 0, 4, 430.45, 117850, 189, 0, 0
325, 0, 161, 194, 169, 23, 46.44%, 0, 0, 4, 433.73, 119994, 189, 0, 0
330, 0, 161, 194, 169, 23, 46.44%, 0, 0, 4, 420.84, 122202, 189, 0, 0
335, 0, 161, 194, 169, 23, 46.44%, 0, 0, 4, 450.40, 124526, 189, 0, 0
340, 0, 161, 195, 170, 23, 46.44%, 0, 0, 4, 431.52, 126705, 189, 0, 0
345, 0, 161, 197, 172, 23, 46.44%, 0, 0, 4, 441.84, 128920, 189, 0, 0
350, 0, 161, 197, 172, 23, 46.44%, 0, 0, 4, 422.74, 131032, 189, 0, 0
355, 0, 161, 198, 173, 23, 46.44%, 0, 0, 4, 457.52, 133357, 189, 0, 0
361, 0, 161, 198, 173, 23, 46.44%, 0, 0, 4, 449.62, 135615, 189, 0, 0
366, 0, 175, 200, 174, 24, 46.44%, 0, 0, 4, 444.79, 137829, 189, 0, 0
371, 0, 175, 225, 199, 24, 47.17%, 2, 0, 4, 433.90, 140024, 192, 2, 0
376, 0, 175, 233, 207, 24, 47.91%, 2, 0, 4, 454.28, 142386, 195, 2, 0
381, 0, 175, 236, 210, 24, 47.91%, 2, 0, 4, 453.87, 144678, 195, 2, 0
386, 0, 175, 236, 210, 24, 47.91%, 2, 0, 4, 445.28, 146991, 195, 2, 0
391, 0, 175, 238, 212, 24, 47.91%, 2, 0, 4, 455.00, 149336, 195, 2, 0
396, 0, 175, 240, 214, 24, 47.91%, 2, 0, 4, 458.79, 151645, 195, 2, 0
401, 0, 175, 240, 214, 24, 47.91%, 2, 0, 4, 465.87, 154003, 195, 2, 0
406, 0, 175, 241, 215, 24, 48.16%, 2, 0, 4, 471.02, 156377, 196, 2, 0
411, 0, 175, 241, 215, 24, 48.16%, 2, 0, 4, 486.66, 158798, 196, 2, 0
416, 0, 175, 241, 215, 24, 48.16%, 2, 0, 4, 453.95, 161084, 196, 2, 0
421, 0, 175, 241, 215, 24, 48.16%, 2, 0, 4, 454.82, 163424, 196, 2, 0
426, 0, 175, 241, 215, 24, 48.16%, 2, 0, 4, 434.30, 165538, 196, 2, 0
431, 0, 175, 241, 215, 24, 48.16%, 2, 0, 4, 457.25, 167924, 196, 2, 0
436, 0, 175, 241, 215, 24, 48.16%, 2, 0, 4, 433.87, 170074, 196, 2, 0
441, 0, 175, 241, 215, 24, 48.16%, 2, 0, 4, 440.26, 172338, 196, 2, 0
447, 0, 175, 242, 216, 24, 48.16%, 2, 0, 4, 435.67, 174593, 196, 2, 0
452, 0, 175, 242, 216, 24, 48.16%, 2, 0, 4, 442.98, 176809, 196, 2, 0
457, 0, 227, 242, 215, 24, 48.16%, 2, 0, 4, 458.81, 179163, 196, 2, 0
462, 0, 240, 242, 214, 23, 48.16%, 2, 0, 4, 450.77, 181438, 196, 2, 0
467, 0, 144, 242, 212, 21, 48.16%, 2, 0, 4, 478.43, 183914, 196, 2, 0
472, 0, 110, 244, 211, 20, 48.65%, 2, 0, 4, 460.17, 186235, 198, 2, 0
477, 0, 248, 250, 216, 21, 48.89%, 2, 0, 4, 472.32, 188607, 199, 2, 0
482, 0, 246, 250, 212, 17, 48.89%, 2, 0, 4, 477.31, 191091, 199, 2, 0
487, 0, 157, 251, 210, 15, 48.89%, 2, 0, 5, 471.89, 193524, 199, 2, 0
493, 0, 157, 251, 210, 15, 48.89%, 2, 0, 5, 460.09, 195452, 199, 2, 0
498, 0, 181, 251, 208, 13, 48.89%, 2, 0, 5, 437.28, 197685, 199, 2, 0
503, 0, 202, 251, 206, 11, 48.89%, 2, 0, 5, 434.14, 199938, 199, 2, 0
508, 0, 76, 251, 204, 9, 48.89%, 2, 0, 5, 453.56, 202234, 199, 2, 0
513, 0, 231, 252, 202, 6, 49.14%, 2, 0, 5, 457.16, 204527, 200, 2, 0
518, 0, 102, 252, 199, 4, 49.14%, 2, 0, 5, 463.70, 206890, 200, 2, 0
523, 0, 102, 252, 199, 4, 49.14%, 2, 0, 5, 421.11, 209032, 200, 2, 0
528, 0, 102, 252, 199, 4, 49.14%, 2, 0, 5, 412.89, 211096, 200, 2, 0
534, 0, 113, 252, 197, 2, 49.14%, 2, 0, 5, 422.71, 213204, 200, 2, 0
539, 0, 71, 253, 194, 0, 49.14%, 2, 0, 5, 456.18, 215534, 200, 2, 0
544, 0, 146, 282, 221, 0, 49.39%, 2, 0, 5, 471.02, 217944, 201, 2, 0
549, 0, 146, 290, 229, 0, 49.39%, 2, 0, 5, 458.91, 220223, 201, 2, 0
554, 0, 146, 293, 232, 0, 49.39%, 2, 0, 5, 487.98, 222674, 201, 2, 0
559, 0, 146, 296, 235, 0, 49.39%, 2, 0, 5, 458.84, 225044, 201, 2, 0
564, 0, 146, 296, 235, 0, 49.39%, 2, 0, 5, 445.21, 227256, 201, 2, 0
569, 0, 146, 297, 236, 0, 49.39%, 2, 0, 5, 432.66, 229519, 201, 2, 0
574, 0, 293, 297, 234, 1, 49.39%, 2, 0, 5, 461.29, 231897, 201, 2, 0
579, 0, 266, 298, 233, 0, 49.39%, 2, 0, 5, 465.42, 234209, 201, 2, 0
584, 0, 232, 298, 231, 0, 49.39%, 2, 0, 5, 444.30, 236477, 201, 2, 0
589, 0, 92, 299, 230, 0, 49.39%, 2, 0, 5, 457.42, 238770, 201, 2, 0
594, 0, 86, 299, 227, 0, 49.39%, 2, 0, 5, 435.24, 241005, 201, 2, 0
600, 0, 197, 299, 222, 0, 49.39%, 2, 0, 5, 439.06, 243240, 201, 2, 0
605, 0, 203, 299, 219, 0, 49.39%, 2, 0, 5, 444.57, 245479, 201, 2, 0
610, 0, 117, 299, 216, 0, 49.39%, 2, 0, 5, 454.10, 247805, 201, 2, 0
615, 0, 258, 299, 214, 0, 49.39%, 2, 0, 5, 455.42, 250121, 201, 2, 0
620, 0, 130, 299, 211, 0, 49.39%, 2, 0, 5, 460.97, 252395, 201, 2, 0
625, 0, 274, 299, 207, 0, 49.39%, 2, 0, 5, 445.01, 254654, 201, 2, 0
630, 0, 239, 301, 208, 0, 49.39%, 2, 0, 5, 471.04, 257065, 201, 2, 0
635, 0, 159, 302, 205, 0, 49.39%, 2, 0, 5, 484.23, 259547, 201, 2, 0
640, 0, 208, 309, 212, 0, 49.39%, 2, 0, 5, 472.86, 261863, 201, 2, 0
645, 0, 208, 313, 216, 0, 49.39%, 2, 0, 5, 427.31, 263984, 201, 2, 0
650, 0, 208, 313, 216, 0, 49.39%, 2, 0, 5, 447.62, 266208, 201, 2, 0
655, 0, 208, 315, 218, 0, 49.39%, 2, 0, 5, 444.93, 268430, 201, 2, 0
660, 0, 219, 315, 216, 0, 49.39%, 2, 0, 5, 459.43, 270751, 201, 2, 0
665, 0, 158, 315, 214, 0, 49.39%, 2, 0, 5, 456.65, 272998, 201, 2, 0
670, 0, 305, 315, 212, 0, 49.39%, 2, 0, 5, 458.52, 275334, 201, 2, 0
676, 0, 169, 315, 210, 0, 49.39%, 2, 0, 5, 437.93, 277581, 201, 2, 0
681, 0, 205, 319, 213, 0, 49.39%, 2, 0, 5, 433.56, 279760, 201, 2, 0
686, 0, 205, 321, 215, 0, 49.39%, 2, 0, 5, 453.35, 282146, 201, 2, 0
691, 0, 205, 322, 216, 0, 49.39%, 2, 0, 5, 440.86, 284373, 201, 2, 0
696, 0, 296, 322, 214, 0, 49.39%, 2, 0, 5, 446.36, 286655, 201, 2, 0
701, 0, 316, 323, 213, 0, 49.39%, 2, 0, 5, 462.69, 289033, 201, 2, 0
706, 0, 107, 323, 211, 0, 49.39%, 2, 0, 5, 456.26, 291360, 201, 2, 0
711, 0, 283, 323, 209, 0, 49.39%, 2, 0, 5, 461.98, 293657, 201, 2, 0
716, 0, 238, 323, 206, 0, 49.39%, 2, 0, 5, 467.91, 295963, 201, 2, 0
721, 0, 308, 323, 204, 0, 49.39%, 2, 0, 5, 455.60, 298239, 201, 2, 0
726, 0, 46, 323, 201, 0, 49.39%, 2, 0, 5, 445.56, 300517, 201, 2, 0
731, 0, 281, 323, 199, 0, 49.39%, 2, 0, 5, 434.54, 302746, 201, 2, 0
736, 0, 101, 323, 197, 0, 49.39%, 2, 0, 5, 428.08, 304878, 201, 2, 0
741, 0, 34, 323, 194, 0, 49.39%, 2, 0, 5, 459.45, 307138, 201, 2, 0
746, 0, 113, 323, 192, 0, 49.39%, 2, 0, 5, 455.70, 309456, 201, 2, 0
752, 0, 18, 323, 191, 0, 49.39%, 2, 0, 5, 432.09, 311598, 201, 2, 0
757, 0, 247, 323, 188, 0, 49.39%, 2, 0, 5, 415.86, 313712, 201, 2, 0
762, 0, 278, 323, 186, 0, 49.39%, 2, 0, 5, 443.17, 315930, 201, 2, 0
767, 0, 124, 323, 183, 0, 49.39%, 2, 0, 5, 451.75, 318258, 201, 2, 0
772, 0, 8, 323, 182, 0, 49.39%, 2, 0, 5, 434.11, 320489, 201, 2, 0
777, 0, 213, 323, 179, 0, 49.39%, 2, 0, 5, 452.75, 322750, 201, 2, 0
782, 0, 227, 323, 177, 0, 49.39%, 2, 0, 5, 475.02, 325183, 201, 2, 0
787, 1, 261, 323, 175, 0, 49.39%, 2, 0, 5, 423.52, 327315, 201, 2, 0
792, 1, 323, 324, 174, 1, 49.63%, 2, 0, 5, 420.75, 329533, 202, 2, 0
797, 1, 138, 324, 172, 0, 49.63%, 2, 0, 5, 471.49, 331872, 202, 2, 0
802, 1, 115, 324, 169, 0, 49.63%, 2, 0, 5, 457.26, 334216, 202, 2, 0
808, 1, 265, 324, 165, 0, 49.63%, 2, 0, 5, 470.46, 336677, 202, 2, 0
813, 1, 78, 324, 162, 0, 49.63%, 2, 0, 5, 468.16, 339031, 202, 2, 0
818, 1, 103, 324, 160, 0, 49.63%, 2, 0, 5, 421.38, 341075, 202, 2, 0
823, 1, 112, 325, 158, 0, 49.63%, 2, 0, 5, 432.95, 343200, 202, 2, 0
828, 1, 320, 329, 161, 0, 49.63%, 2, 0, 5, 434.23, 345438, 202, 2, 0
833, 1, 177, 329, 159, 0, 49.63%, 2, 0, 5, 444.02, 347692, 202, 2, 0
838, 1, 251, 329, 153, 0, 49.63%, 2, 0, 5, 446.86, 349973, 202, 2, 0
843, 1, 313, 330, 152, 0, 49.63%, 2, 0, 5, 459.83, 352356, 202, 2, 0
848, 1, 229, 331, 151, 0, 49.63%, 2, 0, 5, 444.68, 354615, 202, 2, 0
853, 1, 218, 331, 147, 0, 49.63%, 2, 0, 5, 456.62, 356931, 202, 2, 0
858, 1, 160, 331, 143, 0, 49.63%, 2, 0, 5, 466.02, 359278, 202, 2, 0
863, 1, 105, 331, 141, 0, 49.63%, 2, 0, 5, 458.55, 361532, 202, 2, 0
868, 1, 331, 335, 141, 1, 50.37%, 2, 0, 5, 451.59, 363746, 205, 2, 0
873, 1, 254, 335, 138, 1, 50.37%, 2, 0, 5, 454.79, 365998, 205, 2, 0
879, 1, 102, 335, 135, 0, 50.37%, 2, 0, 5, 458.75, 368328, 205, 2, 0
884, 1, 259, 335, 133, 0, 50.37%, 2, 0, 5, 462.87, 370618, 205, 2, 0
889, 1, 216, 335, 130, 0, 50.37%, 2, 0, 5, 456.51, 372964, 205, 2, 0
894, 1, 139, 335, 128, 0, 50.37%, 2, 0, 5, 430.35, 375077, 205, 2, 0
899, 1, 300, 336, 127, 0, 50.37%, 2, 0, 6, 433.72, 377228, 205, 2, 0
904, 1, 211, 336, 123, 0, 50.37%, 2, 0, 6, 460.76, 379574, 205, 2, 0
909, 1, 206, 336, 120, 0, 50.37%, 2, 0, 6, 452.40, 381838, 205, 2, 0
914, 1, 165, 336, 117, 0, 50.37%, 2, 0, 6, 453.48, 384169, 205, 2, 0
919, 1, 336, 337, 117, 1, 50.61%, 2, 0, 6, 485.56, 386613, 206, 2, 0
924, 1, 321, 339, 116, 0, 50.61%, 2, 0, 6, 472.11, 388966, 206, 2, 0
929, 1, 284, 340, 116, 0, 50.61%, 2, 0, 6, 449.00, 391175, 206, 2, 0
934, 1, 207, 340, 113, 0, 50.61%, 2, 0, 6, 458.70, 393505, 206, 2, 0
939, 1, 222, 341, 112, 0, 50.61%, 2, 0, 6, 453.26, 395819, 206, 2, 0
944, 1, 181, 341, 109, 0, 50.61%, 2, 0, 6, 497.45, 398491, 206, 2, 0
950, 1, 271, 341, 107, 0, 50.61%, 2, 0, 6, 471.33, 400768, 206, 2, 0
955, 1, 245, 341, 104, 0, 50.61%, 2, 0, 6, 447.05, 403076, 206, 2, 0
960, 1, 338, 341, 101, 0, 50.61%, 2, 0, 6, 440.36, 405314, 206, 2, 0
965, 1, 301, 341, 98, 0, 50.61%, 2, 0, 6, 439.95, 407561, 206, 2, 0
970, 1, 164, 341, 96, 0, 50.61%, 2, 0, 6, 451.81, 409853, 206, 2, 0
975, 1, 251, 341, 94, 0, 50.61%, 2, 0, 6, 469.86, 412243, 206, 2, 0
980, 1, 324, 341, 92, 0, 50.61%, 2, 0, 6, 439.00, 414520, 206, 2, 0
985, 1, 273, 341, 89, 0, 50.61%, 2, 0, 6, 449.35, 416804, 206, 2, 0
990, 1, 340, 341, 87, 0, 50.61%, 2, 0, 6, 462.75, 419110, 206, 2, 0
995, 1, 309, 342, 85, 0, 50.61%, 2, 0, 6, 458.55, 421454, 206, 2, 0
1000, 1, 141, 342, 82, 0, 50.61%, 2, 0, 6, 467.86, 423781, 206, 2, 0
1005, 1, 325, 342, 80, 0, 50.61%, 2, 0, 6, 463.98, 426146, 206, 2, 0
1010, 1, 342, 343, 79, 1, 50.61%, 2, 0, 6, 476.99, 428550, 206, 2, 0
1016, 1, 109, 343, 76, 0, 50.61%, 2, 0, 6, 449.47, 430782, 206, 2, 0
1021, 1, 140, 343, 74, 0, 50.61%, 2, 0, 6, 473.69, 433208, 206, 2, 0
1026, 1, 122, 343, 72, 0, 50.61%, 2, 0, 6, 457.06, 435503, 206, 2, 0
1031, 1, 279, 343, 70, 0, 50.61%, 2, 0, 6, 448.56, 437753, 206, 2, 0
1036, 1, 292, 343, 68, 0, 50.61%, 2, 0, 6, 444.94, 439977, 206, 2, 0
1041, 1, 287, 343, 64, 0, 50.61%, 2, 0, 6, 470.48, 442410, 206, 2, 0
1046, 1, 143, 343, 63, 0, 50.61%, 2, 0, 6, 455.72, 444749, 206, 2, 0
1051, 1, 45, 343, 61, 0, 50.61%, 2, 0, 6, 449.40, 447018, 206, 2, 0
1056, 1, 159, 344, 60, 0, 50.61%, 2, 0, 6, 457.89, 449381, 206, 2, 0
1061, 1, 182, 344, 58, 0, 50.61%, 2, 0, 6, 436.51, 451553, 206, 2, 0
1066, 1, 262, 344, 56, 0, 50.61%, 2, 0, 6, 460.48, 453910, 206, 2, 0
1071, 1, 66, 344, 54, 0, 50.61%, 2, 0, 6, 448.06, 456184, 206, 2, 0
1076, 2, 381, 383, 91, 10, 52.58%, 3, 0, 6, 436.94, 458366, 214, 3, 0
1081, 2, 368, 383, 89, 8, 52.58%, 3, 0, 6, 436.65, 460594, 214, 3, 0
1086, 2, 349, 383, 87, 6, 52.58%, 3, 0, 6, 463.25, 462904, 214, 3, 0
1091, 2, 378, 383, 84, 3, 52.58%, 3, 0, 6, 488.11, 465348, 214, 3, 0
1096, 2, 366, 383, 82, 1, 52.58%, 3, 0, 6, 465.97, 467657, 214, 3, 0
1101, 2, 183, 383, 81, 0, 52.58%, 3, 0, 6, 419.48, 469727, 214, 3, 0
1106, 2, 204, 383, 79, 0, 52.58%, 3, 0, 6, 439.91, 471998, 214, 3, 0
1112, 2, 328, 383, 77, 0, 52.58%, 3, 0, 6, 450.87, 474291, 214, 3, 0
1117, 2, 94, 383, 75, 0, 52.58%, 3, 0, 6, 445.23, 476525, 214, 3, 0
1122, 2, 347, 383, 74, 0, 52.58%, 3, 0, 6, 461.24, 478825, 214, 3, 0
1127, 2, 351, 383, 71, 0, 52.58%, 3, 0, 6, 450.97, 481193, 214, 3, 0
1132, 2, 214, 383, 69, 0, 52.58%, 3, 0, 6, 443.39, 483471, 214, 3, 0
1137, 2, 147, 383, 67, 0, 52.58%, 3, 0, 6, 457.26, 485775, 214, 3, 0
1142, 2, 109, 383, 64, 0, 52.58%, 3, 0, 6, 456.51, 488097, 214, 3, 0
1147, 2, 20, 383, 61, 0, 52.58%, 3, 0, 6, 431.36, 490248, 214, 3, 0
1152, 2, 60, 383, 57, 0, 52.58%, 3, 0, 6, 438.64, 492501, 214, 3, 0
1157, 2, 53, 383, 53, 0, 52.58%, 3, 0, 6, 445.92, 494791, 214, 3, 0
1162, 2, 293, 383, 51, 0, 52.58%, 3, 0, 6, 463.69, 497149, 214, 3, 0
1167, 2, 341, 383, 48, 0, 52.58%, 3, 0, 6, 439.93, 499289, 214, 3, 0
1172, 2, 253, 383, 45, 0, 52.58%, 3, 0, 6, 438.67, 501523, 214, 3, 0
1178, 2, 94, 383, 42, 0, 52.58%, 3, 0, 6, 462.53, 503915, 214, 3, 0
1183, 2, 379, 383, 41, 0, 52.58%, 3, 0, 6, 466.88, 506297, 214, 4, 0
1188, 2, 192, 383, 39, 0, 52.58%, 3, 0, 6, 458.38, 508574, 214, 4, 0
1193, 2, 102, 383, 37, 0, 52.58%, 3, 0, 6, 450.45, 510858, 214, 4, 0
1198, 2, 358, 383, 36, 0, 52.58%, 3, 0, 6, 431.93, 513021, 214, 4, 0
1203, 2, 34, 383, 35, 0, 52.58%, 3, 0, 6, 442.02, 515306, 214, 4, 0
1208, 2, 378, 383, 33, 0, 52.58%, 3, 0, 6, 448.88, 517618, 214, 4, 0
1213, 2, 327, 383, 31, 0, 52.58%, 3, 0, 6, 437.92, 519832, 214, 5, 0
1218, 2, 225, 383, 29, 0, 52.58%, 3, 0, 6, 469.95, 522242, 214, 5, 0
1223, 2, 159, 383, 28, 0, 52.58%, 3, 0, 6, 458.17, 524558, 214, 5, 0
1228, 2, 332, 383, 27, 0, 52.58%, 3, 0, 6, 445.25, 526797, 214, 5, 0
1233, 2, 260, 383, 26, 0, 52.58%, 3, 0, 6, 460.12, 529129, 214, 5, 0
1238, 2, 34, 383, 24, 0, 52.58%, 3, 0, 6, 455.68, 531420, 214, 5, 0
1243, 2, 243, 384, 23, 0, 52.58%, 3, 0, 6, 444.00, 533660, 214, 5, 0
1248, 2, 372, 384, 21, 0, 52.58%, 3, 0, 6, 458.88, 536004, 214, 5, 0
1254, 2, 192, 384, 19, 0, 52.58%, 3, 0, 6, 431.64, 538167, 214, 5, 0
1259, 2, 376, 384, 18, 0, 52.58%, 3, 0, 6, 435.54, 540444, 214, 5, 0
1264, 2, 348, 384, 17, 0, 52.58%, 3, 0, 6, 451.29, 542715, 214, 5, 0
1269, 2, 374, 384, 15, 0, 52.58%, 3, 0, 6, 450.58, 544983, 214, 5, 0
1274, 2, 131, 384, 14, 0, 52.58%, 3, 0, 6, 453.55, 547263, 214, 5, 0
1279, 2, 365, 384, 13, 0, 52.58%, 3, 0, 6, 442.53, 549593, 214, 5, 0
1284, 2, 76, 384, 12, 0, 52.58%, 3, 0, 6, 455.15, 551914, 214, 5, 0
1289, 2, 315, 384, 12, 0, 52.58%, 3, 0, 6, 470.30, 554277, 214, 5, 0
1294, 3, 286, 387, 14, 0, 52.58%, 3, 0, 6, 450.99, 556583, 214, 5, 0
1299, 3, 349, 387, 13, 0, 52.58%, 3, 0, 6, 436.47, 558794, 214, 5, 0
1304, 3, 349, 387, 12, 0, 52.58%, 3, 0, 6, 438.05, 561013, 214, 5, 0
1309, 3, 34, 387, 12, 0, 52.58%, 3, 0, 6, 462.02, 563342, 214, 5, 0
1314, 3, 192, 387, 12, 0, 52.58%, 4, 0, 6, 443.05, 565540, 214, 6, 0
1320, 3, 355, 387, 11, 0, 52.58%, 4, 0, 6, 445.31, 567866, 214, 6, 0
1325, 3, 58, 387, 11, 0, 52.58%, 4, 0, 6, 436.00, 570132, 214, 6, 0
1330, 3, 374, 387, 11, 0, 52.58%, 5, 0, 6, 436.11, 572388, 214, 8, 0
1335, 3, 384, 387, 10, 0, 52.58%, 5, 0, 6, 423.18, 574532, 214, 8, 0
1340, 3, 264, 387, 9, 0, 52.58%, 5, 0, 6, 437.57, 576773, 214, 9, 0
1345, 3, 357, 387, 8, 0, 52.58%, 5, 0, 6, 441.69, 579019, 214, 9, 0
1350, 3, 76, 387, 7, 0, 52.58%, 5, 0, 6, 460.26, 581419, 214, 9, 0
1355, 3, 332, 387, 7, 0, 52.58%, 5, 0, 6, 423.18, 583494, 214, 9, 0
1360, 3, 57, 387, 6, 0, 52.58%, 5, 0, 6, 446.75, 585753, 214, 9, 0
1365, 3, 192, 387, 6, 0, 52.58%, 5, 0, 6, 430.07, 587907, 214, 9, 0
1370, 3, 184, 387, 6, 0, 52.58%, 5, 0, 6, 439.87, 590146, 214, 9, 0
1375, 3, 76, 387, 5, 0, 52.58%, 5, 0, 6, 457.55, 592506, 214, 9, 0
1380, 3, 157, 387, 4, 0, 52.58%, 5, 0, 6, 436.34, 594681, 214, 9, 0
1385, 3, 314, 387, 4, 0, 52.58%, 5, 0, 6, 440.06, 596975, 214, 11, 0
1390, 3, 131, 387, 3, 0, 52.58%, 5, 0, 6, 446.80, 599234, 214, 11, 0
1396, 3, 268, 387, 3, 0, 52.58%, 6, 0, 6, 439.06, 601511, 214, 13, 0
1401, 3, 355, 387, 3, 0, 52.58%, 6, 0, 6, 371.26, 603349, 214, 13, 0
1406, 3, 299, 387, 3, 0, 52.58%, 6, 0, 6, 416.32, 605468, 214, 13, 0
1411, 3, 374, 387, 3, 0, 52.58%, 6, 0, 6, 398.02, 607504, 214, 13, 0
1416, 4, 333, 388, 4, 0, 52.58%, 6, 0, 6, 412.75, 609607, 214, 13, 0
1421, 4, 277, 388, 4, 0, 52.58%, 6, 0, 6, 422.24, 611806, 214, 13, 0
1426, 4, 354, 388, 4, 0, 52.58%, 6, 0, 6, 413.12, 613916, 214, 13, 0
1431, 4, 76, 388, 4, 0, 52.58%, 6, 0, 6, 442.29, 616168, 214, 13, 0
1436, 4, 34, 388, 4, 0, 52.58%, 6, 0, 6, 421.92, 618343, 214, 13, 0
1441, 4, 93, 388, 4, 0, 52.58%, 6, 0, 6, 414.04, 620403, 214, 13, 0
1446, 4, 192, 388, 3, 0, 52.58%, 6, 0, 6, 428.62, 622552, 214, 13, 0
1451, 4, 355, 388, 3, 0, 52.58%, 6, 0, 6, 458.34, 624932, 214, 13, 0
1457, 4, 298, 388, 3, 0, 52.58%, 6, 0, 6, 453.08, 627246, 214, 13, 0
1462, 4, 94, 388, 3, 0, 52.58%, 6, 0, 6, 450.72, 629524, 214, 17, 0
1467, 4, 192, 388, 3, 0, 52.58%, 6, 0, 6, 437.46, 631747, 214, 17, 0
1472, 4, 124, 388, 3, 0, 52.58%, 6, 0, 6, 432.36, 633907, 214, 17, 0
1477, 4, 225, 388, 3, 0, 52.58%, 6, 0, 6, 412.95, 635996, 214, 17, 0
1482, 4, 332, 388, 3, 0, 52.58%, 6, 0, 6, 412.65, 638031, 214, 17, 0
1487, 4, 242, 388, 3, 0, 52.58%, 6, 0, 6, 396.56, 640060, 214, 17, 0
1492, 4, 94, 388, 3, 0, 52.58%, 6, 0, 6, 439.41, 642371, 214, 17, 0
1497, 4, 242, 388, 3, 0, 52.58%, 6, 0, 6, 440.92, 644553, 214, 17, 0
1502, 4, 157, 388, 3, 0, 52.58%, 6, 0, 6, 452.51, 646834, 214, 17, 0
1507, 4, 15, 388, 3, 0, 52.58%, 6, 0, 6, 440.68, 649053, 214, 17, 0
1512, 4, 157, 388, 3, 0, 52.58%, 6, 0, 6, 439.73, 651235, 214, 21, 0
1517, 4, 10, 388, 3, 0, 52.58%, 6, 0, 6, 446.69, 653560, 214, 21, 0
1522, 5, 399, 408, 23, 7, 57.74%, 6, 0, 6, 451.04, 655881, 235, 21, 0
1527, 5, 399, 413, 28, 7, 57.74%, 6, 0, 6, 444.52, 658139, 235, 21, 0
1533, 5, 407, 413, 27, 6, 57.74%, 6, 0, 6, 436.86, 660294, 235, 21, 0
1538, 5, 389, 424, 37, 5, 57.74%, 6, 0, 6, 429.31, 662410, 235, 21, 0
1543, 5, 428, 431, 42, 5, 57.74%, 6, 0, 6, 435.48, 664686, 235, 21, 0
1548, 5, 393, 432, 42, 4, 57.99%, 6, 0, 6, 439.82, 666828, 236, 21, 0
1553, 5, 388, 432, 40, 3, 57.99%, 6, 0, 6, 434.05, 669063, 236, 21, 0
1558, 5, 431, 432, 39, 2, 57.99%, 6, 0, 6, 437.01, 671288, 236, 21, 0
1563, 5, 432, 433, 38, 1, 58.23%, 6, 0, 6, 442.81, 673582, 237, 21, 0
1568, 5, 415, 433, 37, 0, 58.23%, 6, 0, 6, 456.09, 675897, 237, 21, 0
1573, 5, 144, 433, 35, 0, 58.23%, 6, 0, 6, 478.66, 678288, 237, 21, 0
1578, 5, 428, 434, 35, 0, 58.23%, 6, 0, 6, 458.11, 680613, 237, 23, 0
1583, 5, 422, 434, 34, 0, 58.23%, 6, 0, 6, 422.00, 682707, 237, 23, 0
1588, 5, 424, 434, 33, 0, 58.23%, 6, 0, 6, 441.53, 684938, 237, 23, 0
1593, 5, 410, 434, 31, 0, 58.23%, 6, 0, 6, 460.97, 687246, 237, 23, 0
1598, 5, 94, 435, 30, 0, 58.23%, 6, 0, 6, 449.23, 689521, 237, 23, 0
1604, 5, 405, 435, 29, 0, 58.23%, 6, 0, 6, 435.48, 691758, 237, 23, 0
1609, 5, 181, 435, 27, 0, 58.23%, 6, 0, 6, 479.23, 694222, 237, 25, 0
1614, 5, 412, 435, 26, 0, 58.23%, 6, 0, 6, 452.02, 696492, 237, 27, 0
1619, 5, 403, 435, 25, 0, 58.23%, 6, 0, 6, 437.76, 698751, 237, 28, 0
1624, 5, 397, 435, 24, 0, 58.23%, 6, 0, 6, 423.57, 700921, 237, 28, 0
1629, 5, 336, 435, 22, 0, 58.23%, 6, 0, 6, 444.90, 703179, 237, 28, 0
1634, 5, 76, 435, 22, 0, 58.23%, 6, 0, 6, 498.08, 705740, 237, 29, 0
1639, 5, 16, 435, 22, 0, 58.23%, 6, 0, 6, 472.61, 708109, 237, 29, 0
1644, 5, 413, 435, 21, 0, 58.23%, 6, 0, 6, 479.48, 710520, 237, 29, 0
1649, 5, 404, 435, 20, 0, 58.23%, 6, 0, 6, 470.27, 712848, 237, 29, 0
1654, 5, 355, 435, 19, 0, 58.23%, 6, 0, 6, 428.15, 714986, 237, 29, 0
1659, 5, 400, 435, 19, 0, 58.23%, 6, 0, 6, 425.33, 717163, 237, 29, 0
1664, 5, 242, 435, 18, 0, 58.23%, 6, 0, 6, 448.30, 719449, 237, 31, 0
1669, 5, 420, 435, 18, 0, 58.23%, 6, 0, 6, 442.25, 721619, 237, 32, 0
1674, 5, 419, 435, 17, 0, 58.23%, 6, 0, 6, 444.97, 723874, 237, 32, 0
1679, 5, 168, 435, 15, 0, 58.23%, 6, 0, 6, 457.98, 726218, 237, 32, 0
1685, 5, 366, 435, 14, 0, 58.23%, 6, 0, 6, 438.93, 728431, 237, 32, 0
1690, 5, 141, 435, 14, 0, 58.23%, 6, 0, 6, 448.86, 730691, 237, 32, 0
1695, 5, 434, 435, 14, 0, 58.23%, 6, 0, 6, 455.83, 732999, 237, 32, 0
1700, 5, 354, 435, 13, 0, 58.23%, 6, 0, 6, 438.28, 735209, 237, 32, 0
1705, 5, 408, 435, 13, 0, 58.23%, 6, 0, 6, 430.60, 737339, 237, 32, 0
1710, 5, 433, 435, 12, 0, 58.23%, 6, 0, 6, 448.54, 739669, 237, 32, 0
1715, 5, 218, 435, 11, 0, 58.23%, 6, 0, 6, 461.10, 742051, 237, 33, 0
1720, 5, 411, 435, 10, 0, 58.23%, 6, 0, 6, 471.94, 744426, 237, 33, 0
1725, 5, 366, 435, 9, 0, 58.23%, 6, 0, 6, 458.74, 746734, 237, 33, 0
1730, 5, 323, 435, 9, 0, 58.23%, 6, 0, 6, 422.33, 748845, 237, 37, 0
1735, 5, 315, 435, 9, 0, 58.23%, 6, 0, 6, 437.45, 751015, 237, 37, 0
1740, 5, 324, 435, 9, 0, 58.23%, 6, 0, 6, 431.61, 753170, 237, 37, 0
1745, 5, 414, 435, 8, 0, 58.23%, 6, 0, 6, 443.74, 755458, 237, 37, 0
1750, 6, 435, 474, 45, 3, 61.43%, 6, 0, 6, 448.99, 757733, 250, 37, 0
1755, 6, 435, 474, 45, 3, 61.43%, 6, 0, 6, 455.98, 760014, 250, 37, 0
1760, 6, 447, 474, 44, 2, 61.43%, 6, 0, 6, 440.32, 762315, 250, 37, 0
1766, 6, 472, 485, 54, 1, 61.43%, 6, 0, 6, 450.43, 764633, 250, 37, 0
1771, 6, 277, 485, 53, 0, 61.43%, 6, 0, 6, 445.58, 766873, 250, 37, 0
1776, 6, 463, 485, 52, 0, 61.43%, 6, 0, 6, 451.33, 769169, 250, 37, 0
1781, 6, 476, 485, 49, 0, 61.43%, 6, 0, 6, 482.36, 771716, 250, 37, 0
1786, 6, 455, 485, 47, 0, 61.43%, 6, 0, 6, 469.67, 774072, 250, 37, 0
1791, 6, 475, 485, 45, 0, 61.43%, 6, 0, 6, 449.74, 776315, 250, 37, 0
1796, 6, 444, 485, 43, 0, 61.43%, 6, 0, 6, 456.63, 778669, 250, 37, 0
1801, 6, 469, 485, 41, 0, 61.43%, 6, 0, 6, 460.90, 780930, 250, 37, 0
1802, 6, 469, 485, 41, 0, 61.43%, 6, 0, 6, 443.88, 781423, 250, 37, 0
