# relative_time, cycles_done, cur_item, corpus_count, pending_total, pending_favs, map_size, saved_crashes, saved_hangs, max_depth, execs_per_sec, total_execs, edges_found, total_crashes, servers_count
60, 0, 8, 63, 56, 23, 33.42%, 0, 0, 2, 370.92, 24756, 136, 0, 0
65, 0, 8, 63, 56, 23, 33.42%, 0, 0, 2, 377.68, 26660, 136, 0, 0
70, 0, 8, 63, 56, 23, 33.42%, 0, 0, 2, 381.02, 28599, 136, 0, 0
76, 0, 8, 63, 56, 23, 33.42%, 0, 0, 2, 399.40, 30602, 136, 0, 0
81, 0, 8, 63, 56, 23, 33.42%, 0, 0, 2, 387.40, 32527, 136, 0, 0
86, 0, 8, 63, 56, 23, 33.42%, 0, 0, 2, 380.20, 34424, 136, 0, 0
91, 0, 8, 63, 56, 23, 33.42%, 0, 0, 2, 386.26, 36405, 136, 0, 0
96, 0, 8, 63, 56, 23, 33.42%, 0, 0, 2, 401.70, 38472, 136, 0, 0
101, 0, 8, 63, 56, 23, 33.42%, 0, 0, 2, 420.58, 40616, 136, 0, 0
106, 0, 8, 63, 56, 23, 33.42%, 0, 0, 2, 405.16, 42728, 136, 0, 0
111, 0, 8, 63, 56, 23, 33.42%, 0, 0, 2, 397.17, 44808, 136, 0, 0
116, 0, 8, 64, 57, 23, 33.66%, 0, 0, 2, 413.80, 46919, 137, 0, 0
121, 0, 10, 64, 56, 24, 33.66%, 0, 0, 2, 386.74, 48867, 137, 0, 0
126, 0, 18, 64, 48, 16, 33.66%, 0, 0, 2, 415.44, 50989, 137, 0, 0
131, 0, 20, 77, 60, 14, 34.15%, 0, 0, 2, 407.44, 53029, 139, 0, 0
136, 0, 20, 85, 68, 14, 35.38%, 0, 0, 2, 416.03, 55149, 144, 0, 0
141, 0, 20, 88, 71, 14, 35.38%, 0, 0, 2, 429.56, 57266, 144, 0, 0
146, 0, 20, 90, 73, 14, 35.38%, 0, 0, 2, 409.36, 59352, 144, 0, 0
151, 0, 20, 92, 75, 14, 35.38%, 0, 0, 2, 437.96, 61615, 144, 0, 0
157, 0, 20, 92, 75, 14, 35.38%, 0, 0, 2, 455.68, 63981, 144, 0, 0
162, 0, 20, 93, 76, 14, 35.38%, 0, 0, 2, 438.60, 66190, 144, 0, 0
167, 0, 20, 94, 77, 14, 35.38%, 0, 0, 2, 447.32, 68503, 144, 0, 0
172, 0, 20, 94, 77, 14, 35.38%, 0, 0, 2, 76.43, 70672, 144, 0, 0
177, 0, 20, 94, 77, 14, 35.38%, 0, 0, 2, 440.50, 73016, 144, 0, 0
182, 0, 20, 94, 77, 14, 35.38%, 0, 0, 2, 432.32, 75160, 144, 0, 0
187, 0, 20, 94, 77, 14, 35.38%, 0, 0, 2, 430.97, 77368, 144, 0, 0
192, 0, 20, 94, 77, 14, 35.38%, 0, 0, 2, 410.24, 79464, 144, 0, 0
197, 0, 20, 95, 78, 14, 35.38%, 0, 0, 2, 452.84, 81825, 144, 0, 0
202, 0, 20, 95, 78, 14, 35.38%, 0, 0, 2, 436.82, 84007, 144, 0, 0
207, 0, 20, 95, 78, 14, 35.38%, 0, 0, 2, 460.27, 86388, 144, 0, 0
212, 0, 20, 95, 78, 14, 35.38%, 0, 0, 2, 448.66, 88692, 144, 0, 0
218, 0, 34, 95, 76, 13, 35.38%, 0, 0, 2, 428.79, 90807, 144, 0, 0
223, 0, 36, 113, 92, 13, 36.36%, 1, 0, 3, 456.13, 93058, 148, 1, 0
228, 0, 63, 118, 94, 12, 36.36%, 1, 0, 3, 404.23, 95093, 148, 1, 0
233, 0, 63, 125, 101, 12, 36.61%, 1, 0, 3, 397.79, 97145, 149, 1, 0
238, 0, 63, 127, 103, 12, 36.61%, 1, 0, 3, 392.60, 99090, 149, 1, 0
243, 0, 63, 128, 104, 12, 36.61%, 1, 0, 3, 385.38, 101001, 149, 1, 0
248, 0, 63, 131, 107, 12, 36.61%, 1, 0, 3, 424.37, 103219, 149, 1, 0
253, 0, 64, 139, 114, 13, 36.61%, 1, 0, 3, 427.64, 105324, 149, 1, 0
258, 0, 64, 142, 117, 13, 36.61%, 1, 0, 3, 436.18, 107633, 149, 1, 0
263, 0, 64, 143, 118, 13, 36.61%, 1, 0, 3, 436.70, 109872, 149, 1, 0
268, 0, 64, 144, 119, 13, 36.61%, 1, 0, 3, 461.70, 112180, 149, 1, 0
273, 0, 64, 144, 119, 13, 36.61%, 1, 0, 3, 455.80, 114439, 149, 1, 0
278, 0, 64, 144, 119, 13, 36.61%, 1, 0, 3, 440.73, 116698, 149, 1, 0
283, 0, 94, 148, 120, 10, 36.61%, 1, 0, 3, 432.48, 118839, 149, 1, 0
289, 0, 94, 152, 124, 10, 37.35%, 1, 0, 3, 432.75, 121071, 152, 1, 0
294, 0, 94, 152, 124, 10, 37.35%, 1, 0, 3, 436.77, 123319, 152, 1, 0
299, 0, 94, 152, 124, 10, 37.35%, 1, 0, 3, 407.82, 125407, 152, 1, 0
304, 0, 94, 154, 126, 10, 37.35%, 1, 0, 3, 406.70, 127469, 152, 1, 0
309, 0, 94, 154, 126, 10, 37.35%, 1, 0, 3, 405.97, 129565, 152, 1, 0
314, 0, 94, 154, 126, 10, 37.35%, 1, 0, 3, 401.14, 131599, 152, 1, 0
319, 0, 94, 155, 127, 10, 37.35%, 1, 0, 3, 383.22, 133489, 152, 1, 0
324, 0, 94, 155, 127, 10, 37.35%, 1, 0, 3, 383.08, 135505, 152, 1, 0
329, 0, 94, 156, 128, 10, 37.35%, 1, 0, 3, 392.45, 137479, 152, 1, 0
334, 0, 94, 156, 128, 10, 37.35%, 1, 0, 3, 431.61, 139731, 152, 1, 0
339, 0, 94, 156, 128, 10, 37.35%, 1, 0, 3, 454.87, 142042, 152, 1, 0
344, 0, 94, 156, 128, 10, 37.35%, 1, 0, 3, 428.15, 144211, 152, 1, 0
350, 0, 94, 156, 128, 10, 37.35%, 1, 0, 3, 427.64, 146347, 152, 1, 0
355, 0, 94, 156, 128, 10, 37.35%, 1, 0, 3, 462.20, 148774, 152, 1, 0
360, 0, 94, 156, 128, 10, 37.35%, 1, 0, 3, 451.74, 151078, 152, 1, 0
365, 0, 94, 156, 128, 10, 37.35%, 1, 0, 3, 419.52, 153155, 152, 1, 0
370, 0, 94, 156, 128, 10, 37.35%, 1, 0, 3, 407.58, 155147, 152, 1, 0
375, 0, 94, 156, 128, 10, 37.35%, 1, 0, 3, 423.60, 157275, 152, 1, 0
380, 0, 109, 158, 126, 9, 37.35%, 1, 0, 4, 415.93, 159387, 152, 1, 0
385, 0, 141, 160, 124, 6, 37.35%, 1, 0, 4, 419.97, 161448, 152, 1, 0
390, 0, 144, 168, 131, 5, 37.35%, 1, 0, 4, 487.74, 163996, 152, 1, 0
395, 0, 144, 172, 135, 5, 37.35%, 1, 0, 4, 489.40, 166409, 152, 1, 0
400, 0, 144, 173, 136, 5, 37.35%, 1, 0, 4, 426.24, 168516, 152, 1, 0
405, 0, 144, 175, 138, 5, 37.35%, 1, 0, 4, 418.88, 170626, 152, 1, 0
410, 0, 156, 176, 134, 2, 37.35%, 1, 0, 4, 451.28, 172937, 152, 1, 0
415, 0, 164, 180, 137, 1, 37.35%, 1, 0, 5, 411.64, 175005, 152, 1, 0
420, 0, 164, 185, 142, 1, 37.35%, 1, 0, 5, 426.53, 177208, 152, 1, 0
425, 0, 164, 187, 144, 1, 37.35%, 1, 0, 5, 447.90, 179526, 152, 1, 0
431, 0, 164, 187, 144, 1, 37.35%, 1, 0, 5, 407.90, 181590, 152, 1, 0
436, 0, 164, 189, 146, 1, 37.35%, 1, 0, 5, 424.63, 183748, 152, 1, 0
441, 1, 190, 191, 141, 1, 37.59%, 1, 0, 5, 469.18, 186175, 153, 1, 0
446, 2, 199, 311, 258, 19, 46.93%, 1, 0, 5, 434.68, 188235, 191, 1, 0
451, 2, 229, 312, 256, 16, 46.93%, 1, 0, 5, 438.26, 190504, 191, 1, 0
456, 2, 253, 312, 251, 13, 46.93%, 1, 0, 5, 436.37, 192733, 191, 1, 0
461, 2, 260, 313, 249, 11, 49.14%, 1, 0, 5, 439.11, 194945, 200, 1, 0
466, 2, 280, 313, 245, 7, 49.14%, 1, 0, 5, 439.13, 197149, 200, 1, 0
471, 2, 282, 313, 244, 6, 49.14%, 1, 0, 5, 435.14, 199359, 200, 1, 0
476, 2, 291, 313, 242, 4, 49.14%, 1, 0, 5, 434.81, 201574, 200, 1, 0
481, 2, 312, 331, 256, 1, 49.14%, 1, 0, 5, 369.02, 203458, 200, 1, 0
486, 2, 333, 334, 256, 0, 49.39%, 1, 0, 5, 368.61, 205274, 201, 1, 0
491, 2, 333, 342, 264, 0, 49.39%, 1, 0, 5, 426.48, 207489, 201, 1, 0
497, 2, 333, 344, 266, 0, 49.39%, 1, 0, 5, 409.26, 209607, 201, 1, 0
502, 2, 333, 345, 267, 0, 49.39%, 1, 0, 5, 420.09, 211766, 201, 1, 0
507, 2, 333, 346, 268, 0, 49.39%, 1, 0, 5, 431.90, 213981, 201, 1, 0
512, 2, 333, 347, 269, 0, 49.39%, 1, 0, 5, 465.87, 216341, 201, 1, 0
517, 2, 338, 347, 267, 0, 49.39%, 1, 0, 5, 451.77, 218677, 201, 1, 0
522, 2, 338, 350, 270, 0, 49.39%, 1, 0, 5, 449.46, 220909, 201, 1, 0
527, 2, 338, 351, 271, 0, 49.39%, 1, 0, 5, 452.90, 223188, 201, 1, 0
532, 2, 338, 352, 272, 0, 49.39%, 1, 0, 5, 420.16, 225251, 201, 1, 0
537, 2, 338, 352, 272, 0, 49.39%, 1, 0, 5, 413.66, 227403, 201, 1, 0
542, 2, 353, 355, 271, 0, 49.88%, 1, 0, 6, 397.82, 229537, 203, 1, 0
547, 3, 361, 366, 280, 1, 51.60%, 1, 0, 6, 434.64, 231803, 210, 1, 0
552, 3, 368, 379, 290, 3, 58.72%, 1, 0, 6, 449.21, 234077, 239, 1, 0
558, 3, 368, 384, 295, 3, 58.72%, 1, 0, 6, 447.11, 236344, 239, 1, 0
563, 3, 368, 385, 296, 3, 58.72%, 1, 0, 6, 471.90, 238811, 239, 1, 0
568, 3, 368, 387, 298, 3, 58.72%, 1, 0, 6, 435.99, 240973, 239, 1, 0
573, 3, 387, 388, 296, 1, 58.97%, 1, 0, 6, 420.15, 243114, 240, 1, 0
578, 4, 391, 395, 300, 1, 59.46%, 1, 0, 6, 432.03, 245325, 242, 1, 0
583, 4, 391, 408, 313, 1, 59.71%, 1, 0, 6, 450.91, 247613, 243, 1, 0
588, 4, 407, 408, 312, 1, 59.71%, 1, 0, 6, 427.99, 249764, 243, 1, 0
593, 5, 56, 408, 301, 0, 59.71%, 1, 0, 6, 390.06, 251809, 243, 1, 0
598, 5, 119, 408, 286, 0, 59.71%, 1, 0, 6, 422.58, 254037, 243, 1, 0
603, 5, 154, 409, 280, 0, 59.95%, 1, 0, 6, 408.08, 256145, 244, 1, 0
608, 6, 33, 409, 276, 0, 59.95%, 1, 0, 6, 453.69, 258426, 244, 1, 0
613, 6, 107, 410, 267, 0, 59.95%, 1, 0, 6, 436.17, 260676, 244, 1, 0
618, 6, 154, 411, 260, 0, 59.95%, 3, 0, 6, 421.22, 262783, 244, 3, 0
624, 6, 183, 411, 255, 0, 59.95%, 3, 0, 6, 440.52, 265059, 244, 3, 0
629, 6, 218, 412, 249, 0, 59.95%, 3, 0, 6, 446.07, 267279, 244, 3, 0
634, 6, 233, 412, 245, 0, 59.95%, 3, 0, 6, 441.92, 269535, 244, 3, 0
639, 6, 243, 412, 242, 0, 59.95%, 3, 0, 6, 425.09, 271653, 244, 3, 0
644, 6, 256, 415, 241, 0, 59.95%, 3, 0, 6, 448.76, 274043, 244, 3, 0
649, 6, 279, 415, 236, 0, 59.95%, 3, 0, 6, 444.75, 276286, 244, 3, 0
654, 6, 416, 418, 237, 1, 59.95%, 3, 0, 6, 437.07, 278502, 244, 4, 0
659, 6, 416, 419, 238, 1, 59.95%, 3, 0, 6, 417.19, 280581, 244, 4, 0
664, 6, 417, 421, 239, 0, 60.20%, 3, 0, 6, 434.79, 282771, 245, 4, 0
670, 6, 417, 421, 239, 0, 60.20%, 3, 0, 6, 426.25, 284892, 245, 4, 0
675, 6, 417, 421, 239, 0, 60.20%, 3, 0, 6, 431.06, 287068, 245, 4, 0
680, 6, 419, 422, 239, 1, 60.20%, 3, 0, 6, 410.13, 289102, 245, 4, 0
685, 6, 419, 422, 239, 1, 60.20%, 3, 0, 6, 423.14, 291231, 245, 4, 0
690, 6, 421, 422, 238, 1, 60.20%, 3, 0, 6, 431.93, 293351, 245, 4, 0
695, 7, 405, 426, 239, 1, 60.20%, 3, 0, 6, 416.76, 295442, 245, 4, 0
700, 8, 30, 426, 235, 0, 60.20%, 3, 0, 6, 399.72, 297449, 245, 4, 0
705, 8, 125, 426, 225, 0, 60.20%, 5, 0, 6, 406.44, 299433, 245, 9, 0
710, 8, 164, 426, 220, 0, 60.20%, 5, 0, 6, 417.77, 301522, 245, 9, 0
715, 8, 202, 426, 212, 0, 60.20%, 5, 0, 6, 436.45, 303769, 245, 10, 0
720, 8, 215, 426, 206, 0, 60.20%, 5, 0, 6, 414.75, 305807, 245, 10, 0
725, 8, 255, 426, 203, 0, 60.20%, 5, 0, 6, 397.27, 307827, 245, 10, 0
730, 8, 286, 426, 199, 0, 60.20%, 5, 0, 6, 415.70, 309949, 245, 10, 0
735, 8, 318, 426, 193, 0, 60.20%, 5, 0, 6, 394.01, 311968, 245, 10, 0
741, 8, 349, 426, 188, 0, 60.20%, 5, 0, 6, 419.49, 313966, 245, 10, 0
746, 8, 368, 426, 186, 0, 60.20%, 5, 0, 6, 387.09, 315853, 245, 10, 0
751, 8, 384, 434, 193, 0, 60.20%, 5, 0, 6, 420.60, 318034, 245, 10, 0
756, 8, 384, 441, 200, 0, 60.20%, 5, 0, 6, 433.60, 320219, 245, 10, 0
761, 8, 384, 445, 204, 0, 60.20%, 5, 0, 6, 386.61, 322131, 245, 10, 0
766, 8, 384, 447, 206, 0, 60.20%, 5, 0, 6, 411.39, 324205, 245, 10, 0
771, 8, 384, 450, 209, 0, 60.44%, 5, 0, 6, 426.43, 326402, 246, 10, 0
776, 8, 384, 450, 209, 0, 60.44%, 5, 0, 6, 390.61, 328376, 246, 10, 0
781, 8, 433, 450, 208, 1, 60.44%, 5, 0, 6, 413.33, 330538, 246, 10, 0
786, 8, 449, 451, 207, 1, 60.44%, 5, 0, 6, 393.34, 332562, 246, 10, 0
791, 8, 451, 453, 208, 1, 60.93%, 5, 0, 6, 391.00, 334591, 248, 10, 0
796, 9, 422, 461, 213, 2, 61.18%, 5, 0, 6, 415.22, 336776, 249, 10, 0
801, 10, 71, 461, 208, 0, 61.18%, 5, 0, 6, 467.31, 339120, 249, 10, 0
806, 10, 136, 461, 199, 0, 61.18%, 5, 0, 6, 440.29, 341362, 249, 14, 0
811, 10, 168, 461, 197, 0, 61.18%, 5, 0, 6, 404.96, 343366, 249, 14, 0
816, 10, 206, 461, 193, 0, 61.18%, 5, 0, 6, 428.03, 345559, 249, 14, 0
822, 10, 241, 461, 189, 0, 61.18%, 5, 0, 6, 416.85, 347649, 249, 14, 0
827, 10, 290, 461, 184, 0, 61.18%, 5, 0, 6, 419.10, 349719, 249, 14, 0
832, 10, 344, 461, 179, 0, 61.18%, 5, 0, 6, 403.52, 351822, 249, 14, 0
837, 10, 376, 461, 176, 0, 61.18%, 5, 0, 6, 392.46, 353869, 249, 14, 0
842, 10, 461, 463, 176, 1, 61.18%, 5, 0, 6, 421.69, 355982, 249, 14, 0
847, 11, 395, 466, 176, 3, 61.92%, 5, 0, 6, 422.65, 358089, 252, 15, 0
852, 11, 465, 466, 172, 1, 61.92%, 5, 0, 6, 450.65, 360339, 252, 15, 0
857, 12, 128, 466, 167, 0, 61.92%, 5, 0, 6, 415.89, 362470, 252, 17, 0
862, 12, 167, 466, 165, 0, 61.92%, 5, 0, 6, 432.89, 364684, 252, 17, 0
867, 12, 237, 466, 161, 0, 61.92%, 5, 0, 6, 427.97, 366831, 252, 17, 0
872, 12, 268, 466, 157, 0, 61.92%, 5, 0, 6, 430.29, 369031, 252, 17, 0
877, 12, 316, 466, 150, 0, 61.92%, 5, 0, 6, 434.35, 371273, 252, 17, 0
883, 12, 347, 466, 145, 0, 61.92%, 5, 0, 6, 404.67, 373241, 252, 17, 0
888, 12, 376, 467, 143, 0, 61.92%, 5, 0, 6, 391.09, 375253, 252, 17, 0
893, 12, 403, 467, 137, 0, 61.92%, 5, 0, 6, 389.13, 377165, 252, 17, 0
898, 12, 420, 467, 135, 0, 61.92%, 5, 0, 6, 419.36, 379397, 252, 17, 0
903, 12, 422, 467, 134, 0, 61.92%, 5, 0, 6, 425.70, 381589, 252, 17, 0
906, 12, 428, 467, 133, 0, 61.92%, 5, 0, 6, 421.73, 383102, 252, 17, 0
