# relative_time, cycles_done, cur_item, corpus_count, pending_total, pending_favs, map_size, saved_crashes, saved_hangs, max_depth, execs_per_sec, total_execs, edges_found, total_crashes, servers_count
61, 0, 9, 65, 60, 4, 30.22%, 0, 0, 2, 440.58, 26585, 123, 0, 0
66, 0, 9, 67, 62, 4, 30.47%, 0, 0, 2, 432.29, 28760, 124, 0, 0
71, 0, 9, 68, 63, 4, 30.47%, 0, 0, 2, 472.38, 31155, 124, 0, 0
76, 0, 9, 68, 63, 4, 30.47%, 0, 0, 2, 446.87, 33383, 124, 0, 0
81, 0, 9, 70, 65, 4, 30.47%, 0, 0, 2, 454.17, 35741, 124, 0, 0
86, 0, 9, 71, 66, 4, 30.47%, 0, 0, 2, 451.10, 37924, 124, 0, 0
91, 0, 9, 71, 66, 4, 30.47%, 0, 0, 2, 465.22, 40311, 124, 0, 0
96, 0, 9, 71, 66, 4, 30.47%, 0, 0, 2, 431.61, 42461, 124, 0, 0
101, 0, 9, 71, 66, 4, 30.47%, 0, 0, 2, 434.35, 44677, 124, 0, 0
106, 0, 9, 71, 66, 4, 30.47%, 0, 0, 2, 464.05, 46999, 124, 0, 0
111, 0, 9, 72, 67, 4, 30.47%, 0, 0, 2, 467.49, 49364, 124, 0, 0
116, 0, 9, 74, 69, 4, 30.47%, 0, 0, 2, 450.09, 51646, 124, 0, 0
121, 0, 9, 75, 70, 4, 30.47%, 0, 0, 2, 437.62, 53873, 124, 0, 0
127, 0, 29, 166, 160, 32, 46.68%, 0, 0, 3, 418.45, 55977, 190, 0, 0
132, 0, 99, 173, 166, 31, 46.68%, 0, 0, 3, 430.90, 58275, 190, 0, 0
137, 0, 99, 214, 207, 31, 46.68%, 0, 0, 3, 397.57, 60282, 190, 0, 0
142, 0, 99, 228, 221, 31, 46.93%, 0, 0, 3, 435.96, 62570, 191, 0, 0
147, 0, 99, 230, 223, 31, 46.93%, 0, 0, 3, 413.51, 64617, 191, 0, 0
152, 0, 99, 232, 225, 31, 47.17%, 0, 0, 3, 440.11, 66879, 192, 0, 0
157, 0, 99, 234, 227, 31, 47.17%, 0, 0, 3, 417.81, 68997, 192, 0, 0
162, 0, 99, 235, 228, 31, 47.17%, 0, 0, 3, 427.66, 71140, 192, 0, 0
167, 0, 99, 237, 230, 31, 47.17%, 0, 0, 3, 425.88, 73338, 192, 0, 0
172, 0, 99, 241, 234, 31, 47.17%, 0, 0, 3, 449.83, 75606, 192, 0, 0
177, 0, 99, 242, 235, 31, 47.17%, 0, 0, 3, 471.87, 78002, 192, 0, 0
182, 0, 99, 245, 238, 31, 47.17%, 0, 0, 3, 462.27, 80327, 192, 0, 0
187, 0, 99, 245, 238, 31, 47.17%, 0, 0, 3, 450.28, 82538, 192, 0, 0
192, 0, 99, 246, 239, 31, 47.17%, 0, 0, 3, 455.03, 84897, 192, 0, 0
197, 0, 99, 247, 240, 31, 47.17%, 0, 0, 3, 452.07, 87120, 192, 0, 0
203, 0, 99, 248, 241, 31, 47.17%, 0, 0, 3, 446.90, 89384, 192, 0, 0
208, 0, 99, 248, 241, 31, 47.17%, 0, 0, 3, 444.24, 91559, 192, 0, 0
213, 0, 99, 249, 242, 31, 47.17%, 0, 0, 3, 465.27, 93927, 192, 0, 0
218, 0, 99, 249, 242, 31, 47.17%, 0, 0, 3, 443.14, 96150, 192, 0, 0
223, 0, 99, 249, 242, 31, 47.17%, 0, 0, 3, 448.93, 98427, 192, 0, 0
228, 0, 99, 249, 242, 31, 47.17%, 0, 0, 3, 442.57, 100622, 192, 0, 0
233, 0, 99, 249, 242, 31, 47.17%, 0, 0, 3, 441.18, 102846, 192, 0, 0
238, 0, 99, 250, 243, 31, 47.17%, 0, 0, 3, 442.93, 105085, 192, 0, 0
243, 0, 99, 251, 244, 31, 47.17%, 0, 0, 3, 431.78, 107260, 192, 0, 0
248, 0, 99, 251, 244, 31, 47.17%, 0, 0, 3, 430.78, 109484, 192, 0, 0
253, 0, 78, 252, 237, 27, 47.42%, 0, 0, 3, 450.54, 111795, 193, 0, 0
258, 0, 159, 253, 237, 26, 47.42%, 0, 0, 3, 460.95, 114100, 193, 0, 0
263, 0, 159, 259, 243, 26, 47.42%, 0, 0, 3, 463.09, 116440, 193, 0, 0
268, 0, 159, 261, 245, 26, 47.42%, 0, 0, 3, 445.31, 118686, 193, 0, 0
273, 0, 159, 264, 248, 26, 47.42%, 0, 0, 3, 427.35, 120819, 193, 0, 0
279, 0, 159, 266, 250, 26, 47.42%, 0, 0, 3, 435.35, 123065, 193, 0, 0
284, 0, 159, 270, 254, 26, 47.42%, 0, 0, 3, 422.99, 125173, 193, 0, 0
289, 0, 159, 271, 255, 26, 47.42%, 0, 0, 3, 422.62, 127348, 193, 0, 0
294, 0, 159, 273, 257, 26, 47.42%, 0, 0, 3, 431.36, 129394, 193, 0, 0
299, 0, 159, 273, 257, 26, 47.42%, 0, 0, 3, 462.39, 131749, 193, 0, 0
304, 0, 159, 273, 257, 26, 47.42%, 0, 0, 3, 470.66, 134161, 193, 0, 0
309, 0, 159, 273, 257, 26, 47.42%, 0, 0, 3, 459.27, 136465, 193, 0, 0
314, 0, 159, 274, 258, 26, 47.67%, 0, 0, 3, 452.39, 138758, 194, 0, 0
319, 0, 159, 276, 260, 26, 47.67%, 0, 0, 3, 447.10, 141024, 194, 0, 0
324, 0, 159, 276, 260, 26, 47.67%, 0, 0, 3, 460.55, 143317, 194, 0, 0
329, 0, 3, 280, 262, 27, 47.67%, 0, 0, 3, 475.90, 145809, 194, 0, 0
334, 0, 183, 283, 264, 27, 48.16%, 0, 0, 3, 485.94, 148145, 196, 0, 0
339, 0, 105, 286, 266, 26, 48.40%, 0, 0, 3, 483.26, 150538, 197, 0, 0
344, 0, 98, 286, 264, 25, 48.40%, 0, 0, 3, 464.16, 152875, 197, 0, 0
349, 0, 284, 289, 266, 24, 48.40%, 0, 0, 3, 440.38, 155075, 197, 0, 0
354, 0, 160, 293, 268, 24, 48.65%, 0, 0, 3, 469.27, 157472, 198, 0, 0
360, 0, 117, 293, 266, 22, 48.65%, 0, 0, 3, 471.15, 159819, 198, 0, 0
365, 0, 116, 295, 265, 21, 49.14%, 0, 0, 3, 460.23, 162167, 200, 0, 0
370, 0, 267, 301, 270, 20, 49.14%, 0, 0, 3, 447.80, 164442, 200, 0, 0
375, 0, 267, 303, 272, 20, 49.14%, 0, 0, 3, 402.82, 166472, 200, 0, 0
380, 0, 267, 308, 277, 20, 49.14%, 0, 0, 3, 424.26, 168659, 200, 0, 0
385, 0, 267, 311, 280, 20, 49.39%, 0, 0, 3, 440.65, 170960, 201, 0, 0
390, 0, 267, 312, 281, 20, 49.39%, 0, 0, 3, 445.70, 173239, 201, 0, 0
395, 0, 267, 312, 281, 20, 49.39%, 0, 0, 3, 437.55, 175455, 201, 0, 0
400, 0, 267, 312, 281, 20, 49.39%, 0, 0, 3, 427.84, 177623, 201, 0, 0
405, 0, 267, 312, 281, 20, 49.39%, 0, 0, 3, 429.86, 179831, 201, 0, 0
411, 0, 267, 312, 281, 20, 49.39%, 0, 0, 3, 416.42, 181967, 201, 0, 0
416, 0, 267, 312, 281, 20, 49.39%, 0, 0, 3, 431.29, 184175, 201, 0, 0
421, 0, 267, 313, 282, 20, 49.39%, 0, 0, 3, 433.57, 186358, 201, 0, 0
426, 0, 267, 313, 282, 20, 49.39%, 0, 0, 3, 451.14, 188657, 201, 0, 0
431, 0, 267, 313, 282, 20, 49.39%, 0, 0, 3, 438.13, 190846, 201, 0, 0
436, 0, 267, 313, 282, 20, 49.39%, 0, 0, 3, 458.05, 193121, 201, 0, 0
441, 0, 267, 313, 282, 20, 49.39%, 0, 0, 3, 447.59, 195390, 201, 0, 0
446, 0, 267, 313, 282, 20, 49.39%, 0, 0, 3, 443.63, 197678, 201, 0, 0
451, 0, 267, 313, 282, 20, 49.39%, 0, 0, 3, 439.55, 199886, 201, 0, 0
456, 0, 267, 313, 282, 20, 49.39%, 0, 0, 3, 432.85, 202078, 201, 0, 0
461, 0, 230, 313, 281, 20, 49.39%, 0, 0, 3, 476.79, 204503, 201, 0, 0
466, 0, 97, 313, 279, 18, 49.39%, 0, 0, 3, 449.34, 206757, 201, 0, 0
471, 0, 28, 313, 277, 16, 49.39%, 0, 0, 3, 418.36, 208834, 201, 0, 0
476, 0, 311, 314, 275, 14, 49.39%, 0, 0, 4, 430.21, 211041, 201, 0, 0
481, 0, 308, 314, 273, 12, 49.39%, 0, 0, 4, 463.00, 213360, 201, 0, 0
486, 0, 90, 314, 271, 10, 49.39%, 0, 0, 4, 445.25, 215572, 201, 0, 0
492, 0, 319, 322, 277, 8, 49.63%, 0, 0, 4, 458.69, 217889, 202, 0, 0
497, 0, 110, 323, 277, 7, 49.63%, 0, 0, 4, 448.22, 220128, 202, 0, 0
502, 0, 310, 323, 272, 4, 49.63%, 0, 0, 4, 465.42, 222491, 202, 0, 0
507, 0, 191, 324, 266, 0, 49.88%, 0, 0, 4, 441.64, 224796, 203, 0, 0
512, 0, 278, 324, 264, 0, 49.88%, 0, 0, 4, 459.20, 227154, 203, 0, 0
517, 0, 207, 326, 264, 0, 50.12%, 0, 0, 4, 431.44, 229322, 204, 0, 0
522, 0, 7, 327, 263, 0, 50.12%, 0, 0, 4, 416.67, 231414, 204, 0, 0
527, 0, 321, 327, 260, 0, 50.12%, 0, 0, 4, 434.71, 233726, 204, 0, 0
532, 0, 290, 327, 258, 0, 50.12%, 0, 0, 4, 431.34, 235848, 204, 0, 0
537, 0, 311, 327, 256, 0, 50.12%, 0, 0, 4, 419.10, 237910, 204, 0, 0
542, 0, 69, 327, 254, 0, 50.12%, 0, 0, 4, 424.46, 240120, 204, 0, 0
547, 0, 17, 327, 250, 0, 50.12%, 0, 0, 4, 432.95, 242332, 204, 0, 0
552, 0, 264, 327, 248, 0, 50.12%, 0, 0, 4, 437.76, 244521, 204, 0, 0
558, 0, 189, 327, 246, 0, 50.12%, 0, 0, 4, 438.91, 246829, 204, 0, 0
563, 0, 211, 327, 244, 0, 50.12%, 0, 0, 4, 415.11, 248890, 204, 0, 0
568, 0, 194, 327, 243, 0, 50.12%, 0, 0, 4, 418.55, 250985, 204, 0, 0
573, 0, 268, 327, 238, 0, 50.12%, 0, 0, 4, 450.95, 253390, 204, 0, 0
578, 0, 159, 327, 235, 0, 50.12%, 0, 0, 4, 416.81, 255405, 204, 0, 0
583, 0, 160, 327, 234, 0, 50.12%, 0, 0, 4, 446.77, 257689, 204, 0, 0
588, 0, 311, 327, 232, 0, 50.12%, 0, 0, 4, 401.56, 259794, 204, 0, 0
593, 0, 184, 327, 231, 0, 50.12%, 0, 0, 4, 412.70, 261876, 204, 0, 0
598, 0, 183, 328, 230, 0, 50.12%, 0, 0, 4, 440.35, 264165, 204, 0, 0
603, 0, 289, 328, 229, 0, 50.12%, 0, 0, 4, 422.69, 266331, 204, 0, 0
608, 0, 186, 328, 227, 0, 50.12%, 0, 0, 4, 446.49, 268609, 204, 0, 0
613, 0, 329, 333, 230, 0, 50.37%, 0, 0, 6, 470.54, 270972, 205, 0, 0
619, 0, 137, 334, 229, 0, 50.37%, 0, 0, 7, 412.68, 273066, 205, 0, 0
624, 0, 155, 337, 229, 0, 50.37%, 0, 0, 7, 431.91, 275249, 205, 0, 0
629, 0, 224, 337, 227, 0, 50.37%, 0, 0, 7, 436.37, 277443, 205, 0, 0
634, 0, 86, 337, 225, 0, 50.37%, 0, 0, 7, 481.75, 279454, 205, 0, 0
639, 0, 177, 337, 223, 0, 50.37%, 0, 0, 7, 456.75, 281708, 205, 0, 0
644, 0, 197, 337, 221, 0, 50.37%, 0, 0, 7, 433.99, 283892, 205, 0, 0
649, 0, 183, 339, 220, 0, 50.37%, 0, 0, 7, 451.32, 286208, 205, 0, 0
654, 0, 281, 339, 218, 0, 50.37%, 0, 0, 7, 456.10, 288538, 205, 0, 0
659, 0, 135, 339, 216, 0, 50.37%, 0, 0, 7, 448.37, 290797, 205, 0, 0
664, 0, 21, 339, 213, 0, 50.37%, 0, 0, 7, 449.14, 293126, 205, 0, 0
669, 0, 179, 340, 213, 0, 50.37%, 0, 0, 7, 471.18, 295501, 205, 0, 0
674, 0, 8, 341, 212, 0, 50.37%, 0, 0, 7, 428.45, 297690, 205, 0, 0
679, 0, 105, 341, 209, 0, 50.37%, 0, 0, 7, 440.51, 299924, 205, 0, 0
684, 0, 127, 341, 207, 0, 50.37%, 0, 0, 7, 450.62, 302229, 205, 0, 0
690, 0, 341, 342, 206, 1, 50.61%, 0, 0, 7, 432.23, 304328, 206, 0, 0
695, 0, 234, 342, 204, 0, 50.61%, 0, 0, 7, 454.40, 306579, 206, 0, 0
700, 0, 227, 342, 202, 0, 50.61%, 0, 0, 7, 454.97, 308862, 206, 0, 0
705, 0, 141, 342, 199, 0, 50.61%, 0, 0, 7, 448.82, 311180, 206, 0, 0
710, 0, 287, 342, 197, 0, 50.61%, 0, 0, 7, 449.36, 313453, 206, 0, 0
715, 0, 29, 342, 195, 0, 50.61%, 0, 0, 7, 442.71, 315737, 206, 0, 0
720, 1, 257, 342, 193, 0, 50.61%, 0, 0, 7, 436.20, 317952, 206, 0, 0
725, 1, 94, 343, 187, 0, 50.61%, 0, 0, 7, 455.90, 320214, 206, 0, 0
730, 1, 187, 343, 183, 0, 50.61%, 0, 0, 7, 443.73, 322428, 206, 0, 0
735, 1, 190, 343, 179, 0, 50.61%, 0, 0, 7, 469.33, 324849, 206, 0, 0
740, 1, 320, 343, 177, 0, 50.61%, 0, 0, 7, 441.88, 327005, 206, 0, 0
745, 1, 232, 343, 173, 0, 50.61%, 0, 0, 7, 438.50, 329197, 206, 0, 0
750, 1, 240, 343, 171, 0, 50.61%, 0, 0, 7, 454.81, 331514, 206, 0, 0
755, 1, 188, 343, 169, 0, 50.61%, 0, 0, 7, 447.88, 333815, 206, 0, 0
760, 1, 76, 343, 165, 0, 50.61%, 0, 0, 7, 419.26, 335888, 206, 0, 0
765, 1, 269, 343, 163, 0, 50.61%, 0, 0, 7, 376.91, 337749, 206, 0, 0
771, 1, 87, 344, 162, 0, 50.61%, 0, 0, 7, 357.46, 339600, 206, 0, 0
776, 1, 48, 345, 160, 0, 50.86%, 0, 0, 7, 363.45, 341464, 207, 0, 0
781, 1, 83, 345, 158, 0, 50.86%, 0, 0, 7, 386.51, 343398, 207, 0, 0
786, 1, 241, 345, 153, 0, 50.86%, 0, 0, 7, 404.32, 345380, 207, 0, 0
791, 1, 164, 345, 151, 0, 50.86%, 0, 0, 7, 365.54, 347202, 207, 0, 0
796, 1, 290, 345, 149, 0, 50.86%, 0, 0, 7, 368.03, 349119, 207, 0, 0
801, 1, 288, 345, 147, 0, 50.86%, 0, 0, 7, 363.63, 350890, 207, 0, 0
806, 1, 129, 345, 145, 0, 50.86%, 0, 0, 7, 355.62, 352696, 207, 0, 0
811, 1, 237, 347, 145, 0, 50.86%, 0, 0, 7, 359.40, 354502, 207, 0, 0
816, 1, 92, 347, 143, 0, 50.86%, 0, 0, 7, 357.80, 356315, 207, 0, 0
821, 1, 85, 347, 142, 0, 50.86%, 0, 0, 7, 353.37, 358035, 207, 0, 0
826, 1, 340, 347, 139, 0, 50.86%, 0, 0, 7, 400.40, 360199, 207, 0, 0
831, 1, 134, 347, 136, 0, 50.86%, 0, 0, 7, 370.17, 362044, 207, 0, 0
837, 1, 113, 349, 137, 0, 50.86%, 0, 0, 7, 388.52, 364041, 207, 0, 0
842, 1, 235, 349, 134, 0, 50.86%, 0, 0, 7, 375.25, 365890, 207, 0, 0
847, 1, 199, 349, 132, 0, 50.86%, 0, 0, 7, 391.98, 367832, 207, 0, 0
852, 1, 95, 349, 130, 0, 50.86%, 0, 0, 7, 377.94, 369752, 207, 0, 0
857, 1, 231, 349, 127, 0, 50.86%, 0, 0, 7, 374.58, 371637, 207, 0, 0
862, 1, 291, 349, 124, 0, 50.86%, 0, 0, 7, 374.51, 373504, 207, 0, 0
867, 1, 222, 349, 122, 0, 50.86%, 0, 0, 7, 361.92, 375326, 207, 0, 0
872, 1, 243, 349, 120, 0, 50.86%, 0, 0, 7, 412.36, 377353, 207, 0, 0
877, 1, 59, 349, 117, 0, 50.86%, 0, 0, 7, 438.78, 379611, 207, 0, 0
882, 1, 110, 349, 112, 0, 50.86%, 0, 0, 7, 450.72, 381861, 207, 0, 0
887, 1, 214, 349, 111, 0, 50.86%, 0, 0, 7, 446.58, 384059, 207, 0, 0
892, 1, 315, 350, 109, 0, 50.86%, 0, 0, 7, 450.34, 386369, 207, 0, 0
897, 1, 275, 350, 105, 0, 50.86%, 0, 0, 7, 467.60, 388824, 207, 0, 0
902, 1, 108, 350, 104, 0, 50.86%, 0, 0, 7, 444.81, 391059, 207, 0, 0
907, 1, 162, 350, 101, 0, 50.86%, 0, 0, 7, 458.43, 393442, 207, 0, 0
913, 1, 106, 350, 98, 0, 50.86%, 0, 0, 7, 450.49, 395692, 207, 0, 0
918, 1, 339, 350, 96, 0, 50.86%, 0, 0, 7, 467.44, 398059, 207, 0, 0
923, 1, 93, 351, 94, 0, 50.86%, 0, 0, 7, 452.66, 400337, 207, 0, 0
928, 1, 262, 351, 92, 0, 50.86%, 0, 0, 7, 423.37, 402419, 207, 0, 0
933, 1, 303, 351, 89, 0, 50.86%, 0, 0, 7, 444.66, 404774, 207, 0, 0
938, 1, 311, 351, 86, 0, 50.86%, 0, 0, 7, 449.52, 407014, 207, 0, 0
943, 1, 348, 351, 85, 0, 50.86%, 0, 0, 7, 434.67, 409236, 207, 0, 0
948, 1, 245, 351, 81, 0, 50.86%, 0, 0, 7, 419.59, 411352, 207, 0, 0
953, 1, 160, 351, 77, 0, 50.86%, 0, 0, 7, 429.27, 413593, 207, 0, 0
958, 1, 125, 351, 76, 0, 50.86%, 0, 0, 7, 467.35, 415929, 207, 0, 0
963, 1, 347, 351, 74, 0, 50.86%, 0, 0, 7, 458.93, 418231, 207, 0, 0
968, 1, 248, 351, 72, 0, 50.86%, 0, 0, 7, 464.73, 420605, 207, 0, 0
973, 1, 105, 351, 69, 0, 50.86%, 0, 0, 7, 444.80, 422861, 207, 0, 0
979, 1, 176, 352, 69, 0, 50.86%, 0, 0, 7, 438.89, 425095, 207, 0, 0
984, 1, 212, 353, 66, 0, 50.86%, 0, 0, 7, 419.40, 427231, 207, 0, 0
989, 1, 122, 353, 63, 0, 50.86%, 0, 0, 7, 442.88, 429438, 207, 0, 0
994, 1, 293, 353, 59, 0, 50.86%, 0, 0, 7, 442.01, 431672, 207, 0, 0
999, 1, 166, 353, 58, 0, 50.86%, 0, 0, 7, 433.16, 433858, 207, 0, 0
1004, 1, 160, 353, 56, 0, 50.86%, 0, 0, 7, 436.55, 436055, 207, 0, 0
1009, 1, 349, 353, 55, 0, 50.86%, 0, 0, 7, 471.72, 438511, 207, 0, 0
1014, 1, 185, 353, 52, 0, 50.86%, 0, 0, 7, 443.11, 440779, 207, 0, 0
1019, 1, 351, 353, 50, 0, 50.86%, 0, 0, 7, 424.53, 442938, 207, 0, 0
1024, 1, 78, 353, 48, 0, 50.86%, 0, 0, 7, 431.80, 445080, 207, 0, 0
1029, 1, 89, 353, 46, 0, 50.86%, 0, 0, 7, 425.06, 447281, 207, 0, 0
1034, 1, 352, 353, 45, 0, 50.86%, 0, 0, 7, 427.95, 449495, 207, 0, 0
1039, 1, 90, 353, 42, 0, 50.86%, 0, 0, 7, 439.67, 451740, 207, 0, 0
1044, 2, 354, 390, 78, 0, 52.58%, 0, 0, 7, 403.49, 453769, 214, 0, 0
1049, 2, 368, 390, 77, 7, 52.58%, 0, 0, 7, 423.30, 455914, 214, 0, 0
1055, 2, 355, 390, 75, 5, 52.58%, 0, 0, 7, 437.79, 458103, 214, 0, 0
1060, 2, 388, 390, 71, 1, 52.58%, 0, 0, 7, 439.08, 460340, 214, 0, 0
1065, 2, 335, 392, 71, 0, 53.81%, 0, 0, 7, 450.20, 462668, 219, 0, 0
1070, 2, 82, 392, 69, 0, 53.81%, 0, 0, 7, 440.44, 464841, 219, 0, 0
1075, 2, 364, 393, 69, 0, 53.81%, 0, 0, 7, 416.38, 466921, 219, 0, 0
1080, 2, 359, 393, 67, 0, 53.81%, 0, 0, 7, 426.18, 469056, 219, 0, 0
1085, 2, 173, 393, 65, 0, 53.81%, 0, 0, 7, 445.15, 471337, 219, 0, 0
1090, 2, 290, 393, 62, 0, 53.81%, 0, 0, 7, 441.68, 473554, 219, 0, 0
1095, 2, 377, 393, 60, 0, 53.81%, 1, 0, 7, 423.17, 475703, 219, 1, 0
1100, 2, 183, 393, 58, 0, 53.81%, 1, 0, 7, 416.70, 477789, 219, 1, 0
1105, 2, 391, 393, 57, 0, 53.81%, 2, 0, 7, 441.52, 480135, 219, 2, 0
1110, 2, 203, 393, 54, 0, 53.81%, 2, 0, 7, 444.36, 482436, 219, 2, 0
1116, 2, 365, 393, 52, 0, 53.81%, 2, 0, 7, 443.31, 484700, 219, 2, 0
1121, 2, 374, 393, 48, 0, 53.81%, 3, 0, 7, 427.81, 486852, 219, 3, 0
1126, 2, 78, 393, 43, 0, 53.81%, 3, 0, 7, 420.59, 488996, 219, 5, 0
1131, 2, 389, 393, 40, 0, 53.81%, 5, 0, 7, 456.26, 491366, 219, 9, 0
1136, 2, 317, 393, 38, 0, 53.81%, 5, 0, 7, 432.55, 493521, 219, 9, 0
1141, 2, 273, 393, 35, 0, 53.81%, 5, 0, 7, 432.19, 495720, 219, 10, 0
1146, 2, 223, 393, 32, 0, 53.81%, 6, 0, 7, 423.52, 497889, 219, 11, 0
1151, 2, 357, 393, 31, 0, 53.81%, 6, 0, 7, 408.21, 499993, 219, 12, 0
1156, 2, 275, 393, 29, 0, 53.81%, 6, 0, 7, 437.96, 502216, 219, 12, 0
1161, 2, 111, 393, 27, 0, 53.81%, 6, 0, 7, 451.45, 504452, 219, 12, 0
1166, 2, 80, 393, 25, 0, 53.81%, 8, 0, 7, 421.54, 506557, 219, 15, 0
1171, 2, 384, 393, 24, 0, 53.81%, 8, 0, 7, 463.08, 508936, 219, 17, 0
1176, 2, 80, 393, 22, 0, 53.81%, 8, 0, 7, 429.68, 511073, 219, 17, 0
1182, 2, 34, 393, 21, 0, 53.81%, 8, 0, 7, 439.58, 513314, 219, 17, 0
1187, 2, 368, 393, 19, 0, 53.81%, 8, 0, 7, 442.53, 515559, 219, 17, 0
1192, 2, 341, 393, 16, 0, 53.81%, 8, 0, 7, 422.09, 517670, 219, 17, 0
1197, 2, 311, 393, 15, 0, 53.81%, 8, 0, 7, 427.47, 519905, 219, 19, 0
1202, 2, 158, 393, 14, 0, 53.81%, 8, 0, 7, 454.57, 522236, 219, 20, 0
1207, 2, 110, 393, 13, 0, 53.81%, 8, 0, 7, 449.62, 524571, 219, 23, 0
1212, 2, 319, 393, 12, 0, 53.81%, 8, 0, 7, 438.48, 526754, 219, 23, 0
1217, 2, 94, 393, 11, 0, 53.81%, 8, 0, 7, 452.28, 529008, 219, 23, 0
1222, 2, 262, 393, 9, 0, 53.81%, 8, 0, 7, 423.14, 531150, 219, 23, 0
1227, 2, 103, 393, 9, 0, 53.81%, 8, 0, 7, 413.00, 533207, 219, 23, 0
1232, 2, 283, 393, 8, 0, 53.81%, 8, 0, 7, 418.80, 535387, 219, 24, 0
1237, 2, 54, 393, 7, 0, 53.81%, 8, 0, 7, 428.60, 537499, 219, 24, 0
1242, 2, 90, 393, 6, 0, 53.81%, 8, 0, 7, 446.87, 539758, 219, 24, 0
1248, 2, 90, 393, 6, 0, 53.81%, 8, 0, 7, 444.00, 541996, 219, 25, 0
1253, 3, 396, 398, 11, 1, 54.05%, 8, 0, 7, 424.60, 544107, 220, 25, 0
1258, 3, 78, 398, 9, 0, 54.05%, 8, 0, 7, 437.70, 546360, 220, 26, 0
1263, 3, 376, 398, 8, 0, 54.05%, 8, 0, 7, 431.32, 548544, 220, 28, 0
1268, 3, 230, 398, 7, 0, 54.05%, 8, 0, 7, 416.17, 550623, 220, 28, 0
1273, 3, 10, 398, 7, 0, 54.05%, 8, 0, 7, 440.58, 552912, 220, 28, 0
1278, 3, 94, 398, 6, 0, 54.05%, 8, 0, 7, 424.81, 555104, 220, 28, 0
1283, 3, 379, 398, 5, 0, 54.05%, 8, 0, 7, 430.48, 557344, 220, 30, 0
1288, 3, 111, 398, 4, 0, 54.05%, 8, 0, 7, 467.71, 559810, 220, 36, 0
1293, 3, 266, 398, 4, 0, 54.05%, 8, 0, 7, 452.51, 562057, 220, 37, 0
1298, 3, 329, 398, 4, 0, 54.05%, 8, 0, 7, 474.42, 564456, 220, 39, 0
1303, 3, 376, 398, 4, 0, 54.05%, 8, 0, 7, 468.51, 566804, 220, 44, 0
1309, 3, 393, 398, 4, 0, 54.05%, 8, 0, 7, 433.65, 568980, 220, 45, 0
1314, 3, 391, 398, 3, 0, 54.05%, 8, 0, 7, 430.41, 571256, 220, 46, 0
1319, 3, 90, 398, 3, 0, 54.05%, 8, 0, 7, 432.02, 573531, 220, 46, 0
1324, 3, 225, 398, 3, 0, 54.05%, 8, 0, 7, 437.44, 575695, 220, 46, 0
1329, 3, 329, 398, 3, 0, 54.05%, 8, 0, 7, 430.99, 577915, 220, 49, 0
1334, 3, 79, 398, 2, 0, 54.05%, 8, 0, 7, 475.61, 580429, 220, 54, 0
1339, 3, 110, 398, 2, 0, 54.05%, 8, 0, 7, 433.54, 582585, 220, 54, 0
1344, 3, 292, 398, 2, 0, 54.05%, 8, 0, 7, 437.98, 584831, 220, 55, 0
1349, 3, 94, 398, 2, 0, 54.05%, 8, 0, 7, 456.00, 587172, 220, 61, 0
1355, 3, 280, 398, 2, 0, 54.05%, 8, 0, 7, 446.72, 589418, 220, 62, 0
1360, 4, 355, 398, 2, 0, 54.05%, 8, 0, 7, 454.14, 591715, 220, 64, 0
1365, 4, 158, 398, 2, 0, 54.05%, 8, 0, 7, 434.26, 593861, 220, 68, 0
1370, 4, 262, 398, 2, 0, 54.05%, 8, 0, 7, 460.15, 596207, 220, 70, 0
1375, 4, 158, 398, 2, 0, 54.05%, 8, 0, 7, 411.90, 598351, 220, 72, 0
1380, 4, 54, 398, 2, 0, 54.05%, 8, 0, 7, 440.12, 600639, 220, 75, 0
1385, 4, 376, 398, 2, 0, 54.05%, 8, 0, 7, 437.18, 602887, 220, 75, 0
1391, 4, 82, 398, 2, 0, 54.05%, 8, 0, 7, 406.94, 604968, 220, 75, 0
1396, 4, 160, 398, 2, 0, 54.05%, 8, 0, 7, 443.04, 607232, 220, 75, 0
1401, 4, 290, 398, 2, 0, 54.05%, 8, 0, 7, 451.89, 609507, 220, 76, 0
1406, 4, 293, 398, 2, 0, 54.05%, 8, 0, 7, 439.45, 611728, 220, 81, 0
1411, 4, 110, 398, 2, 0, 54.05%, 8, 0, 7, 456.09, 614064, 220, 82, 0
1416, 4, 378, 398, 2, 0, 54.05%, 8, 0, 7, 453.41, 616344, 220, 83, 0
1421, 4, 329, 398, 2, 0, 54.05%, 8, 0, 7, 423.02, 618513, 220, 86, 0
1426, 4, 233, 398, 2, 0, 54.05%, 8, 0, 7, 461.99, 620844, 220, 90, 0
1431, 4, 78, 398, 2, 0, 54.05%, 8, 0, 7, 468.18, 623127, 220, 92, 0
1436, 4, 225, 398, 2, 0, 54.05%, 8, 0, 7, 446.96, 625333, 220, 92, 0
1441, 4, 80, 398, 2, 0, 54.05%, 8, 0, 7, 442.90, 627546, 220, 96, 0
1446, 4, 18, 398, 1, 0, 54.05%, 8, 0, 7, 423.98, 629736, 220, 96, 0
1451, 4, 319, 398, 1, 0, 54.05%, 8, 0, 7, 437.69, 631983, 220, 96, 0
1456, 5, 262, 402, 5, 0, 54.05%, 8, 0, 7, 437.29, 634197, 220, 96, 0
1462, 5, 137, 403, 6, 0, 54.05%, 8, 0, 7, 443.11, 636462, 220, 98, 0
1467, 5, 294, 403, 6, 0, 54.05%, 8, 0, 7, 467.54, 638876, 220, 98, 0
1472, 5, 287, 404, 7, 0, 54.05%, 8, 0, 7, 447.07, 641128, 220, 101, 0
1477, 5, 376, 404, 7, 0, 54.05%, 8, 0, 7, 424.88, 643355, 220, 102, 0
1482, 5, 156, 404, 7, 0, 54.05%, 8, 0, 7, 428.32, 645564, 220, 104, 0
1487, 5, 159, 404, 7, 0, 54.05%, 8, 0, 7, 429.97, 647757, 220, 105, 0
1492, 5, 83, 404, 7, 0, 54.05%, 8, 0, 7, 422.85, 649859, 220, 107, 0
1497, 5, 80, 404, 6, 0, 54.05%, 8, 0, 7, 424.74, 652053, 220, 107, 0
1502, 5, 17, 404, 6, 0, 54.05%, 8, 0, 7, 422.60, 654201, 220, 107, 0
1507, 5, 398, 404, 5, 0, 54.05%, 8, 0, 7, 463.76, 656571, 220, 107, 0
1512, 5, 290, 405, 4, 0, 54.05%, 8, 0, 7, 444.10, 658761, 220, 110, 0
1517, 5, 396, 405, 3, 0, 54.05%, 8, 0, 7, 441.50, 661050, 220, 110, 0
1522, 5, 15, 405, 3, 0, 54.05%, 8, 0, 7, 420.27, 663152, 220, 114, 0
1527, 5, 36, 405, 3, 0, 54.05%, 8, 0, 7, 437.75, 665377, 220, 114, 0
1533, 5, 368, 405, 3, 0, 54.05%, 8, 0, 7, 433.48, 667504, 220, 116, 0
1538, 5, 231, 405, 3, 0, 54.05%, 8, 0, 7, 430.23, 669767, 220, 121, 0
1543, 5, 160, 405, 3, 0, 54.05%, 8, 0, 7, 433.26, 671959, 220, 121, 0
1548, 5, 293, 405, 3, 0, 54.05%, 8, 0, 7, 447.84, 674231, 220, 122, 0
1553, 5, 240, 405, 3, 0, 54.05%, 8, 0, 7, 444.87, 676492, 220, 122, 0
1558, 5, 405, 419, 17, 1, 61.67%, 8, 0, 7, 431.87, 678670, 251, 122, 0
1563, 5, 405, 428, 26, 1, 61.92%, 8, 0, 7, 439.04, 680877, 252, 122, 0
1568, 5, 405, 432, 30, 1, 62.16%, 8, 0, 7, 441.16, 683105, 253, 122, 0
1573, 5, 405, 432, 30, 1, 62.16%, 8, 0, 7, 442.58, 685354, 253, 122, 0
1578, 5, 405, 433, 31, 1, 62.16%, 8, 0, 7, 407.72, 687473, 253, 122, 0
1584, 5, 405, 434, 32, 1, 62.16%, 8, 0, 7, 441.12, 689768, 253, 122, 0
1589, 5, 405, 434, 32, 1, 62.16%, 8, 0, 7, 405.92, 691808, 253, 122, 0
1594, 5, 405, 435, 33, 1, 62.16%, 8, 0, 7, 409.00, 693911, 253, 122, 0
1599, 5, 405, 436, 34, 1, 62.41%, 8, 0, 7, 416.98, 695998, 254, 122, 0
1604, 5, 405, 436, 34, 1, 62.41%, 8, 0, 7, 430.96, 698230, 254, 122, 0
1609, 5, 405, 436, 34, 1, 62.41%, 8, 0, 7, 422.58, 700318, 254, 122, 0
1614, 5, 405, 436, 34, 1, 62.41%, 8, 0, 7, 401.29, 702311, 254, 122, 0
1619, 5, 405, 438, 36, 1, 62.41%, 8, 0, 7, 411.80, 704405, 254, 122, 0
1624, 5, 405, 438, 36, 1, 62.41%, 8, 0, 7, 444.63, 706645, 254, 122, 0
1629, 5, 405, 440, 38, 1, 62.41%, 8, 0, 7, 422.17, 708748, 254, 122, 0
1634, 5, 405, 440, 38, 1, 62.41%, 8, 0, 7, 428.69, 710900, 254, 122, 0
1639, 5, 405, 440, 38, 1, 62.41%, 8, 0, 7, 426.99, 713044, 254, 122, 0
1644, 5, 405, 440, 38, 1, 62.41%, 8, 0, 7, 423.05, 715148, 254, 122, 0
1649, 5, 405, 441, 39, 1, 62.41%, 8, 0, 7, 410.96, 717219, 254, 122, 0
1655, 5, 405, 442, 40, 1, 62.41%, 8, 0, 7, 434.76, 719498, 254, 122, 0
1660, 5, 405, 442, 40, 1, 62.41%, 8, 0, 7, 425.07, 721626, 254, 122, 0
1665, 5, 405, 442, 40, 1, 62.41%, 8, 0, 7, 432.94, 723834, 254, 122, 0
1670, 5, 405, 442, 40, 1, 62.41%, 8, 0, 7, 428.01, 725906, 254, 122, 0
1675, 5, 405, 442, 40, 1, 62.41%, 8, 0, 7, 418.81, 728082, 254, 122, 0
1680, 5, 432, 442, 39, 9, 62.41%, 8, 0, 7, 433.00, 730266, 254, 122, 0
1685, 5, 435, 446, 42, 8, 62.41%, 8, 0, 7, 433.15, 732441, 254, 122, 0
1690, 5, 435, 451, 47, 8, 62.41%, 8, 0, 7, 422.86, 734561, 254, 122, 0
1695, 5, 411, 451, 45, 6, 62.41%, 8, 0, 7, 450.91, 736811, 254, 122, 0
1700, 5, 413, 463, 56, 5, 62.41%, 8, 0, 7, 399.56, 738729, 254, 122, 0
1705, 5, 413, 470, 63, 5, 62.41%, 8, 0, 7, 407.46, 740851, 254, 122, 0
1710, 5, 466, 470, 61, 4, 62.41%, 8, 0, 7, 432.07, 742991, 254, 122, 0
1715, 5, 419, 470, 60, 3, 62.41%, 8, 0, 7, 429.71, 745175, 254, 122, 0
1720, 5, 436, 470, 59, 2, 62.41%, 8, 0, 7, 405.74, 747277, 254, 122, 0
1726, 5, 414, 470, 57, 0, 62.41%, 8, 0, 7, 423.48, 749359, 254, 122, 0
1731, 5, 434, 471, 56, 0, 62.41%, 8, 0, 7, 420.06, 751377, 254, 122, 0
1736, 5, 415, 471, 55, 0, 62.41%, 8, 0, 7, 419.20, 753519, 254, 122, 0
1741, 5, 401, 471, 53, 0, 62.41%, 8, 0, 7, 429.87, 755717, 254, 122, 0
1746, 5, 412, 471, 52, 0, 62.41%, 8, 0, 7, 438.41, 757915, 254, 122, 0
1751, 5, 459, 471, 50, 0, 62.41%, 8, 0, 7, 415.61, 759991, 254, 122, 0
1756, 5, 396, 471, 49, 0, 62.41%, 8, 0, 7, 437.11, 762225, 254, 122, 0
1761, 5, 443, 471, 48, 0, 62.41%, 8, 0, 7, 453.16, 764512, 254, 122, 0
1766, 5, 416, 471, 46, 0, 62.41%, 8, 0, 7, 426.62, 766622, 254, 123, 0
1771, 5, 431, 472, 46, 0, 62.41%, 8, 0, 7, 415.68, 768789, 254, 125, 0
1776, 5, 424, 472, 44, 0, 62.41%, 8, 0, 7, 425.85, 770988, 254, 125, 0
1781, 5, 98, 472, 42, 0, 62.41%, 8, 0, 7, 426.35, 773179, 254, 125, 0
1786, 5, 470, 472, 41, 0, 62.41%, 8, 0, 7, 414.66, 775277, 254, 125, 0
1792, 5, 427, 472, 40, 0, 62.41%, 8, 0, 7, 441.88, 777517, 254, 127, 0
1797, 5, 98, 472, 38, 0, 62.41%, 8, 0, 7, 435.90, 779737, 254, 128, 0
1800, 6, 469, 510, 76, 0, 62.90%, 8, 0, 7, 422.23, 781147, 256, 128, 0
