# relative_time, cycles_done, cur_item, corpus_count, pending_total, pending_favs, map_size, saved_crashes, saved_hangs, max_depth, execs_per_sec, total_execs, edges_found, total_crashes, servers_count
60, 0, 9, 63, 58, 3, 30.22%, 0, 0, 2, 437.02, 26104, 123, 0, 0
65, 0, 9, 63, 58, 3, 30.22%, 0, 0, 2, 436.47, 28344, 123, 0, 0
71, 0, 9, 64, 59, 3, 30.22%, 0, 0, 2, 434.14, 30464, 123, 0, 0
76, 0, 9, 64, 59, 3, 30.22%, 0, 0, 2, 450.20, 32915, 123, 0, 0
81, 0, 9, 65, 60, 3, 30.22%, 0, 0, 2, 415.53, 34983, 123, 0, 0
86, 0, 9, 65, 60, 3, 30.22%, 0, 0, 2, 409.39, 37079, 123, 0, 0
91, 0, 9, 65, 60, 3, 30.22%, 0, 0, 2, 422.28, 39223, 123, 0, 0
96, 0, 9, 67, 62, 3, 30.22%, 0, 0, 2, 407.53, 41301, 123, 0, 0
101, 0, 9, 68, 63, 3, 30.22%, 0, 0, 2, 403.33, 43388, 123, 0, 0
106, 0, 9, 69, 64, 3, 30.22%, 0, 0, 2, 402.77, 45411, 123, 0, 0
111, 0, 9, 70, 65, 3, 30.22%, 0, 0, 2, 414.06, 47482, 123, 0, 0
116, 0, 9, 71, 66, 3, 30.22%, 0, 0, 2, 404.27, 49609, 123, 0, 0
121, 0, 9, 71, 66, 3, 30.22%, 0, 0, 2, 389.01, 51572, 123, 0, 0
126, 0, 9, 71, 66, 3, 30.22%, 0, 0, 2, 415.15, 53721, 123, 0, 0
131, 0, 11, 137, 126, 31, 43.73%, 0, 0, 3, 399.24, 55628, 178, 0, 0
136, 0, 107, 138, 123, 28, 43.73%, 0, 0, 3, 426.46, 57762, 178, 0, 0
141, 0, 107, 139, 124, 28, 43.73%, 0, 0, 3, 388.99, 59707, 178, 0, 0
147, 0, 107, 139, 124, 28, 43.73%, 0, 0, 3, 390.96, 61639, 178, 0, 0
152, 0, 107, 139, 124, 28, 43.73%, 0, 0, 3, 389.93, 63606, 178, 0, 0
157, 0, 77, 140, 123, 26, 43.98%, 0, 0, 3, 390.50, 65626, 179, 0, 0
162, 0, 99, 140, 120, 23, 43.98%, 0, 0, 3, 424.02, 67911, 179, 0, 0
167, 0, 99, 156, 136, 23, 46.44%, 2, 0, 3, 408.28, 70030, 189, 2, 0
172, 0, 99, 161, 141, 23, 46.44%, 2, 0, 3, 450.31, 72412, 189, 2, 0
177, 0, 99, 167, 147, 23, 46.44%, 2, 0, 3, 453.69, 74751, 189, 2, 0
182, 0, 99, 170, 150, 23, 46.44%, 2, 0, 3, 436.73, 76953, 189, 2, 0
187, 0, 99, 170, 150, 23, 46.44%, 2, 0, 3, 432.26, 79129, 189, 2, 0
192, 0, 99, 171, 151, 23, 46.44%, 2, 0, 3, 407.49, 81144, 189, 2, 0
197, 0, 99, 171, 151, 23, 46.44%, 2, 0, 3, 403.91, 83208, 189, 2, 0
202, 0, 99, 172, 152, 23, 46.44%, 2, 0, 3, 402.43, 85255, 189, 2, 0
207, 0, 99, 172, 152, 23, 46.44%, 2, 0, 3, 416.79, 87399, 189, 3, 0
212, 0, 99, 174, 154, 23, 47.17%, 2, 0, 3, 415.44, 89429, 192, 3, 0
218, 0, 99, 176, 156, 23, 47.17%, 2, 0, 3, 398.69, 91442, 192, 3, 0
223, 0, 99, 176, 156, 23, 47.17%, 2, 0, 3, 429.43, 93635, 192, 4, 0
228, 0, 99, 176, 156, 23, 47.17%, 2, 0, 3, 440.20, 95915, 192, 4, 0
233, 0, 99, 176, 156, 23, 47.17%, 2, 0, 3, 394.30, 97903, 192, 4, 0
238, 0, 99, 176, 156, 23, 47.17%, 2, 0, 3, 414.29, 99963, 192, 4, 0
243, 0, 99, 176, 156, 23, 47.17%, 2, 0, 3, 400.83, 101979, 192, 4, 0
248, 0, 99, 176, 156, 23, 47.17%, 2, 0, 3, 417.55, 104083, 192, 4, 0
253, 0, 99, 176, 156, 23, 47.17%, 2, 0, 3, 416.19, 106155, 192, 4, 0
258, 0, 159, 177, 156, 22, 47.17%, 2, 0, 3, 418.41, 108290, 192, 4, 0
263, 0, 30, 181, 158, 20, 47.17%, 2, 0, 3, 434.28, 110529, 192, 4, 0
268, 0, 30, 184, 161, 20, 47.17%, 2, 0, 3, 432.83, 112678, 192, 4, 0
273, 0, 30, 185, 162, 20, 47.17%, 2, 0, 3, 455.87, 114930, 192, 4, 0
279, 0, 30, 187, 164, 20, 47.17%, 2, 0, 3, 458.11, 117230, 192, 4, 0
284, 0, 30, 187, 164, 20, 47.17%, 2, 0, 3, 437.16, 119498, 192, 4, 0
289, 0, 111, 187, 162, 19, 47.17%, 2, 0, 3, 415.43, 121706, 192, 4, 0
294, 0, 113, 187, 160, 17, 47.17%, 2, 0, 3, 418.54, 123791, 192, 4, 0
299, 0, 114, 188, 160, 16, 47.17%, 2, 0, 3, 451.56, 126064, 192, 4, 0
304, 0, 114, 200, 172, 16, 47.17%, 2, 0, 3, 427.42, 128268, 192, 4, 0
309, 0, 187, 205, 176, 16, 47.42%, 2, 0, 3, 464.19, 130590, 193, 4, 0
314, 0, 187, 209, 180, 16, 47.42%, 2, 0, 3, 447.07, 132823, 193, 4, 0
319, 0, 187, 212, 183, 16, 47.42%, 2, 0, 3, 497.99, 135424, 193, 4, 0
324, 0, 187, 215, 186, 16, 47.42%, 2, 0, 3, 460.21, 137716, 193, 4, 0
329, 0, 187, 216, 187, 16, 47.42%, 2, 0, 3, 452.25, 140082, 193, 4, 0
334, 0, 214, 216, 186, 18, 47.42%, 2, 0, 3, 512.95, 142703, 193, 4, 0
340, 0, 183, 225, 194, 17, 47.42%, 2, 0, 4, 494.11, 145081, 193, 4, 0
345, 0, 183, 225, 194, 17, 47.42%, 2, 0, 4, 472.18, 147574, 193, 4, 0
350, 0, 183, 229, 198, 17, 47.42%, 2, 0, 4, 461.72, 149934, 193, 4, 0
355, 0, 183, 233, 202, 17, 47.42%, 2, 0, 4, 449.05, 152232, 193, 4, 0
360, 0, 207, 233, 201, 16, 47.42%, 2, 0, 4, 422.90, 154328, 193, 4, 0
365, 0, 157, 233, 199, 15, 47.42%, 2, 0, 4, 452.77, 156685, 193, 4, 0
370, 0, 157, 240, 206, 15, 47.42%, 2, 0, 4, 445.23, 159012, 193, 4, 0
375, 0, 157, 240, 206, 15, 47.42%, 2, 0, 4, 423.55, 161196, 193, 4, 0
380, 0, 203, 240, 205, 15, 47.42%, 2, 0, 4, 422.73, 163358, 193, 4, 0
385, 0, 52, 241, 204, 14, 47.67%, 2, 0, 4, 453.21, 165665, 194, 4, 0
390, 0, 92, 243, 204, 12, 47.67%, 2, 0, 4, 461.02, 168042, 194, 4, 0
396, 0, 173, 243, 203, 11, 47.67%, 2, 0, 4, 1.29, 168541, 194, 4, 0
401, 0, 173, 243, 203, 11, 47.67%, 2, 0, 4, 225.96, 168690, 194, 4, 0
407, 0, 173, 243, 203, 11, 47.67%, 2, 0, 4, 105.39, 169423, 194, 4, 0
412, 0, 173, 243, 203, 11, 47.67%, 2, 0, 4, 116.84, 170027, 194, 4, 0
417, 0, 29, 243, 202, 10, 47.67%, 2, 0, 4, 106.98, 170565, 194, 4, 0
422, 0, 102, 243, 201, 9, 47.67%, 2, 0, 4, 110.19, 171147, 194, 4, 0
427, 0, 102, 243, 201, 9, 47.67%, 2, 0, 4, 104.59, 171657, 194, 4, 0
432, 0, 238, 243, 200, 8, 47.67%, 2, 0, 4, 123.78, 172305, 194, 4, 0
437, 0, 238, 244, 201, 8, 47.67%, 2, 0, 4, 125.34, 172934, 194, 4, 0
442, 0, 56, 244, 200, 7, 47.67%, 2, 0, 4, 111.31, 173534, 194, 4, 0
447, 0, 140, 245, 200, 6, 47.67%, 2, 0, 4, 121.64, 174114, 194, 4, 0
453, 0, 140, 245, 200, 6, 47.67%, 2, 0, 4, 118.06, 174728, 194, 4, 0
458, 0, 206, 245, 199, 5, 47.67%, 2, 0, 4, 126.36, 175362, 194, 4, 0
463, 0, 206, 245, 199, 5, 47.67%, 2, 0, 4, 131.29, 176014, 194, 4, 0
468, 0, 206, 249, 203, 5, 47.67%, 2, 0, 4, 107.27, 176516, 194, 4, 0
473, 0, 206, 250, 204, 5, 47.67%, 2, 0, 4, 110.07, 177067, 194, 4, 0
478, 0, 206, 250, 204, 5, 47.67%, 2, 0, 4, 106.37, 177623, 194, 4, 0
483, 0, 206, 251, 205, 5, 47.67%, 2, 0, 4, 119.25, 178262, 194, 4, 0
488, 0, 206, 251, 205, 5, 47.67%, 2, 0, 4, 114.59, 178834, 194, 4, 0
493, 0, 206, 251, 205, 5, 47.67%, 2, 0, 4, 111.89, 179412, 194, 4, 0
498, 0, 206, 251, 205, 5, 47.67%, 2, 0, 4, 111.74, 179996, 194, 4, 0
504, 0, 206, 251, 205, 5, 47.67%, 2, 0, 4, 122.06, 180622, 194, 4, 0
509, 0, 206, 251, 205, 5, 47.67%, 2, 0, 4, 107.92, 181142, 194, 4, 0
514, 0, 206, 251, 205, 5, 47.67%, 2, 0, 4, 111.69, 181754, 194, 4, 0
519, 0, 206, 251, 205, 5, 47.67%, 2, 0, 4, 107.53, 182302, 194, 4, 0
524, 0, 134, 251, 203, 4, 47.67%, 2, 0, 4, 134.55, 183006, 194, 4, 0
529, 0, 96, 251, 202, 3, 47.67%, 2, 0, 4, 124.62, 183557, 194, 4, 0
534, 0, 231, 251, 201, 2, 47.67%, 2, 0, 4, 120.49, 184151, 194, 4, 0
540, 0, 231, 255, 205, 2, 47.67%, 2, 0, 5, 114.14, 184752, 194, 4, 0
545, 0, 231, 256, 206, 2, 47.67%, 2, 0, 5, 119.36, 185387, 194, 4, 0
550, 0, 231, 257, 207, 2, 47.67%, 2, 0, 5, 100.02, 185884, 194, 4, 0
555, 0, 231, 257, 207, 2, 47.67%, 2, 0, 5, 132.85, 186532, 194, 4, 0
560, 0, 231, 257, 207, 2, 47.67%, 2, 0, 5, 114.14, 187146, 194, 4, 0
565, 0, 231, 257, 207, 2, 47.67%, 2, 0, 5, 120.59, 187764, 194, 4, 0
570, 0, 231, 257, 207, 2, 47.67%, 2, 0, 5, 121.78, 188380, 194, 4, 0
576, 0, 231, 257, 207, 2, 47.67%, 2, 0, 5, 121.30, 188988, 194, 4, 0
581, 0, 231, 257, 207, 2, 47.67%, 2, 0, 5, 110.85, 189578, 194, 4, 0
586, 0, 231, 257, 207, 2, 47.67%, 2, 0, 5, 125.52, 190230, 194, 4, 0
591, 0, 231, 257, 207, 2, 47.67%, 2, 0, 5, 127.32, 190850, 194, 4, 0
596, 0, 231, 258, 208, 2, 47.67%, 2, 0, 5, 116.76, 191431, 194, 4, 0
601, 0, 231, 258, 208, 2, 47.67%, 2, 0, 5, 110.67, 191975, 194, 4, 0
606, 0, 231, 259, 209, 2, 47.67%, 2, 0, 5, 118.42, 192602, 194, 4, 0
611, 0, 231, 259, 209, 2, 47.67%, 2, 0, 5, 129.74, 193280, 194, 4, 0
616, 0, 231, 259, 209, 2, 47.67%, 2, 0, 5, 119.94, 193864, 194, 4, 0
622, 0, 257, 262, 211, 2, 47.67%, 2, 0, 6, 118.08, 194465, 194, 4, 0
627, 0, 257, 265, 214, 2, 47.67%, 2, 0, 6, 103.90, 194964, 194, 4, 0
632, 0, 257, 265, 214, 2, 47.67%, 2, 0, 6, 91.47, 195418, 194, 4, 0
637, 0, 257, 265, 214, 2, 47.67%, 2, 0, 6, 101.98, 195969, 194, 4, 0
642, 0, 257, 265, 214, 2, 47.67%, 2, 0, 6, 108.86, 196540, 194, 4, 0
647, 0, 257, 265, 214, 2, 47.67%, 2, 0, 6, 109.12, 197058, 194, 4, 0
652, 0, 257, 265, 214, 2, 47.67%, 2, 0, 6, 108.12, 197620, 194, 4, 0
657, 0, 257, 265, 214, 2, 47.67%, 2, 0, 6, 108.05, 198166, 194, 4, 0
662, 0, 257, 266, 215, 2, 47.67%, 2, 0, 6, 115.25, 198757, 194, 4, 0
667, 0, 257, 266, 215, 2, 47.67%, 2, 0, 6, 111.04, 199301, 194, 4, 0
673, 0, 257, 266, 215, 2, 47.67%, 2, 0, 6, 114.63, 199897, 194, 4, 0
678, 0, 257, 266, 215, 2, 47.67%, 2, 0, 6, 110.92, 200447, 194, 4, 0
683, 0, 257, 266, 215, 2, 47.67%, 2, 0, 6, 112.17, 201013, 194, 4, 0
688, 0, 257, 266, 215, 2, 47.67%, 2, 0, 6, 107.79, 201551, 194, 4, 0
693, 0, 257, 266, 215, 2, 47.67%, 2, 0, 6, 112.29, 202145, 194, 4, 0
698, 0, 257, 266, 215, 2, 47.67%, 2, 0, 6, 115.53, 202745, 194, 4, 0
703, 0, 257, 266, 215, 2, 47.67%, 2, 0, 6, 114.73, 203341, 194, 4, 0
708, 0, 257, 266, 215, 2, 47.67%, 2, 0, 6, 117.13, 203963, 194, 4, 0
714, 0, 257, 266, 215, 2, 47.67%, 2, 0, 6, 112.26, 204525, 194, 4, 0
719, 0, 257, 266, 215, 2, 47.67%, 2, 0, 6, 109.99, 205113, 194, 4, 0
724, 0, 257, 266, 215, 2, 47.67%, 2, 0, 6, 126.63, 205773, 194, 4, 0
729, 0, 257, 266, 215, 2, 47.67%, 2, 0, 6, 120.72, 206361, 194, 4, 0
734, 0, 257, 266, 215, 2, 47.67%, 2, 0, 6, 117.31, 206955, 194, 4, 0
739, 0, 167, 266, 214, 1, 47.67%, 2, 0, 6, 119.49, 207577, 194, 4, 0
745, 0, 167, 266, 214, 1, 47.67%, 2, 0, 6, 132.90, 208256, 194, 4, 0
750, 0, 167, 266, 214, 1, 47.67%, 2, 0, 6, 118.71, 208852, 194, 4, 0
755, 0, 167, 268, 216, 1, 47.67%, 2, 0, 6, 117.51, 209453, 194, 4, 0
760, 0, 167, 269, 217, 1, 47.67%, 2, 0, 6, 127.36, 210082, 194, 4, 0
765, 0, 167, 270, 218, 1, 47.67%, 2, 0, 6, 135.49, 210765, 194, 4, 0
770, 0, 167, 270, 218, 1, 47.67%, 2, 0, 6, 115.43, 211307, 194, 4, 0
775, 0, 167, 270, 218, 1, 47.67%, 2, 0, 6, 117.56, 211919, 194, 4, 0
780, 0, 167, 270, 218, 1, 47.67%, 2, 0, 6, 113.36, 212495, 194, 4, 0
785, 0, 110, 270, 217, 0, 47.67%, 2, 0, 6, 112.67, 213035, 194, 4, 0
790, 0, 110, 270, 217, 0, 47.67%, 2, 0, 6, 99.29, 213533, 194, 4, 0
796, 0, 47, 271, 217, 0, 47.67%, 2, 0, 6, 105.07, 214100, 194, 4, 0
801, 0, 233, 271, 216, 0, 47.67%, 2, 0, 6, 101.46, 214731, 194, 4, 0
806, 0, 214, 272, 216, 0, 47.67%, 2, 0, 6, 129.24, 215406, 194, 4, 0
811, 0, 183, 274, 218, 0, 47.67%, 2, 0, 6, 115.16, 215986, 194, 4, 0
816, 0, 183, 274, 218, 0, 47.67%, 2, 0, 6, 109.18, 216528, 194, 4, 0
821, 0, 18, 274, 218, 0, 47.67%, 2, 0, 6, 110.71, 217103, 194, 4, 0
826, 0, 268, 274, 216, 0, 47.67%, 2, 0, 6, 119.45, 217716, 194, 4, 0
831, 0, 268, 274, 216, 0, 47.67%, 2, 0, 6, 117.16, 218284, 194, 4, 0
837, 0, 26, 274, 215, 0, 47.67%, 2, 0, 6, 123.09, 218934, 194, 4, 0
842, 0, 156, 274, 214, 0, 47.67%, 2, 0, 6, 117.89, 219538, 194, 4, 0
847, 0, 156, 274, 214, 0, 47.67%, 2, 0, 6, 122.38, 220163, 194, 4, 0
852, 0, 231, 274, 213, 0, 47.67%, 2, 0, 6, 113.34, 220755, 194, 4, 0
857, 0, 257, 274, 213, 0, 47.67%, 2, 0, 6, 130.12, 221447, 194, 4, 0
862, 0, 173, 274, 213, 0, 47.67%, 2, 0, 6, 104.84, 221982, 194, 4, 0
868, 0, 85, 274, 212, 0, 47.67%, 2, 0, 6, 110.70, 222568, 194, 4, 0
873, 0, 159, 274, 210, 0, 47.67%, 2, 0, 6, 106.45, 223120, 194, 4, 0
878, 0, 182, 274, 210, 0, 47.67%, 2, 0, 6, 119.67, 223767, 194, 4, 0
883, 0, 79, 274, 209, 0, 47.67%, 2, 0, 6, 113.08, 224357, 194, 4, 0
888, 0, 97, 274, 209, 0, 47.67%, 2, 0, 6, 19.51, 224897, 194, 4, 0
893, 0, 97, 274, 209, 0, 47.67%, 2, 0, 6, 118.97, 225479, 194, 4, 0
898, 0, 138, 274, 207, 0, 47.67%, 2, 0, 6, 116.88, 226076, 194, 4, 0
904, 0, 138, 274, 207, 0, 47.67%, 2, 0, 6, 115.28, 226662, 194, 4, 0
905, 0, 138, 274, 207, 0, 47.67%, 2, 0, 6, 116.03, 226773, 194, 4, 0
