# relative_time, cycles_done, cur_item, corpus_count, pending_total, pending_favs, map_size, saved_crashes, saved_hangs, max_depth, execs_per_sec, total_execs, edges_found, total_crashes, servers_count
60, 0, 20, 113, 95, 22, 44.23%, 0, 0, 3, 484.05, 26227, 180, 0, 0
66, 0, 31, 123, 103, 21, 44.23%, 0, 0, 3, 448.87, 28466, 180, 0, 0
71, 0, 43, 126, 103, 19, 44.23%, 0, 0, 3, 406.10, 30501, 180, 0, 0
76, 0, 43, 133, 110, 19, 44.47%, 0, 0, 3, 434.42, 32719, 181, 0, 0
81, 0, 43, 136, 113, 19, 44.47%, 0, 0, 3, 470.60, 35076, 181, 0, 0
86, 0, 43, 139, 116, 19, 44.47%, 0, 0, 3, 433.91, 37241, 181, 0, 0
91, 0, 43, 140, 117, 19, 44.47%, 0, 0, 3, 431.53, 39384, 181, 0, 0
96, 0, 59, 147, 121, 21, 45.45%, 1, 0, 3, 437.66, 41541, 185, 1, 0
101, 0, 60, 158, 131, 21, 45.45%, 1, 0, 3, 434.42, 43714, 185, 1, 0
106, 0, 60, 165, 138, 21, 45.45%, 1, 0, 3, 427.16, 45836, 185, 1, 0
111, 0, 60, 168, 141, 21, 46.19%, 1, 0, 3, 376.87, 47703, 188, 1, 0
116, 0, 60, 170, 143, 21, 46.19%, 1, 0, 3, 434.04, 49967, 188, 1, 0
121, 0, 60, 174, 147, 21, 46.19%, 1, 0, 3, 410.99, 52019, 188, 1, 0
126, 0, 60, 176, 149, 21, 46.19%, 1, 0, 3, 439.60, 54241, 188, 1, 0
131, 0, 86, 178, 145, 16, 46.19%, 1, 0, 3, 417.95, 56298, 188, 1, 0
137, 0, 90, 184, 150, 16, 46.68%, 1, 0, 4, 438.23, 58558, 190, 1, 0
142, 0, 94, 200, 165, 17, 46.68%, 1, 0, 4, 407.87, 60534, 190, 1, 0
147, 0, 126, 201, 161, 12, 46.68%, 1, 0, 4, 432.32, 62714, 190, 1, 0
152, 0, 146, 202, 157, 8, 46.68%, 1, 0, 4, 430.55, 64925, 190, 1, 0
157, 0, 167, 223, 177, 7, 47.42%, 1, 0, 4, 404.69, 67022, 193, 1, 0
162, 0, 197, 232, 183, 5, 47.42%, 1, 0, 5, 405.43, 69080, 193, 1, 0
167, 0, 197, 232, 183, 5, 47.42%, 1, 0, 5, 428.77, 71288, 193, 1, 0
172, 0, 198, 239, 189, 4, 47.42%, 1, 0, 5, 417.06, 73385, 193, 1, 0
177, 0, 198, 239, 189, 4, 47.42%, 1, 0, 5, 420.04, 75465, 193, 1, 0
182, 0, 198, 239, 189, 4, 47.42%, 1, 0, 5, 417.96, 77569, 193, 1, 0
187, 0, 201, 241, 189, 3, 47.42%, 1, 0, 5, 411.49, 79715, 193, 1, 0
193, 0, 201, 243, 191, 3, 47.42%, 1, 0, 5, 421.90, 81913, 193, 1, 0
198, 0, 201, 243, 191, 3, 47.42%, 1, 0, 5, 403.86, 83969, 193, 1, 0
203, 0, 201, 243, 191, 3, 47.42%, 1, 0, 5, 392.02, 86008, 193, 1, 0
208, 0, 201, 243, 191, 3, 47.42%, 1, 0, 5, 430.94, 88169, 193, 1, 0
213, 0, 219, 248, 195, 3, 47.67%, 1, 0, 5, 410.89, 90305, 194, 1, 0
218, 0, 219, 249, 196, 3, 47.91%, 1, 0, 5, 411.94, 92424, 195, 1, 0
223, 0, 219, 252, 199, 3, 48.65%, 1, 0, 5, 441.39, 94677, 198, 1, 0
228, 0, 219, 253, 200, 3, 48.89%, 1, 0, 5, 428.88, 96820, 199, 1, 0
233, 0, 219, 253, 200, 3, 48.89%, 1, 0, 5, 415.23, 98956, 199, 1, 0
238, 0, 219, 253, 200, 3, 48.89%, 1, 0, 5, 424.28, 101100, 199, 1, 0
244, 0, 219, 253, 200, 3, 48.89%, 1, 0, 5, 391.41, 103071, 199, 1, 0
249, 0, 219, 253, 200, 3, 48.89%, 1, 0, 5, 406.96, 105178, 199, 1, 0
254, 0, 219, 253, 200, 3, 48.89%, 1, 0, 5, 445.42, 107452, 199, 1, 0
259, 0, 219, 253, 200, 3, 48.89%, 1, 0, 5, 439.42, 109700, 199, 1, 0
264, 0, 219, 253, 200, 3, 48.89%, 1, 0, 5, 419.92, 111796, 199, 1, 0
269, 0, 219, 253, 200, 3, 48.89%, 1, 0, 5, 404.18, 113844, 199, 1, 0
274, 0, 219, 253, 200, 3, 48.89%, 1, 0, 5, 387.08, 115867, 199, 1, 0
279, 0, 219, 253, 200, 3, 48.89%, 1, 0, 5, 409.33, 117940, 199, 1, 0
284, 0, 219, 253, 200, 3, 48.89%, 1, 0, 5, 424.31, 120068, 199, 1, 0
289, 0, 219, 253, 200, 3, 48.89%, 1, 0, 5, 424.92, 122196, 199, 1, 0
294, 0, 219, 253, 200, 3, 48.89%, 1, 0, 5, 436.24, 124420, 199, 1, 0
299, 0, 219, 253, 200, 3, 48.89%, 1, 0, 5, 441.24, 126716, 199, 1, 0
305, 0, 219, 253, 200, 3, 48.89%, 1, 0, 5, 408.45, 128756, 199, 1, 0
310, 0, 219, 253, 200, 3, 48.89%, 1, 0, 5, 440.29, 130964, 199, 1, 0
315, 0, 219, 253, 200, 3, 48.89%, 1, 0, 5, 434.07, 133148, 199, 1, 0
320, 0, 219, 253, 200, 3, 48.89%, 1, 0, 5, 431.84, 135420, 199, 1, 0
325, 0, 219, 253, 200, 3, 48.89%, 1, 0, 5, 484.99, 137907, 199, 1, 0
330, 0, 237, 254, 200, 8, 48.89%, 1, 0, 5, 444.11, 140145, 199, 1, 0
335, 0, 237, 257, 203, 8, 48.89%, 1, 0, 5, 412.48, 142240, 199, 1, 0
340, 0, 237, 259, 205, 8, 48.89%, 1, 0, 5, 449.94, 144422, 199, 1, 0
345, 0, 237, 259, 205, 8, 48.89%, 1, 0, 5, 416.74, 146526, 199, 1, 0
350, 0, 248, 259, 202, 6, 48.89%, 1, 0, 5, 446.72, 148778, 199, 1, 0
356, 0, 252, 265, 204, 2, 48.89%, 1, 0, 6, 419.42, 150932, 199, 1, 0
361, 1, 44, 265, 197, 0, 48.89%, 1, 0, 6, 414.33, 153026, 199, 1, 0
366, 1, 92, 266, 184, 0, 48.89%, 1, 0, 6, 372.52, 154934, 199, 1, 0
371, 1, 149, 266, 175, 0, 48.89%, 1, 0, 6, 409.41, 157078, 199, 1, 0
376, 1, 267, 274, 177, 1, 49.14%, 1, 0, 6, 412.72, 159161, 200, 1, 0
381, 1, 274, 284, 185, 0, 49.88%, 1, 0, 6, 417.47, 161388, 203, 1, 0
386, 2, 288, 304, 201, 3, 50.37%, 1, 0, 6, 415.73, 163511, 205, 1, 0
391, 2, 297, 304, 200, 2, 50.37%, 1, 0, 6, 423.10, 165751, 205, 1, 0
396, 3, 24, 304, 197, 0, 50.37%, 1, 0, 6, 457.82, 168096, 205, 1, 0
401, 3, 100, 304, 186, 0, 50.37%, 1, 0, 6, 411.79, 170126, 205, 1, 0
406, 3, 151, 304, 176, 0, 50.37%, 1, 0, 6, 423.84, 172326, 205, 1, 0
411, 3, 197, 304, 166, 0, 50.37%, 1, 0, 6, 423.53, 174412, 205, 1, 0
416, 3, 205, 305, 166, 0, 50.37%, 1, 0, 6, 421.32, 176509, 205, 1, 0
421, 3, 242, 305, 159, 0, 50.37%, 1, 0, 6, 410.42, 178553, 205, 1, 0
427, 3, 257, 305, 158, 0, 50.37%, 1, 0, 6, 399.27, 180578, 205, 1, 0
432, 3, 274, 306, 154, 0, 50.61%, 1, 0, 6, 390.23, 182579, 206, 1, 0
437, 5, 17, 309, 149, 0, 50.61%, 1, 0, 6, 452.46, 185021, 206, 1, 0
442, 5, 105, 309, 144, 0, 50.61%, 1, 0, 6, 398.01, 187004, 206, 1, 0
447, 5, 180, 309, 133, 0, 50.61%, 1, 0, 6, 403.08, 189062, 206, 1, 0
452, 5, 198, 309, 129, 0, 50.61%, 1, 0, 6, 405.54, 191106, 206, 1, 0
457, 5, 236, 309, 122, 0, 50.61%, 1, 0, 6, 471.95, 193489, 206, 1, 0
462, 5, 251, 309, 121, 0, 50.61%, 1, 0, 6, 432.60, 195619, 206, 1, 0
467, 5, 279, 309, 118, 0, 50.61%, 1, 0, 6, 414.20, 197735, 206, 1, 0
473, 5, 308, 309, 114, 0, 50.61%, 1, 0, 6, 417.54, 199905, 206, 1, 0
478, 6, 82, 311, 108, 0, 50.61%, 1, 0, 6, 380.94, 201875, 206, 1, 0
483, 6, 165, 311, 102, 0, 50.61%, 1, 0, 6, 424.32, 204050, 206, 1, 0
488, 6, 198, 312, 97, 0, 50.61%, 1, 0, 6, 436.00, 206215, 206, 1, 0
493, 6, 234, 312, 94, 0, 50.61%, 1, 0, 6, 447.78, 208479, 206, 1, 0
498, 6, 252, 312, 92, 0, 50.61%, 1, 0, 6, 450.93, 210716, 206, 1, 0
503, 6, 294, 312, 90, 0, 50.61%, 1, 0, 6, 387.40, 212561, 206, 1, 0
508, 7, 312, 313, 87, 1, 50.86%, 1, 0, 6, 409.69, 214622, 207, 1, 0
513, 8, 97, 313, 82, 0, 50.86%, 1, 0, 6, 402.65, 216684, 207, 1, 0
518, 8, 180, 313, 78, 0, 50.86%, 1, 0, 6, 405.67, 218800, 207, 1, 0
523, 8, 208, 313, 74, 0, 50.86%, 1, 0, 6, 433.94, 221028, 207, 1, 0
528, 8, 242, 313, 70, 0, 50.86%, 1, 0, 6, 413.73, 223154, 207, 1, 0
533, 8, 267, 313, 69, 0, 50.86%, 1, 0, 6, 419.61, 225306, 207, 1, 0
539, 8, 289, 314, 67, 0, 50.86%, 1, 0, 6, 448.45, 227608, 207, 1, 0
544, 8, 313, 314, 61, 0, 50.86%, 1, 0, 6, 443.38, 229799, 207, 1, 0
549, 9, 100, 314, 58, 0, 50.86%, 1, 0, 6, 403.22, 231784, 207, 1, 0
554, 9, 180, 314, 55, 0, 50.86%, 1, 0, 6, 383.97, 233785, 207, 1, 0
559, 9, 220, 314, 53, 0, 50.86%, 1, 0, 6, 410.99, 235937, 207, 1, 0
564, 9, 250, 314, 51, 0, 50.86%, 1, 0, 6, 426.97, 238083, 207, 1, 0
569, 9, 267, 314, 49, 0, 50.86%, 1, 0, 6, 435.57, 240245, 207, 1, 0
574, 10, 17, 317, 50, 0, 51.11%, 1, 0, 6, 421.36, 242375, 208, 1, 0
579, 10, 146, 317, 47, 0, 51.11%, 1, 0, 6, 432.50, 244573, 208, 1, 0
584, 10, 198, 317, 45, 0, 51.11%, 1, 0, 6, 440.81, 246724, 208, 1, 0
590, 10, 235, 317, 44, 0, 51.11%, 1, 0, 6, 416.64, 248786, 208, 1, 0
595, 10, 251, 317, 42, 0, 51.11%, 1, 0, 6, 433.96, 250946, 208, 1, 0
600, 10, 299, 317, 38, 0, 51.11%, 1, 0, 6, 427.05, 253073, 208, 1, 0
605, 11, 15, 318, 39, 0, 51.11%, 1, 0, 6, 393.43, 255014, 208, 1, 0
610, 11, 117, 318, 37, 0, 51.11%, 1, 0, 6, 402.90, 256990, 208, 1, 0
615, 11, 180, 318, 34, 0, 51.11%, 1, 0, 6, 378.25, 258953, 208, 1, 0
620, 11, 221, 318, 34, 0, 51.11%, 2, 0, 6, 395.53, 261024, 208, 2, 0
625, 11, 257, 318, 34, 0, 51.11%, 2, 0, 6, 385.86, 262914, 208, 2, 0
630, 11, 304, 318, 31, 0, 51.11%, 2, 0, 6, 388.80, 264913, 208, 2, 0
635, 12, 26, 318, 29, 0, 51.11%, 2, 0, 6, 386.47, 266900, 208, 2, 0
640, 12, 117, 318, 27, 0, 51.11%, 2, 0, 6, 404.14, 268881, 208, 2, 0
645, 12, 198, 318, 26, 0, 51.11%, 2, 0, 6, 412.79, 271016, 208, 2, 0
650, 12, 247, 318, 26, 0, 51.11%, 2, 0, 6, 430.16, 273178, 208, 2, 0
656, 12, 299, 318, 25, 0, 51.11%, 2, 0, 6, 430.53, 275298, 208, 2, 0
661, 13, 201, 322, 28, 2, 51.60%, 2, 0, 6, 396.98, 277311, 210, 2, 0
666, 14, 26, 322, 26, 0, 51.60%, 2, 0, 6, 423.68, 279526, 210, 2, 0
671, 14, 117, 323, 25, 0, 51.60%, 2, 0, 6, 387.10, 281412, 210, 2, 0
676, 14, 197, 324, 25, 0, 51.84%, 2, 0, 6, 417.72, 283537, 211, 2, 0
681, 14, 323, 326, 27, 1, 52.33%, 2, 0, 6, 432.00, 285740, 213, 2, 0
686, 15, 12, 326, 24, 0, 52.33%, 2, 0, 6, 406.24, 287815, 213, 2, 0
691, 15, 114, 326, 23, 0, 52.33%, 2, 0, 6, 414.80, 289905, 213, 2, 0
696, 15, 197, 326, 23, 0, 52.33%, 2, 0, 6, 429.79, 292052, 213, 2, 0
701, 15, 242, 326, 22, 0, 52.33%, 2, 0, 6, 453.36, 294359, 213, 2, 0
706, 15, 257, 326, 22, 0, 52.33%, 2, 0, 6, 389.20, 296311, 213, 2, 0
711, 15, 312, 326, 19, 0, 52.33%, 2, 0, 6, 389.59, 298301, 213, 2, 0
717, 15, 322, 327, 19, 0, 52.33%, 3, 0, 6, 409.88, 300445, 213, 3, 0
722, 16, 10, 327, 18, 0, 52.33%, 3, 0, 6, 405.53, 302496, 213, 3, 0
727, 16, 140, 327, 17, 0, 52.33%, 3, 0, 6, 442.06, 304695, 213, 3, 0
732, 16, 198, 327, 17, 0, 52.33%, 3, 0, 6, 411.69, 306719, 213, 3, 0
737, 16, 242, 327, 14, 0, 52.33%, 3, 0, 6, 418.21, 308873, 213, 3, 0
742, 16, 267, 327, 14, 0, 52.33%, 3, 0, 6, 386.10, 310907, 213, 3, 0
747, 16, 323, 327, 14, 0, 52.33%, 3, 0, 6, 439.28, 313182, 213, 3, 0
752, 17, 34, 327, 14, 0, 52.33%, 3, 0, 6, 444.01, 315454, 213, 3, 0
757, 17, 141, 327, 14, 0, 52.33%, 3, 0, 6, 399.30, 317404, 213, 3, 0
762, 17, 198, 327, 14, 0, 52.33%, 3, 0, 6, 453.25, 319753, 213, 3, 0
768, 17, 248, 327, 13, 0, 52.33%, 3, 0, 6, 436.98, 322002, 213, 3, 0
773, 17, 298, 327, 13, 0, 52.33%, 3, 0, 6, 473.11, 324378, 213, 3, 0
778, 17, 324, 327, 10, 0, 52.33%, 3, 0, 6, 451.89, 326577, 213, 3, 0
783, 19, 14, 329, 10, 0, 52.33%, 5, 0, 6, 427.21, 328715, 213, 5, 0
788, 19, 141, 329, 10, 0, 52.33%, 5, 0, 6, 402.74, 330786, 213, 5, 0
793, 19, 198, 329, 10, 0, 52.33%, 5, 0, 6, 409.38, 332795, 213, 5, 0
798, 19, 242, 329, 9, 0, 52.33%, 5, 0, 6, 411.54, 334867, 213, 5, 0
803, 19, 285, 330, 9, 0, 52.33%, 5, 0, 6, 430.36, 337047, 213, 5, 0
808, 19, 328, 330, 9, 0, 52.33%, 5, 0, 6, 424.99, 339239, 213, 5, 0
813, 20, 100, 331, 10, 0, 52.33%, 6, 0, 6, 434.89, 341423, 213, 7, 0
818, 20, 197, 331, 10, 0, 52.33%, 6, 0, 6, 424.88, 343534, 213, 7, 0
823, 20, 242, 331, 10, 0, 52.33%, 6, 0, 6, 453.61, 345880, 213, 8, 0
828, 20, 258, 331, 10, 0, 52.33%, 6, 0, 6, 425.06, 347982, 213, 8, 0
833, 20, 319, 331, 10, 0, 52.33%, 6, 0, 6, 384.73, 349880, 213, 8, 0
839, 20, 319, 332, 11, 0, 52.33%, 6, 0, 6, 354.63, 351679, 213, 8, 0
844, 21, 27, 336, 14, 2, 52.58%, 8, 0, 6, 368.65, 353468, 214, 12, 0
849, 22, 26, 336, 12, 0, 52.58%, 8, 0, 6, 402.32, 355569, 214, 12, 0
854, 22, 146, 336, 11, 0, 52.58%, 8, 0, 6, 414.98, 357623, 214, 15, 0
859, 22, 219, 336, 11, 0, 52.58%, 8, 0, 6, 383.62, 359552, 214, 15, 0
864, 22, 247, 336, 11, 0, 52.58%, 8, 0, 6, 418.99, 361740, 214, 15, 0
869, 22, 288, 336, 10, 0, 52.58%, 8, 0, 6, 402.88, 363786, 214, 15, 0
874, 22, 329, 336, 10, 0, 52.58%, 8, 0, 6, 388.58, 365721, 214, 19, 0
879, 22, 335, 336, 9, 0, 52.58%, 8, 0, 6, 381.10, 367587, 214, 19, 0
884, 23, 98, 336, 7, 0, 52.58%, 8, 0, 6, 392.95, 369709, 214, 19, 0
889, 23, 180, 336, 7, 0, 52.58%, 8, 0, 6, 405.71, 371747, 214, 20, 0
895, 23, 241, 336, 7, 0, 52.58%, 8, 0, 6, 414.70, 373846, 214, 20, 0
900, 23, 254, 336, 7, 0, 52.58%, 8, 0, 6, 422.44, 376058, 214, 20, 0
905, 23, 324, 336, 7, 0, 52.58%, 8, 0, 6, 418.02, 378249, 214, 20, 0
906, 23, 331, 336, 7, 0, 52.58%, 8, 0, 6, 408.25, 378967, 214, 21, 0
