# relative_time, cycles_done, cur_item, corpus_count, pending_total, pending_favs, map_size, saved_crashes, saved_hangs, max_depth, execs_per_sec, total_execs, edges_found, total_crashes, servers_count
60, 0, 66, 129, 109, 21, 36.61%, 0, 0, 3, 2096.36, 120749, 149, 0, 0
65, 0, 66, 131, 111, 21, 36.61%, 0, 0, 3, 2053.20, 131095, 149, 0, 0
70, 0, 66, 135, 115, 21, 37.35%, 0, 0, 3, 2009.66, 141575, 152, 0, 0
75, 0, 66, 137, 117, 21, 37.35%, 0, 0, 3, 1957.46, 151612, 152, 0, 0
80, 0, 66, 139, 119, 21, 37.35%, 0, 0, 3, 2052.07, 161922, 152, 0, 0
85, 0, 100, 147, 121, 18, 38.08%, 1, 0, 4, 1866.98, 171222, 155, 1, 0
91, 0, 132, 164, 136, 17, 38.33%, 1, 0, 4, 1910.96, 180742, 156, 1, 0
96, 0, 132, 176, 148, 17, 38.33%, 1, 0, 4, 1822.34, 189394, 156, 1, 0
101, 0, 132, 179, 151, 17, 38.33%, 1, 0, 4, 1956.78, 199318, 156, 1, 0
106, 0, 132, 180, 152, 17, 38.33%, 1, 0, 4, 1863.16, 208718, 156, 1, 0
111, 0, 132, 183, 155, 17, 38.33%, 1, 0, 4, 1935.12, 218301, 156, 1, 0
116, 0, 95, 184, 154, 15, 38.33%, 1, 0, 4, 1983.33, 228749, 156, 1, 0
121, 0, 70, 198, 156, 4, 38.33%, 1, 0, 4, 1995.17, 238905, 156, 1, 0
126, 0, 70, 199, 157, 4, 38.33%, 1, 0, 4, 2103.66, 249420, 156, 1, 0
131, 0, 70, 200, 158, 4, 38.33%, 1, 0, 4, 2053.48, 259815, 156, 1, 0
136, 0, 70, 202, 160, 4, 38.33%, 1, 0, 4, 1944.22, 270095, 156, 1, 0
141, 0, 70, 203, 161, 4, 38.33%, 1, 0, 4, 1945.77, 280040, 156, 1, 0
146, 0, 140, 204, 155, 2, 38.57%, 1, 0, 4, 1937.24, 289827, 157, 1, 0
151, 0, 35, 205, 135, 0, 38.57%, 1, 0, 4, 1983.18, 299682, 157, 1, 0
157, 0, 165, 208, 120, 0, 38.57%, 1, 0, 5, 1889.22, 309258, 157, 1, 0
162, 1, 168, 208, 101, 0, 38.57%, 1, 0, 5, 1904.83, 318932, 157, 1, 0
167, 1, 104, 210, 83, 0, 38.82%, 1, 0, 5, 375.12, 327945, 158, 1, 0
172, 1, 170, 214, 68, 0, 38.82%, 1, 0, 5, 1636.44, 337868, 158, 1, 0
177, 1, 121, 217, 57, 0, 38.82%, 1, 0, 5, 1660.95, 346655, 158, 1, 0
182, 1, 187, 218, 34, 0, 38.82%, 1, 0, 5, 2160.44, 356033, 158, 1, 0
187, 1, 106, 234, 38, 0, 40.54%, 1, 0, 5, 2033.26, 365892, 165, 1, 0
192, 2, 327, 341, 137, 15, 52.58%, 1, 0, 5, 2009.86, 375890, 214, 1, 0
197, 2, 300, 341, 126, 6, 52.58%, 1, 0, 5, 1961.57, 386041, 214, 1, 0
202, 2, 260, 341, 118, 0, 52.58%, 1, 0, 5, 1946.52, 395716, 214, 1, 0
207, 2, 284, 341, 108, 0, 52.58%, 1, 0, 5, 2023.31, 405414, 214, 1, 0
213, 2, 285, 341, 92, 0, 52.58%, 1, 0, 5, 2036.65, 415939, 214, 1, 0
218, 2, 159, 341, 81, 0, 52.58%, 1, 0, 5, 1993.31, 425939, 214, 1, 0
223, 2, 297, 341, 72, 0, 52.58%, 1, 0, 5, 2138.57, 434867, 214, 1, 0
228, 2, 286, 341, 61, 0, 52.58%, 1, 0, 5, 2049.10, 445402, 214, 1, 0
233, 2, 320, 341, 55, 0, 52.58%, 1, 0, 5, 2004.96, 455203, 214, 1, 0
238, 2, 279, 341, 45, 0, 52.58%, 1, 0, 5, 2027.19, 465711, 214, 1, 0
243, 2, 326, 341, 35, 0, 52.58%, 1, 0, 5, 1952.86, 476087, 214, 1, 0
249, 2, 278, 341, 25, 0, 52.58%, 1, 0, 5, 1930.13, 485894, 214, 1, 0
254, 3, 301, 344, 20, 0, 52.83%, 1, 0, 5, 1925.29, 495529, 215, 1, 0
259, 3, 265, 344, 14, 0, 52.83%, 1, 0, 5, 1952.12, 505260, 215, 1, 0
264, 3, 296, 344, 9, 0, 52.83%, 1, 0, 5, 1788.85, 514689, 215, 1, 0
269, 3, 313, 344, 4, 0, 52.83%, 1, 0, 5, 1891.86, 524520, 215, 1, 0
274, 4, 91, 345, 3, 0, 52.83%, 1, 0, 5, 1791.72, 533612, 215, 1, 0
279, 4, 282, 345, 3, 0, 52.83%, 1, 0, 5, 1964.03, 544018, 215, 1, 0
285, 4, 170, 345, 3, 0, 52.83%, 1, 0, 5, 1971.65, 554070, 215, 1, 0
290, 4, 208, 345, 3, 0, 52.83%, 1, 0, 5, 1927.77, 563771, 215, 1, 0
295, 5, 270, 345, 3, 0, 52.83%, 1, 0, 5, 1915.97, 573500, 215, 1, 0
300, 5, 334, 345, 3, 0, 52.83%, 1, 0, 5, 1946.93, 583342, 215, 1, 0
305, 5, 262, 345, 3, 0, 52.83%, 1, 0, 5, 1800.96, 591925, 215, 1, 0
310, 6, 355, 370, 25, 5, 58.97%, 1, 0, 5, 1895.29, 602049, 240, 1, 0
315, 6, 377, 394, 46, 3, 61.43%, 1, 0, 5, 1969.54, 612098, 250, 1, 0
320, 6, 345, 397, 48, 4, 61.43%, 1, 0, 5, 1827.36, 621268, 250, 1, 0
325, 6, 398, 411, 58, 2, 61.67%, 1, 0, 5, 1959.46, 631490, 251, 1, 0
330, 6, 394, 420, 63, 0, 61.67%, 1, 0, 6, 1958.72, 641765, 251, 1, 0
335, 6, 378, 421, 58, 0, 61.67%, 1, 0, 6, 1637.16, 650111, 251, 1, 0
341, 6, 374, 421, 50, 0, 61.67%, 1, 0, 6, 1984.06, 660656, 251, 1, 0
346, 6, 176, 421, 42, 0, 61.67%, 1, 0, 6, 1916.68, 670039, 251, 1, 0
351, 6, 395, 421, 35, 0, 61.67%, 1, 0, 6, 2052.36, 680528, 251, 1, 0
356, 6, 379, 422, 29, 0, 61.67%, 1, 0, 6, 1995.71, 690892, 251, 1, 0
361, 6, 401, 426, 28, 0, 61.67%, 1, 0, 6, 2125.58, 701588, 251, 1, 0
366, 6, 405, 426, 23, 0, 61.67%, 1, 0, 6, 2009.62, 711473, 251, 1, 0
371, 6, 422, 426, 19, 0, 61.67%, 1, 0, 6, 1992.23, 721425, 251, 1, 0
376, 6, 294, 426, 15, 0, 61.67%, 1, 0, 6, 2007.25, 731543, 251, 1, 0
381, 7, 431, 435, 20, 0, 62.16%, 1, 0, 6, 2047.13, 741761, 253, 1, 0
386, 7, 429, 435, 15, 0, 62.16%, 1, 0, 6, 1946.56, 751342, 253, 1, 0
391, 7, 364, 435, 11, 0, 62.16%, 1, 0, 6, 1870.98, 760976, 253, 1, 0
396, 7, 428, 435, 8, 0, 62.16%, 1, 0, 6, 1839.15, 769820, 253, 1, 0
401, 7, 353, 435, 4, 0, 62.16%, 1, 0, 6, 1925.27, 779698, 253, 1, 0
406, 7, 405, 435, 4, 0, 62.16%, 1, 0, 6, 1996.35, 790322, 253, 1, 0
412, 8, 436, 437, 4, 0, 62.16%, 1, 0, 6, 1785.23, 799865, 253, 1, 0
417, 8, 190, 437, 3, 0, 62.16%, 1, 0, 6, 1879.62, 809817, 253, 1, 0
422, 8, 203, 437, 3, 0, 62.16%, 1, 0, 6, 1957.42, 819869, 253, 1, 0
427, 8, 208, 437, 2, 0, 62.16%, 1, 0, 6, 1820.53, 828601, 253, 1, 0
432, 8, 398, 437, 1, 0, 62.16%, 1, 0, 6, 1774.40, 838028, 253, 1, 0
437, 9, 316, 438, 1, 0, 62.16%, 1, 0, 6, 1880.39, 847967, 253, 1, 0
443, 9, 356, 438, 1, 0, 62.16%, 1, 0, 6, 2039.08, 858643, 253, 1, 0
448, 9, 55, 438, 1, 0, 62.16%, 1, 0, 6, 1964.15, 868680, 253, 1, 0
453, 9, 293, 438, 1, 0, 62.16%, 1, 0, 6, 1854.86, 877766, 253, 1, 0
458, 10, 170, 438, 1, 0, 62.16%, 1, 0, 6, 1930.14, 887663, 253, 1, 0
463, 10, 20, 438, 1, 0, 62.16%, 1, 0, 6, 2078.85, 898200, 253, 1, 0
468, 10, 233, 438, 1, 0, 62.16%, 1, 0, 6, 2060.20, 908591, 253, 1, 0
473, 10, 32, 438, 1, 0, 62.16%, 1, 0, 6, 1860.74, 917970, 253, 1, 0
478, 11, 438, 439, 2, 1, 62.41%, 1, 0, 6, 1954.51, 928067, 254, 1, 0
484, 11, 438, 439, 1, 0, 62.41%, 1, 0, 6, 2007.26, 938602, 254, 1, 0
489, 11, 263, 439, 1, 0, 62.41%, 1, 0, 6, 1942.04, 948613, 254, 1, 0
494, 11, 208, 439, 1, 0, 62.41%, 1, 0, 6, 1947.55, 958840, 254, 1, 0
499, 11, 262, 439, 1, 0, 62.41%, 1, 0, 6, 2016.91, 968975, 254, 1, 0
504, 12, 230, 439, 1, 0, 62.41%, 1, 0, 6, 2017.78, 979044, 254, 1, 0
509, 12, 238, 439, 1, 0, 62.41%, 1, 0, 6, 1964.90, 988722, 254, 1, 0
514, 12, 26, 439, 1, 0, 62.41%, 1, 0, 6, 2004.54, 999132, 254, 1, 0
520, 12, 263, 439, 1, 0, 62.41%, 1, 0, 6, 2036.53, 1009536, 254, 1, 0
525, 13, 23, 439, 1, 0, 62.41%, 2, 0, 6, 2086.73, 1020397, 254, 2, 0
530, 13, 262, 439, 1, 0, 62.41%, 2, 0, 6, 1931.88, 1029973, 254, 2, 0
535, 13, 170, 439, 1, 0, 62.41%, 2, 0, 6, 1868.59, 1039696, 254, 2, 0
540, 13, 329, 439, 1, 0, 62.41%, 2, 0, 6, 2004.76, 1048771, 254, 2, 0
545, 13, 269, 439, 1, 0, 62.41%, 2, 0, 6, 1944.34, 1058603, 254, 2, 0
550, 14, 33, 439, 1, 0, 62.41%, 2, 0, 6, 1982.61, 1067504, 254, 2, 0
555, 14, 269, 439, 0, 0, 62.41%, 2, 0, 6, 1541.20, 1076802, 254, 2, 0
560, 14, 262, 439, 0, 0, 62.41%, 2, 0, 6, 1885.78, 1087022, 254, 2, 0
566, 14, 132, 439, 0, 0, 62.41%, 2, 0, 6, 1886.32, 1096647, 254, 2, 0
571, 14, 398, 439, 0, 0, 62.41%, 2, 0, 6, 1968.79, 1106930, 254, 2, 0
576, 15, 269, 439, 0, 0, 62.41%, 2, 0, 6, 2025.20, 1116983, 254, 2, 0
581, 15, 404, 439, 0, 0, 62.41%, 2, 0, 6, 2053.39, 1127541, 254, 2, 0
586, 15, 300, 439, 0, 0, 62.41%, 2, 0, 6, 2016.22, 1137848, 254, 2, 0
591, 15, 300, 439, 0, 0, 62.41%, 2, 0, 6, 1962.82, 1148169, 254, 2, 0
596, 16, 42, 439, 0, 0, 62.41%, 2, 0, 6, 1978.35, 1158128, 254, 2, 0
598, 16, 91, 439, 0, 0, 62.41%, 2, 0, 6, 1964.99, 1161344, 254, 2, 0
