# relative_time, cycles_done, cur_item, corpus_count, pending_total, pending_favs, map_size, saved_crashes, saved_hangs, max_depth, execs_per_sec, total_execs, edges_found, total_crashes, servers_count
61, 0, 20, 82, 66, 19, 42.26%, 0, 0, 3, 395.34, 25952, 172, 0, 0
66, 0, 21, 98, 81, 22, 43.98%, 1, 0, 3, 423.01, 28215, 179, 1, 0
71, 0, 21, 115, 98, 22, 44.23%, 1, 0, 3, 433.91, 30485, 180, 1, 0
76, 0, 21, 120, 103, 22, 44.72%, 1, 0, 3, 452.37, 32791, 182, 1, 0
81, 0, 21, 122, 105, 22, 46.44%, 1, 0, 3, 433.01, 34991, 189, 1, 0
86, 0, 21, 125, 108, 22, 46.44%, 2, 0, 3, 452.65, 37276, 189, 2, 0
91, 0, 32, 131, 111, 22, 46.44%, 2, 0, 3, 434.21, 39466, 189, 2, 0
96, 0, 32, 144, 124, 22, 46.44%, 2, 0, 3, 440.63, 41799, 189, 2, 0
101, 0, 32, 146, 126, 22, 46.68%, 2, 0, 3, 429.07, 43957, 190, 2, 0
106, 0, 32, 150, 130, 22, 46.68%, 2, 0, 3, 454.68, 46277, 190, 2, 0
111, 0, 32, 150, 130, 22, 46.68%, 2, 0, 3, 459.78, 48537, 190, 2, 0
116, 0, 32, 152, 132, 22, 46.68%, 2, 0, 3, 463.61, 50873, 190, 2, 0
121, 0, 32, 152, 132, 22, 46.68%, 2, 0, 3, 443.81, 53105, 190, 2, 0
126, 0, 32, 152, 132, 22, 46.68%, 2, 0, 3, 419.52, 55241, 190, 2, 0
132, 0, 32, 154, 134, 22, 46.68%, 2, 0, 3, 426.30, 57399, 190, 2, 0
137, 0, 32, 154, 134, 22, 46.68%, 2, 0, 3, 452.22, 59663, 190, 2, 0
142, 0, 32, 154, 134, 22, 46.68%, 2, 0, 3, 427.15, 61815, 190, 2, 0
147, 0, 32, 154, 134, 22, 46.68%, 2, 0, 3, 439.54, 64031, 190, 2, 0
152, 0, 32, 154, 134, 22, 46.68%, 2, 0, 3, 424.41, 66104, 190, 2, 0
157, 0, 32, 154, 134, 22, 46.68%, 2, 0, 3, 434.28, 68256, 190, 2, 0
162, 0, 32, 154, 134, 22, 46.68%, 2, 0, 3, 437.50, 70480, 190, 2, 0
167, 0, 32, 155, 135, 22, 46.68%, 2, 0, 3, 455.46, 72752, 190, 2, 0
172, 0, 32, 155, 135, 22, 46.68%, 2, 0, 3, 435.48, 74992, 190, 2, 0
177, 0, 32, 155, 135, 22, 46.68%, 2, 0, 3, 450.57, 77272, 190, 2, 0
182, 0, 39, 162, 140, 20, 46.68%, 2, 0, 3, 456.28, 79598, 190, 2, 0
187, 0, 56, 163, 138, 17, 46.68%, 2, 0, 3, 436.98, 81797, 190, 2, 0
193, 0, 56, 163, 138, 17, 46.68%, 2, 0, 3, 409.62, 83869, 190, 2, 0
198, 0, 56, 163, 138, 17, 46.68%, 2, 0, 3, 398.64, 85921, 190, 2, 0
203, 0, 69, 175, 146, 13, 46.68%, 2, 0, 4, 425.08, 88076, 190, 2, 0
208, 0, 69, 204, 175, 13, 46.68%, 2, 0, 4, 438.71, 90338, 190, 2, 0
213, 0, 69, 208, 179, 13, 46.68%, 2, 0, 4, 452.41, 92613, 190, 2, 0
218, 0, 69, 211, 182, 13, 46.68%, 2, 0, 4, 467.55, 94974, 190, 2, 0
223, 0, 69, 213, 184, 13, 46.68%, 2, 0, 4, 466.04, 97319, 190, 2, 0
228, 0, 69, 213, 184, 13, 46.68%, 2, 0, 4, 449.46, 99559, 190, 2, 0
233, 0, 69, 214, 185, 13, 46.93%, 2, 0, 4, 454.03, 101844, 191, 2, 0
238, 0, 69, 215, 186, 13, 46.93%, 2, 0, 4, 443.19, 104085, 191, 2, 0
243, 0, 69, 216, 187, 13, 46.93%, 2, 0, 4, 442.08, 106300, 191, 2, 0
248, 0, 69, 218, 189, 13, 47.17%, 2, 0, 4, 428.16, 108458, 192, 2, 0
253, 0, 69, 219, 190, 13, 47.42%, 2, 0, 4, 438.35, 110665, 193, 2, 0
258, 0, 69, 219, 190, 13, 47.42%, 2, 0, 4, 441.58, 112921, 193, 2, 0
263, 0, 69, 220, 191, 13, 47.42%, 2, 0, 4, 451.38, 115168, 193, 2, 0
268, 0, 69, 221, 192, 13, 47.67%, 2, 0, 4, 455.96, 117472, 194, 2, 0
274, 0, 69, 221, 192, 13, 47.67%, 2, 0, 4, 434.80, 119703, 194, 2, 0
279, 0, 69, 221, 192, 13, 47.67%, 2, 0, 4, 435.63, 121887, 194, 2, 0
284, 0, 69, 221, 192, 13, 47.67%, 2, 0, 4, 436.11, 124071, 194, 2, 0
289, 0, 69, 221, 192, 13, 47.67%, 2, 0, 4, 456.36, 126311, 194, 2, 0
294, 0, 69, 221, 192, 13, 47.67%, 2, 0, 4, 452.46, 128583, 194, 2, 0
299, 0, 69, 221, 192, 13, 47.67%, 2, 0, 4, 461.08, 130855, 194, 2, 0
304, 0, 69, 221, 192, 13, 47.67%, 2, 0, 4, 468.55, 133213, 194, 2, 0
309, 0, 69, 221, 192, 13, 47.67%, 2, 0, 4, 451.59, 135499, 194, 2, 0
314, 0, 69, 221, 192, 13, 47.67%, 2, 0, 4, 460.66, 137848, 194, 2, 0
319, 0, 69, 222, 193, 13, 47.67%, 2, 0, 4, 459.77, 140168, 194, 2, 0
324, 0, 81, 236, 206, 17, 47.91%, 2, 0, 4, 444.30, 142393, 195, 2, 0
329, 0, 85, 240, 209, 18, 47.91%, 2, 0, 4, 453.50, 144664, 195, 2, 0
334, 0, 85, 243, 212, 18, 47.91%, 2, 0, 4, 484.47, 147205, 195, 2, 0
339, 0, 85, 243, 212, 18, 47.91%, 2, 0, 4, 455.65, 149419, 195, 2, 0
344, 0, 85, 244, 213, 18, 47.91%, 2, 0, 4, 470.70, 151811, 195, 2, 0
349, 0, 85, 244, 213, 18, 47.91%, 2, 0, 4, 478.15, 154169, 195, 2, 0
354, 0, 85, 244, 213, 18, 47.91%, 2, 0, 4, 433.36, 156335, 195, 2, 0
360, 0, 85, 246, 215, 18, 47.91%, 2, 0, 4, 448.09, 158621, 195, 2, 0
365, 0, 85, 246, 215, 18, 47.91%, 2, 0, 4, 443.57, 160861, 195, 2, 0
370, 0, 85, 248, 217, 18, 47.91%, 2, 0, 4, 461.52, 163233, 195, 2, 0
375, 0, 85, 248, 217, 18, 47.91%, 2, 0, 4, 448.52, 165501, 195, 2, 0
380, 0, 85, 248, 217, 18, 47.91%, 2, 0, 4, 426.89, 167691, 195, 2, 0
385, 0, 85, 248, 217, 18, 47.91%, 2, 0, 4, 439.27, 170019, 195, 2, 0
390, 0, 85, 248, 217, 18, 47.91%, 2, 0, 4, 449.13, 172287, 195, 2, 0
395, 0, 85, 250, 219, 18, 47.91%, 2, 0, 4, 472.69, 174695, 195, 2, 0
400, 0, 85, 251, 220, 18, 47.91%, 2, 0, 4, 456.21, 176997, 195, 2, 0
405, 0, 85, 251, 220, 18, 47.91%, 2, 0, 4, 425.41, 179152, 195, 2, 0
410, 0, 85, 251, 220, 18, 47.91%, 2, 0, 4, 446.32, 181424, 195, 2, 0
416, 0, 103, 254, 219, 14, 47.91%, 2, 0, 4, 454.05, 183741, 195, 2, 0
421, 0, 120, 260, 224, 13, 47.91%, 2, 0, 4, 457.94, 186023, 195, 2, 0
426, 0, 120, 262, 226, 13, 47.91%, 2, 0, 4, 457.62, 188386, 195, 2, 0
431, 0, 120, 263, 227, 13, 47.91%, 2, 0, 4, 458.55, 190688, 195, 2, 0
436, 0, 120, 264, 228, 13, 47.91%, 2, 0, 4, 429.34, 192877, 195, 2, 0
441, 0, 120, 264, 228, 13, 47.91%, 2, 0, 4, 440.39, 195093, 195, 2, 0
446, 0, 120, 265, 229, 13, 47.91%, 2, 0, 4, 447.38, 197340, 195, 2, 0
451, 0, 120, 266, 230, 13, 47.91%, 2, 0, 4, 439.85, 199587, 195, 2, 0
456, 0, 120, 266, 230, 13, 47.91%, 2, 0, 4, 433.92, 201803, 195, 2, 0
461, 0, 120, 267, 231, 13, 47.91%, 2, 0, 4, 426.37, 203938, 195, 2, 0
466, 0, 120, 270, 234, 13, 47.91%, 2, 0, 4, 447.71, 206183, 195, 2, 0
471, 0, 120, 270, 234, 13, 47.91%, 2, 0, 4, 462.38, 208512, 195, 2, 0
476, 0, 120, 270, 234, 13, 47.91%, 2, 0, 4, 441.06, 210639, 195, 2, 0
481, 0, 120, 270, 234, 13, 47.91%, 2, 0, 4, 430.03, 212791, 195, 2, 0
486, 0, 149, 270, 230, 9, 47.91%, 2, 0, 4, 436.70, 214943, 195, 2, 0
491, 0, 151, 276, 235, 8, 47.91%, 2, 0, 4, 448.72, 217222, 195, 2, 0
496, 0, 151, 279, 238, 8, 47.91%, 2, 0, 4, 443.11, 219459, 195, 2, 0
502, 0, 151, 279, 238, 8, 47.91%, 2, 0, 4, 445.19, 221787, 195, 2, 0
507, 0, 151, 279, 238, 8, 47.91%, 2, 0, 4, 461.03, 224078, 195, 2, 0
512, 0, 151, 279, 238, 8, 47.91%, 2, 0, 4, 446.69, 226339, 195, 2, 0
517, 0, 151, 279, 238, 8, 47.91%, 2, 0, 4, 464.47, 228695, 195, 2, 0
522, 0, 151, 280, 239, 8, 47.91%, 2, 0, 4, 457.11, 230952, 195, 2, 0
527, 0, 151, 280, 239, 8, 47.91%, 2, 0, 4, 430.15, 233098, 195, 2, 0
532, 0, 151, 280, 239, 8, 47.91%, 2, 0, 4, 447.98, 235370, 195, 2, 0
537, 0, 151, 281, 240, 8, 47.91%, 2, 0, 4, 423.59, 237481, 195, 2, 0
542, 0, 151, 281, 240, 8, 47.91%, 2, 0, 4, 432.76, 239689, 195, 2, 0
547, 0, 151, 281, 240, 8, 47.91%, 2, 0, 4, 440.44, 241977, 195, 2, 0
552, 0, 151, 281, 240, 8, 47.91%, 2, 0, 4, 439.82, 244153, 195, 2, 0
557, 0, 217, 281, 237, 6, 47.91%, 2, 0, 4, 412.42, 246261, 195, 2, 0
562, 0, 218, 282, 237, 5, 48.16%, 2, 0, 5, 431.12, 248478, 196, 2, 0
567, 0, 281, 282, 232, 1, 48.16%, 2, 0, 5, 442.33, 250742, 196, 2, 0
572, 1, 34, 288, 232, 0, 48.16%, 2, 0, 6, 421.76, 252863, 196, 2, 0
578, 2, 104, 327, 263, 13, 51.11%, 2, 0, 6, 448.97, 255210, 208, 2, 0
583, 2, 307, 327, 254, 8, 51.11%, 2, 0, 6, 416.24, 257283, 208, 2, 0
588, 2, 323, 329, 251, 4, 51.60%, 2, 0, 6, 451.69, 259596, 210, 2, 0
593, 3, 12, 329, 244, 0, 51.60%, 2, 0, 6, 424.12, 261790, 210, 2, 0
598, 3, 87, 329, 233, 0, 51.60%, 2, 0, 6, 418.07, 263836, 210, 2, 0
603, 3, 147, 329, 218, 0, 51.60%, 2, 0, 6, 433.84, 266058, 210, 2, 0
608, 3, 187, 330, 209, 0, 51.60%, 2, 0, 6, 431.75, 268243, 210, 2, 0
613, 3, 215, 330, 201, 0, 51.60%, 2, 0, 6, 423.73, 270415, 210, 2, 0
618, 3, 250, 330, 194, 0, 51.60%, 2, 0, 6, 430.26, 272588, 210, 2, 0
623, 3, 302, 330, 177, 0, 51.60%, 2, 0, 6, 435.25, 274881, 210, 2, 0
628, 4, 333, 334, 177, 1, 51.84%, 2, 0, 6, 427.74, 276942, 211, 2, 0
633, 4, 334, 340, 182, 1, 52.58%, 8, 0, 6, 416.27, 279033, 214, 57, 0
638, 4, 334, 340, 182, 1, 52.58%, 9, 0, 6, 478.77, 281395, 214, 232, 0
643, 4, 334, 340, 182, 1, 52.58%, 9, 0, 6, 454.09, 283735, 214, 397, 0
649, 4, 334, 340, 182, 1, 52.58%, 9, 0, 6, 417.78, 285849, 214, 548, 0
654, 4, 334, 340, 182, 1, 52.58%, 9, 0, 6, 452.22, 288161, 214, 701, 0
659, 4, 334, 340, 182, 1, 52.58%, 9, 0, 6, 456.60, 290440, 214, 863, 0
664, 4, 336, 340, 181, 2, 52.58%, 9, 0, 6, 447.07, 292664, 214, 994, 0
669, 4, 339, 340, 179, 0, 52.58%, 9, 0, 6, 449.99, 294956, 214, 1182, 0
674, 5, 50, 341, 172, 0, 52.58%, 9, 0, 6, 451.18, 297213, 214, 1185, 0
679, 5, 147, 341, 161, 0, 52.58%, 9, 0, 6, 427.49, 299435, 214, 1185, 0
684, 5, 200, 341, 152, 0, 52.58%, 11, 0, 6, 437.81, 301679, 214, 1189, 0
689, 5, 241, 341, 150, 0, 52.58%, 11, 0, 6, 450.53, 303973, 214, 1189, 0
694, 5, 297, 341, 140, 0, 52.58%, 11, 0, 6, 416.54, 306013, 214, 1189, 0
699, 5, 333, 341, 134, 0, 52.58%, 11, 0, 6, 443.08, 308342, 214, 1189, 0
704, 6, 82, 342, 130, 0, 52.58%, 11, 0, 6, 446.48, 310597, 214, 1251, 0
710, 6, 151, 342, 124, 0, 52.58%, 12, 0, 6, 443.18, 312866, 214, 1254, 0
715, 6, 215, 342, 114, 0, 52.58%, 12, 0, 6, 443.67, 315123, 214, 1254, 0
720, 6, 288, 342, 110, 0, 52.58%, 12, 0, 6, 450.64, 317390, 214, 1254, 0
725, 6, 318, 347, 112, 0, 52.58%, 12, 0, 6, 424.06, 319496, 214, 1255, 0
730, 6, 318, 347, 112, 0, 52.58%, 12, 0, 6, 430.04, 321696, 214, 1255, 0
735, 6, 318, 347, 112, 0, 52.58%, 12, 0, 6, 422.02, 323816, 214, 1255, 0
740, 6, 318, 347, 112, 0, 52.58%, 12, 0, 6, 457.65, 326128, 214, 1255, 0
745, 6, 319, 347, 111, 0, 52.58%, 12, 0, 6, 417.46, 328232, 214, 1255, 0
750, 6, 338, 348, 111, 0, 52.58%, 12, 0, 6, 429.08, 330402, 214, 1333, 0
755, 7, 85, 349, 103, 0, 52.58%, 12, 0, 6, 426.07, 332562, 214, 1341, 0
760, 7, 205, 349, 97, 0, 52.58%, 12, 0, 6, 434.55, 334834, 214, 1341, 0
765, 7, 234, 349, 96, 0, 52.58%, 12, 0, 6, 415.71, 336903, 214, 1341, 0
770, 8, 17, 350, 94, 0, 52.58%, 12, 0, 7, 366.43, 338783, 214, 1341, 0
775, 8, 92, 350, 90, 0, 52.58%, 12, 0, 7, 351.09, 340548, 214, 1343, 0
780, 8, 159, 351, 87, 0, 52.58%, 12, 0, 7, 377.39, 342496, 214, 1343, 0
786, 8, 217, 351, 82, 0, 52.58%, 12, 0, 7, 377.33, 344387, 214, 1344, 0
791, 8, 293, 351, 76, 0, 52.58%, 12, 0, 7, 388.87, 346426, 214, 1344, 0
796, 8, 333, 351, 72, 0, 52.58%, 12, 0, 7, 376.32, 348379, 214, 1344, 0
801, 9, 56, 351, 72, 0, 52.58%, 12, 0, 7, 377.52, 350227, 214, 1414, 0
806, 9, 167, 351, 70, 0, 52.58%, 12, 0, 7, 350.83, 351929, 214, 1415, 0
811, 9, 215, 351, 66, 0, 52.58%, 12, 0, 7, 348.75, 353722, 214, 1415, 0
816, 9, 281, 351, 63, 0, 52.58%, 12, 0, 7, 361.99, 355585, 214, 1415, 0
821, 9, 329, 351, 61, 0, 52.58%, 12, 0, 7, 357.63, 357410, 214, 1415, 0
826, 9, 346, 351, 59, 0, 52.58%, 12, 0, 7, 342.77, 359149, 214, 1476, 0
831, 10, 39, 351, 55, 0, 52.58%, 12, 0, 7, 412.99, 361302, 214, 1477, 0
837, 10, 115, 351, 51, 0, 52.58%, 12, 0, 7, 368.44, 363079, 214, 1477, 0
842, 10, 213, 351, 46, 0, 52.58%, 12, 0, 7, 376.92, 364979, 214, 1477, 0
847, 10, 229, 351, 45, 0, 52.58%, 12, 0, 7, 355.48, 366769, 214, 1477, 0
852, 10, 307, 351, 40, 0, 52.58%, 12, 0, 7, 360.04, 368645, 214, 1477, 0
857, 10, 336, 351, 37, 0, 52.58%, 12, 0, 7, 361.64, 370587, 214, 1534, 0
862, 11, 39, 352, 36, 0, 52.58%, 12, 0, 7, 368.47, 372471, 214, 1548, 0
867, 11, 147, 352, 33, 0, 52.58%, 12, 0, 7, 354.34, 374217, 214, 1549, 0
872, 11, 215, 352, 30, 0, 52.58%, 12, 0, 7, 360.76, 376022, 214, 1549, 0
877, 11, 279, 352, 27, 0, 52.58%, 12, 0, 7, 390.84, 377936, 214, 1549, 0
882, 11, 336, 352, 26, 0, 52.58%, 12, 0, 7, 428.49, 380232, 214, 1583, 0
887, 12, 90, 352, 26, 0, 52.58%, 12, 0, 7, 439.14, 382445, 214, 1605, 0
893, 12, 213, 352, 25, 0, 52.58%, 12, 0, 7, 438.98, 384616, 214, 1605, 0
898, 12, 288, 352, 23, 0, 52.58%, 12, 0, 7, 450.98, 386933, 214, 1605, 0
903, 12, 337, 353, 24, 0, 52.58%, 12, 0, 7, 452.89, 389269, 214, 1663, 0
908, 13, 85, 353, 23, 0, 52.58%, 12, 0, 7, 431.12, 391548, 214, 1680, 0
913, 13, 186, 353, 21, 0, 52.58%, 12, 0, 7, 464.07, 393983, 214, 1680, 0
918, 13, 254, 353, 20, 0, 52.58%, 12, 0, 7, 453.64, 396248, 214, 1680, 0
923, 13, 334, 353, 18, 0, 52.58%, 12, 0, 7, 472.00, 398626, 214, 1691, 0
928, 14, 64, 353, 17, 0, 52.58%, 12, 0, 7, 421.54, 400659, 214, 1728, 0
933, 14, 145, 353, 13, 0, 52.58%, 12, 0, 7, 415.50, 402748, 214, 1728, 0
938, 14, 218, 353, 11, 0, 52.58%, 12, 0, 7, 434.90, 404964, 214, 1728, 0
943, 14, 332, 353, 11, 0, 52.58%, 12, 0, 7, 442.41, 407220, 214, 1728, 0
948, 15, 30, 353, 9, 0, 52.58%, 12, 0, 7, 425.97, 409309, 214, 1776, 0
954, 15, 156, 353, 8, 0, 52.58%, 12, 0, 7, 435.66, 411574, 214, 1778, 0
959, 15, 221, 353, 6, 0, 52.58%, 12, 0, 7, 440.91, 413788, 214, 1778, 0
964, 15, 324, 353, 4, 0, 52.58%, 12, 0, 7, 453.24, 416119, 214, 1778, 0
969, 16, 39, 354, 4, 0, 52.58%, 12, 0, 7, 466.49, 418458, 214, 1857, 0
974, 16, 151, 354, 3, 0, 52.58%, 12, 0, 7, 438.79, 420664, 214, 1858, 0
979, 16, 215, 355, 3, 0, 52.58%, 12, 0, 7, 444.31, 422974, 214, 1858, 0
984, 16, 322, 355, 3, 0, 52.58%, 12, 0, 7, 434.09, 425114, 214, 1858, 0
989, 17, 27, 355, 3, 0, 52.58%, 12, 0, 7, 439.28, 427370, 214, 1914, 0
994, 17, 151, 355, 3, 0, 52.58%, 12, 0, 7, 433.31, 429496, 214, 1915, 0
999, 17, 220, 355, 3, 0, 52.58%, 12, 0, 7, 422.27, 431681, 214, 1918, 0
1004, 17, 323, 355, 3, 0, 52.58%, 12, 0, 7, 457.77, 434073, 214, 1918, 0
1010, 18, 39, 355, 3, 0, 52.58%, 12, 0, 7, 462.57, 436391, 214, 1987, 0
1015, 18, 180, 355, 3, 0, 52.58%, 12, 0, 7, 459.85, 438668, 214, 1988, 0
1020, 18, 218, 355, 2, 0, 52.58%, 12, 0, 7, 424.02, 440806, 214, 1988, 0
1025, 18, 334, 355, 2, 0, 52.58%, 12, 0, 7, 433.50, 442991, 214, 1992, 0
1030, 19, 85, 355, 2, 0, 52.58%, 12, 0, 7, 425.44, 445073, 214, 2032, 0
1035, 19, 215, 355, 2, 0, 52.58%, 12, 0, 7, 420.55, 447214, 214, 2032, 0
1040, 19, 294, 355, 2, 0, 52.58%, 12, 0, 7, 447.24, 449450, 214, 2032, 0
1045, 19, 349, 355, 2, 0, 52.58%, 12, 0, 7, 436.09, 451672, 214, 2099, 0
1050, 20, 90, 355, 1, 0, 52.58%, 12, 0, 7, 414.05, 453765, 214, 2100, 0
1055, 20, 215, 355, 1, 0, 52.58%, 12, 0, 7, 413.90, 455857, 214, 2100, 0
1060, 20, 305, 355, 1, 0, 52.58%, 12, 0, 7, 417.47, 457943, 214, 2100, 0
1065, 20, 351, 355, 1, 0, 52.58%, 12, 0, 7, 430.67, 460181, 214, 2174, 0
1070, 21, 148, 355, 1, 0, 52.58%, 12, 0, 7, 436.81, 462404, 214, 2176, 0
1075, 21, 220, 355, 1, 0, 52.58%, 12, 0, 7, 436.51, 464603, 214, 2176, 0
1080, 21, 334, 355, 1, 0, 52.58%, 12, 0, 7, 424.38, 466733, 214, 2190, 0
1086, 22, 358, 359, 5, 1, 53.81%, 12, 0, 7, 423.28, 468837, 219, 2238, 0
1091, 23, 97, 359, 4, 0, 53.81%, 12, 0, 7, 447.12, 471158, 219, 2241, 0
1096, 23, 210, 359, 4, 0, 53.81%, 12, 0, 7, 438.52, 473370, 219, 2241, 0
1101, 23, 248, 359, 4, 0, 53.81%, 12, 0, 7, 429.53, 475535, 219, 2241, 0
1106, 23, 336, 359, 4, 0, 53.81%, 12, 0, 7, 419.64, 477620, 219, 2262, 0
1111, 24, 24, 359, 2, 0, 53.81%, 12, 0, 7, 461.14, 479976, 219, 2294, 0
1116, 24, 147, 359, 2, 0, 53.81%, 12, 0, 7, 450.36, 482271, 219, 2297, 0
1121, 24, 218, 359, 2, 0, 53.81%, 12, 0, 7, 415.90, 484376, 219, 2297, 0
1126, 24, 327, 359, 2, 0, 53.81%, 12, 0, 7, 416.52, 486522, 219, 2297, 0
1131, 25, 37, 359, 2, 0, 53.81%, 12, 0, 7, 418.91, 488665, 219, 2350, 0
1136, 25, 207, 359, 2, 0, 53.81%, 12, 0, 7, 451.99, 490972, 219, 2351, 0
1141, 25, 249, 359, 2, 0, 53.81%, 12, 0, 7, 437.91, 493162, 219, 2351, 0
1146, 25, 336, 359, 2, 0, 53.81%, 12, 0, 7, 446.17, 495396, 219, 2369, 0
1151, 25, 358, 360, 2, 0, 53.81%, 12, 0, 7, 430.27, 497573, 219, 2393, 0
1156, 26, 21, 361, 2, 0, 53.81%, 12, 0, 7, 440.95, 499824, 219, 2394, 0
1161, 26, 141, 361, 2, 0, 53.81%, 12, 0, 7, 420.20, 501905, 219, 2397, 0
1167, 26, 217, 361, 2, 0, 53.81%, 12, 0, 7, 414.75, 504039, 219, 2398, 0
1172, 26, 326, 361, 2, 0, 53.81%, 12, 0, 7, 443.56, 506315, 219, 2398, 0
1177, 27, 15, 361, 2, 0, 53.81%, 12, 0, 7, 450.00, 508554, 219, 2446, 0
1182, 27, 140, 361, 2, 0, 53.81%, 12, 0, 7, 430.58, 510746, 219, 2450, 0
1187, 27, 217, 361, 2, 0, 53.81%, 12, 0, 7, 424.56, 512905, 219, 2450, 0
1192, 27, 326, 361, 2, 0, 53.81%, 12, 0, 7, 433.43, 515168, 219, 2450, 0
1197, 27, 359, 361, 2, 0, 53.81%, 12, 0, 7, 397.78, 517184, 219, 2490, 0
1202, 29, 24, 363, 2, 0, 54.05%, 12, 0, 7, 414.12, 519270, 220, 2490, 0
1207, 29, 151, 363, 2, 0, 54.05%, 12, 0, 7, 439.15, 521509, 220, 2496, 0
1212, 29, 217, 363, 2, 0, 54.05%, 12, 0, 7, 425.24, 523607, 220, 2496, 0
1217, 29, 336, 363, 2, 0, 54.05%, 12, 0, 7, 451.19, 525899, 220, 2524, 0
1222, 30, 14, 363, 2, 0, 54.05%, 12, 0, 7, 420.37, 528043, 220, 2549, 0
1227, 30, 113, 363, 2, 0, 54.05%, 12, 0, 7, 428.81, 530241, 220, 2554, 0
1232, 30, 215, 363, 2, 0, 54.05%, 12, 0, 7, 423.24, 532373, 220, 2554, 0
1237, 30, 319, 363, 2, 0, 54.05%, 12, 0, 7, 425.85, 534507, 220, 2554, 0
1243, 30, 359, 363, 2, 0, 54.05%, 12, 0, 7, 400.69, 536525, 220, 2608, 0
1248, 31, 87, 363, 2, 0, 54.05%, 12, 0, 7, 433.28, 538714, 220, 2608, 0
1253, 31, 201, 363, 2, 0, 54.05%, 12, 0, 7, 446.89, 540979, 220, 2608, 0
1258, 31, 232, 363, 2, 0, 54.05%, 12, 0, 7, 426.66, 543181, 220, 2608, 0
1263, 31, 334, 363, 2, 0, 54.05%, 12, 0, 7, 438.72, 545377, 220, 2617, 0
1268, 32, 16, 363, 2, 0, 54.05%, 12, 0, 7, 428.73, 547538, 220, 2663, 0
1273, 32, 130, 363, 2, 0, 54.05%, 12, 0, 7, 412.74, 549620, 220, 2665, 0
1278, 32, 218, 363, 2, 0, 54.05%, 12, 0, 7, 442.43, 551908, 220, 2665, 0
1283, 32, 326, 363, 2, 0, 54.05%, 12, 0, 7, 450.16, 554226, 220, 2665, 0
1288, 33, 13, 363, 1, 0, 54.05%, 12, 0, 7, 441.50, 556394, 220, 2754, 0
1293, 33, 135, 363, 1, 0, 54.05%, 12, 0, 7, 478.35, 558885, 220, 2757, 0
1298, 33, 218, 363, 1, 0, 54.05%, 12, 0, 7, 444.54, 561108, 220, 2757, 0
1303, 33, 333, 363, 1, 0, 54.05%, 12, 0, 7, 455.19, 563396, 220, 2757, 0
1308, 34, 39, 363, 1, 0, 54.05%, 12, 0, 7, 445.92, 565694, 220, 2813, 0
1314, 34, 151, 363, 1, 0, 54.05%, 12, 0, 7, 445.98, 567973, 220, 2814, 0
1319, 34, 247, 363, 1, 0, 54.05%, 12, 0, 7, 474.32, 570341, 220, 2814, 0
1324, 34, 336, 363, 1, 0, 54.05%, 12, 0, 7, 443.06, 572557, 220, 2829, 0
1329, 35, 23, 363, 1, 0, 54.05%, 12, 0, 7, 421.17, 574638, 220, 2849, 0
1334, 35, 147, 363, 1, 0, 54.05%, 12, 0, 7, 418.13, 576747, 220, 2851, 0
1339, 35, 218, 363, 1, 0, 54.05%, 12, 0, 7, 451.24, 579068, 220, 2851, 0
1344, 35, 333, 363, 1, 0, 54.05%, 12, 0, 7, 441.24, 581309, 220, 2851, 0
1349, 36, 39, 363, 1, 0, 54.05%, 12, 0, 7, 434.14, 583542, 220, 2910, 0
1354, 36, 213, 363, 1, 0, 54.05%, 12, 0, 7, 443.31, 585780, 220, 2911, 0
1359, 36, 276, 363, 1, 0, 54.05%, 12, 0, 7, 447.00, 588066, 220, 2911, 0
1364, 36, 349, 363, 1, 0, 54.05%, 12, 0, 7, 461.77, 590516, 220, 2975, 0
1369, 37, 56, 363, 0, 0, 54.05%, 12, 0, 7, 432.13, 592707, 220, 2975, 0
1375, 37, 197, 363, 0, 0, 54.05%, 12, 0, 7, 431.93, 594905, 220, 2977, 0
1380, 37, 257, 364, 1, 0, 54.05%, 12, 0, 7, 419.91, 597108, 220, 2977, 0
1385, 37, 334, 364, 1, 0, 54.05%, 12, 0, 7, 445.15, 599253, 220, 2996, 0
1390, 38, 85, 364, 1, 0, 54.05%, 12, 0, 7, 425.96, 601359, 220, 3045, 0
1395, 38, 215, 364, 1, 0, 54.05%, 12, 0, 7, 425.26, 603526, 220, 3045, 0
1400, 38, 294, 364, 1, 0, 54.05%, 12, 0, 7, 434.67, 605708, 220, 3045, 0
1405, 38, 359, 364, 1, 0, 54.05%, 12, 0, 7, 433.47, 607904, 220, 3094, 0
1410, 38, 363, 366, 3, 0, 54.05%, 12, 0, 7, 444.66, 610168, 220, 3094, 0
1415, 39, 72, 366, 2, 0, 54.05%, 12, 0, 7, 466.42, 612544, 220, 3096, 0
1420, 39, 172, 366, 2, 0, 54.05%, 12, 0, 7, 455.38, 614844, 220, 3096, 0
1425, 39, 235, 366, 2, 0, 54.05%, 12, 0, 7, 457.54, 617185, 220, 3096, 0
1430, 39, 336, 366, 2, 0, 54.05%, 12, 0, 7, 444.67, 619360, 220, 3129, 0
1435, 40, 85, 366, 2, 0, 54.05%, 12, 0, 7, 438.74, 621630, 220, 3167, 0
1440, 40, 217, 366, 2, 0, 54.05%, 12, 0, 7, 452.81, 623905, 220, 3167, 0
1445, 40, 322, 366, 2, 0, 54.05%, 12, 0, 7, 446.59, 626149, 220, 3167, 0
1450, 40, 358, 367, 3, 0, 54.05%, 12, 0, 7, 433.07, 628316, 220, 3245, 0
1455, 41, 85, 367, 3, 0, 54.05%, 12, 0, 7, 429.07, 630525, 220, 3248, 0
1461, 41, 196, 367, 3, 0, 54.05%, 12, 0, 7, 450.93, 632845, 220, 3248, 0
1466, 41, 285, 367, 3, 0, 54.05%, 12, 0, 7, 448.80, 635111, 220, 3248, 0
1471, 41, 359, 367, 3, 0, 54.05%, 12, 0, 7, 438.70, 637430, 220, 3335, 0
1476, 42, 368, 369, 4, 0, 54.05%, 12, 0, 7, 455.54, 639795, 220, 3339, 0
1481, 43, 97, 370, 4, 0, 54.05%, 12, 0, 7, 439.88, 641959, 220, 3341, 0
1486, 43, 215, 370, 4, 0, 54.05%, 12, 0, 7, 437.95, 644148, 220, 3341, 0
1491, 43, 295, 370, 4, 0, 54.05%, 12, 0, 7, 409.11, 646211, 220, 3341, 0
1496, 43, 367, 370, 4, 0, 54.05%, 12, 0, 7, 406.14, 648326, 220, 3371, 0
1501, 44, 85, 370, 4, 0, 54.05%, 12, 0, 7, 431.12, 650528, 220, 3372, 0
1506, 44, 215, 370, 4, 0, 54.05%, 12, 0, 7, 426.24, 652696, 220, 3372, 0
1511, 44, 307, 370, 4, 0, 54.05%, 12, 0, 7, 428.91, 654840, 220, 3372, 0
1516, 44, 367, 370, 4, 0, 54.05%, 12, 0, 7, 418.67, 656943, 220, 3427, 0
1521, 45, 147, 371, 5, 0, 54.05%, 12, 0, 7, 428.90, 659123, 220, 3428, 0
1527, 45, 215, 371, 5, 0, 54.05%, 12, 0, 7, 435.73, 661396, 220, 3428, 0
1532, 45, 322, 371, 5, 0, 54.05%, 12, 0, 7, 424.26, 663488, 220, 3428, 0
1537, 45, 364, 372, 6, 0, 54.05%, 12, 0, 7, 425.59, 665681, 220, 3472, 0
1542, 45, 364, 373, 7, 0, 54.05%, 12, 0, 7, 443.56, 667910, 220, 3472, 0
1547, 46, 85, 373, 6, 0, 54.05%, 12, 0, 7, 429.26, 670069, 220, 3475, 0
1552, 46, 207, 373, 6, 0, 54.05%, 12, 0, 7, 431.11, 672273, 220, 3475, 0
1557, 46, 221, 373, 6, 0, 54.05%, 12, 0, 7, 434.37, 674495, 220, 3475, 0
1562, 46, 334, 373, 6, 0, 54.05%, 12, 0, 7, 439.89, 676722, 220, 3484, 0
1567, 47, 327, 394, 26, 9, 61.92%, 12, 0, 7, 450.99, 679016, 252, 3502, 0
1573, 47, 379, 395, 25, 7, 61.92%, 12, 0, 7, 422.73, 681093, 252, 3502, 0
1578, 47, 379, 399, 29, 7, 61.92%, 12, 0, 7, 460.98, 683445, 252, 3502, 0
1583, 47, 379, 400, 30, 7, 61.92%, 12, 0, 7, 429.39, 685601, 252, 3502, 0
1588, 47, 379, 401, 31, 7, 61.92%, 12, 0, 7, 423.03, 687720, 252, 3502, 0
1593, 47, 382, 402, 30, 5, 61.92%, 12, 0, 7, 424.24, 689913, 252, 3502, 0
1598, 47, 384, 416, 43, 4, 61.92%, 12, 0, 7, 309.17, 691418, 252, 3502, 0
1603, 47, 384, 417, 44, 4, 61.92%, 12, 0, 7, 278.65, 692822, 252, 3502, 0
1608, 47, 384, 417, 44, 4, 61.92%, 12, 0, 7, 291.31, 694337, 252, 3502, 0
1613, 47, 384, 417, 44, 4, 61.92%, 12, 0, 7, 283.84, 695832, 252, 3502, 0
1618, 47, 384, 418, 45, 4, 61.92%, 12, 0, 7, 278.45, 697274, 252, 3502, 0
1623, 47, 384, 418, 45, 4, 61.92%, 12, 0, 7, 289.94, 698754, 252, 3502, 0
1629, 47, 384, 418, 45, 4, 61.92%, 12, 0, 7, 295.36, 700249, 252, 3502, 0
1634, 47, 384, 420, 47, 4, 61.92%, 12, 0, 7, 297.05, 701768, 252, 3502, 0
1639, 47, 384, 420, 47, 4, 61.92%, 12, 0, 7, 285.50, 703218, 252, 3502, 0
1644, 47, 384, 420, 47, 4, 61.92%, 12, 0, 7, 287.72, 704683, 252, 3502, 0
1649, 47, 384, 420, 47, 4, 61.92%, 12, 0, 7, 277.91, 706063, 252, 3502, 0
1654, 47, 384, 420, 47, 4, 61.92%, 12, 0, 7, 286.26, 707523, 252, 3502, 0
1659, 47, 384, 420, 47, 4, 61.92%, 12, 0, 7, 285.31, 708968, 252, 3502, 0
1664, 47, 384, 420, 47, 4, 61.92%, 12, 0, 7, 290.09, 710448, 252, 3502, 0
1669, 47, 384, 421, 48, 4, 61.92%, 12, 0, 7, 291.00, 711925, 252, 3502, 0
1674, 47, 384, 421, 48, 4, 61.92%, 12, 0, 7, 278.35, 713315, 252, 3502, 0
1679, 47, 384, 422, 49, 4, 61.92%, 12, 0, 7, 295.68, 714860, 252, 3502, 0
1685, 47, 384, 422, 49, 4, 61.92%, 12, 0, 7, 293.89, 716337, 252, 3502, 0
1690, 47, 384, 422, 49, 4, 61.92%, 12, 0, 7, 277.25, 717737, 252, 3502, 0
1695, 47, 384, 422, 49, 4, 61.92%, 12, 0, 7, 280.92, 719192, 252, 3502, 0
1700, 47, 384, 422, 49, 4, 61.92%, 12, 0, 7, 291.77, 720662, 252, 3502, 0
1705, 47, 384, 423, 50, 4, 61.92%, 12, 0, 7, 288.63, 722099, 252, 3502, 0
1710, 47, 384, 424, 51, 4, 61.92%, 12, 0, 7, 288.97, 723616, 252, 3502, 0
1715, 47, 384, 424, 51, 4, 61.92%, 12, 0, 7, 298.36, 725091, 252, 3502, 0
1720, 47, 384, 424, 51, 4, 61.92%, 12, 0, 7, 299.70, 726616, 252, 3502, 0
1725, 47, 384, 424, 51, 4, 61.92%, 12, 0, 7, 301.21, 728110, 252, 3502, 0
1730, 47, 384, 424, 51, 4, 61.92%, 12, 0, 7, 283.46, 729482, 252, 3502, 0
1735, 47, 384, 425, 52, 4, 61.92%, 12, 0, 7, 276.43, 730879, 252, 3502, 0
1740, 47, 384, 425, 52, 4, 61.92%, 12, 0, 7, 283.61, 732354, 252, 3502, 0
1745, 47, 384, 425, 52, 4, 61.92%, 12, 0, 7, 295.71, 733839, 252, 3502, 0
1750, 47, 384, 426, 53, 4, 62.16%, 12, 0, 7, 291.00, 735271, 253, 3502, 0
1755, 47, 384, 426, 53, 4, 62.16%, 12, 0, 7, 288.35, 736746, 253, 3502, 0
1760, 47, 384, 426, 53, 4, 62.16%, 12, 0, 7, 302.84, 738259, 253, 3502, 0
1766, 47, 384, 426, 53, 4, 62.16%, 12, 0, 7, 298.82, 739806, 253, 3502, 0
1771, 47, 384, 427, 54, 4, 62.16%, 12, 0, 7, 293.38, 741288, 253, 3502, 0
1776, 47, 389, 433, 59, 4, 62.41%, 12, 0, 7, 332.73, 742932, 254, 3502, 0
1781, 47, 389, 434, 60, 4, 62.41%, 12, 0, 7, 423.95, 745167, 254, 3502, 0
1786, 47, 425, 438, 63, 4, 62.41%, 12, 0, 7, 435.66, 747413, 254, 3502, 0
1791, 47, 425, 438, 63, 4, 62.41%, 12, 0, 7, 427.78, 749613, 254, 3502, 0
1796, 47, 432, 438, 60, 1, 62.41%, 12, 0, 7, 426.54, 751703, 254, 3502, 0
1801, 48, 455, 484, 104, 4, 62.90%, 12, 0, 7, 422.42, 753772, 256, 3502, 0
1806, 48, 470, 484, 103, 3, 62.90%, 12, 0, 7, 417.55, 755882, 256, 3502, 0
1806, 48, 471, 484, 103, 3, 62.90%, 12, 0, 7, 417.59, 755988, 256, 3502, 0
