# relative_time, cycles_done, cur_item, corpus_count, pending_total, pending_favs, map_size, saved_crashes, saved_hangs, max_depth, execs_per_sec, total_execs, edges_found, total_crashes, servers_count
60, 0, 9, 102, 97, 5, 31.94%, 0, 0, 2, 447.48, 27368, 130, 0, 0
65, 0, 9, 103, 98, 5, 31.94%, 0, 0, 2, 439.39, 29576, 130, 0, 0
71, 0, 9, 103, 98, 5, 31.94%, 0, 0, 2, 449.43, 31880, 130, 0, 0
76, 0, 9, 103, 98, 5, 31.94%, 0, 0, 2, 437.02, 34088, 130, 0, 0
81, 0, 9, 105, 100, 5, 31.94%, 0, 0, 2, 478.41, 36568, 130, 0, 0
86, 0, 9, 106, 101, 5, 31.94%, 0, 0, 2, 458.85, 38933, 130, 0, 0
91, 0, 9, 107, 102, 5, 31.94%, 0, 0, 2, 447.49, 41172, 130, 0, 0
96, 0, 9, 108, 103, 5, 31.94%, 0, 0, 2, 459.99, 43474, 130, 0, 0
101, 0, 9, 108, 103, 5, 31.94%, 0, 0, 2, 428.65, 45612, 130, 0, 0
106, 0, 9, 108, 103, 5, 31.94%, 0, 0, 2, 443.29, 47932, 130, 0, 0
111, 0, 9, 108, 103, 5, 31.94%, 0, 0, 2, 434.87, 50180, 130, 0, 0
117, 0, 9, 108, 103, 5, 31.94%, 0, 0, 2, 451.25, 52573, 130, 0, 0
122, 0, 18, 125, 119, 28, 35.63%, 0, 0, 2, 439.07, 54776, 145, 0, 0
127, 0, 3, 126, 112, 21, 35.87%, 0, 0, 3, 436.94, 56990, 146, 0, 0
132, 0, 112, 126, 110, 19, 35.87%, 0, 0, 3, 423.96, 59188, 146, 0, 0
137, 0, 112, 146, 130, 19, 37.35%, 0, 0, 3, 439.37, 61466, 152, 0, 0
142, 0, 112, 147, 131, 19, 37.35%, 1, 0, 3, 442.12, 63738, 152, 1, 0
147, 0, 112, 148, 132, 19, 37.35%, 1, 0, 3, 443.84, 65977, 152, 1, 0
152, 0, 112, 148, 132, 19, 37.35%, 1, 0, 3, 442.08, 68249, 152, 1, 0
157, 0, 112, 148, 132, 19, 37.35%, 1, 0, 3, 437.74, 70465, 152, 1, 0
162, 0, 112, 148, 132, 19, 37.35%, 1, 0, 3, 433.98, 72617, 152, 1, 0
167, 0, 112, 150, 134, 19, 37.35%, 1, 0, 3, 438.45, 74871, 152, 1, 0
172, 0, 112, 150, 134, 19, 37.35%, 1, 0, 3, 456.59, 77197, 152, 1, 0
177, 0, 112, 150, 134, 19, 37.35%, 1, 0, 3, 459.64, 79501, 152, 1, 0
182, 0, 112, 150, 134, 19, 37.35%, 1, 0, 3, 436.63, 81679, 152, 1, 0
188, 0, 112, 151, 135, 19, 37.35%, 1, 0, 3, 439.98, 83918, 152, 1, 0
193, 0, 112, 151, 135, 19, 37.35%, 1, 0, 3, 433.11, 86142, 152, 1, 0
198, 0, 112, 152, 136, 19, 37.35%, 1, 0, 3, 442.64, 88429, 152, 1, 0
203, 0, 150, 154, 137, 19, 37.35%, 1, 0, 3, 430.99, 90589, 152, 1, 0
208, 0, 150, 158, 141, 19, 37.35%, 1, 0, 3, 434.42, 92825, 152, 1, 0
213, 0, 150, 160, 143, 19, 37.35%, 1, 0, 3, 434.07, 94967, 152, 1, 0
218, 0, 150, 160, 143, 19, 37.35%, 1, 0, 3, 452.09, 97282, 152, 1, 0
223, 0, 150, 160, 143, 19, 37.35%, 1, 0, 3, 439.07, 99550, 152, 1, 0
228, 0, 150, 160, 143, 19, 37.35%, 1, 0, 3, 431.58, 101703, 152, 1, 0
233, 0, 90, 160, 142, 18, 37.35%, 1, 0, 3, 428.81, 103895, 152, 1, 0
238, 0, 0, 162, 143, 17, 37.35%, 1, 0, 3, 447.09, 106108, 152, 1, 0
243, 0, 77, 165, 142, 15, 38.82%, 1, 0, 3, 426.16, 108255, 158, 1, 0
249, 0, 77, 170, 147, 15, 38.82%, 1, 0, 3, 448.06, 110528, 158, 1, 0
254, 0, 77, 177, 154, 15, 38.82%, 1, 0, 3, 446.01, 112780, 158, 1, 0
259, 0, 77, 178, 155, 15, 38.82%, 1, 0, 3, 445.12, 115073, 158, 1, 0
264, 0, 77, 179, 156, 15, 38.82%, 1, 0, 3, 443.89, 117295, 158, 1, 0
269, 0, 77, 181, 158, 15, 38.82%, 1, 0, 3, 439.88, 119501, 158, 1, 0
274, 0, 77, 183, 160, 15, 38.82%, 1, 0, 3, 444.24, 121755, 158, 1, 0
279, 0, 77, 183, 160, 15, 38.82%, 1, 0, 3, 454.35, 124099, 158, 1, 0
284, 0, 77, 184, 161, 15, 38.82%, 1, 0, 3, 441.65, 126323, 158, 1, 0
289, 0, 77, 184, 161, 15, 38.82%, 1, 0, 3, 456.11, 128731, 158, 1, 0
294, 0, 77, 185, 162, 15, 38.82%, 1, 0, 3, 463.97, 131053, 158, 1, 0
299, 0, 77, 186, 163, 15, 38.82%, 1, 0, 3, 434.31, 133201, 158, 1, 0
305, 0, 77, 187, 164, 15, 38.82%, 1, 0, 3, 457.90, 135504, 158, 1, 0
310, 0, 77, 187, 164, 15, 38.82%, 1, 0, 3, 485.81, 138060, 158, 1, 0
315, 0, 77, 187, 164, 15, 38.82%, 1, 0, 3, 450.67, 140310, 158, 1, 0
320, 0, 77, 188, 165, 15, 38.82%, 1, 0, 3, 444.25, 142503, 158, 1, 0
325, 0, 77, 188, 165, 15, 38.82%, 1, 0, 3, 442.36, 144772, 158, 1, 0
330, 0, 77, 188, 165, 15, 38.82%, 1, 0, 3, 421.83, 146895, 158, 1, 0
335, 0, 141, 189, 164, 14, 38.82%, 1, 0, 4, 441.60, 149108, 158, 1, 0
340, 0, 58, 189, 160, 11, 38.82%, 1, 0, 4, 434.84, 151369, 158, 1, 0
345, 0, 119, 189, 159, 10, 38.82%, 1, 0, 4, 439.42, 153650, 158, 1, 0
350, 0, 119, 189, 159, 10, 38.82%, 1, 0, 4, 422.63, 155770, 158, 1, 0
355, 0, 119, 189, 159, 10, 38.82%, 1, 0, 4, 415.96, 157826, 158, 1, 0
361, 0, 76, 191, 157, 7, 38.82%, 1, 0, 4, 456.33, 160213, 158, 1, 0
366, 0, 76, 194, 160, 7, 38.82%, 1, 0, 4, 468.10, 162514, 158, 1, 0
371, 0, 76, 194, 160, 7, 38.82%, 1, 0, 4, 461.39, 164890, 158, 1, 0
376, 0, 76, 195, 161, 7, 38.82%, 1, 0, 4, 464.21, 167282, 158, 1, 0
381, 0, 76, 196, 162, 7, 38.82%, 1, 0, 4, 462.29, 169729, 158, 1, 0
386, 0, 76, 197, 163, 7, 38.82%, 1, 0, 4, 456.35, 172010, 158, 1, 0
391, 0, 76, 197, 163, 7, 38.82%, 1, 0, 4, 476.52, 174362, 158, 1, 0
396, 0, 76, 197, 163, 7, 38.82%, 1, 0, 4, 447.93, 176639, 158, 1, 0
401, 0, 76, 198, 164, 7, 38.82%, 1, 0, 4, 445.27, 178881, 158, 1, 0
406, 0, 76, 199, 165, 7, 38.82%, 1, 0, 4, 447.54, 181117, 158, 1, 0
412, 0, 76, 199, 165, 7, 38.82%, 1, 0, 4, 451.77, 183416, 158, 1, 0
417, 0, 76, 200, 166, 7, 38.82%, 1, 0, 4, 440.86, 185615, 158, 1, 0
422, 0, 76, 200, 166, 7, 38.82%, 1, 0, 4, 445.98, 187872, 158, 1, 0
427, 0, 144, 201, 165, 6, 38.82%, 1, 0, 4, 410.04, 189939, 158, 1, 0
432, 0, 120, 201, 163, 4, 38.82%, 1, 0, 4, 417.21, 192077, 158, 1, 0
437, 0, 127, 202, 163, 4, 38.82%, 1, 0, 4, 419.74, 194186, 158, 1, 0
442, 0, 149, 202, 160, 2, 38.82%, 1, 0, 4, 435.94, 196436, 158, 1, 0
447, 0, 189, 203, 157, 0, 38.82%, 1, 0, 4, 439.03, 198742, 158, 1, 0
452, 0, 192, 205, 157, 0, 38.82%, 1, 0, 4, 454.17, 201039, 158, 1, 0
457, 0, 96, 209, 159, 0, 38.82%, 1, 0, 6, 452.77, 203314, 158, 1, 0
462, 0, 97, 210, 154, 0, 38.82%, 1, 0, 6, 442.66, 205519, 158, 1, 0
467, 0, 135, 210, 151, 0, 38.82%, 1, 0, 6, 468.49, 207898, 158, 1, 0
472, 0, 186, 210, 148, 0, 38.82%, 1, 0, 6, 439.35, 210127, 158, 1, 0
477, 0, 63, 211, 144, 0, 38.82%, 1, 0, 6, 455.58, 212434, 158, 1, 0
482, 0, 136, 211, 139, 0, 38.82%, 1, 0, 6, 456.07, 214725, 158, 1, 0
488, 0, 78, 211, 134, 0, 38.82%, 1, 0, 6, 442.68, 216969, 158, 1, 0
493, 0, 124, 211, 133, 0, 38.82%, 1, 0, 6, 465.97, 219351, 158, 1, 0
498, 0, 168, 211, 128, 0, 38.82%, 1, 0, 6, 468.64, 221678, 158, 1, 0
503, 0, 131, 211, 128, 0, 38.82%, 1, 0, 6, 456.87, 223903, 158, 1, 0
508, 0, 155, 216, 132, 0, 38.82%, 1, 0, 6, 426.90, 226076, 158, 1, 0
513, 0, 155, 218, 134, 0, 38.82%, 1, 0, 6, 451.20, 228351, 158, 1, 0
518, 0, 155, 219, 135, 0, 38.82%, 1, 0, 6, 426.77, 230441, 158, 1, 0
523, 0, 155, 219, 135, 0, 38.82%, 1, 0, 6, 408.86, 232497, 158, 1, 0
528, 0, 155, 221, 137, 0, 38.82%, 1, 0, 6, 415.40, 234655, 158, 1, 0
533, 0, 155, 221, 137, 0, 38.82%, 1, 0, 6, 430.19, 236879, 158, 1, 0
538, 0, 214, 221, 133, 0, 38.82%, 1, 0, 6, 446.57, 239099, 158, 1, 0
543, 0, 126, 221, 130, 0, 38.82%, 1, 0, 6, 436.35, 241342, 158, 1, 0
548, 0, 58, 221, 127, 0, 38.82%, 1, 0, 6, 446.70, 243615, 158, 1, 0
553, 0, 12, 221, 123, 0, 38.82%, 1, 0, 6, 442.23, 245845, 158, 1, 0
558, 1, 75, 222, 121, 0, 38.82%, 1, 0, 6, 431.47, 247947, 158, 1, 0
564, 1, 137, 222, 117, 0, 38.82%, 1, 0, 6, 450.18, 250259, 158, 1, 0
569, 1, 118, 222, 115, 0, 38.82%, 1, 0, 6, 434.62, 252424, 158, 1, 0
574, 1, 79, 222, 110, 0, 38.82%, 1, 0, 6, 448.24, 254610, 158, 1, 0
579, 1, 104, 223, 107, 0, 38.82%, 1, 0, 6, 440.44, 256828, 158, 1, 0
584, 1, 222, 223, 102, 0, 38.82%, 1, 0, 6, 460.43, 259212, 158, 1, 0
589, 1, 213, 227, 105, 0, 38.82%, 1, 0, 6, 458.42, 261503, 158, 1, 0
594, 1, 66, 229, 102, 0, 38.82%, 1, 0, 6, 446.65, 263724, 158, 1, 0
599, 1, 39, 229, 97, 0, 38.82%, 1, 0, 6, 458.17, 266007, 158, 1, 0
604, 1, 156, 229, 93, 0, 38.82%, 1, 0, 6, 443.36, 268295, 158, 1, 0
609, 1, 46, 229, 87, 0, 38.82%, 1, 0, 6, 427.73, 270491, 158, 1, 0
614, 1, 229, 230, 86, 1, 39.07%, 1, 0, 6, 455.85, 272767, 159, 1, 0
619, 1, 47, 231, 85, 0, 39.07%, 1, 0, 7, 440.45, 274979, 159, 1, 0
624, 1, 151, 233, 84, 0, 39.56%, 1, 0, 7, 444.90, 277251, 161, 1, 0
629, 1, 224, 233, 80, 0, 39.56%, 1, 0, 7, 461.41, 279576, 161, 1, 0
634, 1, 224, 236, 83, 0, 39.56%, 1, 0, 7, 430.56, 281680, 161, 1, 0
639, 1, 224, 239, 86, 0, 39.56%, 1, 0, 7, 424.86, 283861, 161, 1, 0
645, 1, 224, 240, 87, 0, 39.56%, 1, 0, 7, 427.58, 286052, 161, 1, 0
650, 1, 7, 242, 87, 0, 39.56%, 1, 0, 7, 445.61, 288297, 161, 1, 0
655, 1, 192, 244, 85, 0, 39.56%, 1, 0, 7, 428.93, 290506, 161, 1, 0
660, 1, 178, 244, 81, 0, 39.56%, 1, 0, 7, 446.83, 292764, 161, 1, 0
665, 1, 239, 247, 82, 0, 39.56%, 1, 0, 7, 453.40, 295142, 161, 1, 0
670, 1, 189, 250, 83, 0, 39.80%, 1, 0, 7, 410.27, 297269, 162, 1, 0
675, 1, 235, 250, 82, 0, 39.80%, 1, 0, 7, 448.35, 299590, 162, 1, 0
680, 1, 225, 250, 78, 0, 39.80%, 1, 0, 7, 428.47, 301774, 162, 1, 0
685, 1, 140, 250, 76, 0, 39.80%, 1, 0, 7, 427.84, 303986, 162, 1, 0
691, 1, 245, 251, 75, 0, 39.80%, 1, 0, 7, 442.56, 306285, 162, 1, 0
696, 1, 127, 251, 68, 0, 39.80%, 1, 0, 7, 439.29, 308615, 162, 1, 0
701, 1, 115, 251, 65, 0, 39.80%, 1, 0, 7, 452.27, 310907, 162, 1, 0
706, 1, 121, 251, 60, 0, 39.80%, 1, 0, 7, 431.45, 313151, 162, 1, 0
711, 1, 58, 251, 57, 0, 39.80%, 1, 0, 7, 422.35, 315222, 162, 1, 0
716, 1, 177, 253, 58, 0, 39.80%, 1, 0, 7, 428.23, 317391, 162, 1, 0
721, 1, 237, 253, 55, 0, 39.80%, 1, 0, 7, 433.24, 319629, 162, 1, 0
726, 1, 230, 254, 52, 0, 39.80%, 1, 0, 7, 444.36, 321871, 162, 1, 0
731, 1, 204, 254, 49, 0, 39.80%, 1, 0, 7, 428.93, 323944, 162, 1, 0
736, 1, 34, 254, 45, 0, 39.80%, 1, 0, 7, 430.20, 326167, 162, 1, 0
742, 1, 15, 255, 43, 0, 40.05%, 1, 0, 7, 426.42, 328353, 163, 1, 0
747, 1, 133, 255, 41, 0, 40.05%, 1, 0, 7, 437.32, 330538, 163, 1, 0
752, 1, 240, 255, 39, 0, 40.05%, 1, 0, 7, 460.41, 332848, 163, 1, 0
757, 1, 229, 255, 35, 0, 40.05%, 1, 0, 7, 449.19, 335144, 163, 1, 0
762, 2, 254, 368, 147, 0, 49.88%, 1, 0, 7, 428.40, 337274, 203, 1, 0
767, 2, 273, 368, 146, 8, 49.88%, 2, 0, 7, 453.67, 339619, 203, 2, 0
772, 2, 331, 368, 144, 6, 49.88%, 2, 0, 7, 434.28, 341762, 203, 2, 0
777, 2, 331, 368, 144, 6, 49.88%, 2, 0, 7, 431.29, 343933, 203, 2, 0
782, 2, 331, 371, 147, 6, 49.88%, 2, 0, 7, 437.21, 346224, 203, 2, 0
787, 2, 323, 371, 146, 5, 49.88%, 2, 0, 7, 449.52, 348493, 203, 2, 0
792, 2, 278, 371, 145, 4, 49.88%, 2, 0, 7, 441.32, 350750, 203, 2, 0
797, 2, 267, 371, 144, 3, 49.88%, 2, 0, 7, 428.15, 352890, 203, 2, 0
802, 2, 258, 371, 142, 1, 49.88%, 2, 0, 7, 450.94, 355108, 203, 2, 0
808, 2, 146, 372, 140, 0, 49.88%, 2, 0, 7, 444.37, 357460, 203, 2, 0
813, 2, 277, 372, 138, 0, 49.88%, 2, 0, 7, 423.07, 359585, 203, 2, 0
818, 2, 300, 372, 135, 0, 49.88%, 3, 0, 7, 427.93, 361707, 203, 3, 0
823, 2, 330, 372, 133, 0, 49.88%, 3, 0, 7, 433.21, 363865, 203, 3, 0
828, 2, 81, 372, 130, 0, 49.88%, 3, 0, 7, 431.63, 366154, 203, 3, 0
833, 2, 303, 372, 129, 0, 49.88%, 3, 0, 7, 425.82, 368410, 203, 3, 0
838, 2, 274, 372, 127, 0, 49.88%, 3, 0, 7, 425.93, 370547, 203, 3, 0
843, 2, 320, 372, 125, 0, 49.88%, 3, 0, 7, 450.78, 372930, 203, 3, 0
848, 2, 372, 373, 123, 1, 50.12%, 3, 0, 7, 431.12, 375074, 204, 3, 0
853, 2, 316, 373, 121, 0, 50.12%, 3, 0, 7, 459.12, 377503, 204, 3, 0
859, 2, 78, 373, 119, 0, 50.12%, 3, 0, 7, 445.17, 379724, 204, 3, 0
864, 2, 315, 373, 118, 0, 50.12%, 3, 0, 7, 436.72, 381924, 204, 3, 0
869, 2, 314, 373, 116, 0, 50.12%, 3, 0, 7, 465.93, 384256, 204, 3, 0
874, 2, 341, 373, 114, 0, 50.12%, 3, 0, 7, 461.54, 386541, 204, 3, 0
879, 2, 286, 373, 112, 0, 50.12%, 3, 0, 7, 430.91, 388683, 204, 3, 0
884, 2, 367, 373, 110, 0, 50.12%, 3, 0, 7, 441.91, 390921, 204, 3, 0
889, 2, 310, 373, 108, 0, 50.12%, 3, 0, 7, 426.15, 393124, 204, 3, 0
894, 2, 325, 373, 106, 0, 50.12%, 3, 0, 7, 456.72, 395449, 204, 3, 0
899, 2, 334, 373, 104, 0, 50.12%, 3, 0, 7, 449.37, 397695, 204, 3, 0
904, 2, 218, 373, 102, 0, 50.12%, 3, 0, 7, 448.56, 399982, 204, 3, 0
909, 2, 371, 373, 99, 0, 50.12%, 3, 0, 7, 433.74, 402181, 204, 3, 0
914, 2, 229, 373, 97, 0, 50.12%, 3, 0, 7, 443.64, 404467, 204, 3, 0
920, 2, 213, 373, 96, 0, 50.12%, 3, 0, 7, 437.51, 406735, 204, 4, 0
925, 2, 301, 374, 96, 0, 50.12%, 3, 0, 7, 458.32, 409067, 204, 4, 0
930, 2, 266, 374, 94, 0, 50.12%, 3, 0, 7, 487.47, 411582, 204, 4, 0
935, 2, 298, 374, 91, 0, 50.12%, 3, 0, 7, 471.74, 413942, 204, 4, 0
940, 2, 244, 374, 89, 0, 50.12%, 3, 0, 7, 478.70, 416317, 204, 4, 0
945, 2, 247, 374, 86, 0, 50.12%, 3, 0, 7, 456.44, 418553, 204, 4, 0
950, 2, 351, 374, 84, 0, 50.12%, 3, 0, 7, 450.21, 420858, 204, 4, 0
955, 2, 304, 374, 82, 0, 50.12%, 3, 0, 7, 454.39, 423201, 204, 4, 0
960, 2, 374, 375, 82, 1, 50.37%, 3, 0, 7, 442.05, 425378, 205, 4, 0
965, 2, 369, 376, 81, 0, 50.37%, 3, 0, 8, 460.54, 427792, 205, 4, 0
970, 2, 327, 376, 78, 0, 50.37%, 3, 0, 8, 451.64, 430049, 205, 4, 0
975, 2, 259, 376, 75, 0, 50.37%, 3, 0, 8, 431.36, 432220, 205, 4, 0
981, 2, 352, 376, 73, 0, 50.37%, 3, 0, 8, 435.92, 434423, 205, 4, 0
986, 2, 346, 376, 71, 0, 50.37%, 3, 0, 8, 443.38, 436676, 205, 4, 0
991, 2, 295, 376, 69, 0, 50.37%, 3, 0, 8, 433.64, 438851, 205, 4, 0
996, 2, 375, 376, 66, 0, 50.37%, 3, 0, 8, 448.95, 441049, 205, 4, 0
1001, 2, 242, 376, 64, 0, 50.37%, 3, 0, 8, 446.64, 443327, 205, 4, 0
1006, 2, 288, 376, 62, 0, 50.37%, 3, 0, 8, 463.32, 445725, 205, 4, 0
1011, 2, 316, 376, 59, 0, 50.37%, 3, 0, 8, 465.03, 448104, 205, 4, 0
1016, 2, 238, 377, 59, 0, 50.37%, 4, 0, 8, 444.54, 450378, 205, 5, 0
1021, 2, 368, 377, 58, 0, 50.37%, 4, 0, 8, 442.02, 452608, 205, 5, 0
1026, 2, 332, 377, 56, 0, 50.37%, 4, 0, 8, 448.01, 454866, 205, 5, 0
1031, 2, 150, 377, 53, 0, 50.37%, 4, 0, 8, 459.18, 457245, 205, 5, 0
1036, 2, 361, 377, 52, 0, 50.37%, 4, 0, 8, 478.26, 459740, 205, 5, 0
1041, 2, 284, 377, 51, 0, 50.37%, 4, 0, 8, 446.14, 461919, 205, 5, 0
1046, 2, 348, 378, 50, 0, 50.37%, 4, 0, 8, 462.26, 464235, 205, 5, 0
1051, 2, 354, 378, 48, 0, 50.37%, 4, 0, 8, 442.99, 466497, 205, 5, 0
1056, 2, 127, 378, 46, 0, 50.37%, 4, 0, 8, 463.93, 468856, 205, 5, 0
1062, 2, 290, 378, 46, 0, 50.37%, 4, 0, 8, 437.94, 471043, 205, 5, 0
1067, 2, 350, 378, 44, 0, 50.37%, 4, 0, 8, 444.27, 473299, 205, 5, 0
1072, 2, 220, 378, 43, 0, 50.37%, 4, 0, 8, 446.05, 475582, 205, 5, 0
1077, 2, 347, 378, 42, 0, 50.37%, 4, 0, 8, 433.05, 477726, 205, 5, 0
1082, 2, 338, 378, 41, 0, 50.37%, 4, 0, 8, 421.76, 479855, 205, 5, 0
1087, 2, 356, 378, 39, 0, 50.37%, 4, 0, 8, 452.55, 482251, 205, 6, 0
1092, 2, 192, 378, 37, 0, 50.37%, 4, 0, 8, 440.04, 484522, 205, 6, 0
1097, 2, 35, 378, 36, 0, 50.37%, 4, 0, 8, 445.02, 486764, 205, 9, 0
1102, 2, 271, 378, 35, 0, 50.37%, 4, 0, 8, 441.87, 488921, 205, 9, 0
1107, 2, 326, 378, 34, 0, 50.37%, 4, 0, 8, 468.94, 491263, 205, 12, 0
1112, 2, 258, 378, 33, 0, 50.37%, 4, 0, 8, 454.86, 493455, 205, 13, 0
1117, 2, 243, 378, 32, 0, 50.37%, 4, 0, 8, 441.78, 495710, 205, 13, 0
1122, 2, 293, 378, 31, 0, 50.37%, 4, 0, 8, 456.79, 498023, 205, 14, 0
1128, 2, 238, 378, 29, 0, 50.37%, 4, 0, 8, 408.44, 500057, 205, 14, 0
1133, 3, 384, 400, 50, 7, 51.60%, 4, 0, 8, 437.49, 502319, 210, 14, 0
1138, 3, 378, 400, 48, 5, 51.60%, 4, 0, 8, 477.62, 504747, 210, 14, 0
1143, 3, 393, 400, 47, 4, 51.60%, 4, 0, 8, 462.27, 507139, 210, 14, 0
1148, 3, 385, 400, 44, 1, 51.60%, 4, 0, 8, 459.28, 509487, 210, 14, 0
1153, 3, 382, 401, 43, 0, 51.84%, 5, 0, 8, 439.34, 511735, 211, 15, 0
1158, 3, 396, 401, 41, 0, 51.84%, 5, 0, 8, 450.48, 514093, 211, 15, 0
1163, 3, 233, 402, 41, 0, 51.84%, 5, 0, 8, 432.48, 516226, 211, 15, 0
1168, 3, 285, 402, 39, 0, 51.84%, 5, 0, 8, 430.10, 518390, 211, 15, 0
1173, 3, 136, 402, 37, 0, 51.84%, 6, 0, 8, 451.75, 520640, 211, 16, 0
1178, 3, 58, 402, 37, 0, 51.84%, 6, 0, 8, 437.58, 522815, 211, 16, 0
1183, 3, 380, 402, 36, 0, 51.84%, 6, 0, 8, 440.40, 525104, 211, 16, 0
1188, 3, 357, 402, 34, 0, 51.84%, 6, 0, 8, 449.56, 527394, 211, 16, 0
1193, 3, 296, 402, 33, 0, 51.84%, 6, 0, 8, 443.92, 529615, 211, 16, 0
1199, 3, 269, 402, 31, 0, 51.84%, 6, 0, 8, 443.69, 531891, 211, 16, 0
1204, 3, 107, 402, 29, 0, 51.84%, 6, 0, 8, 480.87, 534282, 211, 16, 0
1209, 3, 384, 402, 26, 0, 51.84%, 6, 0, 8, 459.76, 536526, 211, 16, 0
1214, 3, 335, 402, 26, 0, 51.84%, 6, 0, 8, 456.86, 538797, 211, 16, 0
1219, 3, 125, 403, 25, 0, 51.84%, 6, 0, 8, 435.69, 541016, 211, 16, 0
1224, 3, 234, 403, 23, 0, 51.84%, 6, 0, 8, 440.62, 543263, 211, 16, 0
1229, 3, 347, 403, 21, 0, 51.84%, 6, 0, 8, 444.40, 545493, 211, 18, 0
1234, 3, 392, 403, 20, 0, 51.84%, 6, 0, 8, 453.64, 547784, 211, 18, 0
1239, 3, 177, 403, 20, 0, 51.84%, 6, 0, 8, 431.56, 549989, 211, 19, 0
1244, 3, 402, 403, 20, 0, 51.84%, 6, 0, 8, 442.64, 552206, 211, 19, 0
1249, 3, 68, 403, 19, 0, 51.84%, 6, 0, 8, 433.90, 554371, 211, 19, 0
1254, 3, 358, 403, 18, 0, 51.84%, 6, 0, 8, 443.30, 556600, 211, 19, 0
1259, 3, 387, 403, 17, 0, 51.84%, 6, 0, 8, 449.99, 558871, 211, 19, 0
1264, 3, 278, 406, 18, 0, 51.84%, 6, 0, 8, 448.61, 561187, 211, 19, 0
1270, 3, 117, 406, 17, 0, 51.84%, 6, 0, 8, 448.54, 563459, 211, 19, 0
1275, 3, 150, 406, 16, 0, 51.84%, 6, 0, 8, 453.55, 565704, 211, 21, 0
1280, 3, 150, 406, 16, 0, 51.84%, 6, 0, 8, 452.25, 568027, 211, 23, 0
1285, 3, 395, 406, 15, 0, 51.84%, 6, 0, 8, 440.83, 570217, 211, 25, 0
1290, 3, 26, 406, 14, 0, 51.84%, 6, 0, 8, 435.17, 572392, 211, 25, 0
1295, 3, 213, 406, 13, 0, 51.84%, 6, 0, 8, 462.11, 574763, 211, 25, 0
1300, 3, 405, 406, 12, 0, 51.84%, 6, 0, 8, 461.65, 577165, 211, 25, 0
1305, 3, 401, 406, 11, 0, 51.84%, 6, 0, 8, 452.35, 579486, 211, 25, 0
1310, 3, 168, 406, 10, 0, 51.84%, 7, 0, 8, 454.00, 581798, 211, 30, 0
1315, 3, 338, 406, 10, 0, 51.84%, 7, 0, 8, 431.43, 583949, 211, 30, 0
1320, 3, 98, 406, 10, 0, 51.84%, 7, 0, 8, 450.15, 586241, 211, 31, 0
1325, 3, 81, 406, 9, 0, 51.84%, 7, 0, 8, 448.64, 588493, 211, 32, 0
1331, 4, 409, 410, 12, 3, 52.58%, 7, 0, 8, 403.00, 590478, 214, 34, 0
1336, 4, 408, 410, 11, 2, 52.58%, 7, 0, 8, 417.50, 592577, 214, 34, 0
1341, 4, 258, 410, 8, 0, 52.58%, 7, 0, 8, 424.86, 594787, 214, 34, 0
1346, 4, 81, 410, 8, 0, 52.58%, 7, 0, 8, 448.92, 597066, 214, 36, 0
1351, 4, 379, 410, 8, 0, 52.58%, 7, 0, 8, 436.91, 599191, 214, 36, 0
1356, 4, 78, 410, 7, 0, 52.58%, 7, 0, 8, 441.10, 601491, 214, 38, 0
1361, 4, 238, 410, 7, 0, 52.58%, 7, 0, 8, 465.74, 603970, 214, 39, 0
1366, 4, 252, 410, 7, 0, 52.58%, 7, 0, 8, 456.02, 606245, 214, 39, 0
1371, 4, 28, 410, 5, 0, 52.58%, 7, 0, 8, 463.82, 608604, 214, 39, 0
1376, 4, 76, 410, 5, 0, 52.58%, 7, 0, 8, 465.29, 610931, 214, 42, 0
1381, 4, 254, 410, 4, 0, 52.58%, 7, 0, 8, 448.66, 613225, 214, 46, 0
1386, 4, 190, 410, 4, 0, 52.58%, 7, 0, 8, 447.89, 615478, 214, 46, 0
1391, 4, 229, 410, 4, 0, 52.58%, 7, 0, 8, 435.06, 617680, 214, 46, 0
1396, 4, 165, 410, 4, 0, 52.58%, 7, 0, 8, 459.26, 620002, 214, 46, 0
1402, 4, 229, 410, 3, 0, 52.58%, 7, 0, 8, 417.32, 622024, 214, 46, 0
1407, 4, 58, 410, 2, 0, 52.58%, 7, 0, 8, 429.05, 624223, 214, 46, 0
1412, 4, 289, 410, 2, 0, 52.58%, 7, 0, 8, 421.55, 626391, 214, 47, 0
1417, 4, 229, 410, 2, 0, 52.58%, 7, 0, 8, 402.99, 628436, 214, 47, 0
1422, 4, 254, 410, 2, 0, 52.58%, 7, 0, 8, 445.09, 630792, 214, 48, 0
1427, 4, 146, 410, 2, 0, 52.58%, 7, 0, 8, 444.41, 633034, 214, 48, 0
1432, 4, 35, 410, 2, 0, 52.58%, 7, 0, 8, 440.89, 635247, 214, 48, 0
1437, 4, 189, 410, 2, 0, 52.58%, 7, 0, 8, 436.23, 637458, 214, 49, 0
1442, 4, 384, 410, 2, 0, 52.58%, 7, 0, 8, 456.22, 639782, 214, 49, 0
1447, 4, 268, 410, 2, 0, 52.58%, 7, 0, 8, 447.35, 642050, 214, 52, 0
1452, 4, 400, 410, 2, 0, 52.58%, 7, 0, 8, 440.62, 644320, 214, 52, 0
1457, 5, 455, 461, 53, 0, 60.69%, 7, 0, 8, 433.05, 646571, 247, 53, 0
1463, 5, 455, 464, 56, 0, 60.69%, 7, 0, 8, 457.34, 648864, 247, 53, 0
1468, 5, 455, 465, 57, 0, 60.69%, 7, 0, 8, 458.72, 651223, 247, 53, 0
1473, 5, 455, 465, 57, 0, 60.69%, 7, 0, 8, 415.76, 653287, 247, 53, 0
1478, 5, 455, 465, 57, 0, 60.69%, 7, 0, 8, 456.32, 655570, 247, 53, 0
1483, 5, 441, 469, 60, 6, 60.69%, 7, 0, 8, 442.55, 657778, 247, 53, 0
1488, 5, 441, 469, 60, 6, 60.69%, 7, 0, 8, 404.75, 659844, 247, 53, 0
1493, 5, 417, 469, 59, 5, 60.69%, 7, 0, 8, 439.45, 662064, 247, 53, 0
1498, 5, 449, 469, 58, 4, 60.69%, 7, 0, 8, 430.29, 664228, 247, 53, 0
1503, 5, 414, 469, 56, 3, 60.69%, 7, 0, 8, 430.24, 666425, 247, 53, 0
1508, 5, 411, 469, 54, 1, 60.69%, 7, 0, 8, 428.50, 668512, 247, 53, 0
1513, 5, 206, 469, 52, 0, 60.69%, 7, 0, 8, 451.44, 670819, 247, 53, 0
1518, 5, 418, 469, 51, 0, 60.69%, 7, 0, 8, 458.17, 673141, 247, 53, 0
1523, 5, 433, 470, 50, 0, 60.69%, 7, 0, 8, 426.82, 675315, 247, 53, 0
1529, 5, 425, 470, 48, 0, 60.69%, 7, 0, 8, 437.17, 677503, 247, 53, 0
1534, 5, 412, 470, 47, 0, 60.69%, 7, 0, 8, 443.58, 679706, 247, 55, 0
1539, 5, 58, 470, 45, 0, 60.69%, 7, 0, 8, 424.61, 681840, 247, 55, 0
1544, 5, 460, 470, 44, 0, 60.69%, 7, 0, 8, 448.44, 684027, 247, 55, 0
1549, 5, 453, 470, 42, 0, 60.69%, 7, 0, 8, 463.51, 686384, 247, 55, 0
1554, 5, 431, 470, 41, 0, 60.69%, 7, 0, 8, 442.53, 688586, 247, 55, 0
1559, 5, 393, 470, 39, 0, 60.69%, 7, 0, 8, 449.62, 690906, 247, 55, 0
1564, 5, 422, 470, 38, 0, 60.69%, 7, 0, 8, 438.14, 693076, 247, 55, 0
1569, 5, 442, 470, 36, 0, 60.69%, 7, 0, 8, 476.86, 695463, 247, 55, 0
1574, 5, 454, 470, 34, 0, 60.69%, 7, 0, 8, 473.90, 698003, 247, 55, 0
1579, 5, 469, 471, 33, 0, 60.69%, 7, 0, 8, 452.40, 700185, 247, 55, 0
1584, 5, 416, 471, 31, 0, 60.69%, 7, 0, 8, 441.11, 702457, 247, 55, 0
1589, 5, 450, 471, 30, 0, 60.69%, 7, 0, 8, 425.03, 704619, 247, 55, 0
1594, 5, 468, 471, 28, 0, 60.69%, 7, 0, 8, 433.79, 706815, 247, 55, 0
1600, 5, 419, 471, 27, 0, 60.69%, 7, 0, 8, 416.53, 708878, 247, 55, 0
1605, 5, 440, 471, 26, 0, 60.69%, 7, 0, 8, 456.30, 711263, 247, 55, 0
1610, 5, 455, 471, 24, 0, 60.69%, 7, 0, 8, 458.82, 713571, 247, 55, 0
1615, 5, 178, 471, 24, 0, 60.69%, 7, 0, 8, 414.11, 715628, 247, 55, 0
1620, 5, 189, 471, 22, 0, 60.69%, 7, 0, 8, 434.51, 717908, 247, 55, 0
1625, 5, 456, 472, 23, 0, 60.69%, 7, 0, 8, 455.26, 720219, 247, 55, 0
1630, 5, 58, 472, 22, 0, 60.69%, 7, 0, 8, 438.60, 722449, 247, 55, 0
1635, 5, 429, 472, 22, 0, 60.69%, 7, 0, 8, 425.80, 724539, 247, 55, 0
1640, 5, 436, 472, 20, 0, 60.69%, 7, 0, 8, 430.49, 726791, 247, 55, 0
1645, 5, 238, 472, 19, 0, 60.69%, 7, 0, 8, 422.55, 728983, 247, 55, 0
1650, 5, 428, 472, 19, 0, 60.69%, 7, 0, 8, 454.28, 731298, 247, 56, 0
1656, 5, 463, 472, 18, 0, 60.69%, 7, 0, 8, 453.70, 733660, 247, 60, 0
1661, 5, 441, 472, 17, 0, 60.69%, 7, 0, 8, 480.51, 736076, 247, 60, 0
1666, 5, 467, 473, 18, 0, 60.93%, 7, 0, 8, 471.81, 738352, 248, 60, 0
1671, 5, 475, 476, 19, 1, 61.18%, 7, 0, 8, 461.25, 740654, 249, 60, 0
1676, 5, 115, 476, 17, 0, 61.18%, 7, 0, 8, 481.63, 743095, 249, 60, 0
1681, 5, 417, 476, 16, 0, 61.18%, 7, 0, 8, 442.98, 745302, 249, 60, 0
1686, 5, 338, 476, 15, 0, 61.18%, 7, 0, 8, 435.70, 747427, 249, 60, 0
1691, 5, 435, 476, 15, 0, 61.18%, 7, 0, 8, 441.33, 749648, 249, 60, 0
1696, 5, 476, 477, 14, 0, 61.18%, 7, 0, 8, 429.88, 751797, 249, 60, 0
1701, 5, 432, 477, 13, 0, 61.18%, 7, 0, 8, 431.43, 754046, 249, 60, 0
1706, 5, 162, 478, 12, 0, 61.18%, 7, 0, 8, 428.05, 756215, 249, 60, 0
1711, 5, 474, 478, 12, 0, 61.18%, 7, 0, 8, 427.73, 758428, 249, 60, 0
1716, 5, 378, 478, 11, 0, 61.18%, 7, 0, 8, 457.86, 760820, 249, 60, 0
1721, 5, 423, 478, 10, 0, 61.18%, 7, 0, 8, 446.69, 763014, 249, 60, 0
1727, 5, 328, 478, 9, 0, 61.18%, 7, 0, 8, 438.86, 765221, 249, 60, 0
1732, 5, 294, 478, 8, 0, 61.18%, 7, 0, 8, 454.69, 767542, 249, 60, 0
1737, 5, 399, 478, 8, 0, 61.18%, 7, 0, 8, 434.52, 769729, 249, 60, 0
1742, 5, 206, 479, 9, 0, 61.18%, 7, 0, 8, 443.67, 771929, 249, 60, 0
1747, 5, 393, 479, 8, 0, 61.18%, 7, 0, 8, 456.65, 774260, 249, 60, 0
1752, 6, 500, 509, 38, 2, 61.92%, 7, 0, 8, 452.35, 776481, 252, 60, 0
1757, 6, 508, 509, 36, 1, 61.92%, 7, 0, 8, 440.34, 778684, 252, 60, 0
1762, 6, 478, 509, 34, 0, 61.92%, 7, 0, 8, 420.78, 780809, 252, 60, 0
1767, 6, 499, 509, 32, 0, 61.92%, 7, 0, 8, 433.41, 783006, 252, 60, 0
1772, 6, 171, 509, 29, 0, 61.92%, 7, 0, 8, 463.94, 785362, 252, 60, 0
1777, 6, 452, 509, 28, 0, 61.92%, 7, 0, 8, 442.68, 787577, 252, 60, 0
1782, 6, 189, 509, 26, 0, 61.92%, 7, 0, 8, 444.43, 789854, 252, 60, 0
1787, 6, 215, 509, 25, 0, 61.92%, 7, 0, 8, 463.28, 792178, 252, 60, 0
1792, 6, 206, 509, 25, 0, 61.92%, 7, 0, 8, 442.01, 794393, 252, 60, 0
1798, 6, 471, 509, 23, 0, 61.92%, 7, 0, 8, 460.77, 796829, 252, 60, 0
1803, 6, 501, 509, 22, 0, 61.92%, 7, 0, 8, 425.20, 798916, 252, 60, 0
1804, 6, 459, 509, 21, 0, 61.92%, 7, 0, 8, 414.86, 799575, 252, 60, 0
