# relative_time, cycles_done, cur_item, corpus_count, pending_total, pending_favs, map_size, saved_crashes, saved_hangs, max_depth, execs_per_sec, total_execs, edges_found, total_crashes, servers_count
60, 0, 28, 92, 74, 22, 44.23%, 0, 0, 3, 481.09, 30902, 180, 0, 0
65, 0, 28, 93, 75, 22, 44.23%, 0, 0, 3, 476.50, 33267, 180, 0, 0
70, 0, 28, 97, 79, 22, 44.23%, 0, 0, 3, 464.42, 35672, 180, 0, 0
75, 0, 28, 97, 79, 22, 44.23%, 0, 0, 3, 444.68, 37862, 180, 0, 0
80, 0, 28, 100, 82, 22, 44.23%, 0, 0, 3, 444.49, 40091, 180, 0, 0
86, 0, 28, 103, 85, 22, 44.23%, 0, 0, 3, 443.86, 42432, 180, 0, 0
91, 0, 28, 104, 86, 22, 44.23%, 0, 0, 3, 476.84, 44901, 180, 0, 0
96, 0, 28, 104, 86, 22, 44.23%, 0, 0, 3, 474.60, 47358, 180, 0, 0
101, 0, 28, 104, 86, 22, 44.23%, 0, 0, 3, 457.77, 49671, 180, 0, 0
106, 0, 28, 106, 88, 22, 44.23%, 0, 0, 3, 433.91, 51821, 180, 0, 0
111, 0, 28, 107, 89, 22, 44.23%, 0, 0, 3, 448.38, 54084, 180, 0, 0
116, 0, 28, 111, 93, 22, 45.21%, 0, 0, 3, 486.70, 56560, 184, 0, 0
121, 0, 28, 113, 95, 22, 45.21%, 0, 0, 3, 465.55, 58830, 184, 0, 0
126, 0, 28, 116, 98, 22, 45.21%, 0, 0, 3, 642.80, 62439, 184, 0, 0
131, 0, 28, 117, 99, 22, 45.21%, 0, 0, 3, 604.49, 65698, 184, 0, 0
136, 0, 30, 118, 98, 23, 45.21%, 0, 0, 3, 671.30, 69147, 184, 0, 0
141, 0, 32, 125, 103, 21, 45.21%, 0, 0, 3, 709.01, 73085, 184, 0, 0
146, 0, 42, 134, 110, 21, 45.45%, 0, 0, 3, 521.78, 75507, 185, 0, 0
152, 0, 42, 135, 111, 21, 45.45%, 0, 0, 3, 441.69, 77719, 185, 0, 0
157, 0, 42, 137, 113, 21, 45.45%, 0, 0, 3, 420.99, 79869, 185, 0, 0
162, 0, 42, 137, 113, 21, 45.45%, 0, 0, 3, 466.36, 82203, 185, 0, 0
167, 0, 44, 141, 116, 20, 45.45%, 0, 0, 3, 481.55, 84701, 185, 0, 0
172, 0, 44, 145, 120, 20, 45.45%, 0, 0, 3, 488.27, 87231, 185, 0, 0
177, 0, 44, 148, 123, 20, 45.45%, 0, 0, 3, 498.92, 89718, 185, 0, 0
182, 0, 44, 149, 124, 20, 45.45%, 0, 0, 3, 521.08, 92492, 185, 0, 0
187, 0, 44, 149, 124, 20, 45.45%, 0, 0, 3, 538.13, 95352, 185, 0, 0
192, 0, 44, 149, 124, 20, 45.45%, 0, 0, 3, 472.48, 97825, 185, 0, 0
197, 0, 44, 149, 124, 20, 45.45%, 0, 0, 3, 477.07, 100300, 185, 0, 0
203, 0, 44, 149, 124, 20, 45.45%, 0, 0, 3, 487.97, 102730, 185, 0, 0
208, 0, 44, 151, 126, 20, 45.45%, 0, 0, 3, 465.57, 104994, 185, 0, 0
213, 0, 44, 152, 127, 20, 45.45%, 0, 0, 3, 496.07, 107521, 185, 0, 0
218, 0, 44, 152, 127, 20, 45.45%, 0, 0, 3, 481.68, 109978, 185, 0, 0
223, 0, 44, 152, 127, 20, 45.45%, 0, 0, 3, 467.48, 112372, 185, 0, 0
228, 0, 44, 152, 127, 20, 45.45%, 0, 0, 3, 490.38, 114748, 185, 0, 0
233, 0, 44, 152, 127, 20, 45.45%, 0, 0, 3, 470.48, 117142, 185, 0, 0
238, 0, 44, 152, 127, 20, 45.45%, 0, 0, 3, 467.16, 119509, 185, 0, 0
243, 0, 44, 152, 127, 20, 45.45%, 0, 0, 3, 476.12, 121957, 185, 0, 0
248, 0, 44, 152, 127, 20, 45.45%, 0, 0, 3, 492.72, 124468, 185, 0, 0
253, 0, 44, 152, 127, 20, 45.45%, 0, 0, 3, 467.50, 126871, 185, 0, 0
258, 0, 44, 154, 129, 20, 45.45%, 0, 0, 3, 456.04, 129189, 185, 0, 0
263, 0, 44, 154, 129, 20, 45.45%, 0, 0, 3, 500.23, 131727, 185, 0, 0
268, 0, 44, 154, 129, 20, 45.45%, 0, 0, 3, 490.98, 134104, 185, 0, 0
274, 0, 58, 154, 126, 18, 45.45%, 0, 0, 3, 479.92, 136524, 185, 0, 0
279, 0, 61, 163, 133, 19, 46.19%, 1, 0, 3, 444.83, 138797, 188, 1, 0
284, 0, 61, 168, 138, 19, 46.19%, 1, 0, 3, 463.09, 141163, 188, 1, 0
289, 0, 61, 168, 138, 19, 46.19%, 1, 0, 3, 73.14, 143360, 188, 1, 0
294, 0, 61, 170, 140, 19, 46.19%, 1, 0, 3, 480.38, 145677, 188, 1, 0
299, 0, 61, 170, 140, 19, 46.19%, 1, 0, 3, 433.81, 147774, 188, 1, 0
305, 0, 61, 174, 144, 19, 46.19%, 1, 0, 3, 479.72, 150286, 188, 1, 0
310, 0, 75, 179, 145, 17, 46.68%, 1, 0, 4, 491.82, 152838, 190, 1, 0
315, 0, 78, 190, 154, 16, 46.68%, 1, 0, 4, 447.26, 155131, 190, 1, 0
320, 0, 109, 192, 153, 13, 46.68%, 1, 0, 4, 488.73, 157601, 190, 1, 0
325, 0, 155, 192, 146, 6, 46.68%, 1, 0, 4, 454.95, 159888, 190, 1, 0
330, 0, 165, 197, 149, 5, 46.68%, 1, 0, 4, 455.53, 162219, 190, 1, 0
335, 0, 181, 202, 151, 3, 46.68%, 1, 0, 5, 462.39, 164648, 190, 1, 0
341, 0, 181, 207, 156, 3, 46.68%, 1, 0, 5, 490.43, 167194, 190, 1, 0
346, 0, 181, 209, 158, 3, 46.68%, 1, 0, 5, 492.72, 169701, 190, 1, 0
351, 0, 181, 210, 159, 3, 46.68%, 1, 0, 5, 484.32, 172111, 190, 1, 0
356, 0, 203, 213, 159, 3, 46.93%, 1, 0, 6, 477.57, 174524, 191, 1, 0
361, 0, 210, 213, 158, 2, 46.93%, 1, 0, 6, 331.14, 176191, 191, 1, 0
366, 1, 20, 213, 155, 0, 46.93%, 1, 0, 6, 374.07, 177984, 191, 1, 0
371, 1, 57, 213, 149, 0, 46.93%, 1, 0, 6, 413.87, 180125, 191, 1, 0
376, 1, 78, 216, 148, 0, 46.93%, 1, 0, 6, 321.29, 181735, 191, 1, 0
381, 1, 103, 217, 145, 0, 46.93%, 1, 0, 6, 325.19, 183295, 191, 1, 0
386, 1, 131, 219, 137, 0, 46.93%, 1, 0, 6, 385.99, 185262, 191, 1, 0
391, 1, 222, 223, 135, 1, 47.17%, 1, 0, 6, 431.01, 187550, 192, 1, 0
397, 2, 225, 350, 259, 18, 57.99%, 1, 0, 6, 464.13, 189942, 236, 1, 0
402, 2, 265, 350, 252, 11, 57.99%, 1, 0, 6, 437.82, 192076, 236, 1, 0
407, 2, 271, 350, 251, 10, 57.99%, 1, 0, 6, 415.81, 194180, 236, 1, 0
412, 2, 290, 351, 251, 9, 57.99%, 1, 0, 6, 404.30, 196290, 236, 1, 0
417, 2, 291, 362, 261, 9, 58.23%, 1, 0, 6, 424.98, 198486, 237, 1, 0
422, 2, 291, 364, 263, 9, 58.23%, 1, 0, 6, 420.98, 200589, 237, 1, 0
427, 2, 291, 364, 263, 9, 58.23%, 1, 0, 6, 448.21, 202869, 237, 1, 0
432, 2, 291, 364, 263, 9, 58.23%, 1, 0, 6, 446.89, 205101, 237, 1, 0
437, 2, 291, 364, 263, 9, 58.23%, 1, 0, 6, 410.57, 207190, 237, 1, 0
442, 2, 312, 364, 259, 5, 58.23%, 1, 0, 6, 476.47, 209648, 237, 1, 0
447, 2, 344, 371, 263, 2, 58.23%, 1, 0, 6, 453.21, 211906, 237, 1, 0
452, 3, 13, 372, 255, 0, 58.23%, 1, 0, 6, 429.96, 214053, 237, 1, 0
458, 3, 56, 372, 250, 0, 58.23%, 1, 0, 6, 438.56, 216283, 237, 1, 0
463, 3, 113, 372, 241, 0, 58.23%, 1, 0, 6, 452.06, 218625, 237, 1, 0
468, 3, 194, 373, 237, 1, 58.48%, 1, 0, 6, 444.12, 220861, 238, 1, 0
473, 4, 254, 375, 233, 1, 58.72%, 1, 0, 6, 425.52, 222949, 239, 1, 0
478, 5, 16, 376, 230, 0, 58.72%, 1, 0, 6, 451.06, 225212, 239, 1, 0
483, 5, 55, 376, 225, 0, 58.72%, 1, 0, 6, 462.95, 227581, 239, 1, 0
488, 5, 104, 376, 220, 0, 58.72%, 1, 0, 6, 453.09, 229814, 239, 1, 0
493, 5, 170, 376, 209, 0, 58.72%, 1, 0, 6, 481.05, 232271, 239, 1, 0
498, 5, 194, 376, 202, 0, 58.72%, 1, 0, 6, 468.85, 234655, 239, 1, 0
503, 5, 213, 376, 199, 0, 58.72%, 1, 0, 6, 462.12, 237005, 239, 1, 0
508, 5, 271, 376, 190, 0, 58.72%, 1, 0, 6, 468.98, 239358, 239, 1, 0
513, 5, 303, 376, 184, 0, 58.72%, 1, 0, 6, 448.28, 241580, 239, 1, 0
518, 5, 334, 381, 183, 0, 58.72%, 1, 0, 6, 499.16, 244153, 239, 1, 0
523, 5, 334, 381, 183, 0, 58.72%, 2, 0, 6, 462.50, 246411, 239, 2, 0
529, 5, 334, 382, 184, 0, 58.72%, 2, 0, 6, 444.96, 248665, 239, 2, 0
534, 5, 334, 384, 186, 0, 58.72%, 2, 0, 6, 419.77, 250888, 239, 2, 0
539, 5, 334, 384, 186, 0, 58.72%, 2, 0, 6, 416.47, 252800, 239, 2, 0
544, 5, 372, 385, 180, 0, 58.72%, 2, 0, 6, 392.34, 254679, 239, 2, 0
549, 6, 29, 386, 177, 0, 58.72%, 2, 0, 6, 603.95, 257651, 239, 2, 0
554, 6, 63, 386, 173, 0, 58.72%, 2, 0, 6, 462.51, 259768, 239, 2, 0
559, 6, 145, 386, 166, 0, 58.72%, 2, 0, 6, 488.85, 262253, 239, 2, 0
564, 6, 386, 387, 163, 1, 58.97%, 2, 0, 6, 479.88, 264667, 240, 2, 0
569, 7, 65, 387, 158, 0, 58.97%, 2, 0, 6, 791.29, 267662, 240, 2, 0
575, 7, 160, 387, 151, 0, 58.97%, 2, 0, 6, 528.23, 270744, 240, 2, 0
580, 7, 234, 387, 142, 0, 58.97%, 2, 0, 6, 756.50, 274950, 240, 2, 0
585, 7, 319, 388, 135, 0, 58.97%, 2, 0, 6, 153.96, 278191, 240, 2, 0
590, 7, 339, 388, 127, 0, 58.97%, 2, 0, 6, 510.23, 280627, 240, 2, 0
595, 9, 30, 390, 122, 0, 59.21%, 2, 0, 6, 757.24, 284765, 241, 2, 0
600, 9, 78, 390, 122, 0, 59.21%, 2, 0, 6, 382.62, 286518, 241, 2, 0
605, 9, 390, 391, 123, 1, 59.71%, 2, 0, 6, 342.40, 288142, 243, 2, 0
611, 10, 76, 394, 125, 0, 59.71%, 2, 0, 6, 615.16, 291278, 243, 2, 0
616, 10, 174, 394, 123, 0, 59.71%, 2, 0, 6, 612.75, 294162, 243, 2, 0
621, 10, 224, 396, 120, 0, 59.71%, 2, 0, 6, 778.34, 298405, 243, 2, 0
626, 10, 254, 396, 115, 0, 59.71%, 2, 0, 6, 866.18, 300136, 243, 2, 0
631, 10, 315, 398, 105, 0, 59.71%, 2, 0, 6, 835.63, 304322, 243, 2, 0
636, 10, 399, 400, 99, 1, 60.20%, 2, 0, 6, 817.17, 308408, 245, 2, 0
641, 11, 403, 407, 102, 1, 60.93%, 6, 0, 6, 807.08, 312430, 248, 12, 0
646, 12, 78, 407, 98, 0, 60.93%, 6, 0, 6, 787.63, 316564, 248, 13, 0
651, 12, 181, 407, 95, 0, 60.93%, 6, 0, 6, 100.50, 319061, 248, 13, 0
656, 12, 194, 407, 95, 0, 60.93%, 6, 0, 6, 142.29, 319838, 248, 13, 0
661, 12, 235, 407, 93, 0, 60.93%, 6, 0, 6, 290.74, 321252, 248, 13, 0
667, 12, 303, 407, 88, 0, 60.93%, 6, 0, 6, 467.81, 323896, 248, 13, 0
672, 12, 382, 409, 85, 0, 60.93%, 6, 0, 6, 623.72, 327132, 248, 13, 0
677, 12, 394, 409, 82, 0, 60.93%, 6, 0, 6, 690.32, 330022, 248, 13, 0
682, 12, 402, 410, 80, 0, 60.93%, 7, 0, 6, 788.09, 334102, 248, 25, 0
687, 13, 13, 412, 80, 0, 61.18%, 7, 0, 6, 883.67, 338620, 249, 32, 0
692, 13, 175, 412, 75, 0, 61.18%, 7, 0, 6, 900.10, 343347, 249, 32, 0
697, 13, 250, 412, 70, 0, 61.18%, 7, 0, 6, 890.72, 347864, 249, 32, 0
702, 13, 401, 412, 60, 0, 61.18%, 7, 0, 6, 940.41, 352677, 249, 33, 0
707, 15, 15, 416, 61, 0, 61.43%, 7, 0, 6, 892.54, 357109, 250, 41, 0
712, 15, 175, 416, 58, 0, 61.43%, 7, 0, 6, 840.96, 361365, 250, 42, 0
717, 15, 237, 416, 52, 0, 61.43%, 7, 0, 6, 905.29, 366010, 250, 42, 0
722, 15, 399, 416, 44, 0, 61.43%, 7, 0, 6, 917.69, 370745, 250, 42, 0
728, 16, 15, 417, 41, 0, 61.43%, 7, 0, 6, 903.46, 375242, 250, 52, 0
733, 16, 163, 417, 37, 0, 61.43%, 7, 0, 6, 858.85, 379465, 250, 52, 0
738, 16, 203, 417, 36, 0, 61.43%, 7, 0, 6, 93.79, 381129, 250, 52, 0
743, 16, 211, 417, 35, 0, 61.43%, 7, 0, 6, 123.70, 381753, 250, 52, 0
748, 16, 235, 417, 35, 0, 61.43%, 7, 0, 6, 135.48, 382411, 250, 52, 0
753, 16, 290, 417, 35, 0, 61.43%, 7, 0, 6, 112.59, 382976, 250, 52, 0
758, 16, 301, 417, 35, 0, 61.43%, 7, 0, 6, 117.40, 383558, 250, 52, 0
763, 16, 393, 417, 28, 0, 61.43%, 7, 0, 6, 764.85, 387150, 250, 52, 0
768, 17, 42, 417, 27, 0, 61.43%, 8, 0, 6, 812.42, 391223, 250, 58, 0
774, 17, 211, 417, 27, 0, 61.43%, 8, 0, 6, 776.96, 395239, 250, 58, 0
779, 17, 395, 417, 26, 0, 61.43%, 8, 0, 6, 833.03, 399612, 250, 58, 0
784, 18, 32, 418, 26, 0, 61.43%, 8, 0, 6, 845.55, 403863, 250, 64, 0
789, 18, 181, 418, 25, 0, 61.43%, 9, 0, 6, 837.10, 408067, 250, 65, 0
794, 18, 308, 418, 23, 0, 61.43%, 9, 0, 6, 157.38, 412321, 250, 65, 0
799, 18, 363, 418, 22, 0, 61.43%, 9, 0, 6, 147.46, 413055, 250, 65, 0
804, 18, 401, 418, 22, 0, 61.43%, 9, 0, 6, 151.71, 413837, 250, 65, 0
809, 18, 405, 418, 22, 0, 61.43%, 9, 0, 6, 162.40, 414692, 250, 69, 0
814, 18, 419, 419, 20, 0, 61.43%, 9, 0, 6, 683.31, 418848, 250, 100, 0
820, 19, 147, 419, 19, 0, 61.43%, 9, 0, 6, 132.56, 422047, 250, 100, 0
825, 19, 194, 419, 18, 0, 61.43%, 9, 0, 6, 338.75, 423887, 250, 100, 0
830, 19, 254, 419, 16, 0, 61.43%, 9, 0, 6, 371.72, 425953, 250, 100, 0
835, 19, 344, 419, 15, 0, 61.43%, 9, 0, 6, 682.65, 428708, 250, 100, 0
840, 20, 0, 419, 15, 0, 61.43%, 9, 0, 6, 580.80, 431103, 250, 104, 0
845, 20, 81, 419, 15, 0, 61.43%, 9, 0, 6, 521.20, 433814, 250, 104, 0
850, 20, 181, 419, 14, 0, 61.43%, 9, 0, 6, 418.21, 435926, 250, 104, 0
855, 20, 211, 419, 14, 0, 61.43%, 9, 0, 6, 339.25, 437368, 250, 104, 0
860, 20, 290, 419, 14, 0, 61.43%, 9, 0, 6, 312.44, 438947, 250, 104, 0
866, 20, 359, 420, 15, 0, 61.43%, 9, 0, 6, 325.54, 440611, 250, 104, 0
871, 21, 11, 420, 14, 0, 61.43%, 9, 0, 6, 378.95, 442635, 250, 110, 0
876, 21, 147, 420, 14, 0, 61.43%, 10, 0, 6, 548.04, 445381, 250, 111, 0
881, 21, 194, 420, 13, 0, 61.43%, 10, 0, 6, 517.00, 447908, 250, 111, 0
886, 21, 242, 420, 12, 0, 61.43%, 10, 0, 6, 372.01, 449566, 250, 111, 0
891, 21, 314, 420, 12, 0, 61.43%, 10, 0, 6, 347.01, 451304, 250, 111, 0
896, 21, 392, 420, 11, 0, 61.43%, 10, 0, 6, 331.29, 452963, 250, 111, 0
902, 22, 29, 422, 12, 0, 61.43%, 10, 0, 6, 541.73, 455569, 250, 114, 0
906, 22, 98, 422, 12, 0, 61.43%, 10, 0, 6, 280.87, 457957, 250, 114, 0
