# relative_time, cycles_done, cur_item, corpus_count, pending_total, pending_favs, map_size, saved_crashes, saved_hangs, max_depth, execs_per_sec, total_execs, edges_found, total_crashes, servers_count
61, 0, 9, 74, 69, 5, 30.71%, 0, 0, 2, 416.25, 26199, 125, 0, 0
66, 0, 9, 75, 70, 5, 30.71%, 0, 0, 2, 416.08, 28294, 125, 0, 0
71, 0, 9, 75, 70, 5, 30.71%, 0, 0, 2, 404.73, 30366, 125, 0, 0
76, 0, 9, 75, 70, 5, 30.71%, 0, 0, 2, 482.90, 32840, 125, 0, 0
81, 0, 9, 77, 72, 5, 30.71%, 0, 0, 2, 436.55, 34996, 125, 0, 0
86, 0, 9, 78, 73, 5, 30.71%, 0, 0, 2, 439.31, 37163, 125, 0, 0
91, 0, 9, 78, 73, 5, 30.71%, 0, 0, 2, 440.68, 39435, 125, 0, 0
96, 0, 9, 78, 73, 5, 30.71%, 0, 0, 2, 454.03, 41715, 125, 0, 0
101, 0, 9, 79, 74, 5, 30.71%, 0, 0, 2, 465.15, 44091, 125, 0, 0
106, 0, 9, 80, 75, 5, 30.71%, 0, 0, 2, 452.08, 46330, 125, 0, 0
111, 0, 9, 81, 76, 5, 30.71%, 0, 0, 2, 446.03, 48659, 125, 0, 0
116, 0, 9, 81, 76, 5, 30.71%, 0, 0, 2, 434.61, 50880, 125, 0, 0
121, 0, 9, 81, 76, 5, 30.71%, 0, 0, 2, 421.14, 52992, 125, 0, 0
126, 0, 11, 100, 93, 29, 34.40%, 0, 0, 2, 399.69, 54991, 140, 0, 0
131, 0, 57, 101, 86, 22, 34.64%, 0, 0, 3, 420.40, 57192, 141, 0, 0
137, 0, 57, 106, 91, 22, 34.64%, 0, 0, 3, 414.73, 59351, 141, 0, 0
142, 0, 57, 108, 93, 22, 34.64%, 0, 0, 3, 423.54, 61469, 141, 0, 0
147, 0, 57, 111, 96, 22, 34.64%, 0, 0, 3, 431.07, 63570, 141, 0, 0
152, 0, 57, 112, 97, 22, 35.63%, 0, 0, 3, 455.13, 65857, 145, 0, 0
157, 0, 57, 113, 98, 22, 35.87%, 0, 0, 3, 440.67, 68152, 146, 0, 0
162, 0, 57, 113, 98, 22, 35.87%, 0, 0, 3, 435.46, 70320, 146, 0, 0
167, 0, 57, 114, 99, 22, 35.87%, 0, 0, 3, 446.40, 72622, 146, 0, 0
172, 0, 57, 115, 100, 22, 35.87%, 0, 0, 3, 467.96, 74978, 146, 0, 0
177, 0, 57, 116, 101, 22, 35.87%, 0, 0, 3, 410.24, 77022, 146, 0, 0
182, 0, 57, 116, 101, 22, 35.87%, 0, 0, 3, 419.04, 79286, 146, 0, 0
187, 0, 57, 116, 101, 22, 35.87%, 0, 0, 3, 425.87, 81423, 146, 0, 0
193, 0, 57, 117, 102, 22, 35.87%, 0, 0, 3, 441.87, 83624, 146, 0, 0
198, 0, 57, 117, 102, 22, 35.87%, 0, 0, 3, 424.08, 85774, 146, 0, 0
203, 0, 115, 125, 109, 21, 35.87%, 0, 0, 4, 449.52, 88064, 146, 0, 0
208, 0, 115, 132, 116, 21, 35.87%, 0, 0, 4, 459.01, 90381, 146, 0, 0
213, 0, 115, 136, 120, 21, 35.87%, 0, 0, 4, 444.15, 92617, 146, 0, 0
218, 0, 115, 141, 125, 21, 35.87%, 0, 0, 4, 418.81, 94724, 146, 0, 0
223, 0, 115, 146, 130, 21, 35.87%, 0, 0, 4, 426.30, 96943, 146, 0, 0
228, 0, 115, 146, 130, 21, 35.87%, 0, 0, 4, 444.69, 99207, 146, 0, 0
233, 0, 115, 148, 132, 21, 35.87%, 0, 0, 4, 444.39, 101389, 146, 0, 0
238, 0, 115, 150, 134, 21, 35.87%, 0, 0, 4, 433.62, 103619, 146, 0, 0
243, 0, 115, 152, 136, 21, 35.87%, 0, 0, 4, 420.94, 105745, 146, 0, 0
248, 0, 115, 152, 136, 21, 35.87%, 0, 0, 4, 442.12, 108049, 146, 0, 0
253, 0, 115, 153, 137, 21, 35.87%, 0, 0, 4, 453.63, 110328, 146, 0, 0
258, 0, 115, 155, 139, 21, 35.87%, 0, 0, 4, 448.02, 112614, 146, 0, 0
264, 0, 115, 156, 140, 21, 35.87%, 0, 0, 4, 479.97, 114966, 146, 0, 0
269, 0, 115, 156, 140, 21, 35.87%, 0, 0, 4, 443.82, 117189, 146, 0, 0
274, 0, 115, 157, 141, 21, 35.87%, 0, 0, 4, 443.87, 119372, 146, 0, 0
279, 0, 115, 157, 141, 21, 35.87%, 0, 0, 4, 419.42, 121412, 146, 0, 0
284, 0, 115, 158, 142, 21, 35.87%, 0, 0, 4, 438.07, 123651, 146, 0, 0
289, 0, 115, 159, 143, 21, 35.87%, 0, 0, 4, 455.13, 125931, 146, 0, 0
294, 0, 115, 159, 143, 21, 35.87%, 0, 0, 4, 373.73, 127905, 146, 0, 0
299, 0, 115, 159, 143, 21, 35.87%, 0, 0, 4, 407.22, 130003, 146, 0, 0
304, 0, 115, 159, 143, 21, 35.87%, 0, 0, 4, 405.38, 132067, 146, 0, 0
309, 0, 115, 159, 143, 21, 35.87%, 0, 0, 4, 395.41, 134066, 146, 0, 0
314, 0, 115, 159, 143, 21, 35.87%, 0, 0, 4, 378.41, 136033, 146, 0, 0
320, 0, 115, 159, 143, 21, 35.87%, 0, 0, 4, 405.76, 138203, 146, 0, 0
325, 0, 111, 159, 141, 17, 35.87%, 0, 0, 4, 415.74, 140330, 146, 0, 0
330, 0, 111, 166, 148, 17, 36.61%, 0, 0, 4, 408.19, 142434, 149, 0, 0
335, 0, 111, 168, 150, 17, 36.61%, 0, 0, 4, 430.98, 144608, 149, 0, 0
340, 0, 111, 168, 150, 17, 36.61%, 0, 0, 4, 437.64, 146872, 149, 0, 0
345, 0, 111, 171, 153, 17, 36.61%, 0, 0, 4, 411.49, 148901, 149, 0, 0
350, 0, 111, 173, 155, 17, 36.61%, 0, 0, 4, 453.07, 151227, 149, 0, 0
355, 0, 111, 173, 155, 17, 36.61%, 0, 0, 4, 443.56, 153379, 149, 0, 0
360, 0, 111, 174, 156, 17, 36.61%, 0, 0, 4, 429.20, 155514, 149, 0, 0
365, 0, 111, 174, 156, 17, 36.61%, 0, 0, 4, 420.14, 157618, 149, 0, 0
370, 0, 111, 175, 157, 17, 36.61%, 0, 0, 4, 411.23, 159681, 149, 0, 0
375, 0, 111, 177, 159, 17, 36.61%, 0, 0, 4, 416.61, 161751, 149, 0, 0
380, 0, 111, 177, 159, 17, 36.61%, 0, 0, 4, 428.70, 163919, 149, 0, 0
385, 0, 111, 177, 159, 17, 36.61%, 0, 0, 4, 477.31, 166294, 149, 0, 0
391, 0, 111, 177, 159, 17, 36.61%, 0, 0, 4, 469.45, 168670, 149, 0, 0
396, 0, 111, 177, 159, 17, 36.61%, 0, 0, 4, 481.86, 171163, 149, 0, 0
401, 0, 111, 177, 159, 17, 36.61%, 0, 0, 4, 442.53, 173343, 149, 0, 0
406, 0, 111, 178, 160, 17, 36.61%, 0, 0, 4, 470.62, 175769, 149, 0, 0
411, 0, 111, 178, 160, 17, 36.61%, 0, 0, 4, 468.39, 178109, 149, 0, 0
416, 0, 111, 178, 160, 17, 36.61%, 0, 0, 4, 464.42, 180423, 149, 0, 0
421, 0, 111, 178, 160, 17, 36.61%, 0, 0, 4, 452.63, 182619, 149, 0, 0
426, 0, 111, 179, 161, 17, 36.61%, 0, 0, 4, 415.51, 184638, 149, 0, 0
431, 0, 111, 180, 162, 17, 36.61%, 0, 0, 4, 400.65, 186605, 149, 0, 0
436, 0, 111, 181, 163, 17, 36.61%, 0, 0, 4, 456.38, 188948, 149, 0, 0
441, 0, 111, 181, 163, 17, 36.61%, 0, 0, 4, 479.90, 191343, 149, 0, 0
446, 0, 84, 186, 167, 18, 37.35%, 1, 0, 4, 462.03, 193665, 152, 1, 0
451, 0, 68, 186, 165, 18, 37.35%, 1, 0, 4, 446.71, 195990, 152, 1, 0
456, 0, 154, 186, 162, 15, 37.35%, 1, 0, 4, 435.36, 198218, 152, 1, 0
461, 0, 166, 188, 162, 13, 37.35%, 1, 0, 5, 428.12, 200385, 152, 1, 0
466, 0, 145, 190, 163, 12, 37.35%, 1, 0, 5, 411.32, 202457, 152, 1, 0
471, 0, 172, 190, 162, 11, 37.35%, 1, 0, 5, 400.33, 204493, 152, 1, 0
476, 0, 15, 191, 160, 9, 37.59%, 1, 0, 5, 408.20, 206569, 153, 1, 0
481, 0, 95, 191, 159, 8, 37.59%, 1, 0, 5, 401.21, 208541, 153, 1, 0
487, 0, 95, 191, 159, 8, 37.59%, 1, 0, 5, 388.28, 210486, 153, 1, 0
492, 0, 95, 191, 159, 8, 37.59%, 1, 0, 5, 383.54, 212430, 153, 1, 0
497, 0, 132, 191, 157, 6, 37.59%, 1, 0, 5, 407.08, 214461, 153, 1, 0
502, 0, 182, 191, 156, 5, 37.59%, 1, 0, 5, 425.88, 216639, 153, 1, 0
507, 0, 184, 195, 159, 4, 37.59%, 1, 0, 5, 449.53, 218867, 153, 1, 0
512, 0, 184, 197, 161, 4, 37.59%, 1, 0, 5, 438.71, 221057, 153, 1, 0
517, 0, 184, 197, 161, 4, 37.59%, 1, 0, 5, 408.55, 223265, 153, 1, 0
522, 0, 184, 197, 161, 4, 37.59%, 1, 0, 5, 433.05, 225577, 153, 1, 0
527, 0, 185, 206, 169, 5, 38.08%, 2, 0, 5, 425.72, 227727, 155, 2, 0
532, 0, 26, 206, 167, 4, 38.08%, 2, 0, 5, 414.01, 229751, 155, 2, 0
537, 0, 196, 206, 163, 1, 38.08%, 2, 0, 5, 473.56, 232155, 155, 2, 0
542, 0, 132, 208, 163, 0, 38.08%, 2, 0, 5, 435.29, 234364, 155, 2, 0
548, 0, 149, 209, 162, 0, 38.08%, 2, 0, 5, 429.95, 236466, 155, 2, 0
553, 0, 171, 209, 158, 0, 38.08%, 2, 0, 5, 445.77, 238829, 155, 2, 0
558, 0, 203, 210, 155, 0, 38.08%, 2, 0, 5, 452.26, 241112, 155, 2, 0
563, 0, 151, 210, 154, 0, 38.08%, 2, 0, 5, 440.69, 243346, 155, 2, 0
568, 0, 151, 213, 157, 0, 38.08%, 2, 0, 5, 457.11, 245627, 155, 2, 0
573, 0, 117, 214, 155, 0, 38.57%, 2, 0, 5, 436.13, 247763, 157, 2, 0
578, 0, 52, 214, 152, 0, 38.57%, 2, 0, 5, 450.20, 250007, 157, 2, 0
583, 0, 195, 215, 150, 0, 38.57%, 2, 0, 5, 434.85, 252143, 157, 2, 0
588, 0, 139, 216, 149, 0, 38.57%, 2, 0, 5, 431.78, 254350, 157, 2, 0
593, 0, 120, 216, 147, 0, 38.57%, 2, 0, 5, 410.31, 256342, 157, 2, 0
598, 0, 86, 216, 146, 0, 38.57%, 2, 0, 5, 416.66, 258501, 157, 2, 0
604, 0, 132, 216, 145, 0, 38.57%, 2, 0, 5, 391.87, 260452, 157, 2, 0
609, 0, 129, 216, 142, 0, 38.57%, 2, 0, 5, 446.99, 262729, 157, 2, 0
614, 0, 191, 217, 141, 0, 38.57%, 2, 0, 5, 421.87, 264872, 157, 2, 0
619, 0, 133, 219, 141, 0, 38.57%, 2, 0, 5, 414.85, 266926, 157, 2, 0
624, 0, 169, 219, 137, 0, 38.57%, 2, 0, 5, 404.75, 268990, 157, 2, 0
629, 0, 98, 220, 136, 0, 38.57%, 2, 0, 5, 412.77, 271134, 157, 2, 0
634, 0, 193, 224, 139, 0, 38.57%, 2, 0, 5, 377.45, 273032, 157, 2, 0
639, 0, 193, 224, 139, 0, 38.57%, 2, 0, 5, 425.88, 275218, 157, 2, 0
644, 0, 193, 226, 141, 0, 38.57%, 2, 0, 5, 411.78, 277328, 157, 2, 0
649, 0, 132, 227, 141, 0, 38.57%, 2, 0, 5, 424.66, 279535, 157, 2, 0
654, 0, 227, 228, 141, 1, 38.82%, 2, 0, 5, 434.62, 281686, 158, 2, 0
659, 0, 228, 230, 142, 2, 40.79%, 2, 0, 5, 422.17, 283770, 166, 2, 0
664, 0, 229, 234, 145, 1, 40.79%, 2, 0, 5, 383.01, 285743, 166, 2, 0
670, 0, 198, 240, 148, 0, 40.79%, 2, 0, 5, 403.76, 287735, 166, 2, 0
675, 0, 218, 240, 144, 0, 40.79%, 2, 0, 5, 429.00, 289965, 166, 2, 0
680, 0, 216, 240, 142, 0, 40.79%, 2, 0, 5, 410.41, 292032, 166, 2, 0
685, 0, 192, 242, 142, 0, 40.79%, 2, 0, 5, 431.01, 294259, 166, 2, 0
690, 0, 15, 242, 138, 0, 40.79%, 2, 0, 5, 418.61, 296465, 166, 2, 0
695, 0, 242, 243, 138, 1, 46.68%, 2, 0, 5, 430.98, 298649, 190, 2, 0
700, 0, 249, 250, 144, 1, 46.68%, 2, 0, 6, 391.15, 300580, 190, 2, 0
705, 0, 242, 273, 164, 0, 46.93%, 2, 0, 6, 420.38, 302706, 191, 2, 0
710, 0, 273, 274, 165, 2, 47.17%, 2, 0, 6, 434.32, 304902, 192, 2, 0
715, 0, 272, 274, 162, 1, 47.17%, 2, 0, 6, 422.21, 307073, 192, 2, 0
720, 0, 275, 277, 164, 4, 48.40%, 2, 0, 7, 414.19, 309182, 197, 2, 0
725, 0, 257, 279, 165, 3, 48.40%, 2, 0, 8, 416.00, 311264, 197, 2, 0
731, 0, 257, 279, 165, 3, 48.40%, 2, 0, 8, 394.25, 313273, 197, 2, 0
736, 0, 276, 279, 162, 1, 48.40%, 2, 0, 8, 374.01, 315192, 197, 2, 0
741, 0, 213, 279, 161, 0, 48.40%, 2, 0, 8, 403.00, 317360, 197, 2, 0
746, 0, 266, 280, 162, 0, 48.40%, 2, 0, 8, 413.73, 319509, 197, 2, 0
751, 0, 266, 281, 163, 0, 48.40%, 2, 0, 8, 406.55, 321516, 197, 2, 0
756, 0, 257, 281, 159, 0, 48.40%, 2, 0, 8, 390.28, 323505, 197, 2, 0
761, 0, 206, 282, 159, 0, 48.40%, 2, 0, 8, 396.83, 325494, 197, 2, 0
766, 0, 260, 283, 157, 0, 48.40%, 2, 0, 8, 419.09, 327672, 197, 2, 0
771, 0, 132, 283, 155, 0, 48.40%, 2, 0, 8, 397.25, 329725, 197, 2, 0
776, 0, 224, 283, 154, 0, 48.40%, 2, 0, 8, 423.93, 331814, 197, 2, 0
782, 0, 196, 285, 154, 0, 48.40%, 2, 0, 8, 410.91, 333861, 197, 2, 0
787, 0, 221, 285, 152, 0, 48.40%, 2, 0, 8, 404.03, 335975, 197, 2, 0
792, 1, 284, 285, 150, 0, 48.40%, 2, 0, 8, 434.87, 338156, 197, 2, 0
797, 1, 220, 285, 147, 0, 48.40%, 2, 0, 8, 409.03, 340204, 197, 2, 0
802, 1, 37, 285, 144, 0, 48.40%, 2, 0, 8, 451.24, 342593, 197, 2, 0
807, 1, 89, 288, 144, 1, 49.14%, 2, 0, 8, 434.95, 344820, 200, 2, 0
812, 1, 96, 288, 142, 0, 49.14%, 2, 0, 8, 431.92, 347035, 200, 2, 0
817, 1, 226, 289, 140, 0, 49.14%, 2, 0, 8, 427.80, 349226, 200, 2, 0
822, 1, 32, 290, 138, 0, 49.14%, 2, 0, 8, 408.95, 351302, 200, 2, 0
827, 1, 231, 290, 136, 0, 49.14%, 2, 0, 8, 443.07, 353642, 200, 2, 0
833, 1, 290, 291, 135, 1, 49.39%, 2, 0, 8, 403.48, 355683, 201, 2, 0
838, 1, 94, 291, 133, 0, 49.39%, 2, 0, 8, 409.22, 357652, 201, 2, 0
843, 1, 267, 291, 130, 0, 49.39%, 2, 0, 8, 418.84, 359826, 201, 2, 0
848, 1, 239, 291, 128, 0, 49.39%, 2, 0, 8, 462.06, 362150, 201, 2, 0
853, 1, 286, 291, 125, 0, 49.39%, 2, 0, 8, 448.81, 364382, 201, 2, 0
858, 1, 143, 291, 121, 0, 49.39%, 2, 0, 8, 446.14, 366570, 201, 2, 0
863, 1, 273, 291, 117, 0, 49.39%, 2, 0, 8, 404.45, 368603, 201, 2, 0
868, 1, 145, 291, 115, 0, 49.39%, 2, 0, 8, 447.54, 370893, 201, 2, 0
873, 1, 149, 291, 113, 0, 49.39%, 2, 0, 8, 462.69, 373192, 201, 2, 0
878, 1, 277, 291, 110, 0, 49.39%, 2, 0, 8, 420.65, 375266, 201, 2, 0
883, 1, 244, 291, 107, 0, 49.39%, 2, 0, 8, 424.60, 377420, 201, 2, 0
888, 1, 91, 292, 104, 0, 49.39%, 2, 0, 8, 408.41, 379497, 201, 2, 0
893, 1, 0, 292, 102, 0, 49.39%, 2, 0, 8, 433.46, 381668, 201, 2, 0
898, 1, 247, 292, 98, 0, 49.39%, 2, 0, 8, 428.57, 383758, 201, 2, 0
904, 1, 292, 294, 99, 2, 49.63%, 2, 0, 8, 435.33, 385968, 202, 2, 0
904, 1, 292, 294, 99, 2, 49.63%, 2, 0, 8, 408.09, 386231, 202, 2, 0
