# relative_time, cycles_done, cur_item, corpus_count, pending_total, pending_favs, map_size, saved_crashes, saved_hangs, max_depth, execs_per_sec, total_execs, edges_found, total_crashes, servers_count
60, 0, 9, 94, 89, 4, 31.94%, 0, 0, 2, 413.02, 25388, 130, 0, 0
66, 0, 9, 97, 92, 4, 31.94%, 0, 0, 2, 386.86, 27453, 130, 0, 0
71, 0, 9, 100, 95, 4, 31.94%, 0, 0, 2, 414.01, 29663, 130, 0, 0
76, 0, 9, 101, 96, 4, 31.94%, 0, 0, 2, 416.86, 31766, 130, 0, 0
81, 0, 9, 103, 98, 4, 31.94%, 0, 0, 2, 401.56, 33796, 130, 0, 0
86, 0, 9, 104, 99, 4, 31.94%, 0, 0, 2, 438.11, 36051, 130, 0, 0
91, 0, 9, 105, 100, 4, 31.94%, 0, 0, 2, 448.48, 38236, 130, 0, 0
96, 0, 9, 106, 101, 4, 31.94%, 0, 0, 2, 420.81, 40289, 130, 0, 0
101, 0, 9, 107, 102, 4, 31.94%, 0, 0, 2, 453.43, 42577, 130, 0, 0
106, 0, 9, 107, 102, 4, 31.94%, 0, 0, 2, 431.81, 44801, 130, 0, 0
111, 0, 9, 107, 102, 4, 31.94%, 0, 0, 2, 441.60, 47033, 130, 0, 0
117, 0, 9, 107, 102, 4, 31.94%, 0, 0, 2, 434.39, 49329, 130, 0, 0
122, 0, 9, 109, 104, 4, 31.94%, 0, 0, 2, 436.97, 51549, 130, 0, 0
127, 0, 9, 109, 104, 4, 31.94%, 0, 0, 2, 443.18, 53759, 130, 0, 0
132, 0, 14, 124, 113, 23, 34.15%, 0, 0, 3, 415.76, 55880, 139, 0, 0
137, 0, 3, 125, 110, 20, 34.40%, 0, 0, 3, 461.09, 58248, 140, 0, 0
142, 0, 7, 131, 114, 18, 36.61%, 0, 0, 3, 448.47, 60495, 149, 0, 0
147, 0, 126, 137, 119, 21, 37.35%, 0, 0, 3, 419.29, 62635, 152, 0, 0
152, 0, 79, 142, 123, 22, 37.35%, 0, 0, 3, 418.87, 64754, 152, 0, 0
157, 0, 79, 144, 125, 22, 37.35%, 0, 0, 3, 433.30, 66936, 152, 0, 0
162, 0, 79, 144, 125, 22, 37.35%, 0, 0, 3, 426.49, 69025, 152, 0, 0
167, 0, 79, 144, 125, 22, 37.35%, 0, 0, 3, 403.77, 71081, 152, 0, 0
173, 0, 79, 144, 125, 22, 37.35%, 0, 0, 3, 407.95, 73169, 152, 0, 0
178, 0, 79, 144, 125, 22, 37.35%, 0, 0, 3, 419.87, 75289, 152, 0, 0
183, 0, 79, 144, 125, 22, 37.35%, 0, 0, 3, 386.90, 77261, 152, 0, 0
188, 0, 79, 144, 125, 22, 37.35%, 0, 0, 3, 407.38, 79378, 152, 0, 0
193, 0, 79, 144, 125, 22, 37.35%, 0, 0, 3, 416.27, 81538, 152, 0, 0
198, 0, 144, 145, 123, 20, 37.35%, 0, 0, 3, 419.30, 83753, 152, 0, 0
203, 0, 73, 148, 124, 18, 37.35%, 0, 0, 4, 418.39, 85923, 152, 0, 0
208, 0, 73, 153, 129, 18, 38.08%, 0, 0, 4, 446.97, 88193, 155, 0, 0
213, 0, 73, 155, 131, 18, 38.08%, 0, 0, 4, 430.57, 90359, 155, 0, 0
218, 0, 73, 158, 134, 18, 38.08%, 0, 0, 4, 433.51, 92604, 155, 0, 0
223, 0, 73, 159, 135, 18, 38.08%, 0, 0, 4, 440.82, 94811, 155, 0, 0
229, 0, 73, 161, 137, 18, 38.08%, 0, 0, 4, 428.21, 96993, 155, 0, 0
234, 0, 73, 162, 138, 18, 38.08%, 0, 0, 4, 419.42, 99152, 155, 0, 0
239, 0, 73, 162, 138, 18, 38.08%, 0, 0, 4, 418.20, 101160, 155, 0, 0
244, 0, 73, 163, 139, 18, 38.08%, 0, 0, 4, 422.83, 103327, 155, 0, 0
249, 0, 73, 163, 139, 18, 38.08%, 0, 0, 4, 416.48, 105423, 155, 0, 0
254, 0, 73, 164, 140, 18, 38.08%, 0, 0, 4, 429.85, 107598, 155, 0, 0
259, 0, 73, 165, 141, 18, 38.08%, 0, 0, 4, 418.04, 109773, 155, 0, 0
264, 0, 73, 166, 142, 18, 38.08%, 0, 0, 4, 416.17, 111876, 155, 0, 0
269, 0, 73, 167, 143, 18, 38.08%, 0, 0, 4, 452.38, 114099, 155, 0, 0
274, 0, 73, 167, 143, 18, 38.08%, 0, 0, 4, 398.09, 116022, 155, 0, 0
279, 0, 73, 167, 143, 18, 38.08%, 0, 0, 4, 426.56, 118172, 155, 0, 0
284, 0, 73, 167, 143, 18, 38.08%, 0, 0, 4, 398.97, 120314, 155, 0, 0
290, 0, 73, 167, 143, 18, 38.08%, 0, 0, 4, 440.90, 122676, 155, 0, 0
295, 0, 73, 167, 143, 18, 38.08%, 0, 0, 4, 422.71, 124796, 155, 0, 0
300, 0, 54, 170, 142, 15, 38.08%, 0, 0, 4, 413.81, 126822, 155, 0, 0
305, 0, 130, 170, 138, 11, 38.08%, 0, 0, 4, 425.93, 129012, 155, 0, 0
310, 0, 135, 172, 138, 9, 38.08%, 0, 0, 4, 444.50, 131313, 155, 0, 0
315, 0, 135, 177, 143, 9, 38.08%, 1, 0, 4, 413.54, 133375, 155, 1, 0
320, 0, 135, 177, 143, 9, 38.08%, 1, 0, 4, 443.34, 135711, 155, 1, 0
325, 0, 135, 178, 144, 9, 38.08%, 1, 0, 4, 410.03, 137742, 155, 1, 0
330, 0, 135, 180, 146, 9, 39.07%, 1, 0, 4, 408.04, 139860, 159, 1, 0
335, 0, 135, 181, 147, 9, 39.07%, 1, 0, 4, 416.88, 141971, 159, 1, 0
340, 0, 135, 181, 147, 9, 39.07%, 1, 0, 4, 405.48, 144011, 159, 1, 0
345, 0, 135, 181, 147, 9, 39.07%, 1, 0, 4, 405.40, 146051, 159, 1, 0
350, 0, 135, 181, 147, 9, 39.07%, 1, 0, 4, 408.42, 148083, 159, 1, 0
355, 0, 135, 182, 148, 9, 39.07%, 1, 0, 4, 406.28, 150138, 159, 1, 0
360, 0, 135, 182, 148, 9, 39.07%, 1, 0, 4, 416.15, 152242, 159, 1, 0
365, 0, 135, 183, 149, 9, 39.07%, 1, 0, 4, 449.81, 154473, 159, 1, 0
371, 0, 135, 183, 149, 9, 39.07%, 1, 0, 4, 413.95, 156585, 159, 1, 0
376, 0, 135, 183, 149, 9, 39.07%, 1, 0, 4, 422.20, 158737, 159, 1, 0
381, 0, 135, 183, 149, 9, 39.07%, 1, 0, 4, 418.56, 160865, 159, 1, 0
386, 0, 135, 185, 151, 9, 39.07%, 1, 0, 4, 427.08, 163047, 159, 1, 0
391, 0, 135, 185, 151, 9, 39.07%, 1, 0, 4, 417.64, 165167, 159, 1, 0
396, 0, 135, 185, 151, 9, 39.07%, 1, 0, 4, 379.39, 167068, 159, 1, 0
401, 0, 135, 185, 151, 9, 39.07%, 1, 0, 4, 408.53, 169183, 159, 1, 0
406, 0, 112, 185, 149, 9, 39.07%, 1, 0, 4, 396.42, 171227, 159, 1, 0
411, 0, 115, 185, 148, 8, 39.07%, 1, 0, 4, 379.67, 173149, 159, 1, 0
416, 0, 115, 185, 148, 8, 39.07%, 1, 0, 4, 380.36, 175039, 159, 1, 0
421, 0, 132, 185, 145, 5, 39.07%, 1, 0, 4, 412.11, 177145, 159, 1, 0
427, 0, 132, 186, 146, 5, 39.07%, 1, 0, 4, 421.10, 179204, 159, 1, 0
432, 0, 178, 191, 150, 4, 39.07%, 1, 0, 5, 446.35, 181465, 159, 1, 0
437, 0, 143, 194, 152, 3, 39.07%, 1, 0, 5, 406.04, 183499, 159, 1, 0
442, 0, 3, 194, 149, 0, 39.07%, 1, 0, 5, 449.28, 185847, 159, 1, 0
447, 0, 181, 194, 146, 0, 39.07%, 1, 0, 5, 463.28, 188128, 159, 1, 0
452, 0, 156, 194, 143, 0, 39.07%, 1, 0, 5, 433.06, 190311, 159, 1, 0
457, 0, 113, 194, 140, 0, 39.07%, 1, 0, 5, 408.70, 192399, 159, 1, 0
462, 0, 194, 195, 140, 1, 39.31%, 1, 0, 5, 407.02, 194519, 160, 1, 0
467, 0, 121, 196, 139, 0, 39.31%, 1, 0, 6, 432.52, 196741, 160, 1, 0
472, 0, 99, 196, 135, 0, 39.31%, 1, 0, 6, 453.96, 199027, 160, 1, 0
477, 0, 29, 205, 143, 0, 39.31%, 1, 0, 6, 429.71, 201163, 160, 1, 0
482, 0, 197, 206, 142, 0, 39.31%, 1, 0, 6, 435.47, 203375, 160, 1, 0
488, 0, 28, 206, 139, 0, 39.31%, 1, 0, 6, 436.69, 205603, 160, 1, 0
493, 0, 178, 206, 137, 0, 39.31%, 1, 0, 6, 424.51, 207817, 160, 1, 0
498, 0, 111, 206, 136, 0, 39.31%, 1, 0, 6, 413.33, 209515, 160, 1, 0
503, 0, 93, 206, 134, 0, 39.31%, 1, 0, 6, 442.97, 211790, 160, 1, 0
508, 0, 35, 206, 132, 0, 39.31%, 1, 0, 6, 438.68, 214018, 160, 1, 0
513, 0, 155, 206, 130, 0, 39.31%, 1, 0, 6, 416.94, 216129, 160, 1, 0
518, 0, 0, 206, 128, 0, 39.31%, 1, 0, 6, 417.34, 218261, 160, 1, 0
523, 0, 155, 206, 126, 0, 39.31%, 1, 0, 6, 419.86, 220383, 160, 1, 0
528, 0, 126, 207, 122, 0, 39.31%, 1, 0, 6, 439.90, 222574, 160, 1, 0
533, 1, 96, 208, 120, 0, 39.31%, 1, 0, 6, 423.65, 224710, 160, 1, 0
538, 1, 78, 208, 115, 0, 39.31%, 1, 0, 6, 428.49, 226874, 160, 1, 0
543, 1, 162, 208, 109, 0, 39.31%, 1, 0, 6, 403.65, 228899, 160, 1, 0
549, 1, 177, 209, 107, 0, 39.31%, 1, 0, 6, 439.99, 231209, 160, 1, 0
554, 1, 187, 209, 105, 0, 39.31%, 1, 0, 6, 427.09, 233321, 160, 1, 0
559, 1, 120, 210, 105, 0, 39.31%, 1, 0, 6, 430.97, 235552, 160, 1, 0
564, 1, 117, 210, 102, 0, 39.31%, 1, 0, 6, 432.86, 237801, 160, 1, 0
569, 1, 144, 211, 99, 0, 39.31%, 1, 0, 6, 427.26, 239995, 160, 1, 0
574, 1, 208, 211, 94, 0, 39.31%, 1, 0, 6, 419.05, 242109, 160, 1, 0
579, 1, 170, 212, 94, 0, 39.31%, 1, 0, 6, 400.64, 244161, 160, 1, 0
584, 1, 115, 212, 90, 0, 39.31%, 1, 0, 6, 414.44, 246266, 160, 1, 0
589, 1, 43, 212, 87, 0, 39.31%, 1, 0, 6, 417.27, 248429, 160, 1, 0
594, 1, 28, 212, 82, 0, 39.31%, 1, 0, 6, 415.94, 250480, 160, 1, 0
600, 1, 114, 212, 80, 0, 39.31%, 1, 0, 6, 423.39, 252649, 160, 1, 0
605, 1, 211, 214, 80, 0, 39.56%, 1, 0, 7, 423.55, 254803, 161, 1, 0
610, 1, 32, 214, 76, 0, 39.56%, 1, 0, 7, 419.13, 256908, 161, 1, 0
615, 1, 215, 216, 74, 1, 39.80%, 1, 0, 7, 478.63, 259347, 162, 1, 0
620, 1, 8, 216, 71, 0, 39.80%, 1, 0, 7, 484.29, 261737, 162, 1, 0
625, 1, 132, 216, 68, 0, 39.80%, 1, 0, 7, 443.08, 263916, 162, 1, 0
630, 1, 11, 216, 64, 0, 39.80%, 1, 0, 7, 441.77, 266159, 162, 1, 0
635, 1, 153, 217, 62, 0, 39.80%, 1, 0, 7, 437.64, 268348, 162, 1, 0
640, 1, 200, 218, 60, 0, 39.80%, 1, 0, 7, 428.27, 270478, 162, 1, 0
645, 1, 209, 219, 60, 0, 39.80%, 1, 0, 7, 433.33, 272786, 162, 1, 0
650, 1, 186, 219, 59, 0, 39.80%, 1, 0, 7, 388.62, 274719, 162, 1, 0
655, 1, 118, 220, 59, 0, 39.80%, 1, 0, 7, 422.58, 276888, 162, 1, 0
660, 1, 176, 221, 56, 0, 39.80%, 1, 0, 7, 435.68, 279064, 162, 1, 0
665, 1, 175, 221, 55, 0, 39.80%, 1, 0, 7, 442.55, 281301, 162, 1, 0
670, 1, 55, 221, 51, 0, 39.80%, 1, 0, 7, 420.86, 283448, 162, 1, 0
676, 1, 140, 221, 50, 0, 39.80%, 1, 0, 7, 411.86, 285547, 162, 1, 0
681, 1, 37, 221, 47, 0, 39.80%, 1, 0, 7, 412.62, 287711, 162, 1, 0
686, 1, 130, 221, 43, 0, 39.80%, 1, 0, 7, 418.56, 289865, 162, 1, 0
691, 2, 137, 260, 80, 0, 42.51%, 1, 0, 7, 435.77, 292028, 173, 1, 0
696, 2, 253, 260, 79, 9, 42.51%, 1, 0, 7, 434.42, 294204, 173, 1, 0
701, 2, 237, 260, 77, 7, 42.51%, 1, 0, 7, 430.93, 296385, 173, 1, 0
706, 2, 246, 260, 73, 3, 42.51%, 1, 0, 7, 425.87, 298614, 173, 1, 0
711, 2, 230, 260, 70, 1, 42.51%, 1, 0, 7, 411.63, 300682, 173, 1, 0
716, 2, 240, 260, 68, 0, 42.51%, 1, 0, 7, 405.76, 302749, 173, 1, 0
722, 2, 179, 261, 66, 0, 42.51%, 1, 0, 7, 427.57, 304947, 173, 1, 0
727, 2, 211, 261, 61, 0, 42.51%, 1, 0, 7, 434.86, 307112, 173, 1, 0
732, 2, 67, 262, 60, 0, 42.51%, 1, 0, 7, 421.46, 309225, 173, 1, 0
737, 2, 227, 262, 57, 0, 42.51%, 1, 0, 7, 413.96, 311276, 173, 1, 0
742, 2, 122, 262, 53, 0, 42.51%, 1, 0, 7, 426.98, 313474, 173, 1, 0
747, 2, 153, 262, 50, 0, 42.51%, 1, 0, 7, 431.22, 315596, 173, 1, 0
752, 2, 261, 262, 47, 0, 42.51%, 1, 0, 7, 416.17, 317690, 173, 1, 0
757, 2, 124, 262, 44, 0, 42.51%, 1, 0, 7, 438.58, 319982, 173, 1, 0
762, 2, 115, 262, 40, 0, 42.51%, 1, 0, 7, 423.45, 322165, 173, 1, 0
767, 2, 100, 262, 38, 0, 42.51%, 1, 0, 7, 406.49, 324131, 173, 1, 0
772, 2, 137, 262, 35, 0, 42.51%, 1, 0, 7, 463.53, 326621, 173, 1, 0
777, 2, 137, 262, 34, 0, 42.51%, 1, 0, 7, 412.25, 328634, 173, 1, 0
783, 2, 128, 262, 30, 0, 42.51%, 1, 0, 7, 429.35, 330872, 173, 1, 0
788, 2, 152, 262, 28, 0, 42.51%, 1, 0, 7, 435.69, 333065, 173, 1, 0
793, 2, 137, 263, 27, 0, 42.75%, 1, 0, 7, 421.35, 335177, 174, 1, 0
798, 2, 224, 263, 25, 0, 42.75%, 1, 0, 7, 448.58, 337433, 174, 1, 0
803, 2, 182, 264, 25, 0, 42.75%, 1, 0, 7, 429.39, 339571, 174, 1, 0
808, 2, 101, 264, 22, 0, 42.75%, 1, 0, 7, 416.00, 341662, 174, 1, 0
813, 2, 257, 264, 20, 0, 42.75%, 1, 0, 7, 400.25, 343698, 174, 1, 0
818, 2, 245, 264, 18, 0, 42.75%, 1, 0, 7, 426.72, 345933, 174, 1, 0
823, 2, 244, 264, 16, 0, 42.75%, 1, 0, 7, 424.79, 348127, 174, 1, 0
828, 2, 246, 264, 15, 0, 42.75%, 1, 0, 7, 417.90, 350274, 174, 1, 0
833, 2, 194, 264, 14, 0, 42.75%, 1, 0, 7, 409.56, 352334, 174, 1, 0
839, 3, 271, 272, 20, 0, 42.75%, 1, 0, 7, 430.38, 354530, 174, 1, 0
844, 3, 15, 273, 19, 0, 42.75%, 1, 0, 7, 429.44, 356759, 174, 1, 0
849, 3, 268, 273, 16, 0, 42.75%, 1, 0, 7, 429.64, 358903, 174, 1, 0
854, 3, 165, 273, 15, 0, 42.75%, 1, 0, 7, 433.10, 360992, 174, 1, 0
859, 3, 256, 274, 13, 0, 42.75%, 1, 0, 7, 428.11, 363158, 174, 1, 0
864, 3, 224, 274, 11, 0, 42.75%, 1, 0, 7, 419.62, 365295, 174, 1, 0
869, 3, 262, 274, 10, 0, 42.75%, 1, 0, 7, 413.48, 367416, 174, 1, 0
874, 3, 251, 275, 11, 0, 42.75%, 1, 0, 7, 395.42, 369387, 174, 1, 0
879, 3, 176, 275, 10, 0, 42.75%, 1, 0, 7, 427.56, 371574, 174, 1, 0
884, 3, 274, 276, 10, 0, 42.75%, 1, 0, 7, 428.30, 373759, 174, 1, 0
889, 3, 144, 277, 8, 0, 42.75%, 1, 0, 7, 430.36, 375951, 174, 1, 0
895, 3, 256, 277, 7, 0, 42.75%, 1, 0, 7, 437.05, 378182, 174, 1, 0
900, 3, 188, 277, 6, 0, 42.75%, 1, 0, 7, 417.56, 380323, 174, 1, 0
904, 3, 224, 277, 6, 0, 42.75%, 1, 0, 7, 379.28, 382129, 174, 1, 0
