# relative_time, cycles_done, cur_item, corpus_count, pending_total, pending_favs, map_size, saved_crashes, saved_hangs, max_depth, execs_per_sec, total_execs, edges_found, total_crashes, servers_count
61, 0, 9, 92, 87, 5, 30.96%, 0, 0, 2, 428.76, 27117, 126, 0, 0
66, 0, 9, 95, 90, 5, 30.96%, 0, 0, 2, 429.23, 29306, 126, 0, 0
71, 0, 9, 95, 90, 5, 30.96%, 0, 0, 2, 408.87, 31322, 126, 0, 0
76, 0, 9, 98, 93, 5, 30.96%, 0, 0, 2, 418.66, 33447, 126, 0, 0
81, 0, 9, 99, 94, 5, 30.96%, 0, 0, 2, 446.48, 35758, 126, 0, 0
86, 0, 9, 101, 96, 5, 30.96%, 0, 0, 2, 444.09, 38004, 126, 0, 0
91, 0, 9, 103, 98, 5, 31.94%, 0, 0, 2, 392.35, 39953, 130, 0, 0
96, 0, 9, 104, 99, 5, 31.94%, 0, 0, 2, 422.92, 42121, 130, 0, 0
101, 0, 9, 106, 101, 5, 31.94%, 0, 0, 2, 410.94, 44267, 130, 0, 0
106, 0, 9, 106, 101, 5, 31.94%, 0, 0, 2, 413.54, 46443, 130, 0, 0
112, 0, 9, 107, 102, 5, 31.94%, 0, 0, 2, 415.36, 48530, 130, 0, 0
117, 0, 9, 107, 102, 5, 31.94%, 0, 0, 2, 422.36, 50754, 130, 0, 0
122, 0, 9, 108, 103, 5, 31.94%, 0, 0, 2, 339.60, 52291, 130, 0, 0
127, 0, 9, 109, 104, 5, 31.94%, 0, 0, 2, 400.49, 54341, 130, 0, 0
132, 0, 109, 131, 118, 22, 36.36%, 0, 0, 3, 430.47, 56501, 148, 0, 0
137, 0, 123, 132, 118, 21, 36.36%, 0, 0, 3, 414.26, 58631, 148, 0, 0
142, 0, 123, 132, 118, 21, 36.36%, 0, 0, 3, 390.73, 60588, 148, 0, 0
147, 0, 123, 132, 118, 21, 36.36%, 0, 0, 3, 371.52, 62465, 148, 0, 0
152, 0, 0, 133, 118, 20, 36.86%, 0, 0, 3, 404.31, 64481, 150, 0, 0
157, 0, 32, 138, 121, 19, 36.86%, 0, 0, 3, 419.68, 66645, 150, 0, 0
162, 0, 110, 151, 133, 19, 40.05%, 0, 0, 3, 436.15, 68826, 163, 0, 0
168, 0, 146, 151, 132, 25, 40.05%, 0, 0, 3, 422.42, 70963, 163, 0, 0
173, 0, 144, 153, 131, 23, 40.29%, 0, 0, 3, 440.54, 73174, 164, 0, 0
178, 0, 151, 153, 129, 21, 40.29%, 0, 0, 3, 403.79, 75175, 164, 0, 0
183, 0, 53, 153, 127, 19, 40.29%, 0, 0, 3, 434.19, 77406, 164, 0, 0
188, 0, 82, 155, 127, 17, 40.29%, 0, 0, 3, 430.75, 79607, 164, 0, 0
193, 0, 102, 159, 129, 15, 41.03%, 0, 0, 3, 432.51, 81881, 167, 0, 0
198, 0, 102, 168, 138, 15, 41.03%, 0, 0, 3, 445.62, 84123, 167, 0, 0
203, 0, 102, 170, 140, 15, 41.03%, 0, 0, 3, 444.53, 86297, 167, 0, 0
208, 0, 102, 175, 145, 15, 41.03%, 0, 0, 3, 436.83, 88300, 167, 0, 0
213, 0, 102, 179, 149, 15, 41.03%, 0, 0, 3, 434.55, 90496, 167, 0, 0
219, 0, 102, 187, 157, 15, 41.03%, 0, 0, 3, 489.05, 93155, 167, 0, 0
224, 0, 102, 188, 158, 15, 41.28%, 0, 0, 3, 442.46, 95319, 168, 0, 0
229, 0, 102, 189, 159, 15, 41.28%, 0, 0, 3, 411.91, 97446, 168, 0, 0
234, 0, 102, 189, 159, 15, 41.28%, 0, 0, 3, 416.02, 99520, 168, 0, 0
239, 0, 102, 189, 159, 15, 41.28%, 0, 0, 3, 427.91, 101728, 168, 0, 0
244, 0, 102, 189, 159, 15, 41.28%, 0, 0, 3, 426.20, 103848, 168, 0, 0
249, 0, 102, 190, 160, 15, 41.28%, 0, 0, 3, 417.57, 106031, 168, 0, 0
254, 0, 102, 191, 161, 15, 41.28%, 0, 0, 3, 435.34, 108238, 168, 0, 0
259, 0, 102, 191, 161, 15, 41.28%, 0, 0, 3, 444.27, 110399, 168, 0, 0
264, 0, 102, 191, 161, 15, 41.28%, 0, 0, 3, 389.25, 112378, 168, 0, 0
269, 0, 102, 191, 161, 15, 41.28%, 0, 0, 3, 410.47, 114431, 168, 0, 0
274, 0, 102, 192, 162, 15, 41.28%, 0, 0, 3, 419.63, 116614, 168, 0, 0
280, 0, 102, 192, 162, 15, 41.28%, 0, 0, 3, 457.65, 118933, 168, 0, 0
285, 0, 141, 192, 161, 17, 41.28%, 0, 0, 3, 418.06, 121030, 168, 0, 0
290, 0, 7, 192, 158, 14, 41.28%, 0, 0, 3, 417.74, 123165, 168, 0, 0
295, 0, 197, 198, 162, 16, 43.49%, 0, 0, 3, 443.69, 125407, 177, 0, 0
300, 0, 194, 199, 161, 14, 43.73%, 0, 0, 3, 412.96, 127511, 178, 0, 0
305, 0, 194, 209, 171, 14, 44.23%, 1, 0, 3, 422.71, 129697, 180, 1, 0
310, 0, 194, 210, 172, 14, 44.23%, 1, 0, 3, 415.14, 131824, 180, 1, 0
315, 0, 194, 211, 173, 14, 44.23%, 1, 0, 3, 406.46, 133855, 180, 1, 0
320, 0, 194, 212, 174, 14, 44.23%, 1, 0, 3, 431.98, 136054, 180, 1, 0
325, 0, 194, 212, 174, 14, 44.23%, 1, 0, 3, 436.58, 138254, 180, 1, 0
330, 0, 194, 212, 174, 14, 44.23%, 1, 0, 3, 411.74, 140286, 180, 1, 0
335, 0, 194, 213, 175, 14, 44.23%, 1, 0, 3, 394.09, 142299, 180, 1, 0
341, 0, 194, 215, 177, 14, 44.23%, 1, 0, 3, 415.54, 144443, 180, 1, 0
346, 0, 194, 216, 178, 14, 44.23%, 1, 0, 3, 415.55, 146570, 180, 1, 0
351, 0, 194, 217, 179, 14, 44.23%, 1, 0, 3, 429.51, 148737, 180, 1, 0
356, 0, 194, 217, 179, 14, 44.23%, 1, 0, 3, 414.52, 150801, 180, 1, 0
361, 0, 194, 218, 180, 14, 44.23%, 1, 0, 3, 413.28, 152904, 180, 1, 0
366, 0, 194, 219, 181, 14, 44.96%, 1, 0, 3, 440.26, 155226, 183, 1, 0
371, 0, 194, 219, 181, 14, 44.96%, 1, 0, 3, 424.27, 157416, 183, 1, 0
376, 0, 194, 219, 181, 14, 44.96%, 1, 0, 3, 392.99, 159380, 183, 1, 0
381, 0, 194, 222, 184, 14, 44.96%, 1, 0, 3, 411.56, 161485, 183, 1, 0
386, 0, 194, 222, 184, 14, 44.96%, 1, 0, 3, 442.85, 163821, 183, 1, 0
391, 0, 194, 223, 185, 14, 44.96%, 1, 0, 3, 471.32, 166261, 183, 1, 0
396, 0, 198, 224, 184, 12, 44.96%, 1, 0, 4, 425.12, 168434, 183, 1, 0
402, 0, 218, 225, 182, 9, 44.96%, 1, 0, 4, 441.20, 170645, 183, 1, 0
407, 0, 30, 225, 178, 5, 44.96%, 1, 0, 4, 465.45, 173072, 183, 1, 0
412, 0, 74, 227, 177, 3, 44.96%, 1, 0, 4, 463.53, 175360, 183, 1, 0
417, 0, 199, 228, 176, 1, 44.96%, 1, 0, 4, 483.90, 177807, 183, 1, 0
422, 0, 117, 228, 171, 0, 44.96%, 1, 0, 4, 479.18, 180167, 183, 1, 0
427, 0, 201, 235, 177, 0, 44.96%, 1, 0, 4, 530.41, 182991, 183, 1, 0
432, 0, 201, 239, 181, 0, 44.96%, 1, 0, 4, 509.17, 185682, 183, 1, 0
437, 0, 201, 243, 185, 0, 44.96%, 1, 0, 4, 490.34, 188150, 183, 1, 0
442, 0, 201, 245, 187, 0, 44.96%, 1, 0, 4, 462.04, 190452, 183, 1, 0
447, 0, 114, 245, 184, 0, 44.96%, 1, 0, 4, 463.60, 192858, 183, 1, 0
452, 0, 130, 245, 180, 0, 44.96%, 1, 0, 4, 443.36, 195093, 183, 1, 0
457, 0, 217, 245, 178, 0, 44.96%, 1, 0, 4, 497.16, 197687, 183, 1, 0
462, 0, 229, 245, 175, 0, 44.96%, 1, 0, 4, 444.66, 199875, 183, 2, 0
468, 0, 236, 245, 173, 0, 44.96%, 1, 0, 4, 435.23, 202143, 183, 2, 0
473, 0, 126, 245, 171, 0, 44.96%, 1, 0, 4, 424.58, 204322, 183, 2, 0
478, 0, 245, 246, 169, 1, 45.21%, 1, 0, 4, 470.91, 206692, 184, 2, 0
483, 0, 221, 246, 166, 0, 45.21%, 1, 0, 4, 476.73, 209118, 184, 2, 0
488, 0, 246, 247, 163, 1, 47.17%, 1, 0, 4, 470.78, 211510, 192, 2, 0
493, 0, 246, 268, 184, 1, 47.67%, 1, 0, 4, 442.72, 213778, 194, 2, 0
498, 0, 261, 270, 184, 2, 47.67%, 1, 0, 5, 429.78, 215965, 194, 2, 0
503, 0, 189, 272, 183, 0, 47.67%, 1, 0, 5, 412.46, 218020, 194, 2, 0
508, 0, 183, 273, 183, 0, 47.67%, 1, 0, 5, 436.89, 220259, 194, 2, 0
513, 0, 23, 273, 180, 0, 47.67%, 1, 0, 5, 428.41, 222339, 194, 2, 0
519, 0, 255, 273, 178, 0, 47.67%, 1, 0, 5, 418.07, 224443, 194, 2, 0
524, 0, 179, 275, 179, 0, 47.67%, 1, 0, 5, 415.88, 226532, 194, 2, 0
529, 0, 144, 275, 176, 0, 47.67%, 1, 0, 5, 405.58, 228562, 194, 2, 0
534, 0, 261, 275, 174, 0, 47.67%, 1, 0, 5, 418.53, 230686, 194, 2, 0
539, 0, 157, 276, 173, 0, 47.67%, 1, 0, 5, 407.05, 232756, 194, 2, 0
544, 0, 185, 276, 169, 0, 47.67%, 1, 0, 5, 404.24, 234812, 194, 2, 0
549, 0, 237, 277, 170, 0, 47.67%, 1, 0, 5, 393.77, 236787, 194, 2, 0
554, 0, 220, 279, 170, 0, 47.67%, 1, 0, 5, 396.45, 238754, 194, 2, 0
559, 0, 150, 280, 169, 0, 47.67%, 1, 0, 5, 422.37, 240975, 194, 2, 0
564, 0, 263, 280, 168, 0, 47.67%, 1, 0, 5, 417.12, 243051, 194, 2, 0
569, 0, 145, 280, 166, 0, 47.67%, 1, 0, 5, 411.17, 245159, 194, 2, 0
574, 0, 75, 280, 164, 0, 47.67%, 1, 0, 5, 440.73, 247442, 194, 2, 0
580, 0, 123, 281, 163, 0, 47.67%, 1, 0, 5, 415.94, 249539, 194, 2, 0
585, 0, 20, 281, 161, 0, 47.67%, 1, 0, 5, 444.05, 251743, 194, 2, 0
590, 0, 276, 281, 158, 0, 47.67%, 1, 0, 5, 428.30, 253917, 194, 2, 0
595, 0, 212, 281, 156, 0, 47.67%, 1, 0, 5, 440.70, 256251, 194, 2, 0
600, 0, 254, 281, 154, 0, 47.67%, 1, 0, 5, 402.86, 258257, 194, 2, 0
605, 0, 56, 281, 150, 0, 47.67%, 1, 0, 5, 406.37, 260353, 194, 2, 0
610, 1, 277, 285, 153, 0, 47.67%, 1, 0, 5, 402.48, 262377, 194, 2, 0
615, 1, 277, 289, 157, 0, 47.67%, 1, 0, 5, 444.91, 264629, 194, 2, 0
620, 1, 277, 289, 157, 0, 47.67%, 1, 0, 5, 429.62, 266781, 194, 2, 0
625, 1, 277, 289, 157, 0, 47.67%, 1, 0, 5, 434.37, 268981, 194, 2, 0
630, 1, 277, 289, 157, 0, 47.67%, 2, 0, 5, 459.46, 271201, 194, 3, 0
635, 1, 277, 289, 157, 0, 47.67%, 2, 0, 5, 427.37, 273333, 194, 3, 0
641, 1, 153, 290, 153, 0, 47.67%, 2, 0, 5, 426.06, 275552, 194, 3, 0
646, 1, 244, 290, 151, 0, 47.67%, 2, 0, 5, 438.99, 277802, 194, 3, 0
651, 1, 100, 290, 148, 0, 47.67%, 2, 0, 5, 447.49, 280154, 194, 3, 0
656, 1, 241, 290, 144, 0, 47.67%, 2, 0, 5, 426.74, 282304, 194, 3, 0
661, 1, 66, 290, 140, 0, 47.67%, 2, 0, 5, 413.91, 284414, 194, 3, 0
666, 1, 39, 290, 137, 0, 47.67%, 2, 0, 5, 429.02, 286528, 194, 3, 0
671, 1, 257, 290, 134, 0, 47.67%, 2, 0, 5, 418.68, 288606, 194, 3, 0
676, 1, 116, 291, 132, 0, 47.67%, 2, 0, 5, 423.90, 290738, 194, 3, 0
681, 1, 8, 291, 128, 0, 47.67%, 2, 0, 5, 423.54, 292953, 194, 3, 0
687, 1, 291, 292, 127, 1, 47.91%, 2, 0, 5, 437.92, 295211, 195, 3, 0
692, 1, 131, 292, 126, 0, 47.91%, 2, 0, 5, 406.62, 297209, 195, 3, 0
697, 1, 273, 292, 122, 0, 47.91%, 2, 0, 5, 440.63, 299464, 195, 3, 0
702, 1, 213, 292, 120, 0, 47.91%, 2, 0, 5, 416.10, 301500, 195, 3, 0
707, 1, 281, 292, 118, 0, 47.91%, 2, 0, 5, 434.63, 303717, 195, 3, 0
712, 1, 151, 292, 112, 0, 47.91%, 2, 0, 5, 423.04, 305880, 195, 3, 0
717, 1, 282, 292, 108, 0, 47.91%, 2, 0, 5, 417.30, 307992, 195, 3, 0
722, 1, 204, 292, 106, 0, 47.91%, 2, 0, 5, 422.63, 310059, 195, 3, 0
727, 1, 46, 292, 101, 0, 47.91%, 2, 0, 5, 419.92, 312122, 195, 3, 0
732, 1, 252, 292, 99, 0, 47.91%, 2, 0, 5, 411.94, 314227, 195, 3, 0
737, 1, 258, 292, 96, 0, 47.91%, 2, 0, 5, 427.34, 316406, 195, 3, 0
742, 1, 284, 294, 96, 0, 47.91%, 2, 0, 6, 436.73, 318586, 195, 3, 0
747, 1, 107, 295, 92, 0, 48.16%, 2, 0, 6, 432.45, 320776, 196, 3, 0
752, 1, 203, 295, 89, 0, 48.16%, 2, 0, 6, 451.81, 323129, 196, 3, 0
758, 1, 280, 295, 86, 0, 48.16%, 2, 0, 6, 423.55, 325250, 196, 3, 0
763, 1, 286, 296, 85, 0, 48.16%, 2, 0, 6, 398.21, 327280, 196, 3, 0
768, 1, 145, 296, 82, 0, 48.16%, 2, 0, 6, 458.09, 329545, 196, 3, 0
773, 1, 290, 296, 78, 0, 48.16%, 2, 0, 6, 442.65, 331721, 196, 3, 0
778, 1, 79, 296, 76, 0, 48.16%, 2, 0, 6, 432.42, 333894, 196, 3, 0
783, 1, 289, 299, 77, 0, 48.16%, 2, 0, 6, 412.52, 335994, 196, 3, 0
788, 1, 219, 299, 75, 0, 48.16%, 2, 0, 6, 410.85, 338048, 196, 3, 0
793, 1, 269, 299, 70, 0, 48.16%, 2, 0, 6, 431.99, 340296, 196, 3, 0
798, 1, 196, 300, 70, 0, 48.16%, 2, 0, 6, 416.28, 342372, 196, 3, 0
803, 1, 207, 300, 66, 0, 48.16%, 2, 0, 6, 422.97, 344533, 196, 3, 0
808, 1, 295, 300, 65, 0, 48.16%, 2, 0, 6, 464.46, 346889, 196, 3, 0
814, 1, 234, 300, 62, 0, 48.16%, 2, 0, 6, 432.63, 349024, 196, 3, 0
819, 1, 293, 300, 60, 0, 48.16%, 2, 0, 6, 437.21, 351255, 196, 3, 0
824, 1, 187, 300, 56, 0, 48.16%, 2, 0, 6, 405.35, 353378, 196, 3, 0
829, 1, 251, 300, 53, 0, 48.16%, 2, 0, 6, 413.58, 355498, 196, 3, 0
834, 1, 299, 300, 52, 0, 48.16%, 2, 0, 6, 445.14, 357778, 196, 3, 0
839, 1, 234, 301, 50, 0, 48.40%, 2, 0, 6, 484.75, 360348, 197, 3, 0
844, 1, 185, 301, 49, 0, 48.40%, 2, 0, 6, 410.62, 362300, 197, 3, 0
849, 1, 218, 301, 47, 0, 48.40%, 2, 0, 6, 429.92, 364452, 197, 3, 0
854, 1, 43, 301, 45, 0, 48.40%, 2, 0, 6, 421.75, 366623, 197, 3, 0
859, 1, 279, 301, 43, 0, 48.40%, 2, 0, 6, 419.90, 368790, 197, 3, 0
864, 1, 262, 301, 40, 0, 48.40%, 2, 0, 6, 380.81, 370716, 197, 3, 0
869, 1, 198, 301, 37, 0, 48.40%, 2, 0, 6, 396.47, 372779, 197, 3, 0
874, 1, 223, 301, 36, 0, 48.40%, 2, 0, 6, 424.73, 374943, 197, 3, 0
879, 1, 268, 307, 39, 0, 48.40%, 2, 0, 6, 399.85, 376921, 197, 3, 0
884, 2, 354, 404, 136, 0, 59.21%, 2, 0, 6, 437.20, 379159, 241, 3, 0
890, 2, 391, 404, 134, 13, 59.21%, 2, 0, 6, 441.15, 381473, 241, 3, 0
895, 2, 340, 404, 132, 11, 59.21%, 2, 0, 6, 444.45, 383698, 241, 3, 0
900, 2, 332, 404, 130, 9, 59.21%, 2, 0, 6, 426.16, 385812, 241, 3, 0
904, 2, 400, 404, 129, 8, 59.21%, 2, 0, 6, 429.53, 387751, 241, 3, 0
