# relative_time, cycles_done, cur_item, corpus_count, pending_total, pending_favs, map_size, saved_crashes, saved_hangs, max_depth, execs_per_sec, total_execs, edges_found, total_crashes, servers_count
60, 0, 9, 65, 60, 5, 30.22%, 0, 0, 2, 453.33, 30080, 123, 0, 0
66, 0, 9, 65, 60, 5, 30.22%, 0, 0, 2, 456.72, 32411, 123, 0, 0
71, 0, 9, 66, 61, 5, 30.22%, 0, 0, 2, 431.10, 34576, 123, 0, 0
76, 0, 9, 67, 62, 5, 30.22%, 0, 0, 2, 446.98, 36799, 123, 0, 0
81, 0, 9, 69, 64, 5, 30.47%, 0, 0, 2, 455.75, 39135, 124, 0, 0
86, 0, 9, 70, 65, 5, 30.47%, 0, 0, 2, 460.54, 41518, 124, 0, 0
91, 0, 9, 71, 66, 5, 30.47%, 0, 0, 2, 461.95, 43937, 124, 0, 0
96, 0, 9, 71, 66, 5, 30.47%, 0, 0, 2, 457.54, 46295, 124, 0, 0
101, 0, 9, 73, 68, 5, 30.47%, 0, 0, 2, 451.53, 48505, 124, 0, 0
106, 0, 9, 73, 68, 5, 30.47%, 0, 0, 2, 451.94, 50737, 124, 0, 0
112, 0, 9, 73, 68, 5, 30.47%, 0, 0, 2, 447.44, 53113, 124, 0, 0
117, 0, 79, 124, 117, 33, 44.96%, 0, 0, 2, 554.68, 55751, 183, 0, 0
122, 0, 79, 148, 141, 33, 45.95%, 1, 0, 2, 716.59, 59552, 187, 1, 0
127, 0, 79, 152, 145, 33, 45.95%, 1, 0, 2, 619.37, 62485, 187, 1, 0
132, 0, 79, 155, 148, 33, 46.44%, 1, 0, 2, 782.22, 66409, 189, 1, 0
137, 0, 79, 158, 151, 33, 46.44%, 1, 0, 2, 659.12, 69944, 189, 1, 0
142, 0, 79, 159, 152, 33, 46.44%, 1, 0, 2, 507.08, 72223, 189, 1, 0
147, 0, 79, 160, 153, 33, 46.44%, 1, 0, 2, 422.35, 74358, 189, 1, 0
152, 0, 79, 160, 153, 33, 46.44%, 1, 0, 2, 440.18, 76654, 189, 1, 0
157, 0, 79, 161, 154, 33, 46.44%, 1, 0, 2, 489.15, 79109, 189, 1, 0
162, 0, 79, 162, 155, 33, 46.44%, 1, 0, 2, 459.22, 81402, 189, 1, 0
167, 0, 79, 162, 155, 33, 46.44%, 1, 0, 2, 462.97, 83778, 189, 1, 0
172, 0, 79, 163, 156, 33, 46.44%, 1, 0, 2, 495.72, 86242, 189, 1, 0
177, 0, 79, 163, 156, 33, 46.44%, 1, 0, 2, 557.66, 88985, 189, 1, 0
182, 0, 79, 163, 156, 33, 46.44%, 1, 0, 2, 529.97, 91731, 189, 1, 0
188, 0, 79, 164, 157, 33, 46.44%, 1, 0, 2, 476.39, 94179, 189, 1, 0
193, 0, 13, 166, 155, 32, 46.68%, 1, 0, 3, 493.34, 96667, 190, 1, 0
198, 0, 80, 166, 150, 27, 46.68%, 1, 0, 3, 471.02, 98988, 190, 1, 0
203, 0, 93, 174, 156, 25, 46.68%, 1, 0, 3, 469.62, 101381, 190, 1, 0
208, 0, 0, 181, 161, 24, 46.68%, 1, 0, 3, 483.17, 103865, 190, 1, 0
213, 0, 57, 183, 161, 22, 46.93%, 1, 0, 3, 465.94, 106167, 191, 1, 0
218, 0, 57, 188, 166, 22, 46.93%, 1, 0, 3, 432.92, 108329, 191, 1, 0
223, 0, 57, 189, 167, 22, 46.93%, 1, 0, 3, 468.93, 110827, 191, 1, 0
228, 0, 57, 190, 168, 22, 46.93%, 1, 0, 3, 472.07, 113246, 191, 1, 0
233, 0, 154, 190, 167, 23, 46.93%, 1, 0, 3, 475.46, 115601, 191, 1, 0
238, 0, 154, 197, 174, 23, 46.93%, 1, 0, 3, 439.31, 117745, 191, 1, 0
244, 0, 91, 198, 173, 21, 46.93%, 1, 0, 3, 448.09, 120022, 191, 1, 0
249, 0, 131, 199, 172, 19, 46.93%, 1, 0, 3, 421.90, 122257, 191, 1, 0
254, 0, 131, 204, 177, 19, 46.93%, 1, 0, 3, 426.96, 124460, 191, 1, 0
259, 0, 131, 209, 182, 19, 46.93%, 1, 0, 3, 464.12, 126829, 191, 1, 0
264, 0, 131, 210, 183, 19, 46.93%, 1, 0, 3, 476.48, 129239, 191, 1, 0
269, 0, 131, 211, 184, 19, 46.93%, 1, 0, 3, 453.97, 131496, 191, 1, 0
274, 0, 131, 211, 184, 19, 46.93%, 1, 0, 3, 440.07, 133702, 191, 1, 0
279, 0, 131, 211, 184, 19, 46.93%, 1, 0, 3, 436.17, 135918, 191, 1, 0
284, 0, 131, 214, 187, 19, 46.93%, 1, 0, 3, 523.48, 138529, 191, 1, 0
289, 0, 131, 215, 188, 19, 47.17%, 1, 0, 3, 443.37, 140659, 192, 2, 0
294, 0, 131, 218, 191, 19, 47.17%, 1, 0, 3, 445.00, 142847, 192, 3, 0
299, 0, 131, 219, 192, 19, 47.17%, 1, 0, 3, 453.96, 145097, 192, 3, 0
304, 0, 131, 219, 192, 19, 47.17%, 1, 0, 3, 470.80, 147464, 192, 3, 0
309, 0, 131, 219, 192, 19, 47.17%, 1, 0, 3, 428.91, 149614, 192, 3, 0
314, 0, 131, 220, 193, 19, 47.17%, 1, 0, 3, 462.02, 152007, 192, 3, 0
320, 0, 131, 220, 193, 19, 47.17%, 1, 0, 3, 441.37, 154229, 192, 3, 0
325, 0, 131, 221, 194, 19, 47.17%, 1, 0, 3, 453.12, 156604, 192, 3, 0
330, 0, 131, 221, 194, 19, 47.17%, 1, 0, 3, 456.46, 158944, 192, 3, 0
335, 0, 131, 222, 195, 19, 47.17%, 1, 0, 3, 459.11, 161264, 192, 3, 0
340, 0, 92, 222, 193, 19, 47.17%, 1, 0, 3, 477.77, 163646, 192, 3, 0
345, 0, 229, 231, 201, 20, 47.42%, 1, 0, 3, 458.84, 165958, 193, 3, 0
350, 0, 125, 233, 201, 19, 47.67%, 1, 0, 3, 456.79, 168269, 194, 3, 0
355, 0, 74, 233, 199, 17, 47.67%, 1, 0, 3, 329.03, 170001, 194, 3, 0
360, 0, 74, 234, 200, 17, 47.67%, 1, 0, 3, 366.04, 171760, 194, 3, 0
365, 0, 187, 243, 207, 16, 47.67%, 1, 0, 3, 393.21, 173725, 194, 3, 0
370, 0, 187, 245, 209, 16, 47.67%, 1, 0, 4, 336.47, 175423, 194, 3, 0
375, 0, 231, 245, 208, 15, 47.67%, 1, 0, 4, 362.87, 177016, 194, 3, 0
380, 0, 152, 247, 207, 12, 47.67%, 1, 0, 4, 391.67, 178940, 194, 3, 0
386, 0, 188, 247, 203, 8, 47.67%, 1, 0, 4, 420.37, 181187, 194, 3, 0
391, 0, 89, 248, 203, 8, 47.67%, 1, 0, 4, 466.51, 183619, 194, 3, 0
396, 0, 89, 248, 203, 8, 47.67%, 1, 0, 4, 416.23, 185676, 194, 3, 0
401, 0, 89, 248, 203, 8, 47.67%, 1, 0, 4, 398.61, 187641, 194, 3, 0
406, 0, 104, 248, 202, 7, 47.67%, 1, 0, 4, 375.60, 189506, 194, 3, 0
411, 0, 247, 250, 200, 5, 47.91%, 1, 0, 4, 434.72, 191783, 195, 3, 0
416, 0, 248, 252, 199, 4, 47.91%, 1, 0, 5, 397.81, 193739, 195, 3, 0
421, 0, 124, 253, 197, 2, 47.91%, 1, 0, 5, 427.37, 195963, 195, 3, 0
426, 0, 195, 254, 195, 1, 47.91%, 1, 0, 5, 423.49, 198137, 195, 3, 0
431, 0, 28, 254, 193, 0, 47.91%, 1, 0, 5, 423.53, 200313, 195, 3, 0
437, 0, 33, 254, 190, 0, 47.91%, 1, 0, 5, 453.79, 202657, 195, 3, 0
442, 0, 89, 254, 187, 0, 47.91%, 1, 0, 5, 442.19, 204804, 195, 3, 0
447, 0, 241, 254, 185, 0, 47.91%, 1, 0, 5, 443.36, 207037, 195, 3, 0
452, 0, 247, 255, 184, 0, 48.40%, 1, 0, 5, 439.26, 209312, 197, 3, 0
457, 0, 135, 255, 182, 0, 48.40%, 1, 0, 5, 450.55, 211656, 197, 3, 0
462, 0, 166, 256, 181, 0, 48.40%, 1, 0, 5, 444.34, 213898, 197, 3, 0
467, 0, 223, 256, 179, 0, 48.40%, 1, 0, 5, 438.96, 216006, 197, 3, 0
472, 0, 89, 260, 181, 0, 48.40%, 1, 0, 5, 432.46, 218187, 197, 3, 0
477, 0, 40, 260, 179, 0, 48.40%, 1, 0, 5, 440.96, 220474, 197, 3, 0
482, 0, 141, 261, 177, 0, 48.40%, 1, 0, 5, 447.50, 222671, 197, 3, 0
487, 0, 252, 261, 174, 0, 48.40%, 1, 0, 5, 452.89, 224948, 197, 3, 0
492, 0, 232, 271, 183, 0, 48.40%, 1, 0, 5, 436.27, 227069, 197, 3, 0
497, 0, 232, 274, 186, 0, 48.40%, 1, 0, 5, 422.44, 229242, 197, 3, 0
502, 0, 232, 276, 188, 0, 48.40%, 1, 0, 5, 442.50, 231536, 197, 3, 0
508, 0, 232, 276, 188, 0, 48.40%, 1, 0, 5, 432.01, 233744, 197, 3, 0
513, 0, 232, 276, 188, 0, 48.40%, 1, 0, 5, 469.66, 236198, 197, 3, 0
518, 0, 59, 276, 187, 0, 48.40%, 1, 0, 5, 475.90, 238578, 197, 3, 0
523, 0, 178, 276, 185, 0, 48.40%, 1, 0, 5, 454.17, 240874, 197, 3, 0
528, 0, 91, 276, 182, 0, 48.40%, 1, 0, 5, 389.65, 242974, 197, 3, 0
533, 0, 277, 278, 180, 1, 48.40%, 1, 0, 5, 413.79, 244936, 197, 3, 0
538, 0, 192, 280, 180, 0, 48.40%, 1, 0, 5, 392.12, 246825, 197, 3, 0
543, 0, 108, 280, 177, 0, 48.40%, 1, 0, 5, 597.74, 249818, 197, 3, 0
548, 0, 200, 280, 174, 0, 48.40%, 1, 0, 5, 451.92, 251894, 197, 3, 0
554, 0, 247, 280, 170, 0, 48.40%, 1, 0, 5, 487.09, 254295, 197, 3, 0
559, 0, 280, 281, 170, 1, 48.40%, 1, 0, 5, 462.52, 256634, 197, 3, 0
564, 0, 122, 285, 172, 0, 48.40%, 1, 0, 5, 533.69, 259755, 197, 3, 0
569, 0, 263, 285, 171, 0, 48.40%, 1, 0, 5, 642.46, 263110, 197, 3, 0
574, 0, 83, 285, 168, 0, 48.40%, 1, 0, 5, 827.96, 267472, 197, 3, 0
579, 0, 18, 285, 164, 0, 48.40%, 1, 0, 5, 156.94, 270520, 197, 3, 0
584, 0, 112, 285, 161, 0, 48.40%, 1, 0, 5, 869.14, 272931, 197, 3, 0
589, 1, 55, 285, 155, 0, 48.40%, 1, 0, 5, 805.20, 276862, 197, 3, 0
594, 1, 31, 285, 152, 0, 48.40%, 1, 0, 5, 145.74, 278583, 197, 3, 0
600, 1, 180, 285, 148, 0, 48.40%, 1, 0, 5, 319.05, 280337, 197, 3, 0
605, 1, 133, 285, 146, 0, 48.40%, 1, 0, 5, 571.85, 283206, 197, 3, 0
610, 1, 269, 286, 144, 0, 48.40%, 1, 0, 5, 596.39, 286145, 197, 3, 0
615, 1, 160, 287, 139, 0, 48.40%, 1, 0, 5, 754.00, 290134, 197, 3, 0
620, 1, 210, 287, 136, 0, 48.40%, 1, 0, 5, 448.21, 292022, 197, 3, 0
625, 1, 210, 296, 145, 0, 48.40%, 1, 0, 5, 715.34, 296099, 197, 3, 0
630, 1, 33, 299, 146, 0, 48.40%, 1, 0, 5, 786.49, 300111, 197, 3, 0
635, 1, 158, 299, 142, 0, 48.40%, 1, 0, 5, 795.22, 304233, 197, 3, 0
640, 1, 148, 300, 136, 0, 48.40%, 1, 0, 5, 785.59, 308171, 197, 3, 0
645, 1, 222, 300, 133, 0, 48.40%, 1, 0, 5, 117.40, 310616, 197, 3, 0
651, 1, 193, 300, 132, 0, 48.40%, 1, 0, 5, 167.80, 311532, 197, 3, 0
656, 1, 272, 300, 130, 0, 48.40%, 1, 0, 5, 310.75, 313024, 197, 3, 0
661, 1, 257, 300, 128, 0, 48.40%, 1, 0, 5, 414.57, 315391, 197, 3, 0
666, 1, 228, 301, 125, 0, 48.65%, 1, 0, 5, 615.43, 318554, 198, 3, 0
671, 1, 217, 301, 122, 0, 48.65%, 1, 0, 5, 602.94, 321500, 198, 3, 0
676, 1, 161, 302, 116, 0, 48.65%, 1, 0, 5, 781.29, 325711, 198, 3, 0
681, 1, 130, 303, 113, 0, 48.65%, 1, 0, 5, 828.19, 330010, 198, 3, 0
686, 1, 256, 304, 110, 0, 48.89%, 1, 0, 5, 830.44, 334196, 199, 3, 0
691, 1, 298, 304, 106, 0, 48.89%, 1, 0, 5, 850.20, 338469, 199, 3, 0
696, 1, 275, 305, 102, 0, 48.89%, 1, 0, 5, 891.19, 342992, 199, 3, 0
701, 1, 37, 305, 98, 0, 48.89%, 1, 0, 5, 841.97, 347168, 199, 3, 0
706, 1, 86, 307, 94, 0, 49.39%, 1, 0, 5, 821.60, 351340, 201, 3, 0
711, 1, 307, 308, 91, 1, 49.63%, 1, 0, 5, 863.01, 355663, 202, 3, 0
716, 1, 181, 308, 85, 0, 49.63%, 1, 0, 5, 856.64, 359954, 202, 3, 0
721, 1, 134, 312, 87, 0, 49.63%, 1, 0, 5, 813.51, 364053, 202, 3, 0
726, 1, 134, 314, 89, 0, 49.63%, 1, 0, 5, 800.80, 368033, 202, 4, 0
731, 1, 134, 314, 89, 0, 49.63%, 1, 0, 5, 129.94, 369931, 202, 4, 0
736, 1, 134, 314, 89, 0, 49.63%, 1, 0, 5, 111.22, 370449, 202, 4, 0
741, 1, 134, 314, 89, 0, 49.63%, 1, 0, 5, 126.97, 371117, 202, 5, 0
747, 1, 134, 314, 89, 0, 49.63%, 1, 0, 5, 112.81, 371711, 202, 5, 0
752, 1, 134, 314, 89, 0, 49.63%, 1, 0, 5, 120.93, 372285, 202, 5, 0
757, 1, 134, 314, 89, 0, 49.63%, 1, 0, 5, 770.91, 375158, 202, 5, 0
762, 1, 72, 315, 83, 0, 49.63%, 1, 0, 5, 793.71, 379316, 202, 5, 0
767, 1, 311, 315, 78, 0, 49.63%, 1, 0, 5, 820.01, 383591, 202, 5, 0
772, 1, 84, 315, 73, 0, 49.63%, 1, 0, 5, 832.65, 387792, 202, 5, 0
777, 1, 142, 315, 67, 0, 49.63%, 1, 0, 5, 862.64, 392116, 202, 5, 0
782, 1, 231, 315, 61, 0, 49.63%, 1, 0, 5, 836.70, 396313, 202, 5, 0
787, 1, 310, 315, 56, 0, 49.63%, 1, 0, 5, 823.98, 400501, 202, 5, 0
792, 1, 312, 315, 54, 0, 49.63%, 1, 0, 5, 130.59, 401743, 202, 5, 0
798, 1, 304, 315, 53, 0, 49.63%, 1, 0, 5, 153.40, 402572, 202, 5, 0
803, 1, 147, 316, 53, 0, 49.63%, 1, 0, 5, 161.36, 403404, 202, 5, 0
808, 1, 297, 316, 50, 0, 49.63%, 1, 0, 5, 629.53, 406930, 202, 5, 0
813, 1, 316, 317, 47, 1, 49.88%, 1, 0, 5, 140.68, 410583, 203, 5, 0
818, 1, 10, 318, 47, 0, 49.88%, 1, 0, 5, 323.15, 412170, 203, 5, 0
823, 1, 227, 318, 45, 0, 49.88%, 1, 0, 5, 420.35, 414466, 203, 5, 0
828, 1, 204, 341, 65, 0, 55.28%, 1, 0, 5, 494.39, 416886, 225, 5, 0
833, 2, 341, 438, 161, 18, 61.18%, 1, 0, 5, 471.84, 419406, 249, 5, 0
838, 2, 327, 438, 158, 15, 61.18%, 1, 0, 5, 637.32, 422681, 249, 5, 0
843, 2, 432, 438, 157, 14, 61.18%, 1, 0, 5, 475.21, 424732, 249, 5, 0
848, 2, 432, 438, 157, 14, 61.18%, 1, 0, 5, 311.21, 426079, 249, 5, 0
853, 2, 383, 438, 155, 12, 61.18%, 1, 0, 5, 322.96, 427768, 249, 5, 0
859, 2, 378, 438, 153, 10, 61.18%, 1, 0, 5, 328.61, 429453, 249, 5, 0
864, 2, 363, 438, 151, 8, 61.18%, 1, 0, 5, 381.97, 431378, 249, 5, 0
869, 2, 347, 438, 149, 6, 61.18%, 1, 0, 5, 481.82, 433813, 249, 5, 0
874, 2, 437, 438, 146, 3, 61.18%, 2, 0, 5, 580.49, 436740, 249, 6, 0
879, 2, 325, 438, 145, 2, 61.18%, 2, 0, 5, 400.27, 438515, 249, 6, 0
884, 2, 421, 438, 144, 1, 61.18%, 2, 0, 5, 321.47, 440069, 249, 6, 0
889, 2, 419, 438, 142, 0, 61.18%, 2, 0, 5, 306.85, 441654, 249, 6, 0
895, 2, 145, 438, 140, 0, 61.18%, 2, 0, 5, 394.04, 443622, 249, 6, 0
900, 2, 128, 439, 138, 0, 61.18%, 2, 0, 5, 491.84, 446618, 249, 6, 0
900, 2, 128, 439, 138, 0, 61.18%, 2, 0, 5, 496.17, 446936, 249, 6, 0
