# relative_time, cycles_done, cur_item, corpus_count, pending_total, pending_favs, map_size, saved_crashes, saved_hangs, max_depth, execs_per_sec, total_execs, edges_found, total_crashes, servers_count
61, 0, 8, 61, 53, 24, 32.68%, 0, 0, 2, 412.52, 27273, 133, 0, 0
66, 0, 8, 61, 53, 24, 32.68%, 0, 0, 2, 456.54, 29598, 133, 0, 0
71, 0, 8, 61, 53, 24, 32.68%, 0, 0, 2, 429.31, 31729, 133, 0, 0
76, 0, 8, 61, 53, 24, 32.68%, 0, 0, 2, 413.63, 33841, 133, 0, 0
81, 0, 8, 61, 53, 24, 32.68%, 0, 0, 2, 419.36, 36017, 133, 0, 0
86, 0, 8, 61, 53, 24, 32.68%, 0, 0, 2, 399.32, 38033, 133, 0, 0
91, 0, 8, 61, 53, 24, 32.68%, 0, 0, 2, 396.23, 40045, 133, 0, 0
96, 0, 8, 61, 53, 24, 32.68%, 0, 0, 2, 419.51, 42193, 133, 0, 0
101, 0, 8, 61, 53, 24, 32.68%, 0, 0, 2, 444.89, 44545, 133, 0, 0
106, 0, 8, 61, 53, 24, 32.68%, 0, 0, 2, 426.33, 46697, 133, 0, 0
111, 0, 8, 61, 53, 24, 32.68%, 0, 0, 2, 412.95, 48785, 133, 0, 0
116, 0, 8, 61, 53, 24, 32.68%, 0, 0, 2, 424.50, 50945, 133, 0, 0
121, 0, 8, 61, 53, 24, 32.68%, 0, 0, 2, 421.19, 53009, 133, 0, 0
126, 0, 8, 61, 53, 24, 32.68%, 0, 0, 2, 415.32, 55121, 133, 0, 0
131, 0, 8, 61, 53, 24, 32.68%, 0, 0, 2, 450.48, 57433, 133, 0, 0
137, 0, 8, 62, 54, 24, 32.68%, 0, 0, 2, 422.90, 59552, 133, 0, 0
142, 0, 8, 62, 54, 24, 32.68%, 0, 0, 2, 396.24, 61563, 133, 0, 0
147, 0, 18, 62, 45, 15, 32.68%, 0, 0, 2, 439.09, 63822, 133, 0, 0
152, 0, 18, 75, 58, 15, 34.15%, 0, 0, 2, 459.06, 66157, 139, 0, 0
157, 0, 18, 82, 65, 15, 34.40%, 0, 0, 2, 445.47, 68384, 140, 0, 0
162, 0, 18, 87, 70, 15, 34.40%, 0, 0, 2, 451.12, 70710, 140, 0, 0
167, 0, 18, 88, 71, 15, 34.40%, 0, 0, 2, 461.37, 72998, 140, 0, 0
172, 0, 22, 97, 79, 16, 34.64%, 0, 0, 2, 472.37, 75365, 141, 0, 0
177, 0, 22, 100, 82, 16, 35.14%, 0, 0, 2, 468.85, 77753, 143, 0, 0
182, 0, 22, 103, 85, 16, 35.14%, 0, 0, 2, 486.04, 80187, 143, 0, 0
187, 0, 34, 111, 90, 13, 35.87%, 1, 0, 3, 487.40, 82631, 146, 1, 0
192, 0, 37, 112, 89, 13, 35.87%, 1, 0, 3, 483.75, 85036, 146, 1, 0
197, 0, 37, 121, 98, 13, 35.87%, 1, 0, 3, 460.82, 87308, 146, 1, 0
202, 0, 37, 124, 101, 13, 35.87%, 1, 0, 3, 462.71, 89615, 146, 1, 0
207, 0, 37, 126, 103, 13, 35.87%, 1, 0, 3, 452.73, 91888, 146, 1, 0
212, 0, 37, 130, 107, 13, 37.59%, 1, 0, 3, 464.70, 94212, 153, 1, 0
217, 0, 37, 131, 108, 13, 37.59%, 1, 0, 3, 457.01, 96505, 153, 1, 0
222, 0, 69, 136, 111, 11, 37.59%, 1, 0, 3, 460.46, 98833, 153, 1, 0
228, 0, 69, 142, 117, 11, 37.59%, 1, 0, 3, 459.76, 101236, 153, 1, 0
233, 0, 69, 147, 122, 11, 37.59%, 1, 0, 3, 475.37, 103611, 153, 1, 0
238, 0, 69, 150, 125, 11, 37.59%, 1, 0, 3, 432.36, 105760, 153, 1, 0
243, 0, 69, 151, 126, 11, 37.59%, 1, 0, 3, 445.89, 107967, 153, 1, 0
248, 0, 69, 152, 127, 11, 37.59%, 1, 0, 3, 443.47, 110174, 153, 1, 0
253, 0, 69, 154, 129, 11, 37.59%, 1, 0, 3, 482.51, 112660, 153, 1, 0
258, 0, 69, 155, 130, 11, 37.59%, 1, 0, 3, 469.81, 114998, 153, 1, 0
263, 0, 69, 157, 132, 11, 37.59%, 1, 0, 3, 467.05, 117325, 153, 1, 0
268, 0, 69, 158, 133, 11, 37.59%, 1, 0, 3, 452.45, 119544, 153, 1, 0
273, 0, 69, 159, 134, 11, 37.59%, 1, 0, 3, 442.30, 121760, 153, 1, 0
278, 0, 69, 159, 134, 11, 37.59%, 1, 0, 3, 467.98, 124144, 153, 1, 0
283, 0, 69, 159, 134, 11, 37.59%, 1, 0, 3, 445.91, 126403, 153, 1, 0
288, 0, 69, 159, 134, 11, 37.59%, 1, 0, 3, 463.80, 128707, 153, 1, 0
293, 0, 69, 159, 134, 11, 37.59%, 1, 0, 3, 456.12, 130958, 153, 1, 0
298, 0, 69, 160, 135, 11, 37.59%, 1, 0, 3, 434.79, 133177, 153, 1, 0
303, 0, 69, 160, 135, 11, 37.59%, 1, 0, 3, 465.51, 135583, 153, 1, 0
309, 0, 77, 160, 134, 9, 37.59%, 1, 0, 3, 453.96, 137804, 153, 1, 0
314, 0, 107, 161, 131, 5, 37.59%, 1, 0, 3, 437.95, 140003, 153, 1, 0
319, 0, 128, 186, 155, 5, 37.84%, 1, 0, 4, 457.42, 142353, 154, 1, 0
324, 0, 128, 193, 162, 5, 37.84%, 1, 0, 4, 444.96, 144616, 154, 1, 0
329, 0, 128, 195, 164, 5, 37.84%, 1, 0, 4, 440.68, 146798, 154, 1, 0
334, 0, 128, 195, 164, 5, 37.84%, 1, 0, 4, 475.26, 149184, 154, 1, 0
339, 0, 128, 195, 164, 5, 37.84%, 1, 0, 4, 458.27, 151461, 154, 1, 0
344, 0, 128, 195, 164, 5, 37.84%, 1, 0, 4, 463.25, 153774, 154, 1, 0
349, 0, 128, 195, 164, 5, 37.84%, 1, 0, 4, 476.66, 156186, 154, 1, 0
354, 0, 128, 195, 164, 5, 37.84%, 1, 0, 4, 449.05, 158436, 154, 1, 0
359, 0, 128, 195, 164, 5, 37.84%, 1, 0, 4, 437.52, 160702, 154, 1, 0
364, 0, 128, 195, 164, 5, 37.84%, 1, 0, 4, 452.97, 162999, 154, 1, 0
369, 0, 128, 196, 165, 5, 37.84%, 1, 0, 4, 442.44, 165229, 154, 1, 0
374, 0, 128, 196, 165, 5, 37.84%, 1, 0, 4, 448.58, 167551, 154, 1, 0
379, 0, 128, 197, 166, 5, 37.84%, 1, 0, 4, 448.71, 169826, 154, 1, 0
384, 0, 128, 198, 167, 5, 37.84%, 1, 0, 4, 447.09, 172115, 154, 1, 0
389, 0, 128, 198, 167, 5, 37.84%, 1, 0, 4, 448.56, 174441, 154, 1, 0
394, 0, 128, 198, 167, 5, 37.84%, 1, 0, 4, 448.64, 176659, 154, 1, 0
400, 0, 128, 198, 167, 5, 37.84%, 1, 0, 4, 476.95, 179076, 154, 1, 0
405, 0, 161, 198, 164, 4, 37.84%, 1, 0, 4, 445.74, 181237, 154, 1, 0
410, 1, 165, 199, 157, 1, 40.29%, 1, 0, 4, 444.98, 183484, 164, 1, 0
415, 1, 207, 220, 175, 5, 45.45%, 1, 0, 4, 463.43, 185891, 185, 1, 0
420, 1, 207, 224, 179, 5, 45.45%, 1, 0, 4, 472.10, 188196, 185, 1, 0
425, 1, 207, 226, 181, 5, 45.45%, 1, 0, 4, 476.98, 190631, 185, 1, 0
430, 1, 207, 226, 181, 5, 45.45%, 1, 0, 4, 450.04, 192858, 185, 1, 0
435, 1, 207, 226, 181, 5, 45.45%, 1, 0, 4, 437.65, 195026, 185, 1, 0
440, 1, 210, 232, 186, 3, 45.70%, 1, 0, 4, 414.22, 197134, 186, 1, 0
445, 1, 216, 245, 198, 3, 45.95%, 1, 0, 4, 414.95, 199266, 187, 1, 0
450, 1, 219, 254, 206, 4, 45.95%, 1, 0, 5, 431.16, 201560, 187, 1, 0
455, 1, 228, 257, 208, 3, 45.95%, 1, 0, 5, 415.40, 203638, 187, 1, 0
460, 1, 239, 259, 209, 2, 45.95%, 1, 0, 5, 454.08, 205980, 187, 1, 0
465, 1, 239, 261, 211, 2, 45.95%, 1, 0, 5, 463.53, 208388, 187, 1, 0
470, 1, 239, 262, 212, 2, 45.95%, 1, 0, 5, 440.49, 210545, 187, 1, 0
475, 1, 239, 263, 213, 2, 45.95%, 1, 0, 5, 444.36, 212776, 187, 1, 0
481, 1, 241, 263, 212, 1, 45.95%, 1, 0, 5, 464.93, 215195, 187, 1, 0
486, 2, 168, 316, 263, 11, 48.16%, 1, 0, 5, 442.56, 217362, 196, 1, 0
491, 2, 296, 316, 257, 5, 48.16%, 1, 0, 5, 436.19, 219611, 196, 1, 0
496, 2, 308, 318, 255, 2, 48.16%, 1, 0, 5, 436.07, 221809, 196, 1, 0
501, 3, 37, 319, 251, 0, 48.16%, 1, 0, 5, 456.49, 224147, 196, 1, 0
506, 3, 121, 319, 236, 0, 48.16%, 1, 0, 5, 456.01, 226475, 196, 1, 0
511, 3, 160, 319, 226, 0, 48.16%, 1, 0, 5, 444.79, 228727, 196, 1, 0
516, 4, 13, 322, 223, 0, 48.40%, 1, 0, 5, 447.22, 231071, 197, 1, 0
521, 4, 77, 322, 211, 0, 48.40%, 1, 0, 5, 406.61, 233118, 197, 1, 0
526, 4, 152, 323, 200, 0, 48.40%, 1, 0, 5, 442.12, 235401, 197, 1, 0
532, 4, 323, 324, 197, 1, 48.65%, 1, 0, 5, 434.54, 237585, 198, 1, 0
537, 5, 42, 324, 193, 0, 48.65%, 1, 0, 5, 425.99, 239742, 198, 1, 0
542, 5, 135, 324, 180, 0, 48.65%, 1, 0, 5, 428.01, 241927, 198, 1, 0
547, 5, 180, 324, 172, 0, 48.65%, 1, 0, 5, 437.43, 244173, 198, 1, 0
552, 5, 219, 324, 163, 0, 48.65%, 1, 0, 5, 433.13, 246382, 198, 1, 0
557, 5, 228, 324, 158, 0, 48.65%, 1, 0, 5, 452.47, 248724, 198, 1, 0
562, 5, 233, 327, 159, 0, 48.65%, 1, 0, 5, 435.32, 250901, 198, 1, 0
567, 5, 244, 327, 155, 0, 48.65%, 1, 0, 5, 455.70, 253230, 198, 1, 0
572, 5, 257, 329, 154, 0, 48.65%, 1, 0, 6, 437.19, 255423, 198, 1, 0
577, 5, 274, 329, 151, 0, 48.65%, 1, 0, 6, 463.73, 257751, 198, 1, 0
583, 5, 298, 329, 145, 0, 48.65%, 1, 0, 6, 458.10, 260116, 198, 1, 0
588, 5, 326, 329, 142, 0, 48.65%, 1, 0, 6, 450.52, 262357, 198, 1, 0
593, 6, 80, 329, 136, 0, 48.65%, 1, 0, 6, 450.46, 264659, 198, 1, 0
598, 6, 177, 330, 129, 0, 48.65%, 1, 0, 6, 467.67, 267010, 198, 1, 0
603, 6, 221, 334, 129, 0, 49.14%, 1, 0, 6, 430.90, 269158, 200, 1, 0
608, 6, 221, 335, 130, 0, 49.14%, 1, 0, 6, 431.31, 271365, 200, 1, 0
613, 6, 221, 335, 130, 0, 49.14%, 1, 0, 6, 417.63, 273453, 200, 1, 0
618, 6, 331, 335, 127, 2, 49.14%, 1, 0, 6, 427.83, 275713, 200, 1, 0
623, 6, 331, 338, 130, 2, 49.14%, 1, 0, 6, 439.86, 278015, 200, 1, 0
628, 6, 331, 340, 132, 2, 49.14%, 1, 0, 6, 455.40, 280280, 200, 1, 0
633, 6, 331, 340, 132, 2, 49.14%, 1, 0, 6, 418.50, 282339, 200, 1, 0
638, 6, 331, 340, 132, 2, 49.14%, 1, 0, 6, 451.86, 284735, 200, 1, 0
644, 6, 331, 340, 132, 2, 49.14%, 1, 0, 6, 459.39, 287039, 200, 1, 0
649, 6, 331, 340, 132, 2, 49.14%, 1, 0, 6, 434.37, 289251, 200, 1, 0
654, 6, 337, 340, 130, 1, 49.14%, 1, 0, 6, 438.04, 291533, 200, 1, 0
659, 7, 340, 346, 133, 3, 49.88%, 1, 0, 6, 452.28, 293798, 203, 1, 0
664, 7, 340, 348, 135, 3, 50.12%, 2, 0, 6, 459.01, 296076, 204, 2, 0
669, 7, 346, 348, 132, 2, 50.12%, 2, 0, 6, 473.89, 298497, 204, 2, 0
674, 7, 348, 349, 131, 1, 50.37%, 2, 0, 6, 441.69, 300656, 205, 2, 0
679, 8, 81, 351, 130, 0, 50.37%, 2, 0, 6, 459.21, 302978, 205, 2, 0
684, 8, 161, 351, 121, 0, 50.37%, 3, 0, 6, 454.40, 305270, 205, 5, 0
689, 8, 210, 351, 114, 0, 50.37%, 3, 0, 6, 451.18, 307598, 205, 5, 0
694, 8, 263, 352, 112, 0, 50.37%, 3, 0, 6, 434.23, 309739, 205, 8, 0
699, 8, 291, 352, 106, 0, 50.37%, 3, 0, 6, 452.19, 312015, 205, 8, 0
705, 8, 314, 354, 106, 0, 50.37%, 3, 0, 6, 456.23, 314361, 205, 9, 0
710, 8, 329, 356, 106, 0, 50.37%, 3, 0, 6, 459.03, 316795, 205, 9, 0
715, 8, 329, 356, 106, 0, 50.37%, 3, 0, 6, 460.04, 319054, 205, 9, 0
720, 8, 337, 356, 105, 0, 50.37%, 3, 0, 6, 460.03, 321276, 205, 9, 0
725, 8, 356, 362, 109, 0, 50.86%, 3, 0, 6, 459.61, 323575, 207, 9, 0
730, 9, 357, 363, 109, 1, 50.86%, 3, 0, 6, 456.47, 325843, 207, 9, 0
735, 9, 362, 366, 110, 0, 50.86%, 3, 0, 6, 422.13, 328027, 207, 9, 0
740, 9, 362, 368, 112, 0, 50.86%, 3, 0, 6, 408.21, 330057, 207, 9, 0
745, 9, 362, 368, 112, 0, 50.86%, 3, 0, 6, 403.69, 332089, 207, 9, 0
750, 9, 362, 368, 112, 0, 50.86%, 3, 0, 6, 407.80, 334177, 207, 9, 0
755, 9, 362, 368, 112, 0, 50.86%, 3, 0, 6, 403.30, 336249, 207, 9, 0
760, 10, 52, 377, 119, 2, 51.11%, 3, 0, 6, 403.61, 338220, 208, 9, 0
765, 11, 32, 377, 116, 0, 51.11%, 3, 0, 6, 449.09, 340547, 208, 9, 0
770, 11, 138, 377, 112, 0, 51.11%, 3, 0, 6, 458.19, 342883, 208, 9, 0
775, 11, 207, 377, 109, 0, 51.11%, 3, 0, 6, 479.74, 345334, 208, 15, 0
780, 11, 241, 377, 104, 0, 51.11%, 3, 0, 6, 458.41, 347632, 208, 15, 0
785, 11, 307, 377, 99, 0, 51.11%, 3, 0, 6, 447.69, 349864, 208, 15, 0
791, 11, 330, 377, 97, 0, 51.11%, 3, 0, 6, 455.06, 352174, 208, 15, 0
796, 11, 344, 377, 96, 0, 51.11%, 3, 0, 6, 461.75, 354454, 208, 15, 0
801, 11, 352, 378, 96, 0, 51.11%, 3, 0, 6, 460.17, 356723, 208, 16, 0
806, 11, 358, 378, 95, 0, 51.11%, 3, 0, 6, 451.14, 359045, 208, 16, 0
811, 11, 372, 378, 92, 0, 51.11%, 3, 0, 6, 453.57, 361324, 208, 16, 0
816, 12, 379, 380, 90, 1, 51.35%, 3, 0, 6, 433.73, 363460, 209, 16, 0
821, 13, 88, 381, 86, 0, 51.35%, 3, 0, 6, 456.88, 365877, 209, 16, 0
826, 13, 190, 381, 84, 0, 51.35%, 3, 0, 6, 439.60, 368125, 209, 20, 0
831, 13, 241, 381, 81, 0, 51.35%, 3, 0, 6, 433.87, 370289, 209, 20, 0
836, 13, 300, 381, 76, 0, 51.35%, 3, 0, 6, 440.59, 372571, 209, 20, 0
841, 13, 334, 381, 73, 0, 51.35%, 3, 0, 6, 452.71, 374899, 209, 20, 0
846, 13, 351, 382, 73, 0, 51.35%, 3, 0, 6, 451.69, 377126, 209, 20, 0
852, 13, 376, 382, 70, 0, 51.35%, 3, 0, 6, 435.26, 379315, 209, 20, 0
857, 14, 34, 382, 68, 0, 51.35%, 3, 0, 6, 470.27, 381698, 209, 20, 0
862, 14, 138, 382, 66, 0, 51.35%, 3, 0, 6, 481.91, 384130, 209, 20, 0
867, 14, 200, 382, 63, 0, 51.35%, 3, 0, 6, 447.15, 386362, 209, 24, 0
872, 14, 276, 382, 61, 0, 51.35%, 3, 0, 6, 444.12, 388639, 209, 24, 0
877, 14, 337, 382, 57, 0, 51.35%, 3, 0, 6, 450.04, 390953, 209, 24, 0
882, 14, 369, 382, 54, 0, 51.35%, 3, 0, 6, 445.12, 393228, 209, 24, 0
887, 15, 0, 382, 52, 0, 51.35%, 3, 0, 6, 475.91, 395722, 209, 24, 0
892, 15, 152, 382, 52, 0, 51.35%, 3, 0, 6, 484.22, 398194, 209, 24, 0
897, 15, 241, 382, 49, 0, 51.35%, 3, 0, 6, 461.01, 400527, 209, 27, 0
902, 15, 276, 383, 47, 0, 51.35%, 3, 0, 6, 454.39, 402849, 209, 27, 0
907, 15, 349, 383, 47, 0, 51.35%, 3, 0, 6, 464.69, 405328, 209, 27, 0
913, 15, 357, 383, 46, 0, 51.35%, 3, 0, 6, 437.15, 407473, 209, 27, 0
918, 15, 373, 383, 45, 0, 51.35%, 3, 0, 6, 450.01, 409736, 209, 27, 0
923, 16, 34, 385, 44, 0, 51.35%, 3, 0, 6, 445.14, 412007, 209, 27, 0
928, 16, 152, 385, 39, 0, 51.35%, 3, 0, 6, 436.84, 414187, 209, 27, 0
933, 16, 229, 385, 38, 0, 51.35%, 3, 0, 6, 433.20, 416432, 209, 28, 0
938, 16, 312, 385, 37, 0, 51.35%, 3, 0, 6, 447.69, 418691, 209, 28, 0
943, 16, 342, 385, 33, 0, 51.35%, 3, 0, 6, 439.85, 420951, 209, 28, 0
948, 16, 372, 386, 34, 0, 51.35%, 3, 0, 6, 434.29, 423089, 209, 28, 0
953, 17, 34, 387, 35, 0, 51.35%, 3, 0, 6, 440.21, 425383, 209, 28, 0
958, 17, 152, 387, 33, 0, 51.35%, 3, 0, 6, 439.89, 427586, 209, 28, 0
963, 17, 234, 387, 33, 0, 51.35%, 3, 0, 6, 470.65, 429948, 209, 28, 0
968, 17, 327, 387, 33, 0, 51.35%, 4, 0, 6, 427.80, 432222, 209, 29, 0
974, 17, 357, 387, 32, 0, 51.35%, 4, 0, 6, 416.17, 434178, 209, 29, 0
979, 18, 109, 387, 31, 0, 51.35%, 4, 0, 6, 485.18, 436650, 209, 29, 0
984, 18, 204, 387, 30, 0, 51.35%, 4, 0, 6, 472.66, 438938, 209, 32, 0
989, 18, 290, 387, 29, 0, 51.35%, 4, 0, 6, 440.73, 441184, 209, 32, 0
994, 18, 357, 387, 28, 0, 51.35%, 4, 0, 6, 439.60, 443376, 209, 32, 0
999, 18, 382, 387, 26, 0, 51.35%, 4, 0, 6, 436.36, 445574, 209, 32, 0
1004, 19, 77, 387, 25, 0, 51.35%, 4, 0, 6, 442.22, 447733, 209, 32, 0
1009, 19, 219, 387, 25, 0, 51.35%, 4, 0, 6, 456.19, 450045, 209, 34, 0
1014, 19, 315, 387, 24, 0, 51.35%, 4, 0, 6, 458.91, 452364, 209, 34, 0
1019, 19, 334, 388, 24, 0, 51.35%, 4, 0, 6, 412.84, 454434, 209, 34, 0
1024, 19, 359, 388, 24, 0, 51.35%, 4, 0, 6, 424.99, 456589, 209, 34, 0
1029, 19, 387, 388, 24, 0, 51.35%, 5, 0, 6, 410.41, 458702, 209, 36, 0
1035, 20, 88, 388, 23, 0, 51.35%, 5, 0, 6, 427.61, 460910, 209, 36, 0
1040, 20, 196, 388, 22, 0, 51.35%, 5, 0, 6, 407.66, 462943, 209, 39, 0
1045, 20, 283, 388, 21, 0, 51.35%, 5, 0, 6, 424.79, 465076, 209, 39, 0
1050, 20, 357, 388, 20, 0, 51.35%, 5, 0, 6, 437.59, 467254, 209, 39, 0
1055, 21, 388, 389, 21, 1, 51.60%, 5, 0, 6, 458.78, 469544, 210, 39, 0
1060, 22, 68, 389, 20, 0, 51.60%, 5, 0, 6, 455.06, 471878, 210, 39, 0
1065, 22, 152, 389, 19, 0, 51.60%, 5, 0, 6, 446.54, 474059, 210, 39, 0
1070, 22, 256, 389, 19, 0, 51.60%, 5, 0, 6, 433.82, 476206, 210, 39, 0
1075, 22, 342, 389, 17, 0, 51.60%, 5, 0, 6, 458.06, 478535, 210, 39, 0
1080, 22, 372, 389, 16, 0, 51.60%, 5, 0, 6, 430.47, 480777, 210, 39, 0
1085, 23, 18, 389, 15, 0, 51.60%, 5, 0, 6, 455.85, 483145, 210, 39, 0
1090, 23, 152, 389, 14, 0, 51.60%, 5, 0, 6, 472.43, 485492, 210, 41, 0
1095, 23, 228, 389, 13, 0, 51.60%, 5, 0, 6, 431.49, 487582, 210, 41, 0
1100, 23, 311, 389, 11, 0, 51.60%, 5, 0, 6, 422.17, 489736, 210, 41, 0
1105, 23, 372, 389, 11, 0, 51.60%, 5, 0, 6, 423.44, 491860, 210, 42, 0
1110, 23, 389, 390, 11, 1, 51.60%, 5, 0, 6, 420.48, 493960, 210, 42, 0
1115, 24, 390, 395, 15, 1, 60.44%, 5, 0, 6, 430.29, 496114, 246, 42, 0
1120, 24, 390, 396, 16, 1, 60.44%, 5, 0, 6, 433.82, 498209, 246, 42, 0
1126, 24, 390, 397, 17, 1, 60.44%, 5, 0, 6, 433.24, 500400, 246, 42, 0
1131, 24, 391, 397, 16, 4, 60.44%, 5, 0, 6, 423.97, 502519, 246, 42, 0
1136, 24, 391, 397, 16, 4, 60.44%, 5, 0, 6, 441.77, 504799, 246, 42, 0
1141, 24, 394, 410, 27, 2, 60.44%, 5, 0, 6, 398.60, 506841, 246, 42, 0
1146, 24, 394, 410, 27, 2, 60.44%, 5, 0, 6, 315.04, 508336, 246, 42, 0
1151, 24, 395, 415, 31, 2, 60.44%, 5, 0, 6, 359.22, 510078, 246, 42, 0
1156, 24, 395, 438, 54, 2, 60.44%, 5, 0, 6, 423.46, 512291, 246, 42, 0
1161, 24, 395, 446, 62, 2, 60.44%, 5, 0, 6, 465.73, 514626, 246, 42, 0
1166, 24, 395, 449, 65, 2, 60.44%, 5, 0, 6, 450.54, 516888, 246, 42, 0
1171, 24, 395, 450, 66, 2, 60.69%, 5, 0, 6, 413.99, 518967, 247, 42, 0
1176, 24, 395, 452, 68, 2, 60.69%, 5, 0, 6, 420.62, 521117, 247, 42, 0
1181, 24, 395, 453, 69, 2, 60.69%, 5, 0, 6, 407.94, 523228, 247, 42, 0
1186, 24, 395, 456, 72, 2, 60.69%, 5, 0, 6, 430.66, 525393, 247, 42, 0
1191, 24, 395, 459, 75, 2, 60.69%, 5, 0, 6, 432.14, 527542, 247, 42, 0
1197, 24, 395, 459, 75, 2, 60.69%, 5, 0, 6, 431.07, 529726, 247, 42, 0
1202, 24, 395, 459, 75, 2, 60.69%, 5, 0, 6, 419.48, 531862, 247, 42, 0
1207, 24, 395, 460, 76, 2, 60.69%, 5, 0, 6, 413.82, 533917, 247, 42, 0
1212, 24, 395, 462, 78, 2, 60.93%, 5, 0, 6, 421.76, 536091, 248, 42, 0
1217, 24, 395, 462, 78, 2, 60.93%, 5, 0, 6, 415.81, 538211, 248, 42, 0
1222, 24, 395, 462, 78, 2, 60.93%, 5, 0, 6, 429.03, 540443, 248, 42, 0
1227, 24, 395, 462, 78, 2, 60.93%, 5, 0, 6, 417.86, 542523, 248, 42, 0
1232, 24, 395, 462, 78, 2, 60.93%, 5, 0, 6, 417.38, 544707, 248, 42, 0
1237, 24, 395, 462, 78, 2, 60.93%, 5, 0, 6, 431.83, 546875, 248, 42, 0
1242, 24, 395, 463, 79, 2, 60.93%, 5, 0, 6, 423.19, 548978, 248, 42, 0
1247, 24, 395, 463, 79, 2, 60.93%, 5, 0, 6, 440.98, 551282, 248, 42, 0
1252, 24, 395, 463, 79, 2, 60.93%, 5, 0, 6, 427.68, 553458, 248, 42, 0
1257, 24, 395, 463, 79, 2, 60.93%, 5, 0, 6, 424.53, 555586, 248, 42, 0
1263, 24, 395, 463, 79, 2, 60.93%, 5, 0, 6, 423.77, 557746, 248, 42, 0
1268, 24, 395, 463, 79, 2, 60.93%, 5, 0, 6, 438.17, 559930, 248, 42, 0
1273, 24, 395, 463, 79, 2, 60.93%, 5, 0, 6, 442.63, 562162, 248, 42, 0
1278, 24, 416, 463, 77, 3, 60.93%, 5, 0, 6, 388.96, 564006, 248, 42, 0
1283, 24, 449, 463, 76, 2, 60.93%, 5, 0, 6, 406.93, 566102, 248, 42, 0
1288, 25, 313, 479, 90, 4, 61.43%, 5, 0, 6, 445.98, 568360, 250, 43, 0
1293, 25, 478, 479, 87, 1, 61.43%, 5, 0, 6, 444.29, 570565, 250, 43, 0
1298, 26, 40, 479, 86, 0, 61.43%, 5, 0, 6, 454.20, 572900, 250, 43, 0
1303, 26, 161, 479, 86, 0, 61.43%, 5, 0, 6, 448.96, 575114, 250, 49, 0
1308, 26, 261, 479, 85, 0, 61.43%, 5, 0, 6, 420.20, 577240, 250, 49, 0
1313, 26, 333, 479, 84, 0, 61.43%, 5, 0, 6, 421.16, 579494, 250, 49, 0
1318, 26, 384, 479, 83, 0, 61.43%, 5, 0, 6, 440.75, 581716, 250, 49, 0
1323, 26, 396, 479, 83, 0, 61.43%, 5, 0, 6, 443.97, 583936, 250, 49, 0
1328, 26, 417, 479, 80, 0, 61.43%, 5, 0, 6, 441.63, 586128, 250, 49, 0
1333, 26, 440, 479, 76, 0, 61.43%, 5, 0, 6, 424.65, 588344, 250, 49, 0
1339, 26, 450, 479, 74, 0, 61.43%, 5, 0, 6, 422.98, 590512, 250, 49, 0
1344, 26, 460, 479, 71, 0, 61.43%, 5, 0, 6, 436.71, 592744, 250, 49, 0
1349, 26, 472, 479, 68, 0, 61.43%, 5, 0, 6, 424.47, 594888, 250, 49, 0
1354, 27, 18, 479, 67, 0, 61.43%, 5, 0, 6, 437.44, 597074, 250, 50, 0
1359, 27, 150, 479, 67, 0, 61.43%, 5, 0, 6, 447.58, 599326, 250, 50, 0
1364, 27, 247, 479, 66, 0, 61.43%, 5, 0, 6, 458.96, 601632, 250, 51, 0
1369, 27, 336, 479, 66, 0, 61.43%, 5, 0, 6, 474.53, 604023, 250, 51, 0
1374, 27, 378, 479, 65, 0, 61.43%, 5, 0, 6, 457.00, 606302, 250, 51, 0
1379, 27, 389, 479, 64, 0, 61.43%, 5, 0, 6, 412.86, 608306, 250, 51, 0
1384, 27, 393, 479, 63, 0, 61.43%, 5, 0, 6, 427.21, 610477, 250, 51, 0
1389, 27, 414, 479, 61, 0, 61.43%, 5, 0, 6, 434.83, 612598, 250, 51, 0
1394, 27, 427, 479, 58, 0, 61.43%, 5, 0, 6, 441.94, 614830, 250, 51, 0
1399, 27, 436, 479, 55, 0, 61.43%, 5, 0, 6, 415.27, 616950, 250, 51, 0
1404, 27, 454, 479, 52, 0, 61.43%, 5, 0, 6, 438.67, 619174, 250, 51, 0
1409, 27, 456, 479, 50, 0, 61.43%, 5, 0, 6, 414.56, 621262, 250, 51, 0
1414, 27, 460, 479, 47, 0, 61.43%, 5, 0, 6, 428.82, 623454, 250, 51, 0
1419, 27, 476, 479, 45, 0, 61.43%, 6, 0, 6, 440.73, 625747, 250, 53, 0
1424, 28, 60, 480, 46, 0, 61.43%, 6, 0, 6, 420.03, 627853, 250, 53, 0
1429, 28, 202, 480, 46, 0, 61.43%, 6, 0, 6, 444.16, 630138, 250, 59, 0
1435, 28, 316, 480, 46, 0, 61.43%, 6, 0, 6, 468.69, 632503, 250, 61, 0
1440, 28, 379, 480, 46, 0, 61.43%, 6, 0, 6, 475.84, 634836, 250, 61, 0
1445, 28, 393, 480, 46, 0, 61.43%, 6, 0, 6, 464.73, 637138, 250, 61, 0
1450, 28, 422, 480, 43, 0, 61.43%, 6, 0, 6, 412.88, 638996, 250, 61, 0
1455, 28, 422, 483, 46, 0, 61.43%, 6, 0, 6, 413.76, 641137, 250, 61, 0
1460, 28, 422, 484, 47, 0, 61.43%, 6, 0, 6, 436.61, 643352, 250, 61, 0
1465, 28, 422, 484, 47, 0, 61.43%, 6, 0, 6, 454.77, 645769, 250, 61, 0
1470, 28, 422, 484, 47, 0, 61.43%, 6, 0, 6, 480.28, 648208, 250, 61, 0
1475, 28, 422, 484, 47, 0, 61.43%, 6, 0, 6, 455.75, 650485, 250, 61, 0
1480, 28, 433, 484, 45, 0, 61.43%, 6, 0, 6, 456.99, 652799, 250, 61, 0
1485, 28, 446, 484, 42, 0, 61.43%, 6, 0, 6, 432.76, 655008, 250, 61, 0
1491, 28, 452, 484, 40, 0, 61.43%, 6, 0, 6, 417.23, 657064, 250, 61, 0
1496, 28, 461, 485, 39, 0, 61.43%, 6, 0, 6, 433.56, 659311, 250, 61, 0
1501, 28, 461, 486, 40, 0, 61.43%, 6, 0, 6, 432.58, 661574, 250, 61, 0
1506, 28, 469, 486, 37, 0, 61.43%, 6, 0, 6, 427.63, 663714, 250, 61, 0
1511, 28, 482, 486, 37, 0, 61.43%, 6, 0, 6, 440.93, 665950, 250, 61, 0
1516, 28, 484, 486, 35, 0, 61.43%, 6, 0, 6, 426.06, 668126, 250, 61, 0
1521, 29, 104, 487, 35, 0, 61.43%, 6, 0, 6, 456.87, 670446, 250, 61, 0
1526, 29, 219, 487, 35, 0, 61.43%, 6, 0, 6, 451.98, 672681, 250, 65, 0
1531, 29, 307, 487, 34, 0, 61.43%, 6, 0, 6, 440.39, 674878, 250, 65, 0
1536, 29, 342, 487, 33, 0, 61.43%, 6, 0, 6, 433.35, 677116, 250, 65, 0
1541, 29, 370, 487, 32, 0, 61.43%, 6, 0, 6, 395.25, 679095, 250, 66, 0
1546, 29, 393, 487, 32, 0, 61.43%, 6, 0, 6, 407.89, 681176, 250, 66, 0
1551, 29, 433, 487, 29, 0, 61.43%, 6, 0, 6, 426.28, 683296, 250, 66, 0
1556, 29, 440, 487, 28, 0, 61.43%, 6, 0, 6, 421.11, 685408, 250, 66, 0
1561, 29, 470, 487, 28, 0, 61.43%, 6, 0, 6, 426.12, 687624, 250, 66, 0
1567, 29, 476, 488, 27, 0, 61.43%, 6, 0, 6, 423.31, 689751, 250, 66, 0
1572, 30, 16, 488, 24, 0, 61.43%, 6, 0, 6, 413.83, 691863, 250, 66, 0
1577, 30, 138, 488, 24, 0, 61.43%, 6, 0, 6, 417.62, 694012, 250, 68, 0
1582, 30, 228, 488, 24, 0, 61.43%, 6, 0, 6, 431.84, 696301, 250, 73, 0
1587, 30, 313, 488, 24, 0, 61.43%, 6, 0, 6, 441.81, 698586, 250, 74, 0
1592, 30, 349, 488, 24, 0, 61.43%, 6, 0, 6, 439.97, 700785, 250, 74, 0
1597, 30, 391, 488, 24, 0, 61.43%, 6, 0, 6, 413.88, 702852, 250, 74, 0
1602, 30, 424, 488, 22, 0, 61.43%, 6, 0, 6, 392.64, 704784, 250, 74, 0
1608, 30, 435, 488, 20, 0, 61.43%, 6, 0, 6, 453.45, 707242, 250, 74, 0
1613, 30, 451, 488, 18, 0, 61.43%, 6, 0, 6, 409.55, 709244, 250, 74, 0
1618, 30, 472, 488, 17, 0, 61.43%, 6, 0, 6, 428.31, 711508, 250, 74, 0
1623, 30, 485, 488, 16, 0, 61.43%, 6, 0, 6, 446.67, 713752, 250, 74, 0
1628, 31, 98, 488, 15, 0, 61.43%, 6, 0, 6, 437.47, 715971, 250, 74, 0
1633, 31, 207, 488, 15, 0, 61.43%, 6, 0, 6, 457.83, 718261, 250, 82, 0
1638, 31, 333, 488, 15, 0, 61.43%, 6, 0, 6, 475.01, 720629, 250, 82, 0
1643, 31, 387, 488, 15, 0, 61.43%, 6, 0, 6, 460.39, 722881, 250, 82, 0
1648, 31, 399, 488, 15, 0, 61.43%, 6, 0, 6, 404.06, 724963, 250, 82, 0
1653, 31, 438, 488, 12, 0, 61.43%, 6, 0, 6, 382.77, 726733, 250, 82, 0
1658, 31, 474, 488, 12, 0, 61.43%, 6, 0, 6, 431.86, 728953, 250, 82, 0
1663, 32, 77, 489, 11, 0, 61.43%, 6, 0, 6, 437.54, 731284, 250, 82, 0
1668, 32, 152, 489, 11, 0, 61.43%, 6, 0, 6, 424.20, 733444, 250, 82, 0
1673, 32, 274, 489, 11, 0, 61.43%, 6, 0, 6, 404.48, 735548, 250, 82, 0
1679, 32, 357, 489, 11, 0, 61.43%, 6, 0, 6, 412.16, 737674, 250, 83, 0
1684, 32, 389, 489, 11, 0, 61.43%, 6, 0, 6, 421.88, 739861, 250, 83, 0
1689, 32, 421, 489, 9, 0, 61.43%, 6, 0, 6, 424.74, 742049, 250, 83, 0
1694, 32, 460, 489, 8, 0, 61.43%, 6, 0, 6, 426.19, 744245, 250, 83, 0
1699, 33, 235, 490, 8, 1, 61.67%, 6, 0, 6, 431.58, 746418, 251, 83, 0
1704, 33, 474, 490, 8, 1, 61.67%, 6, 0, 6, 430.43, 748600, 251, 84, 0
1709, 34, 73, 490, 7, 0, 61.67%, 6, 0, 6, 426.89, 750782, 251, 84, 0
1714, 34, 180, 490, 7, 0, 61.67%, 6, 0, 6, 438.60, 753071, 251, 89, 0
1719, 34, 305, 490, 7, 0, 61.67%, 6, 0, 6, 445.65, 755334, 251, 89, 0
1725, 34, 357, 490, 6, 0, 61.67%, 6, 0, 6, 451.01, 757600, 251, 89, 0
1730, 34, 466, 490, 5, 0, 61.67%, 6, 0, 6, 404.00, 759660, 251, 89, 0
1735, 35, 77, 490, 5, 0, 61.67%, 6, 0, 6, 457.96, 762008, 251, 89, 0
1740, 35, 201, 490, 5, 0, 61.67%, 6, 0, 6, 457.88, 764312, 251, 93, 0
1745, 35, 296, 490, 5, 0, 61.67%, 6, 0, 6, 451.81, 766605, 251, 93, 0
1750, 35, 346, 490, 5, 0, 61.67%, 6, 0, 6, 404.70, 768550, 251, 94, 0
1755, 35, 429, 490, 5, 0, 61.67%, 6, 0, 6, 520.04, 771178, 251, 94, 0
1760, 35, 479, 490, 5, 0, 61.67%, 6, 0, 6, 470.72, 773473, 251, 94, 0
1765, 38, 3, 492, 5, 0, 62.16%, 6, 0, 6, 473.61, 775853, 253, 94, 0
1770, 38, 98, 492, 5, 0, 62.16%, 6, 0, 6, 470.33, 778209, 253, 94, 0
1775, 38, 188, 492, 5, 0, 62.16%, 6, 0, 6, 497.04, 780705, 253, 100, 0
1780, 38, 307, 492, 5, 0, 62.16%, 6, 0, 6, 473.78, 783123, 253, 100, 0
1785, 38, 382, 492, 5, 0, 62.16%, 6, 0, 6, 463.72, 785504, 253, 100, 0
1790, 38, 397, 492, 5, 0, 62.16%, 6, 0, 6, 414.16, 787569, 253, 100, 0
1796, 38, 452, 492, 3, 0, 62.16%, 6, 0, 6, 413.06, 789701, 253, 100, 0
1801, 38, 487, 492, 3, 0, 62.16%, 6, 0, 6, 428.88, 791896, 253, 100, 0
1806, 39, 424, 493, 4, 1, 62.41%, 6, 0, 6, 442.83, 794140, 254, 100, 0
1806, 39, 425, 493, 4, 1, 62.41%, 6, 0, 6, 436.53, 794353, 254, 100, 0
