# relative_time, cycles_done, cur_item, corpus_count, pending_total, pending_favs, map_size, saved_crashes, saved_hangs, max_depth, execs_per_sec, total_execs, edges_found, total_crashes, servers_count
61, 0, 9, 87, 82, 5, 30.71%, 0, 0, 2, 453.30, 27717, 125, 0, 0
66, 0, 9, 89, 84, 5, 30.96%, 0, 0, 2, 471.66, 30131, 126, 0, 0
71, 0, 9, 89, 84, 5, 30.96%, 0, 0, 2, 461.56, 32408, 126, 0, 0
76, 0, 9, 89, 84, 5, 30.96%, 0, 0, 2, 464.52, 34721, 126, 0, 0
81, 0, 9, 90, 85, 5, 30.96%, 0, 0, 2, 455.05, 37023, 126, 0, 0
86, 0, 9, 91, 86, 5, 30.96%, 0, 0, 2, 463.06, 39397, 126, 0, 0
91, 0, 9, 92, 87, 5, 30.96%, 0, 0, 2, 488.04, 41816, 126, 0, 0
96, 0, 9, 93, 88, 5, 30.96%, 0, 0, 2, 490.61, 44244, 126, 0, 0
101, 0, 9, 93, 88, 5, 30.96%, 0, 0, 2, 430.90, 46447, 126, 0, 0
106, 0, 9, 94, 89, 5, 30.96%, 0, 0, 2, 423.83, 48574, 126, 0, 0
111, 0, 9, 95, 90, 5, 30.96%, 0, 0, 2, 430.29, 50717, 126, 0, 0
116, 0, 9, 96, 91, 5, 30.96%, 0, 0, 2, 437.67, 52892, 126, 0, 0
121, 0, 34, 117, 111, 27, 34.64%, 0, 0, 2, 428.05, 55076, 141, 0, 0
126, 0, 110, 117, 108, 24, 34.64%, 0, 0, 2, 410.18, 57160, 141, 0, 0
131, 0, 110, 117, 108, 24, 34.64%, 0, 0, 2, 377.50, 59104, 141, 0, 0
137, 0, 110, 117, 108, 24, 34.64%, 0, 0, 2, 391.19, 61106, 141, 0, 0
142, 0, 110, 117, 108, 24, 34.64%, 0, 0, 2, 395.20, 63122, 141, 0, 0
147, 0, 3, 118, 102, 18, 34.89%, 0, 0, 3, 408.71, 65188, 142, 0, 0
152, 0, 93, 125, 107, 16, 34.89%, 0, 0, 3, 398.54, 67292, 142, 0, 0
157, 0, 93, 127, 109, 16, 34.89%, 0, 0, 3, 410.99, 69386, 142, 0, 0
162, 0, 93, 130, 112, 16, 34.89%, 0, 0, 3, 432.90, 71639, 142, 0, 0
167, 0, 93, 131, 113, 16, 34.89%, 0, 0, 3, 428.81, 73838, 142, 0, 0
172, 0, 93, 132, 114, 16, 34.89%, 0, 0, 3, 426.86, 76013, 142, 0, 0
177, 0, 93, 134, 116, 16, 34.89%, 0, 0, 3, 435.14, 78251, 142, 0, 0
183, 0, 93, 136, 118, 16, 34.89%, 0, 0, 3, 448.00, 80537, 142, 0, 0
188, 0, 93, 136, 118, 16, 34.89%, 0, 0, 3, 431.92, 82746, 142, 0, 0
193, 0, 93, 136, 118, 16, 34.89%, 0, 0, 3, 441.69, 85010, 142, 0, 0
198, 0, 93, 136, 118, 16, 34.89%, 0, 0, 3, 470.60, 87439, 142, 0, 0
203, 0, 93, 138, 120, 16, 34.89%, 0, 0, 3, 481.49, 89901, 142, 0, 0
208, 0, 93, 138, 120, 16, 34.89%, 0, 0, 3, 445.30, 92096, 142, 0, 0
213, 0, 93, 138, 120, 16, 34.89%, 0, 0, 3, 410.18, 94160, 142, 0, 0
218, 0, 93, 138, 120, 16, 34.89%, 0, 0, 3, 423.28, 96336, 142, 0, 0
223, 0, 93, 140, 122, 16, 34.89%, 0, 0, 3, 435.00, 98550, 142, 0, 0
228, 0, 93, 141, 123, 16, 34.89%, 0, 0, 3, 364.88, 100436, 142, 0, 0
233, 0, 93, 142, 124, 16, 34.89%, 0, 0, 3, 368.61, 102368, 142, 0, 0
238, 0, 93, 142, 124, 16, 34.89%, 0, 0, 3, 400.45, 104452, 142, 0, 0
244, 0, 27, 142, 122, 14, 34.89%, 0, 0, 3, 441.84, 106740, 142, 0, 0
249, 0, 100, 148, 127, 13, 35.63%, 1, 0, 3, 423.84, 108912, 145, 1, 0
254, 0, 140, 151, 128, 13, 35.63%, 1, 0, 4, 441.23, 111117, 145, 1, 0
259, 0, 0, 152, 128, 12, 35.63%, 1, 0, 4, 415.42, 113252, 145, 1, 0
264, 0, 127, 157, 132, 12, 36.86%, 1, 0, 4, 427.13, 115475, 150, 1, 0
269, 0, 127, 158, 133, 12, 36.86%, 1, 0, 4, 438.97, 117738, 150, 1, 0
274, 0, 127, 159, 134, 12, 36.86%, 1, 0, 4, 413.27, 119801, 150, 1, 0
279, 0, 127, 160, 135, 12, 36.86%, 1, 0, 4, 403.81, 121856, 150, 1, 0
284, 0, 127, 161, 136, 12, 36.86%, 1, 0, 4, 444.24, 124087, 150, 1, 0
289, 0, 156, 170, 144, 12, 37.10%, 1, 0, 5, 440.29, 126242, 151, 1, 0
294, 0, 156, 172, 146, 12, 37.84%, 1, 0, 5, 444.82, 128520, 154, 1, 0
299, 0, 156, 174, 148, 12, 37.84%, 1, 0, 5, 446.27, 130782, 154, 1, 0
304, 0, 156, 176, 150, 12, 37.84%, 1, 0, 5, 425.94, 132884, 154, 1, 0
309, 0, 156, 176, 150, 12, 37.84%, 1, 0, 5, 443.74, 135132, 154, 1, 0
315, 0, 156, 177, 151, 12, 37.84%, 1, 0, 5, 444.01, 137395, 154, 1, 0
320, 0, 171, 177, 148, 11, 37.84%, 1, 0, 5, 448.74, 139680, 154, 1, 0
325, 0, 158, 180, 148, 8, 37.84%, 1, 0, 5, 446.96, 141882, 154, 1, 0
330, 0, 158, 182, 150, 8, 37.84%, 1, 0, 5, 460.84, 144227, 154, 1, 0
335, 0, 158, 188, 156, 8, 37.84%, 1, 0, 5, 428.85, 146338, 154, 1, 0
340, 0, 158, 189, 157, 8, 37.84%, 1, 0, 5, 433.01, 148521, 154, 1, 0
345, 0, 158, 190, 158, 8, 37.84%, 1, 0, 5, 453.44, 150844, 154, 1, 0
350, 0, 158, 190, 158, 8, 37.84%, 1, 0, 5, 444.06, 153040, 154, 1, 0
355, 0, 158, 190, 158, 8, 37.84%, 1, 0, 5, 465.60, 155380, 154, 1, 0
360, 0, 158, 190, 158, 8, 37.84%, 1, 0, 5, 446.31, 157612, 154, 1, 0
365, 0, 158, 190, 158, 8, 37.84%, 1, 0, 5, 466.53, 159997, 154, 1, 0
370, 0, 158, 190, 158, 8, 37.84%, 1, 0, 5, 452.27, 162247, 154, 1, 0
375, 0, 158, 191, 159, 8, 37.84%, 1, 0, 5, 426.07, 164399, 154, 1, 0
381, 0, 158, 192, 160, 8, 37.84%, 1, 0, 5, 426.33, 166606, 154, 1, 0
386, 0, 158, 193, 161, 8, 37.84%, 1, 0, 5, 422.21, 168725, 154, 1, 0
391, 0, 158, 193, 161, 8, 37.84%, 1, 0, 5, 426.24, 170861, 154, 1, 0
396, 0, 158, 193, 161, 8, 37.84%, 1, 0, 5, 423.30, 173061, 154, 1, 0
401, 0, 158, 193, 161, 8, 37.84%, 1, 0, 5, 427.78, 175229, 154, 1, 0
406, 0, 158, 193, 161, 8, 37.84%, 1, 0, 5, 446.60, 177485, 154, 1, 0
411, 0, 158, 193, 161, 8, 37.84%, 1, 0, 5, 446.64, 179765, 154, 1, 0
416, 0, 103, 193, 159, 7, 37.84%, 1, 0, 5, 415.89, 181848, 154, 1, 0
421, 0, 103, 205, 171, 7, 38.57%, 1, 0, 5, 410.04, 183970, 157, 1, 0
426, 0, 103, 206, 172, 7, 38.57%, 1, 0, 5, 414.78, 186113, 157, 1, 0
431, 0, 103, 207, 173, 7, 38.57%, 1, 0, 5, 425.93, 188232, 157, 1, 0
436, 0, 103, 208, 174, 7, 38.57%, 1, 0, 5, 423.42, 190367, 157, 1, 0
441, 0, 103, 209, 175, 7, 38.57%, 1, 0, 5, 421.58, 192502, 157, 1, 0
446, 0, 103, 209, 175, 7, 38.57%, 1, 0, 5, 415.97, 194638, 157, 1, 0
452, 0, 103, 209, 175, 7, 38.57%, 1, 0, 5, 436.66, 196902, 157, 1, 0
457, 0, 103, 209, 175, 7, 38.57%, 1, 0, 5, 442.11, 199182, 157, 1, 0
462, 0, 103, 209, 175, 7, 38.57%, 1, 0, 5, 441.24, 201414, 157, 1, 0
467, 0, 103, 209, 175, 7, 38.57%, 1, 0, 5, 421.66, 203534, 157, 1, 0
472, 0, 103, 209, 175, 7, 38.57%, 1, 0, 5, 419.96, 205670, 157, 1, 0
477, 0, 103, 209, 175, 7, 38.57%, 1, 0, 5, 418.25, 207814, 157, 1, 0
482, 0, 103, 210, 176, 7, 38.57%, 1, 0, 5, 443.66, 210157, 157, 1, 0
487, 0, 103, 210, 176, 7, 38.57%, 1, 0, 5, 441.15, 212469, 157, 1, 0
492, 0, 103, 210, 176, 7, 38.57%, 1, 0, 5, 431.83, 214661, 157, 1, 0
497, 0, 103, 210, 176, 7, 38.57%, 1, 0, 5, 428.13, 216813, 157, 1, 0
502, 0, 103, 210, 176, 7, 38.57%, 1, 0, 5, 421.71, 218957, 157, 1, 0
507, 0, 103, 210, 176, 7, 38.57%, 1, 0, 5, 409.23, 221013, 157, 1, 0
512, 0, 210, 214, 178, 9, 39.56%, 1, 0, 5, 421.85, 223198, 161, 1, 0
518, 0, 213, 225, 187, 8, 39.80%, 1, 0, 5, 443.53, 225599, 162, 1, 0
523, 0, 153, 225, 182, 4, 39.80%, 1, 0, 5, 436.13, 227794, 162, 1, 0
528, 0, 144, 225, 179, 1, 39.80%, 1, 0, 5, 431.82, 229915, 162, 1, 0
533, 0, 114, 225, 176, 0, 39.80%, 1, 0, 5, 416.28, 232014, 162, 1, 0
538, 0, 127, 225, 174, 0, 39.80%, 1, 0, 5, 429.03, 234204, 162, 1, 0
543, 0, 144, 225, 168, 0, 39.80%, 1, 0, 5, 450.38, 236490, 162, 1, 0
548, 0, 160, 226, 167, 0, 39.80%, 1, 0, 6, 453.38, 238759, 162, 1, 0
553, 0, 105, 226, 163, 0, 39.80%, 1, 0, 6, 426.70, 240855, 162, 1, 0
558, 0, 60, 227, 161, 0, 40.05%, 1, 0, 6, 439.58, 243068, 163, 1, 0
564, 0, 192, 227, 157, 0, 40.05%, 1, 0, 6, 458.42, 245404, 163, 1, 0
569, 0, 9, 228, 155, 0, 40.05%, 1, 0, 6, 434.50, 247575, 163, 1, 0
574, 0, 34, 229, 152, 0, 40.05%, 1, 0, 6, 449.97, 249825, 163, 1, 0
579, 0, 186, 229, 148, 0, 40.05%, 1, 0, 6, 440.48, 252149, 163, 1, 0
584, 0, 34, 229, 145, 0, 40.05%, 1, 0, 6, 408.19, 254149, 163, 1, 0
589, 0, 143, 229, 140, 0, 40.05%, 1, 0, 6, 450.45, 256466, 163, 1, 0
594, 0, 171, 229, 137, 0, 40.05%, 1, 0, 6, 440.05, 258659, 163, 1, 0
599, 0, 96, 229, 133, 0, 40.05%, 1, 0, 6, 468.41, 261002, 163, 1, 0
604, 0, 168, 232, 132, 0, 40.05%, 1, 0, 6, 443.16, 263250, 163, 1, 0
609, 0, 80, 232, 131, 0, 40.05%, 1, 0, 6, 439.00, 265539, 163, 1, 0
614, 0, 215, 233, 131, 0, 40.05%, 1, 0, 6, 426.81, 267729, 163, 1, 0
620, 0, 129, 233, 130, 0, 40.05%, 1, 0, 6, 411.80, 269802, 163, 1, 0
625, 0, 230, 234, 128, 0, 40.29%, 1, 0, 6, 397.38, 271849, 164, 1, 0
630, 0, 168, 235, 126, 0, 40.29%, 1, 0, 6, 402.07, 273950, 164, 1, 0
635, 0, 166, 235, 123, 0, 40.29%, 1, 0, 6, 416.83, 276093, 164, 1, 0
640, 0, 178, 235, 122, 0, 40.29%, 1, 0, 6, 381.76, 278040, 164, 1, 0
645, 0, 223, 235, 120, 0, 40.29%, 1, 0, 6, 423.01, 280227, 164, 1, 0
650, 1, 205, 235, 117, 0, 40.29%, 1, 0, 6, 427.22, 282405, 164, 1, 0
655, 1, 109, 235, 113, 0, 40.29%, 1, 0, 6, 408.16, 284491, 164, 1, 0
660, 1, 142, 236, 111, 0, 40.29%, 1, 0, 6, 402.09, 286503, 164, 1, 0
665, 1, 195, 236, 109, 0, 40.29%, 1, 0, 6, 398.01, 288539, 164, 1, 0
670, 1, 34, 238, 107, 0, 40.29%, 1, 0, 6, 431.03, 290721, 164, 1, 0
676, 1, 144, 239, 105, 0, 40.29%, 1, 0, 6, 438.99, 292935, 164, 1, 0
681, 1, 118, 239, 101, 0, 40.29%, 1, 0, 6, 424.14, 295165, 164, 1, 0
686, 1, 208, 240, 98, 0, 40.29%, 1, 0, 6, 444.26, 297388, 164, 1, 0
691, 1, 80, 241, 94, 0, 40.29%, 1, 0, 6, 425.91, 299509, 164, 1, 0
696, 1, 239, 241, 94, 0, 40.29%, 1, 0, 6, 406.98, 301613, 164, 1, 0
701, 1, 235, 241, 90, 0, 40.29%, 1, 0, 6, 410.01, 303736, 164, 1, 0
706, 1, 190, 242, 89, 0, 40.54%, 1, 0, 6, 440.47, 305983, 165, 1, 0
711, 1, 219, 242, 85, 0, 40.54%, 1, 0, 6, 438.38, 308177, 165, 1, 0
716, 1, 138, 242, 82, 0, 40.54%, 1, 0, 6, 418.33, 310367, 165, 1, 0
722, 1, 234, 243, 79, 0, 40.54%, 1, 0, 7, 470.54, 312924, 165, 1, 0
727, 1, 43, 243, 74, 0, 40.54%, 1, 0, 7, 484.57, 315335, 165, 1, 0
732, 1, 193, 243, 71, 0, 40.54%, 1, 0, 7, 432.94, 317449, 165, 1, 0
737, 1, 242, 243, 67, 0, 40.54%, 1, 0, 7, 432.05, 319649, 165, 1, 0
742, 1, 206, 243, 64, 0, 40.54%, 1, 0, 7, 440.58, 321926, 165, 1, 0
747, 1, 236, 243, 60, 0, 40.54%, 1, 0, 7, 427.79, 324056, 165, 1, 0
752, 1, 198, 243, 58, 0, 40.54%, 1, 0, 7, 409.77, 326108, 165, 1, 0
757, 1, 242, 243, 55, 0, 40.54%, 1, 0, 7, 425.73, 328314, 165, 1, 0
762, 1, 41, 243, 52, 0, 40.54%, 1, 0, 7, 414.93, 330428, 165, 1, 0
767, 1, 144, 243, 48, 0, 40.54%, 1, 0, 7, 409.71, 332461, 165, 1, 0
772, 1, 243, 244, 47, 1, 41.03%, 1, 0, 7, 417.56, 334613, 167, 1, 0
778, 1, 158, 244, 43, 0, 41.03%, 1, 0, 7, 436.40, 336804, 167, 1, 0
783, 1, 126, 244, 41, 0, 41.03%, 1, 0, 7, 425.21, 338928, 167, 1, 0
788, 1, 218, 244, 39, 0, 41.03%, 1, 0, 7, 432.22, 341093, 167, 1, 0
793, 1, 3, 244, 35, 0, 41.03%, 1, 0, 7, 419.65, 343200, 167, 1, 0
798, 1, 199, 244, 34, 0, 41.03%, 1, 0, 7, 391.81, 345199, 167, 1, 0
803, 1, 217, 244, 31, 0, 41.03%, 1, 0, 7, 429.90, 347418, 167, 1, 0
808, 1, 80, 244, 28, 0, 41.03%, 1, 0, 7, 432.46, 349608, 167, 1, 0
813, 1, 143, 244, 27, 0, 41.03%, 1, 0, 7, 402.72, 351596, 167, 1, 0
818, 2, 253, 277, 60, 6, 42.26%, 1, 0, 7, 410.98, 353682, 172, 1, 0
823, 2, 272, 277, 58, 4, 42.26%, 1, 0, 7, 420.61, 355819, 172, 1, 0
828, 2, 269, 277, 55, 2, 42.26%, 1, 0, 7, 410.83, 357887, 172, 1, 0
833, 2, 71, 277, 52, 0, 42.26%, 4, 0, 7, 431.38, 360101, 172, 4, 0
838, 2, 168, 277, 49, 0, 42.26%, 4, 0, 7, 419.47, 362232, 172, 4, 0
843, 2, 202, 277, 48, 0, 42.26%, 4, 0, 7, 416.78, 364263, 172, 4, 0
848, 2, 251, 277, 47, 0, 42.26%, 5, 0, 7, 418.77, 366394, 172, 5, 0
853, 2, 250, 277, 44, 0, 42.26%, 5, 0, 7, 419.26, 368531, 172, 5, 0
858, 2, 263, 277, 42, 0, 42.26%, 5, 0, 7, 408.01, 370588, 172, 5, 0
863, 2, 35, 277, 40, 0, 42.26%, 5, 0, 7, 450.78, 372982, 172, 5, 0
869, 2, 258, 277, 37, 0, 42.26%, 5, 0, 7, 447.36, 375352, 172, 5, 0
874, 2, 272, 278, 36, 0, 42.26%, 5, 0, 7, 414.45, 377445, 172, 5, 0
879, 2, 92, 278, 34, 0, 42.26%, 5, 0, 7, 409.46, 379502, 172, 5, 0
884, 2, 267, 278, 33, 0, 42.26%, 5, 0, 7, 420.19, 381613, 172, 5, 0
889, 2, 277, 278, 29, 0, 42.26%, 6, 0, 7, 444.01, 383835, 172, 8, 0
894, 2, 92, 278, 26, 0, 42.26%, 6, 0, 7, 426.19, 386060, 172, 8, 0
899, 2, 241, 278, 24, 0, 42.26%, 6, 0, 7, 432.88, 388279, 172, 9, 0
900, 2, 161, 278, 24, 0, 42.26%, 6, 0, 7, 427.52, 388747, 172, 9, 0
