# relative_time, cycles_done, cur_item, corpus_count, pending_total, pending_favs, map_size, saved_crashes, saved_hangs, max_depth, execs_per_sec, total_execs, edges_found, total_crashes, servers_count
61, 0, 9, 97, 92, 3, 31.94%, 0, 0, 2, 461.49, 27260, 130, 0, 0
66, 0, 9, 99, 94, 3, 31.94%, 0, 0, 2, 427.68, 29381, 130, 0, 0
71, 0, 9, 99, 94, 3, 31.94%, 0, 0, 2, 435.17, 31598, 130, 0, 0
76, 0, 9, 101, 96, 3, 31.94%, 0, 0, 2, 416.92, 33668, 130, 0, 0
81, 0, 9, 101, 96, 3, 31.94%, 0, 0, 2, 429.58, 35876, 130, 0, 0
86, 0, 9, 102, 97, 3, 31.94%, 0, 0, 2, 409.84, 37948, 130, 0, 0
91, 0, 9, 102, 97, 3, 31.94%, 0, 0, 2, 510.02, 40671, 130, 0, 0
96, 0, 9, 104, 99, 3, 31.94%, 0, 0, 2, 512.37, 43108, 130, 0, 0
101, 0, 9, 104, 99, 3, 31.94%, 0, 0, 2, 474.43, 45509, 130, 0, 0
106, 0, 9, 107, 102, 3, 31.94%, 0, 0, 2, 471.34, 47879, 130, 0, 0
111, 0, 9, 107, 102, 3, 31.94%, 0, 0, 2, 421.72, 50024, 130, 0, 0
116, 0, 9, 107, 102, 3, 31.94%, 0, 0, 2, 421.62, 52184, 130, 0, 0
122, 0, 9, 107, 102, 3, 31.94%, 0, 0, 2, 439.02, 54432, 130, 0, 0
127, 0, 107, 127, 114, 18, 34.15%, 0, 0, 3, 428.48, 56578, 139, 0, 0
132, 0, 72, 133, 119, 17, 34.15%, 0, 0, 3, 424.05, 58784, 139, 0, 0
137, 0, 72, 133, 119, 17, 34.15%, 0, 0, 3, 433.02, 61000, 139, 0, 0
142, 0, 72, 135, 121, 17, 34.15%, 0, 0, 3, 448.95, 63262, 139, 0, 0
147, 0, 72, 138, 124, 17, 34.15%, 0, 0, 3, 470.12, 65606, 139, 0, 0
152, 0, 72, 139, 125, 17, 34.15%, 0, 0, 3, 444.10, 67851, 139, 0, 0
157, 0, 72, 140, 126, 17, 34.15%, 0, 0, 3, 425.60, 70042, 139, 0, 0
162, 0, 72, 141, 127, 17, 34.15%, 0, 0, 3, 430.91, 72289, 139, 0, 0
167, 0, 72, 143, 129, 17, 34.15%, 0, 0, 3, 408.78, 74335, 139, 0, 0
172, 0, 72, 144, 130, 17, 34.15%, 0, 0, 3, 382.26, 76353, 139, 0, 0
177, 0, 72, 144, 130, 17, 34.15%, 0, 0, 3, 420.86, 78542, 139, 0, 0
182, 0, 72, 144, 130, 17, 34.15%, 0, 0, 3, 413.55, 80454, 139, 0, 0
188, 0, 72, 145, 131, 17, 34.15%, 0, 0, 3, 453.00, 82845, 139, 0, 0
193, 0, 72, 146, 132, 17, 34.15%, 0, 0, 3, 438.70, 85020, 139, 0, 0
198, 0, 72, 146, 132, 17, 34.15%, 0, 0, 3, 451.99, 87262, 139, 0, 0
203, 0, 72, 146, 132, 17, 34.15%, 0, 0, 3, 504.05, 89737, 139, 0, 0
208, 0, 72, 146, 132, 17, 34.15%, 0, 0, 3, 434.01, 91868, 139, 0, 0
213, 0, 72, 146, 132, 17, 34.15%, 0, 0, 3, 429.46, 93996, 139, 0, 0
218, 0, 72, 146, 132, 17, 34.15%, 0, 0, 3, 435.26, 96276, 139, 0, 0
223, 0, 0, 150, 133, 15, 34.15%, 0, 0, 3, 434.97, 98481, 139, 0, 0
228, 0, 102, 155, 137, 14, 34.89%, 0, 0, 3, 426.44, 100753, 142, 0, 0
233, 0, 102, 163, 145, 14, 34.89%, 0, 0, 3, 425.13, 102897, 142, 0, 0
238, 0, 102, 163, 145, 14, 34.89%, 0, 0, 3, 441.84, 105185, 142, 0, 0
243, 0, 102, 165, 147, 14, 34.89%, 0, 0, 3, 415.81, 107223, 142, 0, 0
249, 0, 102, 166, 148, 14, 34.89%, 0, 0, 3, 457.88, 109620, 142, 0, 0
254, 0, 102, 168, 150, 14, 34.89%, 0, 0, 3, 442.14, 111837, 142, 0, 0
259, 0, 102, 169, 151, 14, 34.89%, 0, 0, 3, 415.71, 114012, 142, 0, 0
264, 0, 102, 170, 152, 14, 34.89%, 0, 0, 3, 417.85, 116195, 142, 0, 0
269, 0, 102, 170, 152, 14, 34.89%, 0, 0, 3, 473.73, 118729, 142, 0, 0
274, 0, 102, 172, 154, 14, 34.89%, 0, 0, 3, 468.07, 121074, 142, 0, 0
279, 0, 102, 172, 154, 14, 34.89%, 0, 0, 3, 460.81, 123513, 142, 0, 0
284, 0, 102, 173, 155, 14, 34.89%, 0, 0, 3, 473.48, 125851, 142, 0, 0
289, 0, 102, 174, 156, 14, 35.14%, 0, 0, 3, 437.05, 128119, 143, 0, 0
294, 0, 102, 174, 156, 14, 35.14%, 0, 0, 3, 438.77, 130375, 143, 0, 0
300, 0, 102, 175, 157, 14, 35.14%, 0, 0, 3, 432.95, 132574, 143, 0, 0
305, 0, 102, 175, 157, 14, 35.14%, 0, 0, 3, 455.39, 134874, 143, 0, 0
310, 0, 102, 175, 157, 14, 35.14%, 0, 0, 3, 479.56, 137412, 143, 0, 0
315, 0, 133, 178, 158, 15, 35.14%, 0, 0, 4, 491.59, 139863, 143, 0, 0
320, 0, 83, 178, 153, 11, 35.14%, 0, 0, 4, 523.68, 142590, 143, 0, 0
325, 0, 116, 179, 150, 8, 35.38%, 0, 0, 4, 487.47, 144942, 144, 0, 0
330, 0, 116, 179, 150, 8, 35.38%, 0, 0, 4, 472.63, 147356, 144, 0, 0
335, 0, 116, 179, 150, 8, 35.38%, 0, 0, 4, 428.61, 149516, 144, 0, 0
340, 0, 131, 179, 149, 7, 35.38%, 0, 0, 4, 420.37, 151616, 144, 0, 0
345, 0, 128, 180, 147, 6, 35.87%, 0, 0, 4, 418.38, 153770, 146, 0, 0
351, 0, 109, 180, 143, 2, 35.87%, 0, 0, 4, 487.23, 156232, 146, 0, 0
356, 0, 123, 180, 140, 0, 35.87%, 0, 0, 4, 448.00, 158468, 146, 0, 0
361, 0, 106, 182, 138, 0, 35.87%, 0, 0, 4, 484.99, 160978, 146, 0, 0
366, 0, 25, 184, 134, 0, 35.87%, 0, 0, 4, 432.09, 163188, 146, 0, 0
371, 0, 95, 185, 130, 0, 36.36%, 0, 0, 4, 450.66, 165220, 148, 0, 0
376, 0, 177, 187, 131, 0, 36.36%, 0, 0, 5, 433.93, 167435, 148, 0, 0
381, 0, 110, 187, 127, 0, 36.36%, 0, 0, 5, 441.01, 169717, 148, 0, 0
386, 0, 61, 187, 123, 0, 36.36%, 0, 0, 5, 427.87, 171936, 148, 0, 0
391, 0, 127, 188, 120, 0, 36.36%, 0, 0, 5, 460.92, 174267, 148, 0, 0
396, 0, 192, 193, 123, 4, 45.21%, 0, 0, 5, 445.97, 176522, 184, 0, 0
401, 0, 190, 193, 121, 3, 45.21%, 0, 0, 5, 408.04, 178530, 184, 0, 0
406, 0, 190, 198, 126, 3, 45.21%, 0, 0, 5, 420.55, 180613, 184, 0, 0
411, 0, 190, 200, 128, 3, 45.21%, 0, 0, 5, 427.32, 182643, 184, 0, 0
417, 0, 190, 201, 129, 3, 45.21%, 0, 0, 5, 396.80, 184684, 184, 0, 0
422, 0, 190, 202, 130, 3, 45.45%, 0, 0, 5, 394.56, 186737, 185, 0, 0
427, 0, 190, 204, 132, 3, 45.45%, 0, 0, 5, 423.55, 188903, 185, 0, 0
432, 0, 191, 204, 130, 3, 45.45%, 0, 0, 5, 438.76, 191113, 185, 0, 0
437, 0, 198, 205, 129, 2, 45.45%, 0, 0, 5, 428.87, 193249, 185, 0, 0
442, 0, 189, 205, 128, 1, 45.45%, 0, 0, 5, 421.78, 195337, 185, 0, 0
447, 0, 182, 207, 128, 0, 45.45%, 0, 0, 5, 413.67, 197480, 185, 0, 0
452, 0, 196, 207, 125, 0, 45.45%, 0, 0, 5, 442.63, 199705, 185, 0, 0
457, 0, 94, 207, 122, 0, 45.45%, 0, 0, 5, 415.74, 201797, 185, 0, 0
462, 0, 39, 208, 119, 0, 45.45%, 0, 0, 5, 428.04, 203945, 185, 0, 0
467, 0, 157, 208, 117, 0, 45.45%, 0, 0, 5, 437.74, 206272, 185, 0, 0
472, 0, 203, 209, 116, 0, 45.45%, 0, 0, 5, 440.87, 208498, 185, 0, 0
478, 0, 203, 249, 156, 0, 45.70%, 0, 0, 5, 568.28, 210601, 186, 0, 0
483, 0, 203, 259, 166, 0, 45.95%, 0, 0, 5, 433.75, 212697, 187, 0, 0
488, 0, 203, 261, 168, 0, 45.95%, 0, 0, 5, 442.67, 214983, 187, 0, 0
493, 0, 203, 263, 170, 0, 45.95%, 0, 0, 5, 430.69, 217261, 187, 0, 0
498, 0, 203, 265, 172, 0, 45.95%, 0, 0, 5, 414.75, 219299, 187, 0, 0
503, 0, 256, 266, 171, 2, 45.95%, 0, 0, 6, 439.74, 221550, 187, 0, 0
508, 0, 180, 266, 168, 0, 45.95%, 0, 0, 6, 426.77, 223631, 187, 0, 0
513, 0, 243, 269, 170, 0, 45.95%, 0, 0, 6, 440.44, 225806, 187, 0, 0
518, 0, 269, 270, 169, 1, 46.19%, 0, 0, 6, 203.08, 227929, 188, 0, 0
523, 0, 192, 271, 168, 0, 46.19%, 0, 0, 6, 383.92, 230133, 188, 0, 0
529, 0, 257, 271, 167, 0, 46.19%, 0, 0, 6, 427.73, 232289, 188, 0, 0
534, 0, 224, 271, 162, 0, 46.19%, 0, 0, 6, 409.79, 234405, 188, 0, 0
539, 0, 216, 271, 160, 0, 46.19%, 0, 0, 6, 396.90, 236528, 188, 0, 0
544, 0, 204, 272, 159, 0, 46.19%, 0, 0, 6, 403.59, 238559, 188, 0, 0
549, 0, 262, 273, 160, 0, 46.19%, 0, 0, 6, 393.54, 240555, 188, 0, 0
554, 0, 259, 273, 158, 0, 46.19%, 0, 0, 6, 422.43, 242658, 188, 0, 0
559, 0, 263, 273, 157, 0, 46.19%, 0, 0, 6, 416.92, 244758, 188, 0, 0
564, 0, 214, 273, 155, 0, 46.19%, 0, 0, 6, 417.90, 246896, 188, 0, 0
569, 1, 216, 273, 153, 0, 46.19%, 0, 0, 6, 433.06, 249090, 188, 0, 0
574, 1, 231, 273, 151, 0, 46.19%, 0, 0, 6, 441.70, 251294, 188, 0, 0
579, 1, 217, 273, 149, 0, 46.19%, 0, 0, 6, 411.12, 253372, 188, 0, 0
585, 1, 119, 278, 153, 0, 46.44%, 0, 0, 6, 403.52, 255404, 189, 0, 0
590, 1, 119, 281, 156, 0, 46.44%, 0, 0, 6, 367.64, 257273, 189, 0, 0
595, 1, 119, 282, 157, 0, 46.44%, 0, 0, 6, 379.62, 259212, 189, 0, 0
600, 1, 119, 283, 158, 0, 46.44%, 0, 0, 6, 349.92, 260921, 189, 0, 0
605, 1, 119, 284, 159, 0, 46.44%, 0, 0, 6, 397.05, 263035, 189, 0, 0
610, 1, 119, 287, 162, 0, 46.44%, 0, 0, 6, 376.76, 264932, 189, 0, 0
615, 1, 119, 288, 163, 0, 46.44%, 0, 0, 6, 362.61, 266759, 189, 0, 0
620, 1, 275, 289, 163, 2, 46.44%, 0, 0, 6, 389.92, 268729, 189, 0, 0
625, 1, 277, 289, 161, 1, 46.44%, 0, 0, 6, 370.26, 270570, 189, 0, 0
630, 1, 216, 290, 160, 0, 46.44%, 0, 0, 6, 403.02, 272646, 189, 0, 0
635, 1, 246, 290, 160, 0, 46.44%, 0, 0, 6, 409.74, 274712, 189, 0, 0
640, 1, 266, 292, 159, 0, 46.44%, 0, 0, 6, 445.59, 277032, 189, 0, 0
646, 1, 232, 292, 157, 0, 46.44%, 0, 0, 6, 410.31, 279159, 189, 0, 0
651, 1, 219, 293, 155, 0, 46.44%, 0, 0, 6, 432.18, 281369, 189, 0, 0
656, 1, 192, 294, 151, 0, 46.44%, 0, 0, 6, 456.18, 283711, 189, 0, 0
661, 1, 199, 294, 149, 0, 46.44%, 0, 0, 6, 430.98, 285894, 189, 0, 0
666, 1, 8, 295, 148, 0, 46.68%, 0, 0, 6, 440.73, 288069, 190, 0, 0
671, 1, 228, 295, 146, 0, 46.68%, 0, 0, 6, 414.51, 290149, 190, 0, 0
676, 1, 71, 295, 142, 0, 46.68%, 0, 0, 6, 443.40, 292381, 190, 0, 0
681, 1, 295, 300, 144, 1, 47.42%, 0, 0, 6, 413.45, 294451, 193, 0, 0
686, 1, 255, 300, 142, 1, 47.42%, 0, 0, 6, 417.53, 296656, 193, 0, 0
692, 1, 7, 300, 139, 1, 47.42%, 0, 0, 6, 412.41, 298794, 193, 0, 0
697, 1, 222, 300, 136, 0, 47.42%, 0, 0, 6, 413.03, 300912, 193, 0, 0
702, 1, 78, 301, 131, 0, 47.42%, 0, 0, 6, 431.51, 303101, 193, 0, 0
707, 1, 285, 301, 129, 0, 47.42%, 0, 0, 6, 416.58, 305225, 193, 0, 0
712, 1, 195, 301, 125, 0, 47.42%, 0, 0, 6, 416.03, 307365, 193, 0, 0
717, 1, 194, 301, 119, 0, 47.42%, 0, 0, 6, 447.27, 309659, 193, 0, 0
722, 1, 236, 301, 117, 0, 47.42%, 0, 0, 6, 426.97, 311837, 193, 0, 0
727, 1, 237, 301, 114, 0, 47.42%, 0, 0, 6, 399.73, 313803, 193, 0, 0
732, 1, 282, 302, 114, 0, 47.42%, 0, 0, 6, 401.99, 315802, 193, 0, 0
738, 1, 188, 303, 111, 0, 47.42%, 0, 0, 6, 448.92, 318030, 193, 0, 0
743, 1, 91, 303, 109, 0, 47.42%, 0, 0, 6, 471.62, 320467, 193, 0, 0
748, 1, 218, 303, 107, 0, 47.42%, 0, 0, 6, 452.78, 322810, 193, 0, 0
753, 1, 193, 303, 105, 0, 47.42%, 0, 0, 6, 443.57, 325094, 193, 0, 0
758, 1, 167, 303, 101, 0, 47.42%, 0, 0, 6, 484.63, 327581, 193, 0, 0
763, 1, 280, 303, 98, 0, 47.42%, 0, 0, 6, 428.97, 329748, 193, 0, 0
768, 1, 200, 305, 99, 0, 47.42%, 0, 0, 6, 432.68, 331892, 193, 0, 0
773, 1, 111, 305, 98, 0, 47.42%, 0, 0, 6, 432.02, 334123, 193, 0, 0
778, 1, 216, 305, 95, 0, 47.42%, 0, 0, 6, 429.82, 336263, 193, 0, 0
783, 1, 82, 305, 94, 0, 47.42%, 0, 0, 6, 410.87, 338267, 193, 0, 0
788, 1, 45, 305, 89, 0, 47.42%, 0, 0, 6, 459.76, 340612, 193, 0, 0
793, 1, 229, 305, 87, 0, 47.42%, 0, 0, 6, 420.65, 342668, 193, 0, 0
798, 1, 271, 305, 85, 0, 47.42%, 0, 0, 6, 432.61, 344832, 193, 0, 0
803, 1, 240, 305, 83, 0, 47.42%, 0, 0, 6, 461.99, 347174, 193, 0, 0
808, 1, 265, 305, 79, 0, 47.42%, 0, 0, 6, 447.09, 349400, 193, 0, 0
814, 1, 204, 305, 76, 0, 47.42%, 0, 0, 6, 445.02, 351713, 193, 0, 0
819, 1, 127, 307, 75, 0, 47.67%, 0, 0, 6, 430.41, 353824, 194, 0, 0
824, 1, 284, 307, 74, 0, 47.67%, 0, 0, 6, 417.60, 355920, 194, 0, 0
829, 1, 284, 313, 80, 0, 47.67%, 0, 0, 6, 377.60, 357808, 194, 0, 0
834, 1, 284, 314, 81, 0, 47.67%, 0, 0, 6, 406.31, 359886, 194, 0, 0
839, 1, 284, 314, 81, 0, 47.67%, 0, 0, 6, 416.94, 361931, 194, 0, 0
844, 1, 284, 314, 81, 0, 47.67%, 0, 0, 6, 426.23, 364054, 194, 0, 0
849, 1, 278, 314, 80, 0, 47.67%, 0, 0, 6, 433.82, 366182, 194, 0, 0
854, 1, 47, 314, 77, 0, 47.67%, 0, 0, 6, 476.40, 368640, 194, 0, 0
859, 1, 260, 314, 75, 0, 47.67%, 0, 0, 6, 432.84, 370704, 194, 0, 0
864, 1, 276, 314, 72, 0, 47.67%, 0, 0, 6, 442.77, 372924, 194, 0, 0
869, 1, 244, 314, 71, 0, 47.67%, 0, 0, 6, 454.99, 375119, 194, 0, 0
875, 1, 289, 314, 70, 0, 47.67%, 0, 0, 6, 499.80, 377722, 194, 0, 0
880, 1, 256, 314, 67, 0, 47.67%, 0, 0, 6, 454.50, 379932, 194, 0, 0
885, 1, 253, 314, 66, 0, 47.67%, 0, 0, 6, 437.82, 382069, 194, 0, 0
890, 1, 23, 314, 63, 0, 47.67%, 0, 0, 6, 460.12, 384412, 194, 0, 0
895, 1, 302, 314, 61, 0, 47.67%, 0, 0, 6, 433.46, 386623, 194, 0, 0
900, 1, 254, 314, 59, 0, 47.67%, 0, 0, 6, 411.57, 388677, 194, 0, 0
900, 1, 254, 314, 59, 0, 47.67%, 0, 0, 6, 425.44, 388810, 194, 0, 0
