# relative_time, cycles_done, cur_item, corpus_count, pending_total, pending_favs, map_size, saved_crashes, saved_hangs, max_depth, execs_per_sec, total_execs, edges_found, total_crashes, servers_count
61, 0, 8, 63, 56, 25, 33.42%, 0, 0, 2, 402.51, 26266, 136, 0, 0
66, 0, 8, 63, 56, 25, 33.42%, 0, 0, 2, 416.54, 28346, 136, 0, 0
71, 0, 8, 63, 56, 25, 33.42%, 0, 0, 2, 420.69, 30514, 136, 0, 0
76, 0, 8, 63, 56, 25, 33.42%, 0, 0, 2, 395.30, 32450, 136, 0, 0
81, 0, 8, 63, 56, 25, 33.42%, 0, 0, 2, 430.90, 34698, 136, 0, 0
86, 0, 8, 63, 56, 25, 33.42%, 0, 0, 2, 409.71, 36794, 136, 0, 0
91, 0, 8, 63, 56, 25, 33.42%, 0, 0, 2, 413.38, 38906, 136, 0, 0
96, 0, 8, 63, 56, 25, 33.42%, 0, 0, 2, 395.50, 40914, 136, 0, 0
101, 0, 8, 63, 56, 25, 33.42%, 0, 0, 2, 411.21, 43042, 136, 0, 0
106, 0, 8, 63, 56, 25, 33.42%, 0, 0, 2, 402.95, 45051, 136, 0, 0
111, 0, 8, 63, 56, 25, 33.42%, 0, 0, 2, 379.05, 46948, 136, 0, 0
116, 0, 8, 63, 56, 25, 33.42%, 0, 0, 2, 419.35, 49106, 136, 0, 0
122, 0, 8, 63, 56, 25, 33.42%, 0, 0, 2, 416.25, 51202, 136, 0, 0
127, 0, 8, 63, 56, 25, 33.42%, 0, 0, 2, 411.87, 53275, 136, 0, 0
132, 0, 8, 63, 56, 25, 33.42%, 0, 0, 2, 418.16, 55379, 136, 0, 0
137, 0, 8, 63, 56, 25, 33.42%, 0, 0, 2, 426.48, 57523, 136, 0, 0
142, 0, 8, 63, 56, 25, 33.42%, 0, 0, 2, 401.24, 59521, 136, 0, 0
147, 0, 8, 63, 56, 25, 33.42%, 0, 0, 2, 406.42, 61579, 136, 0, 0
152, 0, 16, 63, 49, 19, 33.42%, 0, 0, 2, 410.90, 63643, 136, 0, 0
157, 0, 21, 81, 64, 16, 33.66%, 0, 0, 2, 454.51, 65917, 137, 0, 0
162, 0, 21, 92, 75, 16, 34.15%, 0, 0, 2, 447.82, 68196, 139, 0, 0
167, 0, 21, 97, 80, 16, 34.40%, 0, 0, 2, 442.11, 70502, 140, 0, 0
172, 0, 21, 99, 82, 16, 34.40%, 0, 0, 2, 455.40, 72844, 140, 0, 0
177, 0, 21, 102, 85, 16, 34.40%, 0, 0, 2, 466.17, 75169, 140, 0, 0
182, 0, 21, 104, 87, 16, 34.40%, 0, 0, 2, 435.78, 77402, 140, 0, 0
187, 0, 21, 104, 87, 16, 34.40%, 0, 0, 2, 444.69, 79626, 140, 0, 0
192, 0, 21, 105, 88, 16, 34.40%, 0, 0, 2, 423.37, 81737, 140, 0, 0
197, 0, 21, 107, 90, 16, 34.40%, 0, 0, 2, 432.84, 83959, 140, 0, 0
203, 0, 21, 108, 91, 16, 34.40%, 0, 0, 2, 453.63, 86266, 140, 0, 0
208, 0, 21, 111, 94, 16, 34.40%, 0, 0, 2, 438.19, 88451, 140, 0, 0
213, 0, 21, 112, 95, 16, 34.40%, 0, 0, 2, 430.22, 90651, 140, 0, 0
218, 0, 21, 115, 98, 16, 34.64%, 0, 0, 2, 433.24, 92896, 141, 0, 0
223, 0, 21, 116, 99, 16, 34.64%, 0, 0, 2, 409.97, 94959, 141, 0, 0
228, 0, 21, 119, 102, 16, 35.63%, 0, 0, 2, 433.63, 97148, 145, 0, 0
233, 0, 21, 119, 102, 16, 35.63%, 0, 0, 2, 423.50, 99228, 145, 0, 0
238, 0, 21, 121, 104, 16, 35.63%, 0, 0, 2, 451.40, 101550, 145, 0, 0
243, 0, 23, 122, 104, 19, 35.63%, 0, 0, 2, 413.46, 103618, 145, 0, 0
248, 0, 33, 128, 106, 16, 35.63%, 0, 0, 2, 449.64, 105985, 145, 0, 0
253, 0, 35, 139, 115, 14, 35.63%, 0, 0, 2, 470.38, 108338, 145, 0, 0
258, 0, 41, 145, 118, 13, 36.36%, 0, 0, 3, 457.91, 110595, 148, 0, 0
263, 0, 41, 154, 127, 13, 36.36%, 0, 0, 3, 426.45, 112730, 148, 0, 0
268, 0, 41, 157, 130, 13, 36.36%, 0, 0, 3, 411.88, 114767, 148, 0, 0
273, 0, 41, 160, 133, 13, 36.36%, 0, 0, 3, 452.63, 117052, 148, 0, 0
278, 0, 41, 163, 136, 13, 37.10%, 0, 0, 3, 429.89, 119257, 151, 0, 0
283, 0, 41, 166, 139, 13, 37.10%, 0, 0, 3, 436.24, 121422, 151, 0, 0
289, 0, 41, 169, 142, 13, 37.10%, 0, 0, 3, 460.64, 123719, 151, 0, 0
294, 0, 56, 169, 140, 12, 37.10%, 0, 0, 3, 409.79, 125835, 151, 0, 0
299, 0, 56, 169, 140, 12, 37.10%, 0, 0, 3, 403.42, 127843, 151, 0, 0
304, 0, 56, 169, 140, 12, 37.10%, 0, 0, 3, 403.88, 129837, 151, 0, 0
309, 0, 89, 170, 138, 9, 37.10%, 0, 0, 3, 410.69, 131881, 151, 0, 0
314, 0, 114, 172, 138, 7, 37.10%, 0, 0, 3, 408.89, 133988, 151, 0, 0
319, 0, 124, 178, 143, 7, 37.10%, 0, 0, 3, 435.36, 136263, 151, 0, 0
324, 0, 124, 181, 146, 7, 37.10%, 0, 0, 3, 450.57, 138540, 151, 0, 0
329, 0, 124, 185, 150, 7, 37.10%, 0, 0, 3, 452.35, 140869, 151, 0, 0
334, 0, 124, 185, 150, 7, 37.10%, 0, 0, 3, 463.17, 143155, 151, 0, 0
339, 0, 138, 186, 150, 7, 37.10%, 0, 0, 3, 456.33, 145408, 151, 0, 0
344, 0, 142, 192, 153, 4, 37.10%, 0, 0, 4, 430.74, 147549, 151, 0, 0
349, 0, 142, 193, 154, 4, 37.10%, 0, 0, 4, 420.19, 149620, 151, 0, 0
354, 0, 142, 195, 156, 4, 37.10%, 0, 0, 4, 448.87, 151906, 151, 0, 0
359, 0, 142, 195, 156, 4, 37.10%, 0, 0, 4, 440.89, 154114, 151, 0, 0
365, 0, 142, 196, 157, 4, 37.35%, 0, 0, 4, 447.81, 156472, 152, 0, 0
370, 0, 142, 196, 157, 4, 37.35%, 0, 0, 4, 447.60, 158713, 152, 0, 0
375, 0, 142, 196, 157, 4, 37.35%, 0, 0, 4, 447.49, 160977, 152, 0, 0
380, 0, 142, 196, 157, 4, 37.35%, 0, 0, 4, 433.90, 163161, 152, 0, 0
385, 0, 142, 196, 157, 4, 37.35%, 0, 0, 4, 441.75, 165409, 152, 0, 0
390, 0, 142, 196, 157, 4, 37.35%, 0, 0, 4, 422.89, 167585, 152, 0, 0
395, 0, 142, 196, 157, 4, 37.35%, 0, 0, 4, 480.43, 170080, 152, 0, 0
400, 0, 142, 196, 157, 4, 37.35%, 0, 0, 4, 446.84, 172303, 152, 0, 0
405, 0, 142, 197, 158, 4, 37.35%, 0, 0, 4, 433.68, 174496, 152, 0, 0
410, 0, 142, 198, 159, 4, 37.35%, 0, 0, 4, 424.11, 176639, 152, 0, 0
415, 0, 142, 198, 159, 4, 37.35%, 0, 0, 4, 425.00, 178791, 152, 0, 0
420, 0, 142, 198, 159, 4, 37.35%, 0, 0, 4, 450.26, 181173, 152, 0, 0
425, 0, 142, 200, 161, 4, 37.35%, 0, 0, 4, 448.76, 183405, 152, 0, 0
430, 0, 163, 203, 163, 5, 37.35%, 0, 0, 4, 435.35, 185587, 152, 0, 0
436, 0, 171, 219, 178, 6, 38.08%, 0, 0, 4, 428.18, 187772, 155, 0, 0
441, 0, 171, 223, 182, 6, 38.08%, 0, 0, 4, 440.13, 190024, 155, 0, 0
446, 0, 171, 225, 184, 6, 38.08%, 0, 0, 4, 429.62, 192230, 155, 0, 0
451, 0, 171, 225, 184, 6, 38.08%, 0, 0, 4, 419.07, 194342, 155, 0, 0
456, 0, 171, 225, 184, 6, 38.08%, 0, 0, 4, 440.84, 196678, 155, 0, 0
461, 0, 171, 226, 185, 6, 38.33%, 0, 0, 4, 453.73, 198949, 156, 0, 0
466, 0, 190, 228, 184, 5, 38.33%, 0, 0, 5, 456.68, 201214, 156, 0, 0
471, 0, 209, 230, 183, 2, 38.33%, 0, 0, 5, 449.81, 203484, 156, 0, 0
476, 1, 35, 230, 177, 0, 38.33%, 0, 0, 5, 447.95, 205825, 156, 0, 0
481, 1, 137, 230, 163, 0, 38.33%, 0, 0, 5, 436.93, 208031, 156, 0, 0
487, 1, 190, 230, 152, 0, 38.33%, 0, 0, 5, 429.16, 210188, 156, 0, 0
492, 1, 203, 233, 153, 0, 38.33%, 0, 0, 5, 434.14, 212369, 156, 0, 0
497, 1, 233, 260, 176, 0, 41.03%, 0, 0, 5, 459.83, 214640, 167, 0, 0
502, 2, 240, 266, 180, 8, 41.03%, 0, 0, 5, 432.64, 216893, 167, 0, 0
507, 2, 249, 266, 176, 4, 41.03%, 1, 0, 5, 434.39, 219130, 167, 1, 0
512, 2, 258, 266, 173, 1, 41.03%, 1, 0, 5, 460.22, 221528, 167, 1, 0
517, 3, 74, 266, 164, 0, 41.03%, 1, 0, 5, 445.58, 223771, 167, 1, 0
522, 3, 138, 266, 145, 0, 41.03%, 1, 0, 5, 458.32, 226153, 167, 1, 0
527, 3, 192, 266, 136, 0, 41.03%, 1, 0, 5, 468.04, 228450, 167, 1, 0
532, 3, 238, 266, 127, 0, 41.03%, 1, 0, 5, 455.64, 230791, 167, 1, 0
537, 4, 187, 269, 127, 1, 41.03%, 1, 0, 5, 440.41, 233051, 167, 1, 0
542, 5, 11, 270, 125, 0, 41.28%, 1, 0, 5, 465.96, 235457, 168, 1, 0
547, 5, 80, 271, 121, 0, 41.28%, 1, 0, 5, 444.78, 237723, 168, 1, 0
553, 5, 171, 271, 111, 0, 41.28%, 1, 0, 5, 434.15, 239916, 168, 1, 0
558, 5, 214, 271, 106, 0, 41.28%, 1, 0, 5, 437.28, 242156, 168, 1, 0
563, 5, 250, 271, 100, 0, 41.28%, 2, 0, 5, 445.37, 244415, 168, 2, 0
568, 5, 270, 273, 98, 0, 41.28%, 2, 0, 5, 443.86, 246650, 168, 2, 0
573, 6, 17, 274, 97, 0, 41.28%, 2, 0, 5, 443.60, 248875, 168, 2, 0
578, 6, 110, 274, 90, 0, 41.28%, 2, 0, 5, 433.60, 251079, 168, 2, 0
583, 6, 189, 274, 83, 0, 41.28%, 2, 0, 5, 434.97, 253293, 168, 2, 0
588, 6, 235, 274, 78, 0, 41.28%, 2, 0, 5, 429.89, 255475, 168, 2, 0
593, 6, 268, 274, 76, 0, 41.28%, 2, 0, 5, 438.54, 257637, 168, 2, 0
598, 8, 3, 278, 77, 0, 41.77%, 2, 0, 5, 434.36, 259796, 170, 2, 0
603, 9, 279, 280, 74, 1, 42.26%, 3, 0, 5, 454.86, 262139, 172, 3, 0
608, 9, 279, 283, 77, 1, 42.75%, 3, 0, 5, 456.40, 264493, 174, 4, 0
613, 9, 279, 284, 78, 1, 42.75%, 3, 0, 5, 440.52, 266722, 174, 4, 0
618, 9, 279, 284, 78, 1, 42.75%, 3, 0, 5, 460.91, 269118, 174, 4, 0
623, 9, 279, 284, 78, 1, 42.75%, 4, 0, 5, 449.19, 271363, 174, 5, 0
628, 9, 283, 284, 75, 0, 42.75%, 4, 0, 5, 456.06, 273661, 174, 5, 0
634, 11, 32, 287, 76, 0, 43.00%, 5, 0, 5, 438.26, 275950, 175, 6, 0
639, 11, 160, 287, 65, 0, 43.00%, 7, 0, 5, 462.21, 278263, 175, 9, 0
644, 11, 219, 288, 60, 0, 43.00%, 7, 0, 5, 470.54, 280580, 175, 9, 0
649, 11, 261, 289, 59, 0, 43.00%, 7, 0, 5, 446.00, 282798, 175, 9, 0
654, 11, 282, 289, 58, 0, 43.00%, 7, 0, 5, 458.61, 285141, 175, 16, 0
659, 12, 15, 290, 57, 0, 43.00%, 7, 0, 5, 456.34, 287533, 175, 16, 0
664, 12, 139, 290, 52, 0, 43.00%, 7, 0, 5, 441.42, 289747, 175, 18, 0
669, 12, 209, 290, 49, 0, 43.00%, 7, 0, 5, 429.40, 291884, 175, 18, 0
674, 12, 254, 291, 48, 0, 43.00%, 7, 0, 5, 455.89, 294228, 175, 18, 0
679, 12, 282, 291, 45, 0, 43.00%, 7, 0, 5, 456.39, 296539, 175, 20, 0
684, 13, 111, 291, 43, 0, 43.00%, 7, 0, 5, 462.58, 298891, 175, 20, 0
690, 13, 221, 291, 40, 0, 43.00%, 7, 0, 5, 448.95, 301211, 175, 22, 0
695, 13, 267, 291, 38, 0, 43.00%, 7, 0, 5, 458.97, 303564, 175, 22, 0
700, 13, 277, 292, 37, 0, 43.00%, 7, 0, 5, 425.05, 305630, 175, 26, 0
705, 14, 292, 315, 60, 1, 50.61%, 7, 0, 5, 424.42, 307773, 206, 26, 0
710, 14, 292, 317, 62, 1, 50.61%, 7, 0, 5, 418.81, 309923, 206, 26, 0
715, 14, 292, 320, 65, 1, 50.86%, 7, 0, 5, 463.12, 312306, 207, 26, 0
720, 14, 292, 320, 65, 1, 50.86%, 7, 0, 5, 445.67, 314616, 207, 26, 0
725, 14, 292, 321, 66, 1, 50.86%, 7, 0, 5, 441.99, 316831, 207, 26, 0
730, 14, 292, 322, 67, 1, 50.86%, 7, 0, 5, 449.42, 319142, 207, 26, 0
735, 14, 292, 322, 67, 1, 50.86%, 7, 0, 5, 400.10, 321118, 207, 26, 0
740, 14, 292, 322, 67, 1, 50.86%, 7, 0, 5, 433.94, 323390, 207, 26, 0
745, 14, 292, 322, 67, 1, 50.86%, 7, 0, 5, 440.10, 325670, 207, 26, 0
751, 14, 292, 322, 67, 1, 50.86%, 7, 0, 5, 448.99, 327972, 207, 26, 0
756, 14, 292, 322, 67, 1, 50.86%, 7, 0, 5, 448.77, 330303, 207, 26, 0
761, 14, 292, 322, 67, 1, 50.86%, 7, 0, 5, 456.18, 332607, 207, 26, 0
766, 14, 292, 322, 67, 1, 50.86%, 7, 0, 5, 439.60, 334791, 207, 26, 0
771, 14, 292, 322, 67, 1, 50.86%, 7, 0, 5, 428.03, 336959, 207, 26, 0
776, 14, 292, 322, 67, 1, 50.86%, 7, 0, 5, 433.69, 339183, 207, 26, 0
781, 14, 292, 322, 67, 1, 50.86%, 7, 0, 5, 423.63, 341295, 207, 26, 0
786, 14, 292, 322, 67, 1, 50.86%, 7, 0, 5, 443.55, 343599, 207, 26, 0
791, 14, 292, 322, 67, 1, 50.86%, 7, 0, 5, 443.58, 345837, 207, 26, 0
796, 14, 292, 322, 67, 1, 50.86%, 7, 0, 5, 428.03, 347975, 207, 26, 0
801, 14, 292, 322, 67, 1, 50.86%, 7, 0, 5, 405.84, 349991, 207, 26, 0
806, 14, 292, 322, 67, 1, 50.86%, 7, 0, 5, 429.14, 352191, 207, 26, 0
812, 14, 292, 323, 68, 1, 50.86%, 7, 0, 5, 423.81, 354406, 207, 26, 0
817, 14, 292, 323, 68, 1, 50.86%, 7, 0, 5, 436.53, 356686, 207, 26, 0
822, 14, 299, 323, 66, 6, 50.86%, 7, 0, 5, 436.41, 358929, 207, 26, 0
827, 14, 303, 324, 65, 4, 50.86%, 7, 0, 5, 424.94, 361078, 207, 26, 0
832, 14, 304, 326, 66, 3, 50.86%, 7, 0, 5, 443.25, 363264, 207, 26, 0
837, 14, 310, 349, 88, 2, 50.86%, 7, 0, 5, 369.42, 365198, 207, 26, 0
842, 14, 310, 354, 93, 2, 51.11%, 7, 0, 5, 324.62, 366766, 208, 26, 0
847, 14, 310, 354, 93, 2, 51.11%, 7, 0, 5, 310.19, 368308, 208, 26, 0
852, 14, 317, 354, 92, 3, 51.11%, 7, 0, 5, 379.32, 370290, 208, 26, 0
857, 14, 317, 359, 97, 3, 51.11%, 7, 0, 5, 417.29, 372475, 208, 26, 0
862, 14, 317, 359, 97, 3, 51.11%, 7, 0, 5, 449.40, 374739, 208, 26, 0
867, 14, 317, 359, 97, 3, 51.11%, 7, 0, 5, 448.11, 376963, 208, 26, 0
873, 14, 317, 359, 97, 3, 51.11%, 7, 0, 5, 433.08, 379083, 208, 26, 0
878, 14, 317, 359, 97, 3, 51.11%, 7, 0, 5, 436.31, 381275, 208, 26, 0
883, 14, 328, 359, 96, 2, 51.11%, 7, 0, 5, 422.99, 383403, 208, 26, 0
888, 14, 359, 367, 102, 1, 51.35%, 7, 0, 5, 423.81, 385606, 209, 26, 0
893, 14, 364, 368, 102, 0, 51.35%, 7, 0, 6, 465.21, 387967, 209, 26, 0
898, 15, 379, 391, 124, 2, 51.60%, 7, 0, 6, 422.14, 390014, 210, 26, 0
903, 15, 388, 392, 121, 0, 51.60%, 7, 0, 6, 388.75, 391947, 210, 26, 0
908, 16, 392, 393, 118, 1, 51.84%, 7, 0, 6, 381.97, 393835, 211, 26, 0
913, 17, 3, 394, 118, 0, 51.84%, 7, 0, 6, 430.74, 396091, 211, 26, 0
918, 17, 138, 394, 115, 0, 51.84%, 7, 0, 6, 429.13, 398264, 211, 29, 0
923, 17, 214, 394, 115, 0, 51.84%, 7, 0, 6, 446.79, 400526, 211, 29, 0
928, 17, 268, 394, 113, 0, 51.84%, 7, 0, 6, 440.76, 402754, 211, 29, 0
933, 17, 293, 394, 112, 0, 51.84%, 7, 0, 6, 426.67, 404834, 211, 32, 0
938, 17, 302, 394, 110, 0, 51.84%, 7, 0, 6, 433.99, 407070, 211, 32, 0
943, 17, 309, 394, 109, 0, 51.84%, 7, 0, 6, 419.51, 409150, 211, 32, 0
948, 17, 331, 394, 106, 0, 51.84%, 7, 0, 6, 385.83, 411182, 211, 32, 0
953, 17, 340, 395, 104, 0, 51.84%, 7, 0, 6, 314.09, 412739, 211, 32, 0
958, 17, 347, 396, 101, 0, 51.84%, 7, 0, 6, 311.37, 414330, 211, 32, 0
963, 17, 395, 396, 99, 1, 51.84%, 7, 0, 6, 399.84, 416471, 211, 32, 0
969, 19, 34, 398, 98, 0, 51.84%, 7, 0, 6, 411.34, 418596, 211, 32, 0
974, 19, 171, 398, 95, 0, 51.84%, 7, 0, 6, 415.87, 420730, 211, 33, 0
979, 19, 238, 398, 94, 0, 51.84%, 7, 0, 6, 401.08, 422723, 211, 33, 0
984, 19, 272, 398, 93, 0, 51.84%, 8, 0, 6, 436.06, 424976, 211, 39, 0
989, 19, 295, 399, 93, 0, 51.84%, 8, 0, 6, 421.33, 427079, 211, 39, 0
994, 19, 305, 399, 93, 0, 51.84%, 8, 0, 6, 431.71, 429279, 211, 39, 0
999, 19, 317, 399, 89, 0, 51.84%, 8, 0, 6, 438.14, 431499, 211, 39, 0
1004, 19, 353, 399, 85, 0, 51.84%, 8, 0, 6, 383.77, 433526, 211, 39, 0
1009, 19, 361, 399, 83, 0, 51.84%, 8, 0, 6, 402.40, 435566, 211, 39, 0
1014, 19, 379, 399, 79, 0, 51.84%, 8, 0, 6, 425.52, 437859, 211, 39, 0
1019, 19, 393, 399, 77, 0, 51.84%, 8, 0, 6, 431.38, 440127, 211, 39, 0
1025, 19, 397, 399, 75, 0, 51.84%, 8, 0, 6, 365.92, 441826, 211, 39, 0
1030, 20, 400, 401, 77, 1, 51.84%, 8, 0, 6, 408.71, 443998, 211, 41, 0
1035, 21, 94, 401, 75, 0, 51.84%, 8, 0, 6, 425.58, 446160, 211, 41, 0
1040, 21, 209, 401, 74, 0, 51.84%, 8, 0, 6, 423.35, 448268, 211, 42, 0
1045, 21, 258, 401, 73, 0, 51.84%, 8, 0, 6, 427.05, 450439, 211, 42, 0
1050, 21, 284, 401, 73, 0, 51.84%, 8, 0, 6, 430.74, 452540, 211, 43, 0
1055, 21, 304, 401, 70, 0, 51.84%, 8, 0, 6, 435.20, 454725, 211, 43, 0
1060, 21, 342, 401, 65, 0, 51.84%, 8, 0, 6, 355.32, 456531, 211, 43, 0
1065, 21, 363, 402, 64, 0, 51.84%, 8, 0, 6, 396.18, 458488, 211, 43, 0
1070, 21, 379, 402, 61, 0, 51.84%, 8, 0, 6, 421.69, 460684, 211, 43, 0
1075, 21, 397, 402, 60, 0, 51.84%, 8, 0, 6, 438.11, 462948, 211, 43, 0
1080, 21, 400, 402, 59, 0, 51.84%, 8, 0, 6, 454.29, 465252, 211, 43, 0
1085, 22, 114, 402, 58, 0, 51.84%, 8, 0, 6, 469.81, 467611, 211, 43, 0
1090, 22, 195, 402, 57, 0, 51.84%, 8, 0, 6, 442.06, 469772, 211, 44, 0
1095, 22, 251, 402, 57, 0, 51.84%, 8, 0, 6, 439.74, 471957, 211, 44, 0
1100, 22, 285, 403, 58, 0, 51.84%, 8, 0, 6, 439.78, 474174, 211, 48, 0
1105, 22, 304, 403, 56, 0, 51.84%, 8, 0, 6, 443.01, 476399, 211, 49, 0
1110, 22, 327, 403, 54, 0, 51.84%, 8, 0, 6, 413.37, 478551, 211, 49, 0
1116, 22, 365, 403, 52, 0, 51.84%, 8, 0, 6, 404.16, 480515, 211, 49, 0
1121, 22, 367, 403, 50, 0, 51.84%, 8, 0, 6, 457.41, 482825, 211, 49, 0
1126, 22, 400, 403, 49, 0, 51.84%, 8, 0, 6, 445.45, 485071, 211, 49, 0
1131, 23, 11, 403, 48, 0, 51.84%, 8, 0, 6, 428.87, 487245, 211, 49, 0
1136, 23, 93, 403, 46, 0, 51.84%, 8, 0, 6, 447.10, 489537, 211, 49, 0
1141, 23, 193, 403, 43, 0, 51.84%, 8, 0, 6, 441.42, 491796, 211, 50, 0
1146, 23, 250, 403, 40, 0, 51.84%, 8, 0, 6, 437.44, 494059, 211, 50, 0
1151, 23, 278, 403, 39, 0, 51.84%, 8, 0, 6, 441.08, 496330, 211, 51, 0
1156, 23, 305, 403, 38, 0, 51.84%, 8, 0, 6, 463.89, 498769, 211, 51, 0
1162, 23, 377, 403, 35, 0, 51.84%, 8, 0, 6, 391.87, 500745, 211, 51, 0
1167, 23, 400, 403, 34, 0, 51.84%, 8, 0, 6, 432.23, 502938, 211, 51, 0
1172, 24, 22, 403, 34, 0, 51.84%, 8, 0, 6, 440.83, 505107, 211, 51, 0
1177, 24, 142, 404, 34, 0, 51.84%, 8, 0, 6, 444.97, 507347, 211, 53, 0
1182, 24, 240, 404, 33, 0, 51.84%, 8, 0, 6, 445.85, 509640, 211, 53, 0
1187, 24, 277, 404, 33, 0, 51.84%, 8, 0, 6, 449.44, 511877, 211, 56, 0
1192, 24, 348, 404, 30, 0, 51.84%, 8, 0, 6, 406.92, 513959, 211, 56, 0
1197, 24, 392, 404, 29, 0, 51.84%, 8, 0, 6, 436.05, 516083, 211, 56, 0
1202, 25, 33, 404, 28, 0, 51.84%, 8, 0, 6, 455.31, 518371, 211, 56, 0
1207, 25, 190, 404, 28, 0, 51.84%, 8, 0, 6, 466.60, 520783, 211, 56, 0
1212, 25, 240, 404, 28, 0, 51.84%, 8, 0, 6, 452.92, 523125, 211, 56, 0
1217, 25, 277, 404, 28, 0, 51.84%, 8, 0, 6, 472.61, 525509, 211, 59, 0
1222, 25, 351, 404, 26, 0, 51.84%, 8, 0, 6, 421.18, 527638, 211, 59, 0
1227, 25, 366, 405, 25, 0, 51.84%, 8, 0, 6, 438.81, 529930, 211, 59, 0
1232, 25, 385, 406, 24, 0, 51.84%, 8, 0, 6, 429.41, 532059, 211, 59, 0
1237, 25, 405, 406, 24, 0, 51.84%, 8, 0, 6, 440.28, 534279, 211, 59, 0
1243, 26, 138, 406, 23, 0, 51.84%, 8, 0, 6, 435.12, 536505, 211, 60, 0
1248, 26, 234, 406, 22, 0, 51.84%, 8, 0, 6, 458.86, 538846, 211, 61, 0
1253, 26, 279, 406, 22, 0, 51.84%, 8, 0, 6, 484.70, 541248, 211, 62, 0
1258, 26, 321, 406, 21, 0, 51.84%, 8, 0, 6, 429.55, 543386, 211, 62, 0
1263, 26, 374, 406, 18, 0, 51.84%, 8, 0, 6, 372.22, 545279, 211, 62, 0
1268, 26, 400, 406, 15, 0, 51.84%, 8, 0, 6, 415.67, 547314, 211, 62, 0
1273, 27, 94, 408, 16, 0, 51.84%, 8, 0, 6, 447.99, 549613, 211, 62, 0
1278, 27, 238, 408, 16, 0, 51.84%, 8, 0, 6, 444.98, 551823, 211, 62, 0
1283, 27, 277, 408, 16, 0, 51.84%, 8, 0, 6, 439.21, 554074, 211, 70, 0
1288, 27, 380, 408, 16, 0, 51.84%, 8, 0, 6, 447.31, 556333, 211, 70, 0
1293, 28, 34, 408, 14, 0, 51.84%, 8, 0, 6, 450.17, 558664, 211, 70, 0
1298, 28, 156, 408, 14, 0, 51.84%, 8, 0, 6, 440.71, 560911, 211, 72, 0
1303, 28, 250, 408, 14, 0, 51.84%, 8, 0, 6, 462.47, 563294, 211, 72, 0
1309, 28, 312, 408, 14, 0, 51.84%, 8, 0, 6, 449.55, 565541, 211, 72, 0
1314, 28, 361, 408, 14, 0, 51.84%, 8, 0, 6, 407.27, 567575, 211, 72, 0
1319, 28, 392, 408, 13, 0, 51.84%, 8, 0, 6, 479.31, 570104, 211, 72, 0
1324, 29, 33, 408, 12, 0, 51.84%, 8, 0, 6, 465.98, 572408, 211, 72, 0
1329, 29, 190, 408, 11, 0, 51.84%, 8, 0, 6, 455.16, 574696, 211, 73, 0
1334, 29, 253, 408, 11, 0, 51.84%, 8, 0, 6, 460.37, 577002, 211, 73, 0
1339, 29, 283, 408, 10, 0, 51.84%, 8, 0, 6, 463.04, 579365, 211, 78, 0
1344, 29, 386, 408, 10, 0, 51.84%, 8, 0, 6, 446.77, 581614, 211, 78, 0
1349, 30, 12, 408, 10, 0, 51.84%, 8, 0, 6, 450.92, 583966, 211, 78, 0
1354, 30, 160, 408, 10, 0, 51.84%, 8, 0, 6, 459.98, 586304, 211, 79, 0
1359, 30, 249, 408, 10, 0, 51.84%, 8, 0, 6, 450.70, 588579, 211, 79, 0
1365, 30, 297, 408, 10, 0, 51.84%, 8, 0, 6, 451.72, 590974, 211, 82, 0
1370, 30, 392, 408, 9, 0, 51.84%, 8, 0, 6, 458.08, 593288, 211, 82, 0
1375, 31, 34, 408, 8, 0, 51.84%, 8, 0, 6, 443.11, 595509, 211, 82, 0
1380, 31, 195, 408, 8, 0, 51.84%, 8, 0, 6, 450.03, 597793, 211, 83, 0
1385, 31, 258, 408, 8, 0, 51.84%, 8, 0, 6, 452.76, 600090, 211, 83, 0
1390, 31, 299, 408, 8, 0, 51.84%, 8, 0, 6, 429.50, 602270, 211, 86, 0
1395, 31, 370, 408, 8, 0, 51.84%, 8, 0, 6, 364.99, 604095, 211, 86, 0
1400, 32, 409, 411, 10, 1, 53.07%, 8, 0, 6, 438.38, 606459, 216, 86, 0
1405, 33, 97, 411, 8, 0, 53.07%, 8, 0, 6, 439.33, 608764, 216, 86, 0
1410, 33, 238, 411, 8, 0, 53.07%, 8, 0, 6, 431.66, 610971, 216, 86, 0
1415, 33, 277, 411, 8, 0, 53.07%, 8, 0, 6, 438.99, 613139, 216, 92, 0
1420, 33, 364, 411, 7, 0, 53.07%, 8, 0, 6, 407.84, 615191, 216, 92, 0
1425, 33, 398, 411, 7, 0, 53.07%, 8, 0, 6, 445.37, 617405, 216, 92, 0
1431, 34, 56, 411, 7, 0, 53.07%, 8, 0, 6, 480.91, 619886, 216, 92, 0
1436, 34, 222, 411, 7, 0, 53.07%, 8, 0, 6, 448.52, 622211, 216, 93, 0
1441, 34, 279, 411, 7, 0, 53.07%, 8, 0, 6, 469.17, 624619, 216, 99, 0
1446, 34, 308, 411, 7, 0, 53.07%, 8, 0, 6, 462.15, 627009, 216, 99, 0
1451, 34, 392, 411, 6, 0, 53.07%, 8, 0, 6, 385.96, 628874, 216, 99, 0
1456, 35, 31, 412, 6, 0, 53.07%, 8, 0, 6, 437.30, 631185, 216, 99, 0
1461, 35, 171, 412, 6, 0, 53.07%, 8, 0, 6, 438.96, 633401, 216, 100, 0
1466, 35, 238, 412, 6, 0, 53.07%, 8, 0, 6, 408.41, 635462, 216, 100, 0
1472, 35, 277, 412, 6, 0, 53.07%, 8, 0, 6, 425.83, 637634, 216, 106, 0
1477, 35, 323, 412, 6, 0, 53.07%, 8, 0, 6, 433.02, 639836, 216, 106, 0
1482, 35, 400, 412, 6, 0, 53.07%, 8, 0, 6, 440.95, 642020, 216, 106, 0
1487, 36, 357, 444, 38, 5, 61.92%, 8, 0, 6, 416.84, 644159, 252, 106, 0
1492, 36, 415, 448, 41, 4, 62.41%, 8, 0, 6, 340.72, 645822, 254, 106, 0
1497, 36, 415, 449, 42, 4, 62.41%, 8, 0, 6, 336.69, 647503, 254, 106, 0
1502, 36, 415, 450, 43, 4, 62.41%, 8, 0, 6, 329.33, 649196, 254, 106, 0
1507, 36, 415, 451, 44, 4, 62.41%, 8, 0, 6, 327.72, 650847, 254, 106, 0
1512, 36, 415, 451, 44, 4, 62.41%, 8, 0, 6, 318.72, 652467, 254, 106, 0
1517, 36, 415, 452, 45, 4, 62.41%, 8, 0, 6, 316.90, 654064, 254, 106, 0
1522, 36, 428, 458, 49, 5, 62.41%, 8, 0, 6, 421.12, 656265, 254, 106, 0
1527, 36, 428, 462, 53, 5, 62.41%, 8, 0, 6, 409.27, 658365, 254, 106, 0
1533, 36, 428, 463, 54, 5, 62.65%, 8, 0, 6, 444.44, 660536, 255, 106, 0
1538, 36, 428, 466, 57, 5, 62.65%, 8, 0, 6, 422.36, 662737, 255, 106, 0
1543, 36, 428, 467, 58, 5, 62.65%, 8, 0, 6, 428.77, 664912, 255, 106, 0
1548, 36, 428, 467, 58, 5, 62.65%, 8, 0, 6, 458.83, 667202, 255, 106, 0
1553, 36, 434, 470, 60, 6, 62.65%, 8, 0, 6, 462.72, 669466, 255, 106, 0
1558, 36, 434, 471, 61, 6, 62.90%, 8, 0, 6, 457.56, 671733, 256, 106, 0
1563, 36, 434, 471, 61, 6, 62.90%, 8, 0, 6, 431.33, 673891, 256, 106, 0
1568, 36, 446, 471, 58, 4, 62.90%, 8, 0, 6, 430.11, 676049, 256, 106, 0
1573, 36, 462, 474, 59, 2, 63.39%, 8, 0, 6, 424.66, 678132, 258, 106, 0
1579, 36, 470, 475, 59, 3, 63.39%, 8, 0, 6, 418.95, 680288, 258, 106, 0
1584, 36, 470, 484, 68, 3, 63.39%, 8, 0, 6, 452.42, 682574, 258, 106, 0
1589, 36, 470, 485, 69, 3, 63.39%, 8, 0, 6, 432.89, 684783, 258, 106, 0
1594, 36, 470, 485, 69, 3, 63.39%, 8, 0, 6, 416.85, 686911, 258, 106, 0
1599, 36, 470, 485, 69, 3, 63.39%, 8, 0, 6, 431.45, 689119, 258, 106, 0
1604, 36, 472, 485, 68, 3, 63.39%, 8, 0, 6, 425.55, 691271, 258, 106, 0
1609, 36, 485, 491, 70, 0, 63.39%, 8, 0, 6, 404.39, 693371, 258, 106, 0
1614, 38, 27, 492, 70, 0, 63.39%, 8, 0, 6, 410.40, 695425, 258, 106, 0
1619, 38, 190, 492, 70, 0, 63.39%, 8, 0, 6, 442.48, 697706, 258, 106, 0
1624, 38, 272, 492, 70, 0, 63.39%, 8, 0, 6, 467.78, 700098, 258, 110, 0
1629, 38, 300, 492, 70, 0, 63.39%, 8, 0, 6, 438.43, 702306, 258, 110, 0
1634, 38, 317, 492, 69, 0, 63.39%, 8, 0, 6, 427.78, 704432, 258, 110, 0
1640, 38, 409, 492, 69, 0, 63.39%, 8, 0, 6, 445.49, 706672, 258, 110, 0
1645, 38, 426, 493, 66, 0, 63.39%, 8, 0, 6, 467.62, 709076, 258, 110, 0
1650, 38, 434, 493, 63, 0, 63.39%, 8, 0, 6, 455.10, 711447, 258, 110, 0
1655, 38, 448, 493, 59, 0, 63.39%, 8, 0, 6, 431.43, 713599, 258, 110, 0
1660, 38, 461, 493, 55, 0, 63.39%, 8, 0, 6, 447.56, 715847, 258, 110, 0
1665, 38, 473, 493, 51, 0, 63.39%, 8, 0, 6, 469.21, 718229, 258, 110, 0
1670, 38, 481, 494, 50, 0, 63.39%, 8, 0, 6, 450.61, 720521, 258, 110, 0
1675, 38, 491, 496, 49, 0, 63.39%, 8, 0, 6, 464.27, 722828, 258, 110, 0
1680, 38, 496, 497, 47, 1, 63.64%, 8, 0, 6, 473.09, 725128, 259, 110, 0
1685, 39, 33, 499, 48, 0, 63.64%, 8, 0, 6, 456.49, 727411, 259, 110, 0
1690, 39, 192, 499, 48, 0, 63.64%, 8, 0, 6, 450.17, 729663, 259, 111, 0
1695, 39, 249, 499, 48, 0, 63.64%, 8, 0, 6, 446.98, 731915, 259, 111, 0
1700, 39, 289, 499, 48, 0, 63.64%, 8, 0, 6, 420.26, 734019, 259, 114, 0
1706, 39, 347, 499, 47, 0, 63.64%, 8, 0, 6, 412.44, 736257, 259, 114, 0
1711, 39, 419, 499, 46, 0, 63.64%, 8, 0, 6, 437.09, 738449, 259, 114, 0
1716, 39, 430, 499, 43, 0, 63.64%, 8, 0, 6, 455.78, 740760, 259, 114, 0
1721, 39, 449, 499, 41, 0, 63.64%, 8, 0, 6, 410.40, 742849, 259, 114, 0
1726, 39, 465, 499, 39, 0, 63.64%, 8, 0, 6, 431.90, 745089, 259, 114, 0
1731, 39, 480, 499, 35, 0, 63.64%, 8, 0, 6, 446.16, 747345, 259, 114, 0
1736, 39, 496, 499, 33, 0, 63.64%, 8, 0, 6, 431.92, 749517, 259, 114, 0
1741, 40, 72, 504, 38, 0, 63.64%, 8, 0, 6, 442.00, 751823, 259, 114, 0
1746, 40, 209, 504, 38, 0, 63.64%, 8, 0, 6, 441.75, 754121, 259, 114, 0
1752, 40, 264, 504, 38, 0, 63.64%, 8, 0, 6, 457.88, 756496, 259, 114, 0
1757, 40, 311, 504, 38, 0, 63.64%, 8, 0, 6, 453.95, 758812, 259, 120, 0
1762, 40, 400, 504, 38, 0, 63.64%, 8, 0, 6, 436.00, 761040, 259, 120, 0
1767, 40, 434, 504, 38, 0, 63.64%, 8, 0, 6, 466.32, 763407, 259, 120, 0
1772, 40, 455, 504, 36, 0, 63.64%, 8, 0, 6, 432.04, 765580, 259, 120, 0
1777, 40, 472, 504, 34, 0, 63.64%, 8, 0, 6, 433.67, 767844, 259, 120, 0
1782, 40, 488, 504, 32, 0, 63.64%, 8, 0, 6, 429.38, 769976, 259, 120, 0
1787, 40, 500, 504, 30, 0, 63.64%, 8, 0, 6, 462.96, 772344, 259, 120, 0
1792, 41, 34, 504, 28, 0, 63.64%, 8, 0, 6, 447.15, 774605, 259, 120, 0
1797, 41, 219, 504, 28, 0, 63.64%, 8, 0, 6, 458.37, 776965, 259, 121, 0
1802, 41, 276, 504, 28, 0, 63.64%, 8, 0, 6, 445.71, 779174, 259, 124, 0
1806, 41, 341, 504, 28, 0, 63.64%, 8, 0, 6, 376.61, 780711, 259, 124, 0
