# relative_time, cycles_done, cur_item, corpus_count, pending_total, pending_favs, map_size, saved_crashes, saved_hangs, max_depth, execs_per_sec, total_execs, edges_found, total_crashes, servers_count
60, 0, 8, 55, 49, 22, 31.20%, 0, 0, 2, 435.61, 27792, 127, 0, 0
65, 0, 8, 55, 49, 22, 31.20%, 0, 0, 2, 413.98, 29841, 127, 0, 0
70, 0, 8, 55, 49, 22, 31.20%, 0, 0, 2, 419.96, 31921, 127, 0, 0
75, 0, 8, 55, 49, 22, 31.20%, 0, 0, 2, 408.56, 33978, 127, 0, 0
80, 0, 8, 55, 49, 22, 31.20%, 0, 0, 2, 415.85, 36066, 127, 0, 0
86, 0, 8, 55, 49, 22, 31.20%, 0, 0, 2, 433.40, 38258, 127, 0, 0
91, 0, 8, 55, 49, 22, 31.20%, 0, 0, 2, 432.92, 40458, 127, 0, 0
96, 0, 8, 55, 49, 22, 31.20%, 0, 0, 2, 415.66, 42539, 127, 0, 0
101, 0, 8, 55, 49, 22, 31.20%, 0, 0, 2, 416.67, 44675, 127, 0, 0
106, 0, 8, 55, 49, 22, 31.20%, 0, 0, 2, 420.60, 46819, 127, 0, 0
111, 0, 8, 55, 49, 22, 31.20%, 0, 0, 2, 406.24, 48899, 127, 0, 0
116, 0, 8, 55, 49, 22, 31.20%, 0, 0, 2, 397.64, 50915, 127, 0, 0
121, 0, 8, 55, 49, 22, 31.20%, 0, 0, 2, 419.80, 53019, 127, 0, 0
126, 0, 8, 55, 49, 22, 31.20%, 0, 0, 2, 410.02, 55091, 127, 0, 0
131, 0, 8, 55, 49, 22, 31.20%, 0, 0, 2, 387.50, 57049, 127, 0, 0
136, 0, 8, 56, 50, 22, 31.20%, 0, 0, 2, 414.69, 59170, 127, 0, 0
141, 0, 16, 57, 45, 16, 31.20%, 0, 0, 3, 446.73, 61433, 127, 0, 0
146, 0, 16, 74, 62, 16, 32.68%, 1, 0, 3, 411.75, 63568, 133, 1, 0
152, 0, 16, 76, 64, 16, 32.68%, 1, 0, 3, 406.62, 65614, 133, 1, 0
157, 0, 16, 78, 66, 16, 32.92%, 1, 0, 3, 402.54, 67693, 134, 1, 0
162, 0, 16, 80, 68, 16, 32.92%, 1, 0, 3, 450.62, 70019, 134, 1, 0
167, 0, 16, 80, 68, 16, 32.92%, 1, 0, 3, 456.12, 72300, 134, 1, 0
172, 0, 16, 81, 69, 16, 32.92%, 1, 0, 3, 432.13, 74434, 134, 1, 0
177, 0, 16, 82, 70, 16, 32.92%, 1, 0, 3, 422.39, 76633, 134, 1, 0
182, 0, 16, 83, 71, 16, 32.92%, 1, 0, 3, 426.54, 78776, 134, 1, 0
187, 0, 16, 83, 71, 16, 32.92%, 1, 0, 3, 442.20, 81032, 134, 1, 0
192, 0, 16, 85, 73, 16, 33.17%, 1, 0, 3, 473.68, 83432, 135, 1, 0
197, 0, 16, 88, 76, 16, 33.17%, 1, 0, 3, 434.65, 85571, 135, 1, 0
202, 0, 16, 88, 76, 16, 33.17%, 1, 0, 3, 455.49, 87917, 135, 1, 0
207, 0, 16, 90, 78, 16, 33.17%, 1, 0, 3, 469.37, 90307, 135, 1, 0
212, 0, 16, 91, 79, 16, 33.17%, 1, 0, 3, 468.01, 92591, 135, 1, 0
217, 0, 16, 91, 79, 16, 33.17%, 1, 0, 3, 439.58, 94792, 135, 1, 0
222, 0, 16, 91, 79, 16, 33.17%, 1, 0, 3, 461.60, 97163, 135, 1, 0
228, 0, 16, 92, 80, 16, 33.17%, 1, 0, 3, 440.47, 99335, 135, 1, 0
233, 0, 16, 93, 81, 16, 33.91%, 1, 0, 3, 462.14, 101713, 138, 1, 0
238, 0, 16, 93, 81, 16, 33.91%, 1, 0, 3, 429.83, 103830, 138, 1, 0
243, 0, 16, 93, 81, 16, 33.91%, 1, 0, 3, 444.77, 106078, 138, 1, 0
248, 0, 16, 93, 81, 16, 33.91%, 1, 0, 3, 415.47, 108190, 138, 1, 0
253, 0, 16, 93, 81, 16, 33.91%, 1, 0, 3, 436.75, 110342, 138, 1, 0
258, 0, 16, 93, 81, 16, 33.91%, 1, 0, 3, 417.25, 112406, 138, 1, 0
263, 0, 21, 96, 81, 19, 33.91%, 1, 0, 3, 454.28, 114780, 138, 1, 0
268, 0, 21, 100, 85, 19, 33.91%, 1, 0, 3, 448.05, 117009, 138, 1, 0
273, 0, 21, 107, 92, 19, 35.63%, 1, 0, 3, 441.11, 119202, 145, 1, 0
278, 0, 21, 109, 94, 19, 35.63%, 1, 0, 3, 444.96, 121424, 145, 1, 0
283, 0, 30, 110, 88, 14, 35.87%, 1, 0, 3, 447.54, 123701, 146, 1, 0
288, 0, 30, 124, 102, 14, 36.36%, 1, 0, 3, 438.92, 125855, 148, 1, 0
293, 0, 30, 128, 106, 14, 36.36%, 1, 0, 3, 419.24, 127915, 148, 1, 0
298, 0, 30, 129, 107, 14, 36.36%, 1, 0, 3, 419.91, 129994, 148, 1, 0
303, 0, 30, 129, 107, 14, 36.36%, 1, 0, 3, 421.04, 132074, 148, 1, 0
309, 0, 30, 132, 110, 14, 36.36%, 1, 0, 3, 413.09, 134255, 148, 1, 0
314, 0, 30, 133, 111, 14, 36.61%, 1, 0, 3, 425.06, 136462, 149, 1, 0
319, 0, 30, 133, 111, 14, 36.61%, 1, 0, 3, 416.07, 138606, 149, 1, 0
324, 0, 30, 133, 111, 14, 36.61%, 1, 0, 3, 427.19, 140806, 149, 1, 0
329, 0, 30, 133, 111, 14, 36.61%, 1, 0, 3, 445.81, 143086, 149, 1, 0
334, 0, 30, 134, 112, 14, 36.61%, 1, 0, 3, 443.14, 145373, 149, 1, 0
339, 0, 30, 136, 114, 14, 36.61%, 1, 0, 3, 448.37, 147657, 149, 1, 0
344, 0, 30, 136, 114, 14, 36.61%, 1, 0, 3, 470.81, 150069, 149, 1, 0
349, 0, 30, 136, 114, 14, 36.61%, 1, 0, 3, 449.94, 152283, 149, 1, 0
354, 0, 30, 136, 114, 14, 36.61%, 1, 0, 3, 447.30, 154531, 149, 1, 0
359, 0, 30, 138, 116, 14, 37.10%, 1, 0, 3, 451.09, 156878, 151, 1, 0
364, 0, 30, 138, 116, 14, 37.10%, 1, 0, 3, 455.06, 159209, 151, 1, 0
369, 0, 30, 138, 116, 14, 37.10%, 1, 0, 3, 460.73, 161603, 151, 1, 0
374, 0, 58, 138, 113, 13, 37.10%, 1, 0, 3, 447.61, 163816, 151, 1, 0
380, 0, 79, 157, 129, 13, 37.84%, 1, 0, 4, 469.55, 166161, 154, 1, 0
385, 0, 100, 163, 131, 9, 37.84%, 1, 0, 4, 461.23, 168415, 154, 1, 0
390, 0, 100, 182, 150, 9, 38.08%, 1, 0, 4, 447.21, 170705, 155, 1, 0
395, 0, 132, 185, 151, 8, 38.08%, 1, 0, 4, 424.60, 172891, 155, 1, 0
400, 0, 132, 192, 158, 8, 38.08%, 1, 0, 4, 447.39, 175171, 155, 1, 0
405, 0, 132, 194, 160, 8, 38.08%, 1, 0, 4, 447.44, 177421, 155, 1, 0
410, 0, 132, 195, 161, 8, 38.08%, 1, 0, 4, 411.80, 179504, 155, 1, 0
415, 0, 132, 195, 161, 8, 38.08%, 1, 0, 4, 442.93, 181840, 155, 1, 0
420, 0, 132, 196, 162, 8, 38.08%, 1, 0, 4, 439.28, 184047, 155, 1, 0
425, 0, 132, 198, 164, 8, 38.08%, 1, 0, 4, 451.83, 186349, 155, 1, 0
430, 0, 132, 198, 164, 8, 38.08%, 1, 0, 4, 450.62, 188629, 155, 1, 0
435, 0, 132, 198, 164, 8, 38.08%, 1, 0, 4, 429.89, 190773, 155, 1, 0
440, 0, 132, 198, 164, 8, 38.08%, 1, 0, 4, 456.03, 193091, 155, 1, 0
445, 0, 132, 198, 164, 8, 38.08%, 1, 0, 4, 470.18, 195476, 155, 1, 0
450, 0, 132, 198, 164, 8, 38.08%, 1, 0, 4, 446.24, 197678, 155, 1, 0
456, 0, 132, 198, 164, 8, 38.08%, 1, 0, 4, 431.84, 199910, 155, 1, 0
461, 0, 132, 199, 165, 8, 38.08%, 1, 0, 4, 411.91, 202005, 155, 1, 0
466, 0, 132, 199, 165, 8, 38.08%, 1, 0, 4, 429.24, 204149, 155, 1, 0
471, 0, 132, 199, 165, 8, 38.08%, 1, 0, 4, 429.14, 206309, 155, 1, 0
476, 0, 132, 199, 165, 8, 38.08%, 1, 0, 4, 435.96, 208573, 155, 1, 0
481, 0, 132, 200, 166, 8, 38.08%, 1, 0, 4, 421.22, 210684, 155, 1, 0
486, 0, 146, 203, 167, 7, 38.08%, 1, 0, 5, 436.54, 212903, 155, 1, 0
491, 0, 174, 203, 163, 3, 38.08%, 1, 0, 5, 442.77, 215140, 155, 1, 0
496, 1, 28, 206, 160, 0, 38.08%, 1, 0, 5, 462.62, 217469, 155, 1, 0
501, 1, 91, 206, 145, 0, 38.08%, 1, 0, 5, 448.98, 219779, 155, 1, 0
506, 2, 209, 308, 243, 16, 49.14%, 1, 0, 5, 475.85, 222171, 200, 1, 0
511, 2, 242, 309, 237, 9, 49.14%, 1, 0, 5, 443.58, 224348, 200, 1, 0
516, 2, 260, 309, 234, 6, 49.14%, 1, 0, 5, 437.28, 226575, 200, 1, 0
522, 2, 304, 309, 227, 1, 49.14%, 1, 0, 5, 417.26, 228771, 200, 1, 0
527, 3, 79, 309, 217, 0, 49.14%, 1, 0, 5, 442.75, 231029, 200, 1, 0
532, 3, 122, 309, 208, 0, 49.14%, 1, 0, 5, 420.18, 233117, 200, 1, 0
537, 3, 151, 309, 199, 0, 49.14%, 1, 0, 5, 411.44, 235234, 200, 1, 0
542, 3, 186, 309, 191, 0, 49.14%, 1, 0, 5, 439.87, 237422, 200, 1, 0
547, 3, 225, 309, 183, 0, 49.14%, 1, 0, 5, 423.44, 239591, 200, 1, 0
552, 3, 260, 309, 176, 0, 49.14%, 1, 0, 5, 438.36, 241772, 200, 1, 0
557, 3, 304, 309, 168, 0, 49.14%, 1, 0, 5, 391.76, 243763, 200, 1, 0
562, 4, 80, 309, 158, 0, 49.14%, 1, 0, 5, 448.56, 246081, 200, 1, 0
567, 4, 148, 309, 152, 0, 49.14%, 1, 0, 5, 441.33, 248275, 200, 1, 0
572, 4, 216, 309, 144, 0, 49.14%, 1, 0, 5, 498.90, 250887, 200, 1, 0
578, 4, 260, 309, 135, 0, 49.14%, 1, 0, 5, 474.17, 253235, 200, 1, 0
583, 5, 24, 310, 130, 0, 49.14%, 1, 0, 5, 446.05, 255433, 200, 1, 0
588, 5, 93, 310, 124, 0, 49.14%, 1, 0, 5, 438.49, 257649, 200, 1, 0
593, 5, 146, 310, 114, 0, 49.14%, 1, 0, 5, 438.26, 259899, 200, 1, 0
598, 5, 189, 310, 108, 0, 49.14%, 1, 0, 5, 442.60, 262134, 200, 1, 0
603, 6, 224, 313, 104, 1, 49.63%, 1, 0, 5, 435.65, 264307, 202, 1, 0
608, 7, 70, 314, 101, 0, 49.63%, 1, 0, 5, 425.05, 266439, 202, 1, 0
613, 7, 149, 314, 95, 0, 49.63%, 1, 0, 5, 425.51, 268554, 202, 1, 0
618, 7, 219, 314, 89, 0, 49.63%, 1, 0, 5, 425.69, 270739, 202, 1, 0
623, 7, 247, 315, 82, 0, 49.63%, 1, 0, 5, 412.60, 272791, 202, 1, 0
628, 7, 282, 315, 76, 0, 49.63%, 1, 0, 5, 416.36, 274898, 202, 1, 0
633, 8, 25, 317, 71, 0, 49.63%, 1, 0, 5, 430.20, 277025, 202, 1, 0
638, 8, 115, 317, 64, 0, 49.63%, 1, 0, 5, 431.90, 279195, 202, 1, 0
643, 8, 174, 317, 62, 0, 49.63%, 2, 0, 5, 428.64, 281387, 202, 2, 0
648, 8, 260, 318, 60, 0, 49.63%, 2, 0, 5, 435.25, 283618, 202, 2, 0
653, 8, 318, 319, 61, 1, 49.88%, 2, 0, 5, 447.56, 285884, 203, 2, 0
659, 9, 10, 323, 64, 0, 50.12%, 2, 0, 5, 447.86, 288110, 204, 2, 0
664, 9, 322, 326, 67, 1, 51.11%, 2, 0, 5, 459.65, 290353, 208, 2, 0
669, 9, 324, 327, 67, 1, 51.60%, 2, 0, 5, 438.16, 292590, 210, 2, 0
674, 10, 25, 328, 66, 0, 51.60%, 2, 0, 5, 448.88, 294869, 210, 2, 0
679, 10, 123, 328, 60, 0, 51.60%, 2, 0, 5, 427.71, 296985, 210, 2, 0
684, 10, 172, 328, 58, 0, 51.60%, 2, 0, 5, 417.44, 299071, 210, 2, 0
689, 10, 250, 328, 56, 0, 51.60%, 2, 0, 5, 470.59, 301511, 210, 2, 0
694, 10, 290, 329, 51, 0, 51.60%, 2, 0, 5, 450.44, 303701, 210, 2, 0
699, 10, 316, 329, 47, 0, 51.60%, 2, 0, 5, 430.53, 305900, 210, 2, 0
704, 10, 327, 329, 46, 0, 51.60%, 2, 0, 5, 433.01, 308096, 210, 2, 0
709, 11, 329, 333, 48, 2, 52.33%, 2, 0, 5, 419.31, 310197, 213, 5, 0
714, 12, 19, 333, 45, 0, 52.33%, 2, 0, 5, 444.24, 312458, 213, 5, 0
719, 12, 151, 333, 42, 0, 52.33%, 2, 0, 5, 455.23, 314760, 213, 5, 0
724, 12, 220, 333, 40, 0, 52.33%, 2, 0, 5, 457.88, 317054, 213, 5, 0
729, 12, 307, 334, 38, 0, 52.33%, 2, 0, 5, 448.17, 319318, 213, 5, 0
734, 12, 321, 335, 35, 0, 52.33%, 2, 0, 5, 429.27, 321500, 213, 5, 0
740, 12, 321, 340, 40, 0, 52.33%, 2, 0, 5, 424.09, 323671, 213, 5, 0
745, 12, 321, 342, 42, 0, 52.33%, 2, 0, 5, 427.38, 325805, 213, 5, 0
750, 12, 321, 342, 42, 0, 52.33%, 2, 0, 5, 434.26, 327981, 213, 5, 0
755, 12, 321, 343, 43, 0, 52.33%, 2, 0, 5, 427.28, 330180, 213, 5, 0
760, 12, 321, 343, 43, 0, 52.33%, 2, 0, 5, 425.26, 332332, 213, 5, 0
765, 12, 343, 344, 43, 1, 52.33%, 2, 0, 5, 447.32, 334567, 213, 5, 0
770, 12, 343, 345, 44, 1, 52.33%, 2, 0, 5, 430.17, 336694, 213, 5, 0
775, 13, 166, 352, 49, 1, 52.58%, 2, 0, 6, 428.11, 338834, 214, 5, 0
780, 14, 22, 352, 46, 0, 52.58%, 2, 0, 6, 418.93, 340918, 214, 5, 0
785, 14, 115, 352, 45, 0, 52.58%, 2, 0, 6, 422.86, 343086, 214, 5, 0
790, 14, 207, 352, 42, 0, 52.58%, 2, 0, 6, 423.02, 345241, 214, 5, 0
795, 14, 308, 352, 40, 0, 52.58%, 2, 0, 6, 410.63, 347274, 214, 5, 0
800, 14, 337, 352, 39, 0, 52.58%, 2, 0, 6, 404.12, 349324, 214, 5, 0
805, 14, 345, 352, 36, 0, 52.58%, 2, 0, 6, 444.62, 351560, 214, 5, 0
810, 16, 19, 353, 34, 0, 52.58%, 2, 0, 6, 432.28, 353720, 214, 5, 0
815, 16, 88, 354, 35, 0, 52.58%, 2, 0, 6, 417.40, 355798, 214, 5, 0
821, 16, 126, 355, 35, 0, 52.58%, 3, 0, 6, 586.78, 356939, 214, 6, 0
826, 16, 223, 355, 33, 0, 52.58%, 3, 0, 6, 478.84, 359243, 214, 6, 0
831, 16, 304, 355, 29, 0, 52.58%, 3, 0, 6, 437.17, 361444, 214, 6, 0
836, 16, 343, 355, 26, 0, 52.58%, 3, 0, 6, 440.64, 363647, 214, 6, 0
841, 16, 352, 355, 25, 0, 52.58%, 3, 0, 6, 427.17, 365807, 214, 7, 0
846, 17, 22, 356, 24, 0, 52.58%, 3, 0, 6, 436.00, 367998, 214, 7, 0
851, 17, 141, 356, 24, 0, 52.58%, 3, 0, 6, 395.24, 369989, 214, 7, 0
856, 17, 206, 356, 21, 0, 52.58%, 3, 0, 6, 442.46, 372270, 214, 7, 0
861, 17, 312, 357, 20, 0, 52.58%, 3, 0, 6, 461.46, 374607, 214, 7, 0
866, 17, 352, 358, 20, 0, 52.58%, 4, 0, 6, 456.31, 376978, 214, 8, 0
871, 18, 115, 358, 19, 0, 52.58%, 4, 0, 6, 436.73, 379219, 214, 8, 0
876, 18, 176, 358, 19, 0, 52.58%, 4, 0, 6, 436.06, 381360, 214, 8, 0
881, 18, 260, 358, 19, 0, 52.58%, 4, 0, 6, 444.67, 383559, 214, 8, 0
887, 18, 338, 358, 17, 0, 52.58%, 4, 0, 6, 437.98, 385807, 214, 8, 0
892, 18, 356, 358, 16, 0, 52.58%, 4, 0, 6, 40.90, 387859, 214, 8, 0
897, 18, 357, 358, 15, 0, 52.58%, 4, 0, 6, 86.28, 388156, 214, 8, 0
903, 19, 24, 359, 15, 0, 52.58%, 4, 0, 6, 129.21, 388838, 214, 8, 0
908, 19, 79, 359, 15, 0, 52.58%, 4, 0, 6, 139.30, 389570, 214, 8, 0
913, 19, 100, 359, 14, 0, 52.58%, 4, 0, 6, 134.84, 390255, 214, 8, 0
918, 19, 136, 359, 13, 0, 52.58%, 4, 0, 6, 129.72, 390912, 214, 8, 0
923, 19, 174, 359, 13, 0, 52.58%, 4, 0, 6, 129.08, 391564, 214, 8, 0
928, 19, 181, 359, 13, 0, 52.58%, 4, 0, 6, 130.01, 392210, 214, 8, 0
933, 19, 223, 359, 12, 0, 52.58%, 4, 0, 6, 138.12, 392918, 214, 8, 0
938, 19, 248, 359, 12, 0, 52.58%, 4, 0, 6, 142.16, 393650, 214, 8, 0
943, 19, 260, 359, 11, 0, 52.58%, 4, 0, 6, 130.19, 394303, 214, 8, 0
949, 19, 296, 359, 11, 0, 52.58%, 4, 0, 6, 130.18, 394957, 214, 8, 0
954, 19, 332, 359, 11, 0, 52.58%, 4, 0, 6, 125.85, 395580, 214, 8, 0
959, 19, 344, 359, 11, 0, 52.58%, 4, 0, 6, 139.25, 396293, 214, 8, 0
964, 19, 352, 359, 11, 0, 52.58%, 4, 0, 6, 135.30, 396971, 214, 8, 0
969, 19, 355, 359, 11, 0, 52.58%, 4, 0, 6, 128.44, 397627, 214, 8, 0
974, 20, 23, 360, 10, 0, 52.58%, 4, 0, 6, 151.72, 398403, 214, 8, 0
979, 20, 80, 360, 10, 0, 52.58%, 4, 0, 6, 142.74, 399095, 214, 8, 0
984, 20, 136, 360, 10, 0, 52.58%, 4, 0, 6, 130.05, 399737, 214, 8, 0
989, 20, 180, 360, 10, 0, 52.58%, 4, 0, 6, 144.85, 400485, 214, 8, 0
994, 20, 220, 360, 10, 0, 52.58%, 4, 0, 6, 137.38, 401184, 214, 8, 0
1000, 20, 252, 360, 10, 0, 52.58%, 4, 0, 6, 140.10, 401898, 214, 8, 0
1005, 20, 283, 360, 10, 0, 52.58%, 4, 0, 6, 121.47, 402502, 214, 8, 0
1010, 20, 329, 360, 10, 0, 52.58%, 4, 0, 6, 130.66, 403182, 214, 8, 0
1015, 20, 335, 360, 10, 0, 52.58%, 4, 0, 6, 120.84, 403817, 214, 9, 0
1020, 20, 350, 360, 10, 0, 52.58%, 4, 0, 6, 117.08, 404393, 214, 9, 0
1025, 21, 14, 360, 9, 0, 52.58%, 4, 0, 6, 120.26, 405030, 214, 9, 0
1030, 21, 34, 360, 9, 0, 52.58%, 4, 0, 6, 130.57, 405713, 214, 10, 0
1035, 21, 80, 360, 9, 0, 52.58%, 4, 0, 6, 129.92, 406366, 214, 10, 0
1040, 21, 136, 360, 8, 0, 52.58%, 4, 0, 6, 140.52, 407089, 214, 10, 0
1045, 21, 171, 360, 8, 0, 52.58%, 4, 0, 6, 131.35, 407735, 214, 10, 0
1050, 21, 206, 360, 8, 0, 52.58%, 4, 0, 6, 132.38, 408427, 214, 10, 0
1055, 21, 240, 360, 8, 0, 52.58%, 4, 0, 6, 126.37, 409075, 214, 10, 0
1060, 21, 260, 360, 8, 0, 52.58%, 4, 0, 6, 132.05, 409740, 214, 10, 0
1066, 21, 322, 360, 8, 0, 52.58%, 4, 0, 6, 140.06, 410511, 214, 10, 0
1071, 21, 335, 360, 8, 0, 52.58%, 4, 0, 6, 131.40, 411190, 214, 10, 0
1076, 21, 340, 360, 7, 0, 52.58%, 4, 0, 6, 126.59, 411832, 214, 10, 0
1081, 21, 352, 360, 6, 0, 52.58%, 4, 0, 6, 132.86, 412526, 214, 10, 0
1086, 22, 13, 360, 5, 0, 52.58%, 4, 0, 6, 128.45, 413152, 214, 10, 0
1091, 22, 34, 360, 5, 0, 52.58%, 4, 0, 6, 126.45, 413820, 214, 10, 0
1096, 22, 87, 360, 5, 0, 52.58%, 4, 0, 6, 148.50, 414554, 214, 10, 0
1102, 22, 115, 360, 5, 0, 52.58%, 4, 0, 6, 144.66, 415316, 214, 10, 0
1107, 22, 153, 360, 5, 0, 52.58%, 4, 0, 6, 150.53, 416082, 214, 10, 0
1112, 22, 206, 360, 5, 0, 52.58%, 4, 0, 6, 140.56, 416777, 214, 10, 0
1117, 22, 244, 360, 5, 0, 52.58%, 4, 0, 6, 134.12, 417469, 214, 10, 0
1122, 22, 288, 360, 5, 0, 52.58%, 4, 0, 6, 139.37, 418174, 214, 10, 0
1127, 22, 325, 360, 5, 0, 52.58%, 4, 0, 6, 130.13, 418826, 214, 10, 0
1132, 22, 343, 360, 4, 0, 52.58%, 4, 0, 6, 120.60, 419427, 214, 10, 0
1137, 22, 358, 360, 4, 0, 52.58%, 4, 0, 6, 129.94, 420127, 214, 11, 0
1142, 23, 23, 361, 5, 0, 52.58%, 5, 0, 6, 120.09, 420750, 214, 12, 0
1148, 23, 69, 361, 5, 0, 52.58%, 5, 0, 6, 123.82, 421396, 214, 12, 0
1153, 23, 92, 361, 5, 0, 52.58%, 5, 0, 6, 149.09, 422141, 214, 12, 0
1158, 23, 136, 361, 5, 0, 52.58%, 5, 0, 6, 135.36, 422818, 214, 12, 0
1163, 23, 174, 361, 5, 0, 52.58%, 5, 0, 6, 130.74, 423472, 214, 12, 0
1168, 23, 212, 361, 5, 0, 52.58%, 5, 0, 6, 128.08, 424129, 214, 12, 0
1173, 23, 249, 361, 5, 0, 52.58%, 5, 0, 6, 129.38, 424808, 214, 12, 0
1178, 23, 271, 361, 5, 0, 52.58%, 5, 0, 6, 132.00, 425519, 214, 12, 0
1183, 23, 298, 361, 5, 0, 52.58%, 5, 0, 6, 118.19, 426093, 214, 12, 0
1188, 23, 332, 361, 5, 0, 52.58%, 5, 0, 6, 128.46, 426741, 214, 12, 0
1193, 24, 162, 362, 6, 1, 52.83%, 5, 0, 6, 138.25, 427424, 215, 12, 0
1198, 24, 361, 362, 6, 1, 52.83%, 5, 0, 6, 134.67, 428104, 215, 12, 0
1203, 25, 10, 363, 6, 0, 52.83%, 5, 0, 6, 132.91, 428782, 215, 12, 0
1208, 25, 24, 363, 6, 0, 52.83%, 5, 0, 6, 126.70, 429419, 215, 12, 0
1213, 25, 79, 363, 6, 0, 52.83%, 5, 0, 6, 117.59, 430019, 215, 12, 0
1218, 25, 115, 363, 6, 0, 52.83%, 5, 0, 6, 133.94, 430726, 215, 12, 0
1224, 25, 174, 363, 6, 0, 52.83%, 5, 0, 6, 131.48, 431386, 215, 12, 0
1229, 25, 179, 363, 6, 0, 52.83%, 5, 0, 6, 139.80, 432090, 215, 12, 0
1234, 25, 234, 363, 6, 0, 52.83%, 5, 0, 6, 139.05, 432823, 215, 12, 0
1239, 25, 260, 363, 6, 0, 52.83%, 5, 0, 6, 136.98, 433517, 215, 12, 0
1244, 25, 294, 363, 6, 0, 52.83%, 5, 0, 6, 130.99, 434181, 215, 12, 0
1249, 25, 312, 363, 6, 0, 52.83%, 5, 0, 6, 125.99, 434779, 215, 12, 0
1254, 25, 331, 363, 6, 0, 52.83%, 5, 0, 6, 135.15, 435456, 215, 12, 0
1259, 25, 346, 363, 6, 0, 52.83%, 5, 0, 6, 141.67, 436166, 215, 13, 0
1264, 25, 352, 364, 6, 0, 52.83%, 5, 0, 6, 136.65, 436839, 215, 13, 0
1269, 26, 22, 364, 6, 0, 52.83%, 5, 0, 6, 133.93, 437515, 215, 13, 0
1275, 26, 78, 364, 6, 0, 52.83%, 6, 0, 6, 150.42, 438325, 215, 14, 0
1280, 26, 87, 364, 6, 0, 52.83%, 6, 0, 6, 144.22, 439053, 215, 14, 0
1285, 26, 115, 364, 6, 0, 52.83%, 6, 0, 6, 137.90, 439748, 215, 14, 0
1290, 26, 174, 364, 6, 0, 52.83%, 6, 0, 6, 132.54, 440418, 215, 14, 0
1295, 26, 223, 364, 6, 0, 52.83%, 6, 0, 6, 131.89, 441095, 215, 14, 0
1300, 26, 260, 364, 6, 0, 52.83%, 6, 0, 6, 129.17, 441751, 215, 15, 0
1305, 26, 288, 364, 6, 0, 52.83%, 6, 0, 6, 127.35, 442382, 215, 15, 0
1310, 26, 330, 364, 6, 0, 52.83%, 6, 0, 6, 132.42, 443044, 215, 15, 0
1316, 26, 343, 364, 5, 0, 52.83%, 6, 0, 6, 134.04, 443760, 215, 15, 0
1321, 27, 15, 364, 5, 0, 52.83%, 6, 0, 6, 133.33, 444461, 215, 15, 0
1326, 27, 34, 364, 5, 0, 52.83%, 7, 0, 6, 129.65, 445127, 215, 16, 0
1331, 27, 80, 364, 5, 0, 52.83%, 7, 0, 6, 131.69, 445832, 215, 16, 0
1336, 27, 110, 364, 4, 0, 52.83%, 7, 0, 6, 130.91, 446488, 215, 16, 0
1341, 27, 130, 364, 4, 0, 52.83%, 7, 0, 6, 122.53, 447098, 215, 16, 0
1346, 27, 155, 364, 4, 0, 52.83%, 7, 0, 6, 134.31, 447783, 215, 16, 0
1351, 27, 206, 364, 4, 0, 52.83%, 7, 0, 6, 129.08, 448413, 215, 16, 0
1357, 27, 250, 364, 4, 0, 52.83%, 7, 0, 6, 130.82, 449104, 215, 16, 0
1362, 27, 288, 364, 4, 0, 52.83%, 7, 0, 6, 132.65, 449781, 215, 16, 0
1367, 27, 321, 364, 4, 0, 52.83%, 7, 0, 6, 125.91, 450391, 215, 16, 0
1372, 27, 332, 364, 4, 0, 52.83%, 7, 0, 6, 131.73, 451081, 215, 16, 0
1377, 27, 349, 364, 4, 0, 52.83%, 7, 0, 6, 136.54, 451779, 215, 16, 0
1382, 27, 350, 364, 4, 0, 52.83%, 7, 0, 6, 142.13, 452505, 215, 16, 0
1387, 28, 14, 364, 4, 0, 52.83%, 7, 0, 6, 131.20, 453158, 215, 16, 0
1392, 28, 42, 364, 4, 0, 52.83%, 7, 0, 6, 131.76, 453847, 215, 16, 0
1398, 28, 80, 364, 4, 0, 52.83%, 7, 0, 6, 115.26, 454387, 215, 16, 0
1403, 28, 93, 364, 4, 0, 52.83%, 7, 0, 6, 125.42, 455027, 215, 16, 0
1408, 28, 151, 364, 4, 0, 52.83%, 7, 0, 6, 123.50, 455663, 215, 16, 0
1413, 28, 206, 364, 4, 0, 52.83%, 7, 0, 6, 122.99, 456303, 215, 16, 0
1418, 28, 250, 364, 4, 0, 52.83%, 7, 0, 6, 125.24, 456930, 215, 16, 0
1423, 28, 266, 364, 4, 0, 52.83%, 7, 0, 6, 108.28, 457466, 215, 16, 0
1428, 28, 298, 364, 4, 0, 52.83%, 7, 0, 6, 114.47, 458088, 215, 16, 0
1433, 28, 332, 364, 4, 0, 52.83%, 7, 0, 6, 113.54, 458681, 215, 16, 0
1438, 28, 361, 364, 4, 0, 52.83%, 7, 0, 6, 140.12, 459401, 215, 17, 0
1443, 29, 13, 364, 3, 0, 52.83%, 7, 0, 6, 111.82, 459945, 215, 17, 0
1448, 29, 34, 364, 3, 0, 52.83%, 7, 0, 6, 124.53, 460573, 215, 17, 0
1453, 29, 80, 364, 3, 0, 52.83%, 7, 0, 6, 134.05, 461257, 215, 17, 0
1458, 29, 115, 364, 3, 0, 52.83%, 7, 0, 6, 136.19, 461927, 215, 17, 0
1464, 29, 170, 364, 3, 0, 52.83%, 7, 0, 6, 142.69, 462657, 215, 17, 0
1469, 29, 223, 364, 3, 0, 52.83%, 7, 0, 6, 123.17, 463272, 215, 19, 0
1474, 29, 260, 364, 3, 0, 52.83%, 7, 0, 6, 119.27, 463886, 215, 19, 0
1479, 29, 304, 364, 3, 0, 52.83%, 7, 0, 6, 125.64, 464548, 215, 19, 0
1484, 29, 334, 364, 3, 0, 52.83%, 7, 0, 6, 137.16, 465273, 215, 19, 0
1489, 29, 361, 364, 3, 0, 52.83%, 7, 0, 6, 131.88, 465941, 215, 19, 0
1494, 30, 25, 364, 3, 0, 52.83%, 7, 0, 6, 130.94, 466604, 215, 19, 0
1499, 30, 80, 364, 3, 0, 52.83%, 7, 0, 6, 129.44, 467241, 215, 19, 0
1504, 30, 115, 364, 3, 0, 52.83%, 7, 0, 6, 125.85, 467891, 215, 19, 0
1509, 30, 159, 364, 3, 0, 52.83%, 7, 0, 6, 136.26, 468604, 215, 20, 0
1514, 30, 198, 364, 3, 0, 52.83%, 7, 0, 6, 149.60, 469372, 215, 20, 0
1520, 30, 226, 364, 3, 0, 52.83%, 7, 0, 6, 135.66, 470035, 215, 20, 0
1525, 30, 260, 364, 3, 0, 52.83%, 7, 0, 6, 133.21, 470675, 215, 20, 0
1530, 30, 304, 364, 3, 0, 52.83%, 7, 0, 6, 136.19, 471384, 215, 20, 0
1535, 30, 332, 364, 3, 0, 52.83%, 7, 0, 6, 134.53, 472077, 215, 20, 0
1540, 30, 344, 364, 3, 0, 52.83%, 7, 0, 6, 136.28, 472769, 215, 20, 0
1545, 30, 346, 364, 3, 0, 52.83%, 7, 0, 6, 132.38, 473451, 215, 20, 0
1550, 30, 357, 364, 3, 0, 52.83%, 7, 0, 6, 135.78, 474129, 215, 20, 0
1555, 31, 23, 364, 3, 0, 52.83%, 7, 0, 6, 130.66, 474794, 215, 20, 0
1560, 31, 79, 364, 3, 0, 52.83%, 7, 0, 6, 133.74, 475490, 215, 20, 0
1566, 31, 115, 364, 3, 0, 52.83%, 7, 0, 6, 136.32, 476199, 215, 20, 0
1571, 31, 151, 364, 3, 0, 52.83%, 7, 0, 6, 137.61, 476905, 215, 21, 0
1576, 31, 187, 364, 3, 0, 52.83%, 7, 0, 6, 135.31, 477579, 215, 21, 0
1581, 31, 242, 364, 3, 0, 52.83%, 7, 0, 6, 129.95, 478224, 215, 21, 0
1586, 31, 260, 364, 3, 0, 52.83%, 7, 0, 6, 131.10, 478889, 215, 21, 0
1591, 31, 298, 364, 3, 0, 52.83%, 7, 0, 6, 130.93, 479533, 215, 21, 0
1596, 31, 314, 364, 3, 0, 52.83%, 7, 0, 6, 128.53, 480146, 215, 21, 0
1601, 31, 336, 364, 3, 0, 52.83%, 7, 0, 6, 139.64, 480856, 215, 21, 0
1606, 31, 336, 364, 3, 0, 52.83%, 7, 0, 6, 134.36, 481548, 215, 21, 0
1611, 31, 343, 364, 3, 0, 52.83%, 7, 0, 6, 133.63, 482236, 215, 21, 0
1616, 31, 355, 364, 3, 0, 52.83%, 7, 0, 6, 128.88, 482882, 215, 21, 0
1622, 32, 16, 364, 3, 0, 52.83%, 7, 0, 6, 137.48, 483605, 215, 21, 0
1627, 32, 34, 364, 3, 0, 52.83%, 7, 0, 6, 127.09, 484273, 215, 21, 0
1632, 32, 80, 364, 3, 0, 52.83%, 7, 0, 6, 134.25, 484973, 215, 21, 0
1637, 32, 115, 364, 3, 0, 52.83%, 7, 0, 6, 142.59, 485685, 215, 21, 0
1642, 32, 187, 364, 3, 0, 52.83%, 7, 0, 6, 140.94, 486399, 215, 21, 0
1647, 32, 223, 364, 3, 0, 52.83%, 7, 0, 6, 132.76, 487042, 215, 21, 0
1652, 32, 260, 364, 3, 0, 52.83%, 7, 0, 6, 129.46, 487696, 215, 21, 0
1657, 32, 307, 364, 3, 0, 52.83%, 7, 0, 6, 141.65, 488425, 215, 21, 0
1663, 32, 343, 364, 3, 0, 52.83%, 7, 0, 6, 130.20, 489089, 215, 21, 0
1668, 32, 358, 364, 3, 0, 52.83%, 9, 0, 6, 128.59, 489753, 215, 23, 0
1673, 33, 22, 365, 3, 0, 52.83%, 9, 0, 6, 136.25, 490497, 215, 25, 0
1678, 33, 37, 365, 3, 0, 52.83%, 9, 0, 6, 123.34, 491130, 215, 25, 0
1683, 33, 79, 365, 3, 0, 52.83%, 9, 0, 6, 132.15, 491810, 215, 25, 0
1688, 33, 92, 365, 3, 0, 52.83%, 9, 0, 6, 134.63, 492485, 215, 25, 0
1693, 33, 115, 365, 3, 0, 52.83%, 9, 0, 6, 140.29, 493208, 215, 25, 0
1698, 33, 151, 365, 3, 0, 52.83%, 9, 0, 6, 135.14, 493909, 215, 25, 0
1703, 33, 206, 365, 3, 0, 52.83%, 9, 0, 6, 138.22, 494583, 215, 25, 0
1708, 33, 237, 365, 3, 0, 52.83%, 9, 0, 6, 132.94, 495244, 215, 25, 0
1714, 33, 260, 365, 3, 0, 52.83%, 9, 0, 6, 135.48, 495925, 215, 25, 0
1719, 33, 300, 365, 3, 0, 52.83%, 9, 0, 6, 139.68, 496654, 215, 25, 0
1724, 33, 333, 365, 3, 0, 52.83%, 9, 0, 6, 133.36, 497315, 215, 25, 0
1729, 33, 348, 365, 2, 0, 52.83%, 9, 0, 6, 134.77, 497995, 215, 25, 0
1734, 34, 20, 365, 2, 0, 52.83%, 9, 0, 6, 140.38, 498704, 215, 25, 0
1739, 34, 62, 365, 2, 0, 52.83%, 9, 0, 6, 140.52, 499431, 215, 25, 0
1744, 34, 79, 365, 2, 0, 52.83%, 9, 0, 6, 144.44, 500194, 215, 25, 0
1749, 34, 93, 365, 2, 0, 52.83%, 9, 0, 6, 134.53, 500859, 215, 25, 0
1754, 34, 151, 365, 2, 0, 52.83%, 9, 0, 6, 148.28, 501655, 215, 25, 0
1760, 34, 187, 365, 2, 0, 52.83%, 9, 0, 6, 142.76, 502361, 215, 25, 0
1765, 34, 242, 365, 2, 0, 52.83%, 9, 0, 6, 145.06, 503077, 215, 25, 0
1770, 34, 266, 365, 2, 0, 52.83%, 9, 0, 6, 138.01, 503776, 215, 25, 0
1775, 34, 298, 365, 2, 0, 52.83%, 9, 0, 6, 144.32, 504497, 215, 25, 0
1780, 34, 343, 365, 2, 0, 52.83%, 9, 0, 6, 136.55, 505180, 215, 25, 0
1785, 35, 7, 365, 2, 0, 52.83%, 9, 0, 6, 127.22, 505834, 215, 25, 0
1790, 35, 22, 365, 2, 0, 52.83%, 9, 0, 6, 135.13, 506534, 215, 25, 0
1795, 35, 79, 365, 2, 0, 52.83%, 9, 0, 6, 138.43, 507228, 215, 25, 0
1800, 35, 115, 365, 2, 0, 52.83%, 9, 0, 6, 138.70, 507915, 215, 25, 0
1805, 35, 151, 365, 2, 0, 52.83%, 9, 0, 6, 139.36, 508630, 215, 26, 0
1811, 35, 194, 365, 2, 0, 52.83%, 9, 0, 6, 143.52, 509362, 215, 26, 0
1816, 35, 250, 365, 2, 0, 52.83%, 9, 0, 6, 147.60, 510137, 215, 26, 0
1821, 35, 288, 365, 2, 0, 52.83%, 9, 0, 6, 136.94, 510844, 215, 26, 0
1826, 35, 312, 365, 2, 0, 52.83%, 9, 0, 6, 129.94, 511487, 215, 26, 0
1831, 35, 342, 365, 2, 0, 52.83%, 9, 0, 6, 141.30, 512210, 215, 26, 0
1836, 35, 361, 365, 2, 0, 52.83%, 9, 0, 6, 134.28, 512904, 215, 26, 0
1841, 36, 22, 365, 1, 0, 52.83%, 9, 0, 6, 135.19, 513572, 215, 26, 0
1846, 36, 61, 365, 1, 0, 52.83%, 9, 0, 6, 142.12, 514304, 215, 26, 0
1852, 36, 80, 365, 1, 0, 52.83%, 9, 0, 6, 142.44, 515041, 215, 26, 0
1857, 36, 105, 365, 1, 0, 52.83%, 9, 0, 6, 136.36, 515745, 215, 26, 0
1862, 36, 173, 365, 1, 0, 52.83%, 9, 0, 6, 144.10, 516490, 215, 26, 0
1867, 36, 207, 365, 1, 0, 52.83%, 9, 0, 6, 133.64, 517161, 215, 26, 0
1872, 36, 260, 365, 1, 0, 52.83%, 9, 0, 6, 153.62, 517940, 215, 26, 0
1877, 36, 298, 365, 1, 0, 52.83%, 9, 0, 6, 149.84, 518702, 215, 26, 0
1882, 36, 334, 365, 1, 0, 52.83%, 9, 0, 6, 146.46, 519421, 215, 26, 0
1887, 36, 362, 365, 1, 0, 52.83%, 9, 0, 6, 142.35, 520147, 215, 26, 0
1892, 37, 23, 365, 0, 0, 52.83%, 9, 0, 6, 135.64, 520823, 215, 26, 0
1897, 37, 66, 365, 0, 0, 52.83%, 9, 0, 6, 143.14, 521564, 215, 26, 0
1903, 37, 115, 365, 0, 0, 52.83%, 9, 0, 6, 139.34, 522280, 215, 26, 0
1908, 37, 152, 365, 0, 0, 52.83%, 9, 0, 6, 149.87, 523039, 215, 27, 0
1913, 37, 189, 365, 0, 0, 52.83%, 9, 0, 6, 143.92, 523785, 215, 27, 0
1918, 37, 233, 365, 0, 0, 52.83%, 9, 0, 6, 143.99, 524504, 215, 27, 0
1923, 37, 250, 365, 0, 0, 52.83%, 9, 0, 6, 141.99, 525237, 215, 27, 0
1928, 37, 288, 365, 0, 0, 52.83%, 9, 0, 6, 139.23, 525946, 215, 27, 0
1933, 37, 329, 365, 0, 0, 52.83%, 9, 0, 6, 136.53, 526602, 215, 27, 0
1938, 37, 343, 365, 0, 0, 52.83%, 9, 0, 6, 145.09, 527324, 215, 27, 0
1943, 37, 348, 365, 0, 0, 52.83%, 9, 0, 6, 139.61, 528008, 215, 27, 0
1948, 37, 355, 365, 0, 0, 52.83%, 9, 0, 6, 132.14, 528696, 215, 27, 0
1954, 38, 23, 365, 0, 0, 52.83%, 9, 0, 6, 144.70, 529417, 215, 27, 0
1959, 38, 79, 365, 0, 0, 52.83%, 9, 0, 6, 132.58, 530070, 215, 27, 0
1964, 38, 105, 365, 0, 0, 52.83%, 9, 0, 6, 133.40, 530755, 215, 27, 0
1969, 38, 141, 365, 0, 0, 52.83%, 9, 0, 6, 141.85, 531465, 215, 27, 0
1974, 38, 174, 365, 0, 0, 52.83%, 9, 0, 6, 140.28, 532177, 215, 27, 0
1979, 38, 192, 365, 0, 0, 52.83%, 9, 0, 6, 136.42, 532863, 215, 27, 0
1984, 38, 242, 365, 0, 0, 52.83%, 9, 0, 6, 130.26, 533518, 215, 27, 0
1989, 38, 260, 365, 0, 0, 52.83%, 9, 0, 6, 137.94, 534193, 215, 27, 0
1994, 38, 298, 365, 0, 0, 52.83%, 9, 0, 6, 143.98, 534928, 215, 27, 0
1999, 38, 343, 365, 0, 0, 52.83%, 9, 0, 6, 137.00, 535609, 215, 27, 0
2004, 39, 15, 365, 0, 0, 52.83%, 9, 0, 6, 139.72, 536310, 215, 27, 0
2009, 39, 34, 365, 0, 0, 52.83%, 9, 0, 6, 132.47, 536973, 215, 27, 0
2014, 39, 79, 365, 0, 0, 52.83%, 9, 0, 6, 123.03, 537589, 215, 27, 0
2020, 39, 96, 365, 0, 0, 52.83%, 9, 0, 6, 130.18, 538279, 215, 27, 0
2025, 39, 122, 366, 1, 0, 52.83%, 9, 0, 6, 135.29, 538966, 215, 27, 0
2030, 39, 141, 366, 1, 0, 52.83%, 9, 0, 6, 133.02, 539654, 215, 27, 0
2035, 39, 206, 366, 1, 0, 52.83%, 9, 0, 6, 134.15, 540366, 215, 27, 0
2040, 39, 242, 366, 1, 0, 52.83%, 9, 0, 6, 131.91, 541029, 215, 27, 0
2045, 39, 282, 366, 1, 0, 52.83%, 9, 0, 6, 131.72, 541702, 215, 27, 0
2050, 39, 312, 366, 1, 0, 52.83%, 9, 0, 6, 129.91, 542357, 215, 27, 0
2055, 39, 343, 366, 1, 0, 52.83%, 9, 0, 6, 145.27, 543115, 215, 28, 0
2060, 40, 13, 366, 1, 0, 52.83%, 9, 0, 6, 142.22, 543844, 215, 28, 0
2066, 40, 34, 366, 1, 0, 52.83%, 9, 0, 6, 131.86, 544504, 215, 28, 0
2071, 40, 79, 366, 1, 0, 52.83%, 9, 0, 6, 130.37, 545165, 215, 28, 0
2076, 40, 115, 366, 1, 0, 52.83%, 9, 0, 6, 138.52, 545861, 215, 28, 0
2081, 40, 173, 366, 1, 0, 52.83%, 9, 0, 6, 141.52, 546581, 215, 28, 0
2086, 40, 215, 366, 1, 0, 52.83%, 9, 0, 6, 143.02, 547343, 215, 28, 0
2091, 40, 257, 366, 1, 0, 52.83%, 9, 0, 6, 140.81, 548051, 215, 28, 0
2096, 40, 278, 366, 1, 0, 52.83%, 9, 0, 6, 137.61, 548739, 215, 28, 0
2101, 40, 298, 366, 1, 0, 52.83%, 9, 0, 6, 141.37, 549457, 215, 28, 0
2106, 40, 323, 366, 1, 0, 52.83%, 9, 0, 6, 136.77, 550147, 215, 28, 0
2112, 40, 343, 366, 1, 0, 52.83%, 9, 0, 6, 136.80, 550859, 215, 28, 0
2117, 41, 23, 366, 1, 0, 52.83%, 9, 0, 6, 132.42, 551505, 215, 28, 0
2122, 41, 79, 366, 1, 0, 52.83%, 9, 0, 6, 131.68, 552172, 215, 28, 0
2127, 41, 102, 366, 1, 0, 52.83%, 9, 0, 6, 143.63, 552881, 215, 28, 0
2132, 41, 138, 366, 1, 0, 52.83%, 9, 0, 6, 139.20, 553591, 215, 28, 0
2137, 41, 161, 366, 1, 0, 52.83%, 9, 0, 6, 173.50, 554439, 215, 28, 0
2142, 41, 260, 366, 1, 0, 52.83%, 9, 0, 6, 409.63, 556795, 215, 32, 0
2147, 42, 15, 366, 1, 0, 52.83%, 9, 0, 6, 447.53, 559107, 215, 32, 0
2152, 42, 151, 366, 1, 0, 52.83%, 9, 0, 6, 450.49, 561435, 215, 32, 0
2157, 42, 279, 366, 1, 0, 52.83%, 9, 0, 6, 447.20, 563706, 215, 32, 0
2162, 42, 343, 366, 1, 0, 52.83%, 9, 0, 6, 434.39, 565856, 215, 32, 0
2167, 43, 92, 367, 2, 0, 52.83%, 9, 0, 6, 432.07, 568037, 215, 32, 0
2173, 43, 260, 367, 2, 0, 52.83%, 9, 0, 6, 460.77, 570369, 215, 32, 0
2178, 43, 351, 367, 2, 0, 52.83%, 9, 0, 6, 462.98, 572675, 215, 32, 0
2183, 44, 31, 387, 21, 5, 61.67%, 9, 0, 6, 426.97, 574942, 251, 32, 0
2188, 44, 370, 422, 56, 5, 61.67%, 9, 0, 6, 448.53, 577240, 251, 32, 0
2193, 44, 370, 428, 62, 5, 61.67%, 9, 0, 6, 461.22, 579558, 251, 32, 0
2198, 44, 370, 432, 66, 5, 61.67%, 9, 0, 6, 462.48, 581908, 251, 32, 0
2203, 44, 370, 433, 67, 5, 61.67%, 9, 0, 6, 472.24, 584300, 251, 32, 0
2208, 44, 370, 433, 67, 5, 61.67%, 9, 0, 6, 479.78, 586703, 251, 32, 0
2213, 44, 370, 434, 68, 5, 61.67%, 9, 0, 6, 469.09, 589023, 251, 32, 0
2218, 44, 370, 435, 69, 5, 61.67%, 9, 0, 6, 468.29, 591397, 251, 32, 0
2223, 44, 370, 436, 70, 5, 61.92%, 9, 0, 6, 469.87, 593744, 252, 32, 0
2228, 44, 370, 436, 70, 5, 61.92%, 9, 0, 6, 458.67, 595994, 252, 32, 0
2233, 44, 370, 436, 70, 5, 61.92%, 9, 0, 6, 461.13, 598307, 252, 32, 0
2238, 44, 370, 437, 71, 5, 61.92%, 9, 0, 6, 477.38, 600853, 252, 32, 0
2244, 44, 370, 438, 72, 5, 61.92%, 9, 0, 6, 486.51, 603246, 252, 32, 0
2249, 44, 370, 438, 72, 5, 61.92%, 9, 0, 6, 450.71, 605507, 252, 32, 0
2254, 44, 370, 439, 73, 5, 62.16%, 9, 0, 6, 465.32, 607969, 253, 32, 0
2259, 44, 370, 439, 73, 5, 62.16%, 9, 0, 6, 482.17, 610417, 253, 32, 0
2264, 44, 370, 439, 73, 5, 62.16%, 9, 0, 6, 453.55, 612667, 253, 32, 0
2269, 44, 370, 439, 73, 5, 62.16%, 9, 0, 6, 440.67, 614970, 253, 32, 0
2274, 44, 377, 439, 69, 4, 62.16%, 9, 0, 6, 447.05, 617262, 253, 32, 0
2279, 44, 438, 440, 65, 1, 62.16%, 9, 0, 6, 447.06, 619518, 253, 32, 0
2284, 44, 438, 442, 67, 1, 62.16%, 9, 0, 6, 444.59, 621681, 253, 32, 0
2289, 44, 441, 445, 69, 0, 62.16%, 9, 0, 6, 446.42, 624044, 253, 32, 0
2294, 44, 444, 446, 69, 0, 62.16%, 9, 0, 6, 478.24, 626430, 253, 32, 0
2299, 44, 444, 448, 71, 0, 62.41%, 9, 0, 6, 453.67, 628713, 254, 32, 0
2304, 44, 444, 448, 71, 0, 62.41%, 9, 0, 6, 440.24, 630900, 254, 32, 0
2310, 45, 10, 452, 73, 0, 62.65%, 9, 0, 6, 465.86, 633283, 255, 32, 0
2315, 45, 443, 452, 71, 2, 62.65%, 9, 0, 6, 454.66, 635524, 255, 32, 0
2320, 46, 19, 454, 69, 0, 62.65%, 9, 0, 6, 455.55, 637742, 255, 32, 0
2325, 46, 130, 454, 69, 0, 62.65%, 9, 0, 6, 449.69, 640051, 255, 32, 0
2330, 46, 265, 454, 69, 0, 62.65%, 9, 0, 6, 454.32, 642347, 255, 32, 0
2335, 46, 352, 454, 69, 0, 62.65%, 9, 0, 6, 452.63, 644641, 255, 32, 0
2340, 46, 370, 454, 67, 0, 62.65%, 9, 0, 6, 438.70, 646766, 255, 32, 0
2345, 46, 388, 454, 65, 0, 62.65%, 9, 0, 6, 443.86, 649086, 255, 32, 0
2350, 46, 402, 454, 59, 0, 62.65%, 9, 0, 6, 444.07, 651278, 255, 32, 0
2355, 46, 425, 454, 55, 0, 62.65%, 9, 0, 6, 449.21, 653566, 255, 32, 0
2360, 46, 447, 454, 53, 0, 62.65%, 9, 0, 6, 421.22, 655734, 255, 32, 0
2365, 47, 69, 454, 51, 0, 62.65%, 9, 0, 6, 426.38, 657780, 255, 32, 0
2370, 47, 206, 454, 51, 0, 62.65%, 9, 0, 6, 454.53, 660152, 255, 33, 0
2375, 47, 332, 454, 51, 0, 62.65%, 9, 0, 6, 458.03, 662515, 255, 33, 0
2380, 47, 373, 454, 50, 0, 62.65%, 9, 0, 6, 437.28, 664716, 255, 33, 0
2385, 47, 384, 455, 49, 0, 62.65%, 9, 0, 6, 412.39, 666743, 255, 33, 0
2391, 47, 409, 455, 44, 0, 62.65%, 9, 0, 6, 423.55, 668935, 255, 33, 0
2396, 47, 432, 456, 40, 0, 62.65%, 9, 0, 6, 457.40, 671332, 255, 33, 0
2401, 47, 449, 456, 38, 0, 62.65%, 9, 0, 6, 452.96, 673570, 255, 33, 0
2406, 48, 80, 456, 37, 0, 62.65%, 9, 0, 6, 443.47, 675832, 255, 34, 0
2411, 48, 169, 456, 37, 0, 62.65%, 9, 0, 6, 459.52, 678141, 255, 34, 0
2416, 48, 312, 456, 37, 0, 62.65%, 9, 0, 6, 471.54, 680569, 255, 34, 0
2421, 48, 373, 456, 37, 0, 62.65%, 9, 0, 6, 463.97, 682863, 255, 34, 0
2426, 48, 402, 456, 35, 0, 62.65%, 9, 0, 6, 472.64, 685178, 255, 34, 0
2431, 48, 438, 456, 29, 0, 62.65%, 9, 0, 6, 472.31, 687542, 255, 34, 0
2436, 49, 326, 458, 30, 2, 63.14%, 9, 0, 6, 460.40, 689870, 257, 34, 0
2441, 50, 25, 458, 28, 0, 63.14%, 9, 0, 6, 464.63, 692239, 257, 34, 0
2446, 50, 208, 458, 28, 0, 63.14%, 10, 0, 6, 480.53, 694737, 257, 37, 0
2451, 50, 343, 458, 28, 0, 63.14%, 10, 0, 6, 463.51, 697062, 257, 37, 0
2457, 50, 377, 458, 27, 0, 63.14%, 10, 0, 6, 435.89, 699291, 257, 37, 0
2462, 50, 413, 458, 26, 0, 63.14%, 10, 0, 6, 446.63, 701507, 257, 37, 0
2467, 50, 449, 458, 23, 0, 63.14%, 10, 0, 6, 437.99, 703723, 257, 37, 0
2472, 51, 359, 459, 23, 1, 63.39%, 10, 0, 6, 455.79, 706068, 258, 37, 0
2477, 52, 17, 459, 22, 0, 63.39%, 10, 0, 6, 484.28, 708495, 258, 37, 0
2482, 52, 151, 459, 22, 0, 63.39%, 10, 0, 6, 443.07, 710740, 258, 37, 0
2487, 52, 260, 459, 22, 0, 63.39%, 10, 0, 6, 458.78, 713070, 258, 39, 0
2492, 52, 371, 459, 22, 0, 63.39%, 10, 0, 6, 449.59, 715356, 258, 40, 0
2497, 52, 389, 459, 20, 0, 63.39%, 10, 0, 6, 415.66, 717477, 258, 40, 0
2502, 52, 423, 460, 18, 0, 63.39%, 10, 0, 6, 459.66, 719970, 258, 40, 0
2507, 52, 460, 461, 17, 1, 63.39%, 10, 0, 6, 477.21, 722324, 258, 40, 0
2512, 53, 99, 461, 16, 0, 63.39%, 10, 0, 6, 448.13, 724577, 258, 40, 0
2518, 53, 298, 461, 16, 0, 63.39%, 10, 0, 6, 484.64, 727164, 258, 40, 0
2523, 53, 374, 461, 16, 0, 63.39%, 10, 0, 6, 449.76, 729388, 258, 40, 0
2528, 53, 407, 461, 15, 0, 63.39%, 10, 0, 6, 447.00, 731648, 258, 40, 0
2533, 53, 448, 461, 15, 0, 63.39%, 10, 0, 6, 466.68, 733917, 258, 40, 0
2538, 53, 460, 461, 14, 0, 63.39%, 10, 0, 6, 480.94, 736353, 258, 40, 0
2543, 54, 88, 462, 15, 0, 63.39%, 10, 0, 6, 469.50, 738692, 258, 40, 0
2548, 54, 197, 462, 15, 0, 63.39%, 10, 0, 6, 447.39, 740893, 258, 41, 0
2553, 54, 325, 463, 16, 0, 63.39%, 10, 0, 6, 443.40, 743117, 258, 42, 0
2558, 54, 378, 463, 16, 0, 63.39%, 10, 0, 6, 454.18, 745417, 258, 42, 0
2563, 54, 402, 463, 15, 0, 63.39%, 10, 0, 6, 440.76, 747543, 258, 42, 0
2568, 54, 448, 463, 14, 0, 63.39%, 10, 0, 6, 471.92, 749980, 258, 42, 0
2573, 54, 460, 463, 14, 0, 63.39%, 10, 0, 6, 458.37, 752245, 258, 42, 0
2578, 55, 115, 463, 14, 0, 63.39%, 10, 0, 6, 473.38, 754625, 258, 42, 0
2583, 55, 279, 463, 14, 0, 63.39%, 10, 0, 6, 477.15, 757062, 258, 43, 0
2588, 55, 373, 463, 14, 0, 63.39%, 10, 0, 6, 466.79, 759368, 258, 43, 0
2593, 55, 398, 463, 12, 0, 63.39%, 10, 0, 6, 456.77, 761665, 258, 43, 0
2598, 55, 438, 464, 11, 0, 63.64%, 10, 0, 6, 453.84, 763925, 259, 43, 0
2603, 56, 115, 464, 10, 0, 63.64%, 10, 0, 6, 470.48, 766293, 259, 43, 0
2609, 56, 260, 464, 10, 0, 63.64%, 10, 0, 6, 445.28, 768507, 259, 47, 0
2614, 56, 376, 464, 10, 0, 63.64%, 10, 0, 6, 458.24, 770815, 259, 47, 0
2619, 56, 423, 464, 9, 0, 63.64%, 10, 0, 6, 451.61, 773080, 259, 47, 0
2624, 56, 439, 464, 7, 0, 63.64%, 10, 0, 6, 436.40, 775284, 259, 47, 0
2629, 56, 456, 465, 8, 0, 63.88%, 10, 0, 6, 434.84, 777507, 260, 47, 0
2634, 57, 80, 465, 7, 0, 63.88%, 10, 0, 6, 411.45, 779611, 260, 47, 0
2639, 57, 174, 465, 7, 0, 63.88%, 10, 0, 6, 428.90, 781761, 260, 50, 0
2644, 57, 298, 465, 7, 0, 63.88%, 10, 0, 6, 430.71, 783984, 260, 50, 0
2649, 57, 373, 465, 7, 0, 63.88%, 10, 0, 6, 449.62, 786285, 260, 51, 0
2654, 57, 445, 465, 7, 0, 63.88%, 10, 0, 6, 454.63, 788631, 260, 51, 0
2659, 57, 460, 465, 6, 0, 63.88%, 10, 0, 6, 455.15, 790896, 260, 51, 0
2664, 58, 79, 465, 5, 0, 63.88%, 10, 0, 6, 448.75, 793137, 260, 51, 0
2669, 58, 187, 465, 5, 0, 63.88%, 10, 0, 6, 458.25, 795479, 260, 51, 0
2674, 58, 296, 465, 5, 0, 63.88%, 10, 0, 6, 463.93, 797771, 260, 54, 0
2679, 58, 351, 465, 5, 0, 63.88%, 10, 0, 6, 439.60, 799926, 260, 54, 0
2684, 58, 446, 465, 4, 0, 63.88%, 10, 0, 6, 433.90, 802215, 260, 54, 0
2689, 58, 465, 466, 5, 1, 64.37%, 10, 0, 6, 427.82, 804415, 262, 54, 0
2694, 59, 115, 466, 4, 0, 64.37%, 10, 0, 6, 452.15, 806651, 262, 54, 0
2699, 59, 292, 466, 4, 0, 64.37%, 10, 0, 6, 462.92, 808971, 262, 54, 0
2705, 59, 351, 466, 4, 0, 64.37%, 10, 0, 6, 472.36, 811333, 262, 54, 0
2710, 59, 439, 466, 4, 0, 64.37%, 10, 0, 6, 455.03, 813553, 262, 54, 0
2715, 59, 460, 466, 4, 0, 64.37%, 10, 0, 6, 461.19, 815901, 262, 54, 0
2720, 60, 50, 466, 4, 0, 64.37%, 10, 0, 6, 446.48, 818204, 262, 54, 0
2725, 60, 160, 466, 4, 0, 64.37%, 10, 0, 6, 461.37, 820515, 262, 54, 0
2730, 60, 304, 466, 4, 0, 64.37%, 10, 0, 6, 428.65, 822699, 262, 54, 0
2735, 60, 407, 466, 4, 0, 64.37%, 10, 0, 6, 414.79, 824819, 262, 55, 0
2740, 60, 460, 466, 3, 0, 64.37%, 10, 0, 6, 460.84, 827173, 262, 55, 0
2745, 61, 80, 466, 3, 0, 64.37%, 10, 0, 6, 478.37, 829613, 262, 55, 0
2750, 61, 235, 466, 3, 0, 64.37%, 10, 0, 6, 460.33, 831936, 262, 55, 0
2755, 61, 343, 466, 3, 0, 64.37%, 10, 0, 6, 451.24, 834165, 262, 55, 0
2760, 61, 443, 466, 2, 0, 64.37%, 10, 0, 6, 471.20, 836613, 262, 55, 0
2765, 61, 460, 466, 2, 0, 64.37%, 10, 0, 6, 442.81, 838858, 262, 55, 0
2770, 62, 19, 466, 1, 0, 64.37%, 10, 0, 6, 450.88, 841179, 262, 55, 0
2775, 62, 162, 466, 1, 0, 64.37%, 10, 0, 6, 467.71, 843539, 262, 55, 0
2780, 62, 312, 466, 1, 0, 64.37%, 10, 0, 6, 473.87, 845907, 262, 56, 0
2785, 62, 396, 466, 1, 0, 64.37%, 10, 0, 6, 437.45, 848094, 262, 56, 0
2790, 62, 457, 466, 1, 0, 64.37%, 10, 0, 6, 460.03, 850500, 262, 56, 0
2795, 63, 15, 466, 1, 0, 64.37%, 10, 0, 6, 440.54, 852755, 262, 56, 0
2800, 63, 151, 466, 1, 0, 64.37%, 10, 0, 6, 437.35, 855004, 262, 56, 0
2806, 63, 288, 466, 1, 0, 64.37%, 10, 0, 6, 449.02, 857387, 262, 56, 0
2811, 63, 435, 466, 1, 0, 64.37%, 10, 0, 6, 440.33, 859681, 262, 56, 0
2816, 63, 463, 466, 1, 0, 64.37%, 10, 0, 6, 464.32, 862015, 262, 56, 0
2821, 64, 92, 466, 1, 0, 64.37%, 10, 0, 6, 455.36, 864328, 262, 56, 0
2826, 64, 260, 466, 1, 0, 64.37%, 10, 0, 6, 466.57, 866789, 262, 56, 0
2831, 64, 358, 466, 1, 0, 64.37%, 10, 0, 6, 453.03, 868946, 262, 56, 0
2836, 64, 433, 466, 0, 0, 64.37%, 11, 0, 6, 418.15, 870980, 262, 58, 0
2841, 64, 464, 466, 0, 0, 64.37%, 11, 0, 6, 443.96, 873358, 262, 58, 0
2846, 65, 92, 466, 0, 0, 64.37%, 11, 0, 6, 441.42, 875597, 262, 58, 0
2852, 65, 223, 466, 0, 0, 64.37%, 11, 0, 6, 463.23, 878015, 262, 58, 0
2857, 65, 343, 466, 0, 0, 64.37%, 11, 0, 6, 451.15, 880275, 262, 58, 0
2862, 65, 460, 466, 0, 0, 64.37%, 11, 0, 6, 465.91, 882619, 262, 58, 0
2867, 66, 79, 466, 0, 0, 64.37%, 11, 0, 6, 469.54, 885005, 262, 58, 0
2872, 66, 187, 466, 0, 0, 64.37%, 11, 0, 6, 479.21, 887410, 262, 59, 0
2877, 66, 343, 466, 0, 0, 64.37%, 11, 0, 6, 476.17, 889878, 262, 59, 0
2882, 66, 366, 466, 0, 0, 64.37%, 11, 0, 6, 454.32, 892176, 262, 59, 0
2887, 66, 406, 466, 0, 0, 64.37%, 11, 0, 6, 422.81, 894247, 262, 59, 0
2892, 66, 446, 466, 0, 0, 64.37%, 11, 0, 6, 434.96, 896532, 262, 59, 0
2897, 67, 14, 466, 0, 0, 64.37%, 11, 0, 6, 467.15, 898882, 262, 59, 0
2902, 67, 123, 466, 0, 0, 64.37%, 11, 0, 6, 439.93, 901070, 262, 60, 0
2907, 67, 250, 466, 0, 0, 64.37%, 11, 0, 6, 438.47, 903313, 262, 60, 0
2912, 67, 349, 466, 0, 0, 64.37%, 11, 0, 6, 442.35, 905533, 262, 60, 0
2917, 67, 425, 466, 0, 0, 64.37%, 11, 0, 6, 442.85, 907752, 262, 60, 0
2922, 67, 460, 466, 0, 0, 64.37%, 11, 0, 6, 432.09, 909985, 262, 60, 0
2927, 68, 24, 467, 1, 0, 64.37%, 11, 0, 6, 447.55, 912207, 262, 60, 0
2933, 68, 157, 467, 1, 0, 64.37%, 11, 0, 6, 455.40, 914501, 262, 60, 0
2938, 68, 288, 467, 1, 0, 64.37%, 11, 0, 6, 460.48, 916797, 262, 60, 0
2943, 68, 366, 467, 1, 0, 64.37%, 11, 0, 6, 467.20, 919213, 262, 62, 0
2948, 68, 416, 467, 1, 0, 64.37%, 11, 0, 6, 449.09, 921504, 262, 62, 0
2953, 69, 18, 467, 1, 0, 64.37%, 11, 0, 6, 451.17, 923783, 262, 62, 0
2958, 69, 145, 467, 1, 0, 64.37%, 11, 0, 6, 451.25, 926013, 262, 62, 0
2963, 69, 260, 467, 1, 0, 64.37%, 11, 0, 6, 438.96, 928247, 262, 62, 0
2968, 69, 351, 467, 1, 0, 64.37%, 11, 0, 6, 459.84, 930550, 262, 62, 0
2973, 69, 440, 467, 1, 0, 64.37%, 11, 0, 6, 474.03, 932948, 262, 62, 0
2978, 70, 22, 467, 1, 0, 64.37%, 11, 0, 6, 461.71, 935227, 262, 62, 0
2983, 70, 139, 467, 1, 0, 64.37%, 11, 0, 6, 444.87, 937492, 262, 62, 0
2988, 70, 288, 467, 1, 0, 64.37%, 11, 0, 6, 430.80, 939672, 262, 62, 0
2993, 70, 367, 467, 1, 0, 64.37%, 11, 0, 6, 434.41, 941840, 262, 62, 0
2998, 70, 425, 467, 1, 0, 64.37%, 11, 0, 6, 430.19, 944033, 262, 62, 0
3003, 70, 465, 467, 1, 0, 64.37%, 11, 0, 6, 462.07, 946371, 262, 62, 0
3008, 71, 92, 467, 0, 0, 64.37%, 11, 0, 6, 435.23, 948529, 262, 62, 0
3013, 71, 258, 467, 0, 0, 64.37%, 11, 0, 6, 448.05, 950744, 262, 62, 0
3018, 71, 373, 467, 0, 0, 64.37%, 11, 0, 6, 469.65, 953200, 262, 63, 0
3023, 71, 425, 467, 0, 0, 64.37%, 11, 0, 6, 426.16, 955240, 262, 63, 0
3029, 71, 465, 467, 0, 0, 64.37%, 11, 0, 6, 413.65, 957368, 262, 63, 0
3034, 72, 121, 467, 0, 0, 64.37%, 11, 0, 6, 463.45, 959754, 262, 63, 0
3039, 72, 260, 467, 0, 0, 64.37%, 11, 0, 6, 473.37, 962145, 262, 63, 0
3044, 72, 410, 467, 0, 0, 64.37%, 11, 0, 6, 497.54, 964653, 262, 63, 0
3049, 73, 10, 467, 0, 0, 64.37%, 11, 0, 6, 447.59, 966865, 262, 63, 0
3054, 73, 150, 467, 0, 0, 64.37%, 11, 0, 6, 488.20, 969359, 262, 63, 0
3059, 73, 298, 467, 0, 0, 64.37%, 11, 0, 6, 474.37, 971690, 262, 63, 0
3064, 73, 402, 467, 0, 0, 64.37%, 11, 0, 6, 447.48, 973942, 262, 64, 0
3069, 74, 13, 467, 0, 0, 64.37%, 11, 0, 6, 462.72, 976361, 262, 64, 0
3074, 74, 141, 467, 0, 0, 64.37%, 11, 0, 6, 446.47, 978660, 262, 64, 0
3079, 74, 267, 467, 0, 0, 64.37%, 11, 0, 6, 450.85, 980889, 262, 66, 0
3084, 74, 376, 468, 1, 0, 64.37%, 11, 0, 6, 453.14, 983221, 262, 66, 0
3089, 74, 460, 468, 1, 0, 64.37%, 11, 0, 6, 472.25, 985625, 262, 66, 0
3094, 75, 79, 468, 0, 0, 64.37%, 11, 0, 6, 473.07, 987896, 262, 66, 0
3099, 75, 235, 468, 0, 0, 64.37%, 11, 0, 6, 480.70, 990295, 262, 67, 0
3104, 75, 332, 468, 0, 0, 64.37%, 11, 0, 6, 471.25, 992647, 262, 67, 0
3109, 75, 416, 468, 0, 0, 64.37%, 11, 0, 6, 473.32, 995007, 262, 67, 0
3115, 76, 15, 468, 0, 0, 64.37%, 11, 0, 6, 459.69, 997325, 262, 67, 0
3120, 76, 155, 468, 0, 0, 64.37%, 11, 0, 6, 463.68, 999665, 262, 67, 0
3125, 76, 288, 468, 0, 0, 64.37%, 11, 0, 6, 462.88, 1002048, 262, 67, 0
3130, 76, 364, 468, 0, 0, 64.37%, 11, 0, 6, 452.08, 1004287, 262, 67, 0
3135, 77, 25, 469, 1, 0, 64.37%, 11, 0, 6, 448.12, 1006534, 262, 67, 0
3140, 77, 187, 469, 1, 0, 64.37%, 11, 0, 6, 435.78, 1008803, 262, 67, 0
3145, 77, 312, 469, 1, 0, 64.37%, 11, 0, 6, 438.48, 1011048, 262, 67, 0
3150, 77, 403, 469, 1, 0, 64.37%, 11, 0, 6, 458.88, 1013431, 262, 68, 0
3155, 78, 25, 469, 1, 0, 64.37%, 11, 0, 6, 440.18, 1015643, 262, 68, 0
3161, 78, 155, 469, 1, 0, 64.37%, 11, 0, 6, 427.53, 1017830, 262, 68, 0
3166, 78, 260, 469, 1, 0, 64.37%, 11, 0, 6, 435.79, 1020128, 262, 68, 0
3171, 78, 343, 469, 1, 0, 64.37%, 11, 0, 6, 442.33, 1022349, 262, 68, 0
3176, 78, 409, 469, 1, 0, 64.37%, 11, 0, 6, 447.23, 1024618, 262, 69, 0
3181, 79, 13, 469, 1, 0, 64.37%, 11, 0, 6, 427.38, 1026721, 262, 69, 0
3186, 79, 136, 469, 1, 0, 64.37%, 11, 0, 6, 446.73, 1028948, 262, 69, 0
3191, 79, 273, 469, 1, 0, 64.37%, 11, 0, 6, 453.94, 1031305, 262, 69, 0
3196, 79, 376, 469, 1, 0, 64.37%, 11, 0, 6, 428.54, 1033487, 262, 69, 0
3201, 80, 12, 469, 1, 0, 64.37%, 11, 0, 6, 426.97, 1035656, 262, 69, 0
3206, 80, 92, 469, 1, 0, 64.37%, 11, 0, 6, 431.35, 1037815, 262, 69, 0
3211, 80, 228, 469, 1, 0, 64.37%, 11, 0, 6, 455.72, 1040189, 262, 69, 0
3216, 80, 327, 469, 1, 0, 64.37%, 11, 0, 6, 467.78, 1042555, 262, 69, 0
3221, 80, 402, 469, 1, 0, 64.37%, 11, 0, 6, 462.64, 1044855, 262, 70, 0
3227, 80, 463, 469, 1, 0, 64.37%, 11, 0, 6, 412.97, 1046901, 262, 70, 0
3232, 81, 115, 469, 1, 0, 64.37%, 11, 0, 6, 438.48, 1049139, 262, 70, 0
3237, 81, 228, 469, 1, 0, 64.37%, 11, 0, 6, 475.01, 1051593, 262, 71, 0
3242, 81, 343, 469, 1, 0, 64.37%, 11, 0, 6, 456.97, 1053942, 262, 71, 0
3247, 81, 463, 469, 1, 0, 64.37%, 11, 0, 6, 483.46, 1056401, 262, 71, 0
3252, 82, 80, 470, 1, 0, 64.37%, 11, 0, 6, 459.56, 1058658, 262, 71, 0
3257, 82, 223, 470, 1, 0, 64.37%, 11, 0, 6, 455.06, 1060969, 262, 71, 0
3262, 82, 343, 470, 1, 0, 64.37%, 11, 0, 6, 455.80, 1063305, 262, 71, 0
3267, 82, 437, 470, 1, 0, 64.37%, 11, 0, 6, 436.93, 1065556, 262, 71, 0
3272, 83, 25, 470, 1, 0, 64.37%, 11, 0, 6, 452.29, 1067838, 262, 71, 0
3278, 83, 152, 470, 1, 0, 64.37%, 11, 0, 6, 461.36, 1070162, 262, 72, 0
3283, 83, 298, 470, 1, 0, 64.37%, 11, 0, 6, 461.66, 1072516, 262, 72, 0
3288, 83, 383, 470, 1, 0, 64.37%, 11, 0, 6, 438.25, 1074718, 262, 72, 0
3293, 84, 39, 470, 1, 0, 64.37%, 11, 0, 6, 459.38, 1077108, 262, 72, 0
3298, 84, 172, 470, 1, 0, 64.37%, 11, 0, 6, 462.87, 1079457, 262, 72, 0
3303, 84, 298, 470, 1, 0, 64.37%, 11, 0, 6, 429.17, 1081637, 262, 72, 0
3308, 84, 416, 470, 1, 0, 64.37%, 11, 0, 6, 439.48, 1083874, 262, 72, 0
3313, 84, 445, 470, 1, 0, 64.37%, 11, 0, 6, 436.34, 1086095, 262, 72, 0
3318, 85, 39, 470, 1, 0, 64.37%, 11, 0, 6, 418.57, 1088170, 262, 72, 0
3323, 85, 174, 470, 1, 0, 64.37%, 11, 0, 6, 418.21, 1090308, 262, 72, 0
3328, 85, 298, 470, 1, 0, 64.37%, 11, 0, 6, 452.18, 1092626, 262, 72, 0
3334, 85, 370, 470, 1, 0, 64.37%, 11, 0, 6, 436.38, 1094901, 262, 74, 0
3339, 86, 99, 471, 2, 1, 64.37%, 11, 0, 6, 443.60, 1097244, 262, 74, 0
3344, 87, 76, 471, 1, 0, 64.37%, 11, 0, 6, 450.67, 1099560, 262, 78, 0
3349, 87, 223, 471, 1, 0, 64.37%, 11, 0, 6, 442.28, 1101852, 262, 78, 0
3354, 87, 318, 471, 1, 0, 64.37%, 11, 0, 6, 429.93, 1104070, 262, 78, 0
3359, 87, 438, 471, 1, 0, 64.37%, 11, 0, 6, 465.15, 1106375, 262, 78, 0
3364, 88, 24, 471, 1, 0, 64.37%, 12, 0, 6, 451.32, 1108546, 262, 83, 0
3369, 88, 187, 471, 1, 0, 64.37%, 12, 0, 6, 450.86, 1110797, 262, 83, 0
3374, 88, 331, 471, 1, 0, 64.37%, 12, 0, 6, 462.93, 1113175, 262, 83, 0
3379, 88, 448, 471, 1, 0, 64.37%, 12, 0, 6, 454.77, 1115441, 262, 84, 0
3384, 89, 34, 471, 1, 0, 64.37%, 13, 0, 6, 459.26, 1117800, 262, 93, 0
3389, 89, 154, 471, 1, 0, 64.37%, 13, 0, 6, 478.54, 1120227, 262, 93, 0
3394, 89, 250, 471, 1, 0, 64.37%, 13, 0, 6, 458.18, 1122549, 262, 93, 0
3400, 89, 352, 471, 1, 0, 64.37%, 13, 0, 6, 437.99, 1124717, 262, 93, 0
3405, 89, 440, 471, 1, 0, 64.37%, 13, 0, 6, 458.71, 1127090, 262, 93, 0
3410, 90, 34, 471, 1, 0, 64.37%, 13, 0, 6, 460.26, 1129371, 262, 98, 0
3415, 90, 172, 471, 1, 0, 64.37%, 13, 0, 6, 470.72, 1131792, 262, 98, 0
3420, 90, 298, 471, 1, 0, 64.37%, 13, 0, 6, 439.96, 1133958, 262, 98, 0
3425, 90, 434, 471, 1, 0, 64.37%, 13, 0, 6, 446.90, 1136256, 262, 98, 0
3430, 91, 17, 471, 1, 0, 64.37%, 13, 0, 6, 465.45, 1138536, 262, 108, 0
3435, 91, 151, 471, 1, 0, 64.37%, 13, 0, 6, 482.16, 1140941, 262, 108, 0
3440, 91, 307, 471, 1, 0, 64.37%, 13, 0, 6, 461.62, 1143286, 262, 108, 0
3445, 91, 437, 471, 1, 0, 64.37%, 13, 0, 6, 467.04, 1145643, 262, 108, 0
3450, 92, 13, 471, 1, 0, 64.37%, 13, 0, 6, 437.87, 1147829, 262, 116, 0
3455, 92, 139, 471, 1, 0, 64.37%, 13, 0, 6, 471.64, 1150253, 262, 116, 0
3460, 92, 279, 471, 1, 0, 64.37%, 13, 0, 6, 434.69, 1152439, 262, 116, 0
3465, 92, 412, 471, 1, 0, 64.37%, 13, 0, 6, 432.69, 1154653, 262, 116, 0
3470, 92, 470, 471, 1, 0, 64.37%, 13, 0, 6, 411.40, 1156726, 262, 122, 0
3475, 93, 138, 471, 1, 0, 64.37%, 13, 0, 6, 450.02, 1159058, 262, 122, 0
3480, 93, 249, 471, 1, 0, 64.37%, 13, 0, 6, 456.33, 1161352, 262, 122, 0
3486, 93, 376, 471, 1, 0, 64.37%, 13, 0, 6, 441.27, 1163558, 262, 122, 0
3491, 93, 442, 471, 1, 0, 64.37%, 13, 0, 6, 440.20, 1165801, 262, 122, 0
3496, 94, 22, 471, 1, 0, 64.37%, 13, 0, 6, 441.85, 1167973, 262, 127, 0
3501, 94, 151, 471, 1, 0, 64.37%, 13, 0, 6, 456.47, 1170351, 262, 127, 0
3506, 94, 288, 471, 1, 0, 64.37%, 13, 0, 6, 444.32, 1172512, 262, 127, 0
3511, 94, 402, 471, 1, 0, 64.37%, 13, 0, 6, 446.31, 1174848, 262, 127, 0
3516, 94, 460, 471, 1, 0, 64.37%, 13, 0, 6, 430.38, 1177041, 262, 127, 0
3521, 95, 70, 471, 1, 0, 64.37%, 13, 0, 6, 446.43, 1179390, 262, 134, 0
3526, 95, 188, 471, 1, 0, 64.37%, 13, 0, 6, 469.21, 1181797, 262, 134, 0
3531, 95, 304, 471, 1, 0, 64.37%, 13, 0, 6, 438.05, 1183989, 262, 134, 0
3537, 95, 397, 471, 1, 0, 64.37%, 13, 0, 6, 442.11, 1186329, 262, 134, 0
3542, 95, 460, 471, 1, 0, 64.37%, 13, 0, 6, 404.08, 1188298, 262, 134, 0
3547, 96, 22, 471, 0, 0, 64.37%, 13, 0, 6, 420.32, 1190466, 262, 137, 0
3552, 96, 149, 471, 0, 0, 64.37%, 13, 0, 6, 456.36, 1192790, 262, 137, 0
3557, 96, 242, 471, 0, 0, 64.37%, 13, 0, 6, 459.02, 1195096, 262, 138, 0
3562, 96, 377, 471, 0, 0, 64.37%, 13, 0, 6, 466.41, 1197456, 262, 138, 0
3567, 96, 465, 471, 0, 0, 64.37%, 13, 0, 6, 424.81, 1199534, 262, 138, 0
3572, 97, 22, 474, 2, 0, 64.37%, 13, 0, 6, 444.50, 1201751, 262, 148, 0
3577, 97, 115, 474, 2, 0, 64.37%, 13, 0, 6, 460.91, 1204101, 262, 148, 0
3582, 97, 268, 474, 2, 0, 64.37%, 13, 0, 6, 470.38, 1206461, 262, 149, 0
3587, 97, 372, 474, 2, 0, 64.37%, 13, 0, 6, 441.55, 1208747, 262, 149, 0
3592, 97, 427, 474, 2, 0, 64.37%, 13, 0, 6, 398.27, 1210776, 262, 149, 0
3598, 97, 463, 474, 2, 0, 64.37%, 13, 0, 6, 450.08, 1213117, 262, 149, 0
3603, 98, 18, 474, 1, 0, 64.37%, 13, 0, 6, 453.47, 1215386, 262, 154, 0
3608, 98, 151, 474, 1, 0, 64.37%, 13, 0, 6, 465.13, 1217743, 262, 154, 0
3613, 98, 288, 474, 1, 0, 64.37%, 13, 0, 6, 448.07, 1219957, 262, 154, 0
3618, 98, 382, 474, 1, 0, 64.37%, 13, 0, 6, 456.87, 1222335, 262, 154, 0
3623, 98, 457, 474, 1, 0, 64.37%, 13, 0, 6, 466.44, 1224643, 262, 154, 0
3628, 99, 79, 474, 1, 0, 64.37%, 13, 0, 6, 462.01, 1226914, 262, 157, 0
3633, 99, 180, 474, 1, 0, 64.37%, 13, 0, 6, 434.77, 1229140, 262, 157, 0
3638, 99, 331, 474, 1, 0, 64.37%, 13, 0, 6, 447.21, 1231468, 262, 159, 0
3643, 99, 474, 475, 2, 1, 64.37%, 13, 0, 6, 443.65, 1233681, 262, 159, 0
3648, 100, 86, 475, 1, 0, 64.37%, 13, 0, 6, 466.58, 1236047, 262, 159, 0
3653, 100, 249, 475, 1, 0, 64.37%, 13, 0, 6, 488.33, 1238508, 262, 159, 0
3658, 100, 352, 475, 1, 0, 64.37%, 13, 0, 6, 478.71, 1240877, 262, 159, 0
3663, 100, 442, 475, 1, 0, 64.37%, 13, 0, 6, 444.08, 1243050, 262, 159, 0
3668, 100, 471, 475, 1, 0, 64.37%, 13, 0, 6, 437.93, 1245238, 262, 168, 0
3673, 101, 34, 475, 0, 0, 64.37%, 13, 0, 6, 468.60, 1247641, 262, 168, 0
3678, 101, 151, 475, 0, 0, 64.37%, 13, 0, 6, 458.85, 1249907, 262, 168, 0
3683, 101, 274, 475, 0, 0, 64.37%, 13, 0, 6, 442.44, 1252134, 262, 168, 0
3688, 101, 371, 475, 0, 0, 64.37%, 13, 0, 6, 440.18, 1254385, 262, 168, 0
3693, 101, 451, 475, 0, 0, 64.37%, 13, 0, 6, 443.77, 1256621, 262, 168, 0
3699, 102, 18, 475, 0, 0, 64.37%, 13, 0, 6, 454.21, 1258862, 262, 172, 0
3704, 102, 140, 475, 0, 0, 64.37%, 13, 0, 6, 435.67, 1261076, 262, 173, 0
3709, 102, 260, 475, 0, 0, 64.37%, 13, 0, 6, 449.99, 1263459, 262, 173, 0
3714, 102, 389, 475, 0, 0, 64.37%, 13, 0, 6, 421.22, 1265653, 262, 173, 0
3719, 102, 465, 475, 0, 0, 64.37%, 13, 0, 6, 448.15, 1267906, 262, 173, 0
3724, 103, 19, 476, 1, 0, 64.37%, 13, 0, 6, 437.69, 1270105, 262, 177, 0
3729, 103, 151, 476, 1, 0, 64.37%, 13, 0, 6, 445.71, 1272364, 262, 177, 0
3734, 103, 260, 476, 1, 0, 64.37%, 13, 0, 6, 438.42, 1274531, 262, 177, 0
3739, 103, 381, 476, 1, 0, 64.37%, 13, 0, 6, 433.64, 1276729, 262, 177, 0
3744, 103, 471, 476, 1, 0, 64.37%, 13, 0, 6, 445.11, 1279006, 262, 178, 0
3750, 104, 19, 476, 1, 0, 64.37%, 13, 0, 6, 433.42, 1281247, 262, 180, 0
3755, 104, 130, 476, 1, 0, 64.37%, 13, 0, 6, 439.59, 1283483, 262, 181, 0
3760, 104, 298, 476, 1, 0, 64.37%, 13, 0, 6, 450.67, 1285830, 262, 181, 0
3765, 104, 418, 476, 1, 0, 64.37%, 13, 0, 6, 426.28, 1287916, 262, 181, 0
3770, 104, 474, 476, 1, 0, 64.37%, 13, 0, 6, 465.01, 1290299, 262, 188, 0
3775, 105, 151, 476, 1, 0, 64.37%, 13, 0, 6, 453.74, 1292613, 262, 188, 0
3780, 105, 254, 476, 1, 0, 64.37%, 13, 0, 6, 460.08, 1294957, 262, 188, 0
3785, 105, 365, 476, 1, 0, 64.37%, 13, 0, 6, 424.10, 1297052, 262, 188, 0
3790, 105, 421, 476, 1, 0, 64.37%, 13, 0, 6, 451.86, 1299433, 262, 188, 0
3795, 105, 471, 476, 1, 0, 64.37%, 13, 0, 6, 412.88, 1301502, 262, 191, 0
3800, 106, 24, 476, 1, 0, 64.37%, 13, 0, 6, 411.43, 1303550, 262, 200, 0
3805, 106, 155, 476, 1, 0, 64.37%, 13, 0, 6, 433.70, 1305778, 262, 200, 0
3810, 106, 262, 476, 1, 0, 64.37%, 13, 0, 6, 435.27, 1307954, 262, 200, 0
3815, 106, 402, 476, 1, 0, 64.37%, 13, 0, 6, 456.46, 1310260, 262, 200, 0
3821, 106, 474, 476, 1, 0, 64.37%, 13, 0, 6, 437.21, 1312411, 262, 207, 0
3826, 107, 92, 476, 0, 0, 64.37%, 13, 0, 6, 442.05, 1314646, 262, 207, 0
3831, 107, 249, 476, 0, 0, 64.37%, 13, 0, 6, 449.60, 1316879, 262, 208, 0
3836, 107, 343, 476, 0, 0, 64.37%, 13, 0, 6, 405.52, 1318920, 262, 208, 0
3841, 107, 451, 476, 0, 0, 64.37%, 13, 0, 6, 430.83, 1321164, 262, 208, 0
3846, 108, 16, 476, 0, 0, 64.37%, 13, 0, 6, 438.42, 1323379, 262, 214, 0
3851, 108, 116, 476, 0, 0, 64.37%, 13, 0, 6, 454.66, 1325671, 262, 214, 0
3856, 108, 235, 476, 0, 0, 64.37%, 13, 0, 6, 471.41, 1328007, 262, 214, 0
3861, 108, 343, 476, 0, 0, 64.37%, 13, 0, 6, 451.13, 1330294, 262, 215, 0
3866, 108, 457, 476, 0, 0, 64.37%, 13, 0, 6, 438.42, 1332497, 262, 215, 0
3871, 109, 24, 476, 0, 0, 64.37%, 13, 0, 6, 460.14, 1334786, 262, 218, 0
3876, 109, 187, 476, 0, 0, 64.37%, 13, 0, 6, 429.55, 1336956, 262, 219, 0
3881, 109, 314, 476, 0, 0, 64.37%, 13, 0, 6, 433.61, 1339187, 262, 219, 0
3886, 109, 431, 476, 0, 0, 64.37%, 13, 0, 6, 450.93, 1341437, 262, 219, 0
3891, 109, 474, 476, 0, 0, 64.37%, 13, 0, 6, 435.09, 1343594, 262, 226, 0
3896, 110, 84, 476, 0, 0, 64.37%, 13, 0, 6, 431.69, 1345743, 262, 226, 0
3901, 110, 245, 476, 0, 0, 64.37%, 13, 0, 6, 439.05, 1347975, 262, 226, 0
3906, 110, 351, 476, 0, 0, 64.37%, 13, 0, 6, 448.03, 1350231, 262, 226, 0
3911, 110, 400, 476, 0, 0, 64.37%, 13, 0, 6, 429.07, 1352401, 262, 226, 0
3917, 110, 458, 476, 0, 0, 64.37%, 13, 0, 6, 450.48, 1354663, 262, 226, 0
3922, 111, 12, 476, 0, 0, 64.37%, 13, 0, 6, 441.40, 1356821, 262, 232, 0
3927, 111, 115, 476, 0, 0, 64.37%, 13, 0, 6, 439.23, 1359056, 262, 233, 0
3932, 111, 250, 476, 0, 0, 64.37%, 13, 0, 6, 437.46, 1361268, 262, 233, 0
3937, 111, 343, 476, 0, 0, 64.37%, 13, 0, 6, 414.98, 1363393, 262, 233, 0
3942, 111, 443, 476, 0, 0, 64.37%, 13, 0, 6, 425.28, 1365577, 262, 233, 0
3947, 111, 471, 476, 0, 0, 64.37%, 13, 0, 6, 429.11, 1367697, 262, 234, 0
3952, 112, 35, 476, 0, 0, 64.37%, 13, 0, 6, 433.46, 1369900, 262, 243, 0
3957, 112, 189, 476, 0, 0, 64.37%, 13, 0, 6, 454.22, 1372272, 262, 243, 0
3962, 112, 343, 476, 0, 0, 64.37%, 13, 0, 6, 450.87, 1374593, 262, 243, 0
3967, 112, 460, 476, 0, 0, 64.37%, 13, 0, 6, 432.42, 1376760, 262, 243, 0
3972, 113, 19, 476, 0, 0, 64.37%, 13, 0, 6, 461.62, 1379169, 262, 253, 0
3978, 113, 140, 476, 0, 0, 64.37%, 13, 0, 6, 451.92, 1381491, 262, 253, 0
3983, 113, 298, 476, 0, 0, 64.37%, 13, 0, 6, 443.48, 1383712, 262, 253, 0
3988, 113, 408, 476, 0, 0, 64.37%, 13, 0, 6, 457.50, 1386026, 262, 253, 0
3993, 113, 471, 476, 0, 0, 64.37%, 13, 0, 6, 427.84, 1388075, 262, 256, 0
3998, 114, 25, 476, 0, 0, 64.37%, 13, 0, 6, 439.26, 1390264, 262, 259, 0
4003, 114, 155, 476, 0, 0, 64.37%, 13, 0, 6, 436.04, 1392499, 262, 261, 0
4008, 114, 285, 476, 0, 0, 64.37%, 13, 0, 6, 459.53, 1394807, 262, 261, 0
4013, 114, 377, 476, 0, 0, 64.37%, 13, 0, 6, 425.27, 1396932, 262, 261, 0
4018, 114, 446, 476, 0, 0, 64.37%, 13, 0, 6, 437.71, 1399116, 262, 261, 0
4023, 115, 13, 476, 0, 0, 64.37%, 13, 0, 6, 440.62, 1401328, 262, 270, 0
4028, 115, 115, 476, 0, 0, 64.37%, 13, 0, 6, 411.67, 1403408, 262, 270, 0
4033, 115, 230, 476, 0, 0, 64.37%, 13, 0, 6, 469.31, 1405766, 262, 270, 0
4038, 115, 352, 476, 0, 0, 64.37%, 13, 0, 6, 464.24, 1408146, 262, 270, 0
4043, 115, 456, 476, 0, 0, 64.37%, 13, 0, 6, 430.62, 1410222, 262, 270, 0
4048, 116, 23, 476, 0, 0, 64.37%, 13, 0, 6, 459.89, 1412534, 262, 274, 0
4054, 116, 177, 476, 0, 0, 64.37%, 13, 0, 6, 463.44, 1414971, 262, 274, 0
4059, 116, 298, 476, 0, 0, 64.37%, 13, 0, 6, 466.59, 1417331, 262, 274, 0
4064, 116, 402, 476, 0, 0, 64.37%, 13, 0, 6, 438.15, 1419552, 262, 274, 0
4069, 116, 471, 476, 0, 0, 64.37%, 13, 0, 6, 444.54, 1421817, 262, 284, 0
4074, 117, 80, 477, 1, 0, 64.37%, 13, 0, 6, 472.53, 1424180, 262, 284, 0
4079, 117, 175, 477, 1, 0, 64.37%, 13, 0, 6, 451.51, 1426440, 262, 284, 0
4084, 117, 310, 477, 1, 0, 64.37%, 13, 0, 6, 455.96, 1428717, 262, 284, 0
4089, 117, 438, 477, 1, 0, 64.37%, 13, 0, 6, 444.00, 1430915, 262, 284, 0
4094, 117, 474, 477, 1, 0, 64.37%, 13, 0, 6, 464.64, 1433234, 262, 292, 0
4099, 118, 84, 477, 1, 0, 64.37%, 13, 0, 6, 455.69, 1435513, 262, 292, 0
4104, 118, 258, 477, 1, 0, 64.37%, 13, 0, 6, 419.69, 1437583, 262, 292, 0
4109, 118, 352, 477, 1, 0, 64.37%, 13, 0, 6, 442.41, 1439864, 262, 292, 0
4114, 118, 413, 477, 1, 0, 64.37%, 13, 0, 6, 434.71, 1442015, 262, 292, 0
4119, 118, 471, 477, 1, 0, 64.37%, 13, 0, 6, 474.83, 1444490, 262, 293, 0
4125, 119, 79, 477, 1, 0, 64.37%, 13, 0, 6, 437.89, 1446701, 262, 294, 0
4130, 119, 174, 477, 1, 0, 64.37%, 13, 0, 6, 439.45, 1449057, 262, 294, 0
4135, 119, 304, 477, 1, 0, 64.37%, 13, 0, 6, 447.36, 1451277, 262, 294, 0
4140, 119, 402, 477, 1, 0, 64.37%, 13, 0, 6, 452.77, 1453589, 262, 294, 0
4145, 119, 474, 477, 1, 0, 64.37%, 13, 0, 6, 433.72, 1455765, 262, 301, 0
4150, 120, 101, 477, 1, 0, 64.37%, 13, 0, 6, 437.72, 1457938, 262, 301, 0
4155, 120, 221, 477, 1, 0, 64.37%, 13, 0, 6, 460.62, 1460284, 262, 301, 0
4160, 120, 343, 477, 1, 0, 64.37%, 13, 0, 6, 441.89, 1462428, 262, 301, 0
4165, 120, 426, 477, 1, 0, 64.37%, 13, 0, 6, 440.00, 1464731, 262, 301, 0
4170, 120, 474, 477, 1, 0, 64.37%, 13, 0, 6, 426.20, 1466884, 262, 307, 0
4175, 121, 79, 478, 2, 0, 64.37%, 13, 0, 6, 445.27, 1469111, 262, 307, 0
4180, 121, 186, 478, 2, 0, 64.37%, 13, 0, 6, 460.83, 1471511, 262, 307, 0
4185, 121, 300, 478, 2, 0, 64.37%, 13, 0, 6, 464.27, 1473902, 262, 307, 0
4190, 121, 397, 478, 2, 0, 64.37%, 13, 0, 6, 463.65, 1476244, 262, 307, 0
4195, 121, 474, 478, 2, 0, 64.37%, 13, 0, 6, 439.98, 1478418, 262, 308, 0
4201, 122, 79, 478, 1, 0, 64.37%, 13, 0, 6, 455.28, 1480701, 262, 308, 0
4206, 122, 181, 478, 1, 0, 64.37%, 13, 0, 6, 456.49, 1482996, 262, 309, 0
4211, 122, 294, 478, 1, 0, 64.37%, 13, 0, 6, 441.74, 1485190, 262, 311, 0
4216, 122, 384, 478, 1, 0, 64.37%, 13, 0, 6, 447.65, 1487384, 262, 311, 0
4221, 122, 463, 478, 1, 0, 64.37%, 13, 0, 6, 439.65, 1489593, 262, 311, 0
4226, 122, 477, 478, 1, 0, 64.37%, 13, 0, 6, 434.09, 1491823, 262, 315, 0
4231, 123, 147, 478, 0, 0, 64.37%, 13, 0, 6, 427.64, 1493934, 262, 315, 0
4236, 123, 258, 478, 0, 0, 64.37%, 13, 0, 6, 432.85, 1496175, 262, 315, 0
4241, 123, 351, 478, 0, 0, 64.37%, 13, 0, 6, 427.92, 1498370, 262, 315, 0
4246, 123, 461, 478, 0, 0, 64.37%, 13, 0, 6, 444.82, 1500538, 262, 315, 0
4251, 124, 302, 480, 2, 1, 64.62%, 13, 0, 6, 433.73, 1502765, 263, 315, 0
4256, 125, 15, 480, 1, 0, 64.62%, 13, 0, 6, 430.82, 1505007, 263, 315, 0
4261, 125, 115, 480, 1, 0, 64.62%, 13, 0, 6, 419.24, 1507079, 263, 315, 0
4266, 125, 260, 480, 1, 0, 64.62%, 13, 0, 6, 454.87, 1509435, 263, 315, 0
4271, 125, 388, 480, 1, 0, 64.62%, 13, 0, 6, 438.52, 1511635, 263, 315, 0
4277, 125, 474, 480, 1, 0, 64.62%, 13, 0, 6, 467.01, 1513933, 263, 317, 0
4282, 126, 79, 482, 2, 0, 64.62%, 13, 0, 6, 462.12, 1516222, 263, 317, 0
4287, 126, 223, 482, 2, 0, 64.62%, 13, 0, 6, 457.31, 1518540, 263, 317, 0
4292, 126, 331, 482, 2, 0, 64.62%, 13, 0, 6, 441.95, 1520781, 263, 317, 0
4297, 126, 402, 482, 2, 0, 64.62%, 13, 0, 6, 413.12, 1522863, 263, 317, 0
4302, 126, 474, 482, 2, 0, 64.62%, 13, 0, 6, 425.13, 1525055, 263, 318, 0
4307, 127, 84, 482, 2, 0, 64.62%, 13, 0, 6, 420.17, 1527203, 263, 318, 0
4312, 127, 206, 482, 2, 0, 64.62%, 13, 0, 6, 415.84, 1529343, 263, 320, 0
4317, 127, 338, 482, 2, 0, 64.62%, 13, 0, 6, 432.50, 1531618, 263, 320, 0
4322, 127, 411, 482, 2, 0, 64.62%, 13, 0, 6, 442.03, 1533853, 263, 320, 0
4327, 127, 478, 482, 2, 0, 64.62%, 13, 0, 6, 445.83, 1536098, 263, 320, 0
4332, 128, 115, 482, 1, 0, 64.62%, 13, 0, 6, 443.50, 1538443, 263, 320, 0
4338, 128, 297, 482, 1, 0, 64.62%, 13, 0, 6, 475.26, 1540910, 263, 320, 0
4343, 128, 405, 482, 1, 0, 64.62%, 13, 0, 6, 472.33, 1543282, 263, 320, 0
4348, 128, 473, 482, 1, 0, 64.62%, 13, 0, 6, 473.72, 1545625, 263, 320, 0
4353, 129, 25, 482, 1, 0, 64.62%, 13, 0, 6, 444.50, 1547841, 263, 320, 0
4358, 129, 151, 482, 1, 0, 64.62%, 13, 0, 6, 458.65, 1550146, 263, 320, 0
4363, 129, 278, 482, 1, 0, 64.62%, 13, 0, 6, 458.56, 1552468, 263, 320, 0
4368, 129, 362, 482, 1, 0, 64.62%, 13, 0, 6, 463.59, 1554764, 263, 320, 0
4373, 129, 442, 482, 1, 0, 64.62%, 13, 0, 6, 438.49, 1556905, 263, 320, 0
4378, 130, 22, 482, 0, 0, 64.62%, 13, 0, 6, 439.32, 1559139, 263, 322, 0
4383, 130, 151, 482, 0, 0, 64.62%, 13, 0, 6, 466.37, 1561449, 263, 323, 0
4388, 130, 279, 482, 0, 0, 64.62%, 13, 0, 6, 439.07, 1563617, 263, 323, 0
4393, 130, 376, 482, 0, 0, 64.62%, 13, 0, 6, 427.35, 1565769, 263, 323, 0
4398, 131, 19, 482, 0, 0, 64.62%, 13, 0, 6, 416.45, 1567882, 263, 325, 0
4403, 131, 155, 482, 0, 0, 64.62%, 13, 0, 6, 420.59, 1570062, 263, 325, 0
4408, 131, 260, 482, 0, 0, 64.62%, 13, 0, 6, 443.81, 1572265, 263, 325, 0
4413, 131, 352, 482, 0, 0, 64.62%, 13, 0, 6, 456.04, 1574522, 263, 325, 0
4419, 131, 445, 482, 0, 0, 64.62%, 13, 0, 6, 434.72, 1576753, 263, 325, 0
4424, 131, 478, 482, 0, 0, 64.62%, 13, 0, 6, 417.99, 1578869, 263, 326, 0
4429, 132, 83, 482, 0, 0, 64.62%, 13, 0, 6, 426.50, 1581001, 263, 326, 0
4434, 132, 222, 482, 0, 0, 64.62%, 13, 0, 6, 452.15, 1583320, 263, 326, 0
4439, 132, 343, 482, 0, 0, 64.62%, 13, 0, 6, 455.51, 1585694, 263, 327, 0
4444, 132, 449, 482, 0, 0, 64.62%, 13, 0, 6, 445.05, 1587929, 263, 327, 0
4449, 133, 24, 482, 0, 0, 64.62%, 13, 0, 6, 437.05, 1590174, 263, 327, 0
4454, 133, 174, 482, 0, 0, 64.62%, 13, 0, 6, 434.71, 1592426, 263, 328, 0
4459, 133, 288, 482, 0, 0, 64.62%, 13, 0, 6, 428.76, 1594652, 263, 328, 0
4464, 133, 421, 482, 0, 0, 64.62%, 13, 0, 6, 434.13, 1596875, 263, 328, 0
4469, 133, 478, 482, 0, 0, 64.62%, 13, 0, 6, 430.84, 1598996, 263, 329, 0
4474, 134, 92, 482, 0, 0, 64.62%, 13, 0, 6, 443.13, 1601197, 263, 329, 0
4479, 134, 187, 482, 0, 0, 64.62%, 13, 0, 6, 439.07, 1603417, 263, 329, 0
4484, 134, 306, 482, 0, 0, 64.62%, 13, 0, 6, 446.54, 1605678, 263, 329, 0
4489, 134, 446, 482, 0, 0, 64.62%, 13, 0, 6, 438.64, 1607928, 263, 329, 0
4494, 135, 25, 483, 1, 0, 64.62%, 13, 0, 6, 444.94, 1610169, 263, 330, 0
4500, 135, 223, 483, 1, 0, 64.62%, 13, 0, 6, 463.22, 1612509, 263, 330, 0
4505, 135, 312, 484, 2, 0, 64.62%, 13, 0, 6, 454.10, 1614771, 263, 330, 0
4510, 135, 402, 484, 2, 0, 64.62%, 13, 0, 6, 440.86, 1617043, 263, 331, 0
4515, 135, 474, 484, 2, 0, 64.62%, 13, 0, 6, 446.14, 1619299, 263, 332, 0
4520, 136, 84, 484, 1, 0, 64.62%, 13, 0, 6, 463.03, 1621612, 263, 332, 0
4525, 136, 157, 484, 1, 0, 64.62%, 13, 0, 6, 446.76, 1623839, 263, 332, 0
4530, 136, 260, 484, 1, 0, 64.62%, 13, 0, 6, 432.07, 1626027, 263, 332, 0
4535, 136, 402, 484, 1, 0, 64.62%, 13, 0, 6, 436.33, 1628188, 263, 332, 0
4540, 136, 478, 484, 1, 0, 64.62%, 13, 0, 6, 423.42, 1630293, 263, 337, 0
4545, 137, 92, 484, 1, 0, 64.62%, 13, 0, 6, 432.34, 1632509, 263, 338, 0
4550, 137, 206, 484, 1, 0, 64.62%, 13, 0, 6, 449.66, 1634794, 263, 338, 0
4555, 137, 331, 484, 1, 0, 64.62%, 13, 0, 6, 449.10, 1637145, 263, 338, 0
4560, 137, 447, 484, 1, 0, 64.62%, 13, 0, 6, 444.62, 1639401, 263, 338, 0
4565, 137, 474, 484, 1, 0, 64.62%, 13, 0, 6, 406.06, 1641222, 263, 338, 0
4570, 138, 83, 484, 1, 0, 64.62%, 13, 0, 6, 433.38, 1643452, 263, 338, 0
4575, 138, 241, 484, 1, 0, 64.62%, 13, 0, 6, 424.56, 1645637, 263, 338, 0
4580, 138, 343, 484, 1, 0, 64.62%, 13, 0, 6, 440.67, 1647868, 263, 338, 0
4586, 138, 438, 484, 1, 0, 64.62%, 13, 0, 6, 464.06, 1650295, 263, 338, 0
4591, 139, 25, 484, 1, 0, 64.62%, 13, 0, 6, 460.05, 1652585, 263, 340, 0
4596, 139, 187, 484, 1, 0, 64.62%, 13, 0, 6, 462.48, 1654929, 263, 340, 0
4601, 139, 343, 484, 1, 0, 64.62%, 13, 0, 6, 442.31, 1657134, 263, 340, 0
4606, 139, 436, 484, 1, 0, 64.62%, 13, 0, 6, 454.87, 1659531, 263, 341, 0
4611, 139, 470, 484, 1, 0, 64.62%, 13, 0, 6, 428.08, 1661739, 263, 342, 0
4616, 140, 79, 484, 1, 0, 64.62%, 13, 0, 6, 453.45, 1663999, 263, 348, 0
4621, 140, 167, 484, 1, 0, 64.62%, 13, 0, 6, 455.05, 1666324, 263, 348, 0
4626, 140, 276, 484, 1, 0, 64.62%, 13, 0, 6, 451.75, 1668586, 263, 348, 0
4631, 140, 389, 484, 1, 0, 64.62%, 13, 0, 6, 482.90, 1671127, 263, 348, 0
4637, 141, 25, 484, 1, 0, 64.62%, 13, 0, 6, 469.41, 1673590, 263, 350, 0
4642, 141, 171, 484, 1, 0, 64.62%, 13, 0, 6, 458.32, 1675869, 263, 350, 0
4647, 141, 298, 484, 1, 0, 64.62%, 13, 0, 6, 472.95, 1678281, 263, 351, 0
4652, 141, 398, 484, 1, 0, 64.62%, 13, 0, 6, 437.26, 1680514, 263, 351, 0
4657, 141, 478, 484, 1, 0, 64.62%, 13, 0, 6, 437.85, 1682723, 263, 351, 0
4662, 142, 115, 484, 1, 0, 64.62%, 13, 0, 6, 444.72, 1685018, 263, 351, 0
4667, 142, 242, 484, 1, 0, 64.62%, 13, 0, 6, 468.72, 1687488, 263, 351, 0
4672, 142, 377, 484, 1, 0, 64.62%, 13, 0, 6, 458.83, 1689896, 263, 351, 0
4678, 142, 478, 484, 1, 0, 64.62%, 13, 0, 6, 474.61, 1692379, 263, 353, 0
4683, 143, 131, 484, 1, 0, 64.62%, 13, 0, 6, 459.17, 1694684, 263, 353, 0
4688, 143, 277, 484, 1, 0, 64.62%, 13, 0, 6, 448.33, 1696954, 263, 354, 0
4693, 143, 351, 484, 1, 0, 64.62%, 13, 0, 6, 440.67, 1699219, 263, 354, 0
4698, 143, 450, 484, 1, 0, 64.62%, 13, 0, 6, 429.41, 1701357, 263, 354, 0
4703, 144, 24, 484, 1, 0, 64.62%, 13, 0, 6, 416.38, 1703495, 263, 356, 0
4708, 144, 145, 484, 1, 0, 64.62%, 13, 0, 6, 433.24, 1705615, 263, 356, 0
4713, 144, 250, 484, 1, 0, 64.62%, 13, 0, 6, 438.89, 1707893, 263, 357, 0
4718, 144, 359, 484, 1, 0, 64.62%, 13, 0, 6, 447.16, 1710152, 263, 357, 0
4723, 144, 472, 484, 1, 0, 64.62%, 13, 0, 6, 392.52, 1712150, 263, 358, 0
4728, 145, 78, 484, 1, 0, 64.62%, 13, 0, 6, 442.89, 1714500, 263, 359, 0
4733, 145, 183, 484, 1, 0, 64.62%, 13, 0, 6, 432.86, 1716677, 263, 359, 0
4738, 145, 269, 484, 1, 0, 64.62%, 13, 0, 6, 444.75, 1718906, 263, 359, 0
4743, 145, 379, 484, 1, 0, 64.62%, 13, 0, 6, 424.31, 1721002, 263, 359, 0
4748, 145, 478, 484, 1, 0, 64.62%, 13, 0, 6, 412.87, 1723083, 263, 359, 0
4753, 146, 92, 484, 1, 0, 64.62%, 13, 0, 6, 451.47, 1725413, 263, 360, 0
4758, 146, 260, 484, 1, 0, 64.62%, 13, 0, 6, 446.77, 1727684, 263, 360, 0
4764, 146, 373, 484, 1, 0, 64.62%, 13, 0, 6, 433.84, 1729888, 263, 360, 0
4769, 146, 449, 484, 1, 0, 64.62%, 13, 0, 6, 435.55, 1732080, 263, 360, 0
4774, 147, 51, 484, 1, 0, 64.62%, 13, 0, 6, 424.98, 1734228, 263, 360, 0
4779, 147, 155, 484, 1, 0, 64.62%, 13, 0, 6, 429.43, 1736339, 263, 360, 0
4784, 147, 279, 484, 1, 0, 64.62%, 13, 0, 6, 434.69, 1738587, 263, 360, 0
4789, 147, 445, 484, 1, 0, 64.62%, 13, 0, 6, 437.60, 1740814, 263, 360, 0
4794, 148, 14, 484, 1, 0, 64.62%, 13, 0, 6, 457.55, 1743118, 263, 360, 0
4799, 148, 153, 484, 1, 0, 64.62%, 13, 0, 6, 445.18, 1745426, 263, 360, 0
4804, 148, 288, 484, 1, 0, 64.62%, 13, 0, 6, 452.35, 1747756, 263, 360, 0
4809, 148, 394, 484, 1, 0, 64.62%, 13, 0, 6, 405.85, 1749799, 263, 360, 0
4814, 148, 439, 484, 1, 0, 64.62%, 13, 0, 6, 423.11, 1751976, 263, 360, 0
4819, 149, 25, 484, 1, 0, 64.62%, 13, 0, 6, 441.18, 1754228, 263, 360, 0
4824, 149, 154, 484, 1, 0, 64.62%, 13, 0, 6, 426.67, 1756424, 263, 361, 0
4830, 149, 288, 484, 1, 0, 64.62%, 13, 0, 6, 426.16, 1758635, 263, 361, 0
4835, 149, 381, 484, 1, 0, 64.62%, 13, 0, 6, 425.64, 1760796, 263, 361, 0
4840, 149, 472, 484, 1, 0, 64.62%, 13, 0, 6, 417.77, 1762804, 263, 361, 0
4845, 150, 92, 484, 1, 0, 64.62%, 13, 0, 6, 432.71, 1765040, 263, 361, 0
4850, 150, 174, 484, 1, 0, 64.62%, 13, 0, 6, 431.10, 1767211, 263, 361, 0
4855, 150, 304, 484, 1, 0, 64.62%, 13, 0, 6, 441.16, 1769457, 263, 363, 0
4860, 150, 404, 484, 1, 0, 64.62%, 13, 0, 6, 433.30, 1771631, 263, 363, 0
4865, 150, 483, 484, 1, 0, 64.62%, 13, 0, 6, 427.75, 1773780, 263, 364, 0
4870, 151, 84, 485, 1, 0, 64.62%, 13, 0, 6, 426.27, 1775929, 263, 364, 0
4875, 151, 249, 485, 1, 0, 64.62%, 13, 0, 6, 435.21, 1778129, 263, 364, 0
4880, 151, 343, 485, 1, 0, 64.62%, 13, 0, 6, 435.26, 1780292, 263, 364, 0
4885, 151, 446, 485, 1, 0, 64.62%, 13, 0, 6, 446.81, 1782491, 263, 364, 0
4890, 152, 25, 486, 1, 0, 64.62%, 13, 0, 6, 463.03, 1784867, 263, 366, 0
4895, 152, 158, 486, 1, 0, 64.62%, 13, 0, 6, 429.93, 1787007, 263, 367, 0
4900, 152, 263, 486, 1, 0, 64.62%, 13, 0, 6, 449.08, 1789272, 263, 367, 0
4905, 152, 376, 486, 1, 0, 64.62%, 13, 0, 6, 440.77, 1791515, 263, 368, 0
4910, 152, 457, 486, 1, 0, 64.62%, 13, 0, 6, 432.77, 1793616, 263, 368, 0
4916, 153, 34, 486, 1, 0, 64.62%, 13, 0, 6, 417.59, 1795770, 263, 369, 0
4921, 153, 178, 486, 1, 0, 64.62%, 13, 0, 6, 436.27, 1798096, 263, 369, 0
4926, 153, 310, 486, 1, 0, 64.62%, 13, 0, 6, 453.42, 1800415, 263, 369, 0
4931, 153, 375, 486, 1, 0, 64.62%, 13, 0, 6, 444.75, 1802683, 263, 369, 0
4936, 153, 456, 486, 1, 0, 64.62%, 13, 0, 6, 415.42, 1804596, 263, 369, 0
4941, 153, 476, 486, 1, 0, 64.62%, 13, 0, 6, 428.46, 1806786, 263, 369, 0
4946, 154, 22, 486, 1, 0, 64.62%, 13, 0, 6, 423.47, 1808942, 263, 369, 0
4951, 154, 174, 486, 1, 0, 64.62%, 13, 0, 6, 401.48, 1810943, 263, 369, 0
4956, 154, 312, 486, 1, 0, 64.62%, 13, 0, 6, 427.35, 1813132, 263, 369, 0
4961, 154, 395, 486, 1, 0, 64.62%, 13, 0, 6, 418.07, 1815236, 263, 369, 0
4966, 154, 433, 486, 1, 0, 64.62%, 13, 0, 6, 427.32, 1817384, 263, 369, 0
4971, 155, 25, 486, 0, 0, 64.62%, 13, 0, 6, 446.54, 1819634, 263, 372, 0
4976, 155, 151, 486, 0, 0, 64.62%, 13, 0, 6, 418.56, 1821747, 263, 372, 0
4982, 155, 298, 486, 0, 0, 64.62%, 13, 0, 6, 447.75, 1824114, 263, 372, 0
4987, 155, 377, 486, 0, 0, 64.62%, 13, 0, 6, 412.60, 1826208, 263, 372, 0
4992, 155, 457, 486, 0, 0, 64.62%, 13, 0, 6, 413.30, 1828242, 263, 372, 0
4997, 156, 80, 486, 0, 0, 64.62%, 13, 0, 6, 453.34, 1830684, 263, 372, 0
5002, 156, 167, 486, 0, 0, 64.62%, 13, 0, 6, 438.74, 1832877, 263, 372, 0
5007, 156, 260, 486, 0, 0, 64.62%, 13, 0, 6, 415.93, 1834891, 263, 372, 0
5012, 156, 352, 486, 0, 0, 64.62%, 13, 0, 6, 422.55, 1837008, 263, 372, 0
5017, 156, 471, 486, 0, 0, 64.62%, 13, 0, 6, 444.29, 1839281, 263, 376, 0
5022, 157, 80, 486, 0, 0, 64.62%, 13, 0, 6, 423.11, 1841446, 263, 377, 0
5027, 157, 161, 486, 0, 0, 64.62%, 13, 0, 6, 451.53, 1843743, 263, 377, 0
5032, 157, 242, 486, 0, 0, 64.62%, 13, 0, 6, 438.13, 1845898, 263, 377, 0
5037, 157, 346, 486, 0, 0, 64.62%, 13, 0, 6, 461.48, 1848193, 263, 377, 0
5042, 158, 22, 486, 0, 0, 64.62%, 13, 0, 6, 452.48, 1850480, 263, 378, 0
5047, 158, 123, 486, 0, 0, 64.62%, 13, 0, 6, 448.50, 1852706, 263, 378, 0
5052, 158, 260, 486, 0, 0, 64.62%, 13, 0, 6, 432.89, 1854864, 263, 378, 0
5058, 158, 395, 486, 0, 0, 64.62%, 13, 0, 6, 413.67, 1856991, 263, 378, 0
5063, 158, 434, 486, 0, 0, 64.62%, 13, 0, 6, 440.62, 1859203, 263, 378, 0
5068, 159, 24, 486, 0, 0, 64.62%, 13, 0, 6, 452.52, 1861456, 263, 378, 0
5073, 159, 156, 486, 0, 0, 64.62%, 13, 0, 6, 443.39, 1863691, 263, 378, 0
5078, 159, 282, 486, 0, 0, 64.62%, 13, 0, 6, 442.13, 1865917, 263, 378, 0
5083, 159, 394, 486, 0, 0, 64.62%, 13, 0, 6, 433.98, 1868161, 263, 378, 0
5088, 159, 424, 486, 0, 0, 64.62%, 13, 0, 6, 456.28, 1870473, 263, 378, 0
5093, 159, 448, 486, 0, 0, 64.62%, 13, 0, 6, 441.06, 1872620, 263, 378, 0
5098, 160, 41, 487, 1, 0, 64.62%, 13, 0, 6, 442.91, 1874865, 263, 379, 0
5103, 160, 174, 487, 1, 0, 64.62%, 13, 0, 6, 422.79, 1876931, 263, 380, 0
5108, 160, 260, 487, 1, 0, 64.62%, 13, 0, 6, 431.60, 1879094, 263, 381, 0
5113, 160, 402, 487, 1, 0, 64.62%, 13, 0, 6, 426.32, 1881232, 263, 381, 0
5118, 160, 483, 487, 1, 0, 64.62%, 13, 0, 6, 422.64, 1883425, 263, 382, 0
5123, 161, 79, 487, 1, 0, 64.62%, 13, 0, 6, 406.06, 1885478, 263, 382, 0
5128, 161, 174, 487, 1, 0, 64.62%, 13, 0, 6, 443.39, 1887799, 263, 382, 0
5133, 161, 277, 487, 1, 0, 64.62%, 13, 0, 6, 450.13, 1890064, 263, 382, 0
5138, 161, 373, 487, 1, 0, 64.62%, 13, 0, 6, 457.92, 1892280, 263, 382, 0
5143, 161, 409, 487, 1, 0, 64.62%, 13, 0, 6, 426.24, 1894337, 263, 382, 0
5149, 161, 472, 487, 1, 0, 64.62%, 13, 0, 6, 407.55, 1896335, 263, 382, 0
5154, 162, 80, 487, 1, 0, 64.62%, 13, 0, 6, 424.17, 1898520, 263, 382, 0
5159, 162, 223, 487, 1, 0, 64.62%, 13, 0, 6, 453.91, 1900854, 263, 382, 0
5164, 162, 351, 487, 1, 0, 64.62%, 13, 0, 6, 442.56, 1903056, 263, 382, 0
5169, 162, 402, 487, 1, 0, 64.62%, 13, 0, 6, 440.28, 1905262, 263, 382, 0
5174, 162, 449, 487, 1, 0, 64.62%, 13, 0, 6, 433.17, 1907433, 263, 382, 0
5179, 163, 80, 487, 1, 0, 64.62%, 13, 0, 6, 423.62, 1909624, 263, 383, 0
5184, 163, 187, 487, 1, 0, 64.62%, 13, 0, 6, 453.43, 1911901, 263, 384, 0
5189, 163, 343, 487, 1, 0, 64.62%, 13, 0, 6, 441.53, 1914106, 263, 384, 0
5194, 163, 444, 487, 1, 0, 64.62%, 13, 0, 6, 438.18, 1916300, 263, 384, 0
5199, 164, 25, 487, 1, 0, 64.62%, 13, 0, 6, 415.17, 1918420, 263, 385, 0
5204, 164, 151, 487, 1, 0, 64.62%, 13, 0, 6, 421.29, 1920637, 263, 385, 0
5209, 164, 298, 487, 1, 0, 64.62%, 13, 0, 6, 451.19, 1922949, 263, 385, 0
5214, 164, 388, 487, 1, 0, 64.62%, 13, 0, 6, 413.03, 1924991, 263, 385, 0
5220, 164, 463, 487, 1, 0, 64.62%, 13, 0, 6, 457.47, 1927297, 263, 385, 0
5225, 165, 31, 487, 0, 0, 64.62%, 13, 0, 6, 418.04, 1929369, 263, 387, 0
5230, 165, 151, 487, 0, 0, 64.62%, 13, 0, 6, 423.64, 1931568, 263, 392, 0
5235, 165, 288, 487, 0, 0, 64.62%, 13, 0, 6, 466.17, 1934028, 263, 395, 0
5240, 165, 379, 487, 0, 0, 64.62%, 13, 0, 6, 404.81, 1936053, 263, 395, 0
5245, 165, 466, 487, 0, 0, 64.62%, 13, 0, 6, 429.15, 1938263, 263, 395, 0
5250, 166, 78, 487, 0, 0, 64.62%, 13, 0, 6, 444.58, 1940543, 263, 396, 0
5255, 166, 172, 487, 0, 0, 64.62%, 13, 0, 6, 453.12, 1942820, 263, 396, 0
5260, 166, 298, 487, 0, 0, 64.62%, 13, 0, 6, 454.85, 1945127, 263, 396, 0
5265, 166, 394, 487, 0, 0, 64.62%, 13, 0, 6, 415.12, 1947182, 263, 396, 0
5270, 166, 465, 487, 0, 0, 64.62%, 13, 0, 6, 432.24, 1949484, 263, 396, 0
5275, 167, 115, 487, 0, 0, 64.62%, 13, 0, 6, 448.90, 1951758, 263, 399, 0
5280, 167, 238, 487, 0, 0, 64.62%, 13, 0, 6, 442.27, 1954046, 263, 399, 0
5286, 167, 350, 487, 0, 0, 64.62%, 13, 0, 6, 424.62, 1956190, 263, 399, 0
5291, 167, 449, 487, 0, 0, 64.62%, 13, 0, 6, 421.42, 1958324, 263, 399, 0
5296, 168, 29, 487, 0, 0, 64.62%, 13, 0, 6, 439.35, 1960586, 263, 404, 0
5301, 168, 133, 487, 0, 0, 64.62%, 13, 0, 6, 425.56, 1962669, 263, 404, 0
5306, 168, 288, 487, 0, 0, 64.62%, 13, 0, 6, 431.47, 1964978, 263, 404, 0
5311, 168, 377, 487, 0, 0, 64.62%, 13, 0, 6, 417.45, 1967073, 263, 404, 0
5316, 169, 23, 487, 0, 0, 64.62%, 13, 0, 6, 430.38, 1969246, 263, 404, 0
5321, 169, 151, 487, 0, 0, 64.62%, 13, 0, 6, 431.74, 1971414, 263, 404, 0
5326, 169, 280, 487, 0, 0, 64.62%, 13, 0, 6, 448.74, 1973692, 263, 406, 0
5331, 169, 408, 487, 0, 0, 64.62%, 13, 0, 6, 447.85, 1975937, 263, 406, 0
5336, 169, 456, 487, 0, 0, 64.62%, 13, 0, 6, 432.60, 1978093, 263, 406, 0
5341, 169, 475, 487, 0, 0, 64.62%, 13, 0, 6, 423.04, 1980235, 263, 410, 0
5346, 170, 92, 487, 0, 0, 64.62%, 13, 0, 6, 433.27, 1982400, 263, 410, 0
5351, 170, 242, 487, 0, 0, 64.62%, 13, 0, 6, 448.56, 1984671, 263, 413, 0
5357, 170, 345, 487, 0, 0, 64.62%, 13, 0, 6, 429.53, 1986825, 263, 413, 0
5362, 170, 450, 487, 0, 0, 64.62%, 13, 0, 6, 420.03, 1988970, 263, 413, 0
5367, 171, 47, 488, 1, 0, 64.62%, 13, 0, 6, 430.24, 1991183, 263, 414, 0
5372, 171, 155, 488, 1, 0, 64.62%, 13, 0, 6, 442.33, 1993436, 263, 414, 0
5377, 171, 250, 488, 1, 0, 64.62%, 13, 0, 6, 442.12, 1995681, 263, 414, 0
5382, 171, 368, 488, 1, 0, 64.62%, 13, 0, 6, 438.16, 1997847, 263, 414, 0
5387, 171, 448, 488, 1, 0, 64.62%, 13, 0, 6, 427.24, 2000053, 263, 414, 0
5392, 172, 23, 488, 1, 0, 64.62%, 13, 0, 6, 435.72, 2002301, 263, 414, 0
5397, 172, 187, 488, 1, 0, 64.62%, 13, 0, 6, 480.53, 2004672, 263, 414, 0
5402, 172, 343, 488, 1, 0, 64.62%, 13, 0, 6, 445.88, 2006933, 263, 415, 0
5406, 172, 404, 488, 1, 0, 64.62%, 13, 0, 6, 447.23, 2008724, 263, 415, 0
