# relative_time, cycles_done, cur_item, corpus_count, pending_total, pending_favs, map_size, saved_crashes, saved_hangs, max_depth, execs_per_sec, total_execs, edges_found, total_crashes, servers_count
60, 0, 45, 98, 91, 21, 36.12%, 0, 0, 3, 426.45, 27483, 147, 0, 0
66, 0, 45, 101, 94, 21, 36.12%, 0, 0, 3, 431.52, 29600, 147, 0, 0
71, 0, 45, 102, 95, 21, 36.12%, 0, 0, 3, 456.07, 31871, 147, 0, 0
76, 0, 45, 104, 97, 21, 36.12%, 0, 0, 3, 458.72, 34180, 147, 0, 0
81, 0, 45, 105, 98, 21, 36.12%, 0, 0, 3, 455.28, 36460, 147, 0, 0
86, 0, 45, 107, 100, 21, 36.12%, 0, 0, 3, 444.77, 38690, 147, 0, 0
91, 0, 45, 109, 102, 21, 36.12%, 0, 0, 3, 425.00, 40857, 147, 0, 0
96, 0, 45, 110, 103, 21, 36.12%, 0, 0, 3, 423.03, 43016, 147, 0, 0
101, 0, 45, 110, 103, 21, 36.12%, 0, 0, 3, 432.84, 45168, 147, 0, 0
106, 0, 45, 110, 103, 21, 36.12%, 0, 0, 3, 424.39, 47288, 147, 0, 0
111, 0, 45, 110, 103, 21, 36.12%, 0, 0, 3, 421.33, 49409, 147, 0, 0
116, 0, 45, 110, 103, 21, 36.12%, 0, 0, 3, 442.79, 51689, 147, 0, 0
121, 0, 45, 112, 105, 21, 36.12%, 0, 0, 3, 447.69, 54023, 147, 0, 0
126, 0, 45, 113, 106, 21, 36.12%, 0, 0, 3, 452.43, 56286, 147, 0, 0
131, 0, 19, 115, 100, 21, 36.36%, 0, 0, 4, 435.89, 58511, 148, 0, 0
137, 0, 0, 116, 98, 18, 36.36%, 0, 0, 4, 439.85, 60718, 148, 0, 0
142, 0, 92, 117, 97, 17, 36.61%, 0, 0, 4, 429.02, 62869, 149, 0, 0
147, 0, 92, 124, 104, 17, 36.61%, 0, 0, 4, 439.59, 65111, 149, 0, 0
152, 0, 92, 126, 106, 17, 36.61%, 0, 0, 4, 452.69, 67365, 149, 0, 0
157, 0, 92, 127, 107, 17, 36.61%, 0, 0, 4, 455.29, 69676, 149, 0, 0
162, 0, 103, 137, 116, 16, 36.61%, 0, 0, 4, 443.55, 71873, 149, 0, 0
167, 0, 103, 137, 116, 16, 36.61%, 0, 0, 4, 427.66, 74065, 149, 0, 0
172, 0, 103, 138, 117, 16, 37.35%, 0, 0, 4, 420.76, 76192, 152, 0, 0
177, 0, 103, 138, 117, 16, 37.35%, 0, 0, 4, 433.39, 78504, 152, 0, 0
182, 0, 132, 142, 120, 17, 37.35%, 0, 0, 5, 436.00, 80696, 152, 0, 0
187, 0, 24, 145, 118, 12, 37.35%, 0, 0, 5, 438.85, 82880, 152, 0, 0
192, 0, 21, 146, 117, 10, 37.59%, 0, 0, 5, 448.88, 85149, 153, 0, 0
197, 0, 21, 159, 130, 10, 37.59%, 1, 0, 5, 432.77, 87373, 153, 1, 0
202, 0, 21, 160, 131, 10, 37.59%, 1, 0, 5, 444.57, 89588, 153, 1, 0
207, 0, 21, 166, 137, 10, 37.59%, 1, 0, 5, 354.74, 91331, 153, 1, 0
213, 0, 21, 167, 138, 10, 37.59%, 1, 0, 5, 374.48, 93158, 153, 1, 0
218, 0, 21, 167, 138, 10, 37.59%, 1, 0, 5, 420.22, 95398, 153, 1, 0
223, 0, 21, 167, 138, 10, 37.59%, 1, 0, 5, 397.19, 97456, 153, 1, 0
228, 0, 21, 168, 139, 10, 37.59%, 1, 0, 5, 420.42, 99613, 153, 1, 0
233, 0, 21, 169, 140, 10, 37.59%, 1, 0, 5, 437.77, 101772, 153, 1, 0
238, 0, 21, 169, 140, 10, 37.59%, 1, 0, 5, 420.42, 103876, 153, 2, 0
243, 0, 21, 169, 140, 10, 37.59%, 1, 0, 5, 432.93, 106060, 153, 2, 0
248, 0, 21, 169, 140, 10, 37.59%, 1, 0, 5, 442.37, 108212, 153, 2, 0
253, 0, 21, 169, 140, 10, 37.59%, 1, 0, 5, 407.09, 110268, 153, 2, 0
258, 0, 21, 169, 140, 10, 37.59%, 1, 0, 5, 410.48, 112324, 153, 2, 0
263, 0, 21, 169, 140, 10, 37.59%, 1, 0, 5, 435.10, 114548, 153, 2, 0
268, 0, 95, 171, 140, 10, 37.59%, 1, 0, 5, 462.47, 116859, 153, 2, 0
273, 0, 95, 174, 143, 10, 37.59%, 1, 0, 5, 437.72, 119109, 153, 2, 0
278, 0, 95, 174, 143, 10, 37.59%, 1, 0, 5, 464.82, 121452, 153, 2, 0
283, 0, 95, 175, 144, 10, 37.59%, 1, 0, 5, 437.66, 123628, 153, 2, 0
288, 0, 95, 175, 144, 10, 37.59%, 1, 0, 5, 418.16, 125724, 153, 2, 0
293, 0, 95, 176, 145, 10, 37.59%, 1, 0, 5, 410.81, 127803, 153, 2, 0
299, 0, 95, 176, 145, 10, 37.59%, 1, 0, 5, 427.00, 129971, 153, 2, 0
304, 0, 95, 176, 145, 10, 37.59%, 1, 0, 5, 420.49, 132091, 153, 2, 0
309, 0, 95, 177, 146, 10, 37.59%, 1, 0, 5, 445.67, 134362, 153, 2, 0
314, 0, 95, 177, 146, 10, 37.59%, 1, 0, 5, 428.38, 136506, 153, 2, 0
319, 0, 95, 177, 146, 10, 37.59%, 1, 0, 5, 421.56, 138658, 153, 2, 0
324, 0, 95, 177, 146, 10, 37.59%, 1, 0, 5, 423.86, 140786, 153, 2, 0
329, 0, 95, 177, 146, 10, 37.59%, 1, 0, 5, 439.35, 143130, 153, 2, 0
334, 0, 95, 177, 146, 10, 37.59%, 1, 0, 5, 424.96, 145290, 153, 2, 0
339, 0, 95, 177, 146, 10, 37.59%, 1, 0, 5, 417.69, 147354, 153, 2, 0
344, 0, 95, 177, 146, 10, 37.59%, 1, 0, 5, 435.92, 149506, 153, 2, 0
349, 0, 95, 178, 147, 10, 37.59%, 1, 0, 5, 440.40, 151697, 153, 2, 0
354, 0, 95, 178, 147, 10, 37.59%, 1, 0, 5, 459.68, 154006, 153, 2, 0
359, 0, 177, 178, 143, 8, 37.59%, 1, 0, 5, 435.13, 156180, 153, 2, 0
364, 0, 162, 178, 141, 6, 37.59%, 1, 0, 5, 441.27, 158402, 153, 2, 0
369, 0, 174, 178, 136, 3, 37.59%, 1, 0, 5, 440.88, 160637, 153, 2, 0
374, 0, 179, 182, 138, 2, 38.08%, 1, 0, 5, 457.96, 162971, 155, 2, 0
379, 0, 18, 183, 137, 1, 38.08%, 1, 0, 5, 456.70, 165294, 155, 2, 0
385, 0, 181, 188, 141, 0, 38.08%, 1, 0, 5, 450.51, 167584, 155, 2, 0
390, 0, 181, 190, 143, 0, 38.08%, 1, 0, 5, 454.91, 169862, 155, 2, 0
395, 0, 181, 191, 144, 0, 38.08%, 1, 0, 5, 430.23, 172029, 155, 2, 0
400, 0, 181, 191, 144, 0, 38.08%, 1, 0, 5, 420.92, 174173, 155, 2, 0
405, 0, 186, 191, 143, 1, 38.08%, 1, 0, 5, 445.29, 176453, 155, 2, 0
410, 0, 191, 193, 141, 1, 38.08%, 1, 0, 5, 456.91, 178737, 155, 2, 0
415, 0, 68, 195, 141, 0, 38.08%, 1, 0, 5, 439.95, 180986, 155, 2, 0
420, 0, 191, 196, 140, 0, 38.08%, 1, 0, 6, 459.25, 183315, 155, 2, 0
425, 0, 38, 196, 139, 0, 38.08%, 1, 0, 6, 452.46, 185674, 155, 2, 0
430, 0, 161, 197, 137, 0, 38.08%, 1, 0, 6, 444.96, 187953, 155, 2, 0
435, 0, 196, 199, 136, 0, 38.08%, 1, 0, 7, 441.21, 190177, 155, 2, 0
440, 0, 7, 200, 135, 0, 38.08%, 1, 0, 7, 435.17, 192404, 155, 2, 0
446, 0, 196, 200, 134, 0, 38.08%, 1, 0, 7, 437.83, 194683, 155, 2, 0
451, 0, 186, 200, 132, 0, 38.08%, 1, 0, 7, 435.03, 196926, 155, 2, 0
456, 0, 160, 200, 129, 0, 38.08%, 1, 0, 7, 473.46, 199384, 155, 2, 0
461, 0, 19, 200, 127, 0, 38.08%, 1, 0, 7, 461.55, 201711, 155, 2, 0
466, 0, 199, 200, 126, 0, 38.08%, 1, 0, 7, 464.07, 204105, 155, 2, 0
471, 0, 107, 201, 124, 0, 38.08%, 1, 0, 7, 486.25, 206508, 155, 2, 0
476, 0, 33, 202, 121, 0, 38.08%, 1, 0, 7, 446.05, 208746, 155, 2, 0
481, 0, 132, 203, 120, 0, 38.08%, 1, 0, 7, 422.20, 210783, 155, 2, 0
486, 0, 76, 203, 119, 0, 38.08%, 1, 0, 7, 448.63, 213022, 155, 2, 0
491, 0, 0, 203, 118, 0, 38.08%, 1, 0, 7, 429.24, 215212, 155, 2, 0
496, 0, 155, 203, 117, 0, 38.08%, 1, 0, 7, 456.81, 217516, 155, 2, 0
501, 0, 35, 203, 116, 0, 38.08%, 1, 0, 7, 432.08, 219663, 155, 2, 0
506, 1, 43, 203, 111, 0, 38.08%, 1, 0, 7, 452.64, 221999, 155, 2, 0
511, 1, 129, 203, 106, 0, 38.08%, 1, 0, 7, 433.37, 224143, 155, 2, 0
516, 1, 86, 203, 102, 0, 38.08%, 1, 0, 7, 446.74, 226388, 155, 2, 0
521, 1, 148, 203, 99, 0, 38.08%, 1, 0, 7, 434.45, 228605, 155, 2, 0
527, 1, 162, 203, 96, 0, 38.08%, 1, 0, 7, 429.35, 230754, 155, 2, 0
532, 1, 28, 203, 93, 0, 38.08%, 1, 0, 7, 429.09, 232924, 155, 2, 0
537, 1, 97, 203, 89, 0, 38.08%, 1, 0, 7, 413.20, 234984, 155, 2, 0
542, 1, 153, 203, 87, 0, 38.08%, 1, 0, 7, 429.78, 237160, 155, 2, 0
547, 1, 110, 203, 83, 0, 38.08%, 1, 0, 7, 446.45, 239466, 155, 2, 0
552, 1, 184, 204, 81, 0, 38.08%, 1, 0, 7, 438.15, 241579, 155, 2, 0
557, 1, 159, 204, 79, 0, 38.08%, 1, 0, 7, 432.01, 243729, 155, 2, 0
562, 1, 185, 204, 77, 0, 38.08%, 1, 0, 7, 430.89, 245905, 155, 2, 0
567, 1, 41, 204, 69, 0, 38.08%, 1, 0, 7, 458.06, 248245, 155, 2, 0
572, 1, 204, 205, 69, 1, 38.08%, 1, 0, 7, 470.59, 250658, 155, 2, 0
577, 1, 204, 205, 69, 1, 38.08%, 1, 0, 7, 411.99, 252737, 155, 2, 0
582, 1, 204, 205, 69, 1, 38.08%, 1, 0, 7, 419.16, 254849, 155, 2, 0
587, 1, 32, 205, 66, 0, 38.08%, 1, 0, 7, 441.41, 257069, 155, 2, 0
592, 1, 128, 205, 63, 0, 38.08%, 1, 0, 7, 452.18, 259407, 155, 2, 0
597, 1, 163, 205, 60, 0, 38.08%, 1, 0, 7, 442.44, 261607, 155, 2, 0
602, 1, 158, 205, 59, 0, 38.08%, 1, 0, 7, 454.26, 263869, 155, 2, 0
608, 1, 204, 208, 58, 0, 38.33%, 1, 0, 7, 440.67, 266105, 156, 2, 0
613, 1, 108, 208, 55, 0, 38.33%, 1, 0, 7, 424.47, 268201, 156, 2, 0
618, 1, 203, 209, 51, 0, 38.33%, 1, 0, 7, 448.32, 270503, 156, 2, 0
623, 1, 191, 209, 49, 0, 38.33%, 1, 0, 7, 471.19, 272952, 156, 2, 0
628, 1, 209, 210, 48, 1, 38.33%, 1, 0, 7, 449.28, 275155, 156, 2, 0
633, 1, 55, 210, 46, 0, 38.33%, 1, 0, 7, 450.06, 277447, 156, 2, 0
638, 1, 92, 210, 42, 0, 38.33%, 1, 0, 7, 443.70, 279652, 156, 2, 0
643, 1, 177, 210, 38, 0, 38.33%, 1, 0, 7, 456.99, 281961, 156, 2, 0
648, 1, 179, 210, 36, 0, 38.33%, 1, 0, 7, 447.33, 284261, 156, 2, 0
653, 1, 188, 211, 35, 0, 38.33%, 1, 0, 7, 459.79, 286568, 156, 2, 0
658, 1, 87, 211, 32, 0, 38.33%, 1, 0, 7, 444.38, 288786, 156, 2, 0
663, 1, 15, 284, 103, 0, 48.16%, 1, 0, 7, 418.61, 290876, 196, 2, 0
668, 2, 263, 318, 136, 17, 49.63%, 1, 0, 7, 435.15, 293149, 202, 2, 0
673, 2, 316, 318, 134, 15, 49.63%, 1, 0, 7, 440.57, 295351, 202, 2, 0
678, 2, 316, 318, 134, 15, 49.63%, 1, 0, 7, 450.46, 297671, 202, 2, 0
684, 2, 103, 318, 131, 12, 49.63%, 1, 0, 7, 450.99, 300010, 202, 2, 0
689, 2, 228, 318, 129, 10, 49.63%, 1, 0, 7, 440.75, 302250, 202, 2, 0
694, 2, 217, 318, 127, 8, 49.63%, 1, 0, 7, 428.53, 304501, 202, 2, 0
699, 2, 279, 318, 125, 6, 49.63%, 1, 0, 7, 458.77, 306845, 202, 2, 0
704, 2, 309, 318, 122, 3, 49.63%, 1, 0, 7, 446.68, 309056, 202, 2, 0
709, 2, 306, 318, 120, 1, 49.63%, 1, 0, 7, 462.13, 311434, 202, 2, 0
714, 2, 289, 318, 118, 1, 49.63%, 1, 0, 7, 429.91, 313607, 202, 2, 0
719, 2, 248, 318, 116, 0, 49.63%, 1, 0, 7, 436.95, 315813, 202, 2, 0
724, 2, 255, 318, 114, 0, 49.63%, 1, 0, 7, 435.80, 317964, 202, 2, 0
729, 2, 314, 318, 112, 0, 49.63%, 1, 0, 7, 440.41, 320186, 202, 2, 0
734, 2, 149, 318, 110, 0, 49.63%, 1, 0, 7, 432.43, 322295, 202, 2, 0
739, 2, 226, 318, 107, 0, 49.63%, 1, 0, 7, 434.89, 324578, 202, 2, 0
744, 2, 241, 318, 105, 0, 49.63%, 1, 0, 7, 472.67, 327012, 202, 2, 0
749, 2, 157, 318, 103, 0, 49.63%, 1, 0, 7, 480.26, 329433, 202, 2, 0
754, 2, 167, 318, 100, 0, 49.63%, 1, 0, 7, 475.90, 331805, 202, 2, 0
759, 2, 214, 318, 98, 0, 49.63%, 1, 0, 7, 449.03, 334027, 202, 2, 0
764, 2, 249, 318, 96, 0, 49.63%, 1, 0, 7, 434.42, 336199, 202, 2, 0
770, 2, 242, 318, 95, 0, 49.63%, 1, 0, 7, 442.31, 338426, 202, 2, 0
775, 2, 229, 318, 93, 0, 49.63%, 1, 0, 7, 453.32, 340741, 202, 2, 0
780, 2, 254, 318, 91, 0, 49.63%, 1, 0, 7, 439.43, 342899, 202, 2, 0
785, 2, 272, 318, 89, 0, 49.63%, 1, 0, 7, 443.31, 345191, 202, 2, 0
790, 2, 287, 318, 87, 0, 49.63%, 1, 0, 7, 441.34, 347372, 202, 2, 0
795, 2, 238, 318, 85, 0, 49.63%, 1, 0, 7, 442.30, 349574, 202, 2, 0
800, 2, 225, 318, 83, 0, 49.63%, 1, 0, 7, 451.83, 351900, 202, 2, 0
805, 2, 283, 318, 80, 0, 49.63%, 1, 0, 7, 435.35, 354086, 202, 2, 0
810, 2, 252, 318, 78, 0, 49.63%, 1, 0, 7, 435.80, 356272, 202, 2, 0
815, 2, 282, 318, 76, 0, 49.63%, 1, 0, 7, 435.33, 358464, 202, 2, 0
820, 2, 295, 318, 74, 0, 49.63%, 1, 0, 7, 437.94, 360694, 202, 2, 0
825, 2, 40, 318, 72, 0, 49.63%, 1, 0, 7, 450.63, 362985, 202, 2, 0
830, 2, 222, 318, 71, 0, 49.63%, 1, 0, 7, 461.81, 365281, 202, 2, 0
835, 2, 240, 318, 70, 0, 49.63%, 1, 0, 7, 442.19, 367510, 202, 2, 0
841, 2, 307, 319, 69, 0, 49.63%, 1, 0, 7, 479.56, 369911, 202, 2, 0
846, 2, 266, 319, 67, 0, 49.63%, 1, 0, 7, 457.79, 372205, 202, 2, 0
851, 2, 233, 319, 66, 0, 49.63%, 1, 0, 7, 443.05, 374428, 202, 2, 0
856, 2, 221, 319, 64, 0, 49.63%, 1, 0, 7, 466.74, 376792, 202, 2, 0
861, 2, 276, 319, 62, 0, 49.63%, 1, 0, 7, 443.36, 379019, 202, 2, 0
866, 2, 230, 319, 60, 0, 49.63%, 1, 0, 7, 423.17, 381167, 202, 2, 0
871, 2, 312, 319, 58, 0, 49.63%, 1, 0, 7, 439.74, 383419, 202, 2, 0
876, 2, 227, 319, 56, 0, 49.63%, 1, 0, 7, 432.21, 385594, 202, 2, 0
881, 2, 318, 319, 54, 0, 49.63%, 1, 0, 7, 434.76, 387811, 202, 2, 0
886, 2, 190, 319, 52, 0, 49.63%, 1, 0, 7, 448.70, 390069, 202, 2, 0
891, 2, 293, 319, 52, 0, 49.63%, 1, 0, 7, 420.11, 392119, 202, 2, 0
896, 2, 247, 319, 50, 0, 49.63%, 1, 0, 7, 411.23, 394209, 202, 2, 0
901, 2, 7, 319, 48, 0, 49.63%, 1, 0, 7, 444.10, 396444, 202, 2, 0
906, 2, 262, 319, 47, 0, 49.63%, 1, 0, 7, 436.65, 398634, 202, 2, 0
911, 2, 174, 319, 45, 0, 49.63%, 1, 0, 7, 446.72, 400909, 202, 2, 0
917, 2, 305, 319, 44, 0, 49.63%, 1, 0, 7, 440.65, 403172, 202, 2, 0
922, 2, 130, 319, 42, 0, 49.63%, 1, 0, 7, 446.57, 405444, 202, 2, 0
927, 2, 297, 319, 40, 0, 49.63%, 1, 0, 7, 435.87, 407708, 202, 2, 0
932, 2, 253, 319, 38, 0, 49.63%, 1, 0, 7, 466.94, 410062, 202, 2, 0
937, 2, 206, 319, 35, 0, 49.63%, 1, 0, 7, 440.06, 412271, 202, 2, 0
942, 2, 217, 319, 34, 0, 49.63%, 1, 0, 7, 442.42, 414511, 202, 2, 0
947, 2, 57, 319, 33, 0, 49.63%, 1, 0, 7, 456.11, 416871, 202, 2, 0
952, 2, 168, 319, 31, 0, 49.63%, 1, 0, 7, 457.54, 419135, 202, 2, 0
957, 2, 284, 319, 29, 0, 49.63%, 1, 0, 7, 434.76, 421289, 202, 2, 0
962, 2, 69, 319, 27, 0, 49.63%, 1, 0, 7, 443.22, 423522, 202, 2, 0
967, 2, 226, 319, 25, 0, 49.63%, 1, 0, 7, 456.42, 425870, 202, 2, 0
972, 3, 81, 347, 52, 0, 50.61%, 1, 0, 7, 468.59, 428261, 206, 2, 0
977, 3, 338, 347, 51, 3, 50.61%, 1, 0, 7, 432.47, 430447, 206, 2, 0
982, 3, 347, 348, 50, 2, 50.86%, 1, 0, 7, 444.02, 432736, 207, 2, 0
988, 3, 340, 348, 47, 0, 50.86%, 1, 0, 7, 447.97, 435048, 207, 2, 0
993, 3, 81, 348, 44, 0, 50.86%, 1, 0, 7, 455.93, 437306, 207, 2, 0
998, 3, 328, 348, 43, 0, 50.86%, 1, 0, 7, 450.47, 439611, 207, 2, 0
1003, 3, 315, 348, 41, 0, 50.86%, 1, 0, 7, 452.08, 441870, 207, 2, 0
1008, 3, 339, 348, 39, 0, 50.86%, 1, 0, 7, 441.98, 444037, 207, 2, 0
1013, 3, 245, 348, 38, 0, 50.86%, 1, 0, 7, 424.84, 446216, 207, 2, 0
1018, 3, 285, 348, 37, 0, 50.86%, 1, 0, 7, 457.43, 448521, 207, 2, 0
1023, 3, 319, 348, 36, 0, 50.86%, 1, 0, 7, 452.84, 450850, 207, 2, 0
1028, 3, 302, 348, 34, 0, 50.86%, 1, 0, 7, 461.09, 453191, 207, 2, 0
1033, 3, 174, 348, 32, 0, 50.86%, 1, 0, 7, 443.65, 455350, 207, 2, 0
1038, 3, 174, 349, 31, 0, 51.11%, 1, 0, 7, 458.79, 457734, 208, 2, 0
1044, 3, 186, 349, 30, 0, 51.11%, 1, 0, 7, 460.15, 460109, 208, 2, 0
1049, 3, 196, 349, 29, 0, 51.11%, 1, 0, 7, 454.24, 462388, 208, 2, 0
1054, 3, 196, 349, 28, 0, 51.11%, 1, 0, 7, 487.03, 464811, 208, 2, 0
1059, 3, 174, 350, 27, 0, 51.35%, 1, 0, 7, 476.12, 467228, 209, 2, 0
1064, 3, 285, 350, 26, 0, 51.35%, 1, 0, 7, 478.54, 469598, 209, 2, 0
1069, 3, 81, 350, 26, 0, 51.35%, 1, 0, 7, 423.83, 471725, 209, 2, 0
1074, 3, 92, 350, 25, 0, 51.35%, 1, 0, 7, 466.90, 474109, 209, 2, 0
1079, 3, 338, 350, 25, 0, 51.35%, 1, 0, 7, 426.02, 476272, 209, 2, 0
1084, 3, 344, 350, 24, 0, 51.35%, 1, 0, 7, 461.52, 478669, 209, 2, 0
1089, 3, 144, 350, 21, 0, 51.35%, 1, 0, 7, 460.91, 481013, 209, 2, 0
1094, 3, 201, 350, 20, 0, 51.35%, 1, 0, 7, 466.56, 483331, 209, 2, 0
1099, 3, 324, 350, 19, 0, 51.35%, 1, 0, 7, 438.78, 485524, 209, 2, 0
1104, 3, 303, 350, 17, 0, 51.35%, 2, 0, 7, 430.07, 487662, 209, 3, 0
1109, 3, 285, 350, 15, 0, 51.35%, 2, 0, 7, 427.16, 489796, 209, 3, 0
1114, 3, 154, 350, 14, 0, 51.35%, 2, 0, 7, 437.65, 492030, 209, 3, 0
1119, 3, 338, 350, 12, 0, 51.35%, 2, 0, 7, 450.89, 494302, 209, 3, 0
1124, 3, 123, 350, 12, 0, 51.35%, 2, 0, 7, 441.66, 496540, 209, 3, 0
1129, 3, 10, 350, 11, 0, 51.35%, 2, 0, 7, 467.55, 498931, 209, 3, 0
1135, 3, 291, 350, 11, 0, 51.35%, 2, 0, 7, 443.04, 501170, 209, 3, 0
1140, 3, 209, 350, 9, 0, 51.35%, 2, 0, 7, 469.06, 503482, 209, 3, 0
1145, 3, 18, 350, 7, 0, 51.35%, 3, 0, 7, 442.63, 505640, 209, 5, 0
1150, 3, 263, 350, 7, 0, 51.35%, 3, 0, 7, 430.84, 507859, 209, 5, 0
1155, 3, 323, 350, 7, 0, 51.35%, 3, 0, 7, 445.67, 510124, 209, 5, 0
1160, 4, 364, 402, 59, 6, 60.44%, 3, 0, 7, 436.90, 512312, 246, 5, 0
1165, 4, 365, 402, 58, 5, 60.44%, 3, 0, 7, 442.49, 514555, 246, 5, 0
1170, 4, 375, 405, 60, 4, 60.69%, 3, 0, 7, 438.87, 516726, 247, 5, 0
1175, 4, 375, 405, 60, 4, 60.69%, 3, 0, 7, 446.17, 518990, 247, 5, 0
1180, 4, 404, 405, 59, 5, 60.69%, 3, 0, 7, 451.69, 521302, 247, 5, 0
1185, 4, 402, 405, 58, 4, 60.69%, 3, 0, 7, 429.78, 523497, 247, 5, 0
1190, 4, 358, 405, 57, 3, 60.69%, 3, 0, 7, 442.68, 525717, 247, 5, 0
1195, 4, 363, 405, 56, 2, 60.69%, 3, 0, 7, 412.68, 527832, 247, 5, 0
1200, 4, 354, 405, 54, 0, 60.69%, 3, 0, 7, 411.66, 529973, 247, 5, 0
1206, 4, 371, 405, 52, 0, 60.69%, 3, 0, 7, 454.17, 532406, 247, 5, 0
1211, 4, 381, 405, 51, 0, 60.69%, 3, 0, 7, 461.22, 534723, 247, 5, 0
1216, 4, 367, 405, 49, 0, 60.69%, 3, 0, 7, 444.00, 536996, 247, 5, 0
1221, 4, 400, 405, 47, 0, 60.69%, 3, 0, 7, 468.17, 539353, 247, 6, 0
1226, 4, 24, 406, 46, 0, 60.69%, 3, 0, 7, 461.70, 541724, 247, 6, 0
1231, 4, 352, 406, 46, 0, 60.69%, 3, 0, 7, 438.31, 543928, 247, 6, 0
1236, 4, 24, 406, 44, 0, 60.69%, 3, 0, 7, 439.22, 546111, 247, 6, 0
1241, 4, 115, 406, 43, 0, 60.69%, 3, 0, 7, 454.61, 548341, 247, 6, 0
1246, 4, 356, 406, 42, 0, 60.69%, 3, 0, 7, 442.12, 550509, 247, 6, 0
1251, 4, 404, 406, 40, 0, 60.69%, 3, 0, 7, 444.69, 552778, 247, 6, 0
1256, 4, 393, 406, 40, 0, 60.69%, 3, 0, 7, 453.40, 555088, 247, 6, 0
1261, 4, 373, 406, 38, 0, 60.69%, 3, 0, 7, 442.28, 557277, 247, 6, 0
1266, 4, 399, 406, 37, 0, 60.69%, 3, 0, 7, 445.45, 559500, 247, 6, 0
1271, 4, 387, 407, 37, 0, 60.69%, 3, 0, 7, 439.59, 561672, 247, 6, 0
1276, 4, 383, 407, 36, 0, 60.69%, 3, 0, 7, 438.46, 563840, 247, 6, 0
1281, 4, 195, 407, 34, 0, 60.69%, 3, 0, 7, 480.63, 566329, 247, 6, 0
1287, 4, 248, 407, 33, 0, 60.69%, 3, 0, 7, 451.40, 568609, 247, 6, 0
1292, 4, 386, 408, 33, 0, 60.69%, 3, 0, 7, 431.64, 570796, 247, 6, 0
1297, 4, 256, 408, 31, 0, 60.69%, 3, 0, 7, 451.05, 573109, 247, 6, 0
1302, 4, 380, 409, 32, 0, 60.69%, 3, 0, 7, 464.78, 575432, 247, 6, 0
1307, 4, 302, 409, 31, 0, 60.69%, 3, 0, 7, 458.75, 577775, 247, 6, 0
1312, 4, 369, 409, 30, 0, 60.69%, 3, 0, 7, 440.29, 579936, 247, 6, 0
1317, 4, 110, 410, 29, 0, 60.69%, 3, 0, 7, 448.93, 582216, 247, 6, 0
1322, 4, 115, 410, 28, 0, 60.69%, 4, 0, 7, 454.73, 584534, 247, 7, 0
1327, 4, 409, 410, 28, 0, 60.69%, 4, 0, 7, 446.14, 586844, 247, 7, 0
1332, 4, 407, 410, 26, 0, 60.69%, 4, 0, 7, 451.28, 589128, 247, 7, 0
1337, 4, 357, 410, 25, 0, 60.69%, 4, 0, 7, 452.00, 591436, 247, 7, 0
1342, 4, 307, 410, 23, 0, 60.69%, 4, 0, 7, 437.39, 593595, 247, 7, 0
1347, 4, 385, 410, 22, 0, 60.69%, 4, 0, 7, 445.66, 595865, 247, 7, 0
1352, 4, 31, 410, 21, 0, 60.69%, 4, 0, 7, 460.00, 598141, 247, 7, 0
1358, 4, 285, 410, 20, 0, 60.69%, 4, 0, 7, 435.48, 600333, 247, 7, 0
1363, 4, 390, 410, 20, 0, 60.69%, 4, 0, 7, 447.39, 602650, 247, 7, 0
1368, 4, 292, 410, 18, 0, 60.69%, 4, 0, 7, 445.30, 604827, 247, 7, 0
1373, 4, 353, 410, 17, 0, 60.69%, 4, 0, 7, 435.68, 607042, 247, 7, 0
1378, 4, 174, 410, 16, 0, 60.69%, 4, 0, 7, 450.06, 609339, 247, 7, 0
1383, 4, 195, 410, 16, 0, 60.69%, 4, 0, 7, 430.34, 611526, 247, 7, 0
1388, 4, 388, 410, 16, 0, 60.69%, 4, 0, 7, 428.79, 613660, 247, 7, 0
1393, 4, 228, 410, 14, 0, 60.69%, 4, 0, 7, 432.64, 615855, 247, 7, 0
1398, 4, 92, 410, 14, 0, 60.69%, 5, 0, 7, 441.28, 618085, 247, 9, 0
1403, 4, 209, 410, 13, 0, 60.69%, 5, 0, 7, 443.36, 620310, 247, 9, 0
1408, 4, 81, 410, 13, 0, 60.69%, 5, 0, 7, 423.22, 622443, 247, 9, 0
1413, 4, 378, 410, 13, 0, 60.69%, 5, 0, 7, 426.08, 624665, 247, 9, 0
1418, 4, 378, 410, 12, 0, 60.69%, 5, 0, 7, 462.38, 627068, 247, 9, 0
1423, 4, 209, 410, 12, 0, 60.69%, 5, 0, 7, 422.72, 629146, 247, 9, 0
1428, 5, 414, 426, 28, 8, 62.16%, 5, 0, 7, 446.89, 631414, 253, 9, 0
1433, 5, 416, 426, 26, 6, 62.16%, 5, 0, 7, 475.22, 633830, 253, 9, 0
1439, 5, 424, 426, 24, 4, 62.16%, 5, 0, 7, 421.33, 635965, 253, 9, 0
1444, 5, 419, 426, 22, 2, 62.16%, 5, 0, 7, 434.22, 638161, 253, 9, 0
1449, 5, 412, 426, 21, 1, 62.16%, 5, 0, 7, 439.58, 640374, 253, 9, 0
1454, 5, 196, 427, 20, 0, 62.16%, 5, 0, 7, 442.97, 642629, 253, 9, 0
1459, 5, 397, 427, 20, 0, 62.16%, 5, 0, 7, 445.71, 644881, 253, 9, 0
1464, 5, 174, 427, 18, 0, 62.16%, 5, 0, 7, 431.39, 647150, 253, 9, 0
1469, 5, 279, 427, 18, 0, 62.16%, 5, 0, 7, 439.68, 649459, 253, 9, 0
1474, 5, 425, 427, 17, 0, 62.16%, 5, 0, 7, 450.48, 651736, 253, 9, 0
1479, 5, 392, 428, 17, 0, 62.16%, 5, 0, 7, 451.20, 654017, 253, 9, 0
1484, 5, 311, 428, 16, 0, 62.16%, 5, 0, 7, 455.64, 656309, 253, 9, 0
1489, 5, 415, 428, 16, 0, 62.16%, 5, 0, 7, 479.94, 658795, 253, 10, 0
1495, 5, 81, 428, 15, 0, 62.16%, 5, 0, 7, 442.28, 660931, 253, 10, 0
1500, 5, 182, 428, 14, 0, 62.16%, 5, 0, 7, 419.02, 663076, 253, 10, 0
1505, 5, 416, 428, 13, 0, 62.16%, 5, 0, 7, 454.17, 665416, 253, 10, 0
1510, 5, 24, 428, 12, 0, 62.16%, 5, 0, 7, 470.00, 667776, 253, 10, 0
1515, 5, 412, 428, 12, 0, 62.16%, 5, 0, 7, 469.66, 670117, 253, 10, 0
1520, 5, 410, 428, 12, 0, 62.16%, 5, 0, 7, 465.15, 672514, 253, 10, 0
1525, 5, 311, 429, 12, 0, 62.16%, 5, 0, 7, 472.02, 674960, 253, 10, 0
1530, 5, 405, 429, 12, 0, 62.16%, 5, 0, 7, 444.74, 677160, 253, 10, 0
1535, 5, 428, 429, 11, 0, 62.16%, 5, 0, 7, 455.62, 679454, 253, 10, 0
1540, 5, 92, 429, 10, 0, 62.16%, 5, 0, 7, 446.24, 681709, 253, 10, 0
1545, 5, 115, 429, 10, 0, 62.16%, 5, 0, 7, 473.98, 684156, 253, 11, 0
1550, 5, 206, 429, 10, 0, 62.16%, 5, 0, 7, 450.22, 686434, 253, 11, 0
1555, 5, 7, 429, 10, 0, 62.16%, 5, 0, 7, 440.01, 688698, 253, 11, 0
1560, 5, 22, 429, 10, 0, 62.16%, 5, 0, 7, 452.02, 690988, 253, 11, 0
1566, 5, 364, 430, 11, 0, 62.16%, 5, 0, 7, 435.15, 693191, 253, 11, 0
1571, 5, 196, 430, 10, 0, 62.16%, 5, 0, 7, 444.21, 695426, 253, 11, 0
1576, 5, 284, 430, 10, 0, 62.16%, 5, 0, 7, 454.37, 697726, 253, 11, 0
1581, 5, 420, 430, 8, 0, 62.16%, 5, 0, 7, 452.91, 699976, 253, 11, 0
1586, 5, 129, 430, 6, 0, 62.16%, 5, 0, 7, 440.42, 702221, 253, 11, 0
1591, 5, 336, 430, 6, 0, 62.16%, 5, 0, 7, 454.33, 704548, 253, 11, 0
1596, 5, 174, 430, 6, 0, 62.16%, 5, 0, 7, 466.07, 706923, 253, 11, 0
1601, 5, 417, 430, 6, 0, 62.16%, 5, 0, 7, 461.89, 709187, 253, 11, 0
1606, 6, 195, 435, 10, 0, 62.41%, 5, 0, 7, 456.31, 711501, 254, 11, 0
1611, 6, 82, 435, 9, 0, 62.41%, 5, 0, 7, 457.83, 713791, 254, 11, 0
1616, 6, 245, 435, 9, 0, 62.41%, 5, 0, 7, 460.22, 716154, 254, 11, 0
1621, 6, 33, 435, 8, 0, 62.41%, 5, 0, 7, 441.69, 718416, 254, 11, 0
1626, 6, 7, 435, 8, 0, 62.41%, 5, 0, 7, 433.03, 720645, 254, 11, 0
1631, 6, 200, 435, 8, 0, 62.41%, 5, 0, 7, 441.73, 722881, 254, 11, 0
1636, 6, 18, 435, 7, 0, 62.41%, 5, 0, 7, 430.22, 725058, 254, 11, 0
1641, 6, 196, 435, 7, 0, 62.41%, 5, 0, 7, 453.69, 727384, 254, 11, 0
1646, 6, 24, 435, 7, 0, 62.41%, 5, 0, 7, 431.41, 729567, 254, 11, 0
1652, 6, 245, 435, 7, 0, 62.41%, 5, 0, 7, 463.34, 732028, 254, 11, 0
1657, 6, 195, 435, 7, 0, 62.41%, 5, 0, 7, 466.00, 734365, 254, 11, 0
1662, 6, 426, 435, 7, 0, 62.41%, 5, 0, 7, 466.92, 736723, 254, 11, 0
1667, 6, 153, 435, 7, 0, 62.41%, 5, 0, 7, 448.12, 738940, 254, 11, 0
1672, 6, 431, 435, 7, 0, 62.41%, 5, 0, 7, 439.60, 741137, 254, 11, 0
1677, 6, 163, 435, 6, 0, 62.41%, 5, 0, 7, 466.69, 743534, 254, 11, 0
1682, 6, 338, 435, 6, 0, 62.41%, 5, 0, 7, 470.37, 745865, 254, 11, 0
1687, 6, 386, 435, 6, 0, 62.41%, 5, 0, 7, 425.09, 747928, 254, 12, 0
1692, 6, 110, 435, 5, 0, 62.41%, 5, 0, 7, 442.34, 750224, 254, 12, 0
1697, 6, 195, 435, 5, 0, 62.41%, 5, 0, 7, 455.37, 752527, 254, 12, 0
1702, 6, 416, 436, 6, 0, 62.41%, 5, 0, 7, 438.05, 754746, 254, 12, 0
1707, 6, 435, 436, 6, 0, 62.41%, 5, 0, 7, 452.92, 757092, 254, 12, 0
1712, 6, 358, 436, 5, 0, 62.41%, 5, 0, 7, 447.05, 759376, 254, 12, 0
1717, 6, 18, 436, 5, 0, 62.41%, 5, 0, 7, 459.88, 761680, 254, 12, 0
1723, 6, 263, 436, 5, 0, 62.41%, 5, 0, 7, 450.44, 763972, 254, 12, 0
1728, 6, 432, 436, 5, 0, 62.41%, 5, 0, 7, 435.18, 766264, 254, 12, 0
1733, 6, 92, 436, 5, 0, 62.41%, 5, 0, 7, 439.69, 768516, 254, 12, 0
1738, 6, 426, 436, 4, 0, 62.41%, 5, 0, 7, 462.60, 770812, 254, 12, 0
1743, 6, 432, 436, 4, 0, 62.41%, 5, 0, 7, 450.62, 773148, 254, 12, 0
1748, 7, 437, 439, 6, 1, 62.65%, 5, 0, 7, 431.10, 775265, 255, 12, 0
1753, 7, 432, 439, 5, 0, 62.65%, 5, 0, 7, 467.90, 777649, 255, 12, 0
1758, 7, 411, 439, 5, 0, 62.65%, 5, 0, 7, 468.97, 780047, 255, 12, 0
1763, 7, 426, 439, 4, 0, 62.65%, 5, 0, 7, 457.08, 782302, 255, 12, 0
1768, 7, 259, 439, 4, 0, 62.65%, 5, 0, 7, 458.16, 784639, 255, 12, 0
1773, 7, 211, 439, 4, 0, 62.65%, 5, 0, 7, 439.74, 786876, 255, 12, 0
1779, 7, 338, 439, 4, 0, 62.65%, 5, 0, 7, 443.50, 789180, 255, 12, 0
1784, 7, 323, 439, 4, 0, 62.65%, 5, 0, 7, 439.69, 791461, 255, 12, 0
1789, 7, 195, 439, 3, 0, 62.65%, 5, 0, 7, 444.22, 793704, 255, 13, 0
1794, 7, 182, 439, 3, 0, 62.65%, 5, 0, 7, 459.89, 796014, 255, 13, 0
1799, 7, 39, 439, 3, 0, 62.65%, 5, 0, 7, 437.90, 798148, 255, 13, 0
1802, 7, 416, 439, 3, 0, 62.65%, 5, 0, 7, 424.40, 799437, 255, 13, 0
