# relative_time, cycles_done, cur_item, corpus_count, pending_total, pending_favs, map_size, saved_crashes, saved_hangs, max_depth, execs_per_sec, total_execs, edges_found, total_crashes, servers_count
61, 0, 9, 67, 62, 4, 29.98%, 0, 0, 2, 419.85, 25966, 122, 0, 0
66, 0, 9, 68, 63, 4, 29.98%, 0, 0, 2, 436.55, 28222, 122, 0, 0
71, 0, 9, 68, 63, 4, 29.98%, 0, 0, 2, 419.20, 30319, 122, 0, 0
76, 0, 9, 68, 63, 4, 29.98%, 0, 0, 2, 427.83, 32535, 122, 0, 0
81, 0, 9, 69, 64, 4, 30.22%, 0, 0, 2, 432.62, 34646, 123, 0, 0
86, 0, 9, 70, 65, 4, 30.22%, 0, 0, 2, 442.12, 36853, 123, 0, 0
91, 0, 9, 71, 66, 4, 30.22%, 0, 0, 2, 427.20, 39004, 123, 0, 0
96, 0, 9, 72, 67, 4, 30.22%, 0, 0, 2, 435.68, 41307, 123, 0, 0
101, 0, 9, 72, 67, 4, 30.22%, 0, 0, 2, 414.67, 43411, 123, 0, 0
106, 0, 9, 72, 67, 4, 30.22%, 0, 0, 2, 419.99, 45491, 123, 0, 0
111, 0, 9, 73, 68, 4, 30.47%, 0, 0, 2, 391.47, 47459, 124, 0, 0
116, 0, 9, 74, 69, 4, 30.47%, 0, 0, 2, 439.29, 49794, 124, 0, 0
122, 0, 9, 75, 70, 4, 30.47%, 0, 0, 2, 422.57, 51881, 124, 0, 0
127, 0, 9, 76, 71, 4, 30.47%, 0, 0, 2, 412.79, 53920, 124, 0, 0
132, 0, 28, 102, 95, 27, 34.89%, 0, 0, 3, 445.93, 56260, 142, 0, 0
137, 0, 28, 108, 101, 27, 34.89%, 0, 0, 3, 439.53, 58462, 142, 0, 0
142, 0, 28, 109, 102, 27, 34.89%, 0, 0, 3, 417.59, 60581, 142, 0, 0
147, 0, 28, 110, 103, 27, 35.14%, 0, 0, 3, 425.71, 62764, 143, 0, 0
152, 0, 25, 114, 104, 26, 35.38%, 0, 0, 3, 448.80, 65060, 144, 0, 0
157, 0, 90, 114, 99, 21, 35.38%, 0, 0, 3, 407.22, 67181, 144, 0, 0
162, 0, 90, 114, 99, 21, 35.38%, 0, 0, 3, 408.97, 69203, 144, 0, 0
167, 0, 90, 114, 99, 21, 35.38%, 0, 0, 3, 387.04, 71201, 144, 0, 0
172, 0, 90, 114, 99, 21, 35.38%, 0, 0, 3, 391.51, 73224, 144, 0, 0
177, 0, 81, 127, 110, 20, 36.86%, 0, 0, 3, 431.88, 75435, 150, 0, 0
183, 0, 0, 128, 110, 21, 37.10%, 0, 0, 3, 459.50, 77851, 151, 0, 0
188, 0, 107, 130, 110, 19, 37.10%, 0, 0, 4, 448.87, 80105, 151, 0, 0
193, 0, 107, 131, 111, 19, 37.10%, 0, 0, 4, 432.35, 82384, 151, 0, 0
198, 0, 107, 133, 113, 19, 37.10%, 0, 0, 4, 427.09, 84614, 151, 0, 0
203, 0, 107, 133, 113, 19, 37.10%, 0, 0, 4, 468.42, 87085, 151, 0, 0
208, 0, 107, 133, 113, 19, 37.10%, 0, 0, 4, 448.47, 89318, 151, 0, 0
213, 0, 107, 133, 113, 19, 37.10%, 0, 0, 4, 446.12, 91558, 151, 0, 0
218, 0, 85, 133, 111, 17, 37.10%, 0, 0, 4, 439.28, 93766, 151, 0, 0
223, 0, 20, 133, 109, 15, 37.10%, 0, 0, 4, 404.95, 95784, 151, 0, 0
228, 0, 31, 143, 115, 11, 37.10%, 0, 0, 4, 456.49, 98113, 151, 0, 0
233, 0, 68, 146, 115, 8, 37.10%, 0, 0, 4, 473.45, 100535, 151, 0, 0
238, 0, 68, 152, 121, 8, 37.10%, 0, 0, 4, 451.77, 102827, 151, 0, 0
243, 0, 68, 153, 122, 8, 37.10%, 0, 0, 4, 420.58, 104898, 151, 0, 0
248, 0, 68, 153, 122, 8, 37.10%, 0, 0, 4, 419.93, 107034, 151, 0, 0
254, 0, 68, 153, 122, 8, 37.10%, 0, 0, 4, 429.03, 109194, 151, 0, 0
259, 0, 68, 153, 122, 8, 37.10%, 0, 0, 4, 388.38, 111153, 151, 0, 0
264, 0, 68, 153, 122, 8, 37.10%, 0, 0, 4, 459.11, 113499, 151, 0, 0
269, 0, 68, 155, 124, 8, 37.10%, 0, 0, 4, 444.34, 115736, 151, 0, 0
274, 0, 68, 157, 126, 8, 37.10%, 0, 0, 4, 455.86, 118045, 151, 0, 0
279, 0, 68, 157, 126, 8, 37.10%, 0, 0, 4, 429.27, 120182, 151, 0, 0
284, 0, 68, 157, 126, 8, 37.10%, 0, 0, 4, 430.81, 122446, 151, 0, 0
289, 0, 68, 157, 126, 8, 37.10%, 0, 0, 4, 419.51, 124630, 151, 0, 0
294, 0, 68, 158, 127, 8, 37.10%, 0, 0, 4, 440.15, 126901, 151, 0, 0
299, 0, 68, 158, 127, 8, 37.10%, 0, 0, 4, 447.03, 129266, 151, 0, 0
304, 0, 155, 162, 129, 7, 37.10%, 0, 0, 4, 443.33, 131441, 151, 0, 0
309, 0, 155, 162, 129, 7, 37.10%, 0, 0, 4, 451.05, 133719, 151, 0, 0
314, 0, 155, 164, 131, 7, 37.10%, 0, 0, 4, 457.57, 135956, 151, 0, 0
320, 0, 155, 164, 131, 7, 37.10%, 0, 0, 4, 448.09, 138287, 151, 0, 0
325, 0, 155, 165, 132, 7, 37.10%, 0, 0, 4, 454.79, 140643, 151, 0, 0
330, 0, 155, 165, 132, 7, 37.10%, 0, 0, 4, 444.85, 142965, 151, 0, 0
335, 0, 155, 166, 133, 7, 37.10%, 0, 0, 4, 478.03, 145330, 151, 0, 0
340, 0, 155, 166, 133, 7, 37.10%, 0, 0, 4, 441.84, 147421, 151, 0, 0
345, 0, 155, 167, 134, 7, 37.10%, 0, 0, 4, 416.64, 149620, 151, 0, 0
350, 0, 155, 167, 134, 7, 37.10%, 0, 0, 4, 443.91, 151916, 151, 0, 0
355, 0, 155, 168, 135, 7, 37.10%, 0, 0, 4, 439.84, 154107, 151, 0, 0
360, 0, 155, 168, 135, 7, 37.10%, 0, 0, 4, 416.00, 156203, 151, 0, 0
365, 0, 155, 168, 135, 7, 37.10%, 0, 0, 4, 409.56, 158275, 151, 0, 0
370, 0, 114, 168, 133, 6, 37.10%, 0, 0, 4, 434.15, 160515, 151, 0, 0
375, 0, 117, 168, 129, 2, 37.10%, 0, 0, 4, 441.80, 162743, 151, 0, 0
380, 0, 94, 169, 129, 1, 37.10%, 0, 0, 4, 415.91, 164786, 151, 0, 0
386, 0, 79, 169, 123, 0, 37.10%, 0, 0, 4, 415.99, 166848, 151, 0, 0
391, 0, 150, 170, 121, 0, 37.10%, 0, 0, 5, 409.50, 168906, 151, 0, 0
396, 0, 155, 170, 118, 0, 37.10%, 0, 0, 5, 405.60, 170881, 151, 0, 0
401, 0, 47, 170, 114, 0, 37.10%, 0, 0, 5, 405.58, 172903, 151, 0, 0
406, 0, 7, 170, 112, 0, 37.10%, 0, 0, 5, 407.48, 174994, 151, 0, 0
411, 0, 42, 171, 110, 0, 37.10%, 0, 0, 5, 404.69, 177071, 151, 0, 0
416, 0, 104, 172, 108, 0, 37.10%, 0, 0, 5, 404.49, 179117, 151, 0, 0
421, 0, 16, 173, 103, 0, 37.10%, 0, 0, 5, 413.44, 181198, 151, 0, 0
426, 0, 166, 174, 101, 0, 37.10%, 0, 0, 5, 407.82, 183338, 151, 0, 0
431, 0, 79, 174, 98, 0, 37.10%, 0, 0, 5, 400.07, 185394, 151, 0, 0
436, 0, 24, 175, 97, 0, 37.10%, 0, 0, 5, 424.09, 187613, 151, 0, 0
441, 0, 159, 175, 94, 0, 37.10%, 0, 0, 5, 413.96, 189729, 151, 0, 0
447, 1, 89, 175, 91, 0, 37.10%, 0, 0, 5, 447.68, 192025, 151, 0, 0
452, 1, 88, 175, 88, 0, 37.10%, 0, 0, 5, 418.90, 194163, 151, 0, 0
457, 1, 93, 175, 82, 0, 37.10%, 0, 0, 5, 406.53, 196269, 151, 0, 0
462, 1, 168, 175, 78, 0, 37.10%, 0, 0, 5, 436.96, 198528, 151, 0, 0
467, 1, 98, 175, 72, 0, 37.10%, 0, 0, 5, 425.06, 200676, 151, 0, 0
472, 1, 170, 177, 70, 0, 37.10%, 0, 0, 5, 427.28, 202827, 151, 0, 0
477, 1, 153, 178, 67, 0, 37.10%, 0, 0, 5, 422.53, 205006, 151, 0, 0
482, 1, 86, 178, 64, 0, 37.10%, 0, 0, 5, 402.17, 207030, 151, 0, 0
487, 1, 82, 179, 61, 0, 38.08%, 0, 0, 5, 455.07, 209332, 155, 0, 0
492, 1, 182, 183, 63, 1, 38.33%, 0, 0, 5, 439.70, 211526, 156, 0, 0
497, 1, 92, 183, 60, 0, 38.33%, 0, 0, 5, 427.78, 213710, 156, 0, 0
502, 1, 8, 183, 58, 0, 38.33%, 0, 0, 5, 423.11, 215765, 156, 0, 0
507, 1, 178, 187, 60, 0, 39.07%, 0, 0, 6, 446.04, 218009, 159, 0, 0
512, 1, 178, 189, 62, 0, 39.07%, 0, 0, 6, 439.88, 220223, 159, 0, 0
518, 1, 178, 191, 64, 0, 39.07%, 0, 0, 6, 459.30, 222562, 159, 0, 0
523, 1, 178, 193, 66, 0, 39.07%, 0, 0, 6, 423.94, 224659, 159, 0, 0
528, 1, 178, 194, 67, 0, 39.07%, 0, 0, 6, 433.18, 226898, 159, 0, 0
533, 1, 178, 197, 70, 0, 39.07%, 0, 0, 6, 455.67, 229237, 159, 0, 0
538, 1, 192, 199, 70, 0, 39.07%, 0, 0, 7, 456.00, 231535, 159, 0, 0
543, 1, 19, 201, 68, 0, 39.07%, 0, 0, 7, 442.95, 233734, 159, 0, 0
548, 1, 84, 202, 66, 0, 39.07%, 0, 0, 7, 422.06, 235811, 159, 0, 0
553, 1, 193, 204, 66, 0, 39.07%, 0, 0, 7, 449.82, 238066, 159, 0, 0
558, 1, 183, 206, 64, 0, 39.07%, 0, 0, 7, 417.96, 240228, 159, 0, 0
563, 1, 122, 210, 66, 0, 39.07%, 0, 0, 7, 462.20, 242733, 159, 0, 0
568, 1, 90, 211, 64, 0, 39.07%, 0, 0, 7, 450.03, 245010, 159, 0, 0
573, 1, 150, 211, 61, 0, 39.07%, 0, 0, 7, 432.26, 247165, 159, 0, 0
578, 1, 195, 211, 59, 0, 39.07%, 0, 0, 7, 442.49, 249368, 159, 0, 0
583, 1, 189, 211, 56, 0, 39.07%, 0, 0, 7, 427.64, 251537, 159, 0, 0
588, 1, 45, 211, 52, 0, 39.07%, 0, 0, 7, 429.21, 253667, 159, 0, 0
594, 1, 3, 212, 51, 0, 39.07%, 0, 0, 7, 445.91, 255929, 159, 0, 0
599, 1, 121, 213, 49, 0, 39.07%, 0, 0, 7, 419.12, 258002, 159, 0, 0
604, 1, 159, 214, 46, 0, 39.07%, 0, 0, 8, 455.37, 260387, 159, 0, 0
609, 1, 111, 215, 43, 0, 39.07%, 0, 0, 8, 441.77, 262556, 159, 0, 0
614, 1, 216, 217, 42, 1, 39.31%, 0, 0, 8, 415.35, 264690, 160, 0, 0
619, 1, 19, 217, 38, 0, 39.31%, 0, 0, 8, 411.89, 266803, 160, 0, 0
624, 1, 175, 219, 37, 0, 39.80%, 0, 0, 8, 423.84, 268964, 162, 0, 0
629, 2, 240, 255, 70, 5, 41.52%, 0, 0, 8, 422.69, 271122, 169, 0, 0
634, 2, 250, 255, 68, 3, 41.52%, 0, 0, 8, 452.62, 273559, 169, 0, 0
639, 2, 254, 255, 66, 1, 41.52%, 0, 0, 8, 455.87, 275859, 169, 0, 0
644, 2, 221, 255, 64, 0, 41.52%, 0, 0, 8, 427.47, 278010, 169, 0, 0
650, 2, 79, 255, 61, 0, 41.52%, 0, 0, 8, 416.88, 280164, 169, 0, 0
655, 2, 224, 255, 58, 0, 41.52%, 0, 0, 8, 416.03, 282290, 169, 0, 0
660, 2, 191, 256, 56, 0, 41.52%, 1, 0, 8, 416.62, 284410, 169, 1, 0
665, 2, 249, 256, 53, 0, 41.52%, 1, 0, 8, 462.05, 286913, 169, 1, 0
670, 2, 160, 256, 50, 0, 41.52%, 1, 0, 8, 443.39, 289166, 169, 1, 0
675, 2, 209, 256, 48, 0, 41.52%, 1, 0, 8, 410.68, 291208, 169, 2, 0
680, 2, 237, 257, 46, 0, 41.52%, 1, 0, 8, 432.18, 293437, 169, 2, 0
685, 2, 256, 257, 42, 0, 41.52%, 1, 0, 8, 439.00, 295745, 169, 2, 0
690, 2, 0, 257, 38, 0, 41.52%, 2, 0, 8, 476.98, 298202, 169, 6, 0
695, 2, 159, 257, 36, 0, 41.52%, 2, 0, 8, 439.51, 300420, 169, 8, 0
701, 2, 60, 257, 35, 0, 41.52%, 2, 0, 8, 436.56, 302613, 169, 8, 0
706, 2, 213, 257, 32, 0, 41.52%, 2, 0, 8, 470.62, 304983, 169, 8, 0
711, 2, 170, 257, 30, 0, 41.52%, 2, 0, 8, 434.18, 307153, 169, 8, 0
716, 2, 243, 257, 27, 0, 41.52%, 2, 0, 8, 434.00, 309356, 169, 8, 0
721, 2, 248, 257, 24, 0, 41.52%, 2, 0, 8, 439.80, 311529, 169, 8, 0
726, 2, 238, 257, 22, 0, 41.52%, 2, 0, 8, 424.34, 313632, 169, 8, 0
731, 2, 233, 257, 19, 0, 41.52%, 2, 0, 8, 433.79, 315823, 169, 8, 0
736, 2, 218, 257, 17, 0, 41.52%, 2, 0, 8, 433.38, 318053, 169, 9, 0
741, 2, 190, 259, 17, 0, 41.77%, 2, 0, 8, 412.37, 320146, 170, 9, 0
746, 2, 205, 259, 15, 0, 41.77%, 2, 0, 8, 409.83, 322242, 170, 9, 0
751, 2, 239, 259, 15, 0, 41.77%, 2, 0, 8, 417.97, 324375, 170, 9, 0
756, 2, 204, 260, 15, 0, 41.77%, 2, 0, 8, 444.12, 326616, 170, 11, 0
761, 2, 213, 260, 14, 0, 41.77%, 2, 0, 8, 413.14, 328657, 170, 11, 0
766, 2, 235, 260, 13, 0, 41.77%, 2, 0, 8, 427.16, 330838, 170, 11, 0
771, 2, 159, 260, 12, 0, 41.77%, 2, 0, 8, 435.18, 333047, 170, 12, 0
777, 3, 262, 266, 17, 2, 42.51%, 3, 0, 8, 435.91, 335234, 173, 13, 0
782, 3, 261, 266, 15, 0, 42.51%, 3, 0, 8, 390.66, 337124, 173, 16, 0
787, 3, 187, 266, 14, 0, 42.51%, 4, 0, 8, 390.27, 339158, 173, 18, 0
792, 3, 257, 266, 14, 0, 42.51%, 4, 0, 8, 433.85, 341360, 173, 18, 0
797, 3, 0, 266, 12, 0, 42.51%, 5, 0, 8, 428.86, 343569, 173, 19, 0
802, 3, 140, 266, 11, 0, 42.51%, 5, 0, 8, 454.73, 345831, 173, 22, 0
807, 3, 213, 267, 11, 0, 42.51%, 5, 0, 8, 422.82, 347952, 173, 25, 0
812, 3, 230, 267, 11, 0, 42.51%, 5, 0, 8, 407.95, 350071, 173, 25, 0
817, 3, 223, 267, 10, 0, 42.51%, 7, 0, 8, 440.70, 352270, 173, 27, 0
822, 3, 31, 267, 9, 0, 42.51%, 7, 0, 8, 426.96, 354440, 173, 27, 0
827, 3, 107, 267, 9, 0, 42.51%, 7, 0, 8, 428.71, 356622, 173, 29, 0
833, 3, 170, 267, 7, 0, 42.51%, 7, 0, 8, 434.19, 358848, 173, 29, 0
838, 3, 140, 267, 7, 0, 42.51%, 7, 0, 8, 455.26, 361119, 173, 30, 0
843, 3, 114, 267, 7, 0, 42.51%, 7, 0, 8, 429.63, 363210, 173, 30, 0
848, 3, 216, 267, 6, 0, 42.51%, 7, 0, 8, 446.50, 365590, 173, 30, 0
853, 3, 44, 267, 5, 0, 42.51%, 7, 0, 8, 429.04, 367783, 173, 30, 0
858, 3, 91, 267, 5, 0, 42.51%, 7, 0, 8, 425.02, 369896, 173, 32, 0
863, 3, 12, 267, 3, 0, 42.51%, 7, 0, 8, 442.07, 372188, 173, 32, 0
868, 3, 204, 267, 3, 0, 42.51%, 7, 0, 8, 464.41, 374490, 173, 32, 0
873, 3, 165, 267, 3, 0, 42.51%, 7, 0, 8, 429.53, 376658, 173, 32, 0
878, 3, 159, 267, 3, 0, 42.51%, 7, 0, 8, 437.73, 378952, 173, 32, 0
883, 3, 213, 267, 3, 0, 42.51%, 7, 0, 8, 437.11, 381177, 173, 32, 0
888, 4, 267, 271, 7, 1, 42.51%, 7, 0, 8, 428.76, 383340, 173, 38, 0
893, 4, 41, 271, 6, 0, 42.51%, 7, 0, 8, 428.60, 385457, 173, 39, 0
899, 4, 213, 272, 7, 0, 42.75%, 7, 0, 9, 442.93, 387704, 174, 39, 0
900, 4, 258, 272, 6, 0, 42.75%, 7, 0, 9, 431.89, 388402, 174, 39, 0
