# relative_time, cycles_done, cur_item, corpus_count, pending_total, pending_favs, map_size, saved_crashes, saved_hangs, max_depth, execs_per_sec, total_execs, edges_found, total_crashes, servers_count
61, 0, 9, 84, 79, 2, 30.96%, 0, 0, 2, 422.16, 26685, 126, 0, 0
66, 0, 9, 86, 81, 2, 30.96%, 0, 0, 2, 439.32, 28891, 126, 0, 0
71, 0, 9, 86, 81, 2, 30.96%, 0, 0, 2, 408.99, 30931, 126, 0, 0
76, 0, 9, 88, 83, 2, 30.96%, 0, 0, 2, 400.13, 33017, 126, 0, 0
81, 0, 9, 88, 83, 2, 30.96%, 0, 0, 2, 417.78, 35209, 126, 0, 0
86, 0, 9, 90, 85, 2, 30.96%, 0, 0, 2, 417.26, 37383, 126, 0, 0
91, 0, 9, 92, 87, 2, 30.96%, 0, 0, 2, 397.37, 39414, 126, 0, 0
96, 0, 9, 93, 88, 2, 30.96%, 0, 0, 2, 417.84, 41598, 126, 0, 0
101, 0, 9, 95, 90, 2, 30.96%, 0, 0, 2, 442.66, 43788, 126, 0, 0
106, 0, 9, 95, 90, 2, 30.96%, 0, 0, 2, 442.55, 45988, 126, 0, 0
112, 0, 9, 95, 90, 2, 30.96%, 0, 0, 2, 421.51, 48148, 126, 0, 0
117, 0, 9, 95, 90, 2, 30.96%, 0, 0, 2, 431.55, 50372, 126, 0, 0
122, 0, 9, 95, 90, 2, 30.96%, 0, 0, 2, 422.76, 52516, 126, 0, 0
127, 0, 9, 128, 122, 1, 36.36%, 0, 0, 2, 431.11, 54701, 148, 0, 0
132, 0, 14, 135, 124, 25, 37.10%, 0, 0, 3, 428.23, 56881, 151, 0, 0
137, 0, 129, 135, 121, 22, 37.10%, 0, 0, 3, 418.00, 59058, 151, 0, 0
142, 0, 101, 135, 119, 21, 37.10%, 0, 0, 3, 418.99, 61156, 151, 0, 0
147, 0, 101, 142, 126, 21, 37.84%, 0, 0, 3, 421.47, 63208, 154, 0, 0
152, 0, 101, 143, 127, 21, 37.84%, 0, 0, 3, 409.69, 65263, 154, 0, 0
157, 0, 101, 145, 129, 21, 37.84%, 0, 0, 3, 445.78, 67493, 154, 0, 0
162, 0, 71, 146, 128, 19, 37.84%, 0, 0, 3, 425.58, 69651, 154, 0, 0
167, 0, 117, 156, 137, 18, 38.57%, 0, 0, 3, 425.85, 71874, 157, 0, 0
172, 0, 117, 158, 139, 18, 38.57%, 0, 0, 3, 458.18, 74207, 157, 0, 0
178, 0, 117, 159, 140, 18, 38.57%, 0, 0, 3, 433.00, 76423, 157, 0, 0
183, 0, 117, 160, 141, 18, 38.57%, 0, 0, 3, 429.77, 78646, 157, 0, 0
188, 0, 117, 161, 142, 18, 38.57%, 0, 0, 3, 457.25, 80978, 157, 0, 0
193, 0, 117, 163, 144, 18, 38.57%, 0, 0, 3, 419.49, 83147, 157, 0, 0
198, 0, 117, 164, 145, 18, 38.57%, 0, 0, 3, 480.66, 85679, 157, 0, 0
203, 0, 117, 165, 146, 18, 38.57%, 0, 0, 3, 453.85, 87945, 157, 0, 0
208, 0, 117, 165, 146, 18, 38.57%, 0, 0, 3, 460.37, 90222, 157, 0, 0
213, 0, 117, 167, 148, 18, 38.57%, 0, 0, 3, 434.41, 92383, 157, 0, 0
218, 0, 117, 167, 148, 18, 38.57%, 0, 0, 3, 431.28, 94487, 157, 0, 0
223, 0, 117, 168, 149, 18, 38.57%, 0, 0, 3, 425.74, 96614, 157, 0, 0
228, 0, 117, 168, 149, 18, 38.57%, 0, 0, 3, 433.92, 98815, 157, 0, 0
233, 0, 117, 168, 149, 18, 38.57%, 0, 0, 3, 416.83, 100863, 157, 0, 0
239, 0, 117, 168, 149, 18, 38.57%, 0, 0, 3, 428.09, 103119, 157, 0, 0
244, 0, 117, 168, 149, 18, 38.57%, 0, 0, 3, 442.47, 105391, 157, 0, 0
249, 0, 117, 169, 150, 18, 38.57%, 0, 0, 3, 425.14, 107526, 157, 0, 0
254, 0, 147, 169, 149, 20, 38.57%, 0, 0, 3, 398.42, 109540, 157, 0, 0
259, 0, 23, 169, 145, 16, 38.57%, 0, 0, 3, 413.07, 111685, 157, 0, 0
264, 0, 122, 175, 150, 15, 38.57%, 0, 0, 3, 449.66, 114085, 157, 0, 0
269, 0, 122, 177, 152, 15, 38.57%, 0, 0, 3, 478.13, 116421, 157, 0, 0
274, 0, 122, 177, 152, 15, 38.57%, 0, 0, 3, 425.11, 118587, 157, 0, 0
279, 0, 122, 177, 152, 15, 38.57%, 0, 0, 3, 442.49, 120787, 157, 0, 0
284, 0, 127, 177, 149, 12, 38.57%, 0, 0, 3, 449.58, 123039, 157, 0, 0
289, 0, 168, 182, 153, 11, 38.57%, 0, 0, 3, 437.01, 125243, 157, 0, 0
294, 0, 168, 182, 153, 11, 38.57%, 0, 0, 3, 451.10, 127483, 157, 0, 0
299, 0, 94, 182, 150, 9, 38.57%, 0, 0, 3, 457.28, 129778, 157, 0, 0
304, 0, 110, 182, 149, 8, 38.57%, 0, 0, 3, 420.52, 131842, 157, 0, 0
310, 0, 110, 182, 149, 8, 38.57%, 0, 0, 3, 377.40, 133848, 157, 0, 0
315, 0, 110, 182, 149, 8, 38.57%, 0, 0, 3, 376.36, 135731, 157, 0, 0
320, 0, 180, 182, 148, 7, 38.57%, 0, 0, 3, 383.60, 137654, 157, 0, 0
325, 0, 96, 182, 144, 3, 38.57%, 0, 0, 3, 425.16, 139860, 157, 0, 0
330, 0, 145, 183, 140, 0, 38.82%, 0, 0, 3, 415.63, 141970, 158, 0, 0
335, 0, 129, 183, 136, 0, 38.82%, 0, 0, 3, 394.99, 143996, 158, 0, 0
340, 0, 108, 184, 135, 0, 38.82%, 0, 0, 3, 417.53, 146136, 158, 0, 0
345, 0, 128, 184, 133, 0, 38.82%, 0, 0, 3, 432.88, 148265, 158, 0, 0
350, 0, 93, 187, 134, 0, 38.82%, 0, 0, 3, 410.94, 150274, 158, 0, 0
355, 0, 8, 187, 130, 0, 38.82%, 0, 0, 3, 407.21, 152274, 158, 0, 0
360, 0, 149, 187, 128, 0, 38.82%, 0, 0, 3, 429.64, 154505, 158, 0, 0
365, 0, 106, 190, 127, 0, 38.82%, 0, 0, 4, 451.00, 156755, 158, 0, 0
370, 0, 142, 190, 125, 0, 38.82%, 0, 0, 4, 415.65, 158757, 158, 0, 0
375, 0, 93, 190, 120, 0, 38.82%, 0, 0, 4, 428.97, 160899, 158, 0, 0
381, 0, 144, 190, 117, 0, 38.82%, 0, 0, 4, 419.98, 162992, 158, 0, 0
386, 0, 85, 191, 114, 0, 38.82%, 0, 0, 4, 399.98, 165009, 158, 0, 0
391, 0, 82, 191, 113, 0, 38.82%, 0, 0, 4, 402.47, 167033, 158, 0, 0
396, 0, 93, 191, 111, 0, 38.82%, 0, 0, 4, 395.79, 169010, 158, 0, 0
401, 0, 39, 191, 109, 0, 38.82%, 0, 0, 4, 412.11, 171085, 158, 0, 0
406, 0, 137, 192, 108, 0, 38.82%, 0, 0, 4, 436.33, 173371, 158, 0, 0
411, 0, 64, 192, 107, 0, 38.82%, 0, 0, 4, 433.75, 175503, 158, 0, 0
416, 0, 99, 192, 106, 0, 38.82%, 0, 0, 4, 414.46, 177539, 158, 0, 0
421, 1, 192, 193, 104, 1, 39.07%, 0, 0, 4, 401.17, 179572, 159, 0, 0
426, 1, 190, 193, 99, 0, 39.07%, 0, 0, 4, 428.12, 181728, 159, 0, 0
431, 1, 107, 194, 96, 0, 39.07%, 0, 0, 4, 422.68, 183876, 159, 0, 0
437, 1, 100, 194, 94, 0, 39.07%, 0, 0, 4, 426.36, 186007, 159, 0, 0
442, 1, 16, 194, 87, 0, 39.07%, 0, 0, 4, 422.56, 188110, 159, 0, 0
447, 1, 94, 195, 82, 0, 39.07%, 0, 0, 4, 431.49, 190321, 159, 0, 0
452, 1, 141, 195, 81, 0, 39.07%, 0, 0, 4, 422.73, 192433, 159, 0, 0
457, 1, 97, 195, 76, 0, 39.07%, 0, 0, 4, 443.60, 194723, 159, 0, 0
462, 1, 178, 195, 74, 0, 39.07%, 0, 0, 4, 413.84, 196787, 159, 0, 0
467, 1, 7, 196, 69, 0, 39.07%, 0, 0, 4, 433.21, 198986, 159, 0, 0
472, 1, 92, 196, 63, 0, 39.07%, 0, 0, 4, 422.98, 201109, 159, 0, 0
477, 1, 174, 196, 58, 0, 39.07%, 0, 0, 4, 409.10, 203236, 159, 0, 0
482, 1, 68, 196, 54, 0, 39.07%, 0, 0, 4, 412.80, 205312, 159, 0, 0
487, 1, 132, 196, 48, 0, 39.07%, 0, 0, 4, 420.65, 207462, 159, 0, 0
492, 1, 19, 196, 44, 0, 39.07%, 0, 0, 4, 428.12, 209604, 159, 0, 0
497, 1, 129, 197, 44, 0, 39.07%, 0, 0, 4, 420.16, 211713, 159, 0, 0
503, 1, 155, 197, 40, 0, 39.07%, 0, 0, 4, 454.36, 214052, 159, 0, 0
508, 1, 149, 197, 34, 0, 39.07%, 0, 0, 4, 408.33, 216067, 159, 0, 0
513, 1, 85, 197, 31, 0, 39.07%, 0, 0, 4, 405.91, 218167, 159, 0, 0
518, 1, 167, 197, 30, 0, 39.07%, 0, 0, 4, 423.39, 220355, 159, 0, 0
523, 1, 29, 199, 29, 0, 39.07%, 0, 0, 4, 397.15, 222446, 159, 0, 0
528, 1, 127, 226, 53, 0, 39.80%, 0, 0, 5, 420.04, 224634, 162, 0, 0
533, 2, 220, 249, 74, 4, 40.54%, 0, 0, 5, 429.72, 226838, 165, 0, 0
538, 2, 237, 249, 72, 2, 40.54%, 0, 0, 5, 438.46, 229118, 165, 0, 0
543, 2, 205, 249, 69, 0, 40.54%, 0, 0, 5, 464.19, 231539, 165, 0, 0
548, 2, 85, 249, 67, 0, 40.54%, 0, 0, 5, 450.99, 233820, 165, 0, 0
553, 2, 208, 249, 64, 0, 40.54%, 0, 0, 5, 464.13, 236135, 165, 0, 0
559, 2, 231, 249, 62, 0, 40.54%, 0, 0, 5, 448.39, 238387, 165, 0, 0
564, 2, 224, 249, 60, 0, 40.54%, 0, 0, 5, 455.89, 240692, 165, 0, 0
569, 2, 232, 249, 57, 0, 40.54%, 0, 0, 5, 446.59, 242951, 165, 0, 0
574, 2, 105, 249, 55, 0, 40.54%, 0, 0, 5, 436.52, 245103, 165, 0, 0
579, 2, 102, 249, 52, 0, 40.54%, 0, 0, 5, 425.17, 247216, 165, 0, 0
584, 2, 213, 249, 50, 0, 40.54%, 0, 0, 5, 433.69, 249519, 165, 0, 0
589, 2, 236, 249, 49, 0, 40.54%, 0, 0, 5, 459.84, 251854, 165, 0, 0
594, 2, 218, 250, 49, 0, 40.54%, 0, 0, 5, 435.19, 253973, 165, 0, 0
599, 2, 12, 250, 46, 0, 40.54%, 0, 0, 5, 440.52, 256187, 165, 0, 0
604, 2, 72, 251, 46, 0, 40.79%, 0, 0, 5, 438.91, 258414, 166, 0, 0
609, 2, 169, 251, 42, 0, 40.79%, 0, 0, 5, 433.49, 260591, 166, 0, 0
614, 2, 236, 251, 40, 0, 40.79%, 1, 0, 5, 441.56, 262741, 166, 1, 0
619, 2, 223, 252, 38, 0, 40.79%, 1, 0, 5, 443.28, 264948, 166, 1, 0
624, 2, 196, 252, 35, 0, 40.79%, 1, 0, 5, 395.01, 267068, 166, 1, 0
630, 2, 196, 252, 33, 0, 40.79%, 1, 0, 5, 440.36, 269279, 166, 1, 0
635, 2, 217, 252, 33, 0, 40.79%, 1, 0, 5, 412.96, 271319, 166, 1, 0
640, 2, 210, 252, 32, 0, 40.79%, 1, 0, 5, 416.88, 273449, 166, 1, 0
645, 2, 172, 252, 28, 0, 40.79%, 1, 0, 5, 414.73, 275550, 166, 1, 0
650, 2, 225, 252, 26, 0, 40.79%, 1, 0, 5, 406.04, 277569, 166, 1, 0
655, 2, 27, 252, 24, 0, 40.79%, 1, 0, 5, 425.83, 279776, 166, 1, 0
660, 2, 249, 253, 24, 0, 40.79%, 1, 0, 5, 396.34, 281807, 166, 1, 0
665, 2, 230, 253, 23, 0, 40.79%, 1, 0, 5, 468.32, 284192, 166, 1, 0
670, 2, 169, 253, 22, 0, 40.79%, 1, 0, 5, 433.85, 286276, 166, 1, 0
675, 2, 96, 253, 21, 0, 40.79%, 1, 0, 5, 438.91, 288459, 166, 1, 0
680, 3, 254, 260, 28, 3, 41.77%, 1, 0, 5, 419.24, 290545, 170, 2, 0
685, 3, 70, 260, 25, 0, 41.77%, 3, 0, 5, 425.69, 292766, 170, 4, 0
690, 3, 228, 260, 24, 0, 41.77%, 3, 0, 5, 418.11, 294866, 170, 4, 0
695, 3, 251, 260, 22, 0, 41.77%, 3, 0, 5, 441.99, 297069, 170, 4, 0
700, 3, 238, 261, 21, 0, 41.77%, 3, 0, 5, 433.36, 299316, 170, 4, 0
705, 3, 169, 261, 20, 0, 41.77%, 3, 0, 5, 440.24, 301612, 170, 4, 0
711, 3, 150, 261, 18, 0, 41.77%, 3, 0, 5, 426.09, 303794, 170, 4, 0
716, 3, 86, 261, 18, 0, 41.77%, 3, 0, 5, 415.56, 305868, 170, 4, 0
721, 3, 230, 261, 16, 0, 41.77%, 3, 0, 5, 419.99, 308030, 170, 4, 0
726, 3, 255, 261, 15, 0, 41.77%, 3, 0, 5, 435.10, 310202, 170, 5, 0
731, 3, 193, 262, 14, 0, 41.77%, 5, 0, 5, 427.75, 312335, 170, 10, 0
736, 3, 213, 262, 13, 0, 41.77%, 5, 0, 5, 436.20, 314628, 170, 10, 0
741, 3, 71, 262, 12, 0, 41.77%, 6, 0, 5, 412.52, 316775, 170, 12, 0
746, 3, 69, 262, 11, 0, 41.77%, 6, 0, 5, 434.71, 318994, 170, 14, 0
751, 3, 232, 262, 10, 0, 41.77%, 6, 0, 5, 438.93, 321194, 170, 14, 0
756, 3, 92, 262, 9, 0, 41.77%, 6, 0, 5, 424.43, 323306, 170, 14, 0
761, 3, 259, 264, 11, 0, 41.77%, 6, 0, 5, 439.29, 325559, 170, 15, 0
766, 3, 250, 264, 10, 0, 41.77%, 6, 0, 5, 429.21, 327708, 170, 15, 0
771, 3, 264, 265, 10, 1, 42.26%, 6, 0, 5, 411.26, 329818, 172, 16, 0
776, 3, 219, 265, 9, 0, 42.26%, 6, 0, 5, 433.32, 332004, 172, 16, 0
782, 3, 77, 265, 9, 0, 42.26%, 6, 0, 5, 433.41, 334216, 172, 17, 0
787, 4, 102, 265, 7, 0, 42.26%, 7, 0, 5, 476.43, 336610, 172, 18, 0
792, 4, 193, 265, 7, 0, 42.26%, 7, 0, 5, 437.28, 338807, 172, 19, 0
797, 4, 96, 265, 7, 0, 42.26%, 7, 0, 5, 424.48, 340817, 172, 19, 0
802, 4, 198, 265, 6, 0, 42.26%, 7, 0, 5, 430.38, 342979, 172, 19, 0
807, 4, 252, 265, 6, 0, 42.26%, 7, 0, 5, 430.81, 345153, 172, 19, 0
812, 4, 213, 265, 5, 0, 42.26%, 7, 0, 5, 402.98, 347181, 172, 19, 0
817, 4, 252, 265, 5, 0, 42.26%, 7, 0, 5, 419.74, 349296, 172, 19, 0
822, 4, 221, 265, 5, 0, 42.26%, 7, 0, 5, 428.47, 351433, 172, 20, 0
827, 4, 254, 265, 4, 0, 42.26%, 7, 0, 5, 416.76, 353554, 172, 20, 0
832, 4, 85, 265, 4, 0, 42.26%, 7, 0, 5, 406.38, 355572, 172, 20, 0
837, 4, 213, 265, 3, 0, 42.26%, 7, 0, 5, 441.77, 357907, 172, 20, 0
842, 4, 192, 265, 3, 0, 42.26%, 8, 0, 5, 425.33, 360035, 172, 21, 0
847, 5, 219, 295, 33, 0, 47.67%, 8, 0, 5, 429.69, 362311, 194, 23, 0
852, 5, 291, 296, 34, 4, 47.67%, 8, 0, 5, 459.28, 364619, 194, 23, 0
857, 5, 291, 298, 36, 4, 49.39%, 8, 0, 5, 406.26, 366569, 201, 23, 0
863, 5, 291, 299, 37, 4, 49.39%, 8, 0, 5, 383.30, 368463, 201, 23, 0
868, 5, 291, 299, 37, 4, 49.39%, 8, 0, 5, 408.14, 370568, 201, 23, 0
873, 5, 291, 299, 37, 4, 49.39%, 8, 0, 5, 429.32, 372752, 201, 23, 0
878, 5, 300, 317, 53, 4, 50.12%, 8, 0, 5, 426.60, 374936, 204, 23, 0
883, 5, 317, 320, 55, 3, 50.12%, 8, 0, 5, 411.33, 376966, 204, 23, 0
888, 5, 317, 323, 58, 3, 50.37%, 8, 0, 5, 426.62, 379148, 205, 23, 0
893, 5, 317, 323, 58, 3, 50.37%, 8, 0, 5, 428.11, 381268, 205, 23, 0
898, 5, 317, 324, 59, 3, 50.61%, 8, 0, 5, 436.04, 383475, 206, 23, 0
903, 5, 317, 327, 62, 3, 50.61%, 8, 0, 5, 425.42, 385592, 206, 23, 0
904, 5, 317, 327, 62, 3, 50.61%, 8, 0, 5, 406.93, 386049, 206, 23, 0
