# relative_time, cycles_done, cur_item, corpus_count, pending_total, pending_favs, map_size, saved_crashes, saved_hangs, max_depth, execs_per_sec, total_execs, edges_found, total_crashes, servers_count
60, 0, 69, 197, 171, 12, 42.75%, 0, 0, 3, 1741.11, 124124, 174, 0, 0
66, 0, 16, 198, 167, 8, 42.75%, 0, 0, 3, 1813.32, 133983, 174, 0, 0
71, 0, 111, 205, 165, 1, 43.00%, 0, 0, 3, 1955.71, 142247, 175, 0, 0
76, 0, 111, 208, 168, 1, 43.00%, 0, 0, 3, 1857.93, 151225, 175, 0, 0
81, 0, 170, 210, 156, 0, 43.00%, 0, 0, 4, 1980.61, 161538, 175, 0, 0
86, 0, 117, 214, 144, 0, 43.00%, 0, 0, 4, 2023.86, 172088, 175, 0, 0
91, 0, 139, 232, 147, 0, 43.00%, 0, 0, 4, 1894.65, 181767, 175, 0, 0
96, 0, 139, 245, 160, 0, 43.49%, 0, 0, 4, 1863.82, 191634, 177, 0, 0
102, 0, 204, 249, 156, 0, 43.73%, 0, 0, 4, 2005.18, 201753, 178, 0, 0
107, 0, 16, 251, 148, 0, 43.73%, 0, 0, 4, 1954.54, 211549, 178, 0, 0
112, 1, 252, 254, 138, 1, 44.23%, 0, 0, 5, 2142.01, 221446, 180, 0, 0
117, 1, 231, 256, 127, 0, 44.72%, 0, 0, 5, 2087.62, 231803, 182, 0, 0
122, 1, 142, 257, 113, 0, 44.72%, 0, 0, 5, 1990.66, 241587, 182, 0, 0
127, 1, 86, 260, 101, 0, 44.72%, 0, 0, 5, 1934.22, 251919, 182, 0, 0
132, 1, 146, 261, 87, 0, 44.72%, 0, 0, 5, 1923.47, 261404, 182, 0, 0
137, 1, 163, 265, 76, 0, 44.72%, 0, 0, 5, 1993.72, 271443, 182, 0, 0
142, 1, 112, 265, 63, 0, 44.72%, 0, 0, 5, 1965.82, 281450, 182, 0, 0
147, 1, 83, 266, 49, 0, 44.72%, 0, 0, 5, 1996.21, 291929, 182, 0, 0
152, 2, 8, 282, 55, 0, 44.96%, 0, 0, 5, 1853.81, 301421, 183, 0, 0
157, 2, 206, 282, 45, 0, 44.96%, 0, 0, 5, 1682.52, 310127, 183, 0, 0
162, 2, 108, 283, 36, 0, 44.96%, 0, 0, 5, 1858.69, 319619, 183, 0, 0
168, 2, 219, 283, 23, 0, 44.96%, 0, 0, 5, 2026.29, 330183, 183, 0, 0
173, 2, 249, 287, 19, 0, 44.96%, 0, 0, 5, 1771.22, 339554, 183, 0, 0
178, 2, 45, 289, 14, 0, 44.96%, 0, 0, 5, 1836.87, 349083, 183, 0, 0
183, 2, 34, 289, 11, 0, 44.96%, 0, 0, 5, 2022.44, 356809, 183, 0, 0
188, 3, 300, 334, 47, 0, 48.65%, 0, 0, 5, 1918.91, 366488, 198, 0, 0
193, 3, 330, 334, 39, 0, 48.65%, 0, 0, 5, 1884.99, 376369, 198, 0, 0
198, 3, 334, 335, 32, 0, 48.65%, 0, 0, 5, 2260.49, 385558, 198, 0, 0
203, 3, 263, 336, 23, 0, 48.65%, 0, 0, 5, 1836.86, 395513, 198, 0, 0
209, 3, 337, 338, 20, 0, 48.65%, 0, 0, 5, 1942.42, 405545, 198, 0, 0
214, 3, 101, 338, 13, 0, 48.65%, 0, 0, 5, 1953.00, 415616, 198, 0, 0
219, 3, 244, 338, 8, 0, 48.65%, 0, 0, 5, 1971.49, 425532, 198, 0, 0
224, 4, 34, 348, 10, 0, 49.39%, 0, 0, 5, 1939.75, 435067, 201, 0, 0
229, 4, 214, 348, 7, 0, 49.39%, 0, 0, 5, 1980.72, 445244, 201, 0, 0
234, 4, 247, 348, 5, 0, 49.39%, 0, 0, 5, 2003.35, 455339, 201, 0, 0
239, 5, 348, 349, 3, 1, 49.63%, 0, 0, 5, 1702.60, 465320, 202, 0, 0
244, 5, 253, 349, 2, 0, 49.63%, 0, 0, 5, 1967.47, 475902, 202, 0, 0
249, 5, 238, 349, 2, 0, 49.63%, 1, 0, 5, 1887.79, 485662, 202, 1, 0
254, 5, 265, 349, 1, 0, 49.63%, 1, 0, 5, 1871.64, 495159, 202, 1, 0
260, 6, 217, 351, 1, 0, 49.88%, 1, 0, 5, 1894.49, 504119, 203, 1, 0
265, 6, 45, 351, 1, 0, 49.88%, 1, 0, 5, 1822.75, 512945, 203, 1, 0
270, 6, 137, 351, 1, 0, 49.88%, 1, 0, 5, 1894.67, 522670, 203, 1, 0
275, 7, 349, 352, 1, 0, 50.12%, 1, 0, 5, 1941.15, 532226, 204, 1, 0
280, 7, 59, 352, 1, 0, 50.12%, 1, 0, 5, 1843.70, 541737, 204, 1, 0
285, 7, 291, 352, 1, 0, 50.12%, 1, 0, 5, 1943.58, 551469, 204, 1, 0
290, 8, 60, 354, 3, 0, 50.12%, 1, 0, 5, 2042.74, 562141, 204, 1, 0
295, 8, 353, 354, 3, 0, 50.12%, 1, 0, 5, 1941.44, 571736, 204, 1, 0
299, 8, 26, 354, 2, 0, 50.12%, 1, 0, 5, 235.29, 578711, 204, 1, 0
