# relative_time, cycles_done, cur_item, corpus_count, pending_total, pending_favs, map_size, saved_crashes, saved_hangs, max_depth, execs_per_sec, total_execs, edges_found, total_crashes, servers_count
61, 0, 9, 75, 70, 3, 30.47%, 0, 0, 2, 455.93, 27836, 124, 0, 0
66, 0, 9, 76, 71, 3, 30.71%, 0, 0, 2, 443.69, 30029, 125, 0, 0
71, 0, 9, 76, 71, 3, 30.71%, 0, 0, 2, 409.08, 32109, 125, 0, 0
76, 0, 9, 76, 71, 3, 30.71%, 0, 0, 2, 415.47, 34221, 125, 0, 0
81, 0, 9, 78, 73, 3, 30.71%, 0, 0, 2, 424.41, 36427, 125, 0, 0
86, 0, 9, 79, 74, 3, 31.70%, 0, 0, 2, 441.61, 38610, 129, 0, 0
91, 0, 9, 79, 74, 3, 31.70%, 0, 0, 2, 446.96, 40861, 129, 0, 0
96, 0, 9, 81, 76, 3, 31.70%, 0, 0, 2, 419.20, 42937, 129, 0, 0
101, 0, 9, 81, 76, 3, 31.70%, 0, 0, 2, 413.92, 45009, 129, 0, 0
106, 0, 9, 81, 76, 3, 31.70%, 0, 0, 2, 412.86, 47161, 129, 0, 0
111, 0, 9, 81, 76, 3, 31.70%, 0, 0, 2, 449.26, 49524, 129, 0, 0
116, 0, 9, 81, 76, 3, 31.70%, 0, 0, 2, 442.86, 51713, 129, 0, 0
122, 0, 9, 82, 77, 3, 31.70%, 0, 0, 2, 432.61, 53960, 129, 0, 0
127, 0, 7, 127, 114, 19, 33.17%, 0, 0, 3, 425.71, 56075, 135, 0, 0
132, 0, 130, 133, 119, 22, 35.87%, 0, 0, 3, 419.44, 58226, 146, 0, 0
137, 0, 128, 136, 120, 21, 36.36%, 0, 0, 3, 436.06, 60457, 148, 0, 0
142, 0, 56, 140, 121, 20, 36.86%, 1, 0, 3, 437.78, 62644, 150, 1, 0
147, 0, 114, 145, 123, 17, 36.86%, 1, 0, 3, 417.15, 64802, 150, 1, 0
152, 0, 114, 149, 127, 17, 36.86%, 1, 0, 3, 418.67, 66926, 150, 1, 0
157, 0, 114, 152, 130, 17, 36.86%, 1, 0, 3, 409.91, 68971, 150, 1, 0
162, 0, 114, 155, 133, 17, 37.59%, 1, 0, 3, 442.89, 71240, 153, 1, 0
167, 0, 114, 156, 134, 17, 37.59%, 1, 0, 3, 433.36, 73455, 153, 1, 0
172, 0, 114, 157, 135, 17, 37.59%, 1, 0, 3, 423.48, 75614, 153, 1, 0
177, 0, 116, 159, 135, 16, 37.59%, 1, 0, 3, 430.23, 77837, 153, 1, 0
182, 0, 135, 162, 136, 14, 38.08%, 1, 0, 4, 435.77, 80045, 155, 1, 0
187, 0, 160, 162, 135, 15, 38.08%, 1, 0, 4, 441.83, 82274, 155, 1, 0
192, 0, 131, 162, 134, 14, 38.08%, 1, 0, 4, 466.99, 84623, 155, 1, 0
198, 0, 131, 170, 142, 14, 38.08%, 1, 0, 4, 415.03, 86717, 155, 1, 0
203, 0, 131, 173, 145, 14, 38.08%, 1, 0, 4, 449.65, 88922, 155, 1, 0
208, 0, 131, 175, 147, 14, 38.08%, 1, 0, 4, 448.08, 91272, 155, 1, 0
213, 0, 131, 177, 149, 14, 38.08%, 1, 0, 4, 441.85, 93510, 155, 1, 0
218, 0, 131, 177, 149, 14, 38.08%, 1, 0, 4, 455.36, 95820, 155, 1, 0
223, 0, 161, 181, 152, 14, 38.08%, 1, 0, 4, 477.11, 98226, 155, 1, 0
228, 0, 182, 187, 157, 15, 39.07%, 1, 0, 5, 448.25, 100382, 159, 1, 0
233, 0, 113, 192, 161, 14, 39.07%, 1, 0, 5, 451.05, 102685, 159, 1, 0
238, 0, 113, 195, 164, 14, 39.07%, 1, 0, 5, 491.14, 105118, 159, 1, 0
243, 0, 113, 197, 166, 14, 39.07%, 1, 0, 5, 439.41, 107337, 159, 1, 0
248, 0, 113, 197, 166, 14, 39.07%, 1, 0, 5, 463.92, 109669, 159, 1, 0
254, 0, 31, 197, 163, 11, 39.07%, 1, 0, 5, 461.81, 112086, 159, 1, 0
259, 0, 137, 197, 161, 9, 39.07%, 1, 0, 5, 477.48, 114582, 159, 1, 0
264, 0, 183, 199, 162, 8, 39.07%, 2, 0, 5, 470.03, 116994, 159, 2, 0
269, 0, 15, 199, 159, 5, 39.07%, 2, 0, 5, 456.77, 119235, 159, 2, 0
274, 0, 61, 199, 155, 1, 39.07%, 2, 0, 5, 453.28, 121465, 159, 2, 0
279, 0, 78, 201, 153, 1, 39.56%, 2, 0, 5, 434.52, 123644, 161, 2, 0
284, 0, 132, 202, 152, 1, 39.56%, 2, 0, 5, 417.85, 125757, 161, 2, 0
289, 0, 183, 202, 148, 0, 39.56%, 2, 0, 5, 405.77, 127892, 161, 2, 0
295, 0, 128, 203, 148, 0, 39.56%, 2, 0, 5, 442.47, 130108, 161, 2, 0
300, 0, 14, 203, 146, 0, 39.56%, 2, 0, 5, 440.84, 132310, 161, 2, 0
305, 0, 35, 203, 144, 0, 39.56%, 2, 0, 5, 416.58, 134303, 161, 2, 0
310, 0, 165, 203, 141, 0, 39.56%, 2, 0, 5, 422.20, 136473, 161, 2, 0
315, 0, 26, 204, 139, 0, 39.56%, 2, 0, 5, 416.20, 138637, 161, 2, 0
320, 0, 90, 204, 137, 0, 39.56%, 2, 0, 5, 376.93, 140505, 161, 2, 0
325, 0, 16, 205, 136, 0, 39.56%, 2, 0, 5, 414.65, 142650, 161, 2, 0
330, 0, 150, 205, 134, 0, 39.56%, 2, 0, 5, 418.27, 144815, 161, 2, 0
335, 0, 205, 206, 133, 1, 39.80%, 2, 0, 5, 431.19, 147029, 162, 2, 0
340, 0, 56, 206, 129, 0, 39.80%, 2, 0, 5, 448.16, 149271, 162, 2, 0
345, 0, 159, 206, 127, 0, 39.80%, 2, 0, 5, 477.59, 151777, 162, 2, 0
350, 0, 0, 206, 125, 0, 39.80%, 2, 0, 5, 430.30, 153955, 162, 2, 0
356, 0, 22, 207, 124, 0, 39.80%, 2, 0, 5, 419.77, 156025, 162, 2, 0
361, 0, 129, 207, 121, 0, 39.80%, 2, 0, 5, 433.80, 158190, 162, 2, 0
366, 0, 128, 208, 121, 0, 39.80%, 2, 0, 5, 424.51, 160355, 162, 2, 0
371, 0, 177, 208, 120, 0, 39.80%, 2, 0, 5, 424.87, 162489, 162, 2, 0
376, 0, 117, 210, 120, 0, 39.80%, 2, 0, 5, 409.55, 164567, 162, 2, 0
381, 0, 32, 210, 118, 0, 39.80%, 2, 0, 5, 428.93, 166782, 162, 2, 0
386, 1, 168, 211, 115, 0, 39.80%, 3, 0, 5, 447.75, 169024, 162, 3, 0
391, 1, 51, 211, 110, 0, 39.80%, 3, 0, 5, 447.44, 171435, 162, 3, 0
396, 1, 92, 211, 104, 0, 39.80%, 3, 0, 5, 488.02, 173985, 162, 3, 0
401, 1, 190, 211, 101, 0, 39.80%, 3, 0, 5, 516.19, 176540, 162, 4, 0
406, 1, 95, 211, 96, 0, 39.80%, 3, 0, 5, 457.28, 178747, 162, 4, 0
411, 1, 195, 211, 93, 0, 39.80%, 3, 0, 5, 457.58, 180989, 162, 4, 0
416, 1, 93, 211, 88, 0, 39.80%, 3, 0, 5, 484.74, 183568, 162, 4, 0
421, 1, 137, 212, 86, 0, 39.80%, 3, 0, 5, 489.16, 185938, 162, 4, 0
426, 1, 150, 212, 82, 0, 39.80%, 3, 0, 5, 456.39, 188073, 162, 4, 0
432, 1, 32, 214, 83, 0, 39.80%, 3, 0, 5, 465.59, 190583, 162, 5, 0
437, 1, 30, 214, 78, 0, 39.80%, 3, 0, 5, 546.54, 193337, 162, 5, 0
442, 1, 134, 214, 73, 0, 39.80%, 3, 0, 5, 459.15, 195612, 162, 5, 0
447, 1, 182, 214, 69, 0, 39.80%, 3, 0, 5, 441.22, 197904, 162, 5, 0
452, 1, 212, 214, 65, 0, 39.80%, 3, 0, 5, 479.77, 200389, 162, 5, 0
457, 1, 69, 214, 61, 0, 39.80%, 3, 0, 5, 439.29, 202628, 162, 5, 0
462, 1, 167, 215, 59, 0, 39.80%, 3, 0, 6, 439.65, 204748, 162, 5, 0
467, 1, 113, 215, 58, 0, 39.80%, 3, 0, 6, 412.98, 206805, 162, 5, 0
472, 1, 215, 219, 61, 1, 39.80%, 3, 0, 6, 427.73, 208991, 162, 5, 0
477, 1, 123, 219, 56, 0, 39.80%, 3, 0, 6, 432.79, 211220, 162, 5, 0
482, 1, 83, 220, 52, 0, 39.80%, 3, 0, 6, 420.73, 213290, 162, 5, 0
488, 1, 111, 220, 49, 0, 39.80%, 3, 0, 6, 420.38, 215402, 162, 5, 0
493, 1, 208, 220, 47, 0, 39.80%, 3, 0, 6, 418.20, 217523, 162, 5, 0
498, 1, 208, 220, 44, 0, 39.80%, 3, 0, 6, 420.55, 219680, 162, 5, 0
503, 1, 17, 220, 41, 0, 39.80%, 3, 0, 6, 428.80, 221884, 162, 5, 0
508, 1, 179, 220, 38, 0, 39.80%, 3, 0, 6, 433.29, 224101, 162, 5, 0
513, 1, 109, 223, 38, 0, 39.80%, 3, 0, 6, 413.36, 226244, 162, 5, 0
518, 1, 150, 223, 35, 0, 39.80%, 3, 0, 6, 417.63, 228249, 162, 5, 0
523, 1, 28, 223, 32, 0, 39.80%, 3, 0, 6, 424.59, 230430, 162, 5, 0
528, 2, 242, 252, 61, 0, 41.52%, 3, 0, 6, 425.37, 232567, 169, 5, 0
533, 2, 249, 252, 58, 3, 41.52%, 3, 0, 6, 449.61, 234848, 169, 5, 0
538, 2, 248, 252, 56, 1, 41.52%, 3, 0, 6, 440.78, 237034, 169, 5, 0
543, 2, 249, 253, 54, 0, 41.52%, 3, 0, 6, 419.97, 239108, 169, 5, 0
548, 2, 180, 253, 51, 0, 41.52%, 3, 0, 6, 440.19, 241364, 169, 5, 0
553, 2, 197, 253, 50, 0, 41.52%, 3, 0, 6, 446.75, 243639, 169, 5, 0
558, 2, 87, 253, 48, 0, 41.52%, 3, 0, 6, 414.44, 245680, 169, 5, 0
564, 2, 247, 253, 45, 0, 41.52%, 3, 0, 6, 433.76, 247892, 169, 5, 0
569, 2, 79, 253, 40, 0, 41.52%, 3, 0, 6, 440.78, 250120, 169, 5, 0
574, 2, 128, 253, 36, 0, 41.52%, 3, 0, 6, 449.15, 252493, 169, 5, 0
579, 2, 223, 253, 34, 0, 41.52%, 3, 0, 6, 423.82, 254600, 169, 5, 0
584, 2, 183, 253, 32, 0, 41.52%, 3, 0, 6, 417.78, 256680, 169, 5, 0
589, 2, 128, 253, 30, 0, 41.52%, 3, 0, 6, 412.72, 258767, 169, 5, 0
594, 2, 105, 253, 27, 0, 41.52%, 3, 0, 6, 415.99, 260838, 169, 5, 0
599, 2, 232, 253, 25, 0, 41.52%, 3, 0, 6, 405.64, 262872, 169, 5, 0
604, 2, 160, 253, 23, 0, 41.52%, 3, 0, 6, 384.35, 264764, 169, 5, 0
609, 2, 153, 253, 21, 0, 41.52%, 3, 0, 6, 393.46, 266805, 169, 5, 0
614, 2, 114, 253, 20, 0, 41.52%, 3, 0, 6, 425.44, 268944, 169, 5, 0
619, 2, 224, 253, 18, 0, 41.52%, 3, 0, 6, 412.22, 270972, 169, 5, 0
624, 2, 166, 253, 14, 0, 41.52%, 3, 0, 6, 448.39, 273296, 169, 5, 0
629, 2, 32, 253, 11, 0, 41.52%, 3, 0, 6, 423.47, 275457, 169, 5, 0
635, 2, 15, 253, 11, 0, 41.52%, 3, 0, 6, 414.54, 277475, 169, 5, 0
640, 2, 215, 253, 11, 0, 41.52%, 3, 0, 6, 413.53, 279634, 169, 5, 0
645, 2, 253, 255, 13, 1, 42.01%, 3, 0, 6, 437.15, 281810, 171, 5, 0
650, 2, 133, 256, 11, 0, 42.26%, 3, 0, 6, 425.54, 283959, 172, 5, 0
655, 2, 150, 256, 10, 0, 42.26%, 3, 0, 6, 434.80, 286142, 172, 5, 0
660, 3, 257, 265, 18, 1, 42.51%, 4, 0, 6, 433.12, 288379, 173, 6, 0
665, 3, 239, 265, 15, 0, 42.51%, 4, 0, 6, 446.84, 290674, 173, 6, 0
670, 3, 260, 265, 13, 0, 42.51%, 4, 0, 6, 449.45, 292946, 173, 6, 0
675, 3, 259, 265, 12, 0, 42.51%, 4, 0, 6, 438.57, 295142, 173, 6, 0
680, 3, 160, 265, 9, 0, 42.51%, 4, 0, 6, 430.48, 297412, 173, 6, 0
685, 3, 264, 265, 8, 0, 42.51%, 4, 0, 6, 433.66, 299564, 173, 6, 0
690, 3, 137, 265, 8, 0, 42.51%, 4, 0, 6, 435.80, 301756, 173, 6, 0
696, 3, 256, 265, 8, 0, 42.51%, 4, 0, 6, 416.33, 303955, 173, 6, 0
701, 3, 31, 265, 7, 0, 42.51%, 4, 0, 6, 420.33, 306132, 173, 7, 0
706, 3, 215, 265, 5, 0, 42.51%, 4, 0, 6, 414.56, 308249, 173, 8, 0
711, 3, 255, 265, 4, 0, 42.51%, 4, 0, 6, 404.32, 310160, 173, 8, 0
716, 3, 182, 265, 4, 0, 42.51%, 4, 0, 6, 411.58, 312242, 173, 13, 0
721, 3, 116, 265, 4, 0, 42.51%, 4, 0, 6, 426.16, 314402, 173, 13, 0
726, 3, 253, 265, 3, 0, 42.51%, 4, 0, 6, 448.92, 316725, 173, 13, 0
731, 3, 77, 265, 3, 0, 42.51%, 4, 0, 6, 439.42, 318956, 173, 13, 0
736, 3, 35, 265, 3, 0, 42.51%, 4, 0, 6, 421.12, 321065, 173, 13, 0
741, 3, 198, 265, 3, 0, 42.51%, 4, 0, 6, 430.20, 323275, 173, 13, 0
746, 3, 27, 265, 3, 0, 42.51%, 4, 0, 6, 434.38, 325472, 173, 17, 0
751, 4, 26, 271, 9, 0, 42.51%, 4, 0, 6, 420.94, 327667, 173, 17, 0
757, 4, 255, 271, 9, 0, 42.51%, 5, 0, 6, 428.23, 329907, 173, 18, 0
762, 4, 128, 271, 8, 0, 42.51%, 5, 0, 6, 403.95, 331914, 173, 18, 0
767, 4, 215, 271, 8, 0, 42.51%, 5, 0, 6, 433.04, 334199, 173, 18, 0
772, 4, 31, 271, 8, 0, 42.51%, 5, 0, 6, 410.23, 336205, 173, 19, 0
777, 4, 269, 271, 8, 0, 42.51%, 5, 0, 6, 431.19, 338443, 173, 21, 0
782, 4, 128, 271, 7, 0, 42.51%, 5, 0, 6, 415.90, 340524, 173, 23, 0
787, 4, 270, 271, 7, 0, 42.51%, 5, 0, 6, 442.51, 342885, 173, 23, 0
792, 4, 137, 273, 8, 0, 42.51%, 5, 0, 6, 431.60, 345015, 173, 23, 0
797, 4, 272, 273, 8, 0, 42.51%, 5, 0, 6, 418.30, 347123, 173, 23, 0
802, 4, 266, 273, 7, 0, 42.51%, 5, 0, 6, 407.92, 349147, 173, 23, 0
807, 4, 117, 273, 6, 0, 42.51%, 5, 0, 6, 425.34, 351308, 173, 23, 0
812, 4, 182, 274, 7, 0, 42.51%, 5, 0, 6, 406.69, 353347, 173, 23, 0
818, 4, 267, 274, 7, 0, 42.51%, 5, 0, 6, 393.21, 355321, 173, 26, 0
823, 4, 160, 274, 5, 0, 42.51%, 5, 0, 6, 426.24, 357500, 173, 26, 0
828, 4, 160, 274, 5, 0, 42.51%, 5, 0, 6, 419.81, 359636, 173, 26, 0
833, 4, 255, 274, 5, 0, 42.51%, 5, 0, 6, 407.78, 361687, 173, 27, 0
838, 4, 26, 274, 5, 0, 42.51%, 5, 0, 6, 412.70, 363748, 173, 27, 0
843, 4, 77, 274, 5, 0, 42.51%, 5, 0, 6, 386.83, 365720, 173, 28, 0
848, 4, 210, 274, 5, 0, 42.51%, 5, 0, 6, 378.23, 367623, 173, 28, 0
853, 5, 276, 278, 9, 1, 42.75%, 5, 0, 6, 379.26, 369533, 174, 28, 0
858, 5, 204, 278, 7, 0, 42.75%, 5, 0, 6, 427.43, 371684, 174, 31, 0
863, 5, 265, 278, 6, 0, 42.75%, 5, 0, 6, 430.01, 373874, 174, 32, 0
868, 5, 150, 278, 5, 0, 42.75%, 5, 0, 6, 444.62, 376111, 174, 34, 0
873, 5, 274, 278, 5, 0, 42.75%, 5, 0, 6, 413.10, 378172, 174, 34, 0
878, 5, 273, 278, 4, 0, 42.75%, 5, 0, 6, 405.32, 380175, 174, 34, 0
883, 5, 275, 278, 3, 0, 42.75%, 5, 0, 6, 393.91, 382159, 174, 38, 0
888, 5, 278, 279, 3, 1, 43.00%, 5, 0, 6, 414.48, 384257, 175, 38, 0
894, 5, 25, 279, 2, 0, 43.00%, 5, 0, 6, 414.76, 386341, 175, 40, 0
899, 5, 253, 279, 2, 0, 43.00%, 5, 0, 6, 413.01, 388452, 175, 40, 0
900, 5, 200, 279, 2, 0, 43.00%, 5, 0, 6, 402.38, 389095, 175, 40, 0
