# relative_time, cycles_done, cur_item, corpus_count, pending_total, pending_favs, map_size, saved_crashes, saved_hangs, max_depth, execs_per_sec, total_execs, edges_found, total_crashes, servers_count
60, 0, 9, 75, 70, 4, 30.71%, 0, 0, 2, 448.10, 26875, 125, 0, 0
66, 0, 9, 77, 72, 4, 30.71%, 0, 0, 2, 413.21, 28911, 125, 0, 0
71, 0, 9, 79, 74, 4, 30.96%, 0, 0, 2, 404.06, 31077, 126, 0, 0
76, 0, 9, 79, 74, 4, 30.96%, 0, 0, 2, 463.67, 33411, 126, 0, 0
81, 0, 9, 81, 76, 4, 30.96%, 0, 0, 2, 437.51, 35579, 126, 0, 0
86, 0, 9, 82, 77, 4, 30.96%, 0, 0, 2, 433.79, 37763, 126, 0, 0
91, 0, 9, 82, 77, 4, 30.96%, 0, 0, 2, 452.27, 40075, 126, 0, 0
96, 0, 9, 84, 79, 4, 30.96%, 0, 0, 2, 445.06, 42305, 126, 0, 0
101, 0, 9, 85, 80, 4, 30.96%, 0, 0, 2, 427.02, 44416, 126, 0, 0
106, 0, 9, 85, 80, 4, 30.96%, 0, 0, 2, 418.08, 46592, 126, 0, 0
112, 0, 9, 85, 80, 4, 30.96%, 0, 0, 2, 419.06, 48752, 126, 0, 0
117, 0, 9, 89, 84, 4, 30.96%, 0, 0, 2, 430.49, 50948, 126, 0, 0
122, 0, 9, 90, 85, 4, 30.96%, 0, 0, 2, 444.37, 53059, 126, 0, 0
127, 0, 127, 139, 133, 32, 43.49%, 0, 0, 2, 418.31, 55221, 177, 0, 0
132, 0, 3, 140, 126, 25, 43.73%, 0, 0, 3, 398.73, 57229, 178, 0, 0
137, 0, 95, 141, 125, 24, 44.23%, 0, 0, 3, 417.32, 59366, 180, 0, 0
142, 0, 124, 143, 126, 23, 44.47%, 0, 0, 3, 403.43, 61446, 181, 0, 0
147, 0, 7, 143, 124, 22, 44.47%, 0, 0, 3, 418.77, 63553, 181, 0, 0
152, 0, 69, 152, 132, 21, 45.45%, 0, 0, 3, 440.68, 65837, 185, 0, 0
157, 0, 69, 158, 138, 21, 45.45%, 0, 0, 3, 424.07, 67935, 185, 0, 0
162, 0, 69, 162, 142, 21, 45.45%, 0, 0, 3, 406.17, 70107, 185, 0, 0
167, 0, 69, 165, 145, 21, 45.45%, 0, 0, 3, 460.89, 72432, 185, 0, 0
173, 0, 69, 166, 146, 21, 45.45%, 0, 0, 3, 458.10, 74709, 185, 0, 0
178, 0, 69, 166, 146, 21, 45.45%, 0, 0, 3, 470.94, 77113, 185, 0, 0
183, 0, 118, 172, 150, 21, 45.70%, 0, 0, 3, 453.13, 79424, 186, 0, 0
188, 0, 158, 174, 150, 21, 45.70%, 0, 0, 4, 405.81, 81445, 186, 0, 0
193, 0, 158, 179, 155, 21, 45.70%, 0, 0, 4, 412.20, 83558, 186, 0, 0
198, 0, 158, 182, 158, 21, 45.70%, 0, 0, 4, 411.19, 85676, 186, 0, 0
203, 0, 158, 185, 161, 21, 45.70%, 0, 0, 4, 406.04, 87737, 186, 0, 0
208, 0, 158, 188, 164, 21, 45.70%, 0, 0, 4, 392.20, 89742, 186, 0, 0
213, 0, 158, 190, 166, 21, 45.70%, 0, 0, 4, 411.22, 91868, 186, 0, 0
218, 0, 158, 192, 168, 21, 45.95%, 0, 0, 4, 412.76, 93922, 187, 0, 0
224, 0, 158, 192, 168, 21, 45.95%, 0, 0, 4, 435.67, 96138, 187, 0, 0
229, 0, 158, 193, 169, 21, 45.95%, 0, 0, 4, 425.54, 98361, 187, 0, 0
234, 0, 158, 193, 169, 21, 45.95%, 0, 0, 4, 405.92, 100465, 187, 0, 0
239, 0, 158, 195, 171, 21, 45.95%, 0, 0, 4, 427.89, 102720, 187, 0, 0
244, 0, 158, 195, 171, 21, 45.95%, 0, 0, 4, 419.09, 104824, 187, 0, 0
249, 0, 158, 196, 172, 21, 45.95%, 0, 0, 4, 402.29, 106831, 187, 0, 0
254, 0, 158, 196, 172, 21, 45.95%, 0, 0, 4, 426.40, 109007, 187, 0, 0
259, 0, 171, 196, 171, 21, 45.95%, 0, 0, 4, 419.48, 111151, 187, 0, 0
264, 0, 119, 198, 171, 20, 46.19%, 0, 0, 4, 535.85, 113414, 188, 0, 0
269, 0, 202, 203, 175, 22, 46.68%, 0, 0, 4, 448.70, 115589, 190, 0, 0
275, 0, 197, 206, 177, 21, 46.68%, 0, 0, 4, 448.52, 117863, 190, 0, 0
280, 0, 198, 207, 174, 17, 46.68%, 0, 0, 5, 436.87, 120082, 190, 0, 0
285, 0, 198, 207, 174, 17, 46.68%, 0, 0, 5, 415.03, 122141, 190, 0, 0
290, 0, 116, 207, 172, 15, 46.68%, 0, 0, 5, 413.16, 124203, 190, 0, 0
295, 0, 116, 207, 172, 15, 46.68%, 0, 0, 5, 436.40, 126415, 190, 0, 0
300, 0, 188, 211, 174, 13, 47.42%, 0, 0, 5, 436.45, 128584, 193, 0, 0
305, 0, 188, 213, 176, 13, 47.42%, 0, 0, 5, 446.93, 130860, 193, 0, 0
310, 0, 188, 214, 177, 13, 47.42%, 0, 0, 5, 458.40, 133171, 193, 0, 0
315, 0, 188, 214, 177, 13, 47.42%, 0, 0, 5, 480.32, 135556, 193, 0, 0
320, 0, 188, 215, 178, 13, 47.42%, 0, 0, 5, 510.11, 138178, 193, 0, 0
325, 0, 188, 215, 178, 13, 47.42%, 0, 0, 5, 456.49, 140378, 193, 0, 0
330, 0, 188, 215, 178, 13, 47.42%, 0, 0, 5, 452.63, 142673, 193, 0, 0
335, 0, 188, 219, 182, 13, 47.42%, 0, 0, 5, 453.05, 144944, 193, 0, 0
340, 0, 188, 220, 183, 13, 47.42%, 0, 0, 5, 502.64, 147533, 193, 0, 0
346, 0, 188, 222, 185, 13, 47.42%, 0, 0, 5, 485.01, 149904, 193, 0, 0
351, 0, 188, 222, 185, 13, 47.42%, 0, 0, 5, 448.28, 152172, 193, 0, 0
356, 0, 188, 222, 185, 13, 47.42%, 0, 0, 5, 444.18, 154422, 193, 0, 0
361, 0, 188, 222, 185, 13, 47.42%, 0, 0, 5, 433.80, 156597, 193, 0, 0
366, 0, 188, 222, 185, 13, 47.42%, 0, 0, 5, 461.77, 158925, 193, 0, 0
371, 0, 188, 222, 185, 13, 47.42%, 0, 0, 5, 435.07, 161125, 193, 0, 0
376, 0, 188, 223, 186, 13, 47.42%, 0, 0, 5, 442.91, 163405, 193, 0, 0
381, 0, 188, 223, 186, 13, 47.42%, 0, 0, 5, 450.02, 165629, 193, 0, 0
386, 0, 188, 223, 186, 13, 47.42%, 0, 0, 5, 432.62, 167821, 193, 0, 0
391, 0, 188, 223, 186, 13, 47.42%, 0, 0, 5, 14.90, 169262, 193, 0, 0
396, 0, 188, 223, 186, 13, 47.42%, 0, 0, 5, 1.92, 169271, 193, 0, 0
401, 0, 188, 223, 186, 13, 47.42%, 0, 0, 5, 117.99, 169687, 193, 0, 0
406, 0, 188, 223, 186, 13, 47.42%, 0, 0, 5, 118.59, 170279, 193, 0, 0
412, 0, 188, 223, 186, 13, 47.42%, 0, 0, 5, 110.59, 170817, 193, 0, 0
417, 0, 188, 223, 186, 13, 47.42%, 0, 0, 5, 104.62, 171357, 193, 0, 0
422, 0, 188, 223, 186, 13, 47.42%, 0, 0, 5, 86.12, 171786, 193, 0, 0
427, 0, 188, 223, 186, 13, 47.42%, 0, 0, 5, 107.04, 172357, 193, 0, 0
432, 0, 188, 223, 186, 13, 47.42%, 0, 0, 5, 122.04, 173013, 193, 0, 0
437, 0, 188, 223, 186, 13, 47.42%, 0, 0, 5, 138.83, 173759, 193, 0, 0
442, 0, 188, 223, 186, 13, 47.42%, 0, 0, 5, 119.72, 174345, 193, 0, 0
448, 0, 188, 223, 186, 13, 47.42%, 0, 0, 5, 110.59, 174905, 193, 0, 0
453, 0, 188, 223, 186, 13, 47.42%, 0, 0, 5, 112.30, 175503, 193, 0, 0
458, 0, 188, 223, 186, 13, 47.42%, 0, 0, 5, 109.05, 176087, 193, 0, 0
463, 0, 188, 223, 186, 13, 47.42%, 0, 0, 5, 115.66, 176727, 193, 0, 0
468, 0, 188, 223, 186, 13, 47.42%, 0, 0, 5, 124.99, 177353, 193, 0, 0
474, 0, 188, 223, 186, 13, 47.42%, 0, 0, 5, 116.99, 177927, 193, 0, 0
479, 0, 188, 223, 186, 13, 47.42%, 0, 0, 5, 130.56, 178586, 193, 0, 0
484, 0, 220, 223, 185, 14, 47.42%, 0, 0, 5, 121.95, 179150, 193, 0, 0
489, 0, 208, 224, 185, 13, 47.42%, 0, 0, 6, 114.81, 179732, 193, 0, 0
494, 0, 206, 224, 184, 12, 47.42%, 0, 0, 6, 163.43, 180348, 193, 0, 0
499, 0, 83, 224, 183, 11, 47.42%, 0, 0, 6, 126.60, 180950, 193, 0, 0
504, 0, 83, 225, 184, 11, 47.42%, 0, 0, 6, 116.85, 181544, 193, 0, 0
509, 0, 107, 225, 183, 10, 47.42%, 0, 0, 6, 122.66, 182158, 193, 0, 0
515, 0, 107, 225, 183, 10, 47.42%, 0, 0, 6, 121.17, 182776, 193, 0, 0
520, 0, 107, 226, 184, 10, 47.42%, 0, 0, 6, 104.52, 183271, 193, 0, 0
525, 0, 107, 226, 184, 10, 47.42%, 0, 0, 6, 113.73, 183833, 193, 0, 0
530, 0, 107, 226, 184, 10, 47.42%, 0, 0, 6, 107.61, 184393, 193, 0, 0
535, 0, 107, 226, 184, 10, 47.42%, 0, 0, 6, 108.41, 184945, 193, 0, 0
540, 0, 107, 226, 184, 10, 47.42%, 0, 0, 6, 106.40, 185471, 193, 0, 0
545, 0, 107, 226, 184, 10, 47.42%, 0, 0, 6, 106.93, 186021, 193, 0, 0
550, 0, 107, 226, 184, 10, 47.42%, 0, 0, 6, 96.44, 186483, 193, 0, 0
555, 0, 91, 226, 183, 9, 47.42%, 0, 0, 6, 140.08, 187238, 193, 0, 0
561, 0, 190, 226, 182, 8, 47.42%, 0, 0, 6, 119.01, 187792, 193, 0, 0
566, 0, 133, 226, 181, 7, 47.42%, 0, 0, 6, 133.12, 188490, 193, 0, 0
571, 0, 221, 228, 181, 5, 47.42%, 0, 0, 6, 111.66, 189043, 193, 0, 0
576, 0, 221, 228, 181, 5, 47.42%, 0, 0, 6, 124.58, 189647, 193, 0, 0
581, 0, 221, 228, 181, 5, 47.42%, 0, 0, 6, 118.69, 190231, 193, 0, 0
586, 0, 221, 228, 181, 5, 47.42%, 0, 0, 6, 113.96, 190841, 193, 0, 0
592, 0, 221, 228, 181, 5, 47.42%, 0, 0, 6, 106.24, 191383, 193, 0, 0
597, 0, 221, 228, 181, 5, 47.42%, 0, 0, 6, 115.07, 191991, 193, 0, 0
602, 0, 106, 228, 180, 4, 47.42%, 0, 0, 6, 113.07, 192553, 193, 0, 0
607, 0, 106, 228, 180, 4, 47.42%, 0, 0, 6, 105.65, 193107, 193, 0, 0
612, 0, 217, 228, 179, 3, 47.42%, 0, 0, 6, 101.62, 193653, 193, 0, 0
617, 0, 205, 228, 177, 3, 47.42%, 0, 0, 6, 107.95, 194209, 193, 0, 0
622, 0, 205, 228, 177, 3, 47.42%, 0, 0, 6, 117.32, 194827, 193, 0, 0
627, 0, 205, 236, 185, 3, 47.42%, 0, 0, 6, 110.43, 195379, 193, 0, 0
632, 0, 205, 239, 188, 3, 47.42%, 0, 0, 6, 110.67, 195904, 193, 0, 0
638, 0, 205, 239, 188, 3, 47.42%, 0, 0, 6, 113.68, 196450, 193, 0, 0
643, 0, 205, 239, 188, 3, 47.42%, 0, 0, 6, 104.21, 196980, 193, 0, 0
648, 0, 205, 239, 188, 3, 47.42%, 0, 0, 6, 123.96, 197632, 193, 0, 0
653, 0, 205, 239, 188, 3, 47.42%, 0, 0, 6, 105.09, 198120, 193, 0, 0
658, 0, 205, 241, 190, 3, 47.42%, 0, 0, 6, 207.73, 198665, 193, 0, 0
663, 0, 205, 242, 191, 3, 47.42%, 0, 0, 6, 133.43, 199219, 193, 0, 0
668, 0, 205, 242, 191, 3, 47.42%, 0, 0, 6, 128.46, 199871, 193, 0, 0
673, 0, 205, 242, 191, 3, 47.42%, 0, 0, 6, 125.51, 200471, 193, 0, 0
678, 0, 205, 242, 191, 3, 47.42%, 0, 0, 6, 117.31, 201035, 193, 0, 0
683, 0, 205, 242, 191, 3, 47.42%, 0, 0, 6, 108.37, 201581, 193, 0, 0
689, 0, 235, 242, 190, 4, 47.42%, 0, 0, 6, 132.08, 202245, 193, 0, 0
694, 0, 235, 242, 190, 4, 47.42%, 0, 0, 6, 132.07, 202947, 193, 0, 0
699, 0, 102, 242, 189, 3, 47.42%, 0, 0, 6, 117.35, 203509, 193, 0, 0
704, 0, 102, 242, 189, 3, 47.42%, 0, 0, 6, 122.19, 204114, 193, 0, 0
709, 0, 94, 242, 187, 1, 47.42%, 0, 0, 6, 114.09, 204698, 193, 0, 0
714, 0, 94, 242, 187, 1, 47.42%, 0, 0, 6, 117.75, 205308, 193, 0, 0
719, 0, 3, 242, 186, 1, 47.42%, 0, 0, 6, 111.00, 205837, 193, 0, 0
724, 0, 103, 242, 185, 1, 47.42%, 0, 0, 6, 106.84, 206389, 193, 0, 0
729, 0, 103, 242, 185, 1, 47.42%, 0, 0, 6, 113.01, 206999, 193, 0, 0
735, 0, 103, 250, 193, 1, 48.16%, 1, 0, 6, 114.48, 207613, 196, 1, 0
740, 0, 103, 255, 198, 1, 48.89%, 1, 0, 6, 120.87, 208251, 199, 1, 0
745, 0, 250, 255, 197, 3, 48.89%, 1, 0, 6, 123.71, 208855, 199, 1, 0
750, 0, 250, 255, 197, 3, 48.89%, 1, 0, 6, 117.29, 209432, 199, 1, 0
755, 0, 250, 257, 199, 3, 49.63%, 1, 0, 6, 108.74, 209998, 202, 1, 0
760, 0, 256, 257, 198, 4, 49.63%, 1, 0, 6, 118.54, 210637, 202, 1, 0
765, 0, 256, 257, 198, 4, 49.63%, 1, 0, 6, 112.93, 211238, 202, 1, 0
771, 0, 244, 257, 197, 3, 49.63%, 1, 0, 6, 128.54, 211862, 202, 1, 0
776, 0, 244, 257, 197, 3, 49.63%, 1, 0, 6, 121.57, 212479, 202, 1, 0
781, 0, 244, 257, 197, 3, 49.63%, 1, 0, 6, 119.95, 213069, 202, 1, 0
786, 0, 244, 257, 197, 3, 49.63%, 1, 0, 6, 117.21, 213687, 202, 1, 0
791, 0, 245, 257, 196, 2, 49.63%, 1, 0, 6, 134.07, 214390, 202, 1, 0
796, 0, 245, 258, 197, 2, 49.63%, 1, 0, 6, 124.85, 214936, 202, 1, 0
801, 0, 245, 259, 198, 2, 49.88%, 1, 0, 6, 122.58, 215539, 203, 1, 0
806, 0, 245, 259, 198, 2, 49.88%, 1, 0, 6, 122.04, 216169, 203, 1, 0
811, 0, 258, 259, 197, 2, 49.88%, 1, 0, 6, 115.19, 216719, 203, 1, 0
817, 0, 258, 260, 198, 2, 49.88%, 1, 0, 6, 117.63, 217308, 203, 1, 0
822, 0, 258, 260, 198, 2, 49.88%, 1, 0, 6, 105.80, 217831, 203, 1, 0
827, 0, 259, 260, 197, 2, 49.88%, 1, 0, 6, 109.46, 218423, 203, 1, 0
832, 0, 232, 260, 196, 1, 49.88%, 1, 0, 6, 110.96, 218971, 203, 1, 0
837, 0, 232, 260, 196, 1, 49.88%, 1, 0, 6, 103.15, 219493, 203, 1, 0
842, 0, 232, 261, 197, 1, 49.88%, 1, 0, 6, 110.76, 220056, 203, 1, 0
847, 0, 232, 263, 199, 1, 49.88%, 1, 0, 6, 118.47, 220692, 203, 1, 0
852, 0, 232, 263, 199, 1, 49.88%, 1, 0, 6, 123.58, 221284, 203, 1, 0
857, 0, 232, 264, 200, 1, 49.88%, 1, 0, 6, 117.65, 221857, 203, 1, 0
862, 0, 232, 265, 201, 1, 49.88%, 1, 0, 6, 103.25, 222354, 203, 1, 0
867, 0, 232, 265, 201, 1, 49.88%, 1, 0, 6, 103.52, 222902, 203, 1, 0
872, 0, 232, 265, 201, 1, 49.88%, 1, 0, 6, 113.13, 223470, 203, 1, 0
877, 0, 232, 265, 201, 1, 49.88%, 1, 0, 6, 123.59, 224114, 203, 1, 0
883, 0, 232, 266, 202, 1, 49.88%, 1, 0, 6, 110.76, 224689, 203, 1, 0
888, 0, 232, 266, 202, 1, 49.88%, 1, 0, 6, 96.34, 225157, 203, 1, 0
893, 0, 232, 266, 202, 1, 49.88%, 1, 0, 6, 103.94, 225689, 203, 1, 0
898, 0, 232, 266, 202, 1, 49.88%, 1, 0, 6, 115.55, 226283, 203, 1, 0
903, 0, 232, 266, 202, 1, 49.88%, 1, 0, 6, 105.32, 226779, 203, 1, 0
