# relative_time, cycles_done, cur_item, corpus_count, pending_total, pending_favs, map_size, saved_crashes, saved_hangs, max_depth, execs_per_sec, total_execs, edges_found, total_crashes, servers_count
61, 0, 9, 78, 73, 4, 30.96%, 0, 0, 2, 429.01, 25602, 126, 0, 0
66, 0, 9, 80, 75, 4, 31.94%, 0, 0, 2, 452.56, 27889, 130, 0, 0
71, 0, 9, 82, 77, 4, 31.94%, 0, 0, 2, 435.17, 30023, 130, 0, 0
76, 0, 9, 82, 77, 4, 31.94%, 0, 0, 2, 428.69, 32175, 130, 0, 0
81, 0, 9, 82, 77, 4, 31.94%, 0, 0, 2, 430.40, 34455, 130, 0, 0
86, 0, 9, 82, 77, 4, 31.94%, 0, 0, 2, 446.33, 36775, 130, 0, 0
91, 0, 9, 83, 78, 4, 31.94%, 0, 0, 2, 443.11, 39030, 130, 0, 0
96, 0, 9, 83, 78, 4, 31.94%, 0, 0, 2, 421.70, 41118, 130, 0, 0
101, 0, 9, 83, 78, 4, 31.94%, 0, 0, 2, 428.97, 43310, 130, 0, 0
106, 0, 9, 84, 79, 4, 31.94%, 0, 0, 2, 424.95, 45445, 130, 0, 0
112, 0, 9, 84, 79, 4, 31.94%, 0, 0, 2, 403.21, 47349, 130, 0, 0
117, 0, 9, 86, 81, 4, 31.94%, 0, 0, 2, 425.23, 49492, 130, 0, 0
122, 0, 9, 88, 83, 4, 31.94%, 0, 0, 2, 424.66, 51634, 130, 0, 0
127, 0, 9, 89, 84, 4, 31.94%, 0, 0, 2, 439.27, 53769, 130, 0, 0
132, 0, 13, 111, 101, 26, 35.87%, 0, 0, 3, 463.57, 56108, 146, 0, 0
137, 0, 92, 117, 103, 22, 36.61%, 0, 0, 3, 478.71, 58523, 149, 0, 0
142, 0, 111, 118, 102, 23, 37.10%, 1, 0, 3, 451.57, 60730, 151, 1, 0
147, 0, 108, 124, 107, 22, 37.10%, 1, 0, 4, 437.77, 63007, 151, 1, 0
152, 0, 108, 127, 110, 22, 37.10%, 1, 0, 4, 463.50, 65413, 151, 1, 0
157, 0, 108, 133, 116, 22, 37.10%, 1, 0, 4, 440.50, 67606, 151, 1, 0
162, 0, 108, 134, 117, 22, 37.10%, 1, 0, 4, 451.75, 69926, 151, 1, 0
167, 0, 108, 135, 118, 22, 37.10%, 1, 0, 4, 473.45, 72336, 151, 1, 0
172, 0, 108, 136, 119, 22, 37.10%, 1, 0, 4, 467.48, 74701, 151, 1, 0
177, 0, 108, 138, 121, 22, 37.10%, 1, 0, 4, 449.68, 76956, 151, 1, 0
183, 0, 108, 138, 121, 22, 37.10%, 1, 0, 4, 473.43, 79107, 151, 1, 0
188, 0, 108, 141, 124, 22, 37.10%, 1, 0, 4, 470.11, 81504, 151, 1, 0
193, 0, 108, 142, 125, 22, 37.10%, 1, 0, 4, 444.08, 83773, 151, 1, 0
198, 0, 108, 144, 127, 22, 37.10%, 1, 0, 4, 431.49, 86051, 151, 1, 0
203, 0, 108, 146, 129, 22, 37.10%, 1, 0, 4, 452.91, 88379, 151, 1, 0
208, 0, 108, 147, 130, 22, 37.10%, 1, 0, 4, 453.57, 90645, 151, 1, 0
213, 0, 30, 148, 129, 21, 37.10%, 1, 0, 4, 442.41, 92935, 151, 1, 0
218, 0, 112, 148, 126, 18, 37.10%, 1, 0, 4, 433.34, 95214, 151, 1, 0
223, 0, 88, 150, 125, 15, 37.10%, 1, 0, 4, 420.76, 97349, 151, 1, 0
229, 0, 136, 154, 128, 14, 37.10%, 1, 0, 5, 460.29, 99684, 151, 1, 0
234, 0, 136, 155, 129, 14, 37.10%, 1, 0, 5, 474.81, 102031, 151, 1, 0
239, 0, 136, 156, 130, 14, 37.10%, 1, 0, 5, 444.65, 104206, 151, 1, 0
244, 0, 134, 157, 130, 13, 37.10%, 1, 0, 5, 438.46, 106402, 151, 1, 0
249, 0, 113, 157, 127, 10, 37.10%, 1, 0, 5, 428.66, 108534, 151, 1, 0
254, 0, 159, 163, 132, 10, 37.84%, 1, 0, 5, 427.34, 110754, 154, 1, 0
259, 0, 99, 163, 131, 9, 37.84%, 1, 0, 5, 438.66, 113000, 154, 1, 0
264, 0, 99, 163, 131, 9, 37.84%, 1, 0, 5, 409.69, 115064, 154, 1, 0
269, 0, 145, 167, 133, 8, 38.08%, 1, 0, 5, 432.31, 117287, 155, 1, 0
274, 0, 145, 170, 136, 8, 38.08%, 1, 0, 5, 450.21, 119564, 155, 1, 0
279, 0, 145, 170, 136, 8, 38.08%, 1, 0, 5, 456.80, 121860, 155, 1, 0
284, 0, 145, 172, 138, 8, 38.08%, 1, 0, 5, 401.57, 123834, 155, 1, 0
289, 0, 145, 172, 138, 8, 38.08%, 1, 0, 5, 411.23, 125946, 155, 1, 0
295, 0, 145, 172, 138, 8, 38.08%, 1, 0, 5, 446.17, 128336, 155, 1, 0
300, 0, 145, 173, 139, 8, 38.08%, 1, 0, 5, 450.50, 130638, 155, 1, 0
305, 0, 145, 173, 139, 8, 38.08%, 1, 0, 5, 449.43, 132865, 155, 1, 0
310, 0, 145, 173, 139, 8, 38.08%, 1, 0, 5, 431.30, 135017, 155, 1, 0
315, 0, 145, 174, 140, 8, 38.08%, 1, 0, 5, 432.86, 137192, 155, 1, 0
320, 0, 145, 174, 140, 8, 38.08%, 1, 0, 5, 503.42, 139384, 155, 1, 0
325, 0, 145, 174, 140, 8, 38.08%, 1, 0, 5, 403.45, 141416, 155, 1, 0
330, 0, 145, 174, 140, 8, 38.08%, 1, 0, 5, 435.41, 143632, 155, 1, 0
335, 0, 145, 174, 140, 8, 38.08%, 1, 0, 5, 429.25, 145824, 155, 1, 0
340, 0, 145, 174, 140, 8, 38.08%, 1, 0, 5, 409.90, 147856, 155, 1, 0
345, 0, 145, 174, 140, 8, 38.08%, 1, 0, 5, 441.66, 150056, 155, 1, 0
350, 0, 145, 174, 140, 8, 38.08%, 1, 0, 5, 417.62, 152136, 155, 1, 0
355, 0, 145, 174, 140, 8, 38.08%, 1, 0, 5, 409.16, 154240, 155, 1, 0
360, 0, 158, 174, 138, 5, 38.08%, 1, 0, 5, 443.78, 156514, 155, 1, 0
366, 0, 57, 175, 132, 0, 38.08%, 1, 0, 6, 434.89, 158691, 155, 1, 0
371, 0, 175, 176, 133, 1, 38.33%, 1, 0, 6, 412.26, 160837, 156, 1, 0
376, 0, 121, 177, 132, 0, 38.33%, 1, 0, 6, 396.66, 162797, 156, 1, 0
381, 0, 169, 180, 133, 0, 38.33%, 1, 0, 6, 493.06, 164962, 156, 1, 0
386, 0, 162, 180, 132, 0, 38.33%, 1, 0, 6, 408.99, 166968, 156, 1, 0
391, 0, 141, 182, 132, 0, 39.07%, 1, 0, 6, 437.32, 169183, 159, 1, 0
396, 0, 30, 183, 129, 0, 39.07%, 1, 0, 6, 405.94, 171236, 159, 1, 0
401, 0, 72, 183, 127, 0, 39.07%, 1, 0, 6, 445.41, 173488, 159, 1, 0
406, 0, 145, 184, 125, 0, 39.07%, 1, 0, 6, 420.94, 175632, 159, 1, 0
411, 0, 111, 184, 121, 0, 39.07%, 1, 0, 6, 415.67, 177699, 159, 1, 0
416, 0, 135, 186, 121, 0, 39.07%, 1, 0, 6, 449.21, 180011, 159, 1, 0
421, 0, 99, 186, 118, 0, 39.07%, 1, 0, 6, 457.29, 182319, 159, 1, 0
426, 0, 145, 187, 118, 0, 39.07%, 1, 0, 6, 430.46, 184494, 159, 1, 0
431, 0, 153, 187, 117, 0, 39.07%, 1, 0, 6, 410.62, 186516, 159, 1, 0
437, 0, 8, 187, 114, 0, 39.07%, 1, 0, 6, 404.19, 188583, 159, 1, 0
442, 0, 148, 188, 112, 0, 39.07%, 1, 0, 6, 445.94, 190810, 159, 1, 0
447, 0, 131, 189, 112, 0, 39.07%, 1, 0, 6, 406.90, 192912, 159, 1, 0
452, 0, 179, 189, 110, 0, 39.07%, 1, 0, 6, 431.76, 195112, 159, 1, 0
457, 1, 20, 190, 107, 0, 39.07%, 1, 0, 6, 428.74, 197267, 159, 1, 0
462, 1, 71, 191, 103, 0, 39.07%, 1, 0, 6, 436.85, 199477, 159, 1, 0
467, 1, 185, 191, 99, 0, 39.07%, 1, 0, 6, 459.04, 201855, 159, 1, 0
472, 1, 177, 193, 97, 0, 39.07%, 1, 0, 6, 464.41, 204168, 159, 1, 0
477, 1, 189, 193, 94, 0, 39.07%, 1, 0, 6, 454.90, 206410, 159, 1, 0
482, 1, 98, 193, 90, 0, 39.07%, 1, 0, 6, 437.85, 208588, 159, 1, 0
488, 1, 116, 195, 90, 0, 39.07%, 1, 0, 6, 422.44, 210786, 159, 1, 0
493, 1, 116, 197, 92, 0, 39.07%, 1, 0, 6, 403.34, 212784, 159, 1, 0
498, 1, 87, 197, 86, 0, 39.07%, 1, 0, 6, 444.56, 215178, 159, 1, 0
503, 1, 32, 197, 82, 0, 39.07%, 1, 0, 6, 490.34, 217604, 159, 1, 0
508, 1, 133, 197, 77, 0, 39.07%, 1, 0, 6, 431.02, 219755, 159, 1, 0
513, 1, 192, 198, 74, 0, 39.07%, 1, 0, 6, 451.13, 222144, 159, 1, 0
518, 1, 155, 200, 73, 0, 39.07%, 1, 0, 6, 458.22, 224498, 159, 1, 0
523, 1, 97, 200, 70, 0, 39.07%, 1, 0, 6, 463.50, 226868, 159, 1, 0
528, 1, 112, 200, 66, 0, 39.07%, 1, 0, 6, 436.86, 229142, 159, 1, 0
534, 1, 202, 203, 67, 1, 39.07%, 1, 0, 7, 433.11, 231341, 159, 1, 0
539, 1, 115, 203, 64, 0, 39.07%, 1, 0, 7, 443.80, 233545, 159, 1, 0
544, 1, 140, 203, 59, 0, 39.07%, 1, 0, 7, 406.65, 235626, 159, 1, 0
549, 1, 202, 203, 56, 0, 39.07%, 1, 0, 7, 416.43, 237717, 159, 1, 0
554, 1, 169, 203, 54, 0, 39.07%, 1, 0, 7, 497.00, 240384, 159, 1, 0
559, 1, 145, 203, 51, 0, 39.07%, 1, 0, 7, 507.74, 242924, 159, 1, 0
564, 1, 40, 203, 49, 0, 39.07%, 1, 0, 7, 478.86, 245377, 159, 1, 0
569, 1, 191, 204, 47, 0, 39.07%, 1, 0, 7, 430.55, 247546, 159, 1, 0
575, 1, 100, 204, 45, 0, 39.07%, 1, 0, 7, 418.74, 249767, 159, 1, 0
580, 1, 124, 204, 44, 0, 39.07%, 1, 0, 7, 405.40, 251826, 159, 1, 0
585, 1, 169, 205, 42, 0, 39.07%, 1, 0, 8, 436.34, 254085, 159, 1, 0
590, 1, 131, 205, 40, 0, 39.07%, 1, 0, 8, 429.33, 256329, 159, 1, 0
595, 1, 57, 206, 38, 0, 39.07%, 1, 0, 8, 479.14, 258783, 159, 1, 0
600, 1, 195, 206, 35, 0, 39.07%, 1, 0, 8, 446.28, 260977, 159, 1, 0
605, 2, 212, 217, 42, 0, 39.07%, 1, 0, 8, 451.78, 263318, 159, 1, 0
610, 2, 193, 218, 41, 0, 39.07%, 1, 0, 8, 439.91, 265586, 159, 1, 0
615, 2, 164, 218, 37, 0, 39.07%, 1, 0, 8, 449.84, 267817, 159, 1, 0
620, 2, 152, 218, 34, 0, 39.07%, 1, 0, 8, 428.29, 269969, 159, 1, 0
625, 2, 11, 220, 33, 0, 39.07%, 1, 0, 9, 453.65, 272299, 159, 1, 0
631, 2, 175, 220, 32, 0, 39.07%, 1, 0, 9, 425.17, 274412, 159, 1, 0
636, 2, 161, 221, 32, 0, 39.31%, 1, 0, 9, 463.37, 276730, 160, 1, 0
641, 2, 131, 222, 30, 0, 39.31%, 1, 0, 9, 447.90, 278970, 160, 1, 0
646, 2, 88, 222, 28, 0, 39.31%, 1, 0, 9, 448.05, 281219, 160, 1, 0
651, 2, 164, 222, 26, 0, 39.31%, 1, 0, 9, 475.34, 283599, 160, 1, 0
656, 2, 223, 224, 26, 1, 39.80%, 1, 0, 9, 444.52, 285801, 162, 1, 0
661, 2, 220, 226, 25, 0, 40.05%, 1, 0, 9, 448.39, 288056, 163, 1, 0
666, 2, 210, 226, 23, 0, 40.05%, 1, 0, 9, 439.86, 290216, 163, 1, 0
671, 2, 210, 231, 28, 0, 40.05%, 1, 0, 9, 439.92, 292397, 163, 1, 0
676, 2, 210, 232, 29, 0, 40.05%, 1, 0, 9, 401.30, 294332, 163, 1, 0
681, 2, 210, 232, 29, 0, 40.05%, 1, 0, 9, 408.01, 296444, 163, 1, 0
686, 2, 213, 232, 28, 0, 40.05%, 1, 0, 9, 412.18, 298543, 163, 1, 0
691, 2, 94, 232, 26, 0, 40.05%, 1, 0, 9, 406.14, 300608, 163, 1, 0
696, 2, 101, 232, 25, 0, 40.05%, 1, 0, 9, 418.56, 302731, 163, 1, 0
702, 2, 225, 232, 24, 0, 40.05%, 2, 0, 9, 420.83, 304870, 163, 2, 0
707, 2, 16, 232, 21, 0, 40.05%, 2, 0, 9, 428.11, 307044, 163, 2, 0
712, 2, 147, 232, 19, 0, 40.05%, 2, 0, 9, 418.27, 309200, 163, 2, 0
717, 2, 232, 233, 18, 0, 40.05%, 2, 0, 10, 432.34, 311508, 163, 2, 0
722, 2, 145, 234, 17, 0, 40.05%, 2, 0, 11, 428.94, 313644, 163, 2, 0
727, 2, 228, 234, 16, 0, 40.05%, 2, 0, 11, 402.57, 315708, 163, 2, 0
732, 2, 229, 234, 15, 0, 40.05%, 2, 0, 11, 419.57, 317877, 163, 2, 0
737, 2, 125, 234, 12, 0, 40.05%, 2, 0, 11, 426.59, 319985, 163, 2, 0
743, 2, 136, 234, 11, 0, 40.05%, 2, 0, 11, 446.56, 322145, 163, 2, 0
748, 2, 220, 235, 11, 0, 40.05%, 2, 0, 11, 450.82, 324421, 163, 2, 0
753, 2, 111, 235, 9, 0, 40.05%, 2, 0, 11, 443.90, 326643, 163, 2, 0
758, 2, 99, 235, 9, 0, 40.05%, 2, 0, 11, 438.78, 328837, 163, 2, 0
763, 3, 278, 318, 91, 12, 49.39%, 2, 0, 11, 433.41, 331061, 201, 2, 0
768, 3, 235, 318, 90, 11, 49.39%, 2, 0, 11, 414.69, 333092, 201, 2, 0
773, 3, 316, 318, 88, 9, 49.39%, 2, 0, 11, 447.66, 335434, 201, 2, 0
778, 3, 280, 319, 88, 8, 49.39%, 2, 0, 11, 415.20, 337525, 201, 2, 0
783, 3, 252, 319, 86, 6, 49.39%, 2, 0, 11, 437.22, 339688, 201, 2, 0
788, 3, 246, 320, 86, 5, 49.39%, 2, 0, 11, 440.32, 341986, 201, 2, 0
793, 3, 279, 320, 84, 3, 49.39%, 2, 0, 11, 420.50, 344143, 201, 2, 0
798, 3, 242, 320, 82, 2, 49.39%, 2, 0, 11, 417.56, 346228, 201, 2, 0
804, 3, 306, 320, 80, 2, 49.39%, 2, 0, 11, 419.89, 348335, 201, 2, 0
809, 3, 249, 320, 78, 0, 49.39%, 2, 0, 11, 440.15, 350650, 201, 2, 0
814, 3, 234, 320, 76, 0, 49.39%, 2, 0, 11, 436.04, 352929, 201, 2, 0
819, 3, 91, 320, 74, 0, 49.39%, 2, 0, 11, 435.17, 355125, 201, 2, 0
824, 3, 248, 320, 72, 0, 49.39%, 2, 0, 11, 401.86, 357130, 201, 2, 0
829, 3, 274, 320, 71, 0, 49.39%, 2, 0, 11, 423.47, 359235, 201, 2, 0
834, 3, 315, 320, 69, 0, 49.39%, 2, 0, 11, 406.67, 361302, 201, 2, 0
839, 3, 241, 320, 67, 0, 49.39%, 2, 0, 11, 442.14, 363538, 201, 2, 0
844, 3, 280, 320, 65, 0, 49.39%, 2, 0, 11, 434.24, 365736, 201, 2, 0
849, 3, 49, 320, 64, 0, 49.39%, 2, 0, 11, 443.32, 368017, 201, 2, 0
855, 3, 276, 320, 63, 0, 49.39%, 2, 0, 11, 441.91, 370300, 201, 2, 0
860, 3, 316, 320, 61, 0, 49.39%, 2, 0, 11, 426.35, 372494, 201, 2, 0
865, 3, 311, 320, 60, 0, 49.39%, 2, 0, 11, 463.14, 374790, 201, 2, 0
870, 3, 320, 321, 59, 1, 49.63%, 2, 0, 11, 423.68, 376967, 202, 2, 0
875, 3, 320, 321, 59, 1, 49.63%, 2, 0, 11, 413.79, 379098, 202, 2, 0
880, 3, 265, 321, 57, 0, 49.63%, 2, 0, 11, 415.90, 381182, 202, 2, 0
885, 3, 3, 321, 55, 0, 49.63%, 2, 0, 11, 384.46, 383163, 202, 2, 0
890, 3, 322, 323, 56, 1, 49.63%, 2, 0, 11, 445.03, 385334, 202, 2, 0
895, 3, 308, 323, 54, 0, 49.63%, 2, 0, 11, 429.12, 387490, 202, 2, 0
900, 3, 257, 323, 52, 0, 49.63%, 2, 0, 11, 411.86, 389547, 202, 2, 0
