# relative_time, cycles_done, cur_item, corpus_count, pending_total, pending_favs, map_size, saved_crashes, saved_hangs, max_depth, execs_per_sec, total_execs, edges_found, total_crashes, servers_count
61, 0, 9, 81, 76, 5, 30.47%, 0, 0, 2, 419.41, 26071, 124, 0, 0
66, 0, 9, 82, 77, 5, 30.47%, 0, 0, 2, 414.92, 28134, 124, 0, 0
71, 0, 9, 84, 79, 5, 30.71%, 0, 0, 2, 421.27, 30252, 125, 0, 0
76, 0, 9, 85, 80, 5, 31.70%, 0, 0, 2, 426.63, 32484, 129, 0, 0
81, 0, 9, 85, 80, 5, 31.70%, 0, 0, 2, 430.09, 34660, 129, 0, 0
86, 0, 9, 87, 82, 5, 31.70%, 0, 0, 2, 464.97, 37100, 129, 0, 0
91, 0, 9, 88, 83, 5, 31.70%, 0, 0, 2, 435.72, 39321, 129, 0, 0
96, 0, 9, 88, 83, 5, 31.70%, 0, 0, 2, 494.93, 41859, 129, 0, 0
101, 0, 9, 88, 83, 5, 31.70%, 0, 0, 2, 450.89, 44037, 129, 0, 0
106, 0, 9, 88, 83, 5, 31.70%, 0, 0, 2, 454.01, 46332, 129, 0, 0
111, 0, 9, 89, 84, 5, 31.70%, 0, 0, 2, 448.41, 48616, 129, 0, 0
116, 0, 9, 89, 84, 5, 31.70%, 0, 0, 2, 434.50, 50768, 129, 0, 0
121, 0, 9, 89, 84, 5, 31.70%, 0, 0, 2, 415.71, 52873, 129, 0, 0
127, 0, 27, 110, 104, 31, 35.38%, 0, 0, 2, 423.34, 55037, 144, 0, 0
132, 0, 3, 123, 110, 25, 38.82%, 0, 0, 3, 424.85, 57197, 158, 0, 0
137, 0, 114, 134, 120, 28, 42.01%, 0, 0, 3, 417.19, 59352, 171, 0, 0
142, 0, 114, 136, 122, 28, 42.01%, 0, 0, 3, 427.83, 61527, 171, 0, 0
147, 0, 94, 136, 120, 32, 42.01%, 0, 0, 3, 428.25, 63713, 171, 0, 0
152, 0, 45, 136, 118, 30, 42.01%, 0, 0, 3, 445.24, 65967, 171, 0, 0
157, 0, 45, 139, 121, 30, 42.01%, 0, 0, 3, 457.03, 68200, 171, 0, 0
162, 0, 144, 146, 126, 29, 42.01%, 0, 0, 4, 471.63, 70544, 171, 0, 0
167, 0, 93, 148, 127, 28, 42.26%, 0, 0, 4, 489.74, 72927, 172, 0, 0
172, 0, 93, 181, 160, 28, 44.47%, 1, 0, 4, 438.59, 75125, 181, 1, 0
177, 0, 93, 184, 163, 28, 44.47%, 1, 0, 4, 447.53, 77378, 181, 1, 0
183, 0, 93, 188, 167, 28, 44.72%, 1, 0, 4, 430.74, 79526, 182, 1, 0
188, 0, 93, 191, 170, 28, 44.72%, 1, 0, 4, 444.09, 81723, 182, 1, 0
193, 0, 93, 193, 172, 28, 44.72%, 1, 0, 4, 429.67, 83873, 182, 1, 0
198, 0, 93, 194, 173, 28, 44.72%, 1, 0, 4, 438.63, 86096, 182, 1, 0
203, 0, 93, 195, 174, 28, 44.72%, 1, 0, 4, 423.12, 88239, 182, 1, 0
208, 0, 93, 195, 174, 28, 44.72%, 1, 0, 4, 403.10, 90308, 182, 1, 0
213, 0, 93, 195, 174, 28, 44.72%, 1, 0, 4, 415.27, 92455, 182, 1, 0
218, 0, 93, 195, 174, 28, 44.72%, 1, 0, 4, 433.34, 94648, 182, 1, 0
223, 0, 93, 195, 174, 28, 44.72%, 1, 0, 4, 409.81, 96672, 182, 1, 0
228, 0, 93, 196, 175, 28, 44.72%, 1, 0, 4, 423.60, 98879, 182, 1, 0
233, 0, 93, 197, 176, 28, 44.72%, 1, 0, 4, 457.44, 101209, 182, 1, 0
238, 0, 93, 197, 176, 28, 44.72%, 1, 0, 4, 451.04, 103486, 182, 1, 0
244, 0, 93, 197, 176, 28, 44.72%, 1, 0, 4, 451.99, 105808, 182, 1, 0
249, 0, 93, 197, 176, 28, 44.72%, 1, 0, 4, 463.20, 108130, 182, 1, 0
254, 0, 93, 197, 176, 28, 44.72%, 1, 0, 4, 452.49, 110358, 182, 1, 0
259, 0, 130, 197, 175, 27, 44.72%, 1, 0, 4, 435.54, 112478, 182, 1, 0
264, 0, 130, 198, 176, 27, 44.72%, 1, 0, 4, 453.89, 114792, 182, 1, 0
269, 0, 125, 210, 186, 26, 44.72%, 1, 0, 4, 418.15, 116792, 182, 1, 0
274, 0, 96, 210, 184, 24, 44.72%, 1, 0, 4, 417.26, 118905, 182, 1, 0
279, 0, 82, 210, 181, 22, 44.72%, 1, 0, 4, 440.73, 121183, 182, 1, 0
284, 0, 158, 213, 182, 20, 44.72%, 1, 0, 4, 447.19, 123385, 182, 1, 0
289, 0, 158, 224, 193, 20, 44.72%, 1, 0, 4, 402.94, 125400, 182, 1, 0
294, 0, 158, 231, 200, 20, 44.72%, 1, 0, 4, 405.54, 127433, 182, 1, 0
299, 0, 158, 236, 205, 20, 44.72%, 1, 0, 4, 406.08, 129476, 182, 1, 0
304, 0, 158, 239, 208, 20, 44.72%, 1, 0, 4, 387.91, 131445, 182, 1, 0
310, 0, 158, 240, 209, 20, 44.72%, 1, 0, 4, 372.95, 133356, 182, 1, 0
315, 0, 158, 241, 210, 20, 44.72%, 1, 0, 4, 361.81, 135176, 182, 1, 0
320, 0, 158, 242, 211, 20, 44.72%, 1, 0, 4, 370.43, 137150, 182, 1, 0
325, 0, 158, 244, 213, 20, 44.72%, 1, 0, 4, 414.83, 139252, 182, 1, 0
330, 0, 158, 245, 214, 20, 44.72%, 1, 0, 4, 405.41, 141267, 182, 2, 0
335, 0, 158, 245, 214, 20, 44.72%, 1, 0, 4, 425.26, 143467, 182, 2, 0
340, 0, 158, 247, 216, 20, 44.72%, 1, 0, 4, 411.42, 145497, 182, 2, 0
345, 0, 158, 247, 216, 20, 44.72%, 1, 0, 4, 411.50, 147577, 182, 3, 0
350, 0, 158, 247, 216, 20, 44.72%, 1, 0, 4, 438.48, 149937, 182, 3, 0
355, 0, 158, 249, 218, 20, 44.72%, 1, 0, 4, 425.53, 152095, 182, 3, 0
361, 0, 158, 251, 220, 20, 44.96%, 1, 0, 4, 417.11, 154245, 183, 3, 0
366, 0, 158, 251, 220, 20, 44.96%, 1, 0, 4, 404.96, 156253, 183, 4, 0
371, 0, 158, 252, 221, 20, 44.96%, 1, 0, 4, 395.38, 158234, 183, 4, 0
376, 0, 158, 252, 221, 20, 44.96%, 1, 0, 4, 406.61, 160316, 183, 4, 0
381, 0, 158, 252, 221, 20, 44.96%, 1, 0, 4, 430.87, 162444, 183, 4, 0
386, 0, 158, 252, 221, 20, 44.96%, 1, 0, 4, 473.24, 164913, 183, 4, 0
391, 0, 158, 253, 222, 20, 44.96%, 1, 0, 4, 457.17, 167341, 183, 4, 0
396, 0, 158, 254, 223, 20, 44.96%, 1, 0, 4, 418.83, 169466, 183, 4, 0
401, 0, 158, 255, 224, 20, 44.96%, 1, 0, 4, 431.87, 171765, 183, 4, 0
406, 0, 158, 255, 224, 20, 44.96%, 1, 0, 4, 426.65, 173937, 183, 4, 0
412, 0, 158, 255, 224, 20, 44.96%, 1, 0, 4, 453.32, 176238, 183, 4, 0
417, 0, 260, 261, 228, 20, 45.21%, 1, 0, 4, 483.01, 178662, 184, 4, 0
422, 0, 174, 261, 226, 18, 45.21%, 1, 0, 4, 431.23, 180725, 184, 4, 0
427, 0, 169, 261, 225, 17, 45.21%, 1, 0, 4, 415.80, 182844, 184, 4, 0
432, 0, 86, 273, 235, 16, 45.70%, 1, 0, 4, 465.16, 185195, 186, 4, 0
437, 0, 99, 273, 232, 13, 45.70%, 1, 0, 4, 480.97, 187562, 186, 4, 0
442, 0, 99, 273, 232, 13, 45.70%, 1, 0, 4, 410.05, 189579, 186, 4, 0
447, 0, 146, 273, 231, 12, 45.70%, 1, 0, 4, 408.10, 191624, 186, 4, 0
452, 0, 196, 273, 229, 10, 45.70%, 1, 0, 4, 425.25, 193828, 186, 4, 0
457, 0, 196, 284, 240, 10, 45.95%, 1, 0, 4, 436.89, 196085, 187, 4, 0
462, 0, 196, 287, 243, 10, 45.95%, 1, 0, 4, 442.81, 198362, 187, 4, 0
467, 0, 196, 291, 247, 10, 45.95%, 1, 0, 4, 459.46, 200710, 187, 4, 0
472, 0, 196, 294, 250, 10, 45.95%, 1, 0, 4, 417.07, 202835, 187, 4, 0
478, 0, 196, 296, 252, 10, 45.95%, 1, 0, 4, 419.71, 204993, 187, 4, 0
483, 0, 196, 298, 254, 10, 45.95%, 1, 0, 4, 411.78, 207039, 187, 4, 0
488, 0, 196, 299, 255, 10, 45.95%, 1, 0, 4, 425.83, 209238, 187, 4, 0
493, 0, 196, 299, 255, 10, 45.95%, 1, 0, 4, 419.03, 211366, 187, 4, 0
498, 0, 196, 299, 255, 10, 45.95%, 1, 0, 4, 426.59, 213614, 187, 4, 0
503, 0, 196, 299, 255, 10, 45.95%, 1, 0, 4, 441.09, 215846, 187, 4, 0
508, 0, 196, 299, 255, 10, 45.95%, 1, 0, 4, 474.12, 218208, 187, 4, 0
513, 0, 196, 300, 256, 10, 45.95%, 1, 0, 4, 455.91, 220555, 187, 4, 0
519, 0, 196, 300, 256, 10, 45.95%, 1, 0, 4, 435.32, 222813, 187, 4, 0
524, 0, 30, 300, 254, 9, 45.95%, 1, 0, 4, 415.01, 224907, 187, 4, 0
529, 0, 184, 302, 252, 5, 46.19%, 1, 0, 4, 425.66, 227101, 188, 4, 0
534, 0, 0, 303, 251, 3, 47.67%, 1, 0, 4, 449.06, 229361, 194, 4, 0
539, 0, 302, 318, 265, 3, 55.04%, 1, 0, 4, 408.60, 231405, 224, 4, 0
544, 0, 313, 318, 263, 6, 55.04%, 1, 0, 4, 422.36, 233584, 224, 4, 0
549, 0, 309, 320, 264, 5, 55.04%, 1, 0, 4, 424.24, 235759, 224, 4, 0
554, 0, 319, 325, 267, 3, 55.04%, 1, 0, 5, 446.65, 237993, 224, 4, 0
559, 0, 319, 329, 271, 3, 55.28%, 1, 0, 5, 456.44, 240334, 225, 4, 0
564, 0, 319, 330, 272, 3, 55.28%, 1, 0, 5, 454.55, 242627, 225, 4, 0
569, 0, 319, 330, 272, 3, 55.28%, 1, 0, 5, 443.10, 244799, 225, 4, 0
574, 0, 319, 331, 273, 3, 55.53%, 1, 0, 5, 444.39, 247046, 226, 4, 0
580, 0, 319, 331, 273, 3, 55.53%, 1, 0, 5, 415.22, 249094, 226, 4, 0
585, 0, 328, 331, 272, 5, 55.53%, 1, 0, 5, 462.27, 251492, 226, 4, 0
590, 0, 328, 331, 272, 5, 55.53%, 1, 0, 5, 420.91, 253529, 226, 4, 0
595, 0, 330, 331, 270, 4, 55.53%, 1, 0, 5, 408.46, 255569, 226, 4, 0
600, 0, 199, 331, 268, 2, 55.53%, 1, 0, 5, 412.32, 257615, 226, 4, 0
605, 0, 308, 331, 264, 1, 55.53%, 1, 0, 5, 482.44, 260318, 226, 4, 0
610, 0, 82, 331, 262, 0, 55.53%, 1, 0, 5, 423.06, 262412, 226, 4, 0
615, 0, 200, 332, 262, 0, 55.53%, 1, 0, 5, 423.54, 264575, 226, 4, 0
620, 0, 136, 332, 259, 0, 55.53%, 1, 0, 5, 438.12, 266787, 226, 4, 0
625, 0, 265, 332, 256, 0, 55.53%, 1, 0, 5, 425.13, 268982, 226, 4, 0
631, 0, 69, 333, 257, 0, 55.53%, 1, 0, 5, 389.96, 270886, 226, 4, 0
636, 0, 3, 334, 256, 0, 55.53%, 1, 0, 5, 438.11, 273083, 226, 4, 0
641, 0, 277, 334, 254, 0, 55.53%, 1, 0, 5, 417.38, 275193, 226, 4, 0
646, 0, 180, 335, 254, 0, 55.53%, 1, 0, 6, 413.82, 277302, 226, 4, 0
651, 0, 178, 335, 252, 0, 55.53%, 2, 0, 6, 423.73, 279493, 226, 5, 0
656, 0, 84, 335, 249, 0, 55.53%, 2, 0, 6, 417.07, 281600, 226, 5, 0
661, 0, 68, 335, 247, 0, 55.53%, 2, 0, 6, 400.99, 283666, 226, 5, 0
666, 0, 97, 335, 245, 0, 55.53%, 2, 0, 6, 412.10, 285746, 226, 5, 0
671, 0, 335, 336, 245, 1, 55.77%, 2, 0, 6, 410.38, 287885, 227, 5, 0
676, 0, 304, 336, 244, 0, 55.77%, 2, 0, 6, 410.67, 289942, 227, 5, 0
681, 0, 215, 336, 240, 0, 55.77%, 2, 0, 6, 471.49, 292374, 227, 5, 0
686, 0, 56, 336, 237, 0, 55.77%, 2, 0, 6, 439.37, 294626, 227, 5, 0
691, 0, 328, 337, 235, 0, 55.77%, 2, 0, 6, 414.30, 296703, 227, 5, 0
697, 0, 265, 338, 234, 0, 55.77%, 2, 0, 6, 393.48, 298690, 227, 5, 0
702, 0, 162, 338, 233, 0, 55.77%, 2, 0, 6, 403.80, 300808, 227, 5, 0
707, 0, 186, 338, 231, 0, 55.77%, 2, 0, 6, 406.12, 302862, 227, 5, 0
712, 0, 248, 340, 232, 0, 55.77%, 2, 0, 6, 415.83, 305085, 227, 5, 0
717, 0, 32, 340, 229, 0, 55.77%, 2, 0, 6, 412.00, 307177, 227, 5, 0
722, 0, 281, 340, 227, 0, 55.77%, 2, 0, 6, 418.61, 309257, 227, 5, 0
727, 0, 317, 341, 227, 0, 55.77%, 2, 0, 6, 425.82, 311442, 227, 5, 0
732, 0, 16, 341, 225, 0, 55.77%, 2, 0, 6, 385.14, 313345, 227, 5, 0
737, 0, 69, 341, 223, 0, 55.77%, 2, 0, 6, 394.22, 315405, 227, 5, 0
742, 0, 328, 341, 222, 0, 55.77%, 2, 0, 6, 401.25, 317508, 227, 5, 0
748, 0, 190, 341, 220, 0, 55.77%, 2, 0, 6, 402.66, 319592, 227, 5, 0
753, 0, 273, 341, 218, 0, 55.77%, 2, 0, 6, 401.76, 321689, 227, 5, 0
758, 0, 58, 341, 216, 0, 55.77%, 2, 0, 6, 392.85, 323643, 227, 5, 0
763, 0, 35, 341, 215, 0, 55.77%, 2, 0, 6, 403.33, 325722, 227, 5, 0
768, 0, 229, 341, 213, 0, 55.77%, 2, 0, 6, 385.76, 327675, 227, 5, 0
773, 0, 158, 341, 211, 0, 55.77%, 2, 0, 6, 392.68, 329601, 227, 5, 0
778, 0, 149, 341, 209, 0, 55.77%, 2, 0, 6, 423.59, 331720, 227, 5, 0
783, 0, 271, 341, 207, 0, 55.77%, 2, 0, 6, 373.80, 333572, 227, 5, 0
788, 0, 170, 341, 206, 0, 55.77%, 2, 0, 6, 439.69, 335840, 227, 5, 0
793, 0, 330, 342, 203, 0, 55.77%, 2, 0, 6, 463.69, 338148, 227, 5, 0
799, 0, 326, 342, 202, 0, 55.77%, 2, 0, 6, 450.03, 340503, 227, 5, 0
804, 0, 341, 343, 202, 0, 55.77%, 2, 0, 6, 427.93, 342741, 227, 5, 0
809, 0, 341, 366, 225, 0, 55.77%, 2, 0, 7, 457.41, 345065, 227, 5, 0
814, 0, 341, 368, 227, 0, 55.77%, 2, 0, 7, 400.63, 347069, 227, 5, 0
819, 0, 341, 369, 228, 0, 55.77%, 2, 0, 7, 399.42, 349102, 227, 5, 0
824, 0, 341, 370, 229, 0, 55.77%, 2, 0, 7, 413.07, 351259, 227, 5, 0
829, 0, 352, 371, 229, 1, 55.77%, 2, 0, 7, 407.70, 353354, 227, 5, 0
834, 0, 352, 381, 239, 1, 55.77%, 2, 0, 8, 436.37, 355520, 227, 5, 0
839, 0, 352, 383, 241, 1, 55.77%, 2, 0, 8, 450.37, 357886, 227, 5, 0
844, 0, 352, 383, 241, 1, 55.77%, 2, 0, 8, 433.52, 360046, 227, 5, 0
849, 0, 352, 383, 241, 1, 55.77%, 2, 0, 8, 445.05, 362319, 227, 5, 0
855, 0, 352, 383, 241, 1, 55.77%, 2, 0, 8, 456.02, 364587, 227, 5, 0
860, 0, 208, 384, 241, 0, 55.77%, 2, 0, 8, 432.03, 366749, 227, 5, 0
865, 0, 148, 384, 239, 0, 55.77%, 2, 0, 8, 462.18, 369112, 227, 5, 0
870, 0, 265, 384, 237, 0, 55.77%, 2, 0, 8, 449.83, 371295, 227, 5, 0
875, 0, 350, 384, 235, 0, 55.77%, 2, 0, 8, 449.37, 373512, 227, 5, 0
880, 0, 329, 384, 233, 0, 55.77%, 2, 0, 8, 434.94, 375696, 227, 5, 0
885, 0, 329, 389, 238, 0, 55.77%, 2, 0, 8, 410.28, 377803, 227, 5, 0
890, 0, 385, 389, 237, 1, 55.77%, 2, 0, 8, 430.40, 380019, 227, 5, 0
895, 0, 379, 389, 236, 0, 55.77%, 2, 0, 8, 429.81, 382146, 227, 5, 0
900, 0, 106, 389, 235, 0, 55.77%, 2, 0, 8, 415.70, 384252, 227, 5, 0
900, 0, 106, 389, 235, 0, 55.77%, 2, 0, 8, 422.81, 384270, 227, 5, 0
