# relative_time, cycles_done, cur_item, corpus_count, pending_total, pending_favs, map_size, saved_crashes, saved_hangs, max_depth, execs_per_sec, total_execs, edges_found, total_crashes, servers_count
61, 0, 0, 23, 18, 4, 20.39%, 0, 0, 2, 437.86, 27695, 83, 0, 0
66, 0, 0, 23, 18, 4, 20.39%, 0, 0, 2, 442.95, 29983, 83, 0, 0
71, 0, 0, 23, 18, 4, 20.39%, 0, 0, 2, 434.20, 32119, 83, 0, 0
76, 0, 0, 23, 18, 4, 20.39%, 0, 0, 2, 428.79, 34279, 83, 0, 0
81, 0, 0, 23, 18, 4, 20.39%, 0, 0, 2, 416.50, 36407, 83, 0, 0
86, 0, 0, 23, 18, 4, 20.39%, 0, 0, 2, 415.99, 38487, 83, 0, 0
91, 0, 7, 107, 101, 26, 34.89%, 0, 0, 2, 411.43, 40661, 142, 0, 0
96, 0, 8, 117, 110, 29, 36.12%, 0, 0, 2, 413.89, 42831, 147, 0, 0
101, 0, 8, 117, 110, 29, 36.12%, 0, 0, 2, 394.00, 44814, 147, 0, 0
106, 0, 8, 117, 110, 29, 36.12%, 0, 0, 2, 382.29, 46725, 147, 0, 0
111, 0, 15, 118, 105, 24, 36.12%, 0, 0, 2, 415.91, 48762, 147, 0, 0
116, 0, 17, 118, 103, 22, 36.12%, 0, 0, 2, 443.36, 51163, 147, 0, 0
122, 0, 25, 130, 112, 24, 43.49%, 0, 0, 3, 391.76, 53136, 177, 0, 0
127, 0, 63, 131, 108, 19, 43.49%, 0, 0, 3, 412.35, 55209, 177, 0, 0
132, 0, 64, 135, 111, 18, 43.49%, 0, 0, 3, 453.61, 57433, 177, 0, 0
137, 0, 69, 135, 110, 17, 43.49%, 0, 0, 3, 416.57, 59539, 177, 0, 0
142, 0, 69, 140, 115, 17, 43.49%, 0, 0, 3, 413.21, 61596, 177, 0, 0
147, 0, 69, 140, 115, 17, 43.49%, 0, 0, 3, 427.40, 63788, 177, 0, 0
152, 0, 69, 140, 115, 17, 43.49%, 0, 0, 3, 422.56, 65940, 177, 0, 0
157, 0, 72, 145, 119, 16, 43.49%, 0, 0, 3, 417.62, 68103, 177, 0, 0
162, 0, 72, 145, 119, 16, 43.49%, 0, 0, 3, 413.02, 70183, 177, 0, 0
167, 0, 72, 145, 119, 16, 43.49%, 0, 0, 3, 397.56, 72257, 177, 0, 0
172, 0, 72, 146, 120, 16, 43.49%, 0, 0, 3, 382.57, 74210, 177, 0, 0
178, 0, 91, 147, 120, 15, 43.49%, 0, 0, 3, 400.42, 76174, 177, 0, 0
183, 0, 97, 152, 124, 14, 43.49%, 0, 0, 3, 394.22, 78166, 177, 0, 0
188, 0, 97, 152, 124, 14, 43.49%, 0, 0, 3, 417.38, 80301, 177, 0, 0
193, 0, 97, 153, 125, 14, 43.49%, 0, 0, 3, 422.31, 82444, 177, 0, 0
198, 0, 97, 153, 125, 14, 43.49%, 0, 0, 3, 451.34, 84828, 177, 0, 0
203, 0, 97, 153, 125, 14, 43.49%, 0, 0, 3, 435.32, 87076, 177, 0, 0
208, 0, 97, 153, 125, 14, 43.49%, 0, 0, 3, 450.61, 89340, 177, 0, 0
213, 0, 97, 155, 127, 14, 43.49%, 0, 0, 3, 427.39, 91458, 177, 0, 0
218, 0, 97, 155, 127, 14, 43.49%, 0, 0, 3, 417.37, 93602, 177, 0, 0
223, 0, 97, 156, 128, 14, 43.49%, 0, 0, 3, 437.53, 95849, 177, 0, 0
228, 0, 97, 156, 128, 14, 43.49%, 0, 0, 3, 449.53, 98097, 177, 0, 0
234, 0, 97, 157, 129, 14, 43.49%, 0, 0, 3, 425.05, 100216, 177, 0, 0
239, 0, 97, 157, 129, 14, 43.49%, 0, 0, 3, 438.58, 102408, 177, 0, 0
244, 0, 97, 157, 129, 14, 43.49%, 0, 0, 3, 406.91, 104504, 177, 0, 0
249, 0, 97, 157, 129, 14, 43.49%, 0, 0, 3, 418.75, 106648, 177, 0, 0
254, 0, 97, 158, 130, 14, 44.47%, 0, 0, 3, 450.98, 108911, 181, 0, 0
259, 0, 97, 159, 131, 14, 44.47%, 0, 0, 3, 444.31, 111142, 181, 0, 0
264, 0, 97, 159, 131, 14, 44.47%, 0, 0, 3, 420.96, 113294, 181, 0, 0
269, 0, 98, 159, 130, 15, 44.47%, 0, 0, 3, 451.01, 115624, 181, 0, 0
274, 0, 106, 165, 133, 13, 44.96%, 0, 0, 3, 428.87, 117763, 183, 0, 0
279, 0, 119, 182, 146, 10, 45.21%, 0, 0, 4, 416.20, 119872, 184, 0, 0
284, 0, 128, 191, 151, 11, 45.70%, 0, 0, 4, 418.82, 121998, 186, 0, 0
289, 0, 159, 198, 154, 9, 46.44%, 0, 0, 4, 408.30, 124100, 189, 0, 0
295, 0, 173, 199, 153, 9, 46.68%, 0, 0, 4, 410.00, 126230, 190, 0, 0
300, 0, 174, 200, 153, 8, 46.68%, 0, 0, 5, 420.92, 128361, 190, 0, 0
305, 0, 174, 201, 154, 8, 46.68%, 0, 0, 5, 458.10, 130725, 190, 0, 0
310, 0, 174, 202, 155, 8, 46.68%, 0, 0, 5, 440.69, 133007, 190, 0, 0
315, 0, 188, 202, 154, 7, 46.68%, 0, 0, 5, 424.42, 135059, 190, 0, 0
320, 0, 190, 206, 156, 6, 46.93%, 0, 0, 5, 465.25, 137376, 191, 0, 0
325, 0, 192, 213, 161, 4, 46.93%, 0, 0, 5, 428.03, 139575, 191, 0, 0
330, 0, 192, 215, 163, 4, 46.93%, 0, 0, 5, 443.70, 141821, 191, 0, 0
335, 0, 192, 220, 168, 4, 46.93%, 0, 0, 5, 453.82, 144255, 191, 0, 0
340, 0, 192, 221, 169, 4, 46.93%, 0, 0, 5, 401.04, 146191, 191, 0, 0
346, 0, 198, 221, 167, 4, 46.93%, 0, 0, 5, 422.69, 148373, 191, 0, 0
351, 0, 219, 225, 167, 1, 46.93%, 0, 0, 5, 432.07, 150562, 191, 0, 0
356, 0, 219, 228, 170, 1, 46.93%, 0, 0, 5, 444.95, 152839, 191, 0, 0
361, 0, 219, 228, 170, 1, 46.93%, 0, 0, 5, 440.43, 155079, 191, 0, 0
366, 0, 219, 228, 170, 1, 46.93%, 0, 0, 5, 431.43, 157255, 191, 0, 0
371, 0, 224, 229, 170, 1, 46.93%, 0, 0, 6, 451.71, 159502, 191, 0, 0
376, 1, 41, 229, 166, 0, 46.93%, 0, 0, 6, 441.73, 161694, 191, 0, 0
381, 1, 98, 230, 156, 0, 46.93%, 0, 0, 6, 414.57, 163776, 191, 0, 0
387, 1, 107, 236, 160, 0, 47.67%, 0, 0, 6, 391.15, 165756, 194, 0, 0
392, 1, 107, 239, 163, 0, 47.67%, 0, 0, 6, 416.06, 167896, 194, 0, 0
397, 1, 107, 240, 164, 0, 47.67%, 0, 0, 6, 420.76, 170007, 194, 0, 0
402, 1, 107, 241, 165, 0, 47.67%, 0, 0, 6, 405.71, 172046, 194, 0, 0
407, 1, 232, 242, 164, 1, 47.67%, 0, 0, 6, 416.06, 174134, 194, 0, 0
412, 1, 238, 248, 169, 0, 47.67%, 0, 0, 6, 421.83, 176239, 194, 0, 0
417, 1, 238, 249, 170, 0, 47.67%, 0, 0, 6, 435.95, 178478, 194, 0, 0
422, 1, 238, 250, 171, 0, 47.67%, 0, 0, 6, 414.47, 180573, 194, 0, 0
427, 1, 238, 252, 173, 0, 47.67%, 0, 0, 6, 411.45, 182699, 194, 0, 0
432, 1, 244, 252, 171, 0, 47.67%, 0, 0, 6, 393.45, 184692, 194, 0, 0
437, 2, 246, 344, 261, 16, 57.74%, 0, 0, 6, 450.04, 187002, 235, 0, 0
442, 2, 268, 344, 254, 10, 57.74%, 0, 0, 6, 442.67, 189278, 235, 0, 0
447, 2, 301, 345, 251, 6, 57.74%, 0, 0, 6, 437.16, 191418, 235, 0, 0
452, 2, 337, 345, 246, 1, 57.74%, 0, 0, 6, 438.20, 193615, 235, 0, 0
457, 3, 64, 346, 237, 0, 57.74%, 0, 0, 6, 448.91, 195943, 235, 0, 0
462, 3, 136, 347, 232, 0, 57.74%, 0, 0, 6, 420.40, 198042, 235, 0, 0
467, 3, 173, 350, 226, 0, 57.74%, 0, 0, 6, 416.55, 200162, 235, 0, 0
472, 3, 177, 352, 228, 0, 57.99%, 0, 0, 6, 403.01, 202208, 236, 0, 0
478, 3, 350, 352, 225, 1, 57.99%, 0, 0, 6, 397.83, 204188, 236, 0, 0
483, 5, 10, 357, 227, 0, 58.23%, 0, 0, 6, 431.46, 206457, 237, 0, 0
488, 5, 74, 357, 221, 0, 58.23%, 0, 0, 6, 427.35, 208702, 237, 0, 0
493, 5, 357, 358, 213, 1, 58.23%, 0, 0, 6, 453.57, 211086, 237, 0, 0
498, 5, 357, 362, 217, 1, 58.23%, 0, 0, 6, 425.53, 213230, 237, 0, 0
503, 5, 357, 362, 217, 1, 58.23%, 0, 0, 6, 428.69, 215430, 237, 0, 0
508, 5, 357, 363, 218, 1, 58.23%, 0, 0, 6, 446.05, 217653, 237, 0, 0
513, 5, 357, 363, 218, 1, 58.23%, 0, 0, 6, 442.90, 219861, 237, 0, 0
518, 5, 357, 363, 218, 1, 58.23%, 0, 0, 6, 416.08, 221869, 237, 0, 0
523, 5, 361, 363, 217, 0, 58.23%, 0, 0, 6, 439.27, 224093, 237, 0, 0
528, 5, 362, 365, 218, 0, 58.23%, 0, 0, 6, 440.74, 226339, 237, 0, 0
533, 7, 7, 368, 216, 0, 58.23%, 0, 0, 6, 436.60, 228463, 237, 0, 0
539, 7, 93, 368, 206, 0, 58.23%, 0, 0, 6, 431.29, 230672, 237, 0, 0
544, 7, 149, 368, 197, 0, 58.23%, 0, 0, 6, 398.09, 232750, 237, 0, 0
549, 7, 178, 368, 192, 0, 58.23%, 0, 0, 6, 439.92, 235080, 237, 0, 0
554, 7, 206, 368, 188, 0, 58.23%, 0, 0, 6, 447.57, 237320, 237, 0, 0
559, 7, 231, 368, 181, 0, 58.23%, 0, 0, 6, 420.82, 239448, 237, 0, 0
564, 7, 250, 368, 176, 0, 58.23%, 1, 0, 6, 408.38, 241454, 237, 1, 0
569, 7, 294, 368, 171, 0, 58.23%, 1, 0, 6, 400.34, 243429, 237, 1, 0
574, 8, 17, 369, 169, 0, 58.48%, 1, 0, 6, 405.25, 245443, 238, 1, 0
579, 8, 108, 369, 162, 0, 58.48%, 1, 0, 6, 417.30, 247568, 238, 1, 0
584, 8, 174, 369, 157, 0, 58.48%, 1, 0, 6, 414.99, 249639, 238, 1, 0
589, 8, 189, 369, 154, 0, 58.48%, 1, 0, 6, 400.43, 251594, 238, 1, 0
594, 8, 216, 369, 151, 0, 58.48%, 1, 0, 6, 388.42, 253542, 238, 1, 0
599, 9, 7, 371, 149, 0, 58.72%, 1, 0, 6, 422.06, 255699, 239, 1, 0
604, 9, 371, 373, 147, 1, 58.97%, 1, 0, 6, 406.31, 257743, 240, 1, 0
610, 11, 7, 376, 147, 0, 59.71%, 1, 0, 6, 409.89, 259840, 243, 1, 0
615, 11, 375, 377, 146, 1, 60.20%, 1, 0, 6, 420.88, 262004, 245, 1, 0
620, 12, 27, 377, 143, 0, 60.20%, 1, 0, 6, 428.94, 264233, 245, 1, 0
625, 12, 158, 377, 138, 0, 60.20%, 1, 0, 6, 448.69, 266518, 245, 1, 0
630, 12, 176, 377, 137, 0, 60.20%, 1, 0, 6, 438.15, 268626, 245, 1, 0
635, 12, 225, 377, 134, 0, 60.20%, 1, 0, 6, 429.28, 270814, 245, 1, 0
640, 12, 249, 379, 136, 0, 60.20%, 1, 0, 6, 445.62, 273000, 245, 1, 0
645, 12, 249, 382, 139, 0, 60.20%, 1, 0, 6, 427.02, 275157, 245, 1, 0
650, 12, 249, 382, 139, 0, 60.20%, 1, 0, 6, 445.06, 277493, 245, 1, 0
655, 12, 249, 382, 139, 0, 60.20%, 1, 0, 6, 417.01, 279621, 245, 1, 0
660, 12, 249, 382, 139, 0, 60.20%, 1, 0, 6, 424.66, 281733, 245, 1, 0
665, 12, 382, 384, 137, 1, 60.44%, 3, 0, 6, 420.01, 283901, 246, 5, 0
670, 12, 384, 386, 138, 1, 60.93%, 4, 0, 6, 421.32, 286077, 248, 10, 0
676, 12, 384, 386, 138, 1, 60.93%, 6, 0, 6, 429.46, 288251, 248, 19, 0
681, 12, 385, 386, 137, 1, 60.93%, 7, 0, 6, 423.65, 290373, 248, 26, 0
686, 13, 64, 387, 134, 0, 60.93%, 8, 0, 6, 401.45, 292398, 248, 28, 0
691, 13, 173, 387, 130, 0, 60.93%, 8, 0, 6, 416.33, 294537, 248, 28, 0
696, 13, 204, 387, 129, 0, 60.93%, 8, 0, 6, 431.92, 296707, 248, 28, 0
701, 13, 270, 389, 129, 0, 60.93%, 8, 0, 6, 428.69, 298851, 248, 28, 0
706, 13, 290, 392, 125, 0, 60.93%, 8, 0, 6, 410.48, 300890, 248, 28, 0
711, 13, 390, 392, 122, 1, 60.93%, 8, 0, 6, 438.59, 303158, 248, 28, 0
716, 14, 27, 392, 120, 0, 60.93%, 8, 0, 6, 416.59, 305232, 248, 28, 0
721, 14, 129, 392, 117, 0, 60.93%, 8, 0, 6, 424.46, 307312, 248, 28, 0
726, 14, 176, 392, 114, 0, 60.93%, 8, 0, 6, 412.49, 309419, 248, 28, 0
731, 14, 206, 392, 110, 0, 60.93%, 8, 0, 6, 429.81, 311564, 248, 28, 0
737, 14, 247, 394, 109, 0, 60.93%, 8, 0, 6, 431.80, 313788, 248, 28, 0
742, 14, 264, 394, 104, 0, 60.93%, 8, 0, 6, 442.50, 316029, 248, 28, 0
747, 14, 299, 394, 98, 0, 60.93%, 8, 0, 6, 442.01, 318155, 248, 28, 0
752, 14, 330, 395, 93, 0, 60.93%, 8, 0, 6, 422.52, 320342, 248, 28, 0
757, 14, 350, 395, 89, 0, 60.93%, 8, 0, 6, 470.98, 322817, 248, 28, 0
762, 14, 363, 395, 88, 0, 60.93%, 8, 0, 6, 459.63, 325133, 248, 28, 0
767, 14, 376, 395, 87, 0, 60.93%, 8, 0, 6, 442.34, 327386, 248, 28, 0
772, 14, 385, 395, 86, 0, 60.93%, 9, 0, 6, 432.70, 329594, 248, 39, 0
777, 14, 389, 396, 86, 0, 61.18%, 9, 0, 6, 391.10, 331570, 249, 40, 0
782, 14, 395, 396, 85, 1, 61.18%, 9, 0, 6, 412.42, 333721, 249, 40, 0
788, 15, 97, 398, 84, 0, 61.18%, 9, 0, 6, 445.97, 336009, 249, 42, 0
793, 15, 173, 398, 82, 0, 61.18%, 9, 0, 6, 411.96, 338048, 249, 42, 0
798, 15, 199, 398, 82, 0, 61.18%, 9, 0, 6, 439.50, 340306, 249, 42, 0
803, 15, 248, 398, 79, 0, 61.18%, 9, 0, 6, 434.52, 342514, 249, 42, 0
808, 15, 296, 399, 77, 0, 61.18%, 9, 0, 6, 431.71, 344650, 249, 42, 0
813, 15, 335, 399, 73, 0, 61.18%, 9, 0, 6, 418.31, 346786, 249, 42, 0
818, 15, 355, 399, 71, 0, 61.18%, 9, 0, 6, 396.35, 348799, 249, 42, 0
823, 15, 367, 399, 68, 0, 61.18%, 9, 0, 6, 409.91, 351010, 249, 42, 0
828, 15, 384, 399, 67, 0, 61.18%, 9, 0, 6, 436.10, 353320, 249, 42, 0
833, 15, 385, 400, 68, 0, 61.18%, 11, 0, 6, 439.87, 355607, 249, 60, 0
838, 15, 388, 400, 68, 0, 61.18%, 11, 0, 6, 455.57, 357882, 249, 68, 0
843, 15, 395, 400, 66, 0, 61.18%, 11, 0, 6, 403.10, 359839, 249, 68, 0
849, 16, 27, 401, 66, 0, 61.18%, 11, 0, 6, 430.89, 362074, 249, 74, 0
854, 16, 163, 401, 64, 0, 61.18%, 11, 0, 6, 406.13, 364069, 249, 74, 0
859, 16, 197, 401, 64, 0, 61.18%, 11, 0, 6, 413.83, 366131, 249, 74, 0
864, 16, 268, 401, 62, 0, 61.18%, 11, 0, 6, 406.59, 368168, 249, 74, 0
869, 16, 330, 401, 57, 0, 61.18%, 11, 0, 6, 413.64, 370304, 249, 74, 0
874, 16, 361, 401, 54, 0, 61.18%, 11, 0, 6, 439.46, 372562, 249, 74, 0
879, 16, 385, 401, 54, 0, 61.18%, 11, 0, 6, 399.02, 374557, 249, 75, 0
884, 16, 395, 401, 53, 0, 61.18%, 11, 0, 6, 413.34, 376671, 249, 76, 0
889, 17, 403, 404, 54, 0, 61.43%, 11, 0, 6, 395.14, 378601, 250, 76, 0
894, 18, 98, 404, 53, 0, 61.43%, 11, 0, 6, 425.75, 380704, 250, 77, 0
899, 18, 174, 404, 52, 0, 61.43%, 11, 0, 6, 412.51, 382768, 250, 77, 0
904, 18, 239, 404, 52, 0, 61.43%, 11, 0, 6, 413.16, 384872, 250, 77, 0
906, 18, 266, 404, 50, 0, 61.43%, 11, 0, 6, 411.04, 385726, 250, 77, 0
