# relative_time, cycles_done, cur_item, corpus_count, pending_total, pending_favs, map_size, saved_crashes, saved_hangs, max_depth, execs_per_sec, total_execs, edges_found, total_crashes, servers_count
60, 0, 91, 172, 140, 12, 37.35%, 1, 0, 3, 2081.12, 120298, 152, 1, 0
65, 0, 91, 180, 148, 12, 37.35%, 1, 0, 3, 2091.48, 130768, 152, 1, 0
70, 0, 91, 183, 151, 12, 38.08%, 1, 0, 3, 1988.34, 140952, 155, 1, 0
76, 0, 91, 183, 151, 12, 38.08%, 1, 0, 3, 2072.20, 151699, 155, 1, 0
81, 0, 91, 184, 152, 12, 38.08%, 1, 0, 3, 2139.09, 162829, 155, 1, 0
86, 0, 161, 194, 159, 11, 38.57%, 1, 0, 4, 2040.56, 173038, 157, 1, 0
91, 0, 191, 204, 166, 8, 39.56%, 1, 0, 5, 2085.28, 183621, 161, 1, 0
96, 0, 191, 207, 169, 8, 39.80%, 1, 0, 5, 1873.87, 193408, 162, 1, 0
101, 0, 191, 208, 170, 8, 40.05%, 1, 0, 5, 1942.12, 203554, 163, 1, 0
106, 0, 191, 208, 170, 8, 40.05%, 1, 0, 5, 1978.25, 213722, 163, 1, 0
111, 0, 102, 208, 161, 5, 40.05%, 1, 0, 5, 1908.62, 222906, 163, 1, 0
117, 0, 32, 213, 163, 4, 40.05%, 1, 0, 5, 1845.42, 231813, 163, 1, 0
122, 0, 222, 245, 186, 4, 49.14%, 1, 0, 5, 2013.56, 242161, 200, 1, 0
127, 0, 240, 264, 199, 2, 49.39%, 1, 0, 5, 1984.97, 252234, 201, 1, 0
132, 0, 240, 273, 208, 2, 49.39%, 1, 0, 5, 1810.57, 260276, 201, 1, 0
137, 0, 50, 274, 202, 0, 49.39%, 1, 0, 5, 1769.59, 268755, 201, 1, 0
142, 0, 98, 275, 189, 0, 49.39%, 1, 0, 5, 2055.44, 279802, 201, 1, 0
147, 0, 132, 277, 180, 0, 49.39%, 1, 0, 5, 1988.52, 290192, 201, 1, 0
152, 0, 267, 284, 184, 0, 49.63%, 1, 0, 6, 1798.30, 298542, 202, 1, 0
157, 0, 219, 284, 180, 0, 49.63%, 1, 0, 6, 1926.96, 308238, 202, 1, 0
162, 0, 203, 287, 174, 0, 49.88%, 1, 0, 6, 1934.99, 318474, 203, 1, 0
167, 0, 199, 287, 166, 0, 49.88%, 1, 0, 6, 2179.78, 327590, 203, 1, 0
173, 1, 225, 288, 159, 0, 50.12%, 1, 0, 6, 346.67, 337175, 204, 1, 0
178, 1, 53, 290, 145, 0, 50.12%, 1, 0, 6, 1997.92, 347226, 204, 1, 0
183, 1, 256, 292, 135, 0, 50.12%, 1, 0, 6, 2097.13, 358176, 204, 1, 0
188, 1, 245, 293, 123, 0, 50.12%, 1, 0, 6, 1971.11, 367859, 204, 1, 0
193, 1, 236, 299, 128, 0, 50.12%, 1, 0, 6, 1976.20, 378102, 204, 1, 0
198, 1, 186, 301, 125, 0, 50.37%, 1, 0, 6, 1983.55, 388020, 205, 1, 0
204, 1, 211, 301, 116, 0, 50.37%, 1, 0, 6, 1989.34, 397986, 205, 1, 0
209, 1, 283, 306, 108, 0, 50.61%, 1, 0, 6, 1980.27, 408096, 206, 1, 0
214, 1, 263, 306, 90, 0, 50.61%, 1, 0, 6, 1935.35, 417097, 206, 1, 0
219, 1, 276, 306, 81, 0, 50.61%, 1, 0, 6, 1919.69, 426683, 206, 1, 0
224, 1, 206, 306, 66, 0, 50.61%, 1, 0, 6, 2016.53, 436838, 206, 1, 0
229, 1, 304, 306, 54, 0, 50.61%, 1, 0, 6, 2072.23, 447662, 206, 1, 0
234, 1, 298, 306, 43, 0, 50.61%, 1, 0, 6, 1151.72, 456065, 206, 1, 0
239, 2, 375, 443, 175, 14, 60.44%, 1, 0, 6, 1697.05, 465395, 246, 1, 0
244, 2, 427, 443, 167, 7, 60.44%, 1, 0, 6, 1892.31, 475111, 246, 1, 0
249, 2, 324, 443, 156, 1, 60.44%, 1, 0, 6, 2000.40, 485258, 246, 1, 0
255, 2, 242, 443, 146, 0, 60.44%, 1, 0, 6, 1970.92, 495390, 246, 1, 0
260, 2, 314, 443, 138, 0, 60.44%, 1, 0, 6, 1921.96, 504792, 246, 1, 0
265, 2, 376, 443, 126, 0, 60.44%, 1, 0, 6, 1941.64, 514739, 246, 1, 0
270, 2, 429, 443, 116, 0, 60.44%, 1, 0, 6, 106.51, 523524, 246, 1, 0
275, 2, 334, 443, 106, 0, 60.44%, 1, 0, 6, 1904.37, 533228, 246, 1, 0
280, 2, 266, 443, 98, 0, 60.44%, 1, 0, 6, 1986.78, 543225, 246, 1, 0
285, 2, 363, 443, 87, 0, 60.44%, 1, 0, 6, 1911.64, 553077, 246, 1, 0
290, 2, 364, 443, 78, 0, 60.44%, 1, 0, 6, 2020.16, 563698, 246, 1, 0
295, 2, 202, 443, 70, 0, 60.44%, 1, 0, 6, 2053.03, 573946, 246, 1, 0
297, 2, 351, 443, 66, 0, 60.44%, 1, 0, 6, 2087.19, 578380, 246, 1, 0
