# relative_time, cycles_done, cur_item, corpus_count, pending_total, pending_favs, map_size, saved_crashes, saved_hangs, max_depth, execs_per_sec, total_execs, edges_found, total_crashes, servers_count
60, 0, 16, 54, 40, 18, 31.70%, 0, 0, 2, 423.65, 26184, 129, 0, 0
66, 0, 20, 67, 50, 15, 31.94%, 0, 0, 2, 457.32, 28522, 130, 0, 0
71, 0, 20, 74, 57, 15, 32.19%, 0, 0, 2, 457.18, 30786, 131, 0, 0
76, 0, 20, 77, 60, 15, 32.19%, 0, 0, 2, 450.60, 33023, 131, 0, 0
81, 0, 20, 81, 64, 15, 32.19%, 0, 0, 2, 434.91, 35259, 131, 0, 0
86, 0, 20, 84, 67, 15, 32.43%, 0, 0, 2, 408.08, 37344, 132, 0, 0
91, 0, 20, 87, 70, 15, 32.68%, 0, 0, 2, 410.01, 39421, 133, 0, 0
96, 0, 20, 91, 74, 15, 32.68%, 0, 0, 2, 441.46, 41690, 133, 0, 0
101, 0, 20, 95, 78, 15, 32.92%, 0, 0, 2, 104.55, 43913, 134, 0, 0
106, 0, 20, 96, 79, 15, 32.92%, 0, 0, 2, 340.54, 45925, 134, 0, 0
111, 0, 20, 98, 81, 15, 32.92%, 0, 0, 2, 413.00, 48107, 134, 0, 0
116, 0, 20, 98, 81, 15, 32.92%, 0, 0, 2, 428.25, 50299, 134, 0, 0
121, 0, 20, 99, 82, 15, 32.92%, 0, 0, 2, 437.27, 52499, 134, 0, 0
126, 0, 20, 100, 83, 15, 32.92%, 0, 0, 2, 424.63, 54634, 134, 0, 0
132, 0, 20, 101, 84, 15, 32.92%, 0, 0, 2, 425.01, 56745, 134, 0, 0
137, 0, 20, 104, 87, 15, 32.92%, 0, 0, 2, 443.84, 59038, 134, 0, 0
142, 0, 20, 105, 88, 15, 32.92%, 0, 0, 2, 443.29, 61253, 134, 0, 0
147, 0, 20, 106, 89, 15, 32.92%, 0, 0, 2, 420.63, 63340, 134, 0, 0
152, 0, 20, 108, 91, 15, 32.92%, 0, 0, 2, 436.53, 65667, 134, 0, 0
157, 0, 29, 110, 90, 15, 33.66%, 0, 0, 2, 428.52, 67865, 137, 0, 0
162, 0, 47, 111, 87, 11, 33.66%, 0, 0, 2, 417.37, 69953, 137, 0, 0
167, 0, 47, 111, 87, 11, 33.66%, 0, 0, 2, 396.65, 71961, 137, 0, 0
172, 0, 47, 111, 87, 11, 33.66%, 0, 0, 2, 385.82, 73896, 137, 0, 0
178, 0, 69, 116, 90, 9, 33.66%, 0, 0, 3, 408.27, 75949, 137, 0, 0
183, 0, 69, 116, 90, 9, 33.66%, 0, 0, 3, 432.62, 78141, 137, 0, 0
188, 0, 81, 120, 92, 8, 33.66%, 0, 0, 3, 432.26, 80354, 137, 0, 0
193, 0, 81, 122, 94, 8, 33.66%, 0, 0, 3, 401.25, 82376, 137, 0, 0
198, 0, 81, 122, 94, 8, 33.66%, 0, 0, 3, 428.96, 84576, 137, 0, 0
203, 0, 81, 122, 94, 8, 33.66%, 0, 0, 3, 445.37, 86824, 137, 0, 0
208, 0, 103, 131, 102, 7, 33.66%, 0, 0, 3, 401.89, 88820, 137, 0, 0
213, 0, 109, 142, 111, 6, 34.64%, 0, 0, 3, 416.46, 90933, 141, 0, 0
218, 0, 109, 146, 115, 6, 34.64%, 0, 0, 3, 410.74, 93002, 141, 0, 0
223, 0, 109, 147, 116, 6, 34.64%, 0, 0, 3, 397.95, 94887, 141, 0, 0
228, 0, 109, 148, 117, 6, 34.64%, 0, 0, 3, 399.69, 96896, 141, 0, 0
234, 0, 109, 149, 118, 6, 34.64%, 0, 0, 3, 456.48, 99271, 141, 0, 0
239, 0, 109, 149, 118, 6, 34.64%, 0, 0, 3, 444.56, 101548, 141, 0, 0
244, 0, 114, 150, 117, 7, 34.64%, 0, 0, 4, 495.47, 104026, 141, 0, 0
249, 0, 114, 152, 119, 7, 34.64%, 0, 0, 4, 447.77, 106213, 141, 0, 0
254, 0, 114, 155, 122, 7, 34.64%, 0, 0, 4, 456.36, 108462, 141, 0, 0
259, 0, 114, 156, 123, 7, 34.64%, 0, 0, 4, 434.81, 110689, 141, 0, 0
264, 0, 114, 157, 124, 7, 34.64%, 0, 0, 4, 461.12, 113057, 141, 0, 0
269, 0, 114, 158, 125, 7, 34.64%, 0, 0, 4, 433.53, 115239, 141, 0, 0
274, 0, 114, 158, 125, 7, 34.64%, 0, 0, 4, 416.44, 117335, 141, 0, 0
279, 0, 114, 160, 127, 7, 34.64%, 0, 0, 4, 406.17, 119357, 141, 0, 0
285, 0, 114, 160, 127, 7, 34.64%, 0, 0, 4, 438.23, 121597, 141, 0, 0
290, 0, 114, 160, 127, 7, 34.64%, 0, 0, 4, 437.84, 123837, 141, 0, 0
295, 0, 114, 161, 128, 7, 34.89%, 0, 0, 4, 445.36, 126117, 142, 0, 0
300, 0, 114, 161, 128, 7, 34.89%, 0, 0, 4, 450.30, 128367, 142, 0, 0
305, 0, 114, 161, 128, 7, 34.89%, 0, 0, 4, 446.31, 130572, 142, 0, 0
310, 0, 114, 163, 130, 7, 34.89%, 0, 0, 4, 448.77, 132818, 142, 0, 0
315, 0, 114, 163, 130, 7, 34.89%, 0, 0, 4, 436.50, 135050, 142, 0, 0
320, 0, 114, 163, 130, 7, 34.89%, 0, 0, 4, 416.79, 137202, 142, 0, 0
325, 0, 114, 163, 130, 7, 34.89%, 0, 0, 4, 407.05, 139282, 142, 0, 0
330, 0, 114, 163, 130, 7, 34.89%, 0, 0, 4, 431.02, 141450, 142, 0, 0
335, 0, 122, 174, 140, 9, 34.89%, 0, 0, 4, 433.25, 143651, 142, 0, 0
340, 0, 122, 174, 140, 9, 34.89%, 0, 0, 4, 421.87, 145779, 142, 0, 0
346, 0, 122, 175, 141, 9, 34.89%, 0, 0, 4, 446.68, 148034, 142, 0, 0
351, 0, 122, 175, 141, 9, 34.89%, 0, 0, 4, 448.96, 150242, 142, 0, 0
356, 0, 122, 175, 141, 9, 34.89%, 0, 0, 4, 441.49, 152570, 142, 0, 0
361, 0, 122, 176, 142, 9, 34.89%, 0, 0, 4, 466.98, 155043, 142, 0, 0
366, 0, 122, 176, 142, 9, 34.89%, 0, 0, 4, 451.96, 157365, 142, 0, 0
371, 0, 122, 176, 142, 9, 34.89%, 0, 0, 4, 436.51, 159529, 142, 0, 0
376, 0, 122, 177, 143, 9, 34.89%, 0, 0, 4, 447.62, 161818, 142, 0, 0
381, 0, 122, 177, 143, 9, 34.89%, 0, 0, 4, 410.20, 163864, 142, 0, 0
386, 0, 122, 178, 144, 9, 34.89%, 0, 0, 4, 454.08, 166127, 142, 0, 0
391, 0, 122, 178, 144, 9, 34.89%, 0, 0, 4, 445.21, 168319, 142, 0, 0
397, 0, 122, 179, 145, 9, 34.89%, 0, 0, 4, 474.04, 170724, 142, 0, 0
402, 0, 122, 179, 145, 9, 34.89%, 0, 0, 4, 409.61, 172830, 142, 0, 0
407, 0, 122, 179, 145, 9, 34.89%, 0, 0, 4, 422.77, 174966, 142, 0, 0
412, 0, 122, 179, 145, 9, 34.89%, 0, 0, 4, 414.05, 177070, 142, 0, 0
417, 0, 122, 179, 145, 9, 34.89%, 0, 0, 4, 405.37, 179102, 142, 0, 0
422, 0, 137, 179, 144, 9, 34.89%, 0, 0, 4, 408.77, 181223, 142, 0, 0
427, 0, 152, 180, 140, 4, 34.89%, 0, 0, 5, 423.67, 183431, 142, 0, 0
432, 0, 178, 182, 137, 3, 35.63%, 0, 0, 5, 427.30, 185555, 145, 0, 0
437, 1, 23, 182, 131, 0, 35.63%, 0, 0, 5, 408.06, 187567, 145, 0, 0
442, 1, 106, 183, 119, 0, 35.63%, 0, 0, 5, 384.67, 189538, 145, 0, 0
447, 1, 149, 184, 109, 0, 35.63%, 0, 0, 5, 447.72, 191790, 145, 0, 0
453, 1, 169, 184, 105, 0, 35.63%, 0, 0, 5, 455.00, 194100, 145, 0, 0
458, 1, 184, 236, 156, 0, 39.56%, 0, 0, 5, 429.14, 196302, 161, 0, 0
463, 2, 186, 290, 206, 20, 45.95%, 0, 0, 5, 386.33, 198232, 187, 0, 0
468, 2, 192, 291, 205, 18, 45.95%, 0, 0, 5, 383.54, 200193, 187, 0, 0
473, 2, 230, 292, 201, 14, 45.95%, 0, 0, 5, 393.51, 202265, 187, 0, 0
478, 2, 242, 293, 197, 10, 45.95%, 0, 0, 5, 426.70, 204418, 187, 0, 0
483, 2, 255, 295, 195, 7, 46.19%, 0, 0, 5, 424.05, 206556, 188, 0, 0
488, 2, 257, 300, 199, 6, 46.68%, 0, 0, 5, 445.47, 208903, 190, 0, 0
493, 2, 257, 300, 199, 6, 46.68%, 0, 0, 5, 428.49, 210952, 190, 0, 0
498, 2, 257, 300, 199, 6, 46.68%, 0, 0, 5, 431.50, 213168, 190, 0, 0
503, 2, 257, 301, 200, 6, 46.68%, 0, 0, 5, 417.41, 215289, 190, 0, 0
508, 2, 278, 302, 199, 6, 46.68%, 0, 0, 5, 432.32, 217480, 190, 0, 0
513, 3, 16, 305, 196, 0, 46.68%, 0, 0, 5, 469.18, 219863, 190, 0, 0
519, 4, 67, 306, 190, 0, 46.93%, 0, 0, 5, 412.69, 221941, 191, 0, 0
524, 4, 110, 306, 178, 0, 46.93%, 0, 0, 5, 419.55, 224128, 191, 0, 0
529, 4, 153, 306, 175, 0, 46.93%, 0, 0, 5, 425.85, 226255, 191, 0, 0
534, 4, 161, 310, 178, 0, 47.17%, 0, 0, 5, 404.93, 228319, 192, 0, 0
539, 4, 309, 310, 176, 0, 47.17%, 0, 0, 5, 438.57, 230583, 192, 0, 0
544, 5, 54, 310, 169, 0, 47.17%, 0, 0, 5, 421.06, 232711, 192, 0, 0
549, 5, 115, 310, 159, 0, 47.17%, 0, 0, 5, 404.93, 234739, 192, 0, 0
554, 5, 166, 310, 156, 0, 47.17%, 0, 0, 5, 369.73, 236616, 192, 0, 0
559, 5, 192, 310, 152, 0, 47.17%, 0, 0, 5, 383.04, 238539, 192, 0, 0
564, 5, 238, 310, 147, 0, 47.17%, 0, 0, 5, 397.42, 240466, 192, 0, 0
569, 5, 310, 322, 158, 1, 47.91%, 0, 0, 5, 417.21, 242607, 195, 0, 0
575, 5, 320, 322, 155, 0, 47.91%, 0, 0, 5, 396.12, 244622, 195, 0, 0
580, 6, 68, 323, 150, 0, 47.91%, 0, 0, 5, 412.70, 246753, 195, 0, 0
585, 6, 148, 323, 142, 0, 47.91%, 0, 0, 5, 416.10, 248877, 195, 0, 0
590, 6, 175, 323, 137, 0, 47.91%, 0, 0, 5, 444.74, 251147, 195, 0, 0
595, 6, 196, 323, 133, 0, 47.91%, 1, 0, 5, 458.43, 253392, 195, 1, 0
600, 6, 238, 323, 124, 0, 47.91%, 1, 0, 5, 459.81, 255744, 195, 1, 0
605, 6, 271, 326, 122, 0, 47.91%, 2, 0, 5, 452.41, 258085, 195, 2, 0
610, 6, 312, 326, 117, 0, 47.91%, 2, 0, 5, 409.10, 260094, 195, 2, 0
615, 7, 326, 328, 117, 1, 47.91%, 2, 0, 5, 434.53, 262339, 195, 2, 0
620, 7, 328, 329, 117, 0, 47.91%, 2, 0, 5, 432.88, 264514, 195, 2, 0
625, 8, 106, 329, 110, 0, 47.91%, 3, 0, 5, 394.33, 266501, 195, 4, 0
630, 8, 153, 329, 109, 0, 47.91%, 3, 0, 5, 398.47, 268646, 195, 4, 0
635, 8, 192, 329, 106, 0, 47.91%, 3, 0, 5, 444.88, 270967, 195, 4, 0
640, 8, 251, 329, 100, 0, 47.91%, 3, 0, 5, 436.68, 273057, 195, 5, 0
646, 8, 292, 330, 91, 0, 47.91%, 3, 0, 5, 429.70, 275297, 195, 5, 0
651, 8, 314, 330, 88, 0, 47.91%, 3, 0, 5, 414.84, 277420, 195, 5, 0
656, 9, 12, 331, 85, 0, 47.91%, 3, 0, 5, 449.77, 279693, 195, 5, 0
661, 9, 110, 331, 82, 0, 47.91%, 3, 0, 5, 440.57, 281928, 195, 5, 0
666, 9, 153, 331, 79, 0, 47.91%, 3, 0, 5, 413.73, 284067, 195, 5, 0
671, 9, 206, 331, 78, 0, 47.91%, 3, 0, 5, 425.08, 286246, 195, 5, 0
676, 9, 245, 332, 73, 0, 48.16%, 3, 0, 5, 421.39, 288430, 196, 6, 0
681, 10, 106, 332, 70, 0, 48.16%, 3, 0, 5, 442.77, 290635, 196, 8, 0
686, 10, 153, 332, 66, 0, 48.16%, 3, 0, 5, 447.34, 292944, 196, 8, 0
691, 10, 207, 332, 64, 0, 48.16%, 3, 0, 5, 469.70, 295328, 196, 8, 0
696, 10, 286, 333, 60, 0, 48.16%, 3, 0, 5, 431.40, 297454, 196, 9, 0
701, 10, 306, 334, 58, 0, 48.16%, 3, 0, 5, 421.30, 299551, 196, 9, 0
706, 10, 329, 334, 55, 0, 48.16%, 3, 0, 5, 440.08, 301781, 196, 9, 0
712, 11, 47, 335, 52, 0, 48.16%, 3, 0, 5, 399.65, 303768, 196, 13, 0
717, 11, 149, 335, 49, 0, 48.16%, 3, 0, 5, 420.78, 305934, 196, 13, 0
722, 11, 183, 335, 49, 0, 48.16%, 3, 0, 5, 427.16, 308038, 196, 13, 0
727, 11, 253, 335, 46, 0, 48.16%, 3, 0, 5, 419.71, 310200, 196, 16, 0
732, 11, 312, 335, 40, 0, 48.16%, 3, 0, 5, 409.51, 312209, 196, 16, 0
737, 12, 114, 335, 38, 0, 48.16%, 3, 0, 5, 465.70, 314696, 196, 17, 0
742, 12, 170, 335, 38, 0, 48.16%, 3, 0, 5, 447.97, 316890, 196, 17, 0
747, 12, 209, 335, 37, 0, 48.16%, 3, 0, 5, 404.24, 318938, 196, 17, 0
752, 12, 278, 336, 34, 0, 48.16%, 3, 0, 5, 434.19, 321248, 196, 19, 0
757, 12, 333, 336, 31, 0, 48.16%, 3, 0, 5, 463.84, 323687, 196, 20, 0
762, 13, 336, 356, 49, 1, 57.25%, 3, 0, 5, 432.63, 325854, 233, 20, 0
767, 13, 341, 358, 49, 5, 57.49%, 3, 0, 5, 431.81, 328030, 234, 20, 0
773, 13, 341, 365, 56, 5, 57.74%, 3, 0, 5, 431.07, 330223, 235, 20, 0
778, 13, 341, 366, 57, 5, 57.74%, 3, 0, 5, 408.48, 332262, 235, 20, 0
783, 13, 341, 367, 58, 5, 57.74%, 3, 0, 5, 409.09, 334357, 235, 20, 0
788, 13, 341, 368, 59, 5, 57.74%, 3, 0, 5, 431.03, 336604, 235, 20, 0
793, 13, 341, 369, 60, 5, 57.74%, 3, 0, 5, 459.76, 338931, 235, 20, 0
798, 13, 341, 370, 61, 5, 57.74%, 3, 0, 5, 458.30, 341210, 235, 20, 0
803, 13, 341, 370, 61, 5, 57.74%, 3, 0, 5, 412.26, 343346, 235, 20, 0
808, 13, 341, 370, 61, 5, 57.74%, 3, 0, 5, 434.09, 345530, 235, 20, 0
813, 13, 341, 370, 61, 5, 57.74%, 3, 0, 5, 446.08, 347794, 235, 20, 0
818, 13, 341, 371, 62, 5, 57.74%, 3, 0, 5, 422.24, 349929, 235, 21, 0
823, 13, 341, 371, 62, 5, 57.74%, 3, 0, 5, 444.67, 352177, 235, 21, 0
829, 13, 341, 373, 64, 5, 57.99%, 3, 0, 5, 453.08, 354443, 236, 21, 0
834, 13, 341, 373, 64, 5, 57.99%, 3, 0, 5, 449.33, 356679, 236, 21, 0
839, 13, 341, 373, 64, 5, 57.99%, 3, 0, 5, 417.00, 358759, 236, 21, 0
844, 13, 341, 373, 64, 5, 57.99%, 3, 0, 5, 412.50, 360815, 236, 21, 0
849, 13, 341, 373, 64, 5, 57.99%, 3, 0, 5, 418.22, 362919, 236, 21, 0
854, 13, 341, 374, 65, 5, 57.99%, 3, 0, 5, 430.37, 365134, 236, 21, 0
859, 13, 345, 374, 64, 9, 57.99%, 3, 0, 5, 415.15, 367227, 236, 21, 0
864, 13, 356, 374, 61, 6, 57.99%, 3, 0, 5, 423.00, 369429, 236, 21, 0
869, 13, 362, 375, 60, 4, 58.23%, 3, 0, 5, 441.70, 371616, 237, 21, 0
874, 13, 365, 394, 78, 4, 58.48%, 3, 0, 5, 423.55, 373776, 238, 21, 0
879, 13, 365, 394, 78, 4, 58.48%, 3, 0, 5, 433.10, 375896, 238, 21, 0
884, 13, 365, 394, 78, 4, 58.48%, 3, 0, 5, 420.85, 378016, 238, 21, 0
890, 13, 372, 394, 77, 4, 58.48%, 3, 0, 5, 428.11, 380154, 238, 21, 0
895, 13, 376, 394, 75, 2, 58.48%, 3, 0, 5, 423.23, 382273, 238, 21, 0
900, 13, 376, 395, 76, 2, 58.48%, 3, 0, 6, 422.39, 384400, 238, 21, 0
905, 13, 382, 395, 75, 1, 58.48%, 3, 0, 6, 430.88, 386620, 238, 21, 0
906, 13, 383, 395, 75, 1, 58.48%, 3, 0, 6, 405.86, 387114, 238, 21, 0
