# relative_time, cycles_done, cur_item, corpus_count, pending_total, pending_favs, map_size, saved_crashes, saved_hangs, max_depth, execs_per_sec, total_execs, edges_found, total_crashes, servers_count
61, 0, 9, 65, 60, 3, 30.47%, 0, 0, 2, 451.62, 28421, 124, 0, 0
66, 0, 9, 66, 61, 3, 30.47%, 0, 0, 2, 477.69, 30831, 124, 0, 0
71, 0, 9, 67, 62, 3, 30.47%, 0, 0, 2, 481.26, 33214, 124, 0, 0
76, 0, 9, 67, 62, 3, 30.47%, 0, 0, 2, 454.83, 35447, 124, 0, 0
81, 0, 9, 68, 63, 3, 30.47%, 0, 0, 2, 455.14, 37767, 124, 0, 0
86, 0, 9, 68, 63, 3, 30.47%, 0, 0, 2, 440.55, 40061, 124, 0, 0
91, 0, 9, 68, 63, 3, 30.47%, 0, 0, 2, 435.69, 42230, 124, 0, 0
96, 0, 9, 70, 65, 3, 30.47%, 0, 0, 2, 454.33, 44492, 124, 0, 0
101, 0, 9, 71, 66, 3, 30.47%, 0, 0, 2, 468.32, 46871, 124, 0, 0
106, 0, 9, 72, 67, 3, 30.47%, 0, 0, 2, 471.37, 49236, 124, 0, 0
111, 0, 9, 74, 69, 3, 30.47%, 0, 0, 2, 451.21, 51482, 124, 0, 0
116, 0, 9, 74, 69, 3, 30.47%, 0, 0, 2, 444.64, 53784, 124, 0, 0
121, 0, 80, 97, 85, 20, 34.89%, 0, 0, 3, 453.25, 56046, 142, 0, 0
126, 0, 68, 98, 83, 18, 35.14%, 0, 0, 3, 441.40, 58241, 143, 0, 0
131, 0, 68, 112, 97, 18, 35.38%, 0, 0, 3, 472.17, 60705, 144, 0, 0
136, 0, 68, 115, 100, 18, 35.38%, 0, 0, 3, 437.55, 62943, 144, 0, 0
141, 0, 68, 117, 102, 18, 35.38%, 0, 0, 3, 443.62, 65197, 144, 0, 0
147, 0, 68, 118, 103, 18, 35.38%, 0, 0, 3, 451.82, 67443, 144, 0, 0
152, 0, 68, 121, 106, 18, 35.38%, 0, 0, 3, 456.17, 69868, 144, 0, 0
157, 0, 68, 121, 106, 18, 35.38%, 0, 0, 3, 469.32, 72199, 144, 0, 0
162, 0, 68, 121, 106, 18, 35.38%, 0, 0, 3, 445.37, 74418, 144, 0, 0
167, 0, 68, 122, 107, 18, 35.38%, 0, 0, 3, 451.66, 76733, 144, 0, 0
172, 0, 68, 122, 107, 18, 35.38%, 0, 0, 3, 474.41, 79172, 144, 0, 0
177, 0, 68, 122, 107, 18, 35.38%, 0, 0, 3, 460.51, 81450, 144, 0, 0
182, 0, 68, 123, 108, 18, 35.63%, 0, 0, 3, 455.99, 83788, 145, 0, 0
187, 0, 68, 125, 110, 18, 35.63%, 0, 0, 3, 479.12, 86277, 145, 0, 0
192, 0, 71, 128, 112, 18, 35.63%, 0, 0, 3, 457.36, 88627, 145, 0, 0
198, 0, 71, 136, 120, 18, 35.63%, 0, 0, 3, 477.29, 91032, 145, 0, 0
203, 0, 71, 139, 123, 18, 35.63%, 0, 0, 3, 466.70, 93331, 145, 0, 0
208, 0, 71, 139, 123, 18, 35.63%, 0, 0, 3, 445.06, 95608, 145, 0, 0
213, 0, 71, 141, 125, 18, 35.63%, 0, 0, 3, 463.70, 97971, 145, 0, 0
218, 0, 71, 142, 126, 18, 35.63%, 0, 0, 3, 459.02, 100236, 145, 0, 0
223, 0, 69, 145, 127, 15, 36.61%, 0, 0, 3, 469.85, 102604, 149, 0, 0
228, 0, 69, 149, 131, 15, 36.61%, 0, 0, 3, 459.01, 104923, 149, 0, 0
233, 0, 69, 153, 135, 15, 37.35%, 0, 0, 3, 447.88, 107250, 152, 0, 0
238, 0, 69, 154, 136, 15, 37.35%, 0, 0, 3, 426.81, 109406, 152, 0, 0
243, 0, 69, 156, 138, 15, 37.35%, 0, 0, 3, 446.11, 111708, 152, 0, 0
248, 0, 69, 156, 138, 15, 37.35%, 0, 0, 3, 473.97, 114094, 152, 0, 0
253, 0, 69, 159, 141, 15, 37.35%, 0, 0, 3, 476.48, 116545, 152, 0, 0
258, 0, 69, 159, 141, 15, 37.35%, 0, 0, 3, 451.64, 118840, 152, 0, 0
263, 0, 69, 159, 141, 15, 37.35%, 0, 0, 3, 441.20, 121090, 152, 0, 0
268, 0, 69, 159, 141, 15, 37.35%, 0, 0, 3, 442.37, 123346, 152, 0, 0
273, 0, 69, 159, 141, 15, 37.35%, 0, 0, 3, 455.22, 125658, 152, 0, 0
279, 0, 69, 160, 142, 15, 37.35%, 0, 0, 3, 450.95, 127946, 152, 0, 0
284, 0, 69, 160, 142, 15, 37.35%, 0, 0, 3, 442.79, 130201, 152, 0, 0
289, 0, 69, 161, 143, 15, 37.35%, 0, 0, 3, 443.95, 132488, 152, 0, 0
294, 0, 69, 161, 143, 15, 37.35%, 0, 0, 3, 445.32, 134721, 152, 0, 0
299, 0, 69, 162, 144, 15, 37.35%, 0, 0, 3, 442.22, 136919, 152, 0, 0
304, 0, 69, 162, 144, 15, 37.35%, 0, 0, 3, 429.17, 139151, 152, 0, 0
309, 0, 69, 162, 144, 15, 37.35%, 0, 0, 3, 450.86, 141469, 152, 0, 0
314, 0, 69, 162, 144, 15, 37.35%, 0, 0, 3, 446.75, 143711, 152, 0, 0
319, 0, 69, 162, 144, 15, 37.35%, 0, 0, 3, 455.05, 145996, 152, 0, 0
324, 0, 69, 162, 144, 15, 37.35%, 0, 0, 3, 442.47, 148263, 152, 0, 0
329, 0, 69, 164, 146, 15, 37.35%, 0, 0, 3, 449.66, 150453, 152, 0, 0
334, 0, 69, 164, 146, 15, 37.35%, 0, 0, 3, 445.81, 152797, 152, 0, 0
339, 0, 149, 164, 143, 14, 37.35%, 0, 0, 3, 452.43, 155084, 152, 0, 0
344, 0, 149, 174, 153, 14, 37.59%, 0, 0, 4, 484.20, 157603, 153, 0, 0
349, 0, 149, 175, 154, 14, 37.59%, 0, 0, 4, 450.87, 159923, 153, 0, 0
354, 0, 149, 176, 155, 14, 37.59%, 0, 0, 4, 462.86, 162225, 153, 0, 0
360, 0, 149, 180, 159, 14, 37.59%, 0, 0, 4, 429.96, 164365, 153, 0, 0
365, 0, 149, 181, 160, 14, 38.08%, 0, 0, 4, 449.07, 166668, 155, 0, 0
370, 0, 149, 182, 161, 14, 38.08%, 0, 0, 4, 468.45, 169071, 155, 0, 0
375, 0, 149, 183, 162, 14, 38.08%, 0, 0, 4, 464.35, 171346, 155, 0, 0
380, 0, 149, 183, 162, 14, 38.08%, 0, 0, 4, 465.85, 173633, 155, 0, 0
385, 0, 149, 183, 162, 14, 38.08%, 0, 0, 4, 442.03, 175859, 155, 0, 0
390, 0, 149, 183, 162, 14, 38.08%, 0, 0, 4, 429.84, 178011, 155, 0, 0
395, 0, 149, 183, 162, 14, 38.08%, 0, 0, 4, 456.79, 180401, 155, 0, 0
400, 0, 149, 183, 162, 14, 38.08%, 0, 0, 4, 446.11, 182707, 155, 0, 0
405, 0, 149, 183, 162, 14, 38.08%, 0, 0, 4, 444.02, 184971, 155, 0, 0
410, 0, 149, 183, 162, 14, 38.08%, 0, 0, 4, 474.61, 187349, 155, 0, 0
416, 0, 149, 183, 162, 14, 38.08%, 0, 0, 4, 453.92, 189617, 155, 0, 0
421, 0, 149, 184, 163, 14, 38.08%, 0, 0, 4, 485.86, 192081, 155, 0, 0
426, 0, 164, 184, 162, 16, 38.08%, 0, 0, 4, 442.33, 194298, 155, 0, 0
431, 0, 88, 184, 161, 15, 38.08%, 0, 0, 4, 412.61, 196407, 155, 0, 0
436, 0, 88, 184, 161, 15, 38.08%, 0, 0, 4, 402.10, 198511, 155, 0, 0
441, 0, 88, 184, 161, 15, 38.08%, 0, 0, 4, 376.22, 200322, 155, 0, 0
446, 0, 59, 185, 159, 12, 38.08%, 0, 0, 4, 436.14, 202504, 155, 0, 0
451, 0, 59, 187, 161, 12, 38.08%, 0, 0, 4, 445.12, 204782, 155, 0, 0
456, 0, 117, 187, 157, 8, 38.08%, 0, 0, 4, 455.57, 207020, 155, 0, 0
461, 0, 77, 188, 155, 5, 38.08%, 0, 0, 4, 478.45, 209413, 155, 0, 0
466, 0, 82, 188, 152, 2, 38.08%, 0, 0, 4, 431.98, 211586, 155, 0, 0
471, 0, 192, 193, 155, 3, 38.82%, 1, 0, 4, 454.58, 213922, 158, 1, 0
477, 0, 175, 193, 152, 2, 38.82%, 1, 0, 4, 458.32, 216286, 158, 1, 0
482, 0, 190, 194, 151, 1, 38.82%, 1, 0, 4, 437.85, 218549, 158, 1, 0
487, 0, 193, 194, 146, 0, 38.82%, 1, 0, 4, 455.54, 220884, 158, 1, 0
492, 0, 105, 194, 145, 0, 38.82%, 1, 0, 4, 439.18, 223151, 158, 1, 0
497, 0, 0, 197, 145, 0, 38.82%, 1, 0, 5, 456.30, 225473, 158, 1, 0
502, 0, 94, 197, 144, 0, 38.82%, 1, 0, 5, 454.06, 227780, 158, 1, 0
507, 0, 188, 201, 146, 0, 38.82%, 1, 0, 5, 430.70, 229925, 158, 1, 0
512, 0, 171, 202, 144, 0, 38.82%, 1, 0, 5, 438.66, 232159, 158, 1, 0
517, 0, 65, 203, 140, 0, 38.82%, 1, 0, 5, 424.13, 234315, 158, 1, 0
523, 0, 59, 203, 138, 0, 38.82%, 1, 0, 5, 422.42, 236415, 158, 1, 0
528, 0, 182, 203, 136, 0, 38.82%, 1, 0, 5, 426.85, 238558, 158, 1, 0
533, 0, 142, 203, 133, 0, 38.82%, 1, 0, 5, 420.70, 240725, 158, 1, 0
538, 0, 180, 203, 130, 0, 38.82%, 1, 0, 5, 431.23, 242963, 158, 1, 0
543, 0, 112, 203, 127, 0, 38.82%, 1, 0, 5, 433.89, 245141, 158, 1, 0
548, 0, 71, 203, 124, 0, 38.82%, 1, 0, 5, 432.26, 247333, 158, 1, 0
553, 0, 192, 203, 122, 0, 38.82%, 1, 0, 5, 451.29, 249607, 158, 1, 0
558, 1, 0, 204, 118, 0, 38.82%, 1, 0, 5, 430.15, 251781, 158, 1, 0
563, 1, 165, 204, 112, 0, 38.82%, 1, 0, 5, 461.12, 254154, 158, 1, 0
569, 1, 31, 204, 109, 0, 38.82%, 1, 0, 5, 432.14, 256323, 158, 1, 0
574, 1, 180, 206, 107, 0, 38.82%, 1, 0, 5, 440.80, 258538, 158, 1, 0
579, 1, 195, 206, 102, 0, 38.82%, 1, 0, 5, 440.12, 260797, 158, 1, 0
584, 1, 199, 206, 97, 0, 38.82%, 1, 0, 5, 433.83, 262989, 158, 1, 0
589, 1, 8, 207, 95, 0, 38.82%, 1, 0, 5, 433.55, 265192, 158, 1, 0
594, 1, 75, 208, 92, 0, 38.82%, 1, 0, 5, 436.64, 267399, 158, 1, 0
599, 1, 193, 209, 88, 0, 38.82%, 1, 0, 5, 439.47, 269592, 158, 1, 0
604, 1, 99, 211, 86, 0, 38.82%, 1, 0, 5, 460.13, 271985, 158, 1, 0
609, 1, 84, 212, 83, 0, 38.82%, 1, 0, 5, 430.77, 274128, 158, 1, 0
614, 1, 126, 214, 82, 0, 39.07%, 1, 0, 5, 424.11, 276197, 159, 1, 0
619, 1, 202, 215, 78, 0, 39.07%, 1, 0, 5, 433.73, 278409, 159, 1, 0
624, 1, 118, 217, 77, 0, 39.07%, 1, 0, 5, 447.60, 280654, 159, 1, 0
630, 1, 38, 218, 75, 0, 39.07%, 1, 0, 5, 433.07, 282823, 159, 1, 0
635, 1, 172, 218, 70, 0, 39.07%, 1, 0, 5, 448.52, 285030, 159, 1, 0
640, 1, 211, 219, 65, 0, 39.07%, 1, 0, 5, 449.02, 287292, 159, 1, 0
645, 1, 206, 219, 60, 0, 39.07%, 1, 0, 5, 447.27, 289643, 159, 1, 0
650, 1, 206, 223, 64, 0, 39.07%, 1, 0, 5, 427.15, 291763, 159, 1, 0
655, 1, 192, 223, 62, 0, 39.07%, 1, 0, 5, 417.14, 293841, 159, 1, 0
660, 1, 166, 224, 62, 0, 39.07%, 1, 0, 5, 428.61, 296038, 159, 1, 0
665, 1, 79, 224, 58, 0, 39.07%, 1, 0, 5, 488.63, 298531, 159, 1, 0
670, 1, 35, 225, 55, 0, 39.07%, 1, 0, 5, 443.30, 300776, 159, 1, 0
675, 1, 205, 225, 51, 0, 39.07%, 1, 0, 5, 447.26, 303089, 159, 1, 0
680, 1, 223, 225, 50, 0, 39.07%, 1, 0, 5, 457.75, 305376, 159, 1, 0
685, 1, 220, 228, 51, 0, 39.07%, 1, 0, 6, 455.95, 307663, 159, 1, 0
691, 1, 221, 229, 51, 0, 39.07%, 1, 0, 6, 403.33, 309610, 159, 1, 0
696, 1, 89, 229, 50, 0, 39.07%, 1, 0, 6, 427.57, 311780, 159, 1, 0
701, 1, 68, 229, 46, 0, 39.07%, 1, 0, 6, 431.23, 313974, 159, 1, 0
706, 1, 168, 229, 45, 0, 39.07%, 1, 0, 6, 444.54, 316223, 159, 1, 0
711, 1, 83, 229, 41, 0, 39.07%, 1, 0, 6, 449.15, 318599, 159, 1, 0
716, 1, 71, 230, 40, 0, 39.07%, 1, 0, 6, 410.86, 320629, 159, 1, 0
721, 1, 76, 231, 38, 0, 39.07%, 1, 0, 6, 439.80, 322918, 159, 1, 0
726, 1, 201, 233, 37, 0, 39.56%, 1, 0, 6, 441.43, 325160, 161, 1, 0
731, 1, 201, 236, 40, 0, 39.56%, 1, 0, 6, 455.30, 327483, 161, 1, 0
736, 1, 201, 237, 41, 0, 39.56%, 1, 0, 6, 435.01, 329605, 161, 1, 0
741, 1, 201, 237, 41, 0, 39.56%, 1, 0, 6, 433.95, 331749, 161, 1, 0
746, 1, 231, 238, 40, 1, 39.80%, 1, 0, 6, 434.98, 333944, 162, 1, 0
751, 1, 111, 238, 38, 0, 39.80%, 1, 0, 6, 435.71, 336165, 162, 1, 0
756, 2, 292, 359, 158, 0, 50.86%, 1, 0, 6, 417.00, 338221, 207, 1, 0
761, 2, 335, 359, 157, 16, 50.86%, 1, 0, 6, 440.87, 340527, 207, 1, 0
767, 2, 345, 359, 156, 15, 50.86%, 1, 0, 6, 456.12, 342940, 207, 1, 0
772, 2, 294, 359, 154, 13, 50.86%, 1, 0, 6, 462.54, 345341, 207, 1, 0
777, 2, 303, 359, 152, 11, 50.86%, 1, 0, 6, 454.34, 347665, 207, 1, 0
782, 2, 341, 359, 151, 10, 50.86%, 1, 0, 6, 441.78, 349956, 207, 1, 0
787, 2, 312, 360, 150, 8, 50.86%, 1, 0, 6, 434.87, 352159, 207, 1, 0
792, 2, 310, 360, 148, 7, 50.86%, 1, 0, 6, 450.55, 354481, 207, 1, 0
797, 2, 343, 360, 145, 4, 50.86%, 1, 0, 6, 466.14, 356832, 207, 1, 0
802, 2, 327, 360, 142, 1, 50.86%, 1, 0, 6, 446.11, 359092, 207, 1, 0
807, 2, 290, 360, 140, 0, 50.86%, 1, 0, 6, 452.30, 361434, 207, 1, 0
812, 2, 106, 360, 138, 0, 50.86%, 1, 0, 6, 422.30, 363602, 207, 1, 0
818, 2, 263, 360, 135, 0, 50.86%, 1, 0, 6, 459.01, 365975, 207, 1, 0
823, 2, 249, 360, 132, 0, 50.86%, 1, 0, 6, 459.56, 368284, 207, 1, 0
828, 2, 350, 360, 129, 0, 50.86%, 2, 0, 6, 420.81, 370355, 207, 3, 0
833, 2, 270, 360, 128, 0, 50.86%, 2, 0, 6, 419.74, 372556, 207, 3, 0
838, 2, 342, 360, 126, 0, 50.86%, 3, 0, 6, 449.57, 374819, 207, 5, 0
843, 2, 293, 360, 124, 0, 50.86%, 3, 0, 6, 417.52, 376957, 207, 5, 0
848, 2, 329, 360, 122, 0, 50.86%, 3, 0, 6, 428.57, 379127, 207, 5, 0
853, 2, 23, 360, 119, 0, 50.86%, 3, 0, 6, 464.61, 381440, 207, 5, 0
858, 2, 356, 360, 117, 0, 50.86%, 3, 0, 6, 463.81, 383720, 207, 5, 0
863, 2, 228, 360, 114, 0, 50.86%, 3, 0, 6, 435.73, 385864, 207, 5, 0
868, 2, 32, 360, 111, 0, 50.86%, 3, 0, 6, 436.23, 388055, 207, 6, 0
873, 2, 325, 360, 110, 0, 50.86%, 3, 0, 6, 460.55, 390390, 207, 6, 0
878, 2, 113, 360, 107, 0, 50.86%, 3, 0, 6, 450.67, 392663, 207, 6, 0
883, 2, 253, 360, 104, 0, 50.86%, 3, 0, 6, 479.73, 395107, 207, 6, 0
888, 2, 331, 361, 103, 0, 50.86%, 3, 0, 6, 473.25, 397462, 207, 6, 0
894, 2, 289, 361, 100, 0, 50.86%, 3, 0, 6, 449.59, 399691, 207, 6, 0
899, 2, 347, 361, 98, 0, 50.86%, 3, 0, 6, 454.81, 402008, 207, 6, 0
904, 2, 262, 361, 95, 0, 50.86%, 3, 0, 6, 483.52, 404431, 207, 6, 0
909, 2, 197, 362, 93, 0, 50.86%, 3, 0, 6, 449.10, 406635, 207, 6, 0
914, 2, 71, 362, 91, 0, 50.86%, 3, 0, 6, 446.43, 408847, 207, 6, 0
919, 2, 256, 362, 89, 0, 50.86%, 3, 0, 6, 433.54, 411059, 207, 6, 0
924, 2, 200, 362, 87, 0, 50.86%, 3, 0, 6, 410.26, 413170, 207, 6, 0
929, 2, 267, 362, 83, 0, 50.86%, 3, 0, 6, 446.80, 415425, 207, 6, 0
934, 2, 11, 362, 80, 0, 50.86%, 3, 0, 6, 461.32, 417768, 207, 6, 0
939, 2, 320, 362, 79, 0, 50.86%, 3, 0, 6, 468.79, 420129, 207, 6, 0
944, 2, 282, 362, 77, 0, 50.86%, 3, 0, 6, 452.14, 422367, 207, 6, 0
949, 2, 361, 362, 74, 0, 50.86%, 3, 0, 6, 445.15, 424644, 207, 6, 0
954, 2, 296, 362, 72, 0, 50.86%, 3, 0, 6, 442.54, 426866, 207, 6, 0
960, 2, 67, 362, 70, 0, 50.86%, 3, 0, 6, 457.44, 429149, 207, 8, 0
965, 2, 257, 362, 69, 0, 50.86%, 3, 0, 6, 465.59, 431596, 207, 8, 0
970, 2, 266, 362, 66, 0, 50.86%, 3, 0, 6, 445.56, 433849, 207, 8, 0
975, 2, 291, 362, 65, 0, 50.86%, 3, 0, 6, 463.11, 436154, 207, 8, 0
980, 2, 357, 362, 62, 0, 50.86%, 3, 0, 6, 443.86, 438451, 207, 8, 0
985, 2, 340, 362, 60, 0, 50.86%, 3, 0, 6, 448.78, 440766, 207, 8, 0
990, 2, 360, 362, 58, 0, 50.86%, 3, 0, 6, 433.67, 442930, 207, 8, 0
995, 2, 334, 362, 55, 0, 50.86%, 3, 0, 6, 440.83, 445191, 207, 8, 0
1000, 2, 259, 362, 53, 0, 50.86%, 3, 0, 6, 434.51, 447421, 207, 8, 0
1005, 2, 277, 362, 51, 0, 50.86%, 3, 0, 6, 443.92, 449659, 207, 8, 0
1010, 2, 274, 362, 49, 0, 50.86%, 3, 0, 6, 443.32, 451891, 207, 8, 0
1015, 2, 275, 362, 46, 0, 50.86%, 3, 0, 6, 435.66, 454115, 207, 9, 0
1020, 2, 328, 362, 43, 0, 50.86%, 3, 0, 6, 431.94, 456303, 207, 9, 0
1026, 2, 71, 362, 41, 0, 50.86%, 3, 0, 6, 410.95, 458427, 207, 9, 0
1031, 2, 178, 362, 39, 0, 50.86%, 3, 0, 6, 411.31, 460475, 207, 9, 0
1036, 2, 237, 362, 36, 0, 50.86%, 6, 0, 6, 395.33, 462486, 207, 13, 0
1041, 2, 333, 362, 33, 0, 50.86%, 6, 0, 6, 415.82, 464591, 207, 16, 0
1046, 2, 162, 362, 31, 0, 50.86%, 6, 0, 6, 430.76, 466761, 207, 16, 0
1051, 2, 241, 363, 29, 0, 51.11%, 6, 0, 6, 444.80, 468997, 208, 16, 0
1056, 2, 339, 363, 28, 0, 51.11%, 6, 0, 6, 428.48, 471190, 208, 16, 0
1061, 2, 250, 363, 27, 0, 51.11%, 6, 0, 6, 412.16, 473290, 208, 16, 0
1066, 2, 284, 363, 25, 0, 51.11%, 6, 0, 6, 425.19, 475473, 208, 16, 0
1071, 2, 87, 363, 23, 0, 51.11%, 6, 0, 6, 415.33, 477625, 208, 16, 0
1076, 2, 264, 363, 21, 0, 51.11%, 6, 0, 6, 451.80, 480037, 208, 16, 0
1081, 2, 139, 363, 18, 0, 51.11%, 6, 0, 6, 461.23, 482349, 208, 21, 0
1086, 2, 359, 363, 18, 0, 51.11%, 6, 0, 6, 440.67, 484534, 208, 25, 0
1091, 2, 303, 363, 16, 0, 51.11%, 6, 0, 6, 423.15, 486678, 208, 26, 0
1097, 2, 335, 364, 17, 0, 51.11%, 7, 0, 7, 420.67, 488911, 208, 30, 0
1102, 3, 375, 380, 32, 4, 51.60%, 7, 0, 7, 440.10, 491129, 210, 30, 0
1107, 3, 372, 380, 30, 2, 51.60%, 7, 0, 7, 431.38, 493313, 210, 30, 0
1112, 3, 373, 380, 28, 0, 51.60%, 7, 0, 7, 434.09, 495571, 210, 30, 0
1117, 3, 367, 380, 26, 0, 51.60%, 7, 0, 7, 425.07, 497726, 210, 30, 0
1122, 3, 365, 380, 25, 0, 51.60%, 7, 0, 7, 420.67, 499868, 210, 30, 0
1127, 3, 323, 380, 23, 0, 51.60%, 7, 0, 7, 423.44, 502106, 210, 30, 0
1132, 3, 68, 380, 21, 0, 51.60%, 7, 0, 7, 434.30, 504306, 210, 31, 0
1137, 3, 298, 380, 20, 0, 51.60%, 7, 0, 7, 447.57, 506558, 210, 31, 0
1142, 3, 269, 380, 18, 0, 51.60%, 7, 0, 7, 426.95, 508718, 210, 31, 0
1147, 3, 168, 380, 17, 0, 51.60%, 7, 0, 7, 435.78, 510958, 210, 32, 0
1153, 3, 246, 380, 16, 0, 51.60%, 7, 0, 7, 433.05, 513199, 210, 32, 0
1158, 3, 68, 380, 16, 0, 51.60%, 7, 0, 7, 451.36, 515478, 210, 33, 0
1163, 3, 351, 380, 15, 0, 51.60%, 7, 0, 7, 447.71, 517867, 210, 33, 0
1168, 3, 59, 380, 15, 0, 51.60%, 7, 0, 7, 425.81, 520067, 210, 33, 0
1173, 3, 122, 380, 12, 0, 51.60%, 7, 0, 7, 426.58, 522234, 210, 33, 0
1178, 3, 377, 380, 11, 0, 51.60%, 7, 0, 7, 442.81, 524532, 210, 38, 0
1183, 3, 180, 381, 11, 0, 51.60%, 7, 0, 7, 415.17, 526611, 210, 39, 0
1188, 3, 38, 382, 12, 0, 51.60%, 8, 0, 7, 431.57, 528807, 210, 48, 0
1193, 3, 237, 382, 12, 0, 51.60%, 8, 0, 7, 431.18, 530955, 210, 52, 0
1198, 3, 379, 382, 11, 0, 51.60%, 8, 0, 7, 446.69, 533230, 210, 53, 0
1204, 3, 381, 382, 9, 0, 51.60%, 8, 0, 7, 407.56, 535277, 210, 54, 0
1209, 3, 372, 383, 7, 0, 51.60%, 8, 0, 7, 424.44, 537417, 210, 54, 0
1214, 3, 366, 383, 7, 0, 51.60%, 8, 0, 7, 426.88, 539595, 210, 54, 0
1219, 3, 383, 384, 7, 1, 53.07%, 8, 0, 7, 438.20, 541821, 216, 54, 0
1224, 3, 391, 400, 22, 4, 60.44%, 8, 0, 7, 413.13, 543871, 246, 54, 0
1229, 3, 388, 402, 22, 3, 60.69%, 8, 0, 7, 450.28, 546223, 247, 54, 0
1234, 3, 407, 409, 28, 4, 60.93%, 8, 0, 7, 438.13, 548419, 248, 54, 0
1239, 3, 385, 409, 27, 3, 60.93%, 8, 0, 7, 414.30, 550489, 248, 54, 0
1244, 3, 401, 409, 25, 1, 60.93%, 8, 0, 7, 444.35, 552855, 248, 54, 0
1249, 3, 401, 431, 47, 1, 60.93%, 8, 0, 7, 458.17, 555201, 248, 54, 0
1254, 3, 401, 441, 57, 1, 60.93%, 8, 0, 7, 429.02, 557299, 248, 54, 0
1259, 3, 401, 451, 67, 1, 61.18%, 8, 0, 7, 445.85, 559585, 249, 54, 0
1264, 3, 401, 455, 71, 1, 61.18%, 8, 0, 7, 440.68, 561813, 249, 54, 0
1269, 3, 426, 459, 74, 2, 61.18%, 8, 0, 7, 438.15, 564041, 249, 54, 0
1274, 3, 426, 467, 82, 2, 61.18%, 8, 0, 7, 454.73, 566333, 249, 54, 0
1279, 3, 426, 469, 84, 2, 61.18%, 8, 0, 7, 444.33, 568559, 249, 54, 0
1285, 3, 426, 471, 86, 2, 61.18%, 8, 0, 7, 450.25, 570805, 249, 54, 0
1290, 3, 426, 472, 87, 2, 61.18%, 8, 0, 7, 454.35, 573068, 249, 54, 0
1295, 3, 426, 473, 88, 2, 61.18%, 8, 0, 7, 478.07, 575474, 249, 54, 0
1300, 3, 443, 473, 87, 1, 61.18%, 8, 0, 7, 452.20, 577715, 249, 54, 0
1305, 3, 467, 473, 86, 0, 61.18%, 8, 0, 7, 452.69, 579973, 249, 54, 0
1310, 3, 467, 476, 89, 0, 61.18%, 8, 0, 8, 440.25, 582266, 249, 54, 0
1315, 3, 439, 478, 90, 0, 61.18%, 8, 0, 8, 440.40, 584475, 249, 54, 0
1320, 3, 439, 478, 90, 0, 61.18%, 8, 0, 8, 442.85, 586699, 249, 54, 0
1325, 3, 245, 478, 88, 0, 61.18%, 8, 0, 8, 436.33, 588888, 249, 54, 0
1330, 3, 386, 478, 87, 0, 61.18%, 8, 0, 8, 456.02, 591234, 249, 54, 0
1335, 3, 398, 478, 85, 0, 61.18%, 8, 0, 8, 457.82, 593506, 249, 54, 0
1340, 3, 411, 478, 83, 0, 61.18%, 8, 0, 8, 451.26, 595718, 249, 54, 0
1345, 3, 476, 478, 81, 0, 61.18%, 8, 0, 8, 423.18, 597833, 249, 54, 0
1350, 3, 428, 478, 80, 0, 61.18%, 8, 0, 8, 430.46, 600016, 249, 54, 0
1356, 3, 383, 478, 78, 0, 61.18%, 8, 0, 8, 443.41, 602351, 249, 54, 0
1361, 3, 159, 478, 77, 0, 61.18%, 8, 0, 8, 440.47, 604553, 249, 54, 0
1366, 3, 434, 478, 76, 0, 61.18%, 8, 0, 8, 445.36, 606822, 249, 54, 0
1371, 3, 474, 478, 75, 0, 61.18%, 8, 0, 8, 454.33, 609141, 249, 54, 0
1376, 3, 427, 478, 73, 0, 61.18%, 8, 0, 8, 432.22, 611402, 249, 54, 0
1381, 3, 470, 478, 71, 0, 61.18%, 8, 0, 8, 457.12, 613758, 249, 54, 0
1386, 3, 410, 478, 69, 0, 61.18%, 8, 0, 8, 447.25, 615978, 249, 54, 0
1391, 3, 344, 479, 68, 0, 61.18%, 8, 0, 8, 454.91, 618252, 249, 54, 0
1396, 3, 413, 479, 67, 0, 61.18%, 8, 0, 8, 432.12, 620506, 249, 54, 0
1401, 3, 471, 479, 65, 0, 61.18%, 8, 0, 8, 458.14, 622788, 249, 54, 0
1406, 3, 456, 479, 64, 0, 61.18%, 8, 0, 8, 439.51, 624991, 249, 56, 0
1411, 3, 432, 480, 64, 0, 61.18%, 8, 0, 8, 446.35, 627237, 249, 56, 0
1417, 3, 404, 480, 62, 0, 61.18%, 8, 0, 8, 460.00, 629546, 249, 56, 0
1422, 3, 383, 480, 60, 0, 61.18%, 8, 0, 8, 424.25, 631710, 249, 56, 0
1427, 3, 477, 480, 59, 0, 61.18%, 8, 0, 8, 433.20, 633908, 249, 56, 0
1432, 3, 351, 480, 57, 0, 61.18%, 8, 0, 8, 474.66, 636293, 249, 56, 0
1437, 3, 460, 480, 57, 0, 61.18%, 8, 0, 8, 451.62, 638522, 249, 56, 0
1442, 3, 438, 480, 55, 0, 61.18%, 8, 0, 8, 449.50, 640784, 249, 56, 0
1447, 3, 415, 480, 54, 0, 61.18%, 8, 0, 8, 425.02, 642904, 249, 56, 0
1452, 3, 71, 480, 52, 0, 61.18%, 8, 0, 8, 441.56, 645162, 249, 56, 0
1457, 3, 469, 480, 51, 0, 61.18%, 8, 0, 8, 424.77, 647268, 249, 56, 0
1462, 3, 407, 480, 49, 0, 61.18%, 8, 0, 8, 475.17, 649820, 249, 56, 0
1467, 3, 442, 480, 48, 0, 61.18%, 8, 0, 8, 506.17, 652293, 249, 56, 0
1472, 3, 59, 480, 47, 0, 61.18%, 8, 0, 8, 467.47, 654683, 249, 60, 0
1477, 3, 164, 480, 46, 0, 61.18%, 8, 0, 8, 476.54, 657090, 249, 60, 0
1482, 3, 364, 481, 45, 0, 61.18%, 8, 0, 8, 455.98, 659402, 249, 60, 0
1487, 3, 426, 481, 44, 0, 61.18%, 8, 0, 8, 424.49, 661487, 249, 61, 0
1493, 3, 421, 481, 43, 0, 61.18%, 8, 0, 8, 440.69, 663735, 249, 61, 0
1498, 3, 444, 481, 42, 0, 61.18%, 8, 0, 8, 436.41, 665991, 249, 61, 0
1503, 3, 449, 481, 41, 0, 61.18%, 8, 0, 8, 435.55, 668185, 249, 61, 0
1508, 3, 451, 481, 40, 0, 61.18%, 8, 0, 8, 438.31, 670381, 249, 61, 0
1513, 3, 479, 481, 38, 0, 61.18%, 8, 0, 8, 440.83, 672625, 249, 61, 0
1518, 3, 481, 482, 37, 0, 61.18%, 8, 0, 8, 447.29, 674842, 249, 61, 0
1523, 3, 243, 482, 36, 0, 61.18%, 8, 0, 8, 453.03, 677178, 249, 61, 0
1528, 3, 425, 482, 35, 0, 61.18%, 8, 0, 8, 413.03, 679284, 249, 66, 0
1533, 3, 80, 482, 34, 0, 61.18%, 8, 0, 8, 430.72, 681502, 249, 66, 0
1538, 3, 400, 488, 39, 0, 61.43%, 8, 0, 8, 418.69, 683684, 250, 66, 0
1543, 4, 487, 499, 49, 1, 61.43%, 8, 0, 8, 430.65, 685855, 250, 66, 0
1548, 4, 487, 499, 49, 1, 61.43%, 8, 0, 8, 434.15, 688038, 250, 66, 0
1553, 4, 484, 499, 47, 0, 61.43%, 8, 0, 8, 464.48, 690366, 250, 66, 0
1558, 4, 294, 499, 46, 0, 61.43%, 8, 0, 8, 437.98, 692556, 250, 74, 0
1564, 4, 497, 499, 45, 0, 61.43%, 8, 0, 8, 421.42, 694668, 250, 74, 0
1569, 4, 195, 499, 43, 0, 61.43%, 8, 0, 8, 434.40, 696902, 250, 74, 0
1574, 4, 475, 499, 42, 0, 61.43%, 8, 0, 8, 426.64, 699056, 250, 74, 0
1579, 4, 461, 499, 41, 0, 61.43%, 8, 0, 8, 435.84, 701308, 250, 74, 0
1584, 4, 445, 499, 39, 0, 61.43%, 8, 0, 8, 446.78, 703558, 250, 74, 0
1589, 4, 397, 499, 38, 0, 61.43%, 8, 0, 8, 432.41, 705707, 250, 74, 0
1594, 4, 268, 499, 36, 0, 61.43%, 8, 0, 8, 413.07, 707752, 250, 74, 0
1599, 4, 492, 499, 35, 0, 61.43%, 9, 0, 8, 413.60, 709859, 250, 76, 0
1604, 4, 463, 499, 34, 0, 61.43%, 9, 0, 8, 453.58, 712178, 250, 76, 0
1609, 4, 294, 499, 32, 0, 61.43%, 9, 0, 8, 447.67, 714422, 250, 76, 0
1614, 4, 281, 499, 32, 0, 61.43%, 9, 0, 8, 434.10, 716600, 250, 76, 0
1619, 4, 218, 499, 31, 0, 61.43%, 9, 0, 8, 439.58, 718829, 250, 77, 0
1624, 4, 458, 499, 31, 0, 61.43%, 9, 0, 8, 440.74, 721043, 250, 77, 0
1629, 4, 493, 499, 29, 0, 61.43%, 9, 0, 8, 445.60, 723294, 250, 77, 0
1634, 4, 422, 499, 28, 0, 61.43%, 9, 0, 8, 454.18, 725569, 250, 77, 0
1639, 4, 426, 499, 26, 0, 61.43%, 9, 0, 8, 430.34, 727766, 250, 77, 0
1644, 4, 446, 499, 26, 0, 61.43%, 9, 0, 8, 448.06, 730018, 250, 82, 0
1650, 4, 375, 499, 24, 0, 61.43%, 9, 0, 8, 428.85, 732173, 250, 82, 0
1655, 4, 494, 499, 23, 0, 61.43%, 9, 0, 8, 445.65, 734417, 250, 82, 0
1660, 4, 496, 499, 21, 0, 61.43%, 9, 0, 8, 469.41, 736751, 250, 82, 0
1665, 4, 375, 499, 20, 0, 61.43%, 9, 0, 8, 441.08, 738932, 250, 82, 0
1670, 4, 466, 500, 20, 0, 61.67%, 9, 0, 8, 423.30, 741093, 251, 82, 0
1675, 4, 441, 500, 19, 0, 61.67%, 9, 0, 8, 421.28, 743216, 251, 82, 0
1680, 4, 395, 500, 18, 0, 61.67%, 9, 0, 8, 455.22, 745529, 251, 82, 0
1685, 4, 431, 500, 17, 0, 61.67%, 9, 0, 8, 459.71, 747852, 251, 82, 0
1690, 4, 35, 500, 15, 0, 61.67%, 9, 0, 8, 454.24, 750156, 251, 85, 0
1695, 4, 345, 500, 14, 0, 61.67%, 9, 0, 8, 437.59, 752302, 251, 85, 0
1700, 4, 68, 500, 14, 0, 61.67%, 9, 0, 8, 414.98, 754424, 251, 88, 0
1705, 4, 488, 500, 14, 0, 61.67%, 9, 0, 8, 422.27, 756590, 251, 88, 0
1710, 4, 450, 500, 13, 0, 61.67%, 9, 0, 8, 440.11, 758809, 251, 88, 0
1715, 4, 130, 500, 12, 0, 61.67%, 9, 0, 8, 448.22, 761029, 251, 88, 0
1720, 4, 68, 500, 11, 0, 61.67%, 9, 0, 8, 439.31, 763202, 251, 88, 0
1726, 4, 403, 500, 11, 0, 61.67%, 9, 0, 8, 444.70, 765486, 251, 89, 0
1731, 4, 191, 500, 10, 0, 61.67%, 9, 0, 8, 439.64, 767687, 251, 89, 0
1736, 4, 71, 500, 9, 0, 61.67%, 9, 0, 8, 440.33, 769918, 251, 89, 0
1741, 4, 371, 500, 9, 0, 61.67%, 10, 0, 8, 430.63, 772107, 251, 91, 0
1746, 4, 128, 500, 9, 0, 61.67%, 10, 0, 8, 415.91, 774225, 251, 91, 0
1751, 4, 447, 500, 9, 0, 61.67%, 11, 0, 8, 435.90, 776405, 251, 95, 0
1756, 4, 429, 500, 8, 0, 61.67%, 11, 0, 8, 474.40, 779051, 251, 103, 0
1761, 4, 487, 500, 7, 0, 61.67%, 11, 0, 8, 465.15, 781367, 251, 103, 0
1766, 4, 168, 500, 7, 0, 61.67%, 11, 0, 8, 434.48, 783549, 251, 103, 0
1771, 4, 11, 500, 6, 0, 61.67%, 11, 0, 8, 475.27, 785976, 251, 105, 0
1776, 4, 436, 500, 6, 0, 61.67%, 11, 0, 8, 470.80, 788345, 251, 107, 0
1781, 4, 387, 500, 5, 0, 61.67%, 11, 0, 8, 473.91, 790719, 251, 107, 0
1786, 4, 294, 500, 4, 0, 61.67%, 11, 0, 8, 460.08, 793022, 251, 109, 0
1791, 4, 462, 500, 4, 0, 61.67%, 11, 0, 8, 446.24, 795265, 251, 109, 0
1796, 4, 228, 500, 3, 0, 61.67%, 11, 0, 8, 423.87, 797356, 251, 109, 0
1801, 5, 151, 504, 7, 0, 62.16%, 11, 0, 8, 423.95, 799506, 253, 109, 0
1804, 5, 503, 504, 6, 1, 62.16%, 11, 0, 8, 449.03, 801018, 253, 109, 0
