# relative_time, cycles_done, cur_item, corpus_count, pending_total, pending_favs, map_size, saved_crashes, saved_hangs, max_depth, execs_per_sec, total_execs, edges_found, total_crashes, servers_count
61, 0, 9, 74, 69, 4, 30.71%, 0, 0, 2, 439.43, 28355, 125, 0, 0
66, 0, 9, 75, 70, 4, 30.71%, 0, 0, 2, 435.52, 30514, 125, 0, 0
71, 0, 9, 78, 73, 4, 30.71%, 0, 0, 2, 445.64, 32848, 125, 0, 0
76, 0, 9, 78, 73, 4, 30.71%, 0, 0, 2, 416.37, 34976, 125, 0, 0
81, 0, 9, 80, 75, 4, 30.71%, 0, 0, 2, 444.40, 37271, 125, 0, 0
86, 0, 9, 81, 76, 4, 30.71%, 0, 0, 2, 446.98, 39590, 125, 0, 0
91, 0, 9, 81, 76, 4, 30.71%, 0, 0, 2, 463.29, 42066, 125, 0, 0
96, 0, 9, 81, 76, 4, 30.71%, 0, 0, 2, 512.03, 44550, 125, 0, 0
102, 0, 9, 83, 78, 4, 30.71%, 0, 0, 2, 486.53, 47048, 125, 0, 0
107, 0, 9, 83, 78, 4, 30.71%, 0, 0, 2, 454.69, 49361, 125, 0, 0
112, 0, 9, 84, 79, 4, 30.71%, 0, 0, 2, 441.01, 51579, 125, 0, 0
117, 0, 9, 84, 79, 4, 30.71%, 0, 0, 2, 446.25, 53891, 125, 0, 0
122, 0, 87, 106, 99, 29, 34.40%, 0, 0, 2, 419.67, 56016, 140, 0, 0
127, 0, 84, 113, 99, 25, 35.38%, 1, 0, 3, 469.57, 58408, 144, 1, 0
132, 0, 98, 113, 97, 23, 35.38%, 1, 0, 3, 432.88, 60539, 144, 1, 0
137, 0, 98, 113, 97, 23, 35.38%, 1, 0, 3, 380.69, 62396, 144, 1, 0
142, 0, 98, 113, 97, 23, 35.38%, 1, 0, 3, 398.18, 64510, 144, 1, 0
147, 0, 98, 113, 97, 23, 35.38%, 1, 0, 3, 393.95, 66498, 144, 1, 0
152, 0, 3, 114, 96, 22, 36.12%, 1, 0, 3, 435.93, 68689, 147, 1, 0
158, 0, 3, 114, 96, 22, 36.12%, 1, 0, 3, 411.81, 70779, 147, 1, 0
163, 0, 111, 119, 100, 21, 36.12%, 1, 0, 3, 436.29, 72939, 147, 1, 0
168, 0, 111, 124, 105, 21, 36.12%, 1, 0, 3, 440.35, 75215, 147, 1, 0
173, 0, 111, 124, 105, 21, 36.12%, 1, 0, 3, 442.22, 77471, 147, 1, 0
178, 0, 111, 126, 107, 21, 36.12%, 1, 0, 3, 444.90, 79693, 147, 1, 0
183, 0, 111, 128, 109, 21, 36.12%, 1, 0, 3, 437.72, 81835, 147, 1, 0
188, 0, 91, 128, 106, 19, 36.12%, 1, 0, 3, 454.12, 84060, 147, 1, 0
193, 0, 108, 130, 107, 18, 36.12%, 1, 0, 3, 461.92, 86409, 147, 1, 0
198, 0, 58, 131, 106, 18, 36.61%, 1, 0, 3, 481.58, 88857, 149, 1, 0
203, 0, 113, 141, 115, 17, 37.59%, 1, 0, 4, 486.40, 91331, 153, 1, 0
208, 0, 113, 147, 121, 17, 37.84%, 1, 0, 4, 483.91, 93803, 154, 1, 0
213, 0, 113, 151, 125, 17, 37.84%, 1, 0, 4, 481.85, 96234, 154, 1, 0
218, 0, 113, 152, 126, 17, 37.84%, 1, 0, 4, 476.09, 98581, 154, 1, 0
224, 0, 113, 153, 127, 17, 37.84%, 1, 0, 4, 448.92, 100796, 154, 1, 0
229, 0, 137, 155, 127, 19, 37.84%, 1, 0, 4, 449.82, 103080, 154, 1, 0
234, 0, 45, 159, 129, 17, 38.08%, 1, 0, 4, 402.13, 105000, 155, 1, 0
239, 0, 45, 162, 132, 17, 38.08%, 1, 0, 4, 402.39, 107003, 155, 1, 0
244, 0, 45, 164, 134, 17, 38.08%, 1, 0, 4, 413.74, 109129, 155, 1, 0
249, 0, 45, 167, 137, 17, 38.08%, 1, 0, 4, 451.60, 111358, 155, 1, 0
254, 0, 45, 169, 139, 17, 38.08%, 1, 0, 4, 418.30, 113421, 155, 1, 0
259, 0, 45, 171, 141, 17, 38.08%, 1, 0, 4, 479.05, 115965, 155, 1, 0
264, 0, 168, 175, 144, 18, 38.08%, 1, 0, 4, 425.89, 118045, 155, 1, 0
270, 0, 168, 181, 150, 18, 38.08%, 1, 0, 4, 458.59, 120473, 155, 1, 0
275, 0, 168, 182, 151, 18, 38.08%, 1, 0, 4, 442.25, 122734, 155, 1, 0
280, 0, 168, 182, 151, 18, 38.08%, 1, 0, 4, 458.74, 125070, 155, 1, 0
285, 0, 168, 182, 151, 18, 38.08%, 1, 0, 4, 439.10, 127254, 155, 1, 0
290, 0, 168, 182, 151, 18, 38.08%, 1, 0, 4, 432.00, 129446, 155, 1, 0
295, 0, 67, 183, 150, 16, 38.08%, 1, 0, 4, 431.81, 131592, 155, 1, 0
300, 0, 67, 187, 154, 16, 38.08%, 1, 0, 4, 452.72, 133927, 155, 1, 0
305, 0, 67, 189, 156, 16, 38.08%, 1, 0, 4, 442.29, 136104, 155, 1, 0
310, 0, 67, 191, 158, 16, 38.08%, 1, 0, 4, 438.71, 138286, 155, 1, 0
315, 0, 67, 191, 158, 16, 38.08%, 1, 0, 4, 463.70, 140642, 155, 1, 0
320, 0, 67, 191, 158, 16, 38.08%, 1, 0, 4, 427.68, 142790, 155, 1, 0
325, 0, 67, 191, 158, 16, 38.08%, 1, 0, 4, 457.79, 145169, 155, 1, 0
331, 0, 67, 191, 158, 16, 38.08%, 1, 0, 4, 469.31, 147590, 155, 1, 0
336, 0, 67, 193, 160, 16, 38.08%, 1, 0, 4, 454.71, 149917, 155, 1, 0
341, 0, 67, 193, 160, 16, 38.08%, 1, 0, 4, 423.55, 152028, 155, 1, 0
346, 0, 67, 194, 161, 16, 38.08%, 1, 0, 4, 459.96, 154406, 155, 1, 0
351, 0, 67, 194, 161, 16, 38.08%, 1, 0, 4, 439.25, 156674, 155, 1, 0
356, 0, 67, 195, 162, 16, 38.08%, 1, 0, 4, 435.12, 158890, 155, 1, 0
361, 0, 67, 195, 162, 16, 38.08%, 1, 0, 4, 479.45, 161343, 155, 1, 0
366, 0, 67, 195, 162, 16, 38.08%, 1, 0, 4, 465.23, 163611, 155, 1, 0
371, 0, 67, 195, 162, 16, 38.08%, 1, 0, 4, 466.68, 166095, 155, 1, 0
376, 0, 67, 195, 162, 16, 38.08%, 1, 0, 4, 477.30, 168471, 155, 1, 0
381, 0, 67, 195, 162, 16, 38.08%, 1, 0, 4, 422.99, 170594, 155, 1, 0
386, 0, 67, 196, 163, 16, 38.08%, 1, 0, 4, 442.83, 172825, 155, 1, 0
391, 0, 67, 196, 163, 16, 38.08%, 1, 0, 4, 426.20, 174929, 155, 1, 0
397, 0, 67, 197, 164, 16, 38.08%, 1, 0, 4, 430.71, 177152, 155, 1, 0
402, 0, 67, 197, 164, 16, 38.08%, 1, 0, 4, 460.29, 179564, 155, 1, 0
407, 0, 67, 197, 164, 16, 38.08%, 1, 0, 4, 468.76, 181886, 155, 1, 0
412, 0, 89, 197, 161, 13, 38.08%, 1, 0, 4, 498.32, 184391, 155, 1, 0
417, 0, 157, 197, 158, 10, 38.08%, 1, 0, 4, 438.18, 186534, 155, 1, 0
422, 0, 62, 199, 155, 6, 38.33%, 1, 0, 4, 433.80, 188753, 156, 1, 0
427, 0, 35, 199, 150, 1, 38.33%, 1, 0, 4, 413.34, 190892, 156, 1, 0
432, 0, 62, 199, 147, 0, 38.33%, 1, 0, 4, 427.76, 193063, 156, 1, 0
437, 0, 199, 201, 147, 0, 38.57%, 1, 0, 5, 470.43, 195516, 157, 1, 0
442, 0, 64, 201, 144, 0, 38.57%, 1, 0, 5, 460.86, 197843, 157, 1, 0
447, 0, 175, 204, 143, 0, 38.57%, 1, 0, 6, 447.23, 200136, 157, 1, 0
453, 0, 10, 204, 139, 0, 38.57%, 1, 0, 6, 456.97, 202458, 157, 1, 0
458, 0, 101, 204, 136, 0, 38.57%, 1, 0, 6, 432.32, 204646, 157, 1, 0
463, 0, 125, 204, 134, 0, 38.57%, 1, 0, 6, 426.66, 206863, 157, 1, 0
468, 0, 179, 204, 130, 0, 38.57%, 1, 0, 6, 423.68, 209034, 157, 1, 0
473, 0, 30, 205, 128, 0, 38.57%, 1, 0, 6, 438.02, 211245, 157, 1, 0
478, 0, 144, 205, 126, 0, 38.57%, 1, 0, 6, 452.12, 213518, 157, 1, 0
483, 0, 104, 205, 125, 0, 38.57%, 1, 0, 6, 443.46, 215767, 157, 1, 0
488, 0, 27, 206, 123, 0, 38.57%, 1, 0, 6, 445.72, 217962, 157, 1, 0
493, 0, 16, 206, 121, 0, 38.57%, 1, 0, 6, 419.45, 220041, 157, 1, 0
498, 1, 96, 207, 121, 0, 38.57%, 1, 0, 6, 427.20, 222173, 157, 1, 0
503, 1, 148, 207, 118, 0, 38.57%, 1, 0, 6, 437.55, 224397, 157, 1, 0
508, 1, 114, 208, 115, 0, 38.57%, 1, 0, 6, 396.39, 226446, 157, 1, 0
513, 1, 198, 208, 111, 0, 38.57%, 1, 0, 6, 424.88, 228634, 157, 1, 0
519, 1, 143, 208, 107, 0, 38.57%, 1, 0, 6, 468.62, 231039, 157, 1, 0
524, 1, 8, 208, 104, 0, 38.57%, 1, 0, 6, 410.57, 233057, 157, 1, 0
529, 1, 118, 208, 101, 0, 38.57%, 1, 0, 6, 399.58, 235104, 157, 1, 0
534, 1, 97, 209, 98, 0, 38.57%, 1, 0, 6, 426.28, 237274, 157, 1, 0
539, 1, 99, 209, 96, 0, 38.57%, 1, 0, 6, 417.06, 239408, 157, 1, 0
544, 1, 22, 211, 95, 0, 38.57%, 1, 0, 6, 435.42, 241570, 157, 1, 0
549, 1, 144, 212, 93, 0, 38.57%, 1, 0, 6, 411.76, 243632, 157, 1, 0
554, 1, 94, 212, 90, 0, 38.57%, 1, 0, 6, 406.95, 245723, 157, 1, 0
559, 1, 7, 213, 87, 0, 38.57%, 1, 0, 6, 427.95, 247904, 157, 1, 0
564, 1, 134, 213, 83, 0, 38.57%, 1, 0, 6, 425.90, 250057, 157, 1, 0
569, 1, 34, 213, 79, 0, 38.57%, 1, 0, 6, 426.47, 252256, 157, 1, 0
574, 1, 209, 215, 77, 0, 38.57%, 1, 0, 6, 444.06, 254553, 157, 1, 0
579, 1, 213, 217, 78, 1, 38.57%, 1, 0, 6, 452.14, 256895, 157, 1, 0
585, 1, 213, 223, 84, 1, 38.57%, 1, 0, 6, 425.01, 258996, 157, 1, 0
590, 1, 213, 224, 85, 1, 38.57%, 1, 0, 6, 408.45, 261059, 157, 1, 0
595, 1, 213, 224, 85, 1, 38.57%, 1, 0, 6, 426.58, 263323, 157, 1, 0
600, 1, 213, 224, 85, 1, 38.57%, 1, 0, 6, 403.70, 265411, 157, 1, 0
605, 1, 213, 226, 87, 1, 38.82%, 1, 0, 6, 440.73, 267801, 158, 1, 0
610, 1, 213, 226, 87, 1, 38.82%, 1, 0, 6, 443.26, 270001, 158, 1, 0
615, 1, 54, 226, 84, 0, 38.82%, 1, 0, 6, 405.28, 272049, 158, 1, 0
620, 1, 165, 227, 81, 0, 38.82%, 1, 0, 6, 406.68, 274188, 158, 1, 0
625, 1, 144, 228, 77, 0, 38.82%, 1, 0, 6, 440.01, 276489, 158, 1, 0
631, 1, 74, 228, 74, 0, 38.82%, 1, 0, 6, 398.72, 278460, 158, 1, 0
636, 1, 229, 230, 73, 1, 39.07%, 1, 0, 6, 393.21, 280401, 159, 1, 0
641, 1, 102, 231, 73, 0, 39.07%, 1, 0, 6, 407.80, 282539, 159, 1, 0
646, 1, 169, 231, 68, 0, 39.07%, 1, 0, 6, 416.17, 284640, 159, 1, 0
651, 1, 220, 231, 65, 0, 39.07%, 1, 0, 6, 424.83, 286842, 159, 1, 0
656, 1, 122, 231, 62, 0, 39.07%, 1, 0, 6, 425.39, 289051, 159, 1, 0
661, 1, 23, 231, 58, 0, 39.07%, 1, 0, 6, 424.61, 291234, 159, 1, 0
666, 1, 231, 232, 56, 1, 39.31%, 1, 0, 6, 415.91, 293322, 160, 1, 0
671, 1, 33, 233, 53, 0, 39.56%, 1, 0, 6, 418.11, 295351, 161, 1, 0
677, 1, 181, 233, 48, 0, 39.56%, 1, 0, 6, 433.62, 297645, 161, 1, 0
682, 1, 231, 234, 47, 0, 39.56%, 1, 0, 6, 434.71, 299896, 161, 1, 0
687, 1, 155, 234, 47, 0, 39.56%, 1, 0, 6, 408.03, 301955, 161, 1, 0
692, 1, 84, 234, 45, 0, 39.56%, 1, 0, 6, 405.80, 304044, 161, 1, 0
697, 1, 224, 235, 43, 0, 39.56%, 1, 0, 6, 441.23, 306397, 161, 1, 0
702, 1, 228, 235, 42, 0, 39.56%, 1, 0, 6, 443.03, 308584, 161, 1, 0
707, 1, 221, 235, 38, 0, 39.56%, 1, 0, 6, 440.19, 310748, 161, 1, 0
712, 2, 256, 269, 70, 0, 41.52%, 1, 0, 6, 421.78, 312910, 169, 1, 0
717, 2, 244, 269, 69, 9, 41.52%, 1, 0, 6, 430.62, 315132, 169, 1, 0
723, 2, 246, 270, 68, 7, 41.52%, 1, 0, 6, 452.78, 317374, 169, 1, 0
728, 2, 263, 270, 66, 6, 41.52%, 1, 0, 6, 436.83, 319663, 169, 1, 0
733, 2, 259, 270, 62, 2, 41.52%, 1, 0, 6, 465.16, 322066, 169, 1, 0
738, 2, 249, 270, 61, 1, 41.52%, 1, 0, 6, 438.05, 324243, 169, 1, 0
743, 2, 257, 270, 58, 0, 41.52%, 1, 0, 6, 442.15, 326493, 169, 1, 0
748, 2, 214, 270, 55, 0, 41.52%, 2, 0, 6, 433.13, 328655, 169, 2, 0
753, 2, 251, 270, 53, 0, 41.52%, 2, 0, 6, 421.80, 330793, 169, 2, 0
758, 2, 225, 270, 50, 0, 41.52%, 2, 0, 6, 409.05, 332859, 169, 2, 0
763, 2, 109, 270, 46, 0, 41.52%, 2, 0, 6, 417.97, 335019, 169, 2, 0
768, 2, 262, 270, 44, 0, 41.52%, 3, 0, 6, 406.02, 337120, 169, 3, 0
773, 2, 153, 270, 40, 0, 41.52%, 3, 0, 6, 447.38, 339324, 169, 3, 0
778, 2, 250, 270, 39, 0, 41.52%, 3, 0, 6, 410.83, 341372, 169, 3, 0
783, 2, 240, 270, 36, 0, 41.52%, 3, 0, 6, 415.68, 343499, 169, 3, 0
788, 2, 269, 270, 34, 0, 41.52%, 3, 0, 6, 428.49, 345632, 169, 3, 0
793, 2, 24, 270, 32, 0, 41.52%, 3, 0, 6, 432.09, 347796, 169, 3, 0
798, 2, 241, 270, 31, 0, 41.52%, 3, 0, 6, 433.92, 349977, 169, 3, 0
803, 2, 184, 270, 28, 0, 41.52%, 3, 0, 6, 401.02, 351989, 169, 3, 0
808, 2, 237, 270, 25, 0, 41.52%, 3, 0, 6, 447.36, 354273, 169, 3, 0
813, 2, 208, 270, 23, 0, 41.52%, 4, 0, 6, 445.26, 356537, 169, 4, 0
818, 2, 138, 270, 21, 0, 41.52%, 4, 0, 6, 429.14, 358636, 169, 4, 0
823, 2, 247, 270, 20, 0, 41.52%, 4, 0, 6, 409.14, 360674, 169, 4, 0
829, 2, 131, 270, 18, 0, 41.52%, 4, 0, 6, 421.54, 362809, 169, 4, 0
834, 2, 235, 270, 18, 0, 41.52%, 4, 0, 6, 443.83, 365045, 169, 4, 0
839, 2, 224, 270, 16, 0, 41.52%, 4, 0, 6, 429.11, 367163, 169, 4, 0
844, 2, 12, 270, 14, 0, 41.52%, 4, 0, 6, 433.03, 369393, 169, 4, 0
849, 2, 28, 270, 14, 0, 41.52%, 4, 0, 6, 436.42, 371610, 169, 4, 0
854, 2, 210, 270, 14, 0, 41.52%, 4, 0, 6, 431.22, 373729, 169, 4, 0
859, 2, 222, 270, 13, 0, 41.52%, 4, 0, 6, 431.38, 375900, 169, 4, 0
864, 2, 219, 270, 12, 0, 41.52%, 4, 0, 6, 450.01, 378178, 169, 5, 0
869, 3, 285, 291, 30, 0, 47.91%, 5, 0, 6, 472.78, 380541, 195, 6, 0
874, 3, 275, 292, 29, 6, 47.91%, 5, 0, 6, 451.87, 382767, 195, 6, 0
879, 3, 278, 304, 40, 5, 47.91%, 5, 0, 6, 426.15, 384906, 195, 6, 0
884, 3, 304, 305, 40, 5, 47.91%, 5, 0, 6, 423.49, 386993, 195, 6, 0
889, 3, 312, 313, 47, 4, 47.91%, 5, 0, 6, 400.78, 388995, 195, 6, 0
894, 3, 280, 315, 47, 3, 47.91%, 5, 0, 6, 423.39, 391180, 195, 6, 0
899, 3, 271, 315, 45, 1, 47.91%, 5, 0, 6, 425.80, 393348, 195, 6, 0
904, 3, 296, 315, 43, 0, 47.91%, 5, 0, 6, 433.73, 395503, 195, 6, 0
