# relative_time, cycles_done, cur_item, corpus_count, pending_total, pending_favs, map_size, saved_crashes, saved_hangs, max_depth, execs_per_sec, total_execs, edges_found, total_crashes, servers_count
60, 0, 49, 108, 86, 8, 41.52%, 1, 0, 3, 461.52, 27612, 169, 1, 0
66, 0, 49, 114, 92, 8, 41.52%, 1, 0, 3, 479.65, 30004, 169, 1, 0
71, 0, 49, 115, 93, 8, 41.52%, 1, 0, 3, 451.92, 32234, 169, 1, 0
76, 0, 49, 116, 94, 8, 41.52%, 1, 0, 3, 459.12, 34600, 169, 1, 0
81, 0, 49, 119, 97, 8, 41.52%, 1, 0, 3, 458.02, 36835, 169, 1, 0
86, 0, 49, 120, 98, 8, 41.52%, 1, 0, 3, 446.16, 39128, 169, 1, 0
91, 0, 49, 121, 99, 8, 41.52%, 1, 0, 3, 434.90, 41279, 169, 1, 0
96, 0, 49, 123, 101, 8, 41.52%, 1, 0, 3, 401.59, 43357, 169, 1, 0
101, 0, 49, 125, 103, 8, 41.52%, 1, 0, 3, 414.28, 45411, 169, 1, 0
106, 0, 49, 126, 104, 8, 41.52%, 1, 0, 3, 441.63, 47666, 169, 1, 0
111, 0, 49, 127, 105, 8, 41.52%, 1, 0, 3, 444.15, 49897, 169, 1, 0
116, 0, 49, 129, 107, 8, 41.52%, 1, 0, 3, 468.07, 52286, 169, 1, 0
122, 0, 49, 129, 107, 8, 41.52%, 1, 0, 3, 450.26, 54509, 169, 1, 0
127, 0, 49, 130, 108, 8, 41.52%, 1, 0, 3, 423.13, 56694, 169, 1, 0
132, 0, 49, 130, 108, 8, 41.52%, 1, 0, 3, 455.05, 59025, 169, 1, 0
137, 0, 49, 130, 108, 8, 41.52%, 1, 0, 3, 412.70, 61158, 169, 1, 0
142, 0, 49, 131, 109, 8, 41.52%, 1, 0, 3, 406.09, 63261, 169, 2, 0
147, 0, 49, 133, 111, 8, 41.52%, 1, 0, 3, 404.24, 65363, 169, 2, 0
152, 0, 49, 133, 111, 8, 41.52%, 1, 0, 3, 421.59, 67523, 169, 2, 0
157, 0, 49, 133, 111, 8, 41.52%, 1, 0, 3, 446.06, 69837, 169, 2, 0
162, 0, 49, 133, 111, 8, 41.52%, 1, 0, 3, 443.07, 72123, 169, 2, 0
167, 0, 31, 134, 111, 14, 41.52%, 1, 0, 3, 462.91, 74406, 169, 2, 0
172, 0, 30, 146, 120, 12, 41.52%, 1, 0, 3, 458.59, 76698, 169, 2, 0
177, 0, 112, 151, 124, 11, 41.52%, 1, 0, 4, 434.74, 78886, 169, 2, 0
183, 0, 112, 180, 153, 11, 43.24%, 2, 0, 4, 437.05, 81121, 176, 5, 0
188, 0, 112, 183, 156, 11, 43.24%, 2, 0, 4, 407.40, 83110, 176, 5, 0
193, 0, 112, 183, 156, 11, 43.24%, 2, 0, 4, 417.98, 85350, 176, 5, 0
198, 0, 112, 184, 157, 11, 43.24%, 2, 0, 4, 426.72, 87469, 176, 6, 0
203, 0, 112, 184, 157, 11, 43.24%, 2, 0, 4, 440.07, 89717, 176, 6, 0
208, 0, 112, 184, 157, 11, 43.24%, 2, 0, 4, 418.44, 91709, 176, 6, 0
213, 0, 112, 185, 158, 11, 43.49%, 2, 0, 4, 445.99, 93908, 177, 6, 0
218, 0, 112, 185, 158, 11, 43.49%, 2, 0, 4, 428.90, 96116, 177, 6, 0
223, 0, 112, 187, 160, 11, 43.49%, 3, 0, 4, 434.84, 98378, 177, 8, 0
228, 0, 112, 187, 160, 11, 43.49%, 3, 0, 4, 440.52, 100530, 177, 9, 0
233, 0, 112, 188, 161, 11, 43.49%, 3, 0, 4, 426.80, 102705, 177, 9, 0
239, 0, 112, 188, 161, 11, 43.49%, 3, 0, 4, 406.71, 104787, 177, 9, 0
244, 0, 112, 188, 161, 11, 43.49%, 3, 0, 4, 434.94, 107121, 177, 10, 0
249, 0, 184, 188, 160, 15, 43.49%, 3, 0, 4, 451.41, 109434, 177, 10, 0
254, 0, 88, 189, 160, 14, 43.49%, 3, 0, 4, 432.24, 111675, 177, 10, 0
259, 0, 73, 192, 161, 12, 43.49%, 3, 0, 4, 453.95, 113955, 177, 10, 0
264, 0, 198, 207, 175, 13, 44.23%, 3, 0, 4, 475.14, 116317, 180, 10, 0
269, 0, 186, 207, 173, 11, 44.23%, 3, 0, 4, 464.91, 118702, 180, 10, 0
274, 0, 64, 207, 171, 9, 44.23%, 3, 0, 4, 453.76, 120897, 180, 10, 0
279, 0, 64, 232, 196, 9, 44.72%, 3, 0, 4, 477.43, 123308, 182, 10, 0
284, 0, 64, 238, 202, 9, 44.72%, 3, 0, 4, 440.17, 125503, 182, 10, 0
289, 0, 64, 240, 204, 9, 44.72%, 3, 0, 4, 436.50, 127765, 182, 10, 0
294, 0, 64, 240, 204, 9, 44.72%, 3, 0, 4, 403.41, 129853, 182, 10, 0
299, 0, 64, 240, 204, 9, 44.72%, 3, 0, 4, 420.49, 131957, 182, 10, 0
305, 0, 64, 241, 205, 9, 44.72%, 3, 0, 4, 411.37, 134036, 182, 10, 0
310, 0, 64, 241, 205, 9, 44.72%, 3, 0, 4, 428.63, 136180, 182, 10, 0
315, 0, 64, 241, 205, 9, 44.72%, 3, 0, 4, 448.36, 138452, 182, 10, 0
320, 0, 64, 242, 206, 9, 44.72%, 3, 0, 4, 450.80, 140627, 182, 10, 0
325, 0, 64, 242, 206, 9, 44.72%, 3, 0, 4, 453.76, 142923, 182, 10, 0
330, 0, 64, 242, 206, 9, 44.72%, 3, 0, 4, 439.07, 145075, 182, 10, 0
335, 0, 64, 242, 206, 9, 44.72%, 3, 0, 4, 431.09, 147323, 182, 10, 0
340, 0, 64, 242, 206, 9, 44.72%, 3, 0, 4, 424.37, 149411, 182, 10, 0
345, 0, 64, 242, 206, 9, 44.72%, 3, 0, 4, 391.72, 151445, 182, 10, 0
350, 0, 64, 242, 206, 9, 44.72%, 3, 0, 4, 462.75, 153888, 182, 10, 0
356, 0, 64, 243, 207, 9, 44.72%, 3, 0, 4, 448.74, 156130, 182, 10, 0
361, 0, 64, 243, 207, 9, 44.72%, 3, 0, 4, 493.41, 158822, 182, 10, 0
366, 0, 64, 243, 207, 9, 44.72%, 3, 0, 4, 507.58, 161329, 182, 10, 0
371, 0, 209, 243, 204, 7, 44.72%, 3, 0, 4, 452.20, 163590, 182, 10, 0
376, 0, 236, 243, 202, 7, 44.72%, 3, 0, 4, 449.70, 165804, 182, 10, 0
381, 0, 124, 250, 208, 6, 44.72%, 3, 0, 4, 429.71, 167999, 182, 10, 0
386, 0, 124, 269, 227, 6, 44.96%, 3, 0, 4, 517.03, 170830, 183, 10, 0
391, 0, 260, 269, 225, 6, 44.96%, 3, 0, 4, 463.02, 173032, 183, 10, 0
396, 0, 8, 271, 225, 6, 45.45%, 3, 0, 4, 450.69, 175297, 185, 10, 0
401, 0, 8, 273, 227, 6, 45.70%, 3, 0, 4, 434.40, 177540, 186, 10, 0
406, 0, 8, 273, 227, 6, 45.70%, 3, 0, 4, 387.21, 179433, 186, 10, 0
411, 0, 8, 273, 227, 6, 45.70%, 3, 0, 4, 405.83, 181420, 186, 10, 0
416, 0, 158, 273, 225, 5, 45.70%, 3, 0, 4, 436.90, 183708, 186, 10, 0
421, 0, 167, 273, 223, 3, 45.70%, 3, 0, 4, 458.77, 186071, 186, 10, 0
426, 0, 17, 275, 223, 2, 45.70%, 3, 0, 5, 435.54, 188197, 186, 10, 0
432, 0, 213, 276, 222, 0, 45.70%, 3, 0, 5, 476.14, 190653, 186, 10, 0
437, 0, 37, 276, 220, 0, 45.70%, 3, 0, 5, 454.16, 193009, 186, 10, 0
442, 0, 277, 281, 225, 1, 47.91%, 3, 0, 5, 428.26, 195229, 195, 10, 0
447, 0, 97, 295, 237, 1, 48.16%, 3, 0, 5, 465.67, 197636, 196, 10, 0
452, 0, 292, 295, 235, 1, 48.16%, 3, 0, 5, 447.21, 199791, 196, 10, 0
457, 0, 111, 295, 234, 0, 48.16%, 3, 0, 5, 440.42, 202075, 196, 10, 0
462, 0, 26, 295, 232, 0, 48.16%, 3, 0, 5, 424.93, 204274, 196, 10, 0
467, 0, 121, 295, 230, 0, 48.16%, 3, 0, 5, 447.26, 206516, 196, 10, 0
472, 0, 240, 295, 227, 0, 48.16%, 3, 0, 5, 474.07, 208960, 196, 10, 0
478, 0, 257, 295, 225, 0, 48.16%, 3, 0, 5, 467.97, 211352, 196, 10, 0
483, 0, 150, 296, 225, 0, 48.16%, 3, 0, 5, 467.71, 213723, 196, 10, 0
488, 0, 67, 296, 223, 0, 48.16%, 3, 0, 5, 446.35, 216053, 196, 10, 0
493, 0, 235, 296, 221, 0, 48.16%, 3, 0, 5, 453.71, 218347, 196, 10, 0
498, 0, 137, 296, 218, 0, 48.16%, 3, 0, 5, 419.46, 220467, 196, 10, 0
503, 0, 201, 296, 217, 0, 48.16%, 3, 0, 5, 441.81, 222636, 196, 11, 0
508, 0, 40, 296, 214, 0, 48.16%, 3, 0, 5, 444.71, 224872, 196, 11, 0
513, 0, 127, 296, 213, 0, 48.16%, 3, 0, 5, 401.21, 226912, 196, 11, 0
518, 0, 137, 298, 213, 0, 48.16%, 3, 0, 5, 390.78, 228912, 196, 11, 0
523, 0, 143, 298, 211, 0, 48.16%, 3, 0, 5, 442.32, 231183, 196, 11, 0
529, 0, 194, 298, 209, 0, 48.16%, 3, 0, 5, 413.22, 233285, 196, 11, 0
534, 0, 245, 298, 207, 0, 48.16%, 3, 0, 5, 404.66, 235325, 196, 11, 0
539, 0, 292, 299, 206, 0, 48.16%, 3, 0, 5, 410.45, 237411, 196, 11, 0
544, 0, 195, 300, 206, 0, 48.40%, 3, 0, 5, 422.39, 239569, 197, 11, 0
549, 0, 120, 300, 204, 0, 48.40%, 3, 0, 5, 450.83, 241923, 197, 11, 0
554, 0, 247, 300, 203, 0, 48.40%, 3, 0, 5, 509.49, 244504, 197, 11, 0
559, 0, 169, 300, 201, 0, 48.40%, 3, 0, 5, 467.68, 246844, 197, 11, 0
564, 0, 36, 300, 199, 0, 48.40%, 3, 0, 5, 442.24, 249082, 197, 11, 0
569, 0, 300, 301, 198, 1, 48.40%, 3, 0, 5, 435.86, 251255, 197, 11, 0
574, 0, 167, 301, 196, 0, 48.40%, 3, 0, 5, 435.42, 253471, 197, 11, 0
579, 0, 292, 301, 195, 0, 48.40%, 3, 0, 5, 424.68, 255663, 197, 11, 0
585, 0, 187, 302, 196, 0, 48.40%, 3, 0, 5, 411.92, 257756, 197, 11, 0
590, 0, 296, 302, 194, 0, 48.40%, 3, 0, 5, 418.09, 259941, 197, 11, 0
595, 0, 218, 303, 193, 0, 48.40%, 3, 0, 6, 437.96, 262141, 197, 11, 0
600, 0, 161, 303, 191, 0, 48.40%, 3, 0, 6, 444.14, 264346, 197, 11, 0
605, 0, 221, 303, 189, 0, 48.40%, 3, 0, 6, 425.35, 266466, 197, 11, 0
610, 0, 204, 305, 190, 0, 48.65%, 3, 0, 6, 467.41, 268863, 198, 11, 0
615, 0, 227, 305, 189, 0, 48.65%, 3, 0, 6, 428.24, 270988, 198, 11, 0
620, 0, 252, 305, 188, 0, 48.65%, 3, 0, 6, 447.57, 273290, 198, 11, 0
625, 0, 291, 306, 188, 0, 48.65%, 3, 0, 6, 427.24, 275511, 198, 11, 0
631, 0, 306, 307, 188, 1, 48.65%, 3, 0, 6, 426.56, 277648, 198, 11, 0
636, 0, 161, 307, 185, 0, 48.65%, 3, 0, 6, 474.20, 280045, 198, 11, 0
641, 0, 7, 307, 183, 0, 48.65%, 3, 0, 6, 466.66, 282350, 198, 11, 0
646, 0, 28, 307, 181, 0, 48.65%, 3, 0, 6, 476.25, 284722, 198, 11, 0
651, 0, 88, 307, 178, 0, 48.65%, 3, 0, 6, 472.10, 287097, 198, 11, 0
656, 0, 164, 307, 178, 0, 48.65%, 3, 0, 6, 447.49, 289252, 198, 11, 0
661, 0, 110, 307, 176, 0, 48.65%, 3, 0, 6, 505.37, 291884, 198, 11, 0
666, 0, 122, 307, 175, 0, 48.65%, 3, 0, 6, 463.81, 294193, 198, 11, 0
671, 0, 259, 308, 175, 0, 48.65%, 3, 0, 6, 432.82, 296324, 198, 11, 0
676, 0, 305, 308, 173, 0, 48.65%, 3, 0, 6, 422.22, 298362, 198, 11, 0
681, 0, 37, 308, 172, 0, 48.65%, 3, 0, 6, 429.95, 300530, 198, 11, 0
687, 0, 260, 308, 170, 0, 48.65%, 3, 0, 6, 431.94, 302692, 198, 11, 0
692, 1, 0, 308, 170, 0, 48.65%, 3, 0, 6, 415.81, 304748, 198, 11, 0
697, 1, 202, 310, 169, 0, 49.14%, 3, 0, 6, 425.41, 306895, 200, 11, 0
702, 1, 90, 311, 168, 0, 49.14%, 3, 0, 6, 412.93, 308940, 200, 11, 0
707, 1, 274, 311, 166, 0, 49.14%, 3, 0, 6, 411.32, 311010, 200, 11, 0
712, 1, 313, 314, 167, 2, 49.39%, 3, 0, 6, 424.51, 313246, 201, 11, 0
717, 1, 312, 314, 166, 1, 49.39%, 3, 0, 6, 405.30, 315332, 201, 11, 0
722, 1, 311, 315, 165, 0, 49.39%, 3, 0, 7, 429.95, 317512, 201, 11, 0
727, 1, 283, 316, 164, 0, 49.39%, 3, 0, 7, 423.65, 319623, 201, 11, 0
732, 1, 109, 316, 161, 0, 49.39%, 3, 0, 7, 422.35, 321744, 201, 11, 0
738, 1, 88, 316, 158, 0, 49.39%, 3, 0, 7, 416.03, 323886, 201, 11, 0
743, 1, 291, 316, 156, 0, 49.39%, 3, 0, 7, 421.69, 326128, 201, 11, 0
748, 1, 46, 316, 155, 0, 49.39%, 3, 0, 7, 423.46, 328288, 201, 11, 0
753, 1, 129, 316, 153, 0, 49.39%, 3, 0, 7, 430.38, 330492, 201, 11, 0
758, 1, 310, 317, 152, 0, 49.39%, 3, 0, 7, 412.80, 332589, 201, 11, 0
763, 1, 92, 317, 150, 0, 49.39%, 3, 0, 7, 453.53, 334919, 201, 11, 0
768, 1, 53, 317, 148, 0, 49.39%, 3, 0, 7, 438.97, 337119, 201, 11, 0
773, 1, 290, 317, 147, 0, 49.39%, 3, 0, 7, 421.75, 339217, 201, 11, 0
778, 1, 205, 318, 145, 0, 49.39%, 3, 0, 7, 464.91, 341607, 201, 11, 0
783, 1, 133, 318, 143, 0, 49.39%, 3, 0, 7, 440.55, 343782, 201, 12, 0
788, 1, 167, 318, 141, 0, 49.39%, 3, 0, 7, 415.02, 345842, 201, 12, 0
794, 1, 50, 318, 139, 0, 49.39%, 3, 0, 7, 434.64, 348050, 201, 12, 0
799, 1, 307, 318, 137, 0, 49.39%, 3, 0, 7, 449.89, 350383, 201, 12, 0
804, 1, 95, 318, 134, 0, 49.39%, 3, 0, 7, 446.40, 352548, 201, 12, 0
809, 1, 160, 318, 132, 0, 49.39%, 3, 0, 7, 443.02, 354702, 201, 12, 0
814, 1, 287, 319, 132, 0, 49.39%, 3, 0, 7, 408.99, 356753, 201, 12, 0
819, 1, 175, 319, 129, 0, 49.39%, 3, 0, 7, 458.81, 359091, 201, 12, 0
824, 1, 236, 320, 128, 0, 49.39%, 3, 0, 7, 456.84, 361421, 201, 12, 0
829, 1, 177, 321, 129, 0, 49.39%, 3, 0, 7, 419.28, 363505, 201, 12, 0
834, 1, 149, 321, 127, 0, 49.39%, 3, 0, 7, 472.43, 365887, 201, 12, 0
839, 1, 151, 321, 124, 0, 49.39%, 3, 0, 7, 482.94, 368406, 201, 12, 0
844, 1, 114, 321, 122, 0, 49.39%, 3, 0, 7, 462.53, 370673, 201, 12, 0
850, 1, 19, 321, 120, 0, 49.39%, 3, 0, 7, 475.58, 373071, 201, 12, 0
855, 1, 77, 321, 117, 0, 49.39%, 3, 0, 7, 487.90, 375509, 201, 12, 0
860, 1, 131, 321, 115, 0, 49.39%, 3, 0, 7, 483.26, 377949, 201, 12, 0
865, 1, 55, 321, 112, 0, 49.39%, 3, 0, 7, 448.78, 380222, 201, 12, 0
870, 1, 161, 321, 110, 0, 49.39%, 3, 0, 7, 437.93, 382521, 201, 12, 0
875, 1, 248, 321, 109, 0, 49.39%, 3, 0, 7, 454.25, 384863, 201, 12, 0
880, 1, 291, 321, 106, 0, 49.39%, 3, 0, 7, 478.51, 387458, 201, 12, 0
885, 1, 11, 321, 104, 0, 49.39%, 3, 0, 7, 502.16, 390011, 201, 12, 0
890, 1, 132, 321, 102, 0, 49.39%, 3, 0, 7, 449.89, 392289, 201, 12, 0
896, 1, 299, 321, 100, 0, 49.39%, 3, 0, 7, 458.67, 394594, 201, 12, 0
901, 1, 20, 321, 98, 0, 49.39%, 3, 0, 7, 475.07, 397116, 201, 12, 0
902, 1, 148, 321, 97, 0, 49.39%, 3, 0, 7, 467.40, 397894, 201, 12, 0
