# relative_time, cycles_done, cur_item, corpus_count, pending_total, pending_favs, map_size, saved_crashes, saved_hangs, max_depth, execs_per_sec, total_execs, edges_found, total_crashes, servers_count
60, 0, 9, 68, 63, 3, 30.96%, 0, 0, 2, 430.58, 28123, 126, 0, 0
65, 0, 9, 69, 64, 3, 30.96%, 0, 0, 2, 449.21, 30394, 126, 0, 0
70, 0, 9, 69, 64, 3, 30.96%, 0, 0, 2, 437.99, 32587, 126, 0, 0
76, 0, 9, 69, 64, 3, 30.96%, 0, 0, 2, 431.13, 34779, 126, 0, 0
81, 0, 9, 70, 65, 3, 30.96%, 0, 0, 2, 436.98, 36954, 126, 0, 0
86, 0, 9, 71, 66, 3, 30.96%, 0, 0, 2, 440.97, 39146, 126, 0, 0
91, 0, 9, 72, 67, 3, 30.96%, 0, 0, 2, 406.47, 41241, 126, 0, 0
96, 0, 9, 73, 68, 3, 30.96%, 0, 0, 2, 431.85, 43488, 126, 0, 0
101, 0, 9, 73, 68, 3, 30.96%, 0, 0, 2, 432.99, 45616, 126, 0, 0
106, 0, 9, 74, 69, 3, 30.96%, 0, 0, 2, 423.33, 47727, 126, 0, 0
111, 0, 9, 75, 70, 3, 30.96%, 0, 0, 2, 418.21, 49854, 126, 0, 0
116, 0, 9, 76, 71, 3, 30.96%, 0, 0, 2, 417.76, 51949, 126, 0, 0
121, 0, 9, 76, 71, 3, 30.96%, 0, 0, 2, 437.36, 54173, 126, 0, 0
126, 0, 74, 134, 126, 34, 43.73%, 0, 0, 3, 446.21, 56416, 178, 0, 0
131, 0, 74, 138, 130, 34, 43.73%, 0, 0, 3, 449.59, 58756, 178, 0, 0
136, 0, 74, 144, 136, 34, 43.73%, 0, 0, 3, 463.35, 61035, 178, 0, 0
141, 0, 74, 145, 137, 34, 43.73%, 0, 0, 3, 443.19, 63213, 178, 0, 0
147, 0, 74, 147, 139, 34, 43.73%, 0, 0, 3, 476.12, 65674, 178, 0, 0
152, 0, 74, 148, 140, 34, 43.73%, 0, 0, 3, 449.78, 67805, 178, 0, 0
157, 0, 74, 150, 142, 34, 43.73%, 0, 0, 3, 460.44, 70170, 178, 0, 0
162, 0, 74, 152, 144, 34, 43.73%, 0, 0, 3, 425.79, 72289, 178, 0, 0
167, 0, 74, 153, 145, 34, 43.73%, 0, 0, 3, 448.17, 74560, 178, 0, 0
172, 0, 74, 154, 146, 34, 43.73%, 0, 0, 3, 480.11, 77029, 178, 0, 0
177, 0, 74, 155, 147, 34, 43.73%, 0, 0, 3, 468.45, 79412, 178, 0, 0
182, 0, 74, 155, 147, 34, 43.73%, 0, 0, 3, 435.81, 81630, 178, 0, 0
187, 0, 74, 157, 149, 34, 43.73%, 0, 0, 3, 443.13, 83836, 178, 0, 0
192, 0, 74, 157, 149, 34, 43.73%, 0, 0, 3, 437.06, 86004, 178, 0, 0
197, 0, 74, 157, 149, 34, 43.73%, 0, 0, 3, 468.95, 88345, 178, 0, 0
202, 0, 74, 159, 151, 34, 43.73%, 0, 0, 3, 439.72, 90562, 178, 0, 0
207, 0, 74, 159, 151, 34, 43.73%, 0, 0, 3, 433.97, 92746, 178, 0, 0
212, 0, 145, 160, 147, 27, 43.73%, 0, 0, 4, 450.52, 95056, 178, 0, 0
218, 0, 51, 161, 146, 25, 43.73%, 0, 0, 4, 485.38, 97481, 178, 0, 0
223, 0, 3, 162, 145, 24, 43.98%, 0, 0, 4, 456.44, 99733, 179, 0, 0
228, 0, 135, 168, 150, 23, 43.98%, 0, 0, 4, 442.17, 101934, 179, 0, 0
233, 0, 135, 169, 151, 23, 43.98%, 0, 0, 4, 413.42, 104037, 179, 0, 0
238, 0, 135, 170, 152, 23, 43.98%, 0, 0, 4, 428.69, 106196, 179, 0, 0
243, 0, 135, 171, 153, 23, 43.98%, 0, 0, 4, 433.55, 108435, 179, 0, 0
248, 0, 135, 172, 154, 23, 43.98%, 0, 0, 4, 443.27, 110682, 179, 0, 0
253, 0, 135, 174, 156, 23, 43.98%, 0, 0, 4, 420.61, 112800, 179, 0, 0
258, 0, 135, 174, 156, 23, 43.98%, 0, 0, 4, 416.72, 114944, 179, 0, 0
263, 0, 135, 174, 156, 23, 43.98%, 0, 0, 4, 399.34, 117104, 179, 0, 0
268, 0, 135, 174, 156, 23, 43.98%, 0, 0, 4, 414.94, 119280, 179, 0, 0
274, 0, 135, 176, 158, 23, 44.23%, 0, 0, 4, 431.25, 121454, 180, 0, 0
279, 0, 135, 176, 158, 23, 44.23%, 0, 0, 4, 439.72, 123638, 180, 0, 0
284, 0, 135, 176, 158, 23, 44.23%, 0, 0, 4, 420.06, 125742, 180, 0, 0
289, 0, 135, 176, 158, 23, 44.23%, 0, 0, 4, 425.67, 127846, 180, 0, 0
294, 0, 106, 176, 157, 23, 44.23%, 0, 0, 4, 411.05, 129878, 180, 0, 0
299, 0, 105, 176, 154, 21, 44.23%, 0, 0, 4, 442.21, 132154, 180, 0, 0
302, 0, 185, 186, 163, 20, 44.23%, 0, 0, 4, 417.40, 133571, 180, 0, 0
