# relative_time, cycles_done, cur_item, corpus_count, pending_total, pending_favs, map_size, saved_crashes, saved_hangs, max_depth, execs_per_sec, total_execs, edges_found, total_crashes, servers_count
61, 0, 8, 48, 40, 16, 23.59%, 0, 0, 2, 403.60, 24907, 96, 0, 0
66, 0, 8, 48, 40, 16, 23.59%, 0, 0, 2, 378.01, 26803, 96, 0, 0
71, 0, 8, 49, 41, 16, 25.31%, 0, 0, 2, 398.72, 28826, 103, 0, 0
76, 0, 8, 49, 41, 16, 25.31%, 0, 0, 2, 384.95, 30772, 103, 0, 0
81, 0, 8, 50, 42, 16, 25.31%, 0, 0, 2, 382.82, 32669, 103, 0, 0
86, 0, 8, 50, 42, 16, 25.31%, 0, 0, 2, 374.06, 34608, 103, 0, 0
91, 0, 8, 50, 42, 16, 25.31%, 0, 0, 2, 390.95, 36610, 103, 0, 0
96, 0, 8, 50, 42, 16, 25.31%, 0, 0, 2, 390.02, 38570, 103, 0, 0
101, 0, 8, 50, 42, 16, 25.31%, 0, 0, 2, 418.37, 40697, 103, 0, 0
106, 0, 8, 50, 42, 16, 25.31%, 0, 0, 2, 377.08, 42588, 103, 0, 0
111, 0, 8, 50, 42, 16, 25.31%, 0, 0, 2, 371.92, 44429, 103, 0, 0
117, 0, 8, 50, 42, 16, 25.31%, 0, 0, 2, 386.56, 46417, 103, 0, 0
122, 0, 8, 50, 42, 16, 25.31%, 0, 0, 2, 404.81, 48481, 103, 0, 0
127, 0, 8, 50, 42, 16, 25.31%, 0, 0, 2, 373.87, 50330, 103, 0, 0
132, 0, 8, 50, 42, 16, 25.31%, 0, 0, 2, 364.17, 52178, 103, 0, 0
137, 0, 8, 50, 42, 16, 25.31%, 0, 0, 2, 390.47, 54208, 103, 0, 0
142, 0, 8, 50, 42, 16, 25.31%, 0, 0, 2, 383.96, 56147, 103, 0, 0
147, 0, 8, 50, 42, 16, 25.31%, 0, 0, 2, 385.47, 58121, 103, 0, 0
152, 0, 8, 50, 42, 16, 25.31%, 0, 0, 2, 387.29, 60081, 103, 0, 0
157, 0, 9, 53, 44, 19, 26.04%, 0, 0, 2, 408.98, 62170, 106, 0, 0
162, 0, 9, 66, 57, 19, 31.20%, 0, 0, 2, 400.82, 64284, 127, 0, 0
168, 0, 9, 74, 65, 19, 32.92%, 0, 0, 2, 398.81, 66239, 134, 0, 0
173, 0, 9, 78, 69, 19, 32.92%, 0, 0, 2, 422.56, 68402, 134, 0, 0
178, 0, 9, 79, 70, 19, 32.92%, 0, 0, 2, 433.21, 70610, 134, 0, 0
183, 0, 9, 79, 70, 19, 32.92%, 0, 0, 2, 441.14, 72875, 134, 0, 0
188, 0, 9, 81, 72, 19, 32.92%, 0, 0, 2, 450.40, 75161, 134, 0, 0
193, 0, 9, 82, 73, 19, 32.92%, 0, 0, 2, 452.41, 77474, 134, 0, 0
198, 0, 9, 82, 73, 19, 32.92%, 0, 0, 2, 417.04, 79561, 134, 0, 0
203, 0, 9, 85, 76, 19, 33.42%, 0, 0, 2, 448.86, 81762, 136, 0, 0
208, 0, 9, 86, 77, 19, 33.42%, 0, 0, 2, 465.21, 83965, 136, 0, 0
213, 0, 9, 88, 79, 19, 34.40%, 0, 0, 2, 447.99, 86238, 140, 0, 0
218, 0, 9, 90, 81, 19, 34.64%, 0, 0, 2, 453.33, 88637, 141, 0, 0
223, 0, 9, 90, 81, 19, 34.64%, 0, 0, 2, 436.47, 90769, 141, 0, 0
228, 0, 9, 90, 81, 19, 34.64%, 0, 0, 2, 410.73, 92865, 141, 0, 0
234, 0, 9, 90, 81, 19, 34.64%, 0, 0, 2, 441.63, 95081, 141, 0, 0
239, 0, 9, 90, 81, 19, 34.64%, 0, 0, 2, 418.15, 97145, 141, 0, 0
244, 0, 9, 90, 81, 19, 34.64%, 0, 0, 2, 441.72, 99370, 141, 0, 0
249, 0, 11, 90, 79, 24, 34.64%, 0, 0, 2, 433.63, 101519, 141, 0, 0
254, 0, 21, 92, 72, 15, 34.89%, 0, 0, 3, 420.65, 103659, 142, 0, 0
259, 0, 50, 98, 75, 13, 35.38%, 1, 0, 3, 419.47, 105736, 144, 1, 0
264, 0, 50, 101, 78, 13, 35.38%, 1, 0, 3, 414.47, 107893, 144, 1, 0
269, 0, 50, 102, 79, 13, 35.38%, 1, 0, 3, 444.12, 110276, 144, 1, 0
274, 0, 50, 102, 79, 13, 35.38%, 1, 0, 3, 448.44, 112569, 144, 1, 0
279, 0, 82, 107, 81, 11, 36.36%, 1, 0, 3, 484.72, 115045, 148, 1, 0
284, 0, 82, 120, 94, 11, 36.61%, 1, 0, 3, 448.16, 117314, 149, 1, 0
289, 0, 82, 123, 97, 11, 36.86%, 1, 0, 3, 466.53, 119741, 150, 1, 0
295, 0, 82, 124, 98, 11, 36.86%, 1, 0, 3, 453.38, 122025, 150, 1, 0
300, 0, 82, 125, 99, 11, 36.86%, 1, 0, 3, 429.48, 124181, 150, 1, 0
305, 0, 82, 126, 100, 11, 36.86%, 1, 0, 3, 454.93, 126516, 150, 1, 0
310, 0, 82, 128, 102, 11, 36.86%, 1, 0, 3, 443.68, 128834, 150, 1, 0
315, 0, 82, 130, 104, 11, 36.86%, 1, 0, 3, 482.96, 131337, 150, 1, 0
320, 0, 82, 131, 105, 11, 36.86%, 1, 0, 3, 460.49, 133657, 150, 1, 0
325, 0, 82, 131, 105, 11, 36.86%, 1, 0, 3, 441.60, 135935, 150, 1, 0
330, 0, 82, 133, 107, 11, 36.86%, 1, 0, 3, 476.89, 138414, 150, 1, 0
335, 0, 82, 133, 107, 11, 36.86%, 1, 0, 3, 458.98, 140736, 150, 1, 0
341, 0, 82, 134, 108, 11, 36.86%, 1, 0, 3, 582.03, 143121, 150, 1, 0
346, 0, 82, 135, 109, 11, 36.86%, 1, 0, 3, 471.54, 145412, 150, 1, 0
351, 0, 82, 135, 109, 11, 36.86%, 1, 0, 3, 460.25, 147734, 150, 1, 0
356, 0, 82, 135, 109, 11, 36.86%, 1, 0, 3, 428.04, 149851, 150, 1, 0
361, 0, 82, 135, 109, 11, 36.86%, 1, 0, 3, 420.24, 151947, 150, 1, 0
366, 0, 84, 136, 109, 12, 36.86%, 1, 0, 3, 438.78, 154235, 150, 1, 0
371, 0, 86, 148, 120, 11, 36.86%, 1, 0, 3, 444.54, 156445, 150, 1, 0
376, 0, 86, 150, 122, 11, 36.86%, 1, 0, 3, 439.43, 158619, 150, 1, 0
381, 0, 86, 151, 123, 11, 36.86%, 1, 0, 3, 425.86, 160730, 150, 1, 0
386, 0, 86, 151, 123, 11, 36.86%, 1, 0, 3, 428.13, 162826, 150, 1, 0
391, 0, 86, 152, 124, 11, 36.86%, 1, 0, 3, 414.84, 164873, 150, 1, 0
396, 0, 86, 152, 124, 11, 36.86%, 1, 0, 3, 435.37, 167193, 150, 1, 0
401, 0, 86, 152, 124, 11, 36.86%, 1, 0, 3, 478.29, 169650, 150, 1, 0
406, 0, 86, 152, 124, 11, 36.86%, 1, 0, 3, 422.02, 171665, 150, 1, 0
412, 0, 86, 153, 125, 11, 36.86%, 1, 0, 3, 387.97, 173649, 150, 1, 0
417, 0, 86, 155, 127, 11, 36.86%, 1, 0, 3, 420.28, 175822, 150, 1, 0
422, 0, 86, 156, 128, 11, 36.86%, 1, 0, 3, 389.89, 177779, 150, 1, 0
427, 0, 86, 156, 128, 11, 36.86%, 1, 0, 3, 397.94, 179739, 150, 1, 0
432, 0, 86, 156, 128, 11, 36.86%, 1, 0, 3, 430.65, 181957, 150, 1, 0
437, 0, 86, 156, 128, 11, 36.86%, 1, 0, 3, 422.12, 184053, 150, 1, 0
442, 0, 86, 156, 128, 11, 36.86%, 1, 0, 3, 414.14, 186133, 150, 1, 0
447, 0, 86, 156, 128, 11, 36.86%, 1, 0, 3, 432.33, 188325, 150, 1, 0
452, 0, 86, 156, 128, 11, 36.86%, 1, 0, 3, 430.27, 190493, 150, 1, 0
457, 0, 86, 156, 128, 11, 36.86%, 1, 0, 3, 431.28, 192685, 150, 1, 0
462, 0, 86, 157, 129, 11, 36.86%, 1, 0, 3, 421.28, 194820, 150, 1, 0
467, 0, 86, 157, 129, 11, 36.86%, 1, 0, 3, 445.17, 197053, 150, 1, 0
472, 0, 86, 157, 129, 11, 36.86%, 1, 0, 3, 424.22, 199261, 150, 1, 0
477, 0, 86, 157, 129, 11, 36.86%, 1, 0, 3, 420.56, 201389, 150, 1, 0
482, 0, 86, 158, 130, 11, 36.86%, 1, 0, 3, 428.41, 203604, 150, 1, 0
488, 0, 86, 158, 130, 11, 36.86%, 1, 0, 3, 421.45, 205676, 150, 1, 0
493, 0, 87, 164, 135, 10, 36.86%, 1, 0, 3, 423.44, 207825, 150, 1, 0
498, 0, 93, 178, 147, 9, 38.57%, 1, 0, 4, 432.38, 210050, 157, 1, 0
503, 0, 126, 182, 146, 7, 38.57%, 1, 0, 4, 431.56, 212234, 157, 1, 0
508, 0, 171, 187, 148, 4, 38.57%, 1, 0, 5, 399.69, 214217, 157, 1, 0
513, 0, 171, 199, 160, 4, 39.31%, 1, 0, 5, 438.14, 216546, 160, 1, 0
518, 0, 171, 200, 161, 4, 39.31%, 1, 0, 5, 462.27, 218878, 160, 1, 0
523, 0, 171, 204, 165, 4, 39.31%, 1, 0, 5, 455.10, 221120, 160, 1, 0
528, 0, 171, 206, 167, 4, 39.31%, 1, 0, 5, 412.35, 223195, 160, 1, 0
533, 0, 171, 206, 167, 4, 39.31%, 1, 0, 5, 425.90, 225355, 160, 1, 0
538, 0, 171, 206, 167, 4, 39.31%, 1, 0, 5, 446.84, 227677, 160, 1, 0
543, 0, 171, 209, 170, 4, 39.31%, 1, 0, 5, 418.73, 229736, 160, 1, 0
548, 0, 171, 210, 171, 4, 39.31%, 1, 0, 5, 411.98, 231839, 160, 1, 0
554, 0, 171, 212, 173, 4, 39.31%, 1, 0, 5, 417.02, 234021, 160, 1, 0
559, 0, 171, 213, 174, 4, 39.31%, 1, 0, 5, 443.72, 236340, 160, 1, 0
564, 0, 171, 214, 175, 4, 39.31%, 1, 0, 5, 428.12, 238523, 160, 1, 0
569, 0, 171, 215, 176, 4, 39.31%, 1, 0, 5, 464.47, 240943, 160, 1, 0
574, 0, 171, 215, 176, 4, 39.31%, 1, 0, 5, 441.24, 243098, 160, 1, 0
579, 0, 171, 216, 177, 4, 39.56%, 1, 0, 5, 432.92, 245257, 161, 1, 0
584, 0, 171, 216, 177, 4, 39.56%, 1, 0, 5, 421.26, 247353, 161, 1, 0
589, 0, 171, 216, 177, 4, 39.56%, 1, 0, 5, 413.34, 249473, 161, 1, 0
594, 0, 171, 216, 177, 4, 39.56%, 1, 0, 5, 417.26, 251585, 161, 1, 0
599, 0, 172, 217, 177, 7, 39.56%, 1, 0, 5, 425.56, 253745, 161, 1, 0
604, 0, 190, 218, 175, 4, 39.80%, 1, 0, 6, 410.89, 255758, 162, 1, 0
609, 0, 199, 240, 195, 3, 40.79%, 1, 0, 6, 434.93, 257966, 166, 1, 0
614, 0, 248, 254, 203, 2, 41.52%, 1, 0, 6, 426.48, 260137, 169, 1, 0
619, 1, 13, 254, 201, 0, 41.52%, 1, 0, 6, 403.32, 262181, 169, 1, 0
625, 1, 84, 254, 186, 0, 41.52%, 1, 0, 6, 406.24, 264237, 169, 1, 0
630, 1, 131, 254, 175, 0, 41.52%, 1, 0, 6, 420.08, 266433, 169, 1, 0
635, 1, 178, 254, 165, 0, 41.52%, 1, 0, 6, 432.25, 268609, 169, 1, 0
640, 1, 198, 254, 159, 0, 41.52%, 1, 0, 6, 456.71, 270928, 169, 1, 0
645, 1, 211, 254, 155, 0, 41.52%, 1, 0, 6, 464.90, 273200, 169, 1, 0
650, 1, 254, 255, 147, 1, 41.77%, 1, 0, 6, 421.33, 275354, 170, 1, 0
655, 2, 70, 255, 136, 0, 41.77%, 1, 0, 6, 433.58, 277532, 170, 1, 0
660, 2, 122, 255, 125, 0, 41.77%, 1, 0, 6, 448.28, 279846, 170, 1, 0
665, 2, 255, 258, 121, 1, 42.51%, 5, 0, 6, 423.80, 281919, 173, 9, 0
670, 2, 256, 258, 120, 2, 42.51%, 8, 0, 6, 470.58, 284356, 173, 19, 0
675, 3, 58, 259, 117, 0, 42.51%, 9, 0, 6, 428.19, 286547, 173, 21, 0
680, 3, 147, 259, 108, 0, 42.51%, 9, 0, 6, 422.10, 288675, 173, 28, 0
686, 3, 190, 259, 99, 0, 42.51%, 9, 0, 6, 432.29, 290835, 173, 28, 0
691, 3, 230, 259, 97, 0, 42.51%, 9, 0, 6, 436.80, 293105, 173, 28, 0
696, 3, 257, 259, 93, 0, 42.51%, 9, 0, 6, 434.82, 295267, 173, 33, 0
701, 5, 19, 262, 93, 0, 42.51%, 9, 0, 6, 417.04, 297377, 173, 34, 0
706, 5, 102, 262, 86, 0, 42.51%, 9, 0, 6, 413.92, 299445, 173, 34, 0
711, 5, 177, 262, 81, 0, 42.51%, 9, 0, 6, 446.03, 301725, 173, 42, 0
716, 5, 200, 262, 78, 0, 42.51%, 9, 0, 6, 427.89, 303911, 173, 42, 0
721, 5, 217, 262, 73, 0, 42.51%, 9, 0, 6, 412.06, 305997, 173, 42, 0
726, 5, 258, 262, 70, 0, 42.51%, 9, 0, 6, 445.46, 308227, 173, 48, 0
731, 6, 50, 262, 67, 0, 42.51%, 9, 0, 6, 470.41, 310582, 173, 48, 0
736, 6, 132, 262, 61, 0, 42.51%, 9, 0, 6, 436.77, 312755, 173, 48, 0
741, 6, 196, 262, 59, 0, 42.51%, 9, 0, 6, 432.73, 314939, 173, 55, 0
746, 6, 238, 263, 56, 0, 42.51%, 9, 0, 6, 408.24, 317003, 173, 55, 0
751, 6, 261, 263, 55, 0, 42.51%, 9, 0, 6, 388.41, 318965, 173, 59, 0
756, 7, 93, 264, 51, 0, 42.51%, 9, 0, 6, 405.88, 321056, 173, 59, 0
762, 7, 172, 264, 49, 0, 42.51%, 9, 0, 6, 432.55, 323237, 173, 61, 0
767, 7, 257, 264, 47, 0, 42.51%, 9, 0, 6, 421.86, 325395, 173, 63, 0
772, 8, 91, 264, 44, 0, 42.51%, 9, 0, 6, 408.53, 327454, 173, 65, 0
777, 8, 184, 264, 43, 0, 42.51%, 9, 0, 6, 416.56, 329613, 173, 66, 0
782, 8, 214, 264, 41, 0, 42.51%, 9, 0, 6, 423.54, 331701, 173, 66, 0
787, 8, 256, 264, 37, 0, 42.51%, 9, 0, 6, 407.21, 333790, 173, 67, 0
792, 9, 63, 265, 37, 0, 42.51%, 9, 0, 6, 399.94, 335769, 173, 68, 0
797, 9, 162, 265, 33, 0, 42.51%, 9, 0, 6, 413.85, 337834, 173, 70, 0
802, 9, 203, 266, 32, 0, 42.51%, 9, 0, 6, 432.46, 340033, 173, 71, 0
807, 10, 0, 266, 28, 0, 42.51%, 9, 0, 6, 461.76, 342341, 173, 76, 0
812, 10, 104, 266, 26, 0, 42.51%, 9, 0, 6, 428.37, 344501, 173, 76, 0
817, 10, 172, 266, 24, 0, 42.51%, 9, 0, 6, 414.42, 346560, 173, 81, 0
822, 10, 251, 266, 23, 0, 42.51%, 9, 0, 6, 420.58, 348703, 173, 81, 0
827, 11, 3, 268, 23, 0, 42.51%, 9, 0, 6, 428.12, 350902, 173, 84, 0
832, 11, 94, 268, 22, 0, 42.51%, 9, 0, 6, 428.67, 353016, 173, 84, 0
837, 11, 213, 268, 20, 0, 42.51%, 9, 0, 6, 415.68, 355124, 173, 88, 0
843, 11, 266, 268, 20, 0, 42.51%, 9, 0, 6, 416.98, 357261, 173, 92, 0
848, 12, 88, 268, 18, 0, 42.51%, 9, 0, 6, 392.14, 359209, 173, 109, 0
853, 12, 186, 268, 17, 0, 42.51%, 9, 0, 6, 431.18, 361451, 173, 115, 0
858, 12, 256, 268, 17, 0, 42.51%, 9, 0, 6, 406.35, 363491, 173, 115, 0
863, 13, 63, 269, 17, 0, 42.51%, 9, 0, 6, 406.69, 365483, 173, 116, 0
868, 13, 165, 269, 16, 0, 42.51%, 9, 0, 6, 413.00, 367557, 173, 120, 0
873, 13, 217, 269, 16, 0, 42.51%, 9, 0, 6, 418.31, 369673, 173, 120, 0
878, 14, 7, 269, 15, 0, 42.51%, 9, 0, 6, 422.53, 371883, 173, 122, 0
883, 14, 138, 269, 15, 0, 42.51%, 9, 0, 6, 422.29, 374005, 173, 124, 0
888, 14, 217, 269, 14, 0, 42.51%, 9, 0, 6, 411.48, 376138, 173, 124, 0
893, 14, 262, 269, 14, 0, 42.51%, 9, 0, 6, 406.66, 378206, 173, 124, 0
898, 15, 11, 269, 11, 0, 42.51%, 9, 0, 6, 405.78, 380340, 173, 124, 0
903, 15, 138, 269, 11, 0, 42.51%, 9, 0, 6, 436.85, 382535, 173, 127, 0
906, 15, 218, 269, 9, 0, 42.51%, 9, 0, 6, 423.53, 383872, 173, 127, 0
