# relative_time, cycles_done, cur_item, corpus_count, pending_total, pending_favs, map_size, saved_crashes, saved_hangs, max_depth, execs_per_sec, total_execs, edges_found, total_crashes, servers_count
61, 0, 9, 68, 63, 4, 30.47%, 0, 0, 2, 439.09, 26115, 124, 0, 0
66, 0, 9, 68, 63, 4, 30.47%, 0, 0, 2, 428.09, 28331, 124, 0, 0
71, 0, 9, 68, 63, 4, 30.47%, 0, 0, 2, 439.67, 30563, 124, 0, 0
76, 0, 9, 69, 64, 4, 30.47%, 0, 0, 2, 426.78, 32698, 124, 0, 0
81, 0, 9, 70, 65, 4, 30.71%, 0, 0, 2, 460.00, 35143, 125, 0, 0
86, 0, 9, 71, 66, 4, 30.71%, 0, 0, 2, 442.48, 37336, 125, 0, 0
91, 0, 9, 72, 67, 4, 30.71%, 0, 0, 2, 421.96, 39487, 125, 0, 0
96, 0, 9, 72, 67, 4, 30.71%, 0, 0, 2, 394.25, 41449, 125, 0, 0
101, 0, 9, 74, 69, 4, 30.71%, 0, 0, 2, 416.22, 43573, 125, 0, 0
106, 0, 9, 74, 69, 4, 30.71%, 0, 0, 2, 418.21, 45669, 125, 0, 0
111, 0, 9, 74, 69, 4, 30.71%, 0, 0, 2, 435.56, 47925, 125, 0, 0
117, 0, 9, 74, 69, 4, 30.71%, 0, 0, 2, 403.18, 49909, 125, 0, 0
122, 0, 9, 74, 69, 4, 30.71%, 0, 0, 2, 416.34, 52022, 125, 0, 0
127, 0, 9, 75, 70, 4, 30.71%, 0, 0, 2, 423.23, 54125, 125, 0, 0
132, 0, 92, 115, 109, 25, 35.38%, 0, 0, 2, 407.64, 56251, 144, 0, 0
137, 0, 79, 116, 103, 19, 35.63%, 0, 0, 3, 457.21, 58494, 145, 0, 0
142, 0, 79, 128, 115, 19, 38.82%, 0, 0, 3, 463.85, 60742, 158, 0, 0
147, 0, 79, 130, 117, 19, 38.82%, 0, 0, 3, 436.26, 63004, 158, 0, 0
152, 0, 79, 131, 118, 19, 38.82%, 0, 0, 3, 416.84, 65051, 158, 0, 0
157, 0, 79, 132, 119, 19, 38.82%, 0, 0, 3, 441.57, 67226, 158, 0, 0
162, 0, 79, 132, 119, 19, 38.82%, 0, 0, 3, 459.32, 69618, 158, 0, 0
167, 0, 79, 134, 121, 19, 38.82%, 0, 0, 3, 434.49, 71793, 158, 0, 0
173, 0, 79, 134, 121, 19, 38.82%, 0, 0, 3, 426.73, 73945, 158, 0, 0
178, 0, 79, 134, 121, 19, 38.82%, 0, 0, 3, 469.44, 76346, 158, 0, 0
183, 0, 79, 135, 122, 19, 38.82%, 0, 0, 3, 453.45, 78600, 158, 0, 0
188, 0, 79, 135, 122, 19, 38.82%, 0, 0, 3, 441.27, 80824, 158, 0, 0
193, 0, 79, 135, 122, 19, 38.82%, 0, 0, 3, 432.20, 83041, 158, 0, 0
198, 0, 79, 135, 122, 19, 38.82%, 0, 0, 3, 414.10, 85121, 158, 0, 0
203, 0, 79, 135, 122, 19, 38.82%, 0, 0, 3, 452.48, 87393, 158, 0, 0
208, 0, 79, 135, 122, 19, 38.82%, 0, 0, 3, 442.08, 89689, 158, 0, 0
213, 0, 79, 135, 122, 19, 38.82%, 0, 0, 3, 441.42, 91897, 158, 0, 0
218, 0, 79, 135, 122, 19, 38.82%, 0, 0, 3, 429.72, 94017, 158, 0, 0
223, 0, 79, 136, 123, 19, 38.82%, 0, 0, 3, 409.57, 96256, 158, 0, 0
228, 0, 79, 136, 123, 19, 38.82%, 0, 0, 3, 392.92, 98286, 158, 0, 0
234, 0, 79, 136, 123, 19, 38.82%, 0, 0, 3, 405.95, 100400, 158, 0, 0
239, 0, 79, 136, 123, 19, 38.82%, 0, 0, 3, 418.22, 102592, 158, 0, 0
244, 0, 79, 136, 123, 19, 38.82%, 0, 0, 3, 427.15, 104736, 158, 0, 0
249, 0, 79, 136, 123, 19, 38.82%, 0, 0, 3, 439.00, 107024, 158, 0, 0
254, 0, 79, 136, 123, 19, 38.82%, 0, 0, 3, 417.13, 109104, 158, 0, 0
259, 0, 130, 136, 122, 24, 38.82%, 0, 0, 3, 389.87, 111098, 158, 0, 0
264, 0, 26, 136, 120, 22, 38.82%, 0, 0, 3, 422.74, 113298, 158, 0, 0
269, 0, 96, 137, 119, 20, 38.82%, 0, 0, 3, 425.44, 115477, 158, 0, 0
274, 0, 96, 151, 133, 20, 38.82%, 0, 0, 3, 452.61, 117843, 158, 0, 0
279, 0, 96, 154, 136, 20, 39.56%, 0, 0, 3, 421.75, 120028, 161, 0, 0
284, 0, 96, 158, 140, 20, 39.80%, 0, 0, 3, 432.90, 122280, 162, 0, 0
289, 0, 96, 162, 144, 20, 39.80%, 0, 0, 3, 443.53, 124524, 162, 0, 0
295, 0, 96, 164, 146, 20, 39.80%, 0, 0, 3, 411.07, 126611, 162, 0, 0
300, 0, 96, 166, 148, 20, 39.80%, 0, 0, 3, 389.96, 128575, 162, 0, 0
305, 0, 96, 167, 149, 20, 39.80%, 0, 0, 3, 394.45, 130479, 162, 0, 0
310, 0, 96, 167, 149, 20, 39.80%, 0, 0, 3, 437.52, 132744, 162, 0, 0
315, 0, 96, 167, 149, 20, 39.80%, 0, 0, 3, 431.10, 134960, 162, 0, 0
320, 0, 96, 169, 151, 20, 39.80%, 0, 0, 3, 411.47, 137004, 162, 0, 0
325, 0, 96, 169, 151, 20, 39.80%, 0, 0, 3, 409.92, 139047, 162, 0, 0
330, 0, 96, 169, 151, 20, 39.80%, 0, 0, 3, 418.39, 141319, 162, 0, 0
335, 0, 96, 169, 151, 20, 39.80%, 0, 0, 3, 433.44, 143487, 162, 0, 0
340, 0, 96, 171, 153, 20, 39.80%, 0, 0, 3, 451.01, 145777, 162, 0, 0
345, 0, 96, 173, 155, 20, 39.80%, 0, 0, 3, 468.26, 148104, 162, 0, 0
351, 0, 96, 173, 155, 20, 39.80%, 0, 0, 3, 459.38, 150354, 162, 0, 0
356, 0, 96, 174, 156, 20, 39.80%, 0, 0, 3, 442.11, 152618, 162, 0, 0
361, 0, 126, 175, 156, 20, 39.80%, 0, 0, 3, 454.50, 154928, 162, 0, 0
366, 0, 122, 180, 158, 18, 39.80%, 0, 0, 3, 549.70, 157698, 162, 0, 0
371, 0, 120, 181, 156, 16, 40.05%, 0, 0, 3, 514.35, 160296, 163, 0, 0
376, 0, 0, 182, 155, 15, 40.05%, 0, 0, 3, 438.57, 162435, 163, 0, 0
381, 0, 119, 195, 167, 15, 40.54%, 0, 0, 3, 455.68, 164815, 165, 0, 0
386, 0, 29, 199, 169, 14, 40.54%, 0, 0, 3, 438.96, 167002, 165, 0, 0
391, 0, 29, 200, 170, 14, 40.54%, 0, 0, 3, 395.19, 169031, 165, 0, 0
396, 0, 29, 200, 170, 14, 40.54%, 0, 0, 3, 427.69, 171190, 165, 0, 0
401, 0, 84, 200, 166, 10, 40.54%, 0, 0, 3, 425.20, 173317, 165, 0, 0
406, 0, 7, 205, 170, 9, 42.51%, 0, 0, 3, 408.98, 175368, 173, 0, 0
411, 0, 151, 211, 174, 11, 42.75%, 0, 0, 3, 429.03, 177493, 174, 0, 0
417, 0, 151, 215, 178, 11, 43.49%, 0, 0, 3, 464.12, 179980, 177, 0, 0
422, 0, 151, 217, 180, 11, 43.49%, 0, 0, 3, 429.07, 182111, 177, 0, 0
427, 0, 151, 219, 182, 11, 43.49%, 0, 0, 3, 424.00, 184278, 177, 0, 0
432, 0, 151, 221, 184, 11, 43.49%, 0, 0, 3, 427.63, 186436, 177, 0, 0
437, 0, 204, 223, 184, 10, 43.49%, 0, 0, 3, 413.75, 188539, 177, 0, 0
442, 0, 209, 223, 182, 8, 43.49%, 0, 0, 3, 421.84, 190658, 177, 0, 0
447, 0, 107, 224, 181, 6, 43.49%, 0, 0, 3, 432.64, 192859, 177, 0, 0
452, 0, 107, 224, 181, 6, 43.49%, 0, 0, 3, 398.36, 194790, 177, 0, 0
457, 0, 107, 224, 181, 6, 43.49%, 0, 0, 3, 375.82, 196715, 177, 0, 0
462, 0, 107, 227, 184, 6, 43.49%, 0, 0, 3, 375.23, 198647, 177, 0, 0
467, 0, 205, 227, 181, 3, 43.49%, 0, 0, 3, 407.99, 200730, 177, 0, 0
472, 0, 203, 227, 180, 2, 43.49%, 0, 0, 3, 411.94, 202810, 177, 0, 0
478, 0, 201, 227, 177, 1, 43.49%, 0, 0, 3, 405.76, 204867, 177, 0, 0
483, 0, 228, 233, 182, 2, 44.23%, 1, 0, 3, 397.30, 206882, 180, 1, 0
488, 0, 147, 234, 180, 1, 44.23%, 1, 0, 3, 415.81, 209001, 180, 1, 0
493, 0, 229, 235, 178, 1, 44.23%, 1, 0, 4, 417.70, 211192, 180, 1, 0
498, 0, 235, 236, 176, 1, 50.61%, 1, 0, 4, 411.09, 213341, 206, 1, 0
503, 0, 235, 271, 211, 1, 53.32%, 1, 0, 4, 416.43, 215501, 217, 1, 0
508, 0, 235, 273, 213, 1, 53.32%, 1, 0, 4, 417.19, 217603, 217, 1, 0
513, 0, 235, 273, 213, 1, 53.32%, 1, 0, 4, 440.86, 219835, 217, 1, 0
518, 0, 241, 273, 212, 6, 53.32%, 1, 0, 4, 423.83, 221923, 217, 1, 0
523, 0, 269, 273, 210, 4, 53.32%, 1, 0, 4, 403.16, 223925, 217, 1, 0
529, 0, 246, 273, 209, 3, 53.32%, 1, 0, 4, 417.46, 225959, 217, 1, 0
534, 0, 278, 280, 215, 4, 53.56%, 1, 0, 4, 421.26, 228006, 218, 1, 0
539, 0, 242, 281, 214, 2, 53.56%, 1, 0, 4, 439.13, 230193, 218, 1, 0
544, 0, 242, 293, 226, 2, 53.56%, 1, 0, 4, 373.59, 232146, 218, 1, 0
549, 0, 290, 293, 224, 1, 53.56%, 1, 0, 4, 392.53, 234227, 218, 1, 0
554, 0, 258, 293, 223, 0, 53.56%, 1, 0, 4, 400.81, 236247, 218, 1, 0
559, 0, 173, 293, 218, 0, 53.56%, 1, 0, 4, 437.35, 238475, 218, 1, 0
564, 0, 267, 293, 215, 0, 53.56%, 1, 0, 4, 407.52, 240522, 218, 1, 0
569, 0, 267, 306, 228, 0, 53.56%, 1, 0, 4, 423.77, 242677, 218, 1, 0
574, 0, 267, 306, 228, 0, 53.56%, 1, 0, 4, 418.08, 244797, 218, 1, 0
579, 0, 267, 306, 228, 0, 53.56%, 1, 0, 4, 436.13, 246957, 218, 1, 0
584, 0, 298, 307, 228, 2, 53.81%, 1, 0, 4, 397.12, 248940, 219, 1, 0
590, 0, 306, 308, 228, 1, 54.05%, 1, 0, 5, 389.22, 250954, 220, 1, 0
595, 0, 298, 309, 227, 0, 54.05%, 1, 0, 5, 415.51, 253190, 220, 1, 0
600, 0, 290, 309, 226, 0, 54.05%, 1, 0, 5, 437.25, 255391, 220, 1, 0
605, 0, 309, 310, 227, 1, 54.30%, 1, 0, 5, 414.34, 257371, 221, 1, 0
610, 0, 151, 310, 223, 0, 54.30%, 1, 0, 5, 407.24, 259440, 221, 1, 0
615, 0, 205, 312, 223, 0, 54.30%, 1, 0, 5, 404.76, 261482, 221, 1, 0
620, 0, 306, 312, 220, 0, 54.30%, 1, 0, 5, 405.19, 263477, 221, 1, 0
625, 0, 125, 312, 217, 0, 54.30%, 1, 0, 5, 412.26, 265598, 221, 1, 0
630, 0, 132, 312, 214, 0, 54.30%, 1, 0, 5, 387.68, 267543, 221, 1, 0
635, 0, 111, 313, 211, 0, 54.30%, 1, 0, 5, 427.73, 269675, 221, 1, 0
640, 0, 194, 313, 209, 0, 54.30%, 1, 0, 5, 431.16, 271880, 221, 1, 0
645, 0, 138, 313, 207, 0, 54.30%, 1, 0, 5, 450.14, 274154, 221, 1, 0
650, 0, 244, 313, 204, 0, 54.30%, 1, 0, 5, 426.59, 276262, 221, 1, 0
655, 0, 307, 313, 202, 0, 54.30%, 1, 0, 5, 402.01, 278316, 221, 1, 0
660, 0, 230, 313, 201, 0, 54.30%, 1, 0, 5, 416.31, 280456, 221, 1, 0
665, 0, 313, 319, 206, 1, 54.30%, 1, 0, 5, 417.82, 282546, 221, 1, 0
671, 0, 298, 321, 205, 0, 54.30%, 1, 0, 6, 419.86, 284751, 221, 1, 0
676, 0, 285, 321, 205, 0, 54.30%, 1, 0, 6, 420.05, 286955, 221, 1, 0
681, 0, 318, 321, 203, 0, 54.30%, 1, 0, 6, 408.90, 289007, 221, 1, 0
686, 0, 211, 322, 201, 0, 54.30%, 1, 0, 6, 438.23, 291254, 221, 1, 0
691, 0, 198, 326, 203, 0, 54.30%, 1, 0, 6, 432.22, 293525, 221, 1, 0
696, 0, 279, 326, 201, 0, 54.30%, 1, 0, 6, 433.29, 295711, 221, 1, 0
701, 0, 248, 327, 201, 0, 54.30%, 1, 0, 6, 403.19, 297727, 221, 1, 0
706, 0, 178, 330, 202, 0, 54.30%, 1, 0, 6, 405.23, 299732, 221, 1, 0
711, 0, 83, 330, 201, 0, 54.30%, 1, 0, 6, 416.80, 301891, 221, 1, 0
716, 0, 238, 330, 200, 0, 54.30%, 1, 0, 6, 424.82, 304061, 221, 1, 0
721, 0, 134, 331, 200, 0, 54.30%, 1, 0, 6, 432.39, 306310, 221, 1, 0
727, 0, 236, 331, 196, 0, 54.30%, 1, 0, 6, 468.86, 308730, 221, 1, 0
732, 0, 185, 331, 194, 0, 54.30%, 1, 0, 6, 457.21, 311004, 221, 1, 0
737, 0, 84, 333, 195, 0, 54.30%, 1, 0, 6, 457.74, 313271, 221, 1, 0
742, 0, 298, 334, 194, 0, 54.55%, 1, 0, 6, 454.69, 315556, 222, 1, 0
747, 0, 7, 334, 194, 0, 54.55%, 1, 0, 6, 433.71, 317747, 222, 1, 0
752, 0, 318, 337, 197, 0, 54.55%, 1, 0, 6, 415.95, 319809, 222, 1, 0
757, 0, 318, 337, 197, 0, 54.55%, 1, 0, 6, 406.64, 321865, 222, 1, 0
762, 0, 290, 338, 198, 0, 54.55%, 1, 0, 6, 435.44, 324159, 222, 1, 0
767, 0, 315, 338, 197, 0, 54.55%, 1, 0, 6, 439.58, 326305, 222, 1, 0
772, 0, 318, 338, 194, 0, 54.55%, 1, 0, 6, 442.98, 328566, 222, 1, 0
777, 0, 298, 339, 193, 0, 54.55%, 1, 0, 6, 435.86, 330695, 222, 1, 0
782, 0, 307, 339, 192, 0, 54.55%, 1, 0, 6, 444.16, 332986, 222, 1, 0
788, 1, 225, 339, 190, 0, 54.55%, 1, 0, 6, 424.77, 335196, 222, 1, 0
793, 1, 184, 340, 189, 0, 54.79%, 1, 0, 6, 415.68, 337217, 223, 1, 0
798, 1, 104, 340, 187, 0, 54.79%, 1, 0, 6, 418.07, 339349, 223, 1, 0
803, 1, 311, 340, 185, 0, 54.79%, 1, 0, 6, 410.83, 341423, 223, 1, 0
808, 1, 250, 340, 182, 0, 54.79%, 1, 0, 6, 417.57, 343570, 223, 1, 0
813, 1, 37, 340, 177, 0, 54.79%, 1, 0, 6, 445.35, 345866, 223, 1, 0
818, 1, 302, 340, 172, 0, 54.79%, 1, 0, 6, 452.15, 348082, 223, 1, 0
823, 1, 271, 340, 170, 0, 54.79%, 1, 0, 6, 438.53, 350299, 223, 1, 0
828, 1, 221, 340, 167, 0, 54.79%, 1, 0, 6, 453.82, 352569, 223, 1, 0
833, 1, 341, 347, 173, 1, 54.79%, 1, 0, 6, 424.71, 354722, 223, 1, 0
839, 1, 341, 352, 178, 1, 54.79%, 1, 0, 6, 461.30, 356997, 223, 1, 0
844, 1, 341, 353, 179, 1, 54.79%, 1, 0, 6, 394.64, 358916, 223, 1, 0
849, 1, 341, 354, 180, 1, 54.79%, 1, 0, 6, 400.52, 360904, 223, 1, 0
854, 1, 341, 356, 182, 1, 54.79%, 1, 0, 6, 438.36, 363185, 223, 1, 0
859, 1, 341, 356, 182, 1, 54.79%, 1, 0, 6, 432.56, 365305, 223, 1, 0
864, 1, 346, 356, 181, 1, 54.79%, 1, 0, 6, 406.55, 367313, 223, 1, 0
869, 1, 298, 356, 177, 0, 54.79%, 1, 0, 6, 444.00, 369648, 223, 1, 0
874, 1, 356, 357, 178, 1, 55.04%, 1, 0, 6, 407.80, 371687, 224, 1, 0
879, 1, 356, 357, 178, 1, 55.04%, 1, 0, 6, 390.80, 373730, 224, 1, 0
884, 1, 77, 357, 176, 0, 55.04%, 1, 0, 6, 396.10, 375692, 224, 1, 0
889, 1, 354, 357, 173, 0, 55.04%, 1, 0, 6, 371.62, 377640, 224, 1, 0
894, 1, 191, 357, 169, 0, 55.04%, 1, 0, 6, 388.50, 379622, 224, 1, 0
899, 1, 183, 357, 167, 0, 55.04%, 1, 0, 6, 425.58, 381769, 224, 1, 0
900, 1, 183, 357, 167, 0, 55.04%, 1, 0, 6, 395.29, 382090, 224, 1, 0
