# relative_time, cycles_done, cur_item, corpus_count, pending_total, pending_favs, map_size, saved_crashes, saved_hangs, max_depth, execs_per_sec, total_execs, edges_found, total_crashes, servers_count
60, 0, 50, 100, 78, 15, 36.36%, 0, 0, 3, 423.94, 27379, 148, 0, 0
66, 0, 50, 101, 79, 15, 36.36%, 0, 0, 3, 427.50, 29586, 148, 0, 0
71, 0, 50, 104, 82, 15, 36.36%, 0, 0, 3, 464.82, 31886, 148, 0, 0
76, 0, 50, 105, 83, 15, 36.61%, 0, 0, 3, 440.99, 34030, 149, 0, 0
81, 0, 50, 107, 85, 15, 36.61%, 0, 0, 3, 413.90, 36124, 149, 0, 0
86, 0, 97, 108, 85, 16, 36.61%, 0, 0, 3, 422.30, 38312, 149, 0, 0
91, 0, 97, 114, 91, 16, 37.35%, 0, 0, 4, 427.98, 40499, 152, 0, 0
96, 0, 97, 116, 93, 16, 37.35%, 0, 0, 4, 440.28, 42681, 152, 0, 0
101, 0, 97, 116, 93, 16, 37.35%, 0, 0, 4, 457.20, 45034, 152, 0, 0
106, 0, 97, 117, 94, 16, 37.35%, 0, 0, 4, 441.20, 47336, 152, 0, 0
111, 0, 97, 118, 95, 16, 37.35%, 0, 0, 4, 434.32, 49527, 152, 0, 0
116, 0, 97, 119, 96, 16, 37.35%, 0, 0, 4, 448.73, 51894, 152, 0, 0
121, 0, 97, 120, 97, 16, 37.35%, 0, 0, 4, 430.08, 54165, 152, 0, 0
126, 0, 97, 120, 97, 16, 37.35%, 0, 0, 4, 442.24, 56390, 152, 0, 0
131, 0, 97, 120, 97, 16, 37.35%, 0, 0, 4, 439.03, 58614, 152, 0, 0
137, 0, 97, 121, 98, 16, 37.35%, 0, 0, 4, 421.03, 60741, 152, 0, 0
142, 0, 97, 122, 99, 16, 37.35%, 0, 0, 4, 463.11, 63113, 152, 0, 0
147, 0, 97, 123, 100, 16, 37.35%, 0, 0, 4, 439.51, 65347, 152, 0, 0
152, 0, 97, 124, 101, 16, 37.35%, 0, 0, 4, 436.57, 67586, 152, 0, 0
157, 0, 97, 125, 102, 16, 37.35%, 0, 0, 4, 449.47, 69873, 152, 0, 0
162, 0, 97, 125, 102, 16, 37.35%, 0, 0, 4, 442.32, 72129, 152, 0, 0
167, 0, 97, 125, 102, 16, 37.35%, 0, 0, 4, 443.93, 74417, 152, 0, 0
172, 0, 97, 125, 102, 16, 37.35%, 0, 0, 4, 440.67, 76665, 152, 0, 0
177, 0, 97, 126, 103, 16, 37.35%, 0, 0, 4, 425.73, 78849, 152, 0, 0
182, 0, 97, 127, 104, 16, 37.35%, 0, 0, 4, 454.48, 81176, 152, 0, 0
187, 0, 97, 127, 104, 16, 37.35%, 0, 0, 4, 444.36, 83408, 152, 0, 0
193, 0, 97, 128, 105, 16, 37.35%, 0, 0, 4, 452.83, 85639, 152, 0, 0
198, 0, 97, 128, 105, 16, 37.35%, 0, 0, 4, 445.53, 87896, 152, 0, 0
203, 0, 110, 130, 106, 17, 37.35%, 0, 0, 4, 454.85, 90179, 152, 0, 0
208, 0, 107, 138, 113, 16, 37.35%, 0, 0, 4, 440.80, 92403, 152, 0, 0
213, 0, 107, 142, 117, 16, 37.35%, 0, 0, 4, 428.82, 94591, 152, 0, 0
218, 0, 107, 146, 121, 16, 37.35%, 0, 0, 4, 429.71, 96811, 152, 0, 0
223, 0, 107, 146, 121, 16, 37.35%, 0, 0, 4, 434.55, 98963, 152, 0, 0
228, 0, 33, 146, 119, 15, 37.35%, 0, 0, 4, 451.43, 101199, 152, 0, 0
233, 0, 89, 147, 116, 11, 37.35%, 0, 0, 4, 415.30, 103281, 152, 0, 0
238, 0, 16, 148, 115, 10, 37.35%, 0, 0, 5, 416.00, 105441, 152, 0, 0
243, 0, 22, 160, 125, 12, 38.82%, 1, 0, 5, 437.41, 107706, 158, 1, 0
248, 0, 156, 161, 124, 11, 38.82%, 1, 0, 5, 418.91, 109856, 158, 1, 0
253, 0, 155, 167, 129, 10, 38.82%, 1, 0, 5, 419.48, 111934, 158, 1, 0
259, 0, 155, 174, 136, 10, 39.07%, 1, 0, 5, 425.31, 114059, 159, 1, 0
264, 0, 155, 175, 137, 10, 39.07%, 1, 0, 5, 432.21, 116290, 159, 1, 0
269, 0, 155, 175, 137, 10, 39.07%, 1, 0, 5, 423.31, 118386, 159, 1, 0
274, 0, 155, 175, 137, 10, 39.07%, 1, 0, 5, 457.15, 120704, 159, 1, 0
279, 0, 155, 176, 138, 10, 39.07%, 1, 0, 5, 451.71, 122997, 159, 1, 0
284, 0, 155, 176, 138, 10, 39.07%, 1, 0, 5, 435.74, 125185, 159, 1, 0
289, 0, 155, 176, 138, 10, 39.07%, 1, 0, 5, 425.48, 127393, 159, 1, 0
294, 0, 155, 176, 138, 10, 39.07%, 1, 0, 5, 432.74, 129625, 159, 1, 0
299, 0, 155, 177, 139, 10, 39.07%, 1, 0, 5, 448.34, 131896, 159, 1, 0
304, 0, 155, 177, 139, 10, 39.07%, 1, 0, 5, 424.94, 134080, 159, 1, 0
309, 0, 155, 177, 139, 10, 39.07%, 1, 0, 5, 436.70, 136304, 159, 1, 0
314, 0, 155, 177, 139, 10, 39.07%, 1, 0, 5, 451.30, 138592, 159, 1, 0
319, 0, 155, 177, 139, 10, 39.07%, 1, 0, 5, 448.85, 140808, 159, 1, 0
324, 0, 155, 178, 140, 10, 39.07%, 1, 0, 5, 435.22, 143015, 159, 1, 0
330, 0, 155, 178, 140, 10, 39.07%, 1, 0, 5, 438.88, 145263, 159, 1, 0
335, 0, 155, 178, 140, 10, 39.07%, 1, 0, 5, 437.88, 147455, 159, 1, 0
340, 0, 155, 179, 141, 10, 39.07%, 1, 0, 5, 418.41, 149566, 159, 1, 0
345, 0, 130, 181, 142, 10, 39.07%, 1, 0, 5, 428.73, 151735, 159, 1, 0
350, 0, 18, 181, 138, 6, 39.07%, 1, 0, 5, 423.40, 153863, 159, 1, 0
355, 0, 71, 183, 139, 5, 39.07%, 1, 0, 5, 431.39, 156046, 159, 1, 0
360, 0, 8, 187, 142, 4, 39.07%, 1, 0, 5, 417.23, 158205, 159, 1, 0
365, 0, 8, 187, 142, 4, 39.07%, 1, 0, 5, 393.66, 160149, 159, 1, 0
370, 0, 8, 187, 142, 4, 39.07%, 1, 0, 5, 395.37, 162165, 159, 1, 0
375, 0, 168, 188, 142, 3, 39.07%, 1, 0, 5, 396.73, 164117, 159, 1, 0
380, 0, 20, 192, 144, 2, 39.07%, 1, 0, 5, 446.92, 166417, 159, 1, 0
385, 0, 20, 195, 147, 2, 39.07%, 1, 0, 5, 463.78, 168771, 159, 1, 0
390, 0, 20, 197, 149, 2, 39.07%, 1, 0, 5, 462.70, 171134, 159, 1, 0
396, 0, 20, 198, 150, 2, 39.07%, 1, 0, 5, 433.91, 173363, 159, 1, 0
401, 0, 20, 201, 153, 2, 39.07%, 1, 0, 5, 466.99, 175716, 159, 1, 0
406, 0, 20, 203, 155, 2, 39.07%, 1, 0, 5, 445.37, 177899, 159, 1, 0
411, 0, 200, 205, 156, 2, 39.07%, 1, 0, 5, 436.16, 180079, 159, 1, 0
416, 0, 116, 206, 154, 0, 39.07%, 1, 0, 5, 458.86, 182450, 159, 1, 0
421, 0, 139, 208, 153, 0, 39.07%, 1, 0, 5, 446.87, 184715, 159, 1, 0
426, 0, 110, 208, 150, 0, 39.07%, 1, 0, 5, 437.58, 186864, 159, 1, 0
431, 0, 205, 209, 150, 0, 39.07%, 1, 0, 5, 425.62, 189028, 159, 1, 0
436, 0, 172, 210, 149, 0, 39.07%, 1, 0, 5, 450.89, 191246, 159, 1, 0
441, 0, 207, 211, 148, 0, 39.07%, 1, 0, 5, 470.44, 193637, 159, 1, 0
446, 0, 110, 212, 148, 0, 39.07%, 1, 0, 5, 431.35, 195810, 159, 1, 0
451, 0, 65, 212, 147, 0, 39.07%, 1, 0, 5, 451.91, 198103, 159, 1, 0
456, 0, 195, 212, 145, 0, 39.07%, 1, 0, 5, 450.64, 200375, 159, 1, 0
461, 0, 189, 212, 143, 0, 39.07%, 1, 0, 5, 465.13, 202759, 159, 1, 0
466, 0, 210, 212, 139, 0, 39.07%, 1, 0, 5, 488.75, 205202, 159, 1, 0
471, 0, 206, 214, 140, 0, 39.07%, 1, 0, 6, 450.52, 207438, 159, 1, 0
477, 0, 200, 214, 137, 0, 39.07%, 1, 0, 6, 443.57, 209754, 159, 1, 0
482, 0, 212, 215, 135, 0, 39.07%, 1, 0, 6, 458.79, 212066, 159, 1, 0
487, 0, 23, 215, 135, 0, 39.07%, 1, 0, 6, 448.49, 214277, 159, 1, 0
492, 0, 117, 215, 133, 0, 39.07%, 1, 0, 6, 446.43, 216570, 159, 1, 0
497, 0, 181, 215, 130, 0, 39.07%, 1, 0, 6, 438.23, 218694, 159, 1, 0
502, 0, 200, 215, 128, 0, 39.07%, 1, 0, 6, 493.16, 221279, 159, 1, 0
507, 0, 137, 215, 127, 0, 39.07%, 1, 0, 6, 454.42, 223556, 159, 1, 0
512, 0, 101, 216, 125, 0, 39.07%, 1, 0, 6, 428.68, 225721, 159, 1, 0
517, 0, 154, 216, 123, 0, 39.07%, 1, 0, 6, 426.20, 227856, 159, 1, 0
522, 0, 71, 216, 120, 0, 39.07%, 1, 0, 6, 412.54, 229940, 159, 1, 0
527, 0, 130, 217, 120, 0, 39.07%, 1, 0, 6, 423.80, 232082, 159, 1, 0
532, 1, 193, 217, 118, 0, 39.07%, 1, 0, 6, 433.71, 234230, 159, 1, 0
538, 1, 187, 217, 115, 0, 39.07%, 1, 0, 6, 441.73, 236479, 159, 1, 0
543, 1, 159, 217, 113, 0, 39.07%, 1, 0, 6, 420.02, 238538, 159, 1, 0
548, 1, 45, 217, 110, 0, 39.07%, 1, 0, 6, 426.98, 240725, 159, 1, 0
553, 1, 37, 217, 106, 0, 39.07%, 1, 0, 6, 432.66, 242921, 159, 1, 0
558, 1, 128, 218, 102, 0, 39.07%, 1, 0, 7, 426.27, 245116, 159, 1, 0
563, 1, 92, 218, 97, 0, 39.07%, 1, 0, 7, 416.71, 247195, 159, 1, 0
568, 1, 53, 218, 95, 0, 39.07%, 1, 0, 7, 421.83, 249320, 159, 1, 0
573, 1, 61, 218, 92, 0, 39.07%, 1, 0, 7, 453.99, 251652, 159, 1, 0
578, 1, 165, 218, 89, 0, 39.07%, 1, 0, 7, 436.19, 253855, 159, 1, 0
583, 1, 157, 218, 87, 0, 39.07%, 1, 0, 7, 438.57, 256087, 159, 1, 0
588, 1, 169, 220, 87, 0, 39.07%, 1, 0, 7, 430.41, 258239, 159, 1, 0
593, 1, 196, 220, 85, 0, 39.07%, 1, 0, 7, 426.03, 260420, 159, 1, 0
598, 1, 84, 220, 82, 0, 39.07%, 1, 0, 7, 481.58, 262844, 159, 1, 0
603, 1, 94, 220, 78, 0, 39.07%, 1, 0, 7, 449.20, 265077, 159, 1, 0
608, 1, 177, 220, 74, 0, 39.07%, 1, 0, 7, 450.13, 267277, 159, 1, 0
613, 1, 114, 221, 71, 0, 39.07%, 1, 0, 7, 449.98, 269508, 159, 1, 0
619, 1, 221, 223, 70, 1, 39.31%, 1, 0, 7, 406.74, 271596, 160, 1, 0
624, 1, 186, 223, 68, 0, 39.31%, 1, 0, 7, 409.60, 273650, 160, 1, 0
629, 1, 163, 223, 66, 0, 39.31%, 1, 0, 7, 431.14, 275783, 160, 1, 0
634, 1, 223, 225, 66, 0, 39.31%, 1, 0, 7, 424.97, 277976, 160, 1, 0
639, 1, 59, 226, 65, 0, 39.31%, 1, 0, 7, 435.19, 280186, 160, 1, 0
644, 1, 130, 226, 61, 0, 39.31%, 1, 0, 7, 448.59, 282441, 160, 1, 0
649, 1, 171, 228, 62, 0, 39.56%, 1, 0, 7, 447.94, 284714, 161, 1, 0
654, 1, 228, 229, 61, 1, 39.80%, 1, 0, 7, 453.20, 286938, 162, 1, 0
659, 1, 147, 229, 58, 0, 39.80%, 1, 0, 7, 464.62, 289249, 162, 1, 0
664, 1, 182, 229, 54, 0, 39.80%, 1, 0, 7, 476.43, 291709, 162, 1, 0
669, 1, 220, 229, 50, 0, 39.80%, 1, 0, 7, 458.55, 293962, 162, 1, 0
674, 1, 141, 229, 47, 0, 39.80%, 1, 0, 7, 443.27, 296239, 162, 1, 0
680, 1, 226, 230, 46, 0, 40.05%, 1, 0, 7, 441.75, 298535, 163, 1, 0
685, 1, 11, 230, 45, 0, 40.05%, 1, 0, 7, 466.00, 300889, 163, 1, 0
690, 1, 69, 230, 40, 0, 40.05%, 1, 0, 7, 469.23, 303221, 163, 1, 0
695, 1, 200, 231, 37, 0, 40.05%, 1, 0, 7, 452.31, 305495, 163, 1, 0
700, 1, 227, 231, 35, 0, 40.05%, 1, 0, 7, 448.57, 307763, 163, 1, 0
705, 1, 219, 231, 33, 0, 40.05%, 1, 0, 7, 469.76, 310091, 163, 1, 0
710, 1, 173, 231, 31, 0, 40.05%, 1, 0, 7, 467.72, 312485, 163, 1, 0
715, 1, 179, 232, 30, 0, 40.05%, 1, 0, 7, 438.60, 314658, 163, 1, 0
720, 1, 166, 232, 27, 0, 40.05%, 1, 0, 7, 435.11, 316872, 163, 1, 0
725, 1, 13, 316, 108, 0, 50.61%, 1, 0, 7, 446.31, 319166, 206, 1, 0
730, 2, 235, 325, 116, 12, 50.61%, 1, 0, 7, 453.21, 321465, 206, 1, 0
735, 2, 282, 325, 114, 10, 50.61%, 1, 0, 7, 460.81, 323830, 206, 1, 0
740, 2, 251, 325, 113, 9, 50.61%, 1, 0, 7, 457.09, 326170, 206, 1, 0
746, 2, 263, 325, 110, 7, 50.61%, 1, 0, 7, 449.14, 328487, 206, 1, 0
751, 2, 285, 325, 108, 5, 50.61%, 1, 0, 7, 467.54, 330932, 206, 1, 0
756, 2, 277, 325, 106, 4, 50.61%, 1, 0, 7, 438.09, 333197, 206, 1, 0
761, 2, 306, 325, 105, 3, 50.61%, 1, 0, 7, 451.52, 335416, 206, 1, 0
766, 2, 244, 325, 104, 2, 50.61%, 1, 0, 7, 447.28, 337635, 206, 1, 0
771, 2, 101, 325, 102, 0, 50.61%, 1, 0, 7, 451.90, 339952, 206, 1, 0
776, 2, 319, 325, 101, 0, 50.61%, 1, 0, 7, 426.93, 342059, 206, 1, 0
781, 2, 325, 326, 100, 1, 50.61%, 1, 0, 7, 432.01, 344276, 206, 1, 0
786, 2, 130, 326, 98, 0, 50.61%, 1, 0, 7, 439.80, 346508, 206, 1, 0
791, 2, 266, 326, 97, 0, 50.61%, 1, 0, 7, 450.45, 348790, 206, 1, 0
796, 2, 261, 326, 95, 0, 50.61%, 1, 0, 7, 419.50, 350959, 206, 1, 0
801, 2, 254, 326, 93, 0, 50.61%, 1, 0, 7, 467.76, 353412, 206, 1, 0
807, 2, 290, 326, 91, 0, 50.61%, 1, 0, 7, 456.37, 355721, 206, 1, 0
812, 2, 288, 326, 89, 0, 50.61%, 1, 0, 7, 460.08, 358003, 206, 1, 0
817, 2, 283, 326, 87, 0, 50.61%, 1, 0, 7, 441.82, 360217, 206, 1, 0
822, 2, 293, 327, 86, 0, 50.61%, 1, 0, 7, 450.74, 362507, 206, 1, 0
827, 2, 247, 327, 84, 0, 50.61%, 1, 0, 7, 459.61, 364875, 206, 1, 0
832, 2, 33, 327, 82, 0, 50.61%, 1, 0, 7, 449.22, 367157, 206, 1, 0
837, 2, 253, 327, 80, 0, 50.61%, 1, 0, 7, 452.75, 369426, 206, 1, 0
842, 2, 48, 327, 78, 0, 50.61%, 1, 0, 7, 435.40, 371575, 206, 1, 0
847, 2, 38, 327, 74, 0, 50.61%, 1, 0, 7, 423.05, 373740, 206, 1, 0
852, 2, 306, 327, 73, 0, 50.61%, 1, 0, 7, 447.22, 375956, 206, 1, 0
857, 2, 314, 327, 72, 0, 50.61%, 1, 0, 7, 449.24, 378174, 206, 1, 0
862, 2, 294, 327, 71, 0, 50.61%, 1, 0, 7, 442.09, 380449, 206, 1, 0
867, 2, 38, 327, 69, 0, 50.61%, 1, 0, 7, 436.17, 382647, 206, 1, 0
872, 2, 279, 327, 68, 0, 50.61%, 3, 0, 7, 446.09, 384907, 206, 5, 0
878, 2, 324, 327, 66, 0, 50.61%, 3, 0, 7, 436.89, 387160, 206, 5, 0
883, 2, 280, 327, 64, 0, 50.61%, 3, 0, 7, 425.08, 389347, 206, 5, 0
888, 2, 256, 329, 63, 0, 51.11%, 3, 0, 7, 411.58, 391411, 208, 5, 0
893, 2, 282, 329, 61, 0, 51.11%, 3, 0, 7, 439.89, 393692, 208, 6, 0
898, 2, 295, 329, 60, 0, 51.11%, 3, 0, 7, 433.38, 395910, 208, 6, 0
903, 2, 304, 329, 57, 0, 51.11%, 3, 0, 7, 426.85, 398098, 208, 6, 0
908, 2, 308, 329, 55, 0, 51.11%, 3, 0, 7, 451.27, 400505, 208, 6, 0
913, 2, 225, 329, 53, 0, 51.11%, 3, 0, 7, 439.79, 402769, 208, 6, 0
918, 2, 235, 329, 51, 0, 51.11%, 3, 0, 7, 432.91, 404954, 208, 6, 0
923, 2, 243, 329, 49, 0, 51.11%, 3, 0, 7, 439.43, 407194, 208, 6, 0
928, 2, 325, 329, 47, 0, 51.11%, 3, 0, 7, 404.85, 409230, 208, 6, 0
933, 2, 232, 329, 45, 0, 51.11%, 3, 0, 7, 425.96, 411477, 208, 6, 0
939, 2, 188, 330, 43, 0, 51.11%, 3, 0, 7, 428.60, 413627, 208, 6, 0
944, 2, 278, 330, 41, 0, 51.11%, 3, 0, 7, 435.73, 415812, 208, 6, 0
949, 2, 88, 330, 39, 0, 51.11%, 3, 0, 7, 439.72, 418049, 208, 6, 0
954, 2, 246, 330, 39, 0, 51.11%, 3, 0, 7, 448.22, 420296, 208, 7, 0
959, 2, 286, 330, 38, 0, 51.11%, 3, 0, 7, 451.90, 422556, 208, 7, 0
964, 2, 75, 330, 35, 0, 51.11%, 3, 0, 7, 435.79, 424749, 208, 7, 0
969, 2, 235, 330, 34, 0, 51.11%, 3, 0, 7, 434.07, 426946, 208, 7, 0
974, 2, 37, 331, 35, 0, 51.11%, 3, 0, 7, 434.10, 429130, 208, 7, 0
979, 2, 327, 331, 33, 0, 51.11%, 3, 0, 7, 421.53, 431224, 208, 7, 0
984, 2, 269, 331, 32, 0, 51.11%, 3, 0, 7, 439.63, 433466, 208, 7, 0
989, 2, 327, 331, 30, 0, 51.11%, 3, 0, 7, 438.45, 435668, 208, 7, 0
994, 2, 212, 331, 30, 0, 51.11%, 3, 0, 7, 456.22, 437947, 208, 7, 0
1000, 2, 291, 331, 30, 0, 51.11%, 3, 0, 7, 446.96, 440258, 208, 7, 0
1005, 2, 38, 334, 31, 0, 51.60%, 3, 0, 7, 445.72, 442465, 210, 7, 0
1010, 3, 336, 347, 43, 6, 52.33%, 3, 0, 7, 434.59, 444579, 213, 7, 0
1015, 3, 341, 347, 41, 4, 52.33%, 3, 0, 7, 444.55, 446844, 213, 7, 0
1020, 3, 332, 347, 40, 3, 52.33%, 3, 0, 7, 419.45, 448927, 213, 7, 0
1025, 3, 334, 347, 39, 2, 52.33%, 3, 0, 7, 423.36, 451082, 213, 7, 0
1030, 3, 240, 347, 36, 0, 52.33%, 3, 0, 7, 443.40, 453304, 213, 7, 0
1035, 3, 339, 347, 35, 0, 52.33%, 3, 0, 7, 436.98, 455549, 213, 8, 0
1040, 3, 265, 347, 34, 0, 52.33%, 3, 0, 7, 430.88, 457735, 213, 8, 0
1045, 3, 342, 347, 31, 0, 52.33%, 3, 0, 7, 426.34, 459890, 213, 8, 0
1050, 3, 345, 347, 30, 0, 52.33%, 3, 0, 7, 417.30, 462011, 213, 8, 0
1055, 3, 343, 347, 28, 0, 52.33%, 3, 0, 7, 416.40, 464107, 213, 8, 0
1060, 3, 226, 347, 26, 0, 52.33%, 3, 0, 7, 430.72, 466275, 213, 8, 0
1065, 3, 241, 347, 25, 0, 52.33%, 3, 0, 7, 451.90, 468596, 213, 8, 0
1070, 3, 338, 347, 24, 0, 52.33%, 3, 0, 7, 434.59, 470696, 213, 8, 0
1075, 3, 8, 347, 22, 0, 52.33%, 3, 0, 7, 421.38, 472815, 213, 8, 0
1080, 3, 313, 347, 22, 0, 52.33%, 3, 0, 7, 432.44, 474957, 213, 8, 0
1085, 3, 259, 347, 21, 0, 52.33%, 3, 0, 7, 447.65, 477210, 213, 8, 0
1091, 3, 313, 347, 19, 0, 52.33%, 3, 0, 7, 418.10, 479385, 213, 8, 0
1096, 3, 226, 347, 18, 0, 52.33%, 3, 0, 7, 412.38, 481435, 213, 8, 0
1101, 3, 176, 347, 18, 0, 52.33%, 3, 0, 7, 448.96, 483735, 213, 8, 0
1106, 3, 340, 347, 16, 0, 52.33%, 3, 0, 7, 409.38, 485840, 213, 8, 0
1111, 3, 65, 347, 15, 0, 52.33%, 3, 0, 7, 413.74, 487902, 213, 8, 0
1116, 3, 37, 347, 14, 0, 52.33%, 3, 0, 7, 415.50, 489991, 213, 8, 0
1121, 3, 212, 347, 13, 0, 52.33%, 3, 0, 7, 438.39, 492250, 213, 8, 0
1126, 3, 325, 347, 13, 0, 52.33%, 3, 0, 7, 442.83, 494474, 213, 13, 0
1131, 3, 332, 347, 12, 0, 52.33%, 3, 0, 7, 450.30, 496706, 213, 13, 0
1136, 3, 38, 347, 11, 0, 52.33%, 3, 0, 7, 416.46, 498786, 213, 13, 0
1141, 3, 235, 347, 11, 0, 52.33%, 3, 0, 7, 404.62, 500872, 213, 13, 0
1146, 3, 337, 347, 11, 0, 52.33%, 3, 0, 7, 410.26, 503027, 213, 13, 0
1151, 3, 303, 347, 10, 0, 52.33%, 3, 0, 7, 429.89, 505203, 213, 13, 0
1156, 3, 226, 347, 9, 0, 52.33%, 3, 0, 7, 424.12, 507378, 213, 13, 0
1162, 3, 236, 347, 9, 0, 52.33%, 3, 0, 7, 442.30, 509592, 213, 13, 0
1167, 3, 235, 347, 8, 0, 52.33%, 3, 0, 7, 421.53, 511687, 213, 13, 0
1172, 3, 306, 347, 7, 0, 52.33%, 3, 0, 7, 427.93, 513889, 213, 13, 0
1177, 3, 150, 347, 7, 0, 52.33%, 3, 0, 7, 452.84, 516178, 213, 13, 0
1182, 3, 39, 347, 5, 0, 52.33%, 4, 0, 7, 460.01, 518493, 213, 14, 0
1187, 3, 305, 347, 5, 0, 52.33%, 4, 0, 7, 465.87, 520833, 213, 17, 0
1192, 3, 26, 347, 4, 0, 52.33%, 4, 0, 7, 449.27, 523128, 213, 17, 0
1197, 4, 373, 407, 64, 10, 61.18%, 4, 0, 7, 449.92, 525350, 249, 17, 0
1202, 4, 373, 410, 67, 10, 61.18%, 4, 0, 7, 439.12, 527597, 249, 17, 0
1207, 4, 373, 411, 68, 10, 61.18%, 4, 0, 7, 425.97, 529770, 249, 17, 0
1212, 4, 382, 412, 67, 8, 61.18%, 4, 0, 7, 437.96, 531978, 249, 17, 0
1217, 4, 382, 412, 67, 8, 61.18%, 4, 0, 7, 426.70, 534058, 249, 17, 0
1222, 4, 395, 412, 66, 7, 61.18%, 4, 0, 7, 402.63, 536141, 249, 17, 0
1227, 4, 374, 412, 64, 5, 61.18%, 4, 0, 7, 441.77, 538397, 249, 17, 0
1233, 4, 404, 412, 62, 3, 61.18%, 4, 0, 7, 438.47, 540617, 249, 17, 0
1238, 4, 356, 412, 60, 1, 61.18%, 4, 0, 7, 438.80, 542757, 249, 17, 0
1243, 4, 406, 412, 58, 0, 61.18%, 4, 0, 7, 434.49, 544940, 249, 17, 0
1248, 4, 212, 413, 58, 0, 61.18%, 4, 0, 7, 452.90, 547228, 249, 17, 0
1253, 4, 284, 413, 57, 0, 61.18%, 4, 0, 7, 424.30, 549364, 249, 17, 0
1258, 4, 348, 413, 55, 0, 61.18%, 4, 0, 7, 456.53, 551739, 249, 17, 0
1263, 4, 390, 413, 53, 0, 61.18%, 4, 0, 7, 456.71, 554017, 249, 17, 0
1268, 4, 333, 413, 51, 0, 61.18%, 4, 0, 7, 435.98, 556171, 249, 17, 0
1273, 4, 148, 414, 51, 0, 61.18%, 4, 0, 7, 434.54, 558401, 249, 17, 0
1278, 4, 265, 414, 50, 0, 61.18%, 4, 0, 7, 419.89, 560577, 249, 17, 0
1283, 4, 375, 414, 49, 0, 61.18%, 4, 0, 7, 441.22, 562799, 249, 17, 0
1288, 4, 88, 415, 48, 0, 61.18%, 4, 0, 7, 467.40, 565181, 249, 17, 0
1293, 4, 407, 415, 47, 0, 61.18%, 4, 0, 7, 423.60, 567241, 249, 17, 0
1298, 4, 260, 415, 45, 0, 61.18%, 4, 0, 7, 432.16, 569395, 249, 17, 0
1303, 4, 365, 415, 44, 0, 61.18%, 4, 0, 7, 449.98, 571690, 249, 17, 0
1309, 4, 364, 417, 44, 0, 61.18%, 4, 0, 7, 449.23, 573932, 249, 17, 0
1314, 4, 260, 417, 42, 0, 61.18%, 4, 0, 7, 443.52, 576137, 249, 17, 0
1319, 4, 380, 417, 41, 0, 61.18%, 4, 0, 7, 453.43, 578477, 249, 17, 0
1324, 4, 15, 417, 39, 0, 61.18%, 4, 0, 7, 463.42, 580822, 249, 17, 0
1329, 4, 362, 417, 38, 0, 61.18%, 4, 0, 7, 433.31, 583002, 249, 17, 0
1334, 4, 410, 419, 39, 0, 61.18%, 4, 0, 7, 436.24, 585141, 249, 17, 0
1339, 4, 393, 419, 37, 0, 61.18%, 4, 0, 7, 429.58, 587298, 249, 17, 0
1344, 4, 347, 419, 36, 0, 61.18%, 4, 0, 7, 455.47, 589593, 249, 17, 0
1349, 4, 399, 419, 35, 0, 61.18%, 4, 0, 7, 439.53, 591825, 249, 17, 0
1354, 4, 416, 419, 33, 0, 61.18%, 4, 0, 7, 459.90, 594108, 249, 17, 0
1359, 4, 414, 419, 32, 0, 61.18%, 4, 0, 7, 466.31, 596496, 249, 17, 0
1364, 4, 376, 419, 30, 0, 61.18%, 4, 0, 7, 456.71, 598810, 249, 17, 0
1369, 4, 417, 423, 33, 0, 61.18%, 4, 0, 7, 449.33, 601129, 249, 17, 0
1374, 4, 389, 423, 32, 0, 61.18%, 4, 0, 7, 439.37, 603353, 249, 17, 0
1380, 4, 130, 423, 30, 0, 61.18%, 4, 0, 7, 434.46, 605503, 249, 17, 0
1385, 4, 394, 423, 29, 0, 61.18%, 4, 0, 7, 452.31, 607791, 249, 17, 0
1390, 4, 372, 423, 28, 0, 61.18%, 4, 0, 7, 440.72, 610081, 249, 21, 0
1395, 4, 360, 423, 26, 0, 61.18%, 4, 0, 7, 444.78, 612289, 249, 21, 0
1400, 4, 37, 423, 24, 0, 61.18%, 4, 0, 7, 425.50, 614426, 249, 21, 0
1405, 4, 33, 423, 24, 0, 61.18%, 4, 0, 7, 453.10, 616763, 249, 21, 0
1410, 4, 8, 423, 24, 0, 61.18%, 4, 0, 7, 445.70, 619001, 249, 21, 0
1415, 4, 388, 423, 23, 0, 61.18%, 4, 0, 7, 448.56, 621206, 249, 21, 0
1420, 4, 397, 423, 21, 0, 61.18%, 4, 0, 7, 418.55, 623279, 249, 21, 0
1425, 4, 71, 423, 19, 0, 61.18%, 4, 0, 7, 438.76, 625521, 249, 21, 0
1430, 4, 421, 423, 18, 0, 61.18%, 4, 0, 7, 443.25, 627777, 249, 26, 0
1435, 4, 230, 423, 17, 0, 61.18%, 4, 0, 7, 437.32, 629994, 249, 26, 0
1440, 4, 321, 423, 16, 0, 61.18%, 4, 0, 7, 454.55, 632286, 249, 26, 0
1445, 4, 377, 423, 15, 0, 61.18%, 4, 0, 7, 441.79, 634481, 249, 26, 0
1450, 4, 65, 423, 14, 0, 61.18%, 4, 0, 7, 438.88, 636719, 249, 26, 0
1455, 4, 354, 423, 14, 0, 61.18%, 5, 0, 7, 411.71, 638760, 249, 28, 0
1460, 4, 8, 423, 14, 0, 61.18%, 5, 0, 7, 424.42, 640968, 249, 28, 0
1465, 4, 148, 423, 14, 0, 61.18%, 5, 0, 7, 431.21, 643137, 249, 28, 0
1470, 4, 422, 423, 14, 0, 61.18%, 5, 0, 7, 436.90, 645325, 249, 28, 0
1475, 4, 130, 423, 13, 0, 61.18%, 5, 0, 7, 445.63, 647636, 249, 28, 0
1481, 4, 229, 423, 12, 0, 61.18%, 5, 0, 7, 447.52, 649917, 249, 28, 0
1486, 4, 413, 423, 12, 0, 61.18%, 5, 0, 7, 436.75, 652058, 249, 28, 0
1491, 5, 346, 443, 30, 0, 61.18%, 5, 0, 7, 432.93, 654206, 249, 28, 0
1496, 5, 13, 443, 29, 0, 61.18%, 5, 0, 7, 445.37, 656557, 249, 28, 0
1501, 5, 212, 443, 28, 0, 61.18%, 5, 0, 7, 439.66, 658811, 249, 28, 0
1506, 5, 37, 443, 27, 0, 61.18%, 5, 0, 7, 421.24, 660971, 249, 28, 0
1511, 5, 402, 443, 26, 0, 61.18%, 5, 0, 7, 438.47, 663193, 249, 28, 0
1516, 5, 35, 443, 25, 0, 61.18%, 5, 0, 7, 430.31, 665324, 249, 28, 0
1521, 5, 428, 443, 25, 0, 61.18%, 5, 0, 7, 446.75, 667610, 249, 28, 0
1526, 5, 65, 443, 24, 0, 61.18%, 5, 0, 7, 424.10, 669775, 249, 29, 0
1531, 5, 38, 443, 23, 0, 61.18%, 5, 0, 7, 417.90, 671896, 249, 29, 0
1537, 5, 426, 443, 22, 0, 61.18%, 5, 0, 7, 443.38, 674156, 249, 29, 0
1542, 5, 239, 443, 21, 0, 61.18%, 5, 0, 7, 430.00, 676225, 249, 29, 0
1547, 5, 408, 443, 20, 0, 61.18%, 5, 0, 7, 451.27, 678512, 249, 29, 0
1552, 5, 370, 443, 19, 0, 61.18%, 5, 0, 7, 411.34, 680582, 249, 29, 0
1557, 5, 229, 443, 18, 0, 61.18%, 5, 0, 7, 427.67, 682795, 249, 29, 0
1562, 5, 373, 443, 18, 0, 61.18%, 5, 0, 7, 438.57, 685022, 249, 29, 0
1567, 5, 15, 443, 17, 0, 61.18%, 5, 0, 7, 442.72, 687260, 249, 29, 0
1572, 5, 386, 443, 17, 0, 61.18%, 5, 0, 7, 423.10, 689383, 249, 29, 0
1577, 5, 437, 443, 16, 0, 61.18%, 5, 0, 7, 404.00, 691368, 249, 29, 0
1582, 5, 325, 444, 15, 0, 61.18%, 5, 0, 7, 439.64, 693605, 249, 29, 0
1587, 5, 441, 444, 15, 0, 61.18%, 5, 0, 7, 446.36, 695814, 249, 29, 0
1592, 5, 336, 444, 15, 0, 61.18%, 5, 0, 7, 436.99, 698064, 249, 29, 0
1597, 5, 326, 444, 14, 0, 61.18%, 5, 0, 7, 401.36, 700096, 249, 29, 0
1603, 5, 130, 444, 14, 0, 61.18%, 5, 0, 7, 430.98, 702336, 249, 29, 0
1608, 5, 341, 444, 13, 0, 61.18%, 5, 0, 7, 423.75, 704521, 249, 29, 0
1613, 5, 235, 444, 12, 0, 61.18%, 5, 0, 7, 457.88, 706845, 249, 29, 0
1618, 5, 95, 444, 12, 0, 61.18%, 5, 0, 7, 456.42, 709139, 249, 29, 0
1623, 5, 438, 444, 11, 0, 61.18%, 5, 0, 7, 460.73, 711490, 249, 31, 0
1628, 5, 229, 444, 9, 0, 61.18%, 5, 0, 7, 452.85, 713818, 249, 31, 0
1633, 5, 188, 444, 8, 0, 61.18%, 5, 0, 7, 480.87, 716252, 249, 31, 0
1638, 5, 384, 444, 8, 0, 61.18%, 5, 0, 7, 444.86, 718529, 249, 31, 0
1643, 5, 39, 444, 7, 0, 61.18%, 5, 0, 7, 444.09, 720755, 249, 36, 0
1648, 5, 263, 444, 7, 0, 61.18%, 5, 0, 7, 440.06, 722950, 249, 36, 0
1653, 5, 424, 444, 7, 0, 61.18%, 5, 0, 7, 430.90, 725105, 249, 36, 0
1659, 5, 415, 444, 5, 0, 61.18%, 5, 0, 7, 423.59, 727329, 249, 36, 0
1664, 5, 356, 444, 5, 0, 61.18%, 5, 0, 7, 413.71, 729431, 249, 40, 0
1669, 5, 65, 444, 5, 0, 61.18%, 5, 0, 7, 413.67, 731519, 249, 43, 0
1674, 5, 235, 444, 5, 0, 61.18%, 5, 0, 7, 423.30, 733652, 249, 46, 0
1679, 5, 130, 444, 5, 0, 61.18%, 5, 0, 7, 420.12, 735834, 249, 46, 0
1684, 5, 357, 444, 5, 0, 61.18%, 5, 0, 7, 439.75, 738143, 249, 50, 0
1689, 5, 320, 444, 4, 0, 61.18%, 5, 0, 7, 440.10, 740346, 249, 50, 0
1694, 6, 423, 447, 7, 0, 61.18%, 5, 0, 7, 420.87, 742436, 249, 50, 0
1699, 6, 240, 447, 6, 0, 61.18%, 5, 0, 7, 411.94, 744474, 249, 50, 0
1704, 6, 445, 447, 6, 0, 61.18%, 6, 0, 7, 411.78, 746578, 249, 56, 0
1709, 6, 235, 447, 5, 0, 61.18%, 6, 0, 7, 444.45, 748853, 249, 56, 0
1715, 6, 250, 447, 5, 0, 61.18%, 6, 0, 7, 420.03, 750977, 249, 56, 0
1720, 6, 313, 447, 4, 0, 61.18%, 6, 0, 7, 436.56, 753128, 249, 56, 0
1725, 6, 341, 447, 3, 0, 61.18%, 6, 0, 7, 437.16, 755429, 249, 57, 0
1730, 6, 135, 447, 2, 0, 61.18%, 6, 0, 7, 445.40, 757659, 249, 57, 0
1735, 6, 263, 447, 2, 0, 61.18%, 6, 0, 7, 437.97, 759872, 249, 57, 0
1740, 6, 38, 447, 2, 0, 61.18%, 6, 0, 7, 415.39, 761895, 249, 57, 0
1745, 6, 425, 447, 2, 0, 61.18%, 6, 0, 7, 427.74, 764032, 249, 57, 0
1750, 6, 101, 447, 1, 0, 61.18%, 6, 0, 7, 440.08, 766351, 249, 57, 0
1756, 6, 130, 447, 1, 0, 61.18%, 6, 0, 7, 435.20, 768575, 249, 57, 0
1761, 6, 357, 447, 1, 0, 61.18%, 6, 0, 7, 442.49, 770816, 249, 57, 0
1766, 6, 446, 447, 1, 0, 61.18%, 6, 0, 7, 436.66, 773022, 249, 57, 0
1771, 6, 35, 447, 0, 0, 61.18%, 6, 0, 7, 425.35, 775214, 249, 57, 0
1776, 6, 386, 447, 0, 0, 61.18%, 6, 0, 7, 409.33, 777298, 249, 57, 0
1781, 6, 306, 447, 0, 0, 61.18%, 6, 0, 7, 393.26, 779221, 249, 57, 0
1786, 6, 8, 447, 0, 0, 61.18%, 6, 0, 7, 407.22, 781309, 249, 57, 0
1791, 6, 35, 447, 0, 0, 61.18%, 6, 0, 7, 418.40, 783447, 249, 57, 0
1796, 6, 212, 447, 0, 0, 61.18%, 7, 0, 7, 427.11, 785680, 249, 58, 0
1801, 6, 101, 447, 0, 0, 61.18%, 7, 0, 7, 431.14, 787845, 249, 58, 0
1804, 6, 332, 447, 0, 0, 61.18%, 7, 0, 7, 434.83, 789106, 249, 58, 0
