# relative_time, cycles_done, cur_item, corpus_count, pending_total, pending_favs, map_size, saved_crashes, saved_hangs, max_depth, execs_per_sec, total_execs, edges_found, total_crashes, servers_count
61, 0, 25, 104, 97, 23, 35.63%, 0, 0, 2, 532.45, 30329, 145, 0, 0
66, 0, 25, 104, 97, 23, 35.63%, 0, 0, 2, 490.41, 32806, 145, 0, 0
71, 0, 25, 107, 100, 23, 35.63%, 0, 0, 2, 562.40, 35780, 145, 0, 0
76, 0, 25, 108, 101, 23, 36.36%, 0, 0, 2, 518.43, 38349, 148, 0, 0
81, 0, 25, 111, 104, 23, 36.61%, 0, 0, 2, 443.55, 40490, 149, 0, 0
86, 0, 25, 113, 106, 23, 36.61%, 0, 0, 2, 461.67, 42851, 149, 0, 0
91, 0, 25, 114, 107, 23, 36.61%, 0, 0, 2, 437.75, 45055, 149, 0, 0
96, 0, 25, 116, 109, 23, 36.61%, 0, 0, 2, 472.74, 47426, 149, 0, 0
101, 0, 12, 118, 105, 22, 37.10%, 0, 0, 3, 434.45, 49554, 151, 0, 0
106, 0, 19, 132, 118, 21, 42.01%, 0, 0, 3, 479.89, 51918, 171, 0, 0
111, 0, 19, 136, 122, 21, 42.01%, 0, 0, 3, 472.92, 54278, 171, 0, 0
117, 0, 19, 139, 125, 21, 42.26%, 0, 0, 3, 472.01, 56648, 172, 0, 0
122, 0, 19, 140, 126, 21, 42.26%, 0, 0, 3, 460.06, 58959, 172, 0, 0
127, 0, 19, 140, 126, 21, 42.26%, 0, 0, 3, 443.94, 61200, 172, 0, 0
132, 0, 19, 141, 127, 21, 42.26%, 0, 0, 3, 424.82, 63359, 172, 0, 0
137, 0, 19, 141, 127, 21, 42.26%, 0, 0, 3, 424.89, 65551, 172, 0, 0
142, 0, 19, 141, 127, 21, 42.26%, 0, 0, 3, 452.02, 67831, 172, 0, 0
147, 0, 19, 142, 128, 21, 42.26%, 0, 0, 3, 460.74, 70242, 172, 0, 0
152, 0, 19, 142, 128, 21, 42.26%, 0, 0, 3, 452.70, 72501, 172, 0, 0
157, 0, 19, 142, 128, 21, 42.26%, 0, 0, 3, 475.19, 74859, 172, 0, 0
162, 0, 19, 142, 128, 21, 42.26%, 0, 0, 3, 433.15, 76982, 172, 0, 0
167, 0, 19, 142, 128, 21, 42.26%, 0, 0, 3, 449.60, 79198, 172, 0, 0
172, 0, 19, 142, 128, 21, 42.26%, 0, 0, 3, 417.59, 81334, 172, 0, 0
177, 0, 19, 144, 130, 21, 42.26%, 0, 0, 3, 441.51, 83580, 172, 0, 0
182, 0, 19, 144, 130, 21, 42.26%, 0, 0, 3, 432.22, 85756, 172, 0, 0
188, 0, 19, 144, 130, 21, 42.26%, 0, 0, 3, 439.61, 87957, 172, 0, 0
193, 0, 19, 144, 130, 21, 42.26%, 0, 0, 3, 456.21, 90282, 172, 0, 0
198, 0, 19, 145, 131, 21, 42.26%, 0, 0, 3, 433.79, 92452, 172, 0, 0
203, 0, 19, 145, 131, 21, 42.26%, 0, 0, 3, 400.83, 94511, 172, 0, 0
208, 0, 19, 145, 131, 21, 42.26%, 0, 0, 3, 384.01, 96408, 172, 0, 0
213, 0, 19, 145, 131, 21, 42.26%, 0, 0, 3, 397.28, 98508, 172, 0, 0
218, 0, 19, 146, 132, 21, 42.26%, 0, 0, 3, 426.57, 100635, 172, 0, 0
223, 0, 127, 146, 131, 27, 42.26%, 0, 0, 3, 411.11, 102764, 172, 0, 0
228, 0, 134, 146, 129, 25, 42.26%, 0, 0, 3, 430.17, 104989, 172, 0, 0
233, 0, 134, 151, 134, 25, 42.26%, 0, 0, 4, 417.60, 107039, 172, 0, 0
239, 0, 101, 153, 134, 23, 42.26%, 0, 0, 4, 438.71, 109255, 172, 0, 0
244, 0, 101, 164, 145, 23, 42.51%, 0, 0, 4, 454.55, 111556, 173, 0, 0
249, 0, 101, 165, 146, 23, 42.51%, 0, 0, 4, 454.07, 113921, 173, 0, 0
254, 0, 101, 170, 151, 23, 42.75%, 0, 0, 4, 438.26, 116126, 174, 0, 0
259, 0, 101, 171, 152, 23, 42.75%, 0, 0, 4, 436.61, 118341, 174, 0, 0
264, 0, 101, 173, 154, 23, 42.75%, 0, 0, 4, 460.77, 120674, 174, 0, 0
269, 0, 101, 175, 156, 23, 42.75%, 0, 0, 4, 432.11, 122827, 174, 0, 0
274, 0, 101, 175, 156, 23, 42.75%, 0, 0, 4, 426.98, 125011, 174, 0, 0
279, 0, 101, 176, 157, 23, 42.75%, 0, 0, 4, 451.89, 127218, 174, 0, 0
284, 0, 101, 176, 157, 23, 42.75%, 0, 0, 4, 426.01, 129378, 174, 0, 0
289, 0, 101, 178, 159, 23, 43.49%, 0, 0, 4, 453.82, 131708, 177, 0, 0
295, 0, 101, 178, 159, 23, 43.49%, 0, 0, 4, 448.33, 133896, 177, 0, 0
300, 0, 101, 179, 160, 23, 43.49%, 0, 0, 4, 453.70, 136242, 177, 0, 0
305, 0, 101, 181, 162, 23, 43.49%, 0, 0, 4, 427.76, 138469, 177, 0, 0
310, 0, 101, 184, 165, 23, 43.49%, 0, 0, 4, 443.07, 140642, 177, 0, 0
315, 0, 101, 184, 165, 23, 43.49%, 0, 0, 4, 420.17, 142811, 177, 0, 0
320, 0, 101, 184, 165, 23, 43.49%, 0, 0, 4, 444.58, 145161, 177, 0, 0
325, 0, 101, 184, 165, 23, 43.49%, 0, 0, 4, 440.14, 147332, 177, 0, 0
330, 0, 124, 184, 164, 24, 43.49%, 0, 0, 4, 429.52, 149521, 177, 0, 0
335, 0, 176, 186, 164, 22, 43.49%, 0, 0, 4, 442.34, 151831, 177, 0, 0
340, 0, 176, 193, 171, 22, 43.49%, 0, 0, 4, 398.35, 153831, 177, 0, 0
345, 0, 176, 196, 174, 22, 43.49%, 0, 0, 4, 451.52, 156141, 177, 0, 0
350, 0, 176, 197, 175, 22, 43.49%, 0, 0, 4, 444.03, 158349, 177, 0, 0
355, 0, 176, 197, 175, 22, 43.49%, 0, 0, 4, 516.62, 160899, 177, 0, 0
360, 0, 176, 198, 176, 22, 43.49%, 0, 0, 4, 480.97, 163400, 177, 0, 0
366, 0, 176, 201, 179, 22, 43.49%, 0, 0, 4, 507.87, 166027, 177, 0, 0
371, 0, 176, 202, 180, 22, 43.49%, 0, 0, 4, 500.98, 168614, 177, 0, 0
376, 0, 176, 202, 180, 22, 43.49%, 0, 0, 4, 460.29, 170916, 177, 0, 0
381, 0, 176, 202, 180, 22, 43.49%, 0, 0, 4, 451.38, 173284, 177, 0, 0
386, 0, 176, 204, 182, 22, 43.49%, 0, 0, 4, 397.88, 175288, 177, 0, 0
391, 0, 176, 204, 182, 22, 43.49%, 0, 0, 4, 422.01, 177423, 177, 0, 0
396, 0, 176, 204, 182, 22, 43.49%, 0, 0, 4, 446.95, 179688, 177, 0, 0
401, 0, 176, 204, 182, 22, 43.49%, 0, 0, 4, 428.82, 181815, 177, 0, 0
406, 0, 176, 204, 182, 22, 43.49%, 0, 0, 4, 421.19, 183943, 177, 0, 0
411, 0, 176, 204, 182, 22, 43.49%, 0, 0, 4, 456.55, 186348, 177, 0, 0
416, 0, 176, 205, 183, 22, 43.49%, 0, 0, 4, 423.89, 188398, 177, 0, 0
421, 0, 138, 205, 181, 20, 43.49%, 0, 0, 4, 408.26, 190485, 177, 0, 0
426, 0, 205, 207, 182, 20, 43.49%, 0, 0, 4, 473.33, 192909, 177, 0, 0
431, 0, 20, 207, 180, 18, 43.49%, 0, 0, 4, 449.62, 195045, 177, 0, 0
436, 0, 118, 207, 177, 15, 43.49%, 0, 0, 4, 444.07, 197261, 177, 0, 0
442, 0, 0, 207, 173, 11, 43.49%, 0, 0, 4, 468.56, 199575, 177, 0, 0
447, 0, 186, 208, 172, 9, 43.49%, 0, 0, 5, 487.33, 202117, 177, 0, 0
452, 0, 68, 210, 171, 6, 43.49%, 0, 0, 5, 476.10, 204474, 177, 0, 0
457, 0, 21, 212, 171, 4, 43.73%, 0, 0, 5, 457.54, 206705, 178, 0, 0
462, 0, 132, 212, 167, 1, 43.73%, 0, 0, 5, 441.90, 208895, 178, 0, 0
467, 0, 68, 212, 163, 0, 43.73%, 0, 0, 5, 432.44, 211174, 178, 0, 0
472, 0, 3, 212, 161, 0, 43.73%, 0, 0, 5, 431.22, 213404, 178, 0, 0
477, 0, 101, 212, 158, 0, 43.73%, 0, 0, 5, 455.52, 215721, 178, 0, 0
482, 0, 31, 213, 156, 0, 43.73%, 0, 0, 5, 431.44, 217904, 178, 0, 0
487, 0, 176, 213, 152, 0, 43.73%, 0, 0, 5, 472.03, 220292, 178, 0, 0
492, 0, 68, 214, 150, 0, 43.73%, 0, 0, 5, 503.68, 222717, 178, 0, 0
497, 0, 119, 214, 150, 0, 43.73%, 0, 0, 5, 493.75, 225198, 178, 0, 0
503, 0, 68, 214, 146, 0, 43.73%, 0, 0, 5, 455.62, 227476, 178, 0, 0
508, 0, 162, 215, 143, 0, 43.73%, 0, 0, 5, 490.20, 229993, 178, 0, 0
513, 0, 146, 215, 139, 0, 43.73%, 0, 0, 5, 474.11, 232398, 178, 0, 0
518, 0, 190, 216, 139, 0, 43.73%, 0, 0, 5, 410.98, 234361, 178, 0, 0
523, 0, 196, 217, 137, 0, 43.73%, 0, 0, 5, 485.61, 236747, 178, 0, 0
528, 0, 127, 217, 134, 0, 43.73%, 0, 0, 5, 432.57, 238829, 178, 0, 0
533, 0, 185, 219, 134, 0, 43.73%, 0, 0, 5, 452.74, 241128, 178, 0, 0
538, 0, 123, 219, 131, 0, 43.73%, 0, 0, 5, 445.52, 243366, 178, 0, 0
543, 0, 208, 219, 128, 0, 43.73%, 0, 0, 5, 441.68, 245601, 178, 0, 0
548, 0, 101, 219, 127, 0, 43.73%, 0, 0, 5, 426.98, 247740, 178, 0, 0
553, 1, 118, 219, 124, 0, 43.73%, 0, 0, 5, 396.87, 249815, 178, 0, 0
558, 1, 206, 219, 120, 0, 43.73%, 0, 0, 5, 406.09, 251846, 178, 0, 0
563, 1, 174, 223, 123, 0, 43.73%, 0, 0, 5, 432.75, 254070, 178, 0, 0
569, 1, 174, 224, 124, 0, 43.98%, 0, 0, 5, 430.92, 256221, 179, 0, 0
574, 1, 223, 225, 120, 0, 44.23%, 0, 0, 5, 434.90, 258348, 180, 0, 0
579, 1, 126, 226, 115, 0, 44.23%, 0, 0, 5, 412.31, 260347, 180, 0, 0
584, 1, 124, 227, 114, 0, 44.23%, 0, 0, 5, 443.05, 262620, 180, 0, 0
589, 1, 77, 227, 112, 0, 44.23%, 0, 0, 5, 420.38, 264720, 180, 0, 0
594, 1, 217, 227, 108, 0, 44.23%, 0, 0, 5, 438.62, 266990, 180, 0, 0
599, 1, 130, 228, 106, 0, 44.23%, 0, 0, 5, 432.85, 269181, 180, 0, 0
604, 1, 129, 228, 102, 0, 44.23%, 0, 0, 5, 449.04, 271483, 180, 0, 0
609, 1, 44, 230, 102, 0, 44.47%, 0, 0, 5, 404.89, 273476, 181, 0, 0
614, 1, 229, 232, 103, 2, 44.47%, 0, 0, 5, 402.02, 275556, 181, 0, 0
619, 1, 229, 232, 103, 2, 44.47%, 0, 0, 5, 380.44, 277428, 181, 0, 0
624, 1, 229, 232, 103, 2, 44.47%, 0, 0, 5, 412.21, 279549, 181, 0, 0
630, 1, 228, 233, 103, 1, 44.47%, 0, 0, 5, 385.71, 281476, 181, 0, 0
635, 1, 144, 233, 100, 0, 44.47%, 0, 0, 5, 430.83, 283675, 181, 0, 0
640, 1, 142, 233, 97, 0, 44.47%, 0, 0, 5, 425.41, 285856, 181, 0, 0
645, 1, 188, 234, 94, 0, 44.47%, 0, 0, 5, 419.70, 287982, 181, 0, 0
650, 1, 148, 243, 102, 0, 44.47%, 0, 0, 5, 407.37, 290101, 181, 0, 0
655, 1, 148, 250, 109, 0, 44.47%, 0, 0, 5, 388.51, 292015, 181, 0, 0
660, 1, 148, 254, 113, 0, 44.47%, 0, 0, 5, 417.85, 294170, 181, 0, 0
665, 1, 148, 255, 114, 0, 44.47%, 0, 0, 5, 419.62, 296369, 181, 0, 0
670, 1, 148, 257, 116, 0, 44.47%, 0, 0, 5, 388.41, 298378, 181, 0, 0
675, 1, 105, 259, 113, 0, 44.47%, 0, 0, 5, 387.46, 300415, 181, 0, 0
680, 1, 260, 261, 112, 1, 44.96%, 0, 0, 5, 414.99, 302545, 183, 0, 0
685, 1, 261, 263, 113, 1, 45.45%, 0, 0, 5, 442.96, 304828, 185, 0, 0
691, 1, 257, 265, 113, 0, 45.45%, 0, 0, 5, 389.78, 306825, 185, 0, 0
696, 1, 252, 266, 113, 0, 45.45%, 0, 0, 5, 447.61, 309138, 185, 0, 0
701, 1, 224, 269, 115, 0, 45.45%, 0, 0, 6, 416.30, 311161, 185, 0, 0
706, 1, 245, 269, 112, 0, 45.45%, 0, 0, 6, 416.34, 313302, 185, 0, 0
711, 1, 114, 269, 110, 0, 45.45%, 0, 0, 6, 427.68, 315467, 185, 0, 0
716, 1, 31, 270, 108, 0, 45.45%, 0, 0, 6, 414.78, 317500, 185, 0, 0
721, 1, 229, 271, 107, 0, 45.45%, 0, 0, 6, 421.18, 319735, 185, 0, 0
726, 1, 271, 273, 108, 1, 45.45%, 0, 0, 6, 415.81, 321846, 185, 0, 0
731, 1, 258, 273, 105, 0, 45.45%, 0, 0, 6, 412.90, 323928, 185, 0, 0
736, 1, 145, 273, 103, 0, 45.45%, 0, 0, 6, 449.04, 326268, 185, 0, 0
741, 1, 254, 274, 101, 0, 45.45%, 0, 0, 6, 445.90, 328477, 185, 0, 0
746, 1, 149, 274, 98, 0, 45.45%, 0, 0, 6, 455.98, 330798, 185, 0, 0
752, 1, 232, 274, 95, 0, 45.45%, 0, 0, 6, 422.47, 332927, 185, 0, 0
757, 1, 167, 279, 99, 0, 45.45%, 0, 0, 6, 377.95, 334772, 185, 0, 0
762, 1, 99, 281, 100, 0, 45.45%, 0, 0, 6, 396.02, 336861, 185, 0, 0
767, 1, 273, 284, 102, 0, 45.45%, 0, 0, 6, 417.47, 339033, 185, 0, 0
772, 1, 273, 286, 104, 0, 45.70%, 0, 0, 6, 410.42, 341103, 186, 0, 0
777, 1, 273, 286, 104, 0, 45.70%, 0, 0, 6, 427.17, 343335, 186, 0, 0
782, 1, 100, 286, 101, 0, 45.70%, 0, 0, 6, 424.18, 345483, 186, 0, 0
787, 1, 224, 286, 99, 0, 45.70%, 0, 0, 6, 415.44, 347599, 186, 0, 0
792, 1, 253, 287, 97, 0, 45.95%, 0, 0, 6, 430.61, 349745, 187, 0, 0
797, 1, 34, 288, 96, 0, 45.95%, 0, 0, 6, 428.45, 351957, 187, 0, 0
802, 1, 266, 288, 95, 0, 45.95%, 0, 0, 6, 458.15, 354157, 187, 0, 0
807, 1, 213, 288, 91, 0, 45.95%, 0, 0, 6, 442.82, 356388, 187, 0, 0
812, 1, 272, 288, 87, 0, 45.95%, 0, 0, 6, 446.76, 358619, 187, 0, 0
818, 1, 190, 288, 85, 0, 45.95%, 0, 0, 6, 420.32, 360756, 187, 0, 0
823, 1, 264, 288, 83, 0, 45.95%, 0, 0, 6, 434.27, 363073, 187, 0, 0
828, 1, 258, 288, 82, 0, 45.95%, 0, 0, 6, 409.13, 365132, 187, 0, 0
833, 1, 247, 288, 80, 0, 45.95%, 0, 0, 6, 406.26, 367159, 187, 0, 0
838, 1, 205, 288, 77, 0, 45.95%, 0, 0, 6, 411.54, 369231, 187, 0, 0
843, 1, 125, 288, 76, 0, 45.95%, 0, 0, 6, 412.71, 371350, 187, 0, 0
848, 1, 98, 288, 73, 0, 45.95%, 0, 0, 6, 430.52, 373549, 187, 0, 0
853, 1, 39, 288, 71, 0, 45.95%, 0, 0, 6, 445.37, 375831, 187, 0, 0
858, 1, 99, 288, 69, 0, 45.95%, 0, 0, 6, 444.66, 378063, 187, 0, 0
863, 1, 81, 288, 66, 0, 45.95%, 0, 0, 6, 441.32, 380289, 187, 0, 0
868, 1, 258, 288, 63, 0, 45.95%, 0, 0, 6, 433.75, 382473, 187, 0, 0
873, 1, 238, 324, 98, 0, 48.65%, 0, 0, 6, 419.75, 384578, 198, 0, 0
878, 2, 307, 366, 139, 13, 50.12%, 0, 0, 6, 421.29, 386742, 204, 0, 0
883, 2, 365, 366, 137, 11, 50.12%, 0, 0, 6, 409.56, 388798, 204, 0, 0
889, 2, 365, 366, 137, 11, 50.12%, 0, 0, 6, 418.37, 390987, 204, 0, 0
894, 2, 347, 366, 135, 9, 50.12%, 0, 0, 6, 445.54, 393218, 204, 0, 0
899, 2, 338, 366, 132, 6, 50.12%, 0, 0, 6, 420.79, 395318, 204, 0, 0
904, 2, 296, 366, 130, 4, 50.12%, 0, 0, 6, 414.42, 397495, 204, 0, 0
904, 2, 296, 366, 130, 4, 50.12%, 0, 0, 6, 398.51, 397673, 204, 0, 0
