# relative_time, cycles_done, cur_item, corpus_count, pending_total, pending_favs, map_size, saved_crashes, saved_hangs, max_depth, execs_per_sec, total_execs, edges_found, total_crashes, servers_count
60, 0, 9, 62, 57, 5, 30.71%, 0, 0, 2, 421.16, 29139, 125, 0, 0
66, 0, 9, 62, 57, 5, 30.71%, 0, 0, 2, 452.66, 31444, 125, 0, 0
71, 0, 9, 62, 57, 5, 30.71%, 0, 0, 2, 432.93, 33683, 125, 0, 0
76, 0, 9, 62, 57, 5, 30.71%, 0, 0, 2, 444.60, 35955, 125, 0, 0
81, 0, 9, 63, 58, 5, 32.19%, 0, 0, 2, 426.60, 38122, 131, 0, 0
86, 0, 9, 65, 60, 5, 32.19%, 0, 0, 2, 473.57, 40519, 131, 0, 0
91, 0, 9, 65, 60, 5, 32.19%, 0, 0, 2, 452.39, 42805, 131, 0, 0
96, 0, 9, 69, 64, 5, 32.19%, 0, 0, 2, 440.49, 44996, 131, 0, 0
101, 0, 9, 70, 65, 5, 32.19%, 0, 0, 2, 442.06, 47251, 131, 0, 0
106, 0, 9, 72, 67, 5, 32.19%, 0, 0, 2, 444.55, 49505, 131, 0, 0
111, 0, 9, 73, 68, 5, 32.19%, 0, 0, 2, 428.28, 51640, 131, 0, 0
116, 0, 9, 74, 69, 5, 32.19%, 0, 0, 2, 421.46, 53807, 131, 0, 0
121, 0, 94, 133, 126, 28, 42.75%, 0, 0, 3, 436.23, 55992, 174, 0, 0
126, 0, 3, 149, 135, 24, 43.24%, 0, 0, 3, 418.82, 58119, 176, 0, 0
132, 0, 76, 150, 135, 24, 43.73%, 0, 0, 3, 434.90, 60400, 178, 0, 0
137, 0, 62, 161, 145, 23, 43.98%, 0, 0, 3, 435.64, 62588, 179, 0, 0
142, 0, 62, 165, 149, 23, 43.98%, 0, 0, 3, 438.67, 64824, 179, 0, 0
147, 0, 62, 166, 150, 23, 43.98%, 0, 0, 3, 428.76, 66952, 179, 0, 0
152, 0, 62, 168, 152, 23, 43.98%, 0, 0, 3, 437.11, 69206, 179, 0, 0
157, 0, 62, 169, 153, 23, 43.98%, 0, 0, 3, 439.78, 71517, 179, 0, 0
162, 0, 62, 170, 154, 23, 43.98%, 0, 0, 3, 450.34, 73807, 179, 0, 0
167, 0, 62, 171, 155, 23, 43.98%, 0, 0, 3, 428.17, 75899, 179, 0, 0
172, 0, 62, 171, 155, 23, 43.98%, 0, 0, 3, 449.38, 78139, 179, 0, 0
177, 0, 62, 172, 156, 23, 43.98%, 0, 0, 3, 430.22, 80378, 179, 0, 0
182, 0, 62, 172, 156, 23, 43.98%, 0, 0, 3, 462.03, 82794, 179, 0, 0
187, 0, 62, 172, 156, 23, 43.98%, 0, 0, 3, 450.63, 85062, 179, 0, 0
193, 0, 62, 172, 156, 23, 43.98%, 0, 0, 3, 444.67, 87330, 179, 0, 0
198, 0, 62, 172, 156, 23, 43.98%, 0, 0, 3, 440.00, 89578, 179, 0, 0
203, 0, 62, 172, 156, 23, 43.98%, 0, 0, 3, 481.88, 92028, 179, 0, 0
208, 0, 62, 172, 156, 23, 43.98%, 0, 0, 3, 449.90, 94287, 179, 0, 0
213, 0, 62, 173, 157, 23, 43.98%, 0, 0, 3, 459.08, 96616, 179, 0, 0
218, 0, 62, 174, 158, 23, 43.98%, 0, 0, 3, 439.12, 98792, 179, 0, 0
223, 0, 142, 181, 164, 23, 43.98%, 0, 0, 3, 429.24, 100950, 179, 0, 0
228, 0, 142, 190, 173, 23, 43.98%, 0, 0, 3, 418.72, 103049, 179, 0, 0
233, 0, 142, 191, 174, 23, 43.98%, 0, 0, 3, 431.53, 105186, 179, 0, 0
238, 0, 142, 193, 176, 23, 43.98%, 0, 0, 3, 417.85, 107328, 179, 0, 0
243, 0, 7, 193, 174, 22, 43.98%, 0, 0, 3, 437.44, 109550, 179, 0, 0
248, 0, 95, 199, 178, 25, 46.19%, 0, 0, 3, 448.81, 111825, 188, 0, 0
253, 0, 0, 199, 177, 24, 46.19%, 0, 0, 3, 419.91, 113842, 188, 0, 0
259, 0, 82, 199, 176, 23, 46.19%, 0, 0, 3, 404.70, 115963, 188, 0, 0
264, 0, 82, 199, 176, 23, 46.19%, 0, 0, 3, 375.70, 117865, 188, 0, 0
269, 0, 82, 199, 176, 23, 46.19%, 0, 0, 3, 363.77, 119713, 188, 0, 0
274, 0, 93, 199, 175, 22, 46.19%, 0, 0, 3, 383.37, 121613, 188, 0, 0
279, 0, 147, 199, 174, 21, 46.19%, 0, 0, 3, 379.24, 123569, 188, 0, 0
284, 0, 91, 199, 172, 19, 46.19%, 0, 0, 3, 412.85, 125761, 188, 0, 0
289, 0, 115, 200, 170, 16, 46.19%, 0, 0, 3, 409.70, 127878, 188, 0, 0
294, 0, 43, 204, 173, 15, 46.19%, 0, 0, 3, 417.27, 130041, 188, 0, 0
299, 0, 43, 208, 177, 15, 46.19%, 0, 0, 3, 427.00, 132253, 188, 0, 0
304, 0, 43, 210, 179, 15, 46.19%, 0, 0, 3, 420.96, 134451, 188, 0, 0
310, 0, 43, 210, 179, 15, 46.19%, 0, 0, 3, 444.79, 136786, 188, 0, 0
315, 0, 43, 211, 180, 15, 46.19%, 0, 0, 3, 451.55, 139053, 188, 0, 0
320, 0, 43, 211, 180, 15, 46.19%, 0, 0, 3, 433.47, 141227, 188, 0, 0
325, 0, 43, 211, 180, 15, 46.19%, 0, 0, 3, 437.90, 143459, 188, 0, 0
330, 0, 43, 211, 180, 15, 46.19%, 0, 0, 3, 415.60, 145499, 188, 0, 0
335, 0, 43, 211, 180, 15, 46.19%, 0, 0, 3, 440.77, 147739, 188, 0, 0
340, 0, 43, 211, 180, 15, 46.19%, 0, 0, 3, 436.47, 149907, 188, 0, 0
345, 0, 43, 211, 180, 15, 46.19%, 0, 0, 3, 428.85, 152051, 188, 0, 0
350, 0, 43, 211, 180, 15, 46.19%, 0, 0, 3, 416.17, 154099, 188, 0, 0
355, 0, 43, 212, 181, 15, 46.19%, 0, 0, 3, 420.27, 156250, 188, 0, 0
360, 0, 43, 212, 181, 15, 46.19%, 0, 0, 3, 405.12, 158282, 188, 0, 0
365, 0, 43, 213, 182, 15, 46.19%, 0, 0, 3, 441.97, 160505, 188, 0, 0
370, 0, 43, 213, 182, 15, 46.19%, 0, 0, 3, 421.45, 162618, 188, 0, 0
375, 0, 43, 213, 182, 15, 46.19%, 0, 0, 3, 432.40, 164770, 188, 0, 0
380, 0, 43, 214, 183, 15, 46.19%, 0, 0, 3, 426.56, 167041, 188, 0, 0
386, 0, 36, 214, 179, 12, 46.19%, 0, 0, 3, 435.22, 169257, 188, 0, 0
391, 0, 212, 218, 182, 12, 46.19%, 0, 0, 4, 398.33, 171216, 188, 0, 0
396, 0, 212, 218, 182, 12, 46.19%, 0, 0, 4, 439.45, 173465, 188, 0, 0
401, 0, 30, 221, 184, 11, 46.19%, 0, 0, 4, 439.10, 175692, 188, 0, 0
406, 0, 194, 227, 189, 10, 46.93%, 1, 0, 4, 432.35, 177900, 191, 1, 0
411, 0, 226, 227, 186, 9, 46.93%, 1, 0, 4, 430.48, 180104, 191, 1, 0
416, 0, 226, 231, 190, 9, 46.93%, 1, 0, 4, 419.33, 182228, 191, 1, 0
421, 0, 74, 231, 189, 8, 46.93%, 1, 0, 4, 391.19, 184146, 191, 1, 0
426, 0, 222, 232, 185, 5, 47.17%, 1, 0, 4, 432.19, 186340, 192, 1, 0
432, 0, 224, 232, 183, 3, 47.17%, 1, 0, 4, 440.11, 188600, 192, 1, 0
437, 0, 177, 232, 178, 0, 47.17%, 1, 0, 4, 425.54, 190742, 192, 1, 0
442, 0, 221, 234, 177, 0, 47.17%, 1, 0, 4, 411.92, 192746, 192, 1, 0
447, 0, 115, 238, 178, 0, 47.17%, 1, 0, 4, 446.30, 195004, 192, 1, 0
452, 0, 238, 239, 178, 1, 47.17%, 1, 0, 4, 418.80, 197154, 192, 1, 0
457, 0, 146, 240, 176, 0, 47.17%, 1, 0, 4, 420.56, 199293, 192, 1, 0
462, 0, 178, 242, 176, 0, 47.17%, 1, 0, 4, 427.09, 201524, 192, 1, 0
467, 0, 69, 242, 173, 0, 47.17%, 1, 0, 4, 433.09, 203693, 192, 1, 0
472, 0, 242, 243, 171, 1, 47.42%, 1, 0, 4, 425.38, 205865, 193, 1, 0
477, 0, 118, 243, 169, 0, 47.42%, 1, 0, 4, 469.24, 208184, 193, 1, 0
482, 0, 208, 244, 168, 0, 47.42%, 1, 0, 4, 413.67, 210218, 193, 1, 0
488, 0, 32, 244, 165, 0, 47.42%, 1, 0, 4, 438.81, 212412, 193, 1, 0
493, 0, 99, 246, 167, 0, 47.42%, 1, 0, 4, 451.82, 214676, 193, 1, 0
498, 0, 78, 247, 166, 0, 47.42%, 1, 0, 4, 497.74, 217120, 193, 1, 0
503, 0, 130, 247, 163, 0, 47.42%, 1, 0, 4, 465.40, 219471, 193, 1, 0
508, 0, 108, 250, 163, 0, 47.42%, 1, 0, 4, 448.81, 221732, 193, 1, 0
513, 0, 244, 250, 160, 0, 47.42%, 1, 0, 4, 453.84, 223967, 193, 1, 0
518, 0, 244, 257, 167, 0, 47.42%, 1, 0, 5, 455.77, 226184, 193, 1, 0
523, 0, 244, 257, 167, 0, 47.42%, 1, 0, 5, 440.54, 228400, 193, 1, 0
528, 0, 244, 258, 168, 0, 47.42%, 1, 0, 5, 445.28, 230663, 193, 1, 0
533, 0, 244, 258, 168, 0, 47.42%, 1, 0, 5, 446.25, 232887, 193, 1, 0
538, 0, 232, 258, 167, 0, 47.42%, 1, 0, 5, 425.50, 235047, 193, 1, 0
543, 0, 77, 258, 163, 0, 47.42%, 1, 0, 5, 419.39, 237219, 193, 1, 0
548, 0, 181, 258, 161, 0, 47.42%, 1, 0, 5, 414.16, 239321, 193, 1, 0
553, 0, 229, 258, 159, 0, 47.42%, 2, 0, 5, 411.44, 241445, 193, 2, 0
559, 0, 212, 259, 158, 0, 47.42%, 2, 0, 5, 404.83, 243517, 193, 2, 0
564, 0, 64, 260, 157, 0, 47.42%, 2, 0, 5, 437.47, 245831, 193, 2, 0
569, 0, 63, 260, 154, 0, 47.42%, 2, 0, 5, 491.87, 248388, 193, 2, 0
574, 0, 53, 260, 150, 0, 47.42%, 2, 0, 5, 426.87, 250509, 193, 2, 0
579, 0, 167, 260, 147, 0, 47.42%, 2, 0, 5, 399.02, 252574, 193, 2, 0
584, 1, 250, 260, 144, 0, 47.42%, 2, 0, 5, 402.84, 254569, 193, 2, 0
589, 1, 89, 262, 141, 0, 47.42%, 2, 0, 5, 469.07, 256966, 193, 2, 0
594, 1, 186, 262, 139, 0, 47.42%, 2, 0, 5, 417.64, 259017, 193, 2, 0
599, 1, 253, 262, 136, 0, 47.42%, 2, 0, 5, 441.61, 261300, 193, 2, 0
604, 1, 187, 262, 135, 0, 47.42%, 2, 0, 5, 441.25, 263597, 193, 2, 0
609, 1, 195, 262, 131, 0, 47.42%, 2, 0, 5, 432.24, 265786, 193, 2, 0
614, 1, 239, 264, 130, 0, 47.42%, 2, 0, 5, 402.12, 267764, 193, 2, 0
620, 1, 184, 264, 127, 0, 47.42%, 2, 0, 5, 416.11, 269900, 193, 2, 0
625, 1, 265, 266, 126, 1, 47.91%, 2, 0, 5, 396.01, 271844, 195, 2, 0
630, 1, 162, 266, 123, 0, 47.91%, 2, 0, 5, 381.48, 273867, 195, 2, 0
635, 1, 257, 266, 121, 0, 47.91%, 2, 0, 5, 385.10, 275863, 195, 2, 0
640, 1, 47, 268, 115, 0, 47.91%, 2, 0, 6, 440.38, 278240, 195, 2, 0
645, 1, 261, 276, 121, 0, 47.91%, 2, 0, 6, 438.33, 280416, 195, 2, 0
650, 1, 261, 279, 124, 0, 47.91%, 2, 0, 6, 396.73, 282429, 195, 2, 0
655, 1, 261, 281, 126, 0, 47.91%, 2, 0, 6, 437.06, 284699, 195, 2, 0
660, 1, 261, 281, 126, 0, 47.91%, 2, 0, 6, 416.23, 286803, 195, 2, 0
665, 1, 261, 282, 127, 0, 47.91%, 2, 0, 6, 407.20, 288938, 195, 2, 0
670, 1, 261, 282, 127, 0, 47.91%, 2, 0, 6, 427.60, 291130, 195, 2, 0
675, 1, 278, 282, 125, 1, 47.91%, 2, 0, 6, 432.69, 293296, 195, 2, 0
680, 1, 196, 285, 125, 0, 47.91%, 2, 0, 6, 420.23, 295516, 195, 2, 0
685, 1, 81, 288, 126, 0, 48.16%, 2, 0, 6, 433.01, 297692, 196, 2, 0
691, 1, 269, 288, 123, 0, 48.16%, 2, 0, 6, 418.85, 299803, 196, 2, 0
696, 1, 137, 288, 121, 0, 48.16%, 2, 0, 6, 397.60, 301824, 196, 2, 0
701, 1, 290, 291, 121, 2, 48.89%, 2, 0, 6, 393.30, 303861, 199, 2, 0
706, 1, 267, 291, 117, 0, 48.89%, 2, 0, 6, 398.85, 305912, 199, 2, 0
711, 1, 291, 292, 116, 1, 48.89%, 2, 0, 6, 399.88, 307911, 199, 2, 0
716, 1, 144, 292, 114, 0, 48.89%, 2, 0, 6, 442.87, 310107, 199, 2, 0
721, 1, 86, 292, 112, 0, 48.89%, 2, 0, 6, 414.43, 312213, 199, 2, 0
726, 1, 111, 292, 109, 0, 48.89%, 2, 0, 6, 419.27, 314291, 199, 2, 0
731, 1, 266, 292, 107, 0, 48.89%, 2, 0, 6, 366.78, 316102, 199, 2, 0
736, 1, 266, 294, 109, 0, 48.89%, 2, 0, 7, 387.24, 318069, 199, 2, 0
741, 1, 283, 294, 105, 0, 48.89%, 2, 0, 7, 442.93, 320487, 199, 2, 0
746, 1, 101, 294, 103, 0, 48.89%, 2, 0, 7, 409.90, 322572, 199, 2, 0
752, 1, 97, 294, 99, 0, 48.89%, 2, 0, 7, 426.21, 324739, 199, 2, 0
757, 1, 206, 294, 96, 0, 48.89%, 2, 0, 7, 425.79, 326907, 199, 2, 0
762, 1, 51, 294, 94, 0, 48.89%, 2, 0, 7, 31.72, 327146, 199, 2, 0
767, 1, 27, 294, 94, 0, 48.89%, 2, 0, 7, 212.90, 327346, 199, 2, 0
772, 1, 268, 294, 93, 0, 48.89%, 2, 0, 7, 82.75, 327971, 199, 2, 0
777, 1, 155, 294, 92, 0, 48.89%, 2, 0, 7, 108.60, 328597, 199, 2, 0
782, 1, 189, 294, 91, 0, 48.89%, 2, 0, 7, 114.09, 329189, 199, 2, 0
787, 1, 189, 294, 91, 0, 48.89%, 2, 0, 7, 114.37, 329747, 199, 2, 0
792, 1, 292, 294, 89, 0, 48.89%, 2, 0, 7, 115.45, 330318, 199, 2, 0
797, 1, 292, 294, 89, 0, 48.89%, 2, 0, 7, 122.19, 330954, 199, 2, 0
802, 1, 230, 294, 87, 0, 48.89%, 2, 0, 7, 131.03, 331615, 199, 2, 0
808, 1, 230, 294, 87, 0, 48.89%, 2, 0, 7, 157.07, 332192, 199, 2, 0
813, 1, 143, 294, 86, 0, 48.89%, 2, 0, 7, 139.20, 332742, 199, 2, 0
818, 1, 143, 294, 86, 0, 48.89%, 2, 0, 7, 137.59, 333478, 199, 2, 0
823, 1, 213, 294, 84, 0, 48.89%, 2, 0, 7, 128.28, 334113, 199, 2, 0
828, 1, 183, 294, 82, 0, 48.89%, 2, 0, 7, 127.63, 334732, 199, 2, 0
833, 1, 183, 294, 82, 0, 48.89%, 2, 0, 7, 122.95, 335312, 199, 2, 0
838, 1, 286, 294, 81, 0, 48.89%, 2, 0, 7, 133.03, 335990, 199, 2, 0
843, 1, 286, 294, 81, 0, 48.89%, 2, 0, 7, 116.56, 336516, 199, 2, 0
848, 1, 273, 294, 80, 0, 48.89%, 2, 0, 7, 114.90, 337077, 199, 2, 0
854, 1, 273, 294, 80, 0, 48.89%, 2, 0, 7, 133.23, 337764, 199, 2, 0
859, 1, 284, 294, 79, 0, 48.89%, 2, 0, 7, 117.88, 338354, 199, 2, 0
864, 1, 293, 294, 78, 0, 48.89%, 2, 0, 7, 114.69, 338947, 199, 2, 0
869, 1, 293, 294, 78, 0, 48.89%, 2, 0, 7, 111.03, 339511, 199, 2, 0
874, 1, 272, 294, 75, 0, 48.89%, 2, 0, 7, 124.86, 340136, 199, 2, 0
879, 1, 82, 294, 74, 0, 48.89%, 2, 0, 7, 76.72, 341011, 199, 2, 0
884, 1, 141, 294, 74, 0, 48.89%, 2, 0, 7, 100.33, 341539, 199, 2, 0
889, 1, 141, 294, 74, 0, 48.89%, 2, 0, 7, 106.93, 342090, 199, 2, 0
894, 1, 88, 294, 73, 0, 48.89%, 2, 0, 7, 154.43, 342858, 199, 2, 0
899, 1, 173, 294, 72, 0, 48.89%, 2, 0, 7, 114.35, 343380, 199, 2, 0
905, 1, 59, 294, 70, 0, 48.89%, 2, 0, 7, 118.10, 343996, 199, 2, 0
905, 1, 59, 294, 70, 0, 48.89%, 2, 0, 7, 124.06, 344015, 199, 2, 0
