# relative_time, cycles_done, cur_item, corpus_count, pending_total, pending_favs, map_size, saved_crashes, saved_hangs, max_depth, execs_per_sec, total_execs, edges_found, total_crashes, servers_count
61, 0, 8, 62, 54, 24, 33.91%, 0, 0, 2, 392.82, 25246, 138, 0, 0
66, 0, 8, 63, 55, 24, 33.91%, 0, 0, 2, 389.33, 27199, 138, 0, 0
71, 0, 8, 63, 55, 24, 33.91%, 0, 0, 2, 397.01, 29180, 138, 0, 0
76, 0, 8, 63, 55, 24, 33.91%, 0, 0, 2, 390.95, 31140, 138, 0, 0
81, 0, 8, 63, 55, 24, 33.91%, 0, 0, 2, 394.69, 33100, 138, 0, 0
86, 0, 8, 63, 55, 24, 33.91%, 0, 0, 2, 395.55, 35059, 138, 0, 0
91, 0, 8, 63, 55, 24, 33.91%, 0, 0, 2, 384.51, 37034, 138, 0, 0
96, 0, 8, 63, 55, 24, 33.91%, 0, 0, 2, 392.18, 38973, 138, 0, 0
101, 0, 8, 63, 55, 24, 33.91%, 0, 0, 2, 388.60, 40891, 138, 0, 0
106, 0, 8, 63, 55, 24, 33.91%, 0, 0, 2, 382.16, 42844, 138, 0, 0
111, 0, 8, 63, 55, 24, 33.91%, 0, 0, 2, 384.47, 44769, 138, 0, 0
116, 0, 8, 63, 55, 24, 33.91%, 0, 0, 2, 387.30, 46652, 138, 0, 0
122, 0, 8, 63, 55, 24, 33.91%, 0, 0, 2, 382.94, 48563, 138, 0, 0
127, 0, 17, 63, 47, 17, 33.91%, 0, 0, 2, 407.29, 50659, 138, 0, 0
132, 0, 18, 63, 46, 16, 33.91%, 0, 0, 2, 437.42, 52710, 138, 0, 0
137, 0, 20, 79, 61, 15, 33.91%, 0, 0, 2, 429.80, 54932, 138, 0, 0
142, 0, 20, 81, 63, 15, 34.40%, 0, 0, 2, 445.46, 57131, 140, 0, 0
147, 0, 20, 84, 66, 15, 34.40%, 0, 0, 2, 434.92, 59304, 140, 0, 0
152, 0, 20, 86, 68, 15, 34.89%, 0, 0, 2, 445.13, 61550, 142, 0, 0
157, 0, 20, 89, 71, 15, 34.89%, 0, 0, 2, 421.70, 63772, 142, 0, 0
162, 0, 20, 92, 74, 15, 35.14%, 0, 0, 2, 436.92, 66001, 143, 0, 0
167, 0, 20, 92, 74, 15, 35.14%, 0, 0, 2, 416.47, 68209, 143, 0, 0
172, 0, 20, 92, 74, 15, 35.14%, 0, 0, 2, 411.19, 70297, 143, 0, 0
177, 0, 20, 92, 74, 15, 35.14%, 0, 0, 2, 425.78, 72458, 143, 0, 0
183, 0, 20, 92, 74, 15, 35.14%, 0, 0, 2, 451.15, 74754, 143, 0, 0
188, 0, 20, 93, 75, 15, 35.14%, 0, 0, 2, 417.73, 76857, 143, 0, 0
193, 0, 20, 94, 76, 15, 35.14%, 0, 0, 2, 402.21, 78896, 143, 0, 0
198, 0, 20, 94, 76, 15, 35.14%, 0, 0, 2, 399.14, 80975, 143, 0, 0
203, 0, 20, 95, 77, 15, 35.14%, 0, 0, 2, 419.80, 83167, 143, 0, 0
208, 0, 20, 96, 78, 15, 35.14%, 0, 0, 2, 440.64, 85462, 143, 0, 0
213, 0, 20, 96, 78, 15, 35.14%, 0, 0, 2, 403.17, 87430, 143, 0, 0
218, 0, 20, 99, 81, 15, 36.12%, 0, 0, 2, 424.31, 89563, 147, 0, 0
223, 0, 20, 99, 81, 15, 36.12%, 0, 0, 2, 402.45, 91579, 147, 0, 0
228, 0, 30, 101, 80, 14, 36.12%, 0, 0, 2, 434.38, 93829, 147, 0, 0
233, 0, 33, 117, 94, 12, 36.12%, 0, 0, 2, 444.75, 96121, 147, 0, 0
238, 0, 33, 119, 96, 12, 36.12%, 0, 0, 2, 428.68, 98311, 147, 0, 0
244, 0, 33, 121, 98, 12, 36.12%, 0, 0, 2, 427.41, 100525, 147, 0, 0
249, 0, 33, 123, 100, 12, 36.36%, 0, 0, 2, 397.99, 102539, 148, 0, 0
254, 0, 33, 127, 104, 12, 36.36%, 0, 0, 2, 409.49, 104615, 148, 0, 0
259, 0, 33, 127, 104, 12, 36.36%, 0, 0, 2, 414.61, 106751, 148, 0, 0
264, 0, 33, 127, 104, 12, 36.36%, 0, 0, 2, 430.90, 108951, 148, 0, 0
269, 0, 33, 128, 105, 12, 36.36%, 0, 0, 2, 434.55, 111198, 148, 0, 0
274, 0, 33, 129, 106, 12, 36.36%, 0, 0, 2, 404.65, 113261, 148, 0, 0
279, 0, 33, 129, 106, 12, 36.36%, 0, 0, 2, 425.06, 115405, 148, 0, 0
285, 0, 33, 129, 106, 12, 36.36%, 0, 0, 2, 422.25, 117526, 148, 0, 0
290, 0, 33, 129, 106, 12, 36.36%, 0, 0, 2, 437.15, 119790, 148, 0, 0
295, 0, 33, 130, 107, 12, 36.36%, 0, 0, 2, 421.07, 121973, 148, 0, 0
300, 0, 33, 130, 107, 12, 36.36%, 0, 0, 2, 387.12, 123913, 148, 0, 0
305, 0, 33, 131, 108, 12, 36.36%, 0, 0, 2, 401.03, 125941, 148, 0, 0
310, 0, 33, 132, 109, 12, 36.36%, 0, 0, 2, 414.96, 128148, 148, 0, 0
315, 0, 33, 132, 109, 12, 36.36%, 0, 0, 2, 425.87, 130245, 148, 0, 0
320, 0, 33, 132, 109, 12, 36.36%, 0, 0, 2, 428.06, 132429, 148, 0, 0
325, 0, 33, 133, 110, 12, 36.36%, 0, 0, 2, 421.63, 134540, 148, 0, 0
330, 0, 33, 133, 110, 12, 36.36%, 0, 0, 2, 368.92, 136501, 148, 0, 0
335, 0, 33, 134, 111, 12, 36.36%, 0, 0, 2, 419.82, 138723, 148, 0, 0
340, 0, 33, 134, 111, 12, 36.36%, 0, 0, 2, 424.75, 140851, 148, 0, 0
345, 0, 33, 134, 111, 12, 36.36%, 0, 0, 2, 422.53, 142979, 148, 0, 0
351, 0, 33, 136, 113, 12, 36.36%, 0, 0, 2, 419.46, 145193, 148, 0, 0
356, 0, 37, 142, 117, 12, 37.10%, 1, 0, 3, 457.03, 147536, 151, 1, 0
361, 0, 86, 142, 113, 11, 37.10%, 1, 0, 3, 418.67, 149638, 151, 1, 0
366, 0, 93, 146, 116, 10, 37.10%, 1, 0, 3, 411.23, 151697, 151, 1, 0
371, 0, 93, 154, 124, 10, 37.10%, 1, 0, 3, 428.84, 153863, 151, 1, 0
376, 0, 93, 155, 125, 10, 37.10%, 1, 0, 3, 422.19, 156006, 151, 1, 0
381, 0, 93, 155, 125, 10, 37.10%, 1, 0, 3, 396.08, 157969, 151, 1, 0
386, 0, 93, 156, 126, 10, 37.10%, 1, 0, 3, 394.92, 159880, 151, 1, 0
391, 0, 93, 157, 127, 10, 37.10%, 1, 0, 3, 422.94, 162036, 151, 1, 0
396, 0, 93, 159, 129, 10, 37.35%, 1, 0, 3, 427.05, 164146, 152, 1, 0
401, 0, 93, 159, 129, 10, 37.35%, 1, 0, 3, 433.71, 166298, 152, 1, 0
406, 0, 93, 159, 129, 10, 37.35%, 1, 0, 3, 419.09, 168466, 152, 1, 0
411, 0, 93, 159, 129, 10, 37.35%, 1, 0, 3, 425.00, 170610, 152, 1, 0
416, 0, 93, 159, 129, 10, 37.35%, 1, 0, 3, 411.61, 172666, 152, 1, 0
421, 0, 93, 160, 130, 10, 37.35%, 1, 0, 3, 434.36, 174873, 152, 1, 0
427, 0, 93, 162, 132, 10, 37.35%, 1, 0, 3, 429.36, 177127, 152, 1, 0
432, 0, 93, 163, 133, 10, 37.35%, 1, 0, 3, 443.66, 179446, 152, 1, 0
437, 0, 93, 163, 133, 10, 37.35%, 1, 0, 3, 429.21, 181694, 152, 1, 0
442, 0, 93, 163, 133, 10, 37.35%, 1, 0, 3, 444.89, 183926, 152, 1, 0
447, 0, 93, 163, 133, 10, 37.35%, 1, 0, 3, 430.99, 186070, 152, 1, 0
452, 0, 93, 163, 133, 10, 37.35%, 1, 0, 3, 418.87, 188150, 152, 1, 0
457, 0, 93, 163, 133, 10, 37.35%, 1, 0, 3, 391.11, 190134, 152, 1, 0
462, 0, 134, 164, 130, 8, 38.08%, 1, 0, 3, 406.45, 192200, 155, 1, 0
467, 0, 139, 164, 127, 5, 38.08%, 1, 0, 3, 386.39, 194080, 155, 1, 0
472, 0, 141, 173, 135, 4, 38.57%, 1, 0, 4, 396.06, 196053, 157, 1, 0
477, 0, 163, 175, 134, 2, 38.57%, 1, 0, 4, 428.79, 198303, 157, 1, 0
482, 0, 163, 180, 139, 2, 38.57%, 1, 0, 4, 425.11, 200438, 157, 1, 0
487, 0, 163, 184, 143, 2, 38.57%, 1, 0, 4, 426.69, 202626, 157, 1, 0
493, 0, 163, 188, 147, 2, 38.57%, 1, 0, 4, 417.90, 204702, 157, 1, 0
498, 0, 163, 188, 147, 2, 38.57%, 1, 0, 4, 426.38, 206918, 157, 1, 0
503, 0, 163, 189, 148, 2, 38.57%, 1, 0, 4, 412.19, 208893, 157, 1, 0
508, 0, 163, 189, 148, 2, 38.57%, 1, 0, 4, 435.28, 211109, 157, 1, 0
513, 0, 163, 190, 149, 2, 38.57%, 1, 0, 4, 427.62, 213268, 157, 1, 0
518, 0, 163, 191, 150, 2, 38.57%, 1, 0, 4, 432.50, 215491, 157, 1, 0
523, 0, 163, 193, 152, 2, 38.57%, 1, 0, 4, 406.15, 217521, 157, 1, 0
528, 0, 163, 193, 152, 2, 38.57%, 1, 0, 4, 422.86, 219689, 157, 1, 0
533, 0, 163, 193, 152, 2, 38.57%, 1, 0, 4, 390.07, 221648, 157, 1, 0
538, 0, 163, 193, 152, 2, 38.57%, 1, 0, 4, 441.11, 223873, 157, 1, 0
543, 0, 163, 193, 152, 2, 38.57%, 1, 0, 4, 414.54, 225913, 157, 1, 0
548, 0, 163, 194, 153, 2, 38.57%, 1, 0, 4, 418.97, 228064, 157, 1, 0
553, 0, 163, 194, 153, 2, 38.57%, 1, 0, 4, 426.12, 230248, 157, 1, 0
558, 0, 163, 194, 153, 2, 38.57%, 1, 0, 4, 436.22, 232464, 157, 1, 0
564, 0, 163, 194, 153, 2, 38.57%, 1, 0, 4, 432.64, 234688, 157, 1, 0
569, 0, 163, 194, 153, 2, 38.57%, 1, 0, 4, 417.03, 236760, 157, 1, 0
574, 0, 163, 194, 153, 2, 38.57%, 1, 0, 4, 410.64, 238800, 157, 1, 0
579, 0, 163, 195, 154, 2, 38.57%, 1, 0, 4, 412.51, 240942, 157, 1, 0
584, 0, 163, 195, 154, 2, 38.57%, 1, 0, 4, 413.28, 243063, 157, 1, 0
589, 0, 163, 195, 154, 2, 38.57%, 1, 0, 4, 400.51, 245084, 157, 1, 0
594, 0, 163, 195, 154, 2, 38.57%, 1, 0, 4, 389.49, 247121, 157, 1, 0
599, 0, 163, 195, 154, 2, 38.57%, 1, 0, 4, 426.21, 249287, 157, 1, 0
604, 0, 169, 198, 155, 2, 39.56%, 1, 0, 5, 399.59, 251355, 161, 1, 0
609, 0, 179, 199, 154, 3, 39.56%, 1, 0, 5, 464.39, 253756, 161, 1, 0
614, 0, 196, 315, 269, 18, 51.35%, 1, 0, 5, 433.74, 255877, 209, 1, 0
620, 0, 207, 315, 264, 14, 51.35%, 1, 0, 5, 447.45, 258221, 209, 1, 0
625, 0, 237, 316, 259, 8, 51.60%, 1, 0, 5, 414.54, 260250, 210, 1, 0
630, 0, 241, 316, 257, 7, 51.60%, 1, 0, 5, 372.44, 262139, 210, 1, 0
635, 0, 268, 318, 257, 6, 51.60%, 1, 0, 5, 364.48, 263822, 210, 1, 0
640, 0, 288, 318, 253, 3, 51.60%, 1, 0, 5, 406.86, 265911, 210, 1, 0
645, 0, 313, 319, 252, 2, 51.60%, 1, 0, 5, 419.80, 268024, 210, 1, 0
650, 1, 37, 319, 246, 0, 51.60%, 1, 0, 5, 437.71, 270297, 210, 1, 0
655, 1, 115, 319, 229, 0, 51.60%, 1, 0, 5, 413.46, 272331, 210, 1, 0
660, 1, 166, 319, 219, 0, 51.60%, 1, 0, 5, 408.62, 274391, 210, 1, 0
665, 1, 196, 319, 212, 0, 51.60%, 1, 0, 5, 448.67, 276721, 210, 1, 0
670, 1, 228, 320, 206, 0, 51.60%, 1, 0, 5, 398.07, 278692, 210, 1, 0
676, 2, 37, 326, 206, 0, 51.84%, 1, 0, 5, 413.63, 280799, 211, 1, 0
681, 2, 132, 326, 189, 0, 51.84%, 3, 0, 5, 415.85, 283059, 211, 7, 0
686, 2, 176, 327, 184, 0, 51.84%, 3, 0, 5, 429.49, 285251, 211, 8, 0
691, 2, 196, 328, 181, 0, 51.84%, 3, 0, 5, 416.78, 287398, 211, 8, 0
696, 3, 13, 332, 182, 0, 52.09%, 5, 0, 5, 461.67, 289859, 212, 11, 0
701, 3, 132, 332, 173, 0, 52.09%, 5, 0, 5, 429.06, 292041, 212, 12, 0
706, 3, 195, 332, 165, 0, 52.09%, 5, 0, 5, 452.34, 294310, 212, 14, 0
711, 3, 237, 333, 162, 0, 52.09%, 5, 0, 5, 457.02, 296637, 212, 16, 0
716, 5, 29, 337, 159, 0, 52.33%, 5, 0, 5, 416.95, 298718, 213, 16, 0
722, 5, 132, 337, 148, 0, 52.33%, 6, 0, 5, 421.38, 300865, 213, 18, 0
727, 5, 167, 338, 146, 0, 52.33%, 6, 0, 5, 417.74, 302958, 213, 19, 0
732, 5, 197, 338, 145, 0, 52.33%, 6, 0, 5, 417.82, 305068, 213, 19, 0
737, 5, 276, 338, 139, 0, 52.33%, 6, 0, 5, 423.61, 307227, 213, 19, 0
742, 6, 342, 344, 140, 0, 52.83%, 7, 0, 5, 468.57, 309775, 215, 24, 0
747, 7, 86, 344, 135, 0, 52.83%, 9, 0, 5, 432.12, 311963, 215, 31, 0
752, 7, 191, 344, 128, 0, 52.83%, 9, 0, 5, 452.66, 314271, 215, 31, 0
757, 7, 256, 344, 123, 0, 52.83%, 9, 0, 5, 447.34, 316576, 215, 33, 0
762, 7, 315, 344, 112, 0, 52.83%, 9, 0, 5, 427.87, 318743, 215, 33, 0
767, 7, 339, 345, 111, 0, 52.83%, 9, 0, 5, 419.29, 320860, 215, 33, 0
772, 8, 65, 345, 107, 0, 52.83%, 9, 0, 5, 418.28, 322972, 215, 34, 0
777, 8, 178, 345, 104, 0, 52.83%, 9, 0, 5, 434.47, 325128, 215, 43, 0
782, 8, 207, 345, 100, 0, 52.83%, 10, 0, 5, 410.10, 327203, 215, 44, 0
788, 8, 313, 345, 94, 0, 52.83%, 10, 0, 5, 457.70, 329498, 215, 44, 0
793, 8, 327, 345, 88, 0, 52.83%, 10, 0, 5, 429.68, 331571, 215, 44, 0
798, 8, 343, 345, 84, 0, 52.83%, 10, 0, 5, 438.43, 333826, 215, 44, 0
803, 9, 346, 347, 82, 1, 52.83%, 11, 0, 5, 437.38, 335987, 215, 55, 0
808, 10, 132, 347, 78, 0, 52.83%, 12, 0, 5, 431.77, 338260, 215, 58, 0
813, 10, 197, 347, 77, 0, 52.83%, 12, 0, 5, 448.08, 340560, 215, 60, 0
818, 10, 284, 347, 74, 0, 52.83%, 12, 0, 5, 441.28, 342812, 215, 60, 0
823, 10, 332, 347, 64, 0, 52.83%, 12, 0, 5, 422.14, 344958, 215, 60, 0
828, 11, 47, 347, 64, 0, 52.83%, 12, 0, 5, 410.84, 347065, 215, 65, 0
833, 11, 178, 347, 61, 0, 52.83%, 12, 0, 5, 418.03, 349090, 215, 67, 0
838, 11, 212, 347, 59, 0, 52.83%, 12, 0, 5, 418.14, 351139, 215, 68, 0
843, 11, 268, 349, 53, 0, 52.83%, 12, 0, 5, 413.61, 353213, 215, 69, 0
849, 11, 331, 351, 55, 0, 52.83%, 12, 0, 5, 403.87, 355263, 215, 69, 0
854, 11, 348, 352, 55, 0, 52.83%, 12, 0, 5, 421.40, 357351, 215, 71, 0
859, 12, 108, 352, 52, 0, 52.83%, 12, 0, 5, 427.29, 359605, 215, 72, 0
864, 12, 196, 352, 52, 0, 52.83%, 12, 0, 5, 407.73, 361663, 215, 75, 0
869, 12, 268, 352, 49, 0, 52.83%, 12, 0, 5, 403.90, 363735, 215, 75, 0
874, 12, 342, 353, 47, 0, 52.83%, 12, 0, 5, 419.09, 365964, 215, 78, 0
879, 13, 85, 353, 45, 0, 52.83%, 12, 0, 5, 396.78, 368067, 215, 79, 0
884, 13, 167, 353, 42, 0, 52.83%, 12, 0, 5, 436.33, 370393, 215, 84, 0
889, 13, 207, 353, 42, 0, 52.83%, 12, 0, 5, 441.61, 372610, 215, 84, 0
895, 13, 277, 353, 40, 0, 52.83%, 12, 0, 5, 412.96, 374645, 215, 84, 0
900, 13, 329, 353, 37, 0, 52.83%, 12, 0, 5, 418.08, 376686, 215, 84, 0
905, 14, 37, 353, 36, 0, 52.83%, 12, 0, 5, 423.17, 378827, 215, 88, 0
906, 14, 76, 353, 33, 0, 52.83%, 12, 0, 5, 430.02, 379555, 215, 88, 0
