# relative_time, cycles_done, cur_item, corpus_count, pending_total, pending_favs, map_size, saved_crashes, saved_hangs, max_depth, execs_per_sec, total_execs, edges_found, total_crashes, servers_count
60, 0, 9, 66, 61, 5, 30.22%, 0, 0, 2, 431.88, 26143, 123, 0, 0
65, 0, 9, 67, 62, 5, 30.22%, 0, 0, 2, 409.05, 28214, 123, 0, 0
71, 0, 9, 67, 62, 5, 30.22%, 0, 0, 2, 404.80, 30334, 123, 0, 0
76, 0, 9, 68, 63, 5, 30.22%, 0, 0, 2, 426.90, 32517, 123, 0, 0
81, 0, 9, 68, 63, 5, 30.22%, 0, 0, 2, 439.52, 34694, 123, 0, 0
86, 0, 9, 68, 63, 5, 30.22%, 0, 0, 2, 620.00, 37759, 123, 0, 0
91, 0, 9, 70, 65, 5, 30.22%, 0, 0, 2, 820.83, 42387, 123, 0, 0
96, 0, 9, 72, 67, 5, 30.47%, 0, 0, 2, 939.96, 47184, 124, 0, 0
101, 0, 9, 74, 69, 5, 30.47%, 0, 0, 2, 965.94, 52085, 124, 0, 0
106, 0, 80, 105, 92, 26, 35.14%, 0, 0, 3, 206.90, 55627, 143, 0, 0
111, 0, 3, 107, 92, 25, 35.14%, 0, 0, 3, 393.98, 57862, 143, 0, 0
116, 0, 78, 113, 97, 24, 35.87%, 1, 0, 3, 420.56, 60074, 146, 1, 0
121, 0, 53, 116, 98, 24, 35.87%, 1, 0, 3, 421.37, 62280, 146, 1, 0
126, 0, 53, 122, 104, 24, 36.12%, 1, 0, 3, 440.43, 64554, 147, 1, 0
131, 0, 53, 125, 107, 24, 36.12%, 1, 0, 3, 427.71, 66719, 147, 1, 0
136, 0, 53, 126, 108, 24, 36.12%, 1, 0, 3, 441.30, 68968, 147, 1, 0
142, 0, 53, 129, 111, 24, 36.12%, 1, 0, 3, 458.55, 71366, 147, 1, 0
147, 0, 0, 133, 113, 22, 37.59%, 1, 0, 3, 428.86, 73610, 153, 1, 0
152, 0, 131, 134, 113, 22, 37.84%, 1, 0, 3, 369.82, 75501, 154, 1, 0
157, 0, 131, 136, 115, 22, 44.23%, 1, 0, 3, 329.92, 77114, 180, 1, 0
162, 0, 91, 137, 114, 24, 44.96%, 1, 0, 3, 363.07, 79039, 183, 1, 0
167, 0, 91, 137, 114, 24, 44.96%, 1, 0, 3, 492.58, 81767, 183, 1, 0
172, 0, 91, 137, 114, 24, 44.96%, 1, 0, 3, 453.09, 84083, 183, 1, 0
177, 0, 91, 137, 114, 24, 44.96%, 1, 0, 3, 386.42, 86020, 183, 1, 0
182, 0, 137, 138, 113, 23, 44.96%, 1, 0, 4, 445.61, 88295, 183, 1, 0
187, 0, 73, 147, 121, 22, 44.96%, 1, 0, 4, 466.32, 90694, 183, 1, 0
193, 0, 73, 153, 127, 22, 44.96%, 1, 0, 4, 431.11, 92877, 183, 1, 0
198, 0, 73, 155, 129, 22, 44.96%, 1, 0, 4, 439.77, 95115, 183, 1, 0
203, 0, 73, 156, 130, 22, 44.96%, 1, 0, 4, 440.97, 97394, 183, 1, 0
208, 0, 73, 159, 133, 22, 44.96%, 1, 0, 4, 446.13, 99671, 183, 1, 0
213, 0, 73, 163, 137, 22, 45.95%, 1, 0, 4, 439.81, 101843, 187, 1, 0
218, 0, 73, 163, 137, 22, 45.95%, 1, 0, 4, 441.62, 104107, 187, 1, 0
223, 0, 73, 164, 138, 22, 45.95%, 1, 0, 4, 433.83, 106299, 187, 1, 0
228, 0, 73, 164, 138, 22, 45.95%, 1, 0, 4, 434.45, 108483, 187, 1, 0
233, 0, 73, 165, 139, 22, 45.95%, 1, 0, 4, 408.96, 110466, 187, 1, 0
238, 0, 73, 166, 140, 22, 45.95%, 1, 0, 4, 428.73, 112681, 187, 1, 0
243, 0, 73, 167, 141, 22, 45.95%, 1, 0, 4, 437.60, 114944, 187, 1, 0
248, 0, 73, 167, 141, 22, 45.95%, 1, 0, 4, 438.81, 117176, 187, 1, 0
253, 0, 73, 167, 141, 22, 45.95%, 1, 0, 4, 406.47, 119200, 187, 1, 0
258, 0, 73, 168, 142, 22, 45.95%, 1, 0, 4, 432.81, 121551, 187, 1, 0
263, 0, 73, 168, 142, 22, 45.95%, 1, 0, 4, 476.11, 124061, 187, 1, 0
268, 0, 73, 168, 142, 22, 45.95%, 1, 0, 4, 464.57, 126401, 187, 1, 0
273, 0, 73, 168, 142, 22, 45.95%, 1, 0, 4, 439.11, 128655, 187, 1, 0
279, 0, 73, 169, 143, 22, 45.95%, 1, 0, 4, 454.97, 130894, 187, 1, 0
284, 0, 73, 169, 143, 22, 45.95%, 1, 0, 4, 468.50, 133347, 187, 1, 0
289, 0, 73, 169, 143, 22, 45.95%, 1, 0, 4, 445.06, 135558, 187, 1, 0
294, 0, 73, 170, 144, 22, 45.95%, 1, 0, 4, 472.39, 137935, 187, 1, 0
299, 0, 73, 170, 144, 22, 45.95%, 1, 0, 4, 425.99, 140077, 187, 1, 0
304, 0, 134, 175, 148, 22, 45.95%, 1, 0, 4, 449.16, 142334, 187, 1, 0
309, 0, 181, 193, 165, 22, 45.95%, 1, 0, 4, 438.77, 144528, 187, 1, 0
314, 0, 160, 195, 166, 21, 45.95%, 1, 0, 4, 403.30, 146545, 187, 1, 0
319, 0, 71, 195, 164, 18, 45.95%, 1, 0, 4, 400.33, 148602, 187, 1, 0
324, 0, 152, 196, 160, 14, 45.95%, 1, 0, 4, 436.57, 150875, 187, 1, 0
329, 0, 164, 205, 168, 13, 45.95%, 1, 0, 4, 474.05, 153276, 187, 1, 0
334, 0, 164, 208, 171, 13, 46.68%, 1, 0, 4, 454.16, 155592, 190, 1, 0
340, 0, 164, 208, 171, 13, 46.68%, 1, 0, 4, 453.95, 157865, 190, 1, 0
345, 0, 164, 208, 171, 13, 46.68%, 1, 0, 4, 453.15, 160137, 190, 1, 0
350, 0, 164, 210, 173, 13, 46.68%, 1, 0, 4, 431.05, 162279, 190, 1, 0
355, 0, 164, 211, 174, 13, 46.68%, 1, 0, 4, 442.67, 164598, 190, 1, 0
360, 0, 193, 212, 171, 11, 46.68%, 1, 0, 5, 444.58, 166860, 190, 1, 0
365, 0, 148, 217, 171, 8, 46.93%, 1, 0, 5, 460.57, 169196, 191, 1, 0
370, 0, 82, 218, 170, 6, 46.93%, 1, 0, 5, 476.45, 171546, 191, 1, 0
375, 0, 81, 218, 168, 4, 46.93%, 1, 0, 5, 426.76, 173737, 191, 1, 0
380, 0, 189, 228, 176, 2, 46.93%, 1, 0, 5, 423.53, 175937, 191, 1, 0
385, 0, 189, 235, 183, 2, 46.93%, 1, 0, 5, 413.94, 178002, 191, 1, 0
390, 0, 189, 236, 184, 2, 46.93%, 1, 0, 5, 419.58, 180097, 191, 1, 0
395, 0, 189, 237, 185, 2, 47.17%, 1, 0, 5, 434.92, 182264, 192, 1, 0
400, 0, 189, 237, 185, 2, 47.17%, 1, 0, 5, 426.56, 184424, 192, 1, 0
405, 0, 236, 237, 184, 3, 47.17%, 1, 0, 5, 437.59, 186695, 192, 1, 0
411, 0, 109, 238, 182, 2, 47.17%, 1, 0, 5, 430.75, 188834, 192, 1, 0
416, 0, 106, 238, 178, 0, 47.17%, 1, 0, 5, 470.22, 191216, 192, 1, 0
421, 0, 202, 239, 177, 0, 47.17%, 1, 0, 5, 422.62, 193323, 192, 1, 0
426, 0, 179, 242, 179, 0, 47.17%, 1, 0, 5, 443.90, 195574, 192, 1, 0
431, 0, 185, 243, 179, 0, 47.42%, 1, 0, 5, 421.71, 197693, 193, 1, 0
436, 0, 185, 248, 184, 0, 47.67%, 1, 0, 5, 418.95, 199912, 194, 1, 0
441, 0, 185, 249, 185, 0, 47.67%, 1, 0, 5, 438.20, 202087, 194, 1, 0
446, 0, 185, 249, 185, 0, 47.67%, 1, 0, 5, 414.18, 204175, 194, 1, 0
451, 0, 185, 249, 185, 0, 47.67%, 1, 0, 5, 438.47, 206439, 194, 1, 0
456, 0, 185, 249, 185, 0, 47.67%, 1, 0, 5, 442.52, 208751, 194, 1, 0
461, 0, 242, 249, 184, 3, 47.67%, 1, 0, 5, 427.56, 210903, 194, 1, 0
466, 0, 243, 250, 183, 1, 47.67%, 1, 0, 6, 426.15, 213057, 194, 1, 0
471, 0, 193, 251, 181, 0, 47.67%, 1, 0, 6, 415.39, 215173, 194, 1, 0
476, 0, 208, 253, 183, 0, 47.67%, 1, 0, 6, 443.70, 217444, 194, 1, 0
481, 0, 137, 253, 180, 0, 47.67%, 1, 0, 6, 413.33, 219488, 194, 1, 0
487, 0, 212, 253, 177, 0, 47.67%, 1, 0, 6, 424.62, 221635, 194, 1, 0
492, 0, 202, 254, 176, 0, 47.67%, 1, 0, 6, 421.86, 223763, 194, 1, 0
497, 0, 235, 255, 177, 0, 47.67%, 1, 0, 6, 436.18, 226067, 194, 1, 0
502, 0, 137, 259, 180, 0, 47.67%, 1, 0, 6, 424.60, 228226, 194, 1, 0
507, 0, 137, 259, 180, 0, 47.67%, 1, 0, 6, 436.22, 230554, 194, 1, 0
512, 0, 137, 259, 180, 0, 47.67%, 1, 0, 6, 421.43, 232690, 194, 1, 0
517, 0, 132, 259, 179, 0, 47.67%, 1, 0, 6, 429.86, 235020, 194, 1, 0
522, 0, 226, 259, 178, 0, 47.67%, 1, 0, 6, 427.75, 237191, 194, 1, 0
527, 0, 55, 260, 176, 0, 47.67%, 1, 0, 6, 411.27, 239297, 194, 1, 0
533, 0, 8, 260, 173, 0, 47.67%, 1, 0, 6, 412.95, 241383, 194, 1, 0
538, 0, 128, 260, 171, 0, 47.67%, 1, 0, 6, 435.17, 243644, 194, 1, 0
543, 0, 193, 261, 169, 0, 47.67%, 1, 0, 6, 440.19, 245812, 194, 1, 0
548, 0, 243, 263, 170, 0, 47.67%, 1, 0, 6, 413.90, 247894, 194, 1, 0
553, 0, 255, 263, 170, 0, 47.67%, 1, 0, 6, 415.15, 249978, 194, 1, 0
558, 0, 83, 263, 168, 0, 47.67%, 1, 0, 6, 427.59, 252168, 194, 1, 0
563, 0, 202, 264, 164, 0, 47.67%, 1, 0, 6, 493.09, 254671, 194, 1, 0
568, 0, 175, 264, 163, 0, 47.67%, 1, 0, 6, 475.62, 257088, 194, 1, 0
573, 0, 248, 264, 161, 0, 47.67%, 1, 0, 6, 405.91, 259140, 194, 1, 0
578, 0, 100, 265, 161, 0, 47.67%, 1, 0, 6, 417.08, 261286, 194, 1, 0
583, 0, 135, 265, 157, 0, 47.67%, 1, 0, 6, 425.60, 263433, 194, 1, 0
588, 0, 244, 265, 154, 0, 47.67%, 1, 0, 6, 380.54, 265305, 194, 1, 0
593, 0, 74, 265, 151, 0, 47.67%, 1, 0, 6, 397.56, 267367, 194, 1, 0
598, 0, 120, 265, 149, 0, 47.67%, 1, 0, 6, 409.59, 269471, 194, 1, 0
603, 0, 236, 265, 148, 0, 47.67%, 1, 0, 6, 441.82, 271705, 194, 1, 0
608, 0, 176, 265, 147, 0, 47.67%, 1, 0, 6, 431.98, 273850, 194, 1, 0
613, 0, 31, 267, 147, 0, 47.67%, 1, 0, 6, 454.81, 276207, 194, 1, 0
619, 0, 91, 269, 147, 0, 47.91%, 1, 0, 6, 411.95, 278287, 195, 1, 0
624, 1, 91, 269, 146, 0, 47.91%, 1, 0, 6, 427.75, 280550, 195, 1, 0
629, 1, 58, 269, 144, 0, 47.91%, 1, 0, 6, 416.47, 282727, 195, 1, 0
634, 1, 184, 269, 141, 0, 47.91%, 1, 0, 6, 422.53, 284921, 195, 1, 0
639, 1, 135, 271, 138, 0, 47.91%, 1, 0, 6, 448.54, 287191, 195, 1, 0
644, 1, 75, 271, 136, 0, 47.91%, 1, 0, 6, 448.31, 289508, 195, 1, 0
649, 1, 221, 272, 136, 0, 47.91%, 1, 0, 6, 459.49, 291826, 195, 1, 0
654, 1, 80, 272, 134, 0, 47.91%, 1, 0, 6, 451.82, 294114, 195, 1, 0
659, 1, 271, 275, 135, 0, 47.91%, 1, 0, 6, 438.07, 296250, 195, 1, 0
664, 1, 220, 276, 133, 0, 47.91%, 1, 0, 6, 416.73, 298341, 195, 1, 0
669, 1, 115, 279, 131, 0, 48.40%, 1, 0, 6, 427.05, 300565, 197, 1, 0
674, 1, 145, 280, 128, 0, 48.65%, 1, 0, 6, 428.55, 302715, 198, 1, 0
680, 1, 210, 282, 127, 0, 48.65%, 1, 0, 6, 434.92, 304969, 198, 1, 0
685, 1, 120, 284, 128, 0, 48.65%, 1, 0, 6, 407.09, 307029, 198, 1, 0
690, 1, 141, 284, 126, 0, 48.65%, 1, 0, 6, 394.06, 309014, 198, 1, 0
695, 1, 21, 284, 122, 0, 48.65%, 1, 0, 6, 426.05, 311154, 198, 1, 0
700, 1, 202, 285, 121, 0, 48.65%, 1, 0, 6, 412.53, 313211, 198, 1, 0
705, 1, 26, 285, 118, 0, 48.65%, 1, 0, 6, 437.30, 315487, 198, 1, 0
710, 1, 186, 285, 115, 0, 48.65%, 1, 0, 6, 455.37, 317823, 198, 1, 0
715, 1, 198, 285, 113, 0, 48.65%, 1, 0, 6, 466.04, 320137, 198, 1, 0
720, 1, 192, 285, 111, 0, 48.65%, 1, 0, 6, 389.87, 322054, 198, 1, 0
725, 1, 102, 285, 108, 0, 48.65%, 1, 0, 6, 428.60, 324311, 198, 1, 0
730, 1, 128, 287, 106, 0, 48.65%, 1, 0, 6, 416.48, 326413, 198, 1, 0
736, 1, 107, 288, 105, 0, 48.65%, 1, 0, 6, 407.30, 328525, 198, 1, 0
741, 1, 120, 289, 102, 0, 48.65%, 1, 0, 6, 409.07, 330576, 198, 1, 0
746, 1, 275, 289, 98, 0, 48.65%, 1, 0, 6, 429.10, 332712, 198, 1, 0
751, 1, 238, 290, 97, 0, 48.65%, 1, 0, 6, 456.72, 335015, 198, 1, 0
756, 1, 288, 291, 95, 0, 48.65%, 1, 0, 6, 454.58, 337266, 198, 1, 0
761, 1, 269, 292, 95, 0, 48.65%, 1, 0, 6, 437.84, 339417, 198, 1, 0
766, 1, 269, 297, 100, 0, 48.65%, 1, 0, 6, 424.84, 341526, 198, 1, 0
771, 1, 269, 297, 100, 0, 48.65%, 1, 0, 6, 409.96, 343606, 198, 1, 0
776, 1, 269, 298, 101, 0, 48.65%, 1, 0, 6, 404.08, 345661, 198, 1, 0
781, 1, 284, 298, 100, 0, 48.65%, 1, 0, 6, 410.76, 347709, 198, 1, 0
786, 1, 284, 303, 105, 0, 48.65%, 1, 0, 6, 362.20, 349540, 198, 1, 0
791, 1, 279, 303, 104, 0, 48.65%, 1, 0, 6, 368.11, 351424, 198, 1, 0
797, 1, 302, 303, 102, 0, 48.65%, 1, 0, 6, 392.79, 353466, 198, 1, 0
802, 1, 285, 306, 103, 0, 48.65%, 1, 0, 6, 369.18, 355325, 198, 1, 0
807, 1, 187, 307, 102, 0, 48.65%, 1, 0, 6, 402.60, 357331, 198, 1, 0
812, 1, 61, 307, 100, 0, 48.65%, 1, 0, 6, 403.11, 359362, 198, 1, 0
817, 1, 219, 307, 98, 0, 48.65%, 1, 0, 6, 430.00, 361596, 198, 1, 0
822, 1, 258, 307, 96, 0, 48.65%, 1, 0, 6, 437.66, 363828, 198, 1, 0
827, 1, 287, 308, 94, 0, 48.89%, 1, 0, 6, 434.44, 365967, 199, 1, 0
832, 1, 308, 309, 88, 0, 48.89%, 1, 0, 6, 429.76, 368042, 199, 1, 0
837, 1, 190, 309, 85, 0, 48.89%, 1, 0, 6, 433.59, 370234, 199, 1, 0
842, 1, 72, 309, 83, 0, 48.89%, 1, 0, 6, 426.50, 372361, 199, 1, 0
847, 1, 52, 309, 80, 0, 48.89%, 1, 0, 6, 426.91, 374531, 199, 1, 0
852, 1, 202, 309, 77, 0, 48.89%, 1, 0, 6, 435.49, 376748, 199, 1, 0
857, 1, 223, 309, 76, 0, 48.89%, 1, 0, 6, 436.81, 378935, 199, 1, 0
862, 1, 262, 309, 74, 0, 48.89%, 1, 0, 6, 424.91, 381019, 199, 1, 0
868, 1, 18, 309, 71, 0, 48.89%, 1, 0, 6, 436.22, 383267, 199, 1, 0
873, 1, 130, 310, 72, 0, 48.89%, 1, 0, 6, 416.61, 385334, 199, 1, 0
878, 1, 306, 310, 70, 0, 48.89%, 1, 0, 6, 417.80, 387419, 199, 1, 0
883, 1, 20, 310, 68, 0, 48.89%, 1, 0, 6, 414.18, 389445, 199, 1, 0
888, 1, 126, 310, 65, 0, 48.89%, 1, 0, 6, 401.53, 391433, 199, 1, 0
893, 1, 161, 311, 63, 0, 48.89%, 1, 0, 6, 438.48, 393635, 199, 1, 0
898, 1, 310, 311, 57, 0, 48.89%, 1, 0, 6, 430.73, 395869, 199, 1, 0
902, 1, 203, 311, 55, 0, 48.89%, 1, 0, 6, 414.78, 397502, 199, 1, 0
