# relative_time, cycles_done, cur_item, corpus_count, pending_total, pending_favs, map_size, saved_crashes, saved_hangs, max_depth, execs_per_sec, total_execs, edges_found, total_crashes, servers_count
61, 0, 61, 185, 157, 23, 53.32%, 0, 0, 3, 1900.25, 119639, 217, 0, 0
66, 0, 61, 186, 158, 23, 53.32%, 0, 0, 3, 1998.01, 129315, 217, 0, 0
71, 0, 61, 187, 159, 23, 53.32%, 0, 0, 3, 1816.73, 138299, 217, 0, 0
76, 0, 61, 187, 159, 23, 53.32%, 0, 0, 3, 1978.28, 148574, 217, 0, 0
81, 0, 69, 204, 170, 24, 54.05%, 1, 0, 3, 1954.14, 157480, 220, 1, 0
86, 0, 116, 229, 184, 15, 55.04%, 1, 0, 4, 2041.78, 167773, 224, 1, 0
91, 0, 156, 247, 198, 11, 55.04%, 1, 0, 4, 2000.62, 177909, 224, 1, 0
96, 0, 156, 248, 199, 11, 55.04%, 1, 0, 4, 1932.63, 187818, 224, 1, 0
101, 0, 156, 251, 202, 11, 55.04%, 1, 0, 4, 2053.30, 198180, 224, 1, 0
106, 0, 156, 252, 203, 11, 55.04%, 1, 0, 4, 2019.90, 208707, 224, 1, 0
111, 0, 185, 278, 224, 9, 55.28%, 1, 0, 4, 1665.64, 217164, 225, 1, 0
116, 0, 185, 288, 234, 9, 55.28%, 1, 0, 4, 1864.83, 226745, 225, 1, 0
121, 0, 185, 288, 234, 9, 55.28%, 1, 0, 4, 1924.03, 236374, 225, 1, 0
127, 0, 185, 290, 236, 9, 55.53%, 1, 0, 4, 1456.82, 245106, 226, 1, 0
132, 0, 185, 291, 237, 9, 55.53%, 1, 0, 4, 1820.07, 254563, 226, 1, 0
137, 0, 185, 291, 237, 9, 55.53%, 1, 0, 4, 1919.50, 264287, 226, 1, 0
142, 0, 289, 296, 232, 5, 55.53%, 1, 0, 4, 1861.71, 273763, 226, 1, 0
147, 1, 192, 305, 196, 0, 55.53%, 1, 0, 5, 1954.91, 283688, 226, 1, 0
152, 2, 372, 382, 247, 5, 58.97%, 1, 0, 5, 1898.13, 293255, 240, 1, 0
157, 3, 219, 383, 215, 0, 58.97%, 1, 0, 5, 1740.46, 301208, 240, 1, 0
162, 4, 46, 387, 186, 0, 58.97%, 1, 0, 5, 1911.89, 310890, 240, 1, 0
167, 4, 296, 392, 161, 0, 58.97%, 1, 0, 6, 88.35, 320356, 240, 1, 0
172, 5, 394, 395, 143, 1, 59.21%, 1, 0, 6, 1856.68, 330213, 241, 1, 0
177, 7, 55, 396, 117, 0, 59.21%, 1, 0, 6, 1971.56, 340348, 241, 1, 0
182, 7, 380, 398, 89, 0, 59.46%, 1, 0, 6, 1823.38, 349591, 242, 1, 0
188, 8, 384, 399, 66, 0, 59.46%, 1, 0, 6, 1883.26, 359590, 242, 1, 0
193, 9, 401, 402, 54, 1, 59.71%, 1, 0, 7, 1985.30, 369743, 243, 1, 0
198, 11, 382, 403, 42, 0, 59.95%, 1, 0, 7, 1834.96, 379054, 244, 1, 0
203, 12, 371, 408, 42, 1, 60.20%, 1, 0, 9, 1858.37, 388889, 245, 1, 0
208, 13, 400, 409, 28, 0, 60.20%, 1, 0, 9, 1953.10, 398920, 245, 1, 0
213, 15, 390, 411, 23, 0, 60.44%, 1, 0, 9, 1982.24, 408890, 246, 1, 0
218, 15, 411, 416, 26, 1, 61.18%, 1, 0, 11, 2044.01, 419247, 249, 1, 0
223, 15, 415, 418, 26, 1, 61.18%, 1, 0, 12, 2006.92, 429619, 249, 1, 0
228, 16, 406, 419, 21, 0, 61.18%, 1, 0, 12, 2015.56, 439686, 249, 1, 0
233, 16, 420, 422, 22, 1, 62.41%, 1, 0, 13, 2045.89, 450068, 254, 1, 0
239, 17, 410, 422, 16, 0, 62.41%, 1, 0, 13, 2006.96, 459844, 254, 1, 0
244, 17, 420, 424, 16, 0, 62.41%, 1, 0, 14, 1961.48, 469800, 254, 1, 0
249, 18, 346, 426, 13, 0, 62.41%, 1, 0, 15, 1853.03, 479106, 254, 1, 0
254, 19, 27, 427, 12, 0, 62.41%, 1, 0, 15, 1710.67, 487847, 254, 1, 0
259, 20, 60, 427, 10, 0, 62.41%, 1, 0, 15, 1892.94, 498021, 254, 1, 0
264, 21, 69, 428, 9, 0, 62.41%, 1, 0, 15, 2002.95, 508416, 254, 1, 0
269, 21, 426, 428, 8, 0, 62.41%, 1, 0, 15, 1972.35, 518241, 254, 1, 0
274, 22, 400, 429, 8, 0, 62.41%, 2, 0, 15, 1988.60, 528206, 254, 2, 0
279, 22, 424, 431, 10, 0, 62.41%, 2, 0, 16, 1815.39, 537361, 254, 2, 0
285, 23, 381, 431, 6, 0, 62.41%, 2, 0, 16, 1506.89, 546274, 254, 2, 0
290, 24, 393, 431, 5, 0, 62.41%, 2, 0, 16, 1941.89, 555153, 254, 2, 0
295, 25, 85, 432, 5, 0, 62.41%, 2, 0, 16, 1794.64, 564218, 254, 2, 0
300, 25, 421, 433, 6, 0, 62.41%, 2, 0, 16, 1820.61, 573787, 254, 2, 0
305, 26, 416, 433, 4, 0, 62.41%, 2, 0, 16, 1752.15, 582347, 254, 2, 0
310, 27, 101, 433, 2, 0, 62.41%, 2, 0, 16, 1895.30, 592158, 254, 2, 0
315, 28, 289, 434, 3, 0, 62.41%, 2, 0, 16, 1978.42, 602531, 254, 2, 0
320, 29, 111, 434, 0, 0, 62.41%, 2, 0, 16, 1843.98, 611903, 254, 2, 0
326, 30, 65, 434, 0, 0, 62.41%, 2, 0, 16, 1963.14, 622232, 254, 2, 0
331, 31, 221, 434, 0, 0, 62.41%, 2, 0, 16, 1993.53, 632272, 254, 2, 0
336, 32, 369, 435, 0, 0, 62.65%, 2, 0, 16, 1950.79, 642094, 255, 2, 0
341, 33, 306, 435, 0, 0, 62.65%, 2, 0, 16, 1875.89, 651813, 255, 3, 0
346, 34, 289, 435, 0, 0, 62.65%, 2, 0, 16, 1902.43, 661814, 255, 3, 0
351, 35, 305, 435, 0, 0, 62.65%, 2, 0, 16, 1777.66, 671208, 255, 3, 0
357, 36, 341, 435, 0, 0, 62.65%, 2, 0, 16, 1849.54, 680927, 255, 3, 0
362, 37, 371, 435, 0, 0, 62.65%, 2, 0, 16, 1904.18, 690846, 255, 4, 0
367, 38, 368, 435, 0, 0, 62.65%, 2, 0, 16, 1818.05, 699807, 255, 4, 0
372, 39, 382, 435, 0, 0, 62.65%, 2, 0, 16, 1773.23, 709243, 255, 4, 0
377, 40, 380, 435, 0, 0, 62.65%, 2, 0, 16, 1782.46, 718197, 255, 4, 0
382, 41, 380, 435, 0, 0, 62.65%, 2, 0, 16, 1821.42, 727380, 255, 4, 0
387, 42, 417, 435, 0, 0, 62.65%, 2, 0, 16, 1980.64, 737454, 255, 5, 0
393, 44, 155, 436, 0, 0, 62.90%, 2, 0, 16, 2014.03, 747706, 256, 5, 0
398, 45, 347, 437, 1, 0, 62.90%, 2, 0, 16, 1950.20, 757872, 256, 5, 0
403, 46, 327, 437, 1, 0, 62.90%, 2, 0, 16, 1911.63, 767384, 256, 5, 0
408, 47, 438, 443, 7, 1, 63.14%, 2, 0, 16, 1741.32, 776410, 257, 5, 0
413, 48, 435, 443, 6, 0, 63.14%, 2, 0, 16, 1839.12, 785737, 257, 6, 0
418, 49, 434, 443, 6, 0, 63.14%, 2, 0, 16, 1753.06, 794483, 257, 6, 0
423, 50, 394, 443, 5, 0, 63.14%, 2, 0, 16, 1759.10, 803058, 257, 6, 0
428, 51, 314, 443, 2, 0, 63.14%, 2, 0, 16, 1915.04, 812745, 257, 6, 0
433, 52, 444, 447, 5, 2, 63.88%, 2, 0, 16, 1910.03, 822494, 260, 6, 0
438, 53, 420, 447, 2, 0, 63.88%, 2, 0, 16, 1913.20, 831930, 260, 6, 0
443, 54, 374, 447, 2, 0, 63.88%, 2, 0, 16, 1994.85, 842084, 260, 6, 0
449, 55, 293, 448, 2, 0, 63.88%, 2, 0, 16, 2018.01, 852244, 260, 6, 0
454, 56, 199, 448, 1, 0, 63.88%, 2, 0, 16, 1984.24, 862247, 260, 6, 0
459, 57, 69, 448, 1, 0, 63.88%, 2, 0, 16, 1867.94, 871864, 260, 6, 0
464, 58, 55, 448, 0, 0, 63.88%, 2, 0, 16, 1921.03, 881726, 260, 6, 0
469, 59, 82, 449, 1, 0, 63.88%, 3, 0, 16, 1965.86, 891933, 260, 7, 0
474, 60, 16, 449, 0, 0, 63.88%, 3, 0, 16, 1844.18, 901309, 260, 7, 0
479, 60, 445, 449, 0, 0, 63.88%, 3, 0, 16, 1947.23, 911189, 260, 7, 0
484, 61, 443, 450, 1, 0, 63.88%, 3, 0, 16, 1943.24, 920899, 260, 8, 0
489, 62, 444, 450, 1, 0, 63.88%, 3, 0, 16, 1932.40, 930659, 260, 8, 0
495, 64, 57, 450, 0, 0, 63.88%, 3, 0, 16, 2022.28, 940943, 260, 8, 0
500, 65, 22, 450, 0, 0, 63.88%, 3, 0, 16, 1855.48, 950119, 260, 8, 0
505, 66, 60, 452, 2, 0, 63.88%, 3, 0, 16, 1969.52, 960550, 260, 8, 0
510, 66, 450, 452, 2, 0, 63.88%, 3, 0, 16, 2021.55, 971066, 260, 8, 0
515, 67, 417, 452, 0, 0, 63.88%, 3, 0, 16, 1885.52, 980073, 260, 8, 0
520, 68, 360, 452, 0, 0, 63.88%, 3, 0, 16, 1868.61, 989511, 260, 8, 0
525, 69, 370, 452, 0, 0, 63.88%, 3, 0, 16, 1812.64, 998421, 260, 8, 0
530, 70, 409, 452, 0, 0, 63.88%, 3, 0, 16, 1952.44, 1008398, 260, 8, 0
535, 71, 413, 452, 0, 0, 63.88%, 3, 0, 16, 1937.69, 1018059, 260, 8, 0
540, 72, 413, 452, 0, 0, 63.88%, 3, 0, 16, 1897.65, 1027315, 260, 8, 0
545, 73, 411, 453, 1, 0, 63.88%, 3, 0, 16, 1788.26, 1035922, 260, 8, 0
550, 74, 423, 453, 1, 0, 63.88%, 3, 0, 16, 1970.57, 1046132, 260, 8, 0
556, 75, 346, 453, 1, 0, 63.88%, 4, 0, 16, 1847.77, 1055366, 260, 9, 0
561, 76, 375, 453, 0, 0, 63.88%, 4, 0, 16, 1850.93, 1063975, 260, 9, 0
566, 77, 411, 453, 0, 0, 63.88%, 4, 0, 16, 1929.28, 1073980, 260, 9, 0
571, 78, 417, 453, 0, 0, 63.88%, 4, 0, 16, 1871.47, 1083300, 260, 9, 0
576, 79, 381, 453, 0, 0, 63.88%, 4, 0, 16, 1830.77, 1092249, 260, 9, 0
581, 80, 400, 453, 0, 0, 63.88%, 4, 0, 16, 1889.78, 1101955, 260, 9, 0
586, 81, 409, 453, 0, 0, 63.88%, 4, 0, 16, 1642.95, 1111072, 260, 9, 0
591, 82, 428, 453, 0, 0, 63.88%, 4, 0, 16, 1835.88, 1121016, 260, 9, 0
596, 83, 407, 453, 0, 0, 63.88%, 4, 0, 16, 1795.41, 1130049, 260, 9, 0
598, 84, 56, 453, 0, 0, 63.88%, 4, 0, 16, 66.67, 1132801, 260, 9, 0
