# relative_time, cycles_done, cur_item, corpus_count, pending_total, pending_favs, map_size, saved_crashes, saved_hangs, max_depth, execs_per_sec, total_execs, edges_found, total_crashes, servers_count
61, 0, 9, 86, 81, 5, 30.22%, 0, 0, 2, 448.56, 27261, 123, 0, 0
66, 0, 9, 86, 81, 5, 30.22%, 0, 0, 2, 430.28, 29390, 123, 0, 0
71, 0, 9, 87, 82, 5, 30.22%, 0, 0, 2, 423.48, 31527, 123, 0, 0
76, 0, 9, 87, 82, 5, 30.22%, 0, 0, 2, 443.37, 33775, 123, 0, 0
81, 0, 9, 87, 82, 5, 30.22%, 0, 0, 2, 464.95, 36151, 123, 0, 0
86, 0, 9, 91, 86, 5, 30.47%, 0, 0, 2, 470.89, 38528, 124, 0, 0
91, 0, 9, 93, 88, 5, 30.47%, 0, 0, 2, 441.14, 40754, 124, 0, 0
96, 0, 9, 94, 89, 5, 30.47%, 0, 0, 2, 439.44, 42961, 124, 0, 0
101, 0, 9, 94, 89, 5, 30.47%, 0, 0, 2, 427.33, 45137, 124, 0, 0
106, 0, 9, 94, 89, 5, 30.47%, 0, 0, 2, 458.70, 47532, 124, 0, 0
112, 0, 9, 94, 89, 5, 30.47%, 0, 0, 2, 502.15, 50079, 124, 0, 0
117, 0, 9, 94, 89, 5, 30.47%, 0, 0, 2, 431.73, 52249, 124, 0, 0
122, 0, 9, 106, 100, 4, 32.92%, 0, 0, 2, 435.60, 54515, 134, 0, 0
127, 0, 3, 157, 144, 27, 43.73%, 0, 0, 3, 429.70, 56721, 178, 0, 0
132, 0, 140, 158, 143, 26, 44.72%, 0, 0, 3, 449.43, 58960, 182, 0, 0
137, 0, 0, 158, 140, 23, 44.72%, 0, 0, 3, 456.62, 61270, 182, 0, 0
142, 0, 99, 159, 140, 23, 45.21%, 0, 0, 3, 435.70, 63492, 184, 0, 0
147, 0, 15, 162, 141, 22, 45.45%, 0, 0, 3, 450.95, 65781, 185, 0, 0
152, 0, 119, 168, 146, 21, 46.19%, 1, 0, 3, 454.22, 68040, 188, 1, 0
157, 0, 133, 182, 159, 21, 46.68%, 1, 0, 3, 456.46, 70327, 190, 1, 0
162, 0, 133, 185, 162, 21, 46.68%, 1, 0, 3, 439.20, 72538, 190, 1, 0
167, 0, 133, 186, 163, 21, 46.68%, 1, 0, 3, 433.70, 74729, 190, 1, 0
172, 0, 133, 186, 163, 21, 46.68%, 1, 0, 3, 449.06, 76970, 190, 1, 0
177, 0, 133, 186, 163, 21, 46.68%, 1, 0, 3, 434.78, 79169, 190, 1, 0
183, 0, 133, 188, 165, 21, 46.68%, 1, 0, 3, 442.10, 81407, 190, 1, 0
188, 0, 133, 189, 166, 21, 46.68%, 1, 0, 3, 435.55, 83614, 190, 1, 0
193, 0, 133, 189, 166, 21, 46.68%, 1, 0, 3, 452.12, 86009, 190, 1, 0
198, 0, 133, 190, 167, 21, 46.68%, 1, 0, 3, 450.88, 88339, 190, 1, 0
203, 0, 133, 190, 167, 21, 46.68%, 1, 0, 3, 442.73, 90590, 190, 1, 0
208, 0, 133, 191, 168, 21, 46.68%, 1, 0, 3, 452.45, 92973, 190, 1, 0
213, 0, 133, 192, 169, 21, 46.68%, 1, 0, 3, 448.89, 95265, 190, 1, 0
218, 0, 133, 193, 170, 21, 46.68%, 1, 0, 3, 406.71, 97299, 190, 1, 0
223, 0, 185, 193, 169, 23, 46.68%, 1, 0, 3, 438.16, 99571, 190, 1, 0
228, 0, 164, 193, 167, 21, 46.68%, 1, 0, 3, 456.79, 101905, 190, 1, 0
233, 0, 135, 197, 170, 20, 46.68%, 1, 0, 3, 430.58, 104003, 190, 1, 0
239, 0, 169, 197, 169, 20, 46.68%, 1, 0, 3, 456.45, 106374, 190, 1, 0
244, 0, 197, 198, 169, 20, 46.93%, 1, 0, 3, 468.20, 108774, 191, 1, 0
249, 0, 202, 203, 173, 22, 47.42%, 1, 0, 4, 492.21, 111357, 193, 1, 0
254, 0, 125, 204, 173, 21, 47.42%, 1, 0, 4, 453.60, 113683, 193, 1, 0
259, 0, 125, 204, 173, 21, 47.42%, 1, 0, 4, 426.97, 115827, 193, 1, 0
264, 0, 198, 205, 172, 19, 47.42%, 1, 0, 4, 413.56, 117929, 193, 1, 0
269, 0, 94, 206, 171, 18, 47.67%, 1, 0, 4, 431.74, 120111, 194, 1, 0
275, 0, 139, 209, 172, 16, 47.67%, 1, 0, 4, 442.79, 122399, 194, 1, 0
280, 0, 111, 209, 170, 14, 47.67%, 1, 0, 4, 434.88, 124656, 194, 1, 0
285, 0, 163, 209, 167, 11, 47.67%, 1, 0, 4, 453.48, 126965, 194, 1, 0
290, 0, 117, 215, 170, 8, 47.67%, 1, 0, 4, 447.29, 129195, 194, 1, 0
295, 0, 117, 219, 174, 8, 47.67%, 1, 0, 4, 462.03, 131579, 194, 1, 0
300, 0, 117, 221, 176, 8, 47.67%, 1, 0, 4, 440.53, 133806, 194, 1, 0
305, 0, 117, 223, 178, 8, 47.67%, 1, 0, 4, 432.91, 135972, 194, 1, 0
310, 0, 117, 223, 178, 8, 47.67%, 1, 0, 4, 454.51, 138276, 194, 1, 0
315, 0, 117, 223, 178, 8, 47.67%, 1, 0, 4, 427.81, 140364, 194, 1, 0
320, 0, 117, 223, 178, 8, 47.67%, 1, 0, 4, 440.46, 142588, 194, 1, 0
325, 0, 117, 223, 178, 8, 47.67%, 1, 0, 4, 436.12, 144796, 194, 1, 0
330, 0, 117, 224, 179, 8, 47.67%, 1, 0, 4, 456.24, 147158, 194, 1, 0
335, 0, 117, 226, 181, 8, 48.40%, 1, 0, 4, 449.61, 149409, 197, 1, 0
340, 0, 117, 227, 182, 8, 48.40%, 1, 0, 4, 471.02, 151796, 197, 1, 0
345, 0, 117, 227, 182, 8, 48.40%, 1, 0, 4, 461.24, 154109, 197, 1, 0
350, 0, 117, 227, 182, 8, 48.40%, 1, 0, 4, 451.91, 156359, 197, 1, 0
356, 0, 117, 228, 183, 8, 48.40%, 1, 0, 4, 482.55, 158787, 197, 1, 0
361, 0, 117, 228, 183, 8, 48.40%, 1, 0, 4, 449.23, 161037, 197, 1, 0
366, 0, 117, 229, 184, 8, 48.40%, 1, 0, 4, 507.61, 163654, 197, 1, 0
371, 0, 117, 230, 185, 8, 48.40%, 1, 0, 4, 468.50, 166001, 197, 1, 0
376, 0, 117, 230, 185, 8, 48.40%, 1, 0, 4, 463.02, 168314, 197, 1, 0
381, 0, 117, 230, 185, 8, 48.40%, 1, 0, 4, 458.24, 170582, 197, 1, 0
386, 0, 117, 230, 185, 8, 48.40%, 1, 0, 4, 437.85, 172789, 197, 1, 0
391, 0, 117, 230, 185, 8, 48.40%, 1, 0, 4, 451.38, 175064, 197, 1, 0
396, 0, 117, 232, 187, 8, 48.40%, 1, 0, 4, 442.82, 177283, 197, 1, 0
401, 0, 117, 232, 187, 8, 48.40%, 1, 0, 4, 453.67, 179506, 197, 1, 0
406, 0, 23, 232, 183, 5, 48.40%, 1, 0, 4, 448.96, 181771, 197, 1, 0
411, 0, 61, 234, 179, 0, 48.40%, 1, 0, 4, 470.42, 184146, 197, 1, 0
416, 0, 130, 234, 178, 0, 48.40%, 1, 0, 4, 430.65, 186224, 197, 1, 0
421, 0, 102, 235, 175, 0, 48.40%, 1, 0, 4, 449.05, 188480, 197, 1, 0
426, 0, 189, 248, 187, 0, 48.40%, 1, 0, 4, 434.29, 190655, 197, 1, 0
432, 0, 189, 252, 191, 0, 48.40%, 1, 0, 4, 447.13, 192963, 197, 1, 0
437, 0, 189, 255, 194, 0, 48.40%, 1, 0, 4, 444.63, 195288, 197, 1, 0
442, 0, 238, 257, 195, 1, 48.40%, 1, 0, 4, 442.72, 197526, 197, 1, 0
447, 0, 207, 257, 192, 0, 48.40%, 1, 0, 4, 467.03, 199856, 197, 1, 0
452, 0, 249, 257, 187, 0, 48.40%, 1, 0, 4, 442.56, 202149, 197, 1, 0
457, 0, 249, 259, 189, 0, 48.40%, 1, 0, 4, 411.36, 204245, 197, 1, 0
462, 0, 229, 259, 187, 0, 48.40%, 1, 0, 4, 408.13, 206234, 197, 1, 0
467, 0, 71, 259, 180, 0, 48.40%, 1, 0, 4, 432.32, 208422, 197, 1, 0
472, 0, 153, 262, 183, 0, 48.40%, 1, 0, 4, 473.16, 210876, 197, 1, 0
477, 0, 153, 264, 185, 0, 48.40%, 1, 0, 4, 440.96, 213086, 197, 1, 0
482, 0, 153, 264, 185, 0, 48.40%, 1, 0, 4, 457.16, 215422, 197, 1, 0
488, 0, 238, 265, 186, 0, 48.40%, 1, 0, 4, 456.04, 217743, 197, 1, 0
493, 0, 162, 265, 185, 0, 48.40%, 1, 0, 4, 461.50, 220064, 197, 1, 0
498, 0, 181, 265, 180, 0, 48.40%, 1, 0, 4, 454.04, 222448, 197, 1, 0
503, 0, 260, 266, 179, 0, 48.40%, 1, 0, 4, 442.91, 224629, 197, 1, 0
508, 0, 182, 266, 178, 0, 48.40%, 1, 0, 4, 449.19, 226899, 197, 1, 0
513, 0, 127, 266, 174, 0, 48.40%, 1, 0, 4, 419.53, 228960, 197, 1, 0
518, 0, 84, 266, 169, 0, 48.40%, 1, 0, 4, 451.72, 231215, 197, 1, 0
523, 0, 218, 266, 166, 0, 48.40%, 1, 0, 4, 436.34, 233455, 197, 1, 0
528, 0, 253, 266, 163, 0, 48.40%, 1, 0, 4, 421.59, 235560, 197, 1, 0
533, 0, 181, 266, 162, 0, 48.40%, 1, 0, 4, 440.36, 237800, 197, 1, 0
538, 0, 128, 267, 163, 0, 48.40%, 1, 0, 4, 447.53, 240025, 197, 1, 0
543, 0, 251, 267, 161, 0, 48.40%, 1, 0, 4, 438.22, 242218, 197, 1, 0
548, 0, 131, 267, 158, 0, 48.40%, 1, 0, 4, 445.12, 244437, 197, 1, 0
553, 0, 97, 267, 157, 0, 48.40%, 1, 0, 4, 444.53, 246661, 197, 1, 0
559, 0, 164, 268, 155, 0, 48.40%, 1, 0, 4, 461.24, 249076, 197, 1, 0
564, 1, 144, 268, 152, 0, 48.40%, 1, 0, 4, 419.02, 251149, 197, 1, 0
569, 1, 201, 268, 147, 0, 48.40%, 1, 0, 4, 411.35, 253207, 197, 1, 0
574, 1, 53, 268, 144, 0, 48.40%, 1, 0, 4, 427.98, 255379, 197, 1, 0
579, 1, 198, 268, 139, 0, 48.40%, 1, 0, 4, 441.43, 257657, 197, 1, 0
584, 1, 122, 269, 138, 0, 48.65%, 1, 0, 5, 444.11, 259888, 198, 1, 0
589, 1, 184, 271, 139, 0, 48.65%, 1, 0, 5, 425.61, 262044, 198, 1, 0
594, 1, 57, 271, 136, 0, 48.65%, 1, 0, 5, 453.19, 264352, 198, 1, 0
599, 1, 263, 273, 134, 0, 48.65%, 1, 0, 5, 443.22, 266595, 198, 1, 0
604, 1, 26, 274, 131, 0, 48.65%, 1, 0, 5, 440.44, 268771, 198, 1, 0
609, 1, 252, 274, 128, 0, 48.65%, 1, 0, 5, 433.95, 271006, 198, 1, 0
614, 1, 126, 274, 126, 0, 48.65%, 1, 0, 5, 426.45, 273145, 198, 1, 0
619, 1, 274, 276, 125, 1, 48.89%, 1, 0, 5, 418.55, 275327, 199, 1, 0
624, 1, 124, 276, 121, 0, 48.89%, 1, 0, 5, 423.81, 277467, 199, 1, 0
629, 1, 248, 276, 117, 0, 48.89%, 1, 0, 5, 423.26, 279551, 199, 1, 0
635, 1, 71, 276, 115, 0, 48.89%, 1, 0, 5, 441.25, 281884, 199, 1, 0
640, 1, 126, 276, 111, 0, 48.89%, 1, 0, 5, 422.40, 283998, 199, 1, 0
645, 1, 242, 276, 108, 0, 48.89%, 1, 0, 5, 433.72, 286155, 199, 1, 0
650, 1, 247, 276, 105, 0, 48.89%, 1, 0, 5, 435.90, 288399, 199, 1, 0
655, 1, 120, 283, 111, 0, 48.89%, 1, 0, 5, 456.84, 290704, 199, 1, 0
660, 1, 120, 284, 112, 0, 48.89%, 1, 0, 5, 430.09, 292815, 199, 1, 0
665, 1, 120, 285, 113, 0, 48.89%, 1, 0, 5, 444.59, 295014, 199, 1, 0
670, 1, 120, 286, 114, 0, 48.89%, 1, 0, 5, 437.58, 297253, 199, 1, 0
675, 1, 286, 287, 114, 1, 49.63%, 1, 0, 5, 410.73, 299292, 202, 1, 0
680, 1, 264, 287, 113, 0, 49.63%, 1, 0, 5, 430.37, 301487, 202, 1, 0
685, 1, 202, 287, 108, 0, 49.63%, 1, 0, 5, 455.39, 303729, 202, 1, 0
690, 1, 274, 287, 105, 0, 49.63%, 1, 0, 5, 471.54, 306119, 202, 1, 0
695, 1, 194, 288, 102, 0, 49.63%, 1, 0, 5, 503.86, 308760, 202, 1, 0
701, 1, 287, 288, 98, 0, 49.63%, 1, 0, 5, 440.54, 310919, 202, 1, 0
706, 1, 272, 297, 105, 0, 49.63%, 1, 0, 5, 453.32, 313253, 202, 1, 0
711, 1, 272, 297, 105, 0, 49.63%, 1, 0, 5, 423.67, 315407, 202, 1, 0
716, 1, 263, 297, 104, 0, 49.63%, 1, 0, 5, 435.81, 317599, 202, 1, 0
721, 1, 181, 297, 100, 0, 49.63%, 1, 0, 5, 425.03, 319746, 202, 1, 0
726, 1, 235, 297, 99, 0, 49.63%, 1, 0, 5, 453.81, 322093, 202, 1, 0
731, 1, 280, 297, 96, 0, 49.63%, 1, 0, 5, 434.92, 324308, 202, 1, 0
736, 1, 204, 297, 93, 0, 49.63%, 1, 0, 5, 425.50, 326466, 202, 1, 0
741, 1, 192, 297, 89, 0, 49.63%, 1, 0, 5, 444.88, 328714, 202, 1, 0
746, 1, 197, 297, 83, 0, 49.63%, 1, 0, 5, 454.87, 331020, 202, 1, 0
751, 1, 278, 297, 81, 0, 49.63%, 1, 0, 5, 438.04, 333227, 202, 1, 0
756, 1, 297, 300, 83, 1, 50.37%, 1, 0, 5, 424.82, 335434, 205, 1, 0
761, 1, 170, 300, 79, 0, 50.37%, 1, 0, 5, 453.30, 337780, 205, 1, 0
766, 1, 228, 300, 77, 0, 50.37%, 1, 0, 5, 442.43, 340034, 205, 1, 0
771, 1, 23, 303, 77, 0, 50.37%, 1, 0, 5, 458.35, 342352, 205, 1, 0
776, 1, 154, 303, 74, 0, 50.37%, 1, 0, 5, 443.71, 344604, 205, 1, 0
782, 1, 176, 303, 72, 0, 50.37%, 1, 0, 5, 444.46, 346916, 205, 1, 0
787, 1, 198, 303, 67, 0, 50.37%, 1, 0, 5, 442.26, 349157, 205, 1, 0
792, 1, 243, 304, 66, 0, 50.37%, 1, 0, 5, 477.73, 351593, 205, 1, 0
797, 1, 207, 304, 64, 0, 50.37%, 1, 0, 5, 463.50, 353888, 205, 1, 0
802, 1, 305, 306, 63, 1, 50.86%, 1, 0, 5, 431.73, 356031, 207, 1, 0
807, 1, 271, 307, 61, 0, 50.86%, 1, 0, 5, 453.36, 358358, 207, 1, 0
812, 1, 303, 307, 59, 0, 50.86%, 1, 0, 5, 459.37, 360700, 207, 1, 0
817, 1, 240, 307, 57, 0, 50.86%, 1, 0, 5, 412.69, 362712, 207, 1, 0
822, 1, 94, 308, 55, 0, 50.86%, 1, 0, 5, 421.45, 364922, 207, 1, 0
827, 1, 40, 308, 52, 0, 50.86%, 1, 0, 5, 427.36, 367129, 207, 1, 0
832, 1, 109, 312, 55, 0, 50.86%, 1, 0, 5, 428.22, 369325, 207, 1, 0
837, 1, 295, 312, 54, 0, 50.86%, 1, 0, 5, 428.74, 371492, 207, 1, 0
842, 1, 294, 315, 56, 0, 50.86%, 1, 0, 5, 455.11, 373761, 207, 1, 0
847, 1, 250, 315, 54, 0, 50.86%, 1, 0, 5, 454.55, 376076, 207, 1, 0
852, 1, 96, 315, 50, 0, 50.86%, 1, 0, 5, 476.73, 378453, 207, 1, 0
858, 1, 202, 392, 125, 0, 59.71%, 1, 0, 5, 444.65, 380697, 243, 1, 0
863, 2, 362, 454, 186, 20, 61.92%, 1, 0, 5, 463.41, 383041, 252, 1, 0
868, 2, 426, 455, 186, 19, 61.92%, 1, 0, 5, 444.86, 385302, 252, 1, 0
873, 2, 426, 456, 187, 19, 61.92%, 1, 0, 5, 451.89, 387639, 252, 1, 0
878, 2, 451, 456, 186, 18, 61.92%, 1, 0, 5, 456.37, 389954, 252, 1, 0
883, 2, 372, 456, 184, 16, 61.92%, 1, 0, 5, 462.93, 392372, 252, 1, 0
888, 2, 443, 456, 182, 14, 61.92%, 1, 0, 5, 474.25, 394756, 252, 1, 0
893, 2, 365, 456, 180, 12, 61.92%, 1, 0, 5, 456.40, 397026, 252, 1, 0
898, 2, 409, 456, 179, 11, 61.92%, 1, 0, 5, 459.41, 399384, 252, 1, 0
903, 2, 347, 456, 177, 9, 61.92%, 1, 0, 5, 465.28, 401776, 252, 1, 0
908, 2, 361, 456, 174, 6, 61.92%, 1, 0, 5, 480.32, 404131, 252, 1, 0
913, 2, 357, 456, 172, 4, 61.92%, 1, 0, 5, 475.35, 406524, 252, 1, 0
918, 2, 292, 456, 168, 0, 61.92%, 1, 0, 5, 462.08, 408845, 252, 1, 0
924, 2, 413, 456, 166, 0, 61.92%, 1, 0, 5, 447.45, 411139, 252, 1, 0
929, 2, 159, 456, 163, 0, 61.92%, 1, 0, 5, 440.27, 413354, 252, 1, 0
934, 2, 282, 456, 161, 0, 61.92%, 1, 0, 5, 426.55, 415524, 252, 1, 0
939, 2, 362, 456, 158, 0, 61.92%, 1, 0, 5, 451.12, 417815, 252, 1, 0
944, 2, 449, 456, 156, 0, 61.92%, 1, 0, 5, 449.25, 420046, 252, 1, 0
949, 2, 366, 456, 154, 0, 61.92%, 1, 0, 5, 443.59, 422258, 252, 1, 0
954, 2, 321, 456, 152, 0, 61.92%, 1, 0, 5, 466.57, 424526, 252, 1, 0
959, 2, 386, 456, 150, 0, 61.92%, 1, 0, 5, 460.51, 426894, 252, 1, 0
964, 2, 64, 456, 147, 0, 61.92%, 1, 0, 5, 442.25, 429095, 252, 1, 0
969, 2, 310, 456, 144, 0, 61.92%, 1, 0, 5, 431.49, 431298, 252, 1, 0
974, 2, 8, 456, 141, 0, 61.92%, 1, 0, 5, 407.74, 433438, 252, 1, 0
979, 2, 336, 456, 139, 0, 61.92%, 1, 0, 5, 451.16, 435739, 252, 1, 0
984, 2, 364, 456, 137, 0, 61.92%, 1, 0, 5, 440.95, 437942, 252, 1, 0
989, 2, 405, 456, 136, 0, 61.92%, 1, 0, 5, 442.01, 440150, 252, 1, 0
994, 2, 318, 456, 134, 0, 61.92%, 1, 0, 5, 462.07, 442510, 252, 1, 0
999, 2, 306, 456, 132, 0, 61.92%, 1, 0, 5, 434.48, 444638, 252, 1, 0
1005, 2, 431, 456, 130, 0, 61.92%, 1, 0, 5, 456.28, 446923, 252, 1, 0
1010, 2, 190, 456, 128, 0, 61.92%, 1, 0, 5, 436.23, 449075, 252, 1, 0
1015, 2, 323, 456, 126, 0, 61.92%, 1, 0, 5, 425.45, 451281, 252, 1, 0
1020, 2, 425, 456, 124, 0, 61.92%, 1, 0, 5, 425.32, 453485, 252, 1, 0
1025, 2, 342, 456, 121, 0, 61.92%, 1, 0, 5, 457.94, 455809, 252, 1, 0
1030, 2, 181, 456, 119, 0, 61.92%, 1, 0, 5, 450.55, 458056, 252, 1, 0
1035, 2, 430, 456, 118, 0, 61.92%, 1, 0, 5, 466.83, 460414, 252, 1, 0
1040, 2, 446, 456, 115, 0, 61.92%, 1, 0, 5, 444.76, 462644, 252, 1, 0
1045, 2, 407, 456, 113, 0, 61.92%, 1, 0, 5, 422.22, 464756, 252, 1, 0
1050, 2, 172, 456, 111, 0, 61.92%, 1, 0, 5, 424.09, 466896, 252, 1, 0
1055, 2, 362, 456, 109, 0, 61.92%, 1, 0, 5, 446.42, 469195, 252, 1, 0
1060, 2, 255, 456, 107, 0, 61.92%, 1, 0, 5, 436.41, 471368, 252, 1, 0
1065, 2, 437, 456, 105, 0, 61.92%, 1, 0, 5, 454.26, 473632, 252, 1, 0
1070, 2, 106, 456, 103, 0, 61.92%, 1, 0, 5, 455.33, 475871, 252, 1, 0
1075, 2, 420, 456, 100, 0, 61.92%, 1, 0, 5, 463.56, 478167, 252, 1, 0
1081, 2, 62, 457, 98, 0, 61.92%, 1, 0, 5, 447.94, 480441, 252, 1, 0
1086, 2, 308, 457, 95, 0, 61.92%, 1, 0, 5, 420.70, 482645, 252, 1, 0
1091, 2, 370, 457, 94, 0, 61.92%, 2, 0, 5, 428.56, 484803, 252, 3, 0
1096, 2, 414, 457, 92, 0, 61.92%, 2, 0, 5, 432.17, 487055, 252, 3, 0
1101, 2, 416, 457, 90, 0, 61.92%, 2, 0, 5, 446.01, 489294, 252, 3, 0
1106, 2, 406, 457, 88, 0, 61.92%, 2, 0, 5, 440.55, 491487, 252, 3, 0
1111, 2, 198, 457, 86, 0, 61.92%, 2, 0, 5, 440.47, 493714, 252, 3, 0
1116, 2, 354, 457, 85, 0, 61.92%, 2, 0, 5, 432.64, 495940, 252, 3, 0
1121, 2, 387, 457, 84, 0, 61.92%, 2, 0, 5, 435.82, 498175, 252, 3, 0
1126, 2, 363, 457, 82, 0, 61.92%, 2, 0, 5, 459.40, 500513, 252, 3, 0
1131, 2, 312, 457, 80, 0, 61.92%, 2, 0, 5, 442.62, 502771, 252, 3, 0
1136, 2, 313, 457, 78, 0, 61.92%, 4, 0, 5, 455.91, 505025, 252, 6, 0
1141, 2, 89, 457, 75, 0, 61.92%, 4, 0, 5, 442.43, 507294, 252, 6, 0
1146, 2, 424, 457, 75, 0, 61.92%, 4, 0, 5, 443.54, 509525, 252, 6, 0
1152, 2, 23, 457, 72, 0, 61.92%, 4, 0, 5, 438.65, 511743, 252, 6, 0
1157, 2, 379, 457, 72, 0, 61.92%, 4, 0, 5, 449.93, 514024, 252, 6, 0
1162, 2, 296, 457, 70, 0, 61.92%, 4, 0, 5, 437.29, 516202, 252, 6, 0
1167, 2, 334, 457, 65, 0, 61.92%, 4, 0, 5, 473.83, 518623, 252, 6, 0
1172, 2, 389, 457, 63, 0, 61.92%, 4, 0, 5, 461.05, 521012, 252, 6, 0
1177, 2, 457, 458, 62, 1, 61.92%, 4, 0, 5, 440.39, 523287, 252, 6, 0
1182, 2, 450, 458, 60, 0, 61.92%, 4, 0, 5, 448.18, 525570, 252, 6, 0
1187, 2, 438, 458, 58, 0, 61.92%, 4, 0, 5, 450.69, 527850, 252, 6, 0
1192, 2, 302, 459, 55, 0, 61.92%, 4, 0, 5, 464.81, 530215, 252, 6, 0
1197, 2, 254, 459, 53, 0, 61.92%, 4, 0, 5, 465.70, 532506, 252, 6, 0
1202, 2, 369, 459, 51, 0, 61.92%, 4, 0, 5, 445.64, 534707, 252, 8, 0
1207, 2, 382, 459, 48, 0, 61.92%, 4, 0, 5, 472.71, 537124, 252, 8, 0
1212, 2, 99, 459, 46, 0, 61.92%, 4, 0, 5, 446.95, 539423, 252, 8, 0
1217, 2, 423, 459, 45, 0, 61.92%, 4, 0, 5, 445.58, 541720, 252, 8, 0
1223, 2, 399, 459, 43, 0, 61.92%, 4, 0, 5, 425.19, 543838, 252, 8, 0
1228, 2, 317, 459, 41, 0, 61.92%, 4, 0, 5, 448.15, 546162, 252, 8, 0
1233, 2, 351, 459, 39, 0, 61.92%, 4, 0, 5, 438.55, 548389, 252, 8, 0
1238, 2, 396, 459, 38, 0, 61.92%, 4, 0, 5, 453.99, 550631, 252, 8, 0
1243, 2, 132, 459, 37, 0, 61.92%, 4, 0, 5, 431.27, 552745, 252, 8, 0
1248, 2, 202, 459, 36, 0, 61.92%, 4, 0, 5, 426.33, 554911, 252, 8, 0
1253, 2, 150, 459, 35, 0, 61.92%, 4, 0, 5, 444.66, 557201, 252, 8, 0
1258, 2, 397, 459, 34, 0, 61.92%, 4, 0, 5, 442.00, 559361, 252, 8, 0
1263, 2, 158, 459, 32, 0, 61.92%, 4, 0, 5, 410.77, 561423, 252, 8, 0
1268, 3, 371, 465, 38, 0, 61.92%, 4, 0, 5, 439.86, 563707, 252, 8, 0
1273, 3, 355, 465, 37, 0, 61.92%, 4, 0, 5, 454.41, 566059, 252, 8, 0
1278, 3, 401, 466, 36, 0, 61.92%, 4, 0, 5, 470.57, 568455, 252, 8, 0
1284, 3, 198, 466, 34, 0, 61.92%, 5, 0, 5, 453.95, 570687, 252, 9, 0
1289, 3, 27, 466, 32, 0, 61.92%, 5, 0, 5, 453.07, 572964, 252, 9, 0
1294, 3, 462, 466, 31, 0, 61.92%, 6, 0, 5, 461.73, 575317, 252, 10, 0
1299, 3, 277, 466, 29, 0, 61.92%, 6, 0, 5, 446.21, 577581, 252, 11, 0
1304, 3, 451, 466, 27, 0, 61.92%, 6, 0, 5, 457.60, 579875, 252, 11, 0
1309, 3, 224, 466, 26, 0, 61.92%, 6, 0, 5, 452.79, 582111, 252, 11, 0
1314, 3, 13, 466, 24, 0, 61.92%, 6, 0, 5, 448.81, 584393, 252, 11, 0
1319, 3, 432, 466, 23, 0, 61.92%, 6, 0, 5, 452.03, 586672, 252, 11, 0
1324, 3, 388, 466, 22, 0, 61.92%, 6, 0, 5, 429.18, 588898, 252, 11, 0
1329, 3, 409, 466, 21, 0, 61.92%, 6, 0, 5, 447.47, 591188, 252, 11, 0
1334, 3, 456, 467, 21, 0, 62.16%, 6, 0, 5, 435.17, 593349, 253, 11, 0
1339, 3, 305, 467, 20, 0, 62.16%, 6, 0, 5, 427.27, 595460, 253, 11, 0
1344, 3, 198, 467, 19, 0, 62.16%, 6, 0, 5, 431.47, 597704, 253, 11, 0
1350, 3, 392, 468, 20, 0, 62.16%, 6, 0, 5, 411.53, 599789, 253, 11, 0
1355, 3, 258, 468, 19, 0, 62.16%, 6, 0, 5, 426.08, 601996, 253, 11, 0
1360, 3, 18, 468, 18, 0, 62.16%, 6, 0, 5, 439.79, 604214, 253, 11, 0
1365, 3, 198, 469, 18, 0, 62.16%, 6, 0, 5, 414.50, 606294, 253, 11, 0
1370, 3, 111, 469, 16, 0, 62.16%, 6, 0, 5, 418.45, 608351, 253, 16, 0
1375, 3, 368, 469, 16, 0, 62.16%, 6, 0, 5, 437.20, 610536, 253, 16, 0
1380, 3, 409, 469, 15, 0, 62.16%, 6, 0, 5, 444.11, 612803, 253, 18, 0
1385, 3, 469, 470, 15, 1, 62.41%, 6, 0, 6, 444.46, 614993, 254, 18, 0
1390, 3, 470, 471, 15, 1, 62.41%, 6, 0, 7, 437.35, 617179, 254, 18, 0
1395, 3, 238, 471, 14, 0, 62.41%, 6, 0, 7, 426.96, 619304, 254, 18, 0
1400, 3, 164, 471, 14, 0, 62.41%, 6, 0, 7, 431.70, 621459, 254, 18, 0
1405, 3, 257, 471, 14, 0, 62.41%, 6, 0, 7, 416.91, 623564, 254, 18, 0
1410, 3, 326, 471, 12, 0, 62.41%, 6, 0, 7, 430.44, 625750, 254, 18, 0
1415, 3, 104, 471, 12, 0, 62.41%, 6, 0, 7, 438.19, 628025, 254, 19, 0
1420, 3, 464, 471, 12, 0, 62.41%, 6, 0, 7, 425.18, 630130, 254, 19, 0
1425, 3, 238, 471, 11, 0, 62.41%, 6, 0, 7, 417.86, 632208, 254, 19, 0
1430, 3, 160, 471, 10, 0, 62.41%, 6, 0, 7, 440.81, 634420, 254, 19, 0
1435, 3, 34, 471, 10, 0, 62.41%, 6, 0, 7, 456.44, 636692, 254, 19, 0
1440, 3, 111, 471, 9, 0, 62.41%, 6, 0, 7, 451.86, 638982, 254, 19, 0
1445, 3, 361, 471, 9, 0, 62.41%, 6, 0, 7, 428.49, 641121, 254, 19, 0
1451, 3, 160, 471, 8, 0, 62.41%, 6, 0, 7, 471.16, 643646, 254, 20, 0
1456, 3, 182, 471, 8, 0, 62.41%, 7, 0, 7, 446.66, 645890, 254, 21, 0
1461, 3, 119, 471, 8, 0, 62.41%, 7, 0, 7, 425.29, 648010, 254, 24, 0
1466, 4, 158, 474, 9, 0, 62.41%, 7, 0, 7, 448.56, 650323, 254, 24, 0
1471, 4, 157, 474, 9, 0, 62.41%, 7, 0, 7, 433.58, 652463, 254, 24, 0
1476, 4, 238, 474, 8, 0, 62.41%, 7, 0, 7, 440.96, 654736, 254, 25, 0
1481, 4, 238, 474, 8, 0, 62.41%, 7, 0, 7, 435.07, 656992, 254, 25, 0
1486, 4, 94, 475, 9, 0, 62.41%, 7, 0, 7, 456.43, 659336, 254, 25, 0
1491, 4, 123, 475, 9, 0, 62.41%, 7, 0, 7, 446.67, 661588, 254, 26, 0
1496, 4, 472, 475, 9, 0, 62.41%, 7, 0, 7, 443.03, 663839, 254, 26, 0
1501, 4, 23, 475, 7, 0, 62.41%, 7, 0, 7, 428.45, 665984, 254, 26, 0
1506, 4, 362, 475, 7, 0, 62.41%, 7, 0, 7, 444.14, 668256, 254, 26, 0
1512, 4, 320, 475, 7, 0, 62.41%, 7, 0, 7, 425.62, 670348, 254, 27, 0
1517, 4, 164, 475, 6, 0, 62.41%, 7, 0, 7, 453.91, 672661, 254, 28, 0
1522, 4, 238, 475, 6, 0, 62.41%, 7, 0, 7, 451.62, 674956, 254, 28, 0
1527, 4, 99, 475, 6, 0, 62.41%, 7, 0, 7, 439.87, 677183, 254, 28, 0
1532, 4, 226, 475, 6, 0, 62.41%, 7, 0, 7, 432.95, 679354, 254, 28, 0
1537, 4, 474, 475, 6, 0, 62.41%, 7, 0, 7, 418.94, 681422, 254, 28, 0
1542, 4, 268, 475, 5, 0, 62.41%, 7, 0, 7, 419.11, 683559, 254, 28, 0
1547, 4, 276, 475, 5, 0, 62.41%, 7, 0, 7, 462.66, 685987, 254, 30, 0
1552, 4, 417, 475, 5, 0, 62.41%, 7, 0, 7, 431.70, 688086, 254, 30, 0
1557, 4, 99, 475, 5, 0, 62.41%, 7, 0, 7, 455.09, 690474, 254, 30, 0
1562, 4, 123, 475, 5, 0, 62.41%, 7, 0, 7, 437.95, 692734, 254, 30, 0
1568, 4, 386, 475, 5, 0, 62.41%, 7, 0, 7, 420.41, 694845, 254, 32, 0
1573, 4, 392, 475, 5, 0, 62.41%, 7, 0, 7, 451.71, 697140, 254, 33, 0
1578, 4, 200, 475, 5, 0, 62.41%, 7, 0, 7, 431.66, 699364, 254, 34, 0
1583, 4, 202, 475, 5, 0, 62.41%, 7, 0, 7, 439.17, 701665, 254, 34, 0
1588, 5, 473, 476, 6, 0, 62.41%, 7, 0, 7, 473.00, 704055, 254, 34, 0
1593, 5, 451, 476, 5, 0, 62.41%, 7, 0, 7, 460.07, 706310, 254, 34, 0
1598, 5, 355, 476, 5, 0, 62.41%, 7, 0, 7, 477.49, 708737, 254, 34, 0
1603, 5, 26, 476, 5, 0, 62.41%, 7, 0, 7, 470.64, 711060, 254, 34, 0
1608, 5, 331, 476, 5, 0, 62.41%, 7, 0, 7, 453.20, 713336, 254, 34, 0
1613, 5, 426, 476, 4, 0, 62.41%, 7, 0, 7, 454.31, 715636, 254, 34, 0
1618, 5, 27, 476, 4, 0, 62.41%, 7, 0, 7, 436.78, 717854, 254, 34, 0
1623, 5, 181, 476, 4, 0, 62.41%, 7, 0, 7, 446.79, 720104, 254, 34, 0
1628, 5, 468, 476, 3, 0, 62.41%, 7, 0, 7, 435.86, 722274, 254, 36, 0
1633, 5, 420, 476, 3, 0, 62.41%, 7, 0, 7, 438.74, 724566, 254, 37, 0
1638, 5, 99, 476, 3, 0, 62.41%, 7, 0, 7, 425.12, 726735, 254, 37, 0
1643, 5, 299, 476, 3, 0, 62.41%, 7, 0, 7, 455.75, 728999, 254, 37, 0
1648, 5, 453, 476, 3, 0, 62.41%, 7, 0, 7, 448.13, 731250, 254, 38, 0
1653, 5, 451, 476, 3, 0, 62.41%, 7, 0, 7, 481.64, 733714, 254, 38, 0
1659, 5, 471, 476, 3, 0, 62.41%, 7, 0, 7, 436.85, 735859, 254, 38, 0
1664, 5, 347, 476, 3, 0, 62.41%, 7, 0, 7, 443.18, 738148, 254, 38, 0
1669, 5, 169, 476, 3, 0, 62.41%, 7, 0, 7, 435.02, 740362, 254, 38, 0
1674, 5, 197, 476, 3, 0, 62.41%, 7, 0, 7, 447.87, 742725, 254, 39, 0
1679, 5, 348, 476, 3, 0, 62.41%, 8, 0, 7, 436.18, 744895, 254, 42, 0
1684, 5, 337, 476, 2, 0, 62.41%, 8, 0, 7, 473.40, 747362, 254, 44, 0
1689, 5, 144, 476, 2, 0, 62.41%, 8, 0, 7, 439.81, 749565, 254, 44, 0
1694, 5, 365, 476, 2, 0, 62.41%, 8, 0, 7, 442.44, 751733, 254, 44, 0
1699, 5, 26, 476, 2, 0, 62.41%, 8, 0, 7, 416.53, 753833, 254, 46, 0
1704, 5, 23, 476, 2, 0, 62.41%, 8, 0, 7, 434.20, 755999, 254, 46, 0
1709, 5, 122, 476, 2, 0, 62.41%, 8, 0, 7, 453.21, 758249, 254, 47, 0
1714, 6, 181, 478, 3, 0, 62.41%, 8, 0, 7, 438.03, 760551, 254, 47, 0
1719, 6, 478, 480, 5, 1, 62.65%, 8, 0, 9, 428.79, 762777, 255, 47, 0
1725, 6, 361, 481, 4, 0, 62.65%, 8, 0, 10, 444.44, 765037, 255, 47, 0
1730, 6, 207, 481, 4, 0, 62.65%, 8, 0, 10, 441.46, 767271, 255, 50, 0
1735, 6, 480, 481, 4, 0, 62.65%, 8, 0, 10, 434.09, 769469, 255, 51, 0
1740, 6, 144, 482, 4, 0, 62.65%, 8, 0, 11, 429.84, 771658, 255, 51, 0
1745, 6, 99, 482, 4, 0, 62.65%, 8, 0, 11, 452.55, 773943, 255, 51, 0
1750, 6, 426, 482, 4, 0, 62.65%, 8, 0, 11, 447.00, 776247, 255, 51, 0
1755, 6, 378, 482, 4, 0, 62.65%, 8, 0, 11, 458.33, 778603, 255, 51, 0
1760, 6, 443, 482, 4, 0, 62.65%, 8, 0, 11, 455.27, 780920, 255, 51, 0
1765, 6, 91, 482, 4, 0, 62.65%, 8, 0, 11, 464.80, 783284, 255, 51, 0
1770, 6, 479, 482, 4, 0, 62.65%, 8, 0, 11, 453.80, 785604, 255, 51, 0
1775, 6, 286, 482, 4, 0, 62.65%, 8, 0, 11, 442.08, 787803, 255, 51, 0
1780, 6, 325, 482, 4, 0, 62.65%, 8, 0, 11, 457.99, 790134, 255, 51, 0
1786, 6, 426, 482, 3, 0, 62.65%, 8, 0, 11, 458.38, 792477, 255, 51, 0
1791, 6, 426, 482, 3, 0, 62.65%, 8, 0, 11, 461.28, 794834, 255, 54, 0
1796, 6, 21, 482, 3, 0, 62.65%, 8, 0, 11, 451.69, 797176, 255, 57, 0
1800, 6, 417, 482, 3, 0, 62.65%, 8, 0, 11, 76.92, 798959, 255, 59, 0
