# relative_time, cycles_done, cur_item, corpus_count, pending_total, pending_favs, map_size, saved_crashes, saved_hangs, max_depth, execs_per_sec, total_execs, edges_found, total_crashes, servers_count
61, 0, 9, 98, 93, 4, 32.19%, 0, 0, 2, 390.84, 26034, 131, 0, 0
66, 0, 9, 98, 93, 4, 32.19%, 0, 0, 2, 396.75, 28022, 131, 0, 0
71, 0, 9, 99, 94, 4, 32.19%, 0, 0, 2, 393.30, 30017, 131, 0, 0
76, 0, 9, 100, 95, 4, 32.19%, 0, 0, 2, 383.50, 32005, 131, 0, 0
81, 0, 9, 103, 98, 4, 32.19%, 0, 0, 2, 427.40, 34271, 131, 0, 0
86, 0, 9, 103, 98, 4, 32.19%, 0, 0, 2, 416.75, 36415, 131, 0, 0
91, 0, 9, 103, 98, 4, 32.19%, 0, 0, 2, 399.08, 38439, 131, 0, 0
96, 0, 9, 104, 99, 4, 32.19%, 0, 0, 2, 440.02, 40710, 131, 0, 0
101, 0, 9, 104, 99, 4, 32.19%, 0, 0, 2, 422.75, 42855, 131, 0, 0
106, 0, 9, 106, 101, 4, 32.19%, 0, 0, 2, 454.02, 45247, 131, 0, 0
111, 0, 9, 106, 101, 4, 32.19%, 0, 0, 2, 466.12, 47615, 131, 0, 0
116, 0, 9, 106, 101, 4, 32.19%, 0, 0, 2, 492.26, 50018, 131, 0, 0
122, 0, 9, 108, 103, 4, 32.19%, 0, 0, 2, 449.69, 52264, 131, 0, 0
127, 0, 9, 109, 104, 4, 32.19%, 0, 0, 2, 435.88, 54475, 131, 0, 0
132, 0, 134, 143, 136, 31, 44.72%, 0, 0, 2, 430.09, 56671, 182, 0, 0
137, 0, 134, 146, 139, 31, 44.96%, 0, 0, 2, 428.62, 58847, 183, 0, 0
142, 0, 134, 147, 140, 31, 44.96%, 0, 0, 2, 458.00, 61212, 183, 0, 0
147, 0, 134, 147, 140, 31, 44.96%, 0, 0, 2, 472.45, 63499, 183, 0, 0
152, 0, 134, 148, 141, 31, 44.96%, 0, 0, 2, 444.81, 65686, 183, 0, 0
157, 0, 134, 149, 142, 31, 44.96%, 0, 0, 2, 443.91, 67901, 183, 0, 0
162, 0, 134, 149, 142, 31, 44.96%, 0, 0, 2, 449.28, 70205, 183, 0, 0
167, 0, 134, 149, 142, 31, 44.96%, 0, 0, 2, 444.23, 72525, 183, 0, 0
172, 0, 134, 150, 143, 31, 44.96%, 0, 0, 2, 448.79, 74830, 183, 0, 0
177, 0, 134, 150, 143, 31, 44.96%, 0, 0, 2, 450.57, 77184, 183, 0, 0
183, 0, 134, 151, 144, 31, 44.96%, 0, 0, 2, 430.66, 79381, 183, 0, 0
188, 0, 134, 151, 144, 31, 44.96%, 0, 0, 2, 432.75, 81613, 183, 0, 0
193, 0, 134, 152, 145, 31, 44.96%, 0, 0, 2, 443.04, 83852, 183, 0, 0
198, 0, 134, 152, 145, 31, 44.96%, 0, 0, 2, 422.55, 85972, 183, 0, 0
203, 0, 134, 152, 145, 31, 44.96%, 0, 0, 2, 438.29, 88204, 183, 0, 0
208, 0, 134, 152, 145, 31, 44.96%, 0, 0, 2, 424.75, 90372, 183, 0, 0
213, 0, 134, 152, 145, 31, 44.96%, 0, 0, 2, 427.77, 92572, 183, 0, 0
218, 0, 134, 152, 145, 31, 44.96%, 0, 0, 2, 437.18, 94789, 183, 0, 0
223, 0, 118, 153, 138, 26, 45.21%, 0, 0, 3, 441.35, 96993, 184, 0, 0
228, 0, 118, 156, 141, 26, 45.21%, 0, 0, 3, 443.72, 99149, 184, 0, 0
233, 0, 122, 167, 151, 25, 46.68%, 1, 0, 3, 443.29, 101441, 190, 1, 0
239, 0, 122, 170, 154, 25, 46.68%, 1, 0, 3, 456.56, 103832, 190, 1, 0
244, 0, 122, 170, 154, 25, 46.68%, 1, 0, 3, 448.31, 106086, 190, 1, 0
249, 0, 122, 174, 158, 25, 46.68%, 1, 0, 3, 396.36, 108099, 190, 1, 0
254, 0, 122, 178, 162, 25, 46.68%, 1, 0, 3, 425.71, 110287, 190, 1, 0
259, 0, 122, 178, 162, 25, 46.68%, 1, 0, 3, 426.01, 112391, 190, 1, 0
264, 0, 122, 178, 162, 25, 46.68%, 1, 0, 3, 407.64, 114431, 190, 1, 0
269, 0, 122, 179, 163, 25, 46.68%, 1, 0, 3, 412.91, 116526, 190, 1, 0
274, 0, 122, 180, 164, 25, 46.68%, 1, 0, 3, 425.50, 118693, 190, 1, 0
279, 0, 122, 180, 164, 25, 46.68%, 1, 0, 3, 428.88, 120901, 190, 1, 0
284, 0, 122, 180, 164, 25, 46.68%, 1, 0, 3, 416.18, 123005, 190, 1, 0
289, 0, 122, 180, 164, 25, 46.68%, 1, 0, 3, 415.12, 125221, 190, 1, 0
295, 0, 122, 181, 165, 25, 47.42%, 1, 0, 3, 432.29, 127460, 193, 1, 0
300, 0, 122, 181, 165, 25, 47.42%, 1, 0, 3, 414.00, 129572, 193, 1, 0
305, 0, 164, 186, 169, 26, 47.42%, 1, 0, 3, 413.56, 131695, 193, 1, 0
310, 0, 133, 188, 170, 25, 47.42%, 2, 0, 3, 405.02, 133720, 193, 2, 0
315, 0, 160, 195, 175, 25, 47.91%, 2, 0, 3, 428.44, 135896, 195, 2, 0
320, 0, 160, 203, 183, 25, 47.91%, 2, 0, 3, 424.76, 137996, 195, 2, 0
325, 0, 160, 208, 188, 25, 47.91%, 2, 0, 3, 447.87, 140366, 195, 2, 0
330, 0, 160, 209, 189, 25, 47.91%, 2, 0, 3, 417.31, 142486, 195, 2, 0
335, 0, 160, 211, 191, 25, 47.91%, 2, 0, 3, 413.48, 144612, 195, 2, 0
340, 0, 160, 211, 191, 25, 47.91%, 2, 0, 3, 398.06, 146564, 195, 2, 0
345, 0, 211, 212, 190, 25, 48.16%, 2, 0, 3, 420.86, 148725, 196, 2, 0
350, 0, 135, 213, 190, 25, 48.40%, 2, 0, 4, 438.42, 151012, 197, 2, 0
355, 0, 212, 214, 188, 23, 48.65%, 2, 0, 4, 465.24, 153405, 198, 2, 0
360, 0, 112, 214, 186, 21, 48.65%, 2, 0, 4, 423.06, 155470, 198, 2, 0
366, 0, 145, 214, 185, 20, 48.65%, 2, 0, 4, 423.40, 157654, 198, 2, 0
371, 0, 30, 214, 184, 19, 48.65%, 2, 0, 4, 396.35, 159611, 198, 2, 0
376, 0, 150, 214, 182, 17, 48.65%, 2, 0, 4, 425.87, 161764, 198, 2, 0
381, 0, 97, 215, 180, 14, 48.65%, 2, 0, 4, 422.03, 163857, 198, 2, 0
386, 0, 180, 215, 178, 12, 48.65%, 2, 0, 4, 447.14, 166192, 198, 2, 0
391, 0, 72, 221, 183, 11, 48.65%, 2, 0, 4, 402.96, 168236, 198, 2, 0
396, 0, 72, 222, 184, 11, 48.65%, 2, 0, 4, 426.33, 170355, 198, 2, 0
401, 0, 72, 223, 185, 11, 48.65%, 2, 0, 4, 461.72, 172688, 198, 2, 0
406, 0, 72, 223, 185, 11, 48.65%, 2, 0, 4, 458.98, 174938, 198, 2, 0
411, 0, 72, 224, 186, 11, 48.65%, 2, 0, 4, 438.42, 177137, 198, 2, 0
416, 0, 72, 224, 186, 11, 48.65%, 2, 0, 4, 417.16, 179281, 198, 2, 0
422, 0, 72, 224, 186, 11, 48.65%, 2, 0, 4, 411.00, 181401, 198, 2, 0
427, 0, 72, 224, 186, 11, 48.65%, 2, 0, 4, 419.12, 183585, 198, 2, 0
432, 0, 72, 224, 186, 11, 48.65%, 2, 0, 4, 418.88, 185721, 198, 2, 0
437, 0, 72, 225, 187, 11, 48.65%, 2, 0, 4, 416.20, 187840, 198, 2, 0
442, 0, 72, 225, 187, 11, 48.65%, 2, 0, 4, 419.87, 189960, 198, 2, 0
447, 0, 72, 225, 187, 11, 48.65%, 2, 0, 4, 421.23, 192104, 198, 2, 0
452, 0, 72, 225, 187, 11, 48.65%, 2, 0, 4, 407.33, 194168, 198, 2, 0
457, 0, 18, 225, 186, 12, 48.65%, 2, 0, 4, 402.47, 196222, 198, 2, 0
462, 0, 157, 226, 186, 11, 48.65%, 2, 0, 4, 390.92, 198155, 198, 2, 0
467, 0, 221, 226, 184, 9, 48.65%, 2, 0, 4, 404.69, 200225, 198, 2, 0
472, 0, 129, 228, 185, 8, 48.65%, 2, 0, 4, 385.48, 202163, 198, 2, 0
478, 0, 129, 228, 185, 8, 48.65%, 2, 0, 4, 365.56, 204025, 198, 2, 0
483, 0, 129, 228, 185, 8, 48.65%, 2, 0, 4, 380.26, 205943, 198, 2, 0
488, 0, 156, 230, 186, 7, 48.65%, 2, 0, 4, 409.74, 208037, 198, 2, 0
493, 0, 59, 236, 191, 6, 48.65%, 2, 0, 4, 370.59, 209968, 198, 2, 0
498, 0, 59, 239, 194, 6, 48.65%, 2, 0, 4, 388.06, 211942, 198, 2, 0
503, 0, 59, 239, 194, 6, 48.65%, 2, 0, 4, 410.79, 214029, 198, 2, 0
508, 0, 59, 240, 195, 6, 48.65%, 2, 0, 4, 405.12, 216156, 198, 2, 0
513, 0, 59, 241, 196, 6, 48.65%, 2, 0, 4, 406.76, 218283, 198, 2, 0
518, 0, 27, 241, 190, 1, 48.65%, 2, 0, 4, 418.06, 220451, 198, 2, 0
523, 0, 133, 241, 187, 0, 48.65%, 2, 0, 4, 423.49, 222584, 198, 2, 0
528, 0, 65, 241, 185, 0, 48.65%, 2, 0, 4, 431.93, 224830, 198, 2, 0
533, 0, 199, 241, 184, 0, 48.65%, 2, 0, 4, 417.71, 226970, 198, 2, 0
539, 0, 214, 241, 182, 0, 48.65%, 2, 0, 4, 401.34, 228995, 198, 2, 0
544, 0, 65, 242, 181, 0, 48.65%, 2, 0, 4, 417.18, 231095, 198, 2, 0
549, 0, 148, 242, 179, 0, 48.65%, 2, 0, 4, 414.61, 233185, 198, 2, 0
554, 0, 148, 287, 224, 0, 48.89%, 2, 0, 4, 420.40, 235324, 199, 2, 0
559, 0, 148, 290, 227, 0, 48.89%, 2, 0, 4, 389.27, 237293, 199, 2, 0
564, 0, 148, 292, 229, 0, 49.14%, 2, 0, 4, 392.13, 239358, 200, 2, 0
569, 0, 148, 292, 229, 0, 49.14%, 2, 0, 4, 382.85, 241339, 200, 2, 0
574, 0, 148, 292, 229, 0, 49.14%, 2, 0, 4, 403.44, 243496, 200, 2, 0
579, 0, 148, 292, 229, 0, 49.14%, 2, 0, 4, 422.31, 245640, 200, 2, 0
585, 0, 279, 295, 231, 3, 49.14%, 2, 0, 4, 411.41, 247719, 200, 2, 0
590, 0, 290, 295, 230, 2, 49.14%, 2, 0, 4, 396.40, 249730, 200, 2, 0
595, 0, 269, 295, 229, 1, 49.14%, 2, 0, 4, 433.41, 251872, 200, 2, 0
600, 0, 131, 295, 226, 0, 49.14%, 2, 0, 4, 419.51, 254041, 200, 2, 0
605, 0, 281, 295, 222, 0, 49.14%, 2, 0, 4, 407.52, 256142, 200, 2, 0
610, 0, 72, 295, 220, 0, 49.14%, 2, 0, 4, 413.10, 258288, 200, 2, 0
615, 0, 27, 297, 220, 0, 49.14%, 2, 0, 4, 410.04, 260407, 200, 2, 0
620, 0, 99, 298, 219, 0, 49.14%, 2, 0, 4, 396.20, 262396, 200, 2, 0
625, 0, 261, 298, 218, 0, 49.14%, 2, 0, 4, 403.44, 264547, 200, 2, 0
630, 0, 164, 299, 216, 0, 49.14%, 2, 0, 4, 392.07, 266515, 200, 2, 0
635, 0, 175, 299, 214, 0, 49.14%, 2, 0, 4, 414.97, 268607, 200, 2, 0
641, 0, 259, 301, 215, 0, 49.14%, 2, 0, 4, 403.47, 270639, 200, 2, 0
646, 0, 279, 301, 212, 0, 49.14%, 2, 0, 4, 420.12, 272778, 200, 2, 0
651, 0, 289, 302, 212, 0, 49.39%, 2, 0, 4, 423.84, 274954, 201, 2, 0
656, 0, 274, 302, 210, 0, 49.39%, 2, 0, 4, 411.81, 276978, 201, 2, 0
661, 0, 267, 302, 208, 0, 49.39%, 2, 0, 4, 411.44, 279037, 201, 2, 0
666, 0, 151, 302, 207, 0, 49.39%, 2, 0, 4, 433.14, 281277, 201, 2, 0
671, 0, 164, 302, 205, 0, 49.39%, 2, 0, 4, 412.35, 283422, 201, 2, 0
676, 0, 164, 306, 207, 0, 49.39%, 2, 0, 4, 409.04, 285475, 201, 2, 0
681, 0, 278, 306, 206, 0, 49.39%, 2, 0, 4, 423.73, 287662, 201, 2, 0
686, 0, 195, 307, 206, 0, 49.39%, 2, 0, 4, 438.08, 289872, 201, 2, 0
691, 0, 225, 307, 204, 0, 49.39%, 2, 0, 4, 390.38, 291835, 201, 2, 0
696, 0, 86, 307, 201, 0, 49.39%, 2, 0, 4, 403.97, 293881, 201, 2, 0
701, 0, 164, 307, 198, 0, 49.39%, 2, 0, 4, 400.95, 295950, 201, 2, 0
707, 0, 133, 307, 195, 0, 49.39%, 2, 0, 4, 415.11, 298107, 201, 2, 0
712, 0, 287, 307, 194, 0, 49.39%, 2, 0, 4, 414.74, 300191, 201, 2, 0
717, 0, 126, 307, 193, 0, 49.39%, 2, 0, 4, 437.65, 302404, 201, 2, 0
722, 0, 251, 307, 190, 0, 49.39%, 2, 0, 4, 422.78, 304519, 201, 2, 0
727, 0, 59, 307, 187, 0, 49.39%, 2, 0, 4, 425.58, 306681, 201, 2, 0
732, 0, 140, 307, 185, 0, 49.39%, 2, 0, 4, 416.62, 308739, 201, 2, 0
737, 0, 245, 307, 181, 0, 49.39%, 2, 0, 4, 438.14, 310983, 201, 2, 0
742, 0, 209, 307, 180, 0, 49.39%, 2, 0, 4, 416.95, 313071, 201, 2, 0
747, 0, 282, 307, 178, 0, 49.39%, 2, 0, 4, 403.70, 315067, 201, 2, 0
752, 0, 191, 307, 176, 0, 49.39%, 2, 0, 4, 402.24, 317180, 201, 2, 0
757, 0, 20, 307, 173, 0, 49.39%, 2, 0, 4, 381.73, 319066, 201, 2, 0
763, 0, 149, 307, 172, 0, 49.39%, 2, 0, 4, 403.77, 321106, 201, 2, 0
768, 0, 94, 308, 171, 0, 49.39%, 2, 0, 4, 433.18, 323378, 201, 2, 0
773, 1, 228, 308, 170, 0, 49.39%, 2, 0, 4, 428.03, 325554, 201, 2, 0
778, 1, 283, 309, 170, 0, 49.39%, 2, 0, 4, 427.69, 327652, 201, 2, 0
783, 1, 291, 310, 168, 0, 49.39%, 2, 0, 4, 386.16, 329604, 201, 2, 0
788, 1, 114, 310, 164, 0, 49.39%, 2, 0, 4, 396.37, 331639, 201, 2, 0
793, 1, 68, 310, 162, 0, 49.39%, 2, 0, 4, 412.49, 333771, 201, 2, 0
798, 1, 206, 311, 159, 0, 49.39%, 2, 0, 4, 420.52, 335883, 201, 2, 0
803, 1, 300, 317, 164, 0, 49.39%, 2, 0, 4, 384.08, 337863, 201, 2, 0
808, 1, 300, 320, 167, 0, 49.39%, 2, 0, 4, 408.15, 339949, 201, 2, 0
813, 1, 300, 320, 167, 0, 49.39%, 2, 0, 4, 400.98, 341988, 201, 2, 0
819, 1, 300, 320, 167, 0, 49.39%, 2, 0, 4, 416.36, 344148, 201, 2, 0
824, 1, 300, 321, 168, 0, 49.39%, 2, 0, 4, 414.32, 346267, 201, 2, 0
829, 1, 249, 322, 167, 0, 49.39%, 2, 0, 4, 391.09, 348280, 201, 2, 0
834, 1, 315, 323, 165, 0, 49.39%, 2, 0, 5, 395.61, 350266, 201, 2, 0
839, 1, 293, 325, 165, 0, 49.39%, 2, 0, 5, 397.45, 352239, 201, 2, 0
844, 1, 208, 325, 163, 0, 49.39%, 2, 0, 5, 413.05, 354283, 201, 2, 0
849, 1, 128, 325, 161, 0, 49.39%, 2, 0, 5, 403.51, 356346, 201, 2, 0
854, 1, 311, 326, 159, 0, 49.63%, 2, 0, 5, 385.87, 358283, 202, 2, 0
859, 1, 254, 327, 158, 0, 49.63%, 2, 0, 5, 398.08, 360326, 202, 2, 0
864, 1, 316, 327, 157, 0, 49.63%, 2, 0, 5, 386.86, 362273, 202, 2, 0
870, 1, 325, 330, 157, 0, 50.12%, 2, 0, 5, 369.72, 364124, 204, 2, 0
875, 1, 325, 331, 158, 0, 50.12%, 2, 0, 5, 379.91, 366014, 204, 2, 0
880, 1, 224, 331, 156, 0, 50.12%, 2, 0, 5, 375.08, 367850, 204, 2, 0
885, 1, 317, 331, 152, 0, 50.12%, 2, 0, 5, 395.53, 369868, 204, 2, 0
890, 1, 132, 331, 149, 0, 50.12%, 2, 0, 5, 399.10, 371916, 204, 2, 0
895, 1, 55, 332, 148, 0, 50.12%, 2, 0, 5, 379.95, 373792, 204, 2, 0
900, 1, 164, 332, 145, 0, 50.12%, 2, 0, 5, 379.58, 375708, 204, 2, 0
900, 1, 164, 332, 145, 0, 50.12%, 2, 0, 5, 367.71, 375791, 204, 2, 0
