# relative_time, cycles_done, cur_item, corpus_count, pending_total, pending_favs, map_size, saved_crashes, saved_hangs, max_depth, execs_per_sec, total_execs, edges_found, total_crashes, servers_count
60, 0, 19, 85, 71, 21, 41.52%, 0, 0, 3, 457.85, 28275, 169, 0, 0
66, 0, 19, 85, 71, 21, 41.52%, 0, 0, 3, 448.78, 30473, 169, 0, 0
71, 0, 19, 85, 71, 21, 41.52%, 0, 0, 3, 452.27, 32703, 169, 0, 0
76, 0, 19, 87, 73, 21, 41.52%, 0, 0, 3, 430.82, 34850, 169, 0, 0
81, 0, 19, 87, 73, 21, 41.52%, 0, 0, 3, 439.52, 37136, 169, 0, 0
86, 0, 19, 87, 73, 21, 41.52%, 0, 0, 3, 439.98, 39353, 169, 0, 0
91, 0, 19, 88, 74, 21, 41.52%, 0, 0, 3, 438.18, 41544, 169, 0, 0
96, 0, 19, 88, 74, 21, 41.52%, 0, 0, 3, 427.99, 43680, 169, 0, 0
101, 0, 19, 88, 74, 21, 41.52%, 0, 0, 3, 430.38, 45832, 169, 0, 0
106, 0, 19, 88, 74, 21, 41.52%, 0, 0, 3, 419.28, 47936, 169, 0, 0
111, 0, 19, 88, 74, 21, 41.52%, 0, 0, 3, 435.43, 50080, 169, 0, 0
116, 0, 22, 88, 72, 28, 41.52%, 0, 0, 3, 420.40, 52163, 169, 0, 0
121, 0, 31, 101, 81, 24, 42.01%, 0, 0, 3, 425.11, 54386, 171, 0, 0
126, 0, 31, 106, 86, 24, 43.00%, 0, 0, 3, 452.71, 56684, 175, 0, 0
131, 0, 31, 111, 91, 24, 43.24%, 0, 0, 3, 462.22, 59060, 176, 0, 0
136, 0, 31, 116, 96, 24, 43.24%, 0, 0, 3, 426.17, 61230, 176, 0, 0
142, 0, 31, 117, 97, 24, 43.49%, 0, 0, 3, 415.48, 63317, 177, 0, 0
147, 0, 31, 118, 98, 24, 43.49%, 0, 0, 3, 442.85, 65540, 177, 0, 0
152, 0, 31, 118, 98, 24, 43.49%, 0, 0, 3, 428.38, 67740, 177, 0, 0
157, 0, 31, 120, 100, 24, 43.49%, 0, 0, 3, 427.92, 69874, 177, 0, 0
162, 0, 31, 123, 103, 24, 43.49%, 0, 0, 3, 436.07, 72111, 177, 0, 0
167, 0, 31, 123, 103, 24, 43.49%, 0, 0, 3, 413.40, 74191, 177, 0, 0
172, 0, 31, 124, 104, 24, 43.49%, 0, 0, 3, 442.39, 76398, 177, 0, 0
177, 0, 31, 124, 104, 24, 43.49%, 0, 0, 3, 447.61, 78690, 177, 0, 0
182, 0, 31, 126, 106, 24, 43.49%, 0, 0, 3, 462.15, 81035, 177, 0, 0
187, 0, 34, 127, 106, 28, 43.49%, 0, 0, 3, 443.90, 83265, 177, 0, 0
192, 0, 46, 134, 109, 25, 43.49%, 0, 0, 3, 438.27, 85459, 177, 0, 0
197, 0, 52, 142, 114, 24, 44.23%, 1, 0, 3, 417.84, 87581, 180, 1, 0
202, 0, 52, 163, 135, 24, 44.96%, 1, 0, 3, 434.12, 89794, 183, 1, 0
207, 0, 52, 165, 137, 24, 44.96%, 1, 0, 3, 430.55, 91968, 183, 1, 0
213, 0, 52, 166, 138, 24, 44.96%, 1, 0, 3, 412.64, 94095, 183, 1, 0
218, 0, 52, 167, 139, 24, 45.95%, 1, 0, 3, 428.25, 96302, 187, 1, 0
223, 0, 52, 167, 139, 24, 45.95%, 1, 0, 3, 437.42, 98534, 187, 1, 0
228, 0, 52, 168, 140, 24, 45.95%, 1, 0, 3, 422.14, 100661, 187, 1, 0
233, 0, 52, 169, 141, 24, 45.95%, 1, 0, 3, 421.99, 102788, 187, 1, 0
238, 0, 52, 170, 142, 24, 45.95%, 1, 0, 3, 423.14, 104891, 187, 1, 0
243, 0, 52, 171, 143, 24, 45.95%, 1, 0, 3, 424.65, 107010, 187, 1, 0
248, 0, 52, 172, 144, 24, 45.95%, 1, 0, 3, 407.88, 109097, 187, 1, 0
253, 0, 52, 172, 144, 24, 45.95%, 1, 0, 3, 420.24, 111257, 187, 1, 0
258, 0, 52, 173, 145, 24, 45.95%, 1, 0, 3, 413.11, 113320, 187, 1, 0
263, 0, 52, 174, 146, 24, 45.95%, 1, 0, 3, 429.12, 115479, 187, 1, 0
269, 0, 52, 174, 146, 24, 45.95%, 1, 0, 3, 415.99, 117575, 187, 1, 0
274, 0, 52, 174, 146, 24, 45.95%, 1, 0, 3, 429.30, 119759, 187, 1, 0
279, 0, 52, 174, 146, 24, 45.95%, 1, 0, 3, 428.73, 121903, 187, 1, 0
284, 0, 52, 176, 148, 24, 45.95%, 1, 0, 3, 425.94, 124093, 187, 1, 0
289, 0, 52, 176, 148, 24, 45.95%, 2, 0, 3, 407.94, 126190, 187, 2, 0
294, 0, 60, 180, 150, 23, 45.95%, 2, 0, 3, 374.96, 128148, 187, 2, 0
299, 0, 60, 181, 151, 23, 45.95%, 2, 0, 3, 370.61, 129982, 187, 2, 0
305, 0, 60, 181, 151, 23, 45.95%, 2, 0, 3, 376.85, 131984, 187, 2, 0
306, 0, 61, 181, 151, 23, 45.95%, 2, 0, 3, 381.24, 132689, 187, 2, 0
