# relative_time, cycles_done, cur_item, corpus_count, pending_total, pending_favs, map_size, saved_crashes, saved_hangs, max_depth, execs_per_sec, total_execs, edges_found, total_crashes, servers_count
60, 0, 9, 81, 76, 4, 30.71%, 0, 0, 2, 427.38, 26746, 125, 0, 0
65, 0, 9, 81, 76, 4, 30.71%, 0, 0, 2, 437.15, 29018, 125, 0, 0
71, 0, 9, 82, 77, 4, 30.71%, 0, 0, 2, 431.99, 31145, 125, 0, 0
76, 0, 9, 82, 77, 4, 30.71%, 0, 0, 2, 418.17, 33161, 125, 0, 0
81, 0, 9, 82, 77, 4, 30.71%, 0, 0, 2, 445.53, 35393, 125, 0, 0
86, 0, 9, 83, 78, 4, 30.71%, 0, 0, 2, 446.77, 37616, 125, 0, 0
91, 0, 9, 84, 79, 4, 30.71%, 0, 0, 2, 398.89, 39591, 125, 0, 0
96, 0, 9, 84, 79, 4, 30.71%, 0, 0, 2, 426.45, 41735, 125, 0, 0
101, 0, 9, 84, 79, 4, 30.71%, 0, 0, 2, 392.38, 43686, 125, 0, 0
106, 0, 9, 85, 80, 4, 30.71%, 0, 0, 2, 404.58, 45877, 125, 0, 0
111, 0, 9, 88, 83, 4, 30.71%, 0, 0, 2, 530.41, 48617, 125, 0, 0
116, 0, 9, 89, 84, 4, 30.71%, 0, 0, 2, 531.28, 51004, 125, 0, 0
121, 0, 9, 89, 84, 4, 30.71%, 0, 0, 2, 422.34, 52939, 125, 0, 0
126, 0, 10, 147, 139, 32, 39.31%, 0, 0, 3, 489.66, 55319, 160, 0, 0
131, 0, 127, 151, 138, 27, 40.05%, 0, 0, 3, 421.18, 57480, 163, 0, 0
137, 0, 127, 154, 141, 27, 40.05%, 0, 0, 3, 399.36, 59472, 163, 0, 0
142, 0, 127, 160, 147, 27, 40.05%, 0, 0, 3, 366.38, 61370, 163, 0, 0
147, 0, 127, 161, 148, 27, 40.05%, 0, 0, 3, 475.27, 63807, 163, 0, 0
152, 0, 127, 161, 148, 27, 40.05%, 0, 0, 3, 305.79, 65157, 163, 0, 0
157, 0, 127, 161, 148, 27, 40.05%, 0, 0, 3, 185.44, 66539, 163, 0, 0
