# relative_time, cycles_done, cur_item, corpus_count, pending_total, pending_favs, map_size, saved_crashes, saved_hangs, max_depth, execs_per_sec, total_execs, edges_found, total_crashes, servers_count
61, 0, 9, 80, 75, 2, 31.45%, 0, 0, 2, 468.05, 26621, 128, 0, 0
66, 0, 9, 81, 76, 2, 31.45%, 0, 0, 2, 444.07, 28858, 128, 0, 0
71, 0, 9, 82, 77, 2, 31.45%, 0, 0, 2, 492.73, 31478, 128, 0, 0
76, 0, 9, 82, 77, 2, 31.45%, 0, 0, 2, 449.21, 33719, 128, 0, 0
81, 0, 9, 84, 79, 2, 31.45%, 0, 0, 2, 444.33, 35983, 128, 0, 0
86, 0, 9, 85, 80, 2, 31.45%, 0, 0, 2, 418.23, 38102, 128, 0, 0
91, 0, 9, 86, 81, 2, 31.45%, 0, 0, 2, 429.36, 40317, 128, 0, 0
96, 0, 9, 86, 81, 2, 31.45%, 0, 0, 2, 438.11, 42533, 128, 0, 0
101, 0, 9, 87, 82, 2, 31.45%, 0, 0, 2, 438.08, 44612, 128, 0, 0
106, 0, 9, 87, 82, 2, 31.45%, 0, 0, 2, 430.63, 46788, 128, 0, 0
111, 0, 9, 87, 82, 2, 31.45%, 0, 0, 2, 455.26, 49207, 128, 0, 0
116, 0, 9, 87, 82, 2, 31.45%, 0, 0, 2, 434.67, 51332, 128, 0, 0
121, 0, 9, 88, 83, 2, 31.45%, 0, 0, 2, 422.37, 53459, 128, 0, 0
126, 0, 128, 129, 121, 29, 44.47%, 0, 0, 3, 410.32, 55512, 181, 0, 0
132, 0, 114, 134, 120, 23, 44.47%, 0, 0, 3, 408.73, 57597, 181, 0, 0
137, 0, 114, 136, 122, 23, 44.47%, 0, 0, 3, 417.46, 59771, 181, 0, 0
142, 0, 114, 138, 124, 23, 44.47%, 0, 0, 3, 420.97, 61905, 181, 0, 0
147, 0, 114, 138, 124, 23, 44.47%, 0, 0, 3, 429.94, 64153, 181, 0, 0
152, 0, 114, 138, 124, 23, 44.47%, 0, 0, 3, 405.51, 66209, 181, 0, 0
157, 0, 114, 138, 124, 23, 44.47%, 0, 0, 3, 421.41, 68305, 181, 0, 0
162, 0, 114, 138, 124, 23, 44.47%, 0, 0, 3, 417.72, 70433, 181, 0, 0
167, 0, 114, 139, 125, 23, 44.47%, 0, 0, 3, 440.92, 72664, 181, 0, 0
172, 0, 114, 139, 125, 23, 44.47%, 0, 0, 3, 432.33, 74776, 181, 0, 0
177, 0, 114, 141, 127, 23, 44.47%, 0, 0, 3, 437.11, 76990, 181, 0, 0
182, 0, 114, 141, 127, 23, 44.47%, 0, 0, 3, 416.41, 79054, 181, 0, 0
188, 0, 114, 141, 127, 23, 44.47%, 0, 0, 3, 416.83, 81158, 181, 0, 0
193, 0, 114, 141, 127, 23, 44.47%, 0, 0, 3, 373.39, 83088, 181, 0, 0
198, 0, 114, 141, 127, 23, 44.47%, 0, 0, 3, 415.89, 85302, 181, 0, 0
203, 0, 114, 141, 127, 23, 44.47%, 0, 0, 3, 418.36, 87462, 181, 0, 0
208, 0, 114, 141, 127, 23, 44.47%, 0, 0, 3, 432.82, 89606, 181, 0, 0
213, 0, 114, 141, 127, 23, 44.47%, 0, 0, 3, 458.96, 91890, 181, 0, 0
218, 0, 114, 141, 127, 23, 44.47%, 0, 0, 3, 457.22, 94284, 181, 0, 0
223, 0, 109, 141, 126, 22, 44.47%, 0, 0, 3, 415.74, 96390, 181, 0, 0
228, 0, 107, 141, 125, 21, 44.47%, 0, 0, 3, 406.70, 98451, 181, 0, 0
233, 0, 108, 154, 137, 20, 44.47%, 0, 0, 3, 412.69, 100535, 181, 0, 0
238, 0, 108, 156, 139, 20, 44.72%, 0, 0, 3, 430.80, 102750, 182, 0, 0
243, 0, 108, 157, 140, 20, 44.72%, 0, 0, 3, 417.66, 104901, 182, 0, 0
249, 0, 108, 159, 142, 20, 44.96%, 0, 0, 3, 417.22, 107043, 183, 0, 0
254, 0, 108, 159, 142, 20, 44.96%, 0, 0, 3, 426.83, 109219, 183, 0, 0
259, 0, 108, 159, 142, 20, 44.96%, 0, 0, 3, 404.37, 111219, 183, 0, 0
264, 0, 108, 159, 142, 20, 44.96%, 0, 0, 3, 419.46, 113411, 183, 0, 0
269, 0, 108, 160, 143, 20, 45.21%, 0, 0, 3, 404.06, 115402, 184, 0, 0
274, 0, 108, 160, 143, 20, 45.21%, 0, 0, 3, 448.87, 117754, 184, 0, 0
279, 0, 108, 160, 143, 20, 45.21%, 0, 0, 3, 432.93, 119931, 184, 0, 0
284, 0, 108, 160, 143, 20, 45.21%, 0, 0, 3, 427.32, 122099, 184, 0, 0
289, 0, 108, 160, 143, 20, 45.21%, 0, 0, 3, 453.12, 124411, 184, 0, 0
294, 0, 108, 160, 143, 20, 45.21%, 0, 0, 3, 438.15, 126587, 184, 0, 0
299, 0, 108, 161, 144, 20, 45.21%, 0, 0, 3, 423.23, 128658, 184, 0, 0
304, 0, 108, 161, 144, 20, 45.21%, 0, 0, 3, 447.35, 130866, 184, 0, 0
310, 0, 108, 162, 145, 20, 45.21%, 0, 0, 3, 452.16, 133201, 184, 0, 0
315, 0, 108, 162, 145, 20, 45.21%, 0, 0, 3, 427.28, 135249, 184, 0, 0
320, 0, 108, 163, 146, 20, 45.21%, 0, 0, 3, 415.71, 137368, 184, 0, 0
325, 0, 141, 163, 145, 23, 45.21%, 0, 0, 3, 408.78, 139456, 184, 0, 0
330, 0, 159, 163, 143, 21, 45.21%, 0, 0, 3, 419.30, 141566, 184, 0, 0
335, 0, 155, 163, 142, 20, 45.21%, 0, 0, 3, 432.86, 143730, 184, 0, 0
340, 0, 163, 164, 142, 20, 45.45%, 0, 0, 3, 409.25, 145821, 185, 0, 0
345, 0, 89, 164, 141, 19, 45.45%, 0, 0, 3, 444.29, 148100, 185, 0, 0
350, 0, 53, 165, 140, 17, 45.45%, 0, 0, 3, 417.37, 150203, 185, 0, 0
355, 0, 75, 173, 147, 16, 45.70%, 0, 0, 3, 414.89, 152322, 186, 0, 0
360, 0, 75, 176, 150, 16, 45.70%, 0, 0, 3, 423.54, 154447, 186, 0, 0
366, 0, 75, 178, 152, 16, 45.70%, 0, 0, 3, 434.43, 156661, 186, 0, 0
371, 0, 75, 180, 154, 16, 45.70%, 0, 0, 3, 461.72, 158950, 186, 0, 0
376, 0, 169, 182, 155, 16, 45.70%, 0, 0, 4, 418.34, 161014, 186, 0, 0
381, 0, 28, 184, 155, 15, 45.70%, 0, 0, 4, 430.89, 163136, 186, 0, 0
386, 0, 72, 188, 156, 13, 45.70%, 0, 0, 4, 444.98, 165357, 186, 0, 0
391, 0, 74, 193, 160, 12, 45.70%, 0, 0, 4, 433.99, 167532, 186, 0, 0
396, 0, 74, 194, 161, 12, 45.70%, 0, 0, 4, 402.68, 169507, 186, 0, 0
401, 0, 74, 195, 162, 12, 45.70%, 0, 0, 4, 423.83, 171730, 186, 0, 0
406, 0, 74, 196, 163, 12, 45.70%, 0, 0, 4, 447.27, 174025, 186, 0, 0
411, 0, 74, 196, 163, 12, 45.70%, 0, 0, 4, 438.62, 176289, 186, 0, 0
416, 0, 74, 196, 163, 12, 45.70%, 0, 0, 4, 413.39, 178353, 186, 0, 0
421, 0, 74, 196, 163, 12, 45.70%, 0, 0, 4, 377.83, 180206, 186, 0, 0
426, 0, 74, 196, 163, 12, 45.70%, 0, 0, 4, 407.24, 182233, 186, 0, 0
431, 0, 74, 196, 163, 12, 45.70%, 0, 0, 4, 412.84, 184353, 186, 0, 0
436, 0, 74, 196, 163, 12, 45.70%, 0, 0, 4, 431.32, 186561, 186, 0, 0
441, 0, 74, 196, 163, 12, 45.70%, 0, 0, 4, 430.98, 188753, 186, 0, 0
447, 0, 74, 196, 163, 12, 45.70%, 0, 0, 4, 447.15, 191091, 186, 0, 0
452, 0, 74, 196, 163, 12, 45.70%, 0, 0, 4, 434.10, 193313, 186, 0, 0
457, 0, 195, 197, 163, 12, 45.70%, 0, 0, 4, 427.78, 195556, 186, 0, 0
462, 0, 55, 198, 159, 9, 45.70%, 0, 0, 4, 471.23, 197941, 186, 0, 0
467, 0, 96, 198, 158, 8, 45.70%, 0, 0, 4, 426.74, 200080, 186, 0, 0
472, 0, 96, 198, 158, 8, 45.70%, 0, 0, 4, 380.18, 201946, 186, 0, 0
477, 0, 81, 199, 157, 6, 45.70%, 0, 0, 4, 383.10, 203886, 186, 0, 0
482, 0, 94, 200, 154, 4, 45.95%, 0, 0, 4, 440.68, 206185, 187, 0, 0
487, 0, 94, 206, 160, 4, 46.93%, 1, 0, 4, 427.36, 208345, 191, 1, 0
492, 0, 94, 208, 162, 4, 46.93%, 1, 0, 4, 425.70, 210503, 191, 1, 0
497, 0, 94, 208, 162, 4, 46.93%, 1, 0, 4, 400.85, 212467, 191, 1, 0
503, 0, 94, 209, 163, 4, 46.93%, 1, 0, 4, 411.60, 214702, 191, 1, 0
508, 0, 94, 209, 163, 4, 46.93%, 1, 0, 4, 428.36, 216902, 191, 1, 0
513, 0, 94, 209, 163, 4, 46.93%, 1, 0, 4, 382.97, 218809, 191, 1, 0
518, 0, 94, 211, 165, 4, 46.93%, 1, 0, 4, 394.46, 220818, 191, 1, 0
523, 0, 94, 214, 168, 4, 46.93%, 1, 0, 4, 432.01, 222985, 191, 1, 0
528, 0, 94, 215, 169, 4, 46.93%, 1, 0, 4, 451.79, 225269, 191, 1, 0
533, 0, 94, 215, 169, 4, 46.93%, 1, 0, 4, 479.67, 227735, 191, 1, 0
538, 0, 94, 215, 169, 4, 46.93%, 1, 0, 4, 433.32, 229920, 191, 1, 0
543, 0, 94, 217, 171, 4, 46.93%, 1, 0, 4, 445.75, 232182, 191, 1, 0
548, 0, 94, 217, 171, 4, 46.93%, 1, 0, 4, 412.35, 234214, 191, 1, 0
553, 0, 94, 218, 172, 4, 46.93%, 1, 0, 4, 407.54, 236301, 191, 1, 0
558, 0, 94, 218, 172, 4, 46.93%, 1, 0, 4, 412.85, 238397, 191, 1, 0
563, 0, 94, 218, 172, 4, 46.93%, 1, 0, 4, 415.49, 240477, 191, 1, 0
568, 0, 94, 218, 172, 4, 46.93%, 1, 0, 4, 433.80, 242613, 191, 1, 0
574, 0, 94, 218, 172, 4, 46.93%, 1, 0, 4, 411.79, 244701, 191, 1, 0
579, 0, 202, 219, 172, 5, 46.93%, 1, 0, 4, 411.67, 246885, 191, 1, 0
584, 0, 226, 229, 181, 6, 47.67%, 1, 0, 4, 438.61, 249198, 194, 1, 0
589, 0, 222, 231, 181, 6, 48.16%, 1, 0, 4, 183.03, 251317, 196, 1, 0
594, 0, 91, 231, 177, 2, 48.16%, 1, 0, 4, 380.38, 253514, 196, 1, 0
599, 0, 231, 235, 180, 3, 48.65%, 1, 0, 4, 445.92, 255840, 198, 1, 0
604, 0, 232, 236, 178, 1, 48.65%, 1, 0, 4, 438.87, 258114, 198, 1, 0
609, 0, 114, 236, 176, 0, 48.65%, 1, 0, 4, 460.13, 260390, 198, 1, 0
614, 0, 76, 237, 176, 0, 48.65%, 1, 0, 4, 446.73, 262579, 198, 1, 0
619, 0, 231, 238, 172, 0, 48.65%, 1, 0, 4, 412.74, 264664, 198, 1, 0
624, 0, 141, 240, 173, 0, 48.89%, 1, 0, 4, 424.64, 266885, 199, 1, 0
630, 0, 125, 240, 172, 0, 48.89%, 1, 0, 4, 416.48, 269003, 199, 1, 0
635, 0, 234, 240, 170, 0, 48.89%, 1, 0, 4, 406.21, 271078, 199, 1, 0
640, 0, 28, 244, 172, 0, 48.89%, 1, 0, 4, 400.14, 273097, 199, 1, 0
645, 0, 162, 257, 185, 0, 48.89%, 1, 0, 4, 395.43, 275109, 199, 1, 0
650, 0, 162, 259, 187, 0, 48.89%, 1, 0, 4, 452.89, 277408, 199, 1, 0
655, 0, 162, 260, 188, 0, 48.89%, 1, 0, 4, 416.23, 279447, 199, 1, 0
660, 0, 162, 262, 190, 0, 48.89%, 1, 0, 4, 410.79, 281533, 199, 1, 0
665, 0, 162, 262, 190, 0, 48.89%, 1, 0, 4, 378.49, 283418, 199, 1, 0
670, 0, 240, 262, 189, 0, 48.89%, 1, 0, 4, 406.28, 285537, 199, 1, 0
675, 0, 90, 262, 186, 0, 48.89%, 1, 0, 4, 419.88, 287731, 199, 1, 0
680, 0, 88, 262, 183, 0, 48.89%, 1, 0, 4, 417.22, 289857, 199, 1, 0
686, 0, 256, 262, 181, 0, 48.89%, 1, 0, 4, 405.28, 291930, 199, 1, 0
691, 0, 7, 262, 179, 0, 48.89%, 1, 0, 4, 441.84, 294210, 199, 1, 0
696, 0, 124, 262, 176, 0, 48.89%, 1, 0, 4, 421.25, 296365, 199, 1, 0
701, 0, 28, 263, 176, 0, 48.89%, 1, 0, 4, 416.62, 298499, 199, 1, 0
706, 0, 248, 263, 171, 0, 48.89%, 1, 0, 4, 448.49, 300908, 199, 1, 0
711, 0, 153, 266, 172, 0, 48.89%, 1, 0, 5, 437.53, 303046, 199, 1, 0
716, 0, 26, 266, 169, 0, 48.89%, 1, 0, 5, 418.60, 305198, 199, 1, 0
721, 0, 204, 270, 171, 0, 48.89%, 1, 0, 5, 429.67, 307421, 199, 1, 0
726, 0, 204, 273, 174, 0, 48.89%, 1, 0, 5, 389.87, 309351, 199, 1, 0
731, 0, 204, 273, 174, 0, 48.89%, 1, 0, 5, 393.82, 311374, 199, 1, 0
737, 0, 204, 273, 174, 0, 48.89%, 1, 0, 5, 421.75, 313546, 199, 1, 0
742, 0, 237, 273, 170, 0, 48.89%, 1, 0, 5, 435.72, 315659, 199, 1, 0
747, 0, 263, 273, 167, 0, 48.89%, 1, 0, 5, 435.72, 317833, 199, 1, 0
752, 0, 250, 273, 164, 0, 48.89%, 1, 0, 5, 440.98, 320029, 199, 1, 0
757, 0, 188, 274, 163, 0, 48.89%, 1, 0, 5, 403.85, 322053, 199, 1, 0
762, 0, 101, 274, 160, 0, 48.89%, 1, 0, 5, 410.30, 324169, 199, 1, 0
767, 0, 17, 274, 156, 0, 48.89%, 1, 0, 5, 418.88, 326312, 199, 1, 0
772, 0, 261, 274, 156, 0, 48.89%, 1, 0, 5, 398.16, 328290, 199, 1, 0
777, 0, 216, 275, 155, 0, 49.14%, 1, 0, 5, 417.45, 330450, 200, 1, 0
782, 0, 75, 276, 154, 0, 49.14%, 1, 0, 5, 417.76, 332560, 200, 1, 0
788, 0, 129, 276, 152, 0, 49.14%, 1, 0, 5, 427.12, 334790, 200, 1, 0
793, 1, 255, 276, 149, 0, 49.14%, 1, 0, 5, 422.66, 336952, 200, 1, 0
798, 1, 279, 280, 151, 1, 49.39%, 1, 0, 5, 443.80, 339199, 201, 1, 0
803, 1, 206, 280, 147, 0, 49.39%, 1, 0, 5, 456.66, 341414, 201, 1, 0
808, 1, 92, 280, 144, 0, 49.39%, 1, 0, 5, 448.39, 343699, 201, 1, 0
813, 1, 265, 280, 141, 0, 49.39%, 1, 0, 5, 441.73, 345908, 201, 1, 0
818, 1, 82, 280, 138, 0, 49.39%, 1, 0, 5, 432.59, 348077, 201, 1, 0
823, 1, 254, 282, 137, 0, 49.39%, 1, 0, 5, 446.37, 350314, 201, 1, 0
828, 1, 249, 282, 136, 0, 49.39%, 1, 0, 5, 418.68, 352411, 201, 1, 0
833, 1, 282, 283, 135, 1, 49.63%, 1, 0, 5, 398.69, 354458, 202, 1, 0
838, 1, 271, 283, 132, 0, 49.63%, 1, 0, 5, 466.45, 356808, 202, 1, 0
843, 1, 26, 286, 132, 0, 49.63%, 1, 0, 5, 413.87, 358848, 202, 1, 0
848, 1, 276, 286, 131, 0, 49.63%, 1, 0, 5, 417.51, 360965, 202, 1, 0
853, 1, 0, 286, 127, 0, 49.63%, 1, 0, 5, 443.82, 363196, 202, 1, 0
858, 1, 241, 286, 124, 0, 49.63%, 1, 0, 5, 438.58, 365334, 202, 1, 0
864, 1, 258, 287, 121, 0, 49.63%, 1, 0, 5, 426.53, 367531, 202, 1, 0
869, 1, 284, 287, 119, 0, 49.63%, 1, 0, 5, 431.97, 369750, 202, 1, 0
874, 1, 100, 287, 117, 0, 49.63%, 1, 0, 5, 418.22, 371836, 202, 1, 0
879, 1, 260, 287, 114, 0, 49.63%, 1, 0, 5, 374.38, 373689, 202, 1, 0
884, 1, 280, 288, 112, 0, 49.63%, 1, 0, 5, 400.75, 375667, 202, 1, 0
889, 1, 205, 288, 110, 0, 49.63%, 1, 0, 5, 413.70, 377797, 202, 1, 0
894, 1, 281, 288, 107, 0, 49.63%, 1, 0, 5, 431.33, 380000, 202, 1, 0
899, 1, 222, 288, 105, 0, 49.63%, 1, 0, 5, 402.58, 382016, 202, 1, 0
902, 1, 211, 288, 104, 0, 49.63%, 1, 0, 5, 386.96, 383067, 202, 1, 0
