# relative_time, cycles_done, cur_item, corpus_count, pending_total, pending_favs, map_size, saved_crashes, saved_hangs, max_depth, execs_per_sec, total_execs, edges_found, total_crashes, servers_count
61, 0, 98, 182, 153, 21, 44.23%, 0, 0, 3, 2058.33, 123280, 180, 0, 0
66, 0, 103, 198, 163, 17, 44.23%, 0, 0, 3, 2038.80, 133350, 180, 0, 0
71, 0, 117, 201, 155, 6, 44.23%, 0, 0, 3, 1971.01, 143679, 180, 0, 0
76, 0, 97, 208, 158, 3, 44.96%, 0, 0, 3, 1804.11, 152134, 183, 0, 0
81, 0, 144, 217, 151, 0, 45.21%, 0, 0, 4, 2024.93, 162472, 184, 0, 0
86, 0, 35, 222, 143, 0, 45.21%, 0, 0, 4, 2091.46, 173298, 184, 0, 0
91, 0, 78, 226, 137, 0, 45.21%, 0, 0, 4, 1926.27, 183201, 184, 0, 0
96, 1, 19, 230, 131, 0, 45.45%, 0, 0, 4, 1959.81, 193151, 185, 0, 0
101, 1, 228, 233, 118, 0, 45.45%, 0, 0, 4, 1935.00, 202856, 185, 0, 0
106, 1, 172, 233, 104, 0, 45.45%, 0, 0, 4, 1719.10, 211804, 185, 0, 0
111, 1, 216, 240, 106, 0, 45.45%, 0, 0, 4, 1933.72, 221947, 185, 0, 0
117, 1, 161, 244, 105, 0, 45.45%, 0, 0, 5, 1999.62, 231991, 185, 0, 0
122, 1, 135, 247, 96, 0, 45.45%, 0, 0, 5, 1687.45, 240235, 185, 0, 0
127, 1, 242, 252, 91, 0, 45.45%, 0, 0, 5, 1972.94, 250693, 185, 0, 0
132, 1, 242, 254, 93, 0, 45.70%, 0, 0, 5, 1909.37, 260278, 186, 0, 0
137, 1, 250, 258, 95, 1, 45.70%, 0, 0, 6, 2164.40, 268614, 186, 0, 0
142, 1, 251, 259, 94, 0, 45.70%, 0, 0, 6, 1920.70, 277817, 186, 0, 0
147, 1, 257, 259, 78, 0, 45.70%, 0, 0, 6, 1984.90, 287990, 186, 0, 0
152, 1, 214, 264, 67, 0, 45.70%, 0, 0, 6, 1984.57, 298276, 186, 0, 0
157, 1, 61, 266, 57, 0, 45.70%, 0, 0, 6, 1925.28, 307708, 186, 0, 0
162, 1, 71, 267, 48, 0, 45.70%, 0, 0, 7, 1875.05, 316828, 186, 0, 0
168, 2, 288, 311, 80, 9, 47.67%, 0, 0, 7, 1905.08, 326791, 194, 0, 0
173, 2, 255, 311, 68, 0, 47.67%, 1, 0, 7, 1931.99, 336744, 194, 1, 0
178, 2, 279, 311, 57, 0, 47.67%, 1, 0, 7, 1979.40, 347122, 194, 1, 0
183, 2, 275, 311, 46, 0, 47.67%, 1, 0, 7, 1970.11, 357037, 194, 1, 0
188, 2, 267, 311, 37, 0, 47.67%, 1, 0, 7, 1945.91, 367562, 194, 1, 0
193, 2, 229, 311, 25, 0, 47.67%, 2, 0, 7, 1813.25, 376054, 194, 2, 0
198, 2, 16, 312, 20, 0, 47.67%, 2, 0, 7, 1887.89, 385738, 194, 2, 0
204, 2, 302, 312, 14, 0, 47.67%, 2, 0, 7, 1957.14, 395821, 194, 2, 0
209, 3, 320, 322, 15, 4, 56.27%, 2, 0, 7, 2048.39, 406156, 229, 2, 0
214, 3, 229, 323, 8, 0, 56.27%, 2, 0, 7, 1916.57, 415650, 229, 2, 0
219, 3, 320, 335, 20, 0, 57.74%, 2, 0, 7, 1929.36, 425469, 235, 2, 0
224, 3, 325, 340, 21, 0, 57.74%, 2, 0, 7, 2023.57, 435728, 235, 2, 0
229, 3, 325, 351, 32, 0, 57.99%, 2, 0, 7, 1899.47, 444655, 236, 2, 0
234, 3, 348, 359, 37, 0, 57.99%, 2, 0, 7, 1871.08, 454150, 236, 2, 0
239, 3, 348, 365, 43, 0, 57.99%, 2, 0, 7, 1949.54, 464218, 236, 2, 0
244, 3, 355, 370, 44, 0, 57.99%, 2, 0, 7, 1923.73, 473701, 236, 2, 0
249, 3, 361, 375, 46, 0, 57.99%, 2, 0, 7, 1958.49, 483799, 236, 2, 0
255, 3, 342, 378, 41, 0, 58.48%, 2, 0, 7, 1861.50, 493266, 238, 2, 0
260, 3, 349, 390, 48, 0, 58.48%, 2, 0, 7, 1930.89, 503226, 238, 2, 0
265, 3, 349, 399, 57, 0, 58.48%, 2, 0, 7, 1593.60, 511083, 238, 2, 0
270, 3, 390, 399, 52, 0, 58.48%, 2, 0, 7, 1928.39, 521139, 238, 2, 0
275, 3, 390, 405, 58, 0, 58.48%, 2, 0, 7, 1918.84, 530977, 238, 2, 0
280, 3, 418, 421, 70, 1, 60.69%, 2, 0, 7, 1938.74, 540694, 247, 2, 0
285, 3, 418, 425, 74, 1, 60.69%, 2, 0, 7, 1940.42, 550723, 247, 2, 0
290, 3, 364, 431, 76, 0, 60.93%, 2, 0, 7, 1945.11, 560594, 248, 2, 0
295, 3, 364, 432, 77, 0, 60.93%, 2, 0, 7, 1935.91, 570367, 248, 2, 0
298, 3, 350, 432, 73, 0, 60.93%, 2, 0, 7, 111.11, 576096, 248, 2, 0
