# relative_time, cycles_done, cur_item, corpus_count, pending_total, pending_favs, map_size, saved_crashes, saved_hangs, max_depth, execs_per_sec, total_execs, edges_found, total_crashes, servers_count
60, 0, 0, 25, 20, 4, 21.13%, 0, 0, 2, 415.83, 26982, 86, 0, 0
66, 0, 0, 25, 20, 4, 21.13%, 0, 0, 2, 450.60, 29284, 86, 0, 0
71, 0, 0, 25, 20, 4, 21.13%, 0, 0, 2, 419.11, 31398, 86, 0, 0
76, 0, 0, 25, 20, 4, 21.13%, 0, 0, 2, 425.67, 33534, 86, 0, 0
81, 0, 0, 25, 20, 4, 21.13%, 0, 0, 2, 414.62, 35614, 86, 0, 0
86, 0, 0, 27, 22, 4, 21.13%, 0, 0, 2, 416.52, 37788, 86, 0, 0
91, 0, 0, 27, 22, 4, 21.13%, 0, 0, 2, 382.07, 39750, 86, 0, 0
96, 0, 0, 27, 22, 4, 21.13%, 0, 0, 2, 411.29, 41780, 86, 0, 0
101, 0, 0, 27, 22, 4, 21.13%, 0, 0, 2, 408.63, 43884, 86, 0, 0
106, 0, 0, 27, 22, 4, 21.13%, 0, 0, 2, 456.99, 46272, 86, 0, 0
111, 0, 0, 27, 22, 4, 21.13%, 0, 0, 2, 415.07, 48252, 86, 0, 0
116, 0, 0, 27, 22, 4, 21.13%, 0, 0, 2, 423.66, 50404, 86, 0, 0
121, 0, 0, 27, 22, 4, 21.13%, 0, 0, 2, 414.64, 52492, 86, 0, 0
126, 0, 32, 118, 112, 34, 44.23%, 0, 0, 2, 413.51, 54638, 180, 0, 0
132, 0, 10, 124, 116, 33, 44.96%, 1, 0, 2, 414.37, 56818, 183, 1, 0
137, 0, 109, 125, 110, 27, 45.21%, 1, 0, 3, 444.53, 59086, 184, 1, 0
142, 0, 72, 131, 115, 26, 45.21%, 1, 0, 3, 452.73, 61348, 184, 1, 0
147, 0, 72, 134, 118, 26, 45.21%, 1, 0, 3, 433.11, 63519, 184, 1, 0
152, 0, 72, 136, 120, 26, 45.21%, 1, 0, 3, 433.65, 65694, 184, 1, 0
157, 0, 72, 137, 121, 26, 45.21%, 1, 0, 3, 424.80, 67941, 184, 1, 0
162, 0, 72, 139, 123, 26, 45.21%, 1, 0, 3, 389.50, 69884, 184, 1, 0
167, 0, 72, 139, 123, 26, 45.21%, 1, 0, 3, 423.14, 72051, 184, 1, 0
172, 0, 72, 139, 123, 26, 45.21%, 1, 0, 3, 407.70, 74059, 184, 1, 0
177, 0, 72, 139, 123, 26, 45.21%, 1, 0, 3, 428.01, 76275, 184, 1, 0
182, 0, 72, 139, 123, 26, 45.21%, 1, 0, 3, 435.87, 78539, 184, 1, 0
187, 0, 72, 140, 124, 26, 45.21%, 1, 0, 3, 431.28, 80682, 184, 1, 0
193, 0, 72, 140, 124, 26, 45.21%, 1, 0, 3, 414.22, 82755, 184, 1, 0
198, 0, 72, 140, 124, 26, 45.21%, 1, 0, 3, 407.04, 84836, 184, 1, 0
203, 0, 72, 141, 125, 26, 45.21%, 1, 0, 3, 393.40, 86819, 184, 1, 0
208, 0, 72, 144, 128, 26, 45.21%, 1, 0, 3, 422.70, 89048, 184, 1, 0
213, 0, 108, 144, 126, 24, 45.21%, 1, 0, 3, 427.00, 91171, 184, 1, 0
218, 0, 108, 150, 132, 24, 45.21%, 1, 0, 3, 418.86, 93279, 184, 1, 0
223, 0, 108, 154, 136, 24, 45.95%, 1, 0, 3, 416.27, 95467, 187, 1, 0
228, 0, 108, 154, 136, 24, 45.95%, 1, 0, 3, 385.59, 97423, 187, 1, 0
233, 0, 146, 154, 135, 24, 45.95%, 1, 0, 3, 387.80, 99394, 187, 1, 0
238, 0, 19, 154, 134, 23, 45.95%, 1, 0, 3, 389.35, 101384, 187, 1, 0
244, 0, 29, 154, 132, 21, 45.95%, 1, 0, 3, 417.97, 103544, 187, 1, 0
249, 0, 155, 158, 135, 21, 45.95%, 1, 0, 3, 424.78, 105637, 187, 1, 0
254, 0, 155, 168, 145, 21, 46.68%, 1, 0, 3, 419.48, 107819, 190, 1, 0
259, 0, 155, 170, 147, 21, 46.68%, 1, 0, 3, 403.16, 109849, 190, 1, 0
264, 0, 155, 172, 149, 21, 46.68%, 1, 0, 3, 429.67, 112015, 190, 1, 0
269, 0, 155, 175, 152, 21, 46.68%, 1, 0, 3, 418.75, 114092, 190, 1, 0
274, 0, 155, 176, 153, 21, 46.68%, 1, 0, 3, 423.65, 116252, 190, 1, 0
279, 0, 155, 177, 154, 21, 46.68%, 1, 0, 3, 416.03, 118371, 190, 1, 0
284, 0, 166, 178, 153, 21, 46.68%, 1, 0, 4, 471.56, 120862, 190, 1, 0
289, 0, 44, 178, 151, 19, 46.68%, 1, 0, 4, 472.65, 123231, 190, 1, 0
294, 0, 15, 180, 149, 15, 46.93%, 1, 0, 4, 413.83, 125346, 191, 1, 0
300, 0, 104, 180, 146, 12, 46.93%, 1, 0, 4, 424.43, 127494, 191, 1, 0
305, 0, 151, 186, 150, 11, 46.93%, 1, 0, 4, 411.63, 129594, 191, 1, 0
310, 0, 151, 192, 156, 11, 46.93%, 1, 0, 4, 399.06, 131652, 191, 1, 0
315, 0, 151, 193, 157, 11, 46.93%, 1, 0, 4, 418.87, 133772, 191, 1, 0
320, 0, 151, 196, 160, 11, 46.93%, 1, 0, 4, 399.86, 135831, 191, 1, 0
325, 0, 151, 197, 161, 11, 46.93%, 1, 0, 4, 411.16, 137896, 191, 1, 0
330, 0, 151, 198, 162, 11, 46.93%, 1, 0, 4, 419.08, 140047, 191, 1, 0
335, 0, 151, 199, 163, 11, 46.93%, 1, 0, 4, 431.24, 142198, 191, 1, 0
340, 0, 151, 202, 166, 11, 46.93%, 1, 0, 4, 412.17, 144251, 191, 1, 0
345, 0, 151, 204, 168, 11, 46.93%, 1, 0, 4, 443.37, 146473, 191, 1, 0
350, 0, 151, 205, 169, 11, 46.93%, 1, 0, 4, 433.70, 148656, 191, 1, 0
355, 0, 151, 206, 170, 11, 46.93%, 1, 0, 4, 408.41, 150719, 191, 1, 0
360, 0, 151, 206, 170, 11, 46.93%, 1, 0, 4, 372.76, 152568, 191, 1, 0
365, 0, 151, 207, 171, 11, 46.93%, 1, 0, 4, 408.57, 154686, 191, 1, 0
371, 0, 151, 207, 171, 11, 46.93%, 1, 0, 4, 416.31, 156766, 191, 1, 0
376, 0, 151, 208, 172, 11, 46.93%, 1, 0, 4, 394.49, 158756, 191, 1, 0
381, 0, 151, 208, 172, 11, 46.93%, 1, 0, 4, 533.81, 160885, 191, 1, 0
386, 0, 151, 208, 172, 11, 46.93%, 1, 0, 4, 443.90, 162981, 191, 1, 0
391, 0, 151, 208, 172, 11, 46.93%, 1, 0, 4, 416.29, 165069, 191, 1, 0
396, 0, 151, 208, 172, 11, 46.93%, 1, 0, 4, 384.67, 167058, 191, 1, 0
401, 0, 202, 208, 171, 11, 46.93%, 1, 0, 4, 420.19, 169245, 191, 1, 0
406, 0, 115, 208, 169, 9, 46.93%, 1, 0, 4, 423.70, 171355, 191, 1, 0
411, 0, 115, 209, 170, 9, 46.93%, 1, 0, 4, 415.74, 173450, 191, 1, 0
416, 0, 115, 209, 170, 9, 46.93%, 1, 0, 4, 397.93, 175466, 191, 1, 0
421, 0, 209, 210, 170, 9, 46.93%, 1, 0, 4, 414.96, 177489, 191, 1, 0
426, 0, 89, 213, 171, 7, 46.93%, 1, 0, 4, 436.61, 179737, 191, 1, 0
431, 0, 89, 219, 177, 7, 46.93%, 1, 0, 4, 427.95, 181904, 191, 1, 0
436, 0, 89, 223, 181, 7, 46.93%, 1, 0, 4, 387.69, 183808, 191, 1, 0
441, 0, 89, 223, 181, 7, 46.93%, 1, 0, 4, 391.03, 185754, 191, 1, 0
446, 0, 89, 225, 183, 7, 46.93%, 1, 0, 4, 411.38, 187834, 191, 1, 0
451, 0, 89, 226, 184, 7, 46.93%, 1, 0, 4, 425.66, 190009, 191, 1, 0
457, 0, 89, 227, 185, 7, 46.93%, 1, 0, 4, 432.30, 192248, 191, 1, 0
462, 0, 89, 227, 185, 7, 46.93%, 1, 0, 4, 426.63, 194385, 191, 1, 0
467, 0, 89, 228, 186, 7, 46.93%, 1, 0, 4, 432.94, 196584, 191, 1, 0
472, 0, 89, 229, 187, 7, 46.93%, 1, 0, 4, 419.76, 198687, 191, 1, 0
477, 0, 89, 229, 187, 7, 46.93%, 1, 0, 4, 410.88, 200783, 191, 1, 0
482, 0, 89, 229, 187, 7, 46.93%, 1, 0, 4, 412.71, 202919, 191, 1, 0
487, 0, 89, 230, 188, 7, 46.93%, 1, 0, 4, 433.51, 205166, 191, 1, 0
492, 0, 89, 230, 188, 7, 46.93%, 1, 0, 4, 433.79, 207342, 191, 1, 0
497, 0, 220, 231, 188, 7, 46.93%, 1, 0, 4, 443.53, 209601, 191, 1, 0
502, 0, 225, 234, 190, 6, 46.93%, 1, 0, 4, 442.32, 211862, 191, 1, 0
508, 0, 119, 234, 186, 2, 46.93%, 1, 0, 4, 426.77, 213994, 191, 1, 0
513, 0, 160, 234, 182, 0, 46.93%, 1, 0, 4, 434.69, 216266, 191, 1, 0
518, 0, 161, 234, 180, 0, 46.93%, 1, 0, 4, 433.80, 218442, 191, 1, 0
523, 0, 110, 234, 178, 0, 46.93%, 1, 0, 4, 416.12, 220543, 191, 1, 0
528, 0, 51, 234, 175, 0, 46.93%, 1, 0, 4, 438.66, 222835, 191, 1, 0
533, 0, 70, 235, 174, 0, 46.93%, 1, 0, 4, 434.81, 225007, 191, 1, 0
538, 0, 31, 235, 171, 0, 46.93%, 1, 0, 4, 439.24, 227265, 191, 1, 0
543, 0, 209, 238, 171, 0, 46.93%, 1, 0, 4, 446.68, 229545, 191, 1, 0
548, 0, 51, 239, 169, 0, 47.42%, 1, 0, 4, 464.39, 231899, 193, 1, 0
553, 0, 164, 259, 189, 0, 47.67%, 1, 0, 4, 446.48, 234151, 194, 1, 0
559, 0, 164, 261, 191, 0, 47.67%, 1, 0, 4, 417.73, 236179, 194, 1, 0
564, 0, 164, 262, 192, 0, 47.67%, 1, 0, 4, 399.60, 238242, 194, 1, 0
569, 0, 164, 263, 193, 0, 47.67%, 1, 0, 4, 404.25, 240239, 194, 1, 0
574, 0, 164, 263, 193, 0, 47.67%, 1, 0, 4, 397.74, 242281, 194, 1, 0
579, 0, 250, 264, 192, 1, 47.67%, 1, 0, 5, 408.87, 244386, 194, 1, 0
584, 0, 240, 264, 191, 0, 47.67%, 1, 0, 5, 432.49, 246544, 194, 1, 0
589, 0, 74, 267, 192, 0, 47.67%, 1, 0, 5, 396.66, 248489, 194, 1, 0
594, 0, 246, 267, 190, 0, 47.67%, 1, 0, 5, 414.92, 250650, 194, 1, 0
599, 0, 14, 269, 189, 0, 47.67%, 1, 0, 5, 417.06, 252684, 194, 1, 0
604, 0, 177, 272, 190, 0, 47.67%, 1, 0, 5, 411.48, 254813, 194, 1, 0
609, 0, 177, 274, 192, 0, 47.67%, 1, 0, 5, 387.72, 256731, 194, 1, 0
614, 0, 177, 280, 198, 0, 47.91%, 1, 0, 5, 390.50, 258726, 195, 1, 0
619, 0, 177, 280, 198, 0, 47.91%, 1, 0, 5, 383.36, 260658, 195, 1, 0
624, 0, 177, 282, 200, 0, 47.91%, 1, 0, 5, 408.65, 262697, 195, 1, 0
629, 0, 279, 282, 199, 1, 47.91%, 1, 0, 5, 383.48, 264595, 195, 1, 0
634, 0, 282, 283, 199, 1, 48.16%, 1, 0, 6, 432.96, 266838, 196, 1, 0
640, 0, 251, 285, 199, 0, 48.16%, 1, 0, 6, 422.99, 268957, 196, 1, 0
645, 0, 19, 285, 197, 0, 48.16%, 1, 0, 6, 395.39, 270970, 196, 1, 0
650, 0, 198, 288, 199, 0, 48.16%, 1, 0, 6, 436.29, 273220, 196, 1, 0
655, 0, 263, 291, 201, 0, 48.16%, 1, 0, 6, 433.58, 275422, 196, 1, 0
660, 0, 278, 291, 197, 0, 48.16%, 1, 0, 6, 430.81, 277570, 196, 1, 0
665, 0, 169, 291, 194, 0, 48.16%, 1, 0, 6, 402.07, 279631, 196, 1, 0
670, 0, 145, 291, 192, 0, 48.16%, 1, 0, 6, 413.41, 281715, 196, 1, 0
675, 0, 279, 292, 190, 0, 48.16%, 1, 0, 6, 422.39, 283875, 196, 1, 0
680, 0, 255, 292, 189, 0, 48.16%, 1, 0, 6, 421.24, 286066, 196, 1, 0
685, 0, 23, 292, 186, 0, 48.16%, 1, 0, 6, 412.85, 288144, 196, 1, 0
690, 0, 39, 293, 182, 0, 48.16%, 1, 0, 6, 440.22, 290407, 196, 1, 0
695, 0, 254, 293, 179, 0, 48.16%, 1, 0, 6, 422.36, 292505, 196, 1, 0
701, 0, 236, 295, 180, 0, 48.16%, 1, 0, 6, 446.51, 294747, 196, 1, 0
706, 0, 257, 295, 180, 0, 48.16%, 1, 0, 6, 402.10, 296741, 196, 1, 0
711, 0, 163, 299, 183, 0, 48.16%, 1, 0, 6, 404.53, 298752, 196, 1, 0
716, 0, 163, 300, 184, 0, 48.16%, 1, 0, 6, 401.65, 300761, 196, 1, 0
721, 0, 20, 300, 182, 0, 48.16%, 1, 0, 6, 421.24, 302892, 196, 1, 0
726, 0, 26, 300, 181, 0, 48.16%, 1, 0, 6, 393.86, 304945, 196, 1, 0
731, 0, 236, 300, 177, 0, 48.16%, 1, 0, 6, 427.94, 307092, 196, 1, 0
736, 0, 264, 301, 176, 0, 48.16%, 1, 0, 6, 399.33, 309093, 196, 1, 0
741, 0, 175, 301, 174, 0, 48.16%, 1, 0, 6, 388.91, 311049, 196, 1, 0
746, 0, 249, 301, 173, 0, 48.16%, 1, 0, 6, 422.22, 313302, 196, 1, 0
752, 0, 174, 301, 171, 0, 48.16%, 1, 0, 6, 403.00, 315311, 196, 1, 0
757, 0, 106, 301, 168, 0, 48.16%, 1, 0, 6, 425.03, 317438, 196, 1, 0
762, 0, 195, 301, 167, 0, 48.16%, 1, 0, 6, 426.61, 319618, 196, 1, 0
767, 0, 24, 301, 164, 0, 48.16%, 1, 0, 6, 414.32, 321637, 196, 1, 0
772, 1, 265, 301, 161, 0, 48.16%, 1, 0, 6, 423.75, 323783, 196, 1, 0
777, 1, 118, 301, 158, 0, 48.16%, 1, 0, 6, 440.63, 326058, 196, 1, 0
782, 1, 114, 301, 156, 0, 48.16%, 1, 0, 6, 380.40, 327919, 196, 1, 0
787, 1, 123, 303, 157, 0, 48.16%, 1, 0, 6, 427.46, 330034, 196, 1, 0
792, 1, 123, 307, 161, 0, 48.16%, 1, 0, 6, 424.45, 332190, 196, 1, 0
797, 1, 123, 307, 161, 0, 48.16%, 1, 0, 6, 441.59, 334470, 196, 1, 0
802, 1, 123, 308, 162, 0, 48.16%, 1, 0, 6, 415.70, 336517, 196, 1, 0
807, 1, 153, 318, 171, 0, 48.16%, 1, 0, 6, 404.91, 338603, 196, 1, 0
812, 1, 153, 322, 175, 0, 48.16%, 1, 0, 6, 439.99, 340887, 196, 1, 0
818, 1, 153, 323, 176, 0, 48.16%, 1, 0, 6, 428.35, 343062, 196, 1, 0
823, 1, 153, 324, 177, 0, 48.16%, 1, 0, 6, 443.10, 345285, 196, 1, 0
828, 1, 153, 324, 177, 0, 48.16%, 1, 0, 6, 407.86, 347373, 196, 1, 0
833, 1, 153, 324, 177, 0, 48.16%, 1, 0, 6, 439.88, 349533, 196, 1, 0
838, 1, 259, 324, 176, 0, 48.16%, 1, 0, 6, 446.28, 351711, 196, 1, 0
843, 1, 28, 324, 173, 0, 48.16%, 1, 0, 6, 409.19, 353763, 196, 1, 0
848, 1, 296, 324, 172, 0, 48.16%, 1, 0, 6, 415.14, 355855, 196, 1, 0
853, 1, 253, 325, 171, 0, 48.16%, 1, 0, 6, 421.02, 358004, 196, 1, 0
858, 1, 321, 325, 169, 0, 48.16%, 1, 0, 6, 421.84, 360034, 196, 1, 0
863, 1, 276, 325, 167, 0, 48.16%, 1, 0, 6, 434.17, 362171, 196, 1, 0
868, 1, 305, 325, 164, 0, 48.16%, 1, 0, 6, 465.63, 364524, 196, 1, 0
873, 1, 275, 325, 162, 0, 48.16%, 1, 0, 6, 406.08, 366609, 196, 1, 0
879, 1, 171, 325, 160, 0, 48.16%, 1, 0, 6, 406.74, 368711, 196, 1, 0
884, 1, 65, 326, 157, 0, 48.16%, 1, 0, 6, 432.58, 371000, 196, 1, 0
889, 1, 45, 326, 153, 0, 48.16%, 1, 0, 6, 405.65, 372959, 196, 1, 0
894, 1, 147, 327, 151, 0, 48.16%, 1, 0, 6, 454.53, 375345, 196, 1, 0
899, 1, 252, 327, 149, 0, 48.16%, 1, 0, 6, 430.64, 377507, 196, 1, 0
904, 1, 281, 327, 146, 0, 48.16%, 1, 0, 6, 403.41, 379510, 196, 1, 0
904, 1, 281, 327, 146, 0, 48.16%, 1, 0, 6, 395.36, 379609, 196, 1, 0
