# relative_time, cycles_done, cur_item, corpus_count, pending_total, pending_favs, map_size, saved_crashes, saved_hangs, max_depth, execs_per_sec, total_execs, edges_found, total_crashes, servers_count
60, 0, 9, 76, 71, 5, 30.96%, 0, 0, 2, 451.58, 29875, 126, 0, 0
66, 0, 9, 76, 71, 5, 30.96%, 0, 0, 2, 446.30, 32118, 126, 0, 0
71, 0, 9, 76, 71, 5, 30.96%, 0, 0, 2, 441.19, 34385, 126, 0, 0
76, 0, 9, 76, 71, 5, 30.96%, 0, 0, 2, 423.15, 36542, 126, 0, 0
81, 0, 9, 78, 73, 5, 30.96%, 0, 0, 2, 433.13, 38764, 126, 0, 0
86, 0, 9, 78, 73, 5, 30.96%, 0, 0, 2, 487.62, 41195, 126, 0, 0
91, 0, 9, 79, 74, 5, 30.96%, 0, 0, 2, 456.13, 43443, 126, 0, 0
96, 0, 9, 79, 74, 5, 30.96%, 0, 0, 2, 440.51, 45700, 126, 0, 0
101, 0, 9, 80, 75, 5, 30.96%, 0, 0, 2, 458.77, 48004, 126, 0, 0
106, 0, 9, 80, 75, 5, 30.96%, 0, 0, 2, 474.48, 50407, 126, 0, 0
111, 0, 9, 81, 76, 5, 30.96%, 0, 0, 2, 432.54, 52602, 126, 0, 0
116, 0, 57, 99, 93, 30, 33.66%, 0, 0, 2, 422.09, 54703, 137, 0, 0
121, 0, 3, 101, 88, 24, 33.91%, 0, 0, 3, 428.94, 56911, 138, 0, 0
126, 0, 35, 102, 85, 21, 33.91%, 0, 0, 3, 450.63, 59239, 138, 0, 0
131, 0, 86, 105, 86, 20, 34.89%, 0, 0, 3, 435.09, 61340, 142, 0, 0
136, 0, 86, 126, 107, 20, 37.35%, 1, 0, 3, 468.78, 63710, 152, 1, 0
142, 0, 86, 129, 110, 20, 37.35%, 1, 0, 3, 458.75, 66054, 152, 1, 0
147, 0, 86, 131, 112, 20, 37.35%, 1, 0, 3, 397.99, 67971, 152, 1, 0
152, 0, 86, 132, 113, 20, 37.35%, 1, 0, 3, 392.51, 69937, 152, 1, 0
157, 0, 86, 132, 113, 20, 37.35%, 1, 0, 3, 422.01, 72026, 152, 1, 0
162, 0, 86, 134, 115, 20, 37.35%, 1, 0, 3, 433.83, 74240, 152, 1, 0
167, 0, 86, 135, 116, 20, 37.35%, 1, 0, 3, 432.20, 76423, 152, 1, 0
172, 0, 86, 135, 116, 20, 37.35%, 1, 0, 3, 420.65, 78503, 152, 1, 0
177, 0, 86, 136, 117, 20, 37.35%, 1, 0, 3, 403.46, 80550, 152, 1, 0
182, 0, 86, 137, 118, 20, 37.35%, 1, 0, 3, 441.24, 82853, 152, 1, 0
187, 0, 86, 137, 118, 20, 37.35%, 1, 0, 3, 440.70, 85069, 152, 1, 0
192, 0, 86, 137, 118, 20, 37.35%, 1, 0, 3, 441.59, 87261, 152, 1, 0
197, 0, 86, 138, 119, 20, 37.35%, 1, 0, 3, 420.67, 89348, 152, 1, 0
202, 0, 86, 139, 120, 20, 37.35%, 1, 0, 3, 441.35, 91587, 152, 1, 0
207, 0, 86, 141, 122, 20, 37.59%, 1, 0, 3, 432.47, 93769, 153, 1, 0
213, 0, 86, 141, 122, 20, 37.59%, 1, 0, 3, 457.26, 96081, 153, 1, 0
218, 0, 86, 142, 123, 20, 37.59%, 1, 0, 3, 449.76, 98312, 153, 1, 0
223, 0, 86, 143, 124, 20, 37.59%, 1, 0, 3, 442.34, 100575, 153, 1, 0
228, 0, 86, 143, 124, 20, 37.59%, 1, 0, 3, 441.57, 102799, 153, 1, 0
233, 0, 86, 143, 124, 20, 37.59%, 1, 0, 3, 421.63, 105007, 153, 1, 0
238, 0, 86, 144, 125, 20, 37.59%, 1, 0, 3, 424.75, 107174, 153, 1, 0
243, 0, 86, 145, 126, 20, 37.59%, 1, 0, 3, 428.05, 109245, 153, 1, 0
248, 0, 86, 145, 126, 20, 37.59%, 1, 0, 3, 375.91, 111104, 153, 1, 0
253, 0, 86, 146, 127, 20, 37.59%, 1, 0, 3, 413.78, 113276, 153, 1, 0
258, 0, 0, 146, 125, 21, 37.59%, 1, 0, 3, 444.20, 115484, 153, 1, 0
263, 0, 48, 155, 133, 21, 38.08%, 1, 0, 3, 442.32, 117732, 155, 1, 0
268, 0, 48, 158, 136, 21, 38.08%, 1, 0, 3, 436.73, 119931, 155, 1, 0
273, 0, 48, 159, 137, 21, 38.08%, 1, 0, 3, 427.54, 122106, 155, 1, 0
278, 0, 48, 159, 137, 21, 38.08%, 1, 0, 3, 443.69, 124378, 155, 1, 0
284, 0, 24, 159, 135, 19, 38.08%, 1, 0, 3, 422.73, 126507, 155, 1, 0
289, 0, 108, 162, 136, 17, 38.08%, 1, 0, 3, 410.10, 128677, 155, 1, 0
294, 0, 108, 175, 149, 17, 38.08%, 1, 0, 3, 406.92, 130757, 155, 1, 0
299, 0, 108, 177, 151, 17, 38.08%, 1, 0, 3, 398.60, 132805, 155, 1, 0
304, 0, 108, 181, 155, 17, 38.08%, 1, 0, 3, 422.24, 135047, 155, 1, 0
309, 0, 108, 183, 157, 17, 38.08%, 1, 0, 3, 426.36, 137197, 155, 1, 0
314, 0, 108, 185, 159, 17, 38.08%, 1, 0, 3, 417.79, 139291, 155, 2, 0
319, 0, 108, 186, 160, 17, 38.08%, 1, 0, 3, 428.43, 141393, 155, 2, 0
324, 0, 108, 186, 160, 17, 38.08%, 1, 0, 3, 423.99, 143538, 155, 2, 0
329, 0, 108, 186, 160, 17, 38.08%, 1, 0, 3, 442.85, 145778, 155, 2, 0
334, 0, 108, 186, 160, 17, 38.08%, 1, 0, 3, 449.16, 148026, 155, 2, 0
340, 0, 108, 186, 160, 17, 38.08%, 1, 0, 3, 469.48, 150394, 155, 2, 0
345, 0, 108, 186, 160, 17, 38.08%, 1, 0, 3, 459.19, 152725, 155, 2, 0
350, 0, 108, 186, 160, 17, 38.08%, 1, 0, 3, 458.78, 155056, 155, 3, 0
355, 0, 108, 187, 161, 17, 38.08%, 1, 0, 3, 430.91, 157257, 155, 3, 0
360, 0, 108, 188, 162, 17, 38.08%, 1, 0, 3, 456.86, 159606, 155, 3, 0
365, 0, 108, 188, 162, 17, 38.08%, 1, 0, 3, 461.28, 161973, 155, 3, 0
370, 0, 108, 188, 162, 17, 38.08%, 1, 0, 3, 445.01, 164192, 155, 3, 0
375, 0, 108, 188, 162, 17, 38.08%, 1, 0, 3, 444.04, 166472, 155, 3, 0
381, 0, 152, 188, 160, 15, 38.08%, 1, 0, 3, 447.32, 168786, 155, 3, 0
386, 0, 147, 188, 154, 11, 38.08%, 1, 0, 3, 443.77, 171036, 155, 3, 0
391, 0, 97, 188, 152, 9, 38.08%, 1, 0, 3, 439.39, 173251, 155, 3, 0
396, 0, 74, 193, 155, 7, 38.08%, 1, 0, 3, 420.96, 175349, 155, 3, 0
401, 0, 142, 193, 149, 3, 38.08%, 1, 0, 3, 451.19, 177702, 155, 3, 0
406, 0, 27, 193, 147, 1, 38.08%, 1, 0, 3, 414.02, 179816, 155, 3, 0
411, 0, 67, 195, 146, 0, 38.08%, 1, 0, 3, 444.35, 182052, 155, 3, 0
416, 0, 24, 199, 149, 0, 38.08%, 1, 0, 3, 429.21, 184232, 155, 3, 0
421, 0, 24, 201, 151, 0, 38.08%, 1, 0, 3, 451.97, 186502, 155, 3, 0
426, 0, 24, 201, 151, 0, 38.08%, 1, 0, 3, 460.05, 188821, 155, 3, 0
431, 0, 24, 202, 152, 0, 38.08%, 1, 0, 3, 443.32, 191037, 155, 3, 0
436, 0, 57, 203, 153, 0, 38.08%, 1, 0, 3, 440.93, 193229, 155, 3, 0
441, 0, 203, 204, 153, 1, 38.08%, 1, 0, 3, 447.17, 195493, 155, 3, 0
447, 0, 37, 205, 151, 0, 38.08%, 1, 0, 3, 440.93, 197716, 155, 3, 0
452, 0, 166, 205, 148, 0, 38.08%, 1, 0, 3, 440.70, 199945, 155, 3, 0
457, 0, 173, 205, 145, 0, 38.08%, 1, 0, 3, 411.78, 202040, 155, 3, 0
462, 0, 135, 205, 142, 0, 38.08%, 1, 0, 3, 419.47, 204085, 155, 3, 0
467, 0, 136, 205, 139, 0, 38.08%, 1, 0, 3, 422.17, 206193, 155, 3, 0
472, 0, 191, 205, 136, 0, 38.08%, 1, 0, 3, 447.61, 208518, 155, 3, 0
477, 0, 24, 206, 135, 0, 38.08%, 1, 0, 4, 429.28, 210638, 155, 3, 0
482, 0, 172, 206, 133, 0, 38.08%, 1, 0, 4, 424.41, 212766, 155, 3, 0
487, 0, 119, 206, 131, 0, 38.08%, 1, 0, 4, 428.65, 214928, 155, 3, 0
492, 0, 204, 209, 132, 0, 38.08%, 1, 0, 4, 443.92, 217197, 155, 3, 0
497, 0, 205, 210, 131, 0, 38.08%, 1, 0, 4, 456.21, 219476, 155, 3, 0
502, 0, 130, 210, 128, 0, 38.08%, 1, 0, 4, 452.78, 221725, 155, 3, 0
508, 0, 208, 210, 124, 0, 38.08%, 1, 0, 4, 432.32, 224009, 155, 3, 0
513, 0, 170, 212, 125, 0, 38.08%, 1, 0, 5, 433.50, 226235, 155, 3, 0
518, 0, 191, 212, 122, 0, 38.08%, 1, 0, 5, 412.39, 228316, 155, 3, 0
523, 0, 88, 213, 121, 0, 38.08%, 1, 0, 5, 411.96, 230388, 155, 3, 0
528, 0, 186, 214, 120, 0, 38.08%, 1, 0, 5, 423.30, 232535, 155, 3, 0
533, 0, 92, 214, 118, 0, 38.08%, 1, 0, 5, 426.45, 234676, 155, 3, 0
538, 0, 138, 214, 113, 0, 38.08%, 1, 0, 5, 400.55, 236649, 155, 3, 0
543, 0, 57, 214, 110, 0, 38.08%, 1, 0, 5, 420.97, 238847, 155, 3, 0
548, 1, 210, 214, 107, 0, 38.08%, 1, 0, 5, 411.09, 240903, 155, 3, 0
553, 1, 56, 214, 103, 0, 38.08%, 1, 0, 5, 425.96, 243101, 155, 3, 0
558, 1, 96, 216, 102, 0, 38.08%, 1, 0, 5, 424.10, 245228, 155, 3, 0
563, 1, 118, 216, 99, 0, 38.08%, 1, 0, 5, 435.81, 247473, 155, 3, 0
568, 1, 79, 216, 94, 0, 38.08%, 1, 0, 5, 469.87, 249785, 155, 3, 0
573, 1, 213, 223, 100, 0, 38.08%, 1, 0, 5, 444.14, 252066, 155, 3, 0
578, 1, 213, 227, 104, 0, 38.08%, 1, 0, 5, 433.54, 254254, 155, 3, 0
583, 1, 213, 227, 104, 0, 38.08%, 1, 0, 5, 456.99, 256529, 155, 3, 0
589, 1, 213, 229, 106, 0, 38.08%, 1, 0, 5, 420.23, 258708, 155, 3, 0
594, 1, 213, 230, 107, 0, 38.08%, 1, 0, 5, 448.77, 260915, 155, 3, 0
599, 1, 213, 231, 108, 0, 38.08%, 1, 0, 5, 429.01, 263090, 155, 3, 0
604, 1, 75, 231, 104, 0, 38.08%, 1, 0, 5, 423.69, 265242, 155, 3, 0
609, 1, 95, 231, 99, 0, 38.08%, 1, 0, 5, 421.94, 267372, 155, 3, 0
614, 1, 231, 233, 100, 1, 38.33%, 1, 0, 5, 401.16, 269386, 156, 3, 0
619, 1, 174, 233, 98, 0, 38.33%, 1, 0, 5, 398.77, 271440, 156, 3, 0
624, 1, 232, 233, 96, 0, 38.33%, 1, 0, 5, 409.48, 273528, 156, 3, 0
629, 1, 233, 234, 95, 1, 38.33%, 1, 0, 5, 428.82, 275700, 156, 3, 0
634, 1, 229, 234, 92, 0, 38.33%, 1, 0, 5, 430.71, 277885, 156, 3, 0
639, 1, 83, 235, 91, 0, 38.82%, 1, 0, 5, 446.97, 280152, 158, 3, 0
644, 1, 222, 235, 87, 0, 38.82%, 1, 0, 5, 434.02, 282378, 158, 3, 0
649, 1, 110, 235, 84, 0, 38.82%, 1, 0, 5, 425.58, 284483, 158, 3, 0
654, 1, 90, 235, 82, 0, 38.82%, 1, 0, 5, 434.38, 286718, 158, 3, 0
659, 1, 233, 236, 78, 0, 38.82%, 1, 0, 5, 429.21, 288890, 158, 3, 0
664, 1, 224, 237, 77, 0, 38.82%, 1, 0, 5, 446.59, 291123, 158, 3, 0
669, 1, 93, 238, 75, 0, 38.82%, 1, 0, 6, 427.87, 293224, 158, 3, 0
675, 1, 238, 239, 71, 1, 39.07%, 1, 0, 6, 403.42, 295257, 159, 3, 0
680, 1, 241, 242, 73, 2, 39.56%, 1, 0, 6, 409.25, 297347, 161, 3, 0
685, 1, 222, 242, 70, 0, 39.56%, 1, 0, 6, 436.41, 299555, 161, 3, 0
690, 1, 221, 242, 68, 0, 39.56%, 1, 0, 6, 417.82, 301716, 161, 3, 0
695, 1, 11, 242, 66, 0, 39.56%, 1, 0, 6, 428.09, 303937, 161, 3, 0
700, 1, 150, 242, 64, 0, 39.56%, 1, 0, 6, 422.98, 306074, 161, 3, 0
705, 1, 182, 242, 59, 0, 39.56%, 1, 0, 6, 427.54, 308211, 161, 3, 0
710, 1, 207, 242, 57, 0, 39.56%, 1, 0, 6, 423.13, 310332, 161, 3, 0
715, 1, 234, 242, 53, 0, 39.56%, 1, 0, 6, 430.16, 312532, 161, 3, 0
720, 1, 242, 243, 52, 0, 39.56%, 1, 0, 6, 437.88, 314761, 161, 3, 0
725, 1, 61, 243, 47, 0, 39.56%, 1, 0, 6, 454.36, 317067, 161, 3, 0
730, 1, 91, 243, 45, 0, 39.56%, 1, 0, 6, 426.10, 319217, 161, 3, 0
735, 1, 243, 244, 44, 1, 39.80%, 1, 0, 6, 413.80, 321318, 162, 3, 0
740, 1, 244, 245, 43, 1, 40.29%, 1, 0, 6, 423.50, 323574, 164, 3, 0
745, 1, 207, 245, 40, 0, 40.29%, 1, 0, 6, 414.54, 325614, 164, 3, 0
751, 1, 106, 245, 38, 0, 40.29%, 1, 0, 6, 460.17, 327997, 164, 3, 0
756, 1, 191, 245, 35, 0, 40.29%, 1, 0, 6, 438.65, 330162, 164, 3, 0
761, 1, 207, 245, 34, 0, 40.29%, 1, 0, 6, 425.08, 332260, 164, 3, 0
766, 1, 244, 256, 43, 0, 44.47%, 1, 0, 6, 424.58, 334525, 181, 3, 0
771, 2, 257, 341, 127, 19, 52.33%, 1, 0, 6, 401.67, 336540, 213, 3, 0
776, 2, 262, 341, 126, 18, 52.33%, 1, 0, 6, 421.66, 338704, 213, 3, 0
781, 2, 248, 341, 124, 16, 52.33%, 1, 0, 6, 428.71, 340805, 213, 3, 0
786, 2, 332, 341, 123, 15, 52.33%, 1, 0, 6, 420.54, 342917, 213, 3, 0
791, 2, 250, 341, 120, 12, 52.33%, 1, 0, 6, 415.22, 345016, 213, 3, 0
796, 2, 313, 341, 117, 9, 52.33%, 1, 0, 6, 430.09, 347229, 213, 3, 0
801, 2, 303, 341, 115, 7, 52.33%, 1, 0, 6, 426.00, 349319, 213, 3, 0
806, 2, 245, 341, 114, 6, 52.33%, 1, 0, 6, 429.75, 351538, 213, 3, 0
811, 2, 279, 341, 112, 4, 52.33%, 1, 0, 6, 408.11, 353631, 213, 3, 0
817, 2, 290, 341, 111, 3, 52.33%, 1, 0, 6, 1.75, 354918, 213, 3, 0
822, 2, 247, 341, 108, 1, 52.33%, 1, 0, 6, 421.17, 357049, 213, 3, 0
827, 2, 319, 341, 106, 0, 52.33%, 1, 0, 6, 441.88, 359330, 213, 3, 0
832, 2, 325, 341, 104, 0, 52.33%, 1, 0, 6, 455.41, 361605, 213, 3, 0
837, 2, 333, 341, 102, 0, 52.33%, 1, 0, 6, 444.43, 363836, 213, 3, 0
842, 2, 290, 341, 99, 0, 52.33%, 1, 0, 6, 456.58, 366132, 213, 3, 0
847, 2, 336, 341, 97, 0, 52.33%, 1, 0, 6, 430.42, 368328, 213, 3, 0
852, 2, 297, 341, 96, 0, 52.33%, 1, 0, 6, 438.71, 370485, 213, 3, 0
857, 2, 124, 341, 93, 0, 52.33%, 1, 0, 6, 463.29, 372802, 213, 3, 0
862, 2, 299, 341, 90, 0, 52.33%, 1, 0, 6, 468.56, 375244, 213, 3, 0
867, 2, 215, 341, 88, 0, 52.33%, 1, 0, 6, 448.50, 377485, 213, 3, 0
873, 2, 272, 341, 85, 0, 52.33%, 1, 0, 6, 430.98, 379624, 213, 3, 0
878, 2, 259, 341, 82, 0, 52.33%, 1, 0, 6, 430.42, 381819, 213, 3, 0
883, 2, 265, 341, 80, 0, 52.33%, 1, 0, 6, 453.07, 384130, 213, 3, 0
888, 2, 203, 341, 78, 0, 52.33%, 1, 0, 6, 444.80, 386345, 213, 3, 0
893, 2, 288, 341, 77, 0, 52.33%, 1, 0, 6, 5.96, 387124, 213, 3, 0
898, 2, 288, 341, 77, 0, 52.33%, 1, 0, 6, 108.74, 387696, 213, 3, 0
903, 2, 316, 341, 76, 0, 52.33%, 1, 0, 6, 138.16, 388439, 213, 3, 0
908, 2, 316, 341, 76, 0, 52.33%, 1, 0, 6, 133.99, 389137, 213, 3, 0
913, 2, 277, 341, 75, 0, 52.33%, 1, 0, 6, 133.35, 389794, 213, 3, 0
918, 2, 266, 342, 75, 0, 52.33%, 1, 0, 6, 135.10, 390503, 213, 3, 0
923, 2, 266, 342, 75, 0, 52.33%, 1, 0, 6, 128.54, 391141, 213, 3, 0
928, 2, 267, 342, 74, 0, 52.33%, 1, 0, 6, 127.95, 391807, 213, 3, 0
934, 2, 267, 342, 74, 0, 52.33%, 1, 0, 6, 130.53, 392505, 213, 3, 0
939, 2, 312, 342, 73, 0, 52.33%, 1, 0, 6, 129.41, 393170, 213, 3, 0
944, 2, 191, 342, 72, 0, 52.33%, 2, 0, 6, 116.31, 393760, 213, 6, 0
949, 2, 317, 342, 72, 0, 52.33%, 2, 0, 6, 118.63, 394389, 213, 6, 0
954, 2, 169, 342, 71, 0, 52.33%, 2, 0, 6, 132.19, 395075, 213, 6, 0
959, 2, 169, 342, 71, 0, 52.33%, 2, 0, 6, 140.51, 395799, 213, 6, 0
964, 2, 103, 342, 70, 0, 52.33%, 2, 0, 6, 135.08, 396495, 213, 6, 0
969, 2, 281, 342, 69, 0, 52.33%, 2, 0, 6, 131.01, 397154, 213, 6, 0
974, 2, 164, 342, 68, 0, 52.33%, 2, 0, 6, 139.71, 397880, 213, 6, 0
980, 2, 301, 342, 67, 0, 52.33%, 2, 0, 6, 136.92, 398594, 213, 6, 0
985, 2, 301, 342, 67, 0, 52.33%, 2, 0, 6, 130.20, 399264, 213, 6, 0
990, 2, 237, 342, 66, 0, 52.33%, 2, 0, 6, 136.76, 399983, 213, 6, 0
995, 2, 237, 342, 66, 0, 52.33%, 2, 0, 6, 128.83, 400638, 213, 6, 0
1000, 2, 294, 342, 65, 0, 52.33%, 2, 0, 6, 130.94, 401330, 213, 6, 0
1005, 2, 117, 342, 64, 0, 52.33%, 2, 0, 6, 122.98, 401939, 213, 6, 0
1010, 2, 331, 342, 64, 0, 52.33%, 2, 0, 6, 141.86, 402683, 213, 6, 0
1015, 2, 320, 342, 63, 0, 52.33%, 2, 0, 6, 124.18, 403274, 213, 6, 0
1021, 2, 320, 342, 63, 0, 52.33%, 2, 0, 6, 135.53, 403958, 213, 6, 0
1026, 2, 57, 342, 62, 0, 52.33%, 2, 0, 6, 132.22, 404616, 213, 6, 0
1031, 2, 160, 342, 62, 0, 52.33%, 2, 0, 6, 132.97, 405280, 213, 6, 0
1036, 2, 341, 342, 61, 0, 52.33%, 2, 0, 6, 130.76, 405939, 213, 6, 0
1041, 2, 341, 342, 61, 0, 52.33%, 2, 0, 6, 130.96, 406603, 213, 6, 0
1046, 2, 334, 342, 60, 0, 52.33%, 2, 0, 6, 138.12, 407276, 213, 6, 0
1051, 2, 57, 342, 59, 0, 52.33%, 2, 0, 6, 133.86, 407955, 213, 6, 0
1056, 2, 227, 342, 59, 0, 52.33%, 2, 0, 6, 127.63, 408597, 213, 6, 0
1061, 2, 126, 342, 58, 0, 52.33%, 2, 0, 6, 146.13, 409363, 213, 6, 0
1066, 2, 126, 342, 58, 0, 52.33%, 2, 0, 6, 135.16, 410037, 213, 6, 0
1072, 2, 285, 342, 57, 0, 52.33%, 2, 0, 6, 134.31, 410719, 213, 6, 0
1077, 2, 279, 342, 56, 0, 52.33%, 2, 0, 6, 133.84, 411389, 213, 6, 0
1082, 2, 105, 342, 56, 0, 52.33%, 2, 0, 6, 124.08, 412037, 213, 6, 0
1087, 2, 335, 342, 55, 0, 52.33%, 2, 0, 6, 133.73, 412745, 213, 6, 0
1092, 2, 49, 342, 54, 0, 52.33%, 2, 0, 6, 126.90, 413387, 213, 6, 0
1097, 2, 239, 342, 54, 0, 52.33%, 2, 0, 6, 151.41, 414203, 213, 6, 0
1102, 2, 292, 342, 54, 0, 52.33%, 2, 0, 6, 143.29, 414921, 213, 6, 0
1107, 2, 235, 343, 54, 0, 52.33%, 2, 0, 6, 139.42, 415617, 213, 6, 0
1112, 2, 310, 343, 54, 0, 52.33%, 2, 0, 6, 143.07, 416307, 213, 6, 0
1117, 2, 53, 343, 53, 0, 52.33%, 2, 0, 6, 132.62, 416961, 213, 6, 0
1123, 2, 300, 343, 51, 0, 52.33%, 2, 0, 6, 139.09, 417695, 213, 6, 0
1128, 2, 300, 343, 51, 0, 52.33%, 2, 0, 6, 121.14, 418301, 213, 6, 0
1133, 2, 342, 343, 50, 0, 52.33%, 2, 0, 6, 134.25, 418957, 213, 6, 0
1138, 2, 27, 344, 50, 0, 52.33%, 2, 0, 6, 123.35, 419582, 213, 6, 0
1143, 2, 338, 344, 50, 0, 52.33%, 2, 0, 6, 124.93, 420227, 213, 6, 0
1148, 2, 323, 344, 49, 0, 52.33%, 2, 0, 6, 136.68, 420928, 213, 6, 0
1153, 2, 323, 344, 49, 0, 52.33%, 2, 0, 6, 135.82, 421636, 213, 6, 0
1158, 2, 283, 344, 48, 0, 52.33%, 2, 0, 6, 148.43, 422413, 213, 6, 0
1163, 2, 239, 344, 47, 0, 52.33%, 2, 0, 6, 134.79, 423068, 213, 6, 0
1168, 2, 254, 344, 47, 0, 52.33%, 2, 0, 6, 140.52, 423781, 213, 6, 0
1174, 2, 15, 344, 46, 0, 52.33%, 2, 0, 6, 139.84, 424465, 213, 6, 0
1179, 2, 242, 345, 47, 0, 52.58%, 2, 0, 6, 122.21, 425056, 214, 6, 0
1184, 2, 344, 345, 47, 1, 52.58%, 2, 0, 6, 123.35, 425672, 214, 6, 0
1189, 2, 344, 345, 47, 1, 52.58%, 2, 0, 6, 132.63, 426325, 214, 6, 0
1194, 2, 142, 345, 46, 0, 52.58%, 2, 0, 6, 126.82, 426971, 214, 6, 0
1199, 2, 343, 345, 46, 0, 52.58%, 2, 0, 6, 139.04, 427677, 214, 6, 0
1204, 2, 69, 345, 45, 0, 52.58%, 2, 0, 6, 131.97, 428376, 214, 6, 0
1209, 2, 293, 345, 44, 0, 52.58%, 2, 0, 6, 125.78, 429002, 214, 6, 0
1214, 2, 52, 345, 43, 0, 52.58%, 2, 0, 6, 133.42, 429671, 214, 6, 0
1219, 2, 235, 345, 43, 0, 52.58%, 2, 0, 6, 139.95, 430371, 214, 6, 0
1224, 2, 197, 345, 43, 0, 52.58%, 2, 0, 6, 129.58, 431033, 214, 6, 0
1229, 2, 27, 345, 42, 0, 52.58%, 2, 0, 6, 139.93, 431795, 214, 6, 0
1235, 2, 305, 345, 42, 0, 52.58%, 2, 0, 6, 132.38, 432474, 214, 6, 0
1240, 2, 291, 345, 41, 0, 52.58%, 2, 0, 6, 135.73, 433162, 214, 6, 0
1245, 2, 291, 345, 41, 0, 52.58%, 2, 0, 6, 138.65, 433842, 214, 6, 0
1250, 2, 318, 345, 40, 0, 52.58%, 2, 0, 6, 128.66, 434483, 214, 6, 0
1255, 2, 206, 345, 40, 0, 52.58%, 2, 0, 6, 129.73, 435119, 214, 6, 0
1260, 2, 244, 345, 39, 0, 52.58%, 2, 0, 6, 123.49, 435765, 214, 6, 0
1265, 2, 306, 345, 38, 0, 52.58%, 2, 0, 6, 137.24, 436473, 214, 6, 0
1270, 2, 306, 345, 38, 0, 52.58%, 2, 0, 6, 148.69, 437235, 214, 6, 0
1275, 2, 278, 345, 37, 0, 52.58%, 2, 0, 6, 147.41, 437999, 214, 6, 0
1280, 2, 298, 345, 36, 0, 52.58%, 2, 0, 6, 143.79, 438735, 214, 6, 0
1285, 2, 298, 345, 36, 0, 52.58%, 2, 0, 6, 133.22, 439385, 214, 6, 0
1291, 2, 15, 345, 35, 0, 52.58%, 2, 0, 6, 134.84, 440064, 214, 6, 0
1296, 2, 276, 345, 35, 0, 52.58%, 2, 0, 6, 128.60, 440730, 214, 6, 0
1301, 2, 251, 345, 34, 0, 52.58%, 2, 0, 6, 124.64, 441358, 214, 6, 0
1306, 2, 251, 345, 34, 0, 52.58%, 2, 0, 6, 124.99, 441978, 214, 6, 0
1311, 2, 280, 345, 33, 0, 52.58%, 2, 0, 6, 126.12, 442634, 214, 6, 0
1316, 2, 280, 345, 33, 0, 52.58%, 2, 0, 6, 128.04, 443302, 214, 6, 0
1322, 2, 330, 345, 32, 0, 52.58%, 2, 0, 6, 127.10, 443962, 214, 6, 0
1327, 2, 279, 345, 31, 0, 52.58%, 2, 0, 6, 140.40, 444710, 214, 6, 0
1332, 2, 111, 345, 31, 0, 52.58%, 2, 0, 6, 132.45, 445380, 214, 6, 0
1337, 2, 309, 345, 30, 0, 52.58%, 2, 0, 6, 129.31, 446050, 214, 6, 0
1342, 2, 309, 345, 30, 0, 52.58%, 2, 0, 6, 127.98, 446678, 214, 6, 0
1347, 2, 244, 345, 29, 0, 52.58%, 2, 0, 6, 124.56, 447289, 214, 6, 0
1352, 2, 15, 345, 29, 0, 52.58%, 2, 0, 6, 132.96, 447967, 214, 6, 0
1357, 2, 223, 346, 30, 0, 52.58%, 2, 0, 6, 140.00, 448666, 214, 6, 0
1362, 2, 223, 346, 30, 0, 52.58%, 2, 0, 6, 127.61, 449320, 214, 6, 0
1368, 2, 217, 346, 29, 0, 52.58%, 2, 0, 6, 127.46, 449966, 214, 6, 0
1373, 2, 217, 346, 29, 0, 52.58%, 2, 0, 6, 140.97, 450716, 214, 6, 0
1378, 2, 345, 346, 28, 0, 52.58%, 2, 0, 6, 133.48, 451390, 214, 6, 0
1383, 2, 345, 346, 28, 0, 52.58%, 2, 0, 6, 129.35, 452058, 214, 6, 0
1388, 2, 135, 346, 27, 0, 52.58%, 2, 0, 6, 131.07, 452748, 214, 6, 0
1393, 2, 257, 346, 27, 0, 52.58%, 2, 0, 6, 110.13, 453318, 214, 6, 0
1398, 2, 249, 346, 27, 0, 52.58%, 2, 0, 6, 121.28, 453967, 214, 6, 0
1404, 2, 248, 346, 26, 0, 52.58%, 2, 0, 6, 122.17, 454613, 214, 6, 0
1409, 2, 302, 346, 26, 0, 52.58%, 2, 0, 6, 133.05, 455292, 214, 6, 0
1414, 2, 302, 346, 26, 0, 52.58%, 2, 0, 6, 118.51, 455872, 214, 6, 0
1419, 2, 270, 346, 25, 0, 52.58%, 2, 0, 6, 117.11, 456494, 214, 6, 0
1424, 2, 284, 346, 24, 0, 52.58%, 2, 0, 6, 120.75, 457096, 214, 6, 0
1429, 2, 207, 346, 24, 0, 52.58%, 2, 0, 6, 118.98, 457691, 214, 6, 0
1434, 2, 264, 346, 24, 0, 52.58%, 2, 0, 6, 126.89, 458327, 214, 6, 0
1439, 2, 264, 346, 24, 0, 52.58%, 2, 0, 6, 131.21, 459001, 214, 6, 0
1444, 2, 209, 347, 24, 0, 52.58%, 2, 0, 6, 115.27, 459551, 214, 6, 0
1449, 2, 339, 347, 23, 0, 52.58%, 2, 0, 6, 127.39, 460232, 214, 6, 0
1454, 2, 13, 347, 23, 0, 52.58%, 3, 0, 6, 131.31, 460899, 214, 7, 0
1459, 2, 263, 347, 23, 0, 52.58%, 3, 0, 6, 141.54, 461606, 214, 7, 0
1465, 2, 244, 347, 22, 0, 52.58%, 3, 0, 6, 129.26, 462293, 214, 7, 0
1470, 2, 325, 347, 22, 0, 52.58%, 3, 0, 6, 128.86, 462927, 214, 7, 0
1475, 3, 350, 357, 32, 0, 52.58%, 3, 0, 6, 127.74, 463569, 214, 7, 0
1480, 3, 350, 357, 32, 0, 52.58%, 3, 0, 6, 133.11, 464267, 214, 7, 0
1485, 3, 207, 357, 31, 0, 52.58%, 3, 0, 6, 135.22, 464955, 214, 7, 0
1490, 3, 203, 357, 30, 0, 52.58%, 3, 0, 6, 121.09, 465571, 214, 7, 0
1495, 3, 161, 357, 30, 0, 52.58%, 3, 0, 6, 135.61, 466277, 214, 7, 0
1500, 3, 253, 357, 29, 0, 52.58%, 3, 0, 6, 130.35, 466926, 214, 7, 0
1506, 3, 253, 357, 29, 0, 52.58%, 3, 0, 6, 131.37, 467612, 214, 7, 0
1511, 3, 11, 357, 28, 0, 52.58%, 3, 0, 6, 136.29, 468273, 214, 7, 0
1516, 3, 57, 357, 28, 0, 52.58%, 3, 0, 6, 141.31, 468994, 214, 7, 0
1521, 3, 239, 357, 28, 0, 52.58%, 3, 0, 6, 120.76, 469587, 214, 7, 0
1526, 3, 243, 357, 28, 0, 52.58%, 3, 0, 6, 132.57, 470296, 214, 7, 0
1531, 3, 191, 357, 28, 0, 52.58%, 3, 0, 6, 130.78, 470968, 214, 7, 0
1536, 3, 329, 357, 28, 0, 52.58%, 3, 0, 6, 133.74, 471670, 214, 8, 0
1541, 3, 203, 357, 27, 0, 52.58%, 3, 0, 6, 135.76, 472371, 214, 8, 0
1546, 3, 315, 357, 27, 0, 52.58%, 3, 0, 6, 134.58, 473057, 214, 8, 0
1552, 3, 315, 357, 27, 0, 52.58%, 3, 0, 6, 131.85, 473747, 214, 8, 0
1557, 3, 297, 357, 25, 0, 52.58%, 3, 0, 6, 121.05, 474359, 214, 8, 0
1562, 3, 203, 357, 25, 0, 52.58%, 3, 0, 6, 127.01, 475017, 214, 8, 0
1567, 3, 239, 357, 25, 0, 52.58%, 3, 0, 6, 135.95, 475744, 214, 8, 0
1572, 3, 250, 357, 25, 0, 52.58%, 3, 0, 6, 127.90, 476373, 214, 8, 0
1577, 3, 313, 357, 25, 0, 52.58%, 3, 0, 6, 125.29, 477036, 214, 8, 0
1582, 3, 295, 357, 25, 0, 52.58%, 3, 0, 6, 129.29, 477719, 214, 8, 0
1587, 3, 153, 357, 24, 0, 52.58%, 3, 0, 6, 135.37, 478412, 214, 8, 0
1592, 3, 142, 357, 23, 0, 52.58%, 3, 0, 6, 130.51, 479062, 214, 8, 0
1598, 3, 260, 357, 22, 0, 52.58%, 3, 0, 6, 135.71, 479772, 214, 8, 0
1603, 3, 260, 357, 22, 0, 52.58%, 3, 0, 6, 139.35, 480510, 214, 8, 0
1608, 3, 304, 357, 21, 0, 52.58%, 3, 0, 6, 141.52, 481245, 214, 8, 0
1613, 3, 255, 357, 20, 0, 52.58%, 3, 0, 6, 126.76, 481879, 214, 8, 0
1618, 3, 262, 357, 20, 0, 52.58%, 3, 0, 6, 125.60, 482527, 214, 8, 0
1623, 3, 275, 357, 20, 0, 52.58%, 3, 0, 6, 130.88, 483166, 214, 8, 0
1629, 3, 275, 357, 20, 0, 52.58%, 3, 0, 6, 131.58, 483836, 214, 8, 0
1634, 3, 289, 357, 19, 0, 52.58%, 3, 0, 6, 132.84, 484544, 214, 8, 0
1639, 3, 289, 357, 19, 0, 52.58%, 3, 0, 6, 137.73, 485264, 214, 8, 0
1644, 3, 82, 357, 18, 0, 52.58%, 3, 0, 6, 130.85, 485919, 214, 8, 0
1649, 3, 87, 357, 17, 0, 52.58%, 3, 0, 6, 132.15, 486605, 214, 8, 0
1654, 3, 216, 357, 17, 0, 52.58%, 3, 0, 6, 131.93, 487253, 214, 8, 0
1659, 3, 262, 357, 17, 0, 52.58%, 3, 0, 6, 127.48, 487907, 214, 8, 0
1664, 3, 41, 357, 17, 0, 52.58%, 3, 0, 6, 137.69, 488631, 214, 8, 0
1670, 3, 229, 357, 17, 0, 52.58%, 3, 0, 6, 148.70, 489397, 214, 8, 0
1675, 3, 85, 357, 16, 0, 52.58%, 3, 0, 6, 126.06, 490014, 214, 8, 0
1680, 3, 339, 357, 16, 0, 52.58%, 3, 0, 6, 135.78, 490715, 214, 8, 0
1685, 3, 349, 357, 16, 0, 52.58%, 3, 0, 6, 130.80, 491375, 214, 8, 0
1690, 3, 57, 357, 15, 0, 52.58%, 3, 0, 6, 144.28, 492121, 214, 8, 0
1695, 3, 284, 357, 15, 0, 52.58%, 3, 0, 6, 131.01, 492793, 214, 8, 0
1700, 3, 354, 357, 15, 0, 52.58%, 3, 0, 6, 139.87, 493514, 214, 8, 0
1705, 3, 245, 357, 14, 0, 52.58%, 3, 0, 6, 145.81, 494257, 214, 8, 0
1711, 3, 244, 357, 14, 0, 52.58%, 3, 0, 6, 141.29, 494965, 214, 8, 0
1716, 3, 57, 357, 14, 0, 52.58%, 3, 0, 6, 142.06, 495659, 214, 8, 0
1721, 3, 207, 357, 14, 0, 52.58%, 3, 0, 6, 137.25, 496340, 214, 8, 0
1726, 3, 57, 357, 14, 0, 52.58%, 3, 0, 6, 134.55, 497061, 214, 9, 0
1731, 3, 339, 357, 14, 0, 52.58%, 3, 0, 6, 131.98, 497740, 214, 9, 0
1736, 3, 246, 357, 14, 0, 52.58%, 3, 0, 6, 140.64, 498487, 214, 11, 0
1741, 3, 248, 357, 14, 0, 52.58%, 3, 0, 6, 144.03, 499216, 214, 11, 0
1746, 3, 346, 357, 14, 0, 52.58%, 3, 0, 6, 137.96, 499915, 214, 11, 0
1752, 3, 279, 357, 13, 0, 52.58%, 3, 0, 6, 151.38, 500690, 214, 11, 0
1757, 3, 41, 357, 12, 0, 52.58%, 3, 0, 6, 136.59, 501361, 214, 11, 0
1762, 3, 247, 357, 12, 0, 52.58%, 3, 0, 6, 138.18, 502058, 214, 11, 0
1767, 3, 147, 357, 12, 0, 52.58%, 3, 0, 6, 131.63, 502719, 214, 11, 0
1772, 3, 344, 357, 11, 0, 52.58%, 3, 0, 6, 135.46, 503394, 214, 12, 0
1777, 3, 284, 357, 11, 0, 52.58%, 3, 0, 6, 135.78, 504098, 214, 12, 0
1782, 3, 213, 357, 11, 0, 52.58%, 3, 0, 6, 134.86, 504791, 214, 12, 0
1787, 3, 244, 357, 11, 0, 52.58%, 3, 0, 6, 140.88, 505499, 214, 12, 0
1792, 3, 271, 357, 11, 0, 52.58%, 3, 0, 6, 133.99, 506167, 214, 13, 0
1798, 3, 87, 357, 10, 0, 52.58%, 3, 0, 6, 136.00, 506862, 214, 13, 0
1803, 3, 245, 357, 10, 0, 52.58%, 3, 0, 6, 145.12, 507590, 214, 13, 0
1808, 3, 235, 357, 10, 0, 52.58%, 3, 0, 6, 139.44, 508296, 214, 13, 0
1813, 3, 335, 357, 10, 0, 52.58%, 3, 0, 6, 143.42, 509026, 214, 13, 0
1818, 3, 328, 357, 10, 0, 52.58%, 3, 0, 6, 142.52, 509747, 214, 13, 0
1823, 3, 257, 357, 9, 0, 52.58%, 3, 0, 6, 131.66, 510381, 214, 13, 0
1828, 3, 207, 357, 9, 0, 52.58%, 3, 0, 6, 134.68, 511048, 214, 13, 0
1833, 3, 221, 357, 9, 0, 52.58%, 3, 0, 6, 144.43, 511788, 214, 13, 0
1838, 3, 282, 357, 9, 0, 52.58%, 3, 0, 6, 137.96, 512461, 214, 13, 0
1843, 3, 282, 357, 9, 0, 52.58%, 3, 0, 6, 136.56, 513173, 214, 13, 0
1848, 3, 355, 357, 8, 0, 52.58%, 3, 0, 6, 144.35, 513898, 214, 13, 0
1853, 3, 322, 357, 7, 0, 52.58%, 3, 0, 6, 136.40, 514565, 214, 13, 0
1858, 3, 322, 357, 7, 0, 52.58%, 3, 0, 6, 137.54, 515261, 214, 13, 0
1864, 3, 357, 358, 7, 1, 52.83%, 3, 0, 6, 128.71, 515918, 215, 13, 0
1869, 3, 357, 358, 7, 1, 52.83%, 3, 0, 6, 135.51, 516624, 215, 13, 0
1874, 3, 357, 358, 7, 1, 52.83%, 3, 0, 6, 149.21, 517400, 215, 13, 0
1879, 3, 357, 358, 7, 1, 52.83%, 3, 0, 6, 142.71, 518122, 215, 13, 0
1884, 3, 245, 358, 6, 0, 52.83%, 3, 0, 6, 143.41, 518877, 215, 13, 0
1889, 3, 49, 358, 6, 0, 52.83%, 3, 0, 6, 133.45, 519558, 215, 13, 0
1894, 3, 314, 358, 6, 0, 52.83%, 3, 0, 6, 139.09, 520260, 215, 13, 0
1899, 3, 49, 358, 5, 0, 52.83%, 3, 0, 6, 148.14, 521017, 215, 13, 0
1904, 3, 268, 359, 6, 0, 52.83%, 3, 0, 6, 124.62, 521641, 215, 13, 0
1909, 3, 41, 359, 6, 0, 52.83%, 3, 0, 6, 148.39, 522446, 215, 13, 0
1915, 3, 238, 359, 6, 0, 52.83%, 3, 0, 6, 139.19, 523104, 215, 13, 0
1920, 3, 147, 359, 6, 0, 52.83%, 3, 0, 6, 130.56, 523759, 215, 13, 0
1925, 3, 207, 359, 6, 0, 52.83%, 3, 0, 6, 144.16, 524495, 215, 13, 0
1930, 3, 117, 359, 6, 0, 52.83%, 3, 0, 6, 139.56, 525200, 215, 13, 0
1935, 3, 241, 359, 6, 0, 52.83%, 3, 0, 6, 134.90, 525870, 215, 13, 0
1940, 3, 356, 359, 6, 0, 52.83%, 3, 0, 6, 148.51, 526637, 215, 13, 0
1945, 3, 358, 359, 5, 0, 52.83%, 3, 0, 6, 141.89, 527372, 215, 13, 0
1950, 3, 358, 359, 5, 0, 52.83%, 3, 0, 6, 138.63, 528092, 215, 13, 0
1956, 3, 207, 359, 4, 0, 52.83%, 3, 0, 6, 132.98, 528745, 215, 13, 0
1961, 3, 241, 359, 4, 0, 52.83%, 3, 0, 6, 137.32, 529457, 215, 13, 0
1966, 3, 262, 359, 4, 0, 52.83%, 3, 0, 6, 129.16, 530113, 215, 13, 0
1971, 3, 235, 359, 4, 0, 52.83%, 3, 0, 6, 137.73, 530822, 215, 13, 0
1976, 4, 100, 360, 5, 0, 52.83%, 3, 0, 6, 137.37, 531526, 215, 13, 0
1981, 4, 244, 360, 5, 0, 52.83%, 3, 0, 6, 128.86, 532190, 215, 13, 0
1986, 4, 239, 360, 5, 0, 52.83%, 3, 0, 6, 138.00, 532875, 215, 13, 0
1991, 4, 87, 360, 5, 0, 52.83%, 3, 0, 6, 138.05, 533555, 215, 13, 0
1996, 4, 244, 360, 5, 0, 52.83%, 3, 0, 6, 130.46, 534211, 215, 13, 0
2001, 4, 359, 360, 5, 0, 52.83%, 3, 0, 6, 133.61, 534887, 215, 13, 0
2007, 4, 135, 360, 4, 0, 52.83%, 3, 0, 6, 125.67, 535530, 215, 13, 0
2012, 4, 98, 360, 4, 0, 52.83%, 3, 0, 6, 125.38, 536187, 215, 13, 0
2017, 4, 207, 360, 4, 0, 52.83%, 3, 0, 6, 138.62, 536893, 215, 13, 0
2022, 4, 262, 360, 4, 0, 52.83%, 3, 0, 6, 136.24, 537614, 215, 13, 0
2027, 4, 348, 360, 4, 0, 52.83%, 3, 0, 6, 139.16, 538322, 215, 13, 0
2032, 4, 235, 360, 3, 0, 52.83%, 3, 0, 6, 134.02, 538998, 215, 13, 0
2037, 4, 257, 360, 3, 0, 52.83%, 3, 0, 6, 127.86, 539643, 215, 13, 0
2042, 4, 344, 360, 3, 0, 52.83%, 3, 0, 6, 134.15, 540336, 215, 13, 0
2047, 4, 136, 360, 3, 0, 52.83%, 3, 0, 6, 131.61, 541008, 215, 13, 0
2052, 4, 48, 360, 3, 0, 52.83%, 3, 0, 6, 139.20, 541715, 215, 13, 0
2057, 4, 77, 360, 3, 0, 52.83%, 3, 0, 6, 141.88, 542430, 215, 13, 0
2062, 4, 19, 360, 3, 0, 52.83%, 3, 0, 6, 132.57, 543107, 215, 13, 0
2068, 4, 11, 360, 3, 0, 52.83%, 3, 0, 6, 128.53, 543758, 215, 13, 0
2073, 4, 247, 360, 3, 0, 52.83%, 3, 0, 6, 135.29, 544430, 215, 13, 0
2078, 4, 245, 360, 3, 0, 52.83%, 3, 0, 6, 143.07, 545146, 215, 13, 0
2083, 4, 255, 360, 3, 0, 52.83%, 3, 0, 6, 134.76, 545839, 215, 13, 0
2088, 4, 247, 360, 3, 0, 52.83%, 3, 0, 6, 138.76, 546569, 215, 16, 0
2093, 4, 313, 360, 3, 0, 52.83%, 3, 0, 6, 138.71, 547269, 215, 16, 0
2098, 4, 234, 360, 3, 0, 52.83%, 3, 0, 6, 133.89, 547952, 215, 16, 0
2103, 4, 57, 360, 3, 0, 52.83%, 3, 0, 6, 128.83, 548610, 215, 16, 0
2109, 4, 75, 360, 3, 0, 52.83%, 3, 0, 6, 138.72, 549328, 215, 16, 0
2114, 4, 243, 360, 3, 0, 52.83%, 3, 0, 6, 132.17, 549998, 215, 16, 0
2119, 4, 277, 360, 3, 0, 52.83%, 3, 0, 6, 142.13, 550729, 215, 19, 0
2124, 4, 235, 360, 3, 0, 52.83%, 3, 0, 6, 138.71, 551429, 215, 19, 0
2129, 4, 344, 360, 3, 0, 52.83%, 3, 0, 6, 130.77, 552118, 215, 19, 0
2134, 4, 286, 360, 3, 0, 52.83%, 3, 0, 6, 156.90, 552923, 215, 19, 0
2139, 4, 239, 360, 2, 0, 52.83%, 3, 0, 6, 426.19, 555287, 215, 19, 0
2144, 4, 206, 360, 2, 0, 52.83%, 3, 0, 6, 458.50, 557614, 215, 19, 0
2149, 4, 248, 360, 2, 0, 52.83%, 3, 0, 6, 455.04, 559947, 215, 21, 0
2154, 4, 234, 360, 2, 0, 52.83%, 3, 0, 6, 452.61, 562177, 215, 24, 0
2160, 4, 85, 360, 2, 0, 52.83%, 3, 0, 6, 456.08, 564508, 215, 24, 0
2165, 4, 268, 360, 2, 0, 52.83%, 3, 0, 6, 442.24, 566790, 215, 24, 0
2170, 4, 19, 360, 2, 0, 52.83%, 3, 0, 6, 451.12, 569040, 215, 28, 0
2175, 4, 255, 360, 2, 0, 52.83%, 3, 0, 6, 448.18, 571377, 215, 28, 0
2180, 4, 75, 360, 2, 0, 52.83%, 3, 0, 6, 427.32, 573647, 215, 28, 0
2185, 4, 3, 360, 2, 0, 52.83%, 3, 0, 6, 454.11, 576007, 215, 30, 0
2190, 4, 344, 361, 3, 0, 52.83%, 3, 0, 6, 444.00, 578245, 215, 30, 0
2195, 4, 360, 361, 3, 0, 52.83%, 3, 0, 6, 458.14, 580617, 215, 30, 0
2200, 5, 380, 424, 65, 0, 61.67%, 3, 0, 6, 465.37, 583009, 251, 30, 0
2205, 5, 394, 424, 64, 5, 61.67%, 3, 0, 6, 435.57, 585072, 251, 30, 0
2210, 5, 394, 428, 68, 5, 61.92%, 3, 0, 6, 451.96, 587436, 252, 30, 0
2215, 5, 394, 430, 70, 5, 62.16%, 3, 0, 6, 499.48, 589970, 253, 30, 0
2220, 5, 394, 430, 70, 5, 62.16%, 3, 0, 6, 466.47, 592247, 253, 30, 0
2226, 5, 425, 430, 68, 5, 62.16%, 3, 0, 6, 459.58, 594598, 253, 30, 0
2231, 5, 368, 430, 67, 4, 62.16%, 3, 0, 6, 469.49, 597009, 253, 30, 0
2236, 5, 378, 430, 65, 2, 62.16%, 3, 0, 6, 490.46, 599506, 253, 30, 0
2241, 5, 365, 430, 63, 1, 62.16%, 3, 0, 6, 490.34, 601925, 253, 30, 0
2246, 5, 367, 430, 61, 1, 62.16%, 3, 0, 6, 474.84, 604322, 253, 30, 0
2251, 5, 388, 430, 58, 0, 62.16%, 3, 0, 6, 495.38, 606906, 253, 30, 0
2256, 5, 222, 430, 56, 0, 62.16%, 3, 0, 6, 482.86, 609289, 253, 30, 0
2261, 5, 399, 430, 55, 0, 62.16%, 3, 0, 6, 469.10, 611688, 253, 30, 0
2266, 5, 395, 430, 53, 0, 62.16%, 3, 0, 6, 460.31, 614082, 253, 30, 0
2271, 5, 415, 430, 52, 0, 62.16%, 3, 0, 6, 469.35, 616435, 253, 30, 0
2276, 5, 391, 430, 50, 0, 62.16%, 3, 0, 6, 472.14, 618850, 253, 30, 0
2281, 5, 426, 430, 48, 0, 62.16%, 3, 0, 6, 457.41, 621173, 253, 30, 0
2286, 5, 404, 430, 46, 0, 62.16%, 3, 0, 6, 477.99, 623704, 253, 30, 0
2292, 5, 418, 430, 44, 0, 62.16%, 3, 0, 6, 482.07, 626169, 253, 30, 0
2297, 5, 368, 430, 41, 0, 62.16%, 3, 0, 6, 469.25, 628581, 253, 30, 0
2302, 5, 398, 430, 41, 0, 62.16%, 3, 0, 6, 444.44, 630813, 253, 30, 0
2307, 5, 371, 430, 39, 0, 62.16%, 3, 0, 6, 472.58, 633251, 253, 30, 0
2312, 5, 401, 431, 38, 0, 62.16%, 3, 0, 6, 476.07, 635661, 253, 30, 0
2317, 5, 421, 431, 37, 0, 62.16%, 3, 0, 6, 472.17, 637966, 253, 30, 0
2322, 5, 413, 431, 35, 0, 62.16%, 3, 0, 6, 467.01, 640379, 253, 30, 0
2327, 5, 377, 431, 34, 0, 62.16%, 3, 0, 6, 476.18, 642784, 253, 30, 0
2332, 5, 372, 431, 32, 0, 62.16%, 3, 0, 6, 467.46, 645122, 253, 30, 0
2337, 5, 383, 431, 31, 0, 62.16%, 3, 0, 6, 467.35, 647384, 253, 31, 0
2342, 5, 207, 431, 29, 0, 62.16%, 3, 0, 6, 471.39, 649777, 253, 31, 0
2347, 5, 381, 431, 28, 0, 62.16%, 3, 0, 6, 455.84, 652057, 253, 31, 0
2353, 5, 364, 431, 27, 0, 62.16%, 3, 0, 6, 425.15, 654194, 253, 31, 0
2358, 5, 416, 431, 25, 0, 62.16%, 3, 0, 6, 419.70, 656307, 253, 31, 0
2363, 5, 262, 431, 24, 0, 62.16%, 3, 0, 6, 417.56, 658432, 253, 31, 0
2368, 5, 412, 431, 24, 0, 62.16%, 3, 0, 6, 438.35, 660705, 253, 31, 0
2373, 5, 376, 431, 23, 0, 62.16%, 3, 0, 6, 466.06, 663128, 253, 31, 0
2378, 5, 13, 431, 21, 0, 62.16%, 3, 0, 6, 442.49, 665373, 253, 31, 0
2383, 5, 393, 431, 20, 0, 62.16%, 3, 0, 6, 441.06, 667570, 253, 31, 0
2388, 5, 247, 431, 18, 0, 62.16%, 3, 0, 6, 445.16, 669840, 253, 31, 0
2393, 5, 397, 431, 17, 0, 62.16%, 3, 0, 6, 459.98, 672227, 253, 31, 0
2398, 5, 15, 431, 16, 0, 62.16%, 3, 0, 6, 462.40, 674587, 253, 31, 0
2403, 5, 139, 431, 16, 0, 62.16%, 3, 0, 6, 451.38, 676861, 253, 31, 0
2408, 5, 257, 431, 15, 0, 62.16%, 3, 0, 6, 469.52, 679234, 253, 31, 0
2413, 5, 147, 431, 14, 0, 62.16%, 3, 0, 6, 476.49, 681623, 253, 31, 0
2418, 5, 423, 431, 14, 0, 62.16%, 3, 0, 6, 478.99, 683995, 253, 31, 0
2423, 5, 409, 431, 13, 0, 62.16%, 3, 0, 6, 502.27, 686487, 253, 31, 0
2428, 5, 3, 431, 11, 0, 62.16%, 3, 0, 6, 494.00, 688969, 253, 31, 0
2434, 5, 268, 431, 11, 0, 62.16%, 4, 0, 6, 487.73, 691415, 253, 32, 0
2439, 5, 41, 431, 10, 0, 62.16%, 4, 0, 6, 470.28, 693740, 253, 32, 0
2444, 5, 392, 431, 9, 0, 62.16%, 4, 0, 6, 466.27, 696137, 253, 34, 0
2449, 5, 411, 431, 9, 0, 62.16%, 4, 0, 6, 472.10, 698523, 253, 34, 0
2454, 5, 142, 431, 7, 0, 62.16%, 4, 0, 6, 480.96, 700960, 253, 34, 0
2459, 5, 303, 431, 7, 0, 62.16%, 4, 0, 6, 435.95, 703131, 253, 34, 0
2464, 5, 378, 431, 7, 0, 62.16%, 4, 0, 6, 443.46, 705380, 253, 35, 0
2469, 5, 408, 431, 7, 0, 62.16%, 4, 0, 6, 475.92, 707807, 253, 35, 0
2474, 5, 147, 431, 6, 0, 62.16%, 4, 0, 6, 459.06, 710053, 253, 35, 0
2479, 6, 450, 452, 27, 7, 63.39%, 4, 0, 6, 458.21, 712425, 258, 35, 0
2484, 6, 441, 452, 24, 5, 63.39%, 4, 0, 6, 448.03, 714712, 258, 35, 0
2489, 6, 443, 453, 24, 4, 63.39%, 4, 0, 6, 462.46, 717083, 258, 35, 0
2494, 6, 433, 453, 23, 3, 63.39%, 4, 0, 6, 434.15, 719227, 258, 35, 0
2499, 6, 449, 453, 22, 2, 63.39%, 4, 0, 6, 482.68, 721644, 258, 35, 0
2504, 6, 49, 453, 20, 0, 63.39%, 4, 0, 6, 468.75, 723924, 258, 35, 0
2509, 6, 445, 453, 19, 0, 63.39%, 4, 0, 6, 451.24, 726224, 258, 35, 0
2515, 6, 405, 453, 18, 0, 63.39%, 4, 0, 6, 489.69, 728778, 258, 35, 0
2520, 6, 244, 453, 16, 0, 63.39%, 4, 0, 6, 444.26, 731001, 258, 35, 0
2525, 6, 390, 453, 16, 0, 63.39%, 4, 0, 6, 438.21, 733203, 258, 35, 0
2530, 6, 70, 453, 14, 0, 63.39%, 4, 0, 6, 428.69, 735351, 258, 35, 0
2535, 6, 431, 453, 14, 0, 63.39%, 4, 0, 6, 471.10, 737786, 258, 35, 0
2540, 6, 121, 453, 13, 0, 63.39%, 4, 0, 6, 457.16, 740085, 258, 35, 0
2545, 6, 336, 453, 12, 0, 63.39%, 4, 0, 6, 450.41, 742396, 258, 35, 0
2550, 6, 172, 453, 12, 0, 63.39%, 4, 0, 6, 433.87, 744591, 258, 35, 0
2555, 6, 435, 453, 11, 0, 63.39%, 4, 0, 6, 453.95, 746873, 258, 35, 0
2560, 6, 397, 453, 10, 0, 63.39%, 5, 0, 6, 447.27, 749099, 258, 38, 0
2565, 6, 284, 453, 10, 0, 63.39%, 5, 0, 6, 448.55, 751399, 258, 38, 0
2570, 6, 394, 453, 10, 0, 63.39%, 5, 0, 6, 476.37, 753798, 258, 38, 0
2575, 6, 268, 453, 10, 0, 63.39%, 5, 0, 6, 479.21, 756211, 258, 38, 0
2580, 6, 207, 453, 10, 0, 63.39%, 5, 0, 6, 477.47, 758646, 258, 38, 0
2585, 6, 75, 453, 10, 0, 63.39%, 5, 0, 6, 481.66, 761017, 258, 38, 0
2590, 6, 203, 453, 10, 0, 63.39%, 5, 0, 6, 446.53, 763263, 258, 38, 0
2595, 6, 250, 453, 9, 0, 63.39%, 5, 0, 6, 467.38, 765692, 258, 38, 0
2600, 6, 402, 453, 9, 0, 63.39%, 5, 0, 6, 469.94, 768093, 258, 39, 0
2606, 6, 257, 453, 8, 0, 63.39%, 5, 0, 6, 462.85, 770417, 258, 39, 0
2611, 6, 441, 453, 7, 0, 63.39%, 5, 0, 6, 472.75, 772863, 258, 39, 0
2616, 6, 442, 453, 7, 0, 63.39%, 5, 0, 6, 459.75, 775209, 258, 39, 0
2621, 6, 429, 453, 6, 0, 63.39%, 5, 0, 6, 468.84, 777557, 258, 42, 0
2626, 6, 248, 453, 5, 0, 63.39%, 5, 0, 6, 465.03, 779869, 258, 42, 0
2631, 6, 3, 453, 5, 0, 63.39%, 5, 0, 6, 427.21, 781994, 258, 42, 0
2636, 6, 438, 453, 5, 0, 63.39%, 5, 0, 6, 421.89, 784087, 258, 42, 0
2641, 6, 433, 453, 4, 0, 63.39%, 5, 0, 6, 409.29, 786184, 258, 42, 0
2646, 6, 255, 453, 4, 0, 63.39%, 5, 0, 6, 447.35, 788501, 258, 43, 0
2651, 6, 49, 453, 3, 0, 63.39%, 5, 0, 6, 473.32, 790939, 258, 43, 0
2656, 6, 433, 453, 2, 0, 63.39%, 5, 0, 6, 450.12, 793226, 258, 43, 0
2661, 6, 41, 453, 2, 0, 63.39%, 5, 0, 6, 461.23, 795495, 258, 43, 0
2666, 7, 456, 457, 6, 1, 63.64%, 5, 0, 6, 458.81, 797785, 259, 43, 0
2671, 7, 255, 457, 5, 0, 63.64%, 5, 0, 6, 447.12, 800082, 259, 44, 0
2676, 7, 49, 457, 5, 0, 63.64%, 5, 0, 6, 439.92, 802317, 259, 44, 0
2682, 7, 207, 457, 5, 0, 63.64%, 5, 0, 6, 454.74, 804633, 259, 47, 0
2687, 7, 238, 457, 4, 0, 63.64%, 5, 0, 6, 443.40, 806839, 259, 47, 0
2692, 7, 317, 457, 4, 0, 63.64%, 5, 0, 6, 440.94, 809078, 259, 50, 0
2697, 7, 100, 457, 3, 0, 63.64%, 5, 0, 6, 448.59, 811347, 259, 50, 0
2702, 7, 262, 457, 3, 0, 63.64%, 5, 0, 6, 461.21, 813667, 259, 50, 0
2707, 7, 453, 457, 2, 0, 63.64%, 5, 0, 6, 466.27, 816000, 259, 53, 0
2712, 7, 217, 457, 1, 0, 63.64%, 5, 0, 6, 468.40, 818377, 259, 53, 0
2717, 7, 433, 457, 1, 0, 63.64%, 5, 0, 6, 467.09, 820747, 259, 56, 0
2722, 7, 57, 457, 1, 0, 63.64%, 5, 0, 6, 470.04, 823129, 259, 56, 0
2727, 7, 257, 457, 1, 0, 63.64%, 5, 0, 6, 461.48, 825430, 259, 60, 0
2732, 7, 255, 457, 1, 0, 63.64%, 5, 0, 6, 464.48, 827782, 259, 60, 0
2737, 7, 407, 458, 2, 0, 63.64%, 5, 0, 6, 441.40, 830098, 259, 60, 0
2742, 7, 413, 458, 1, 0, 63.64%, 5, 0, 6, 468.74, 832523, 259, 60, 0
2747, 7, 257, 458, 1, 0, 63.64%, 5, 0, 6, 474.90, 834941, 259, 60, 0
2752, 7, 433, 458, 1, 0, 63.64%, 5, 0, 6, 452.93, 837173, 259, 60, 0
2757, 7, 239, 458, 1, 0, 63.64%, 5, 0, 6, 478.59, 839569, 259, 62, 0
2762, 7, 336, 458, 1, 0, 63.64%, 5, 0, 6, 455.57, 841893, 259, 62, 0
2768, 7, 441, 458, 1, 0, 63.64%, 5, 0, 6, 453.39, 844268, 259, 62, 0
2773, 7, 41, 458, 1, 0, 63.64%, 5, 0, 6, 464.53, 846581, 259, 63, 0
2778, 7, 457, 458, 1, 0, 63.64%, 5, 0, 6, 475.23, 848979, 259, 63, 0
2783, 7, 245, 458, 0, 0, 63.64%, 5, 0, 6, 471.83, 851404, 259, 63, 0
2788, 7, 11, 458, 0, 0, 63.64%, 5, 0, 6, 478.84, 853827, 259, 63, 0
2793, 7, 308, 458, 0, 0, 63.64%, 5, 0, 6, 469.80, 856230, 259, 63, 0
2798, 7, 239, 458, 0, 0, 63.64%, 5, 0, 6, 452.44, 858548, 259, 63, 0
2803, 8, 244, 459, 1, 0, 64.13%, 5, 0, 6, 475.44, 860954, 261, 63, 0
2808, 8, 41, 459, 0, 0, 64.13%, 5, 0, 6, 461.30, 863178, 261, 68, 0
2813, 8, 458, 459, 0, 0, 64.13%, 5, 0, 6, 462.50, 865447, 261, 68, 0
2818, 8, 142, 459, 0, 0, 64.13%, 5, 0, 6, 469.66, 867818, 261, 68, 0
2823, 8, 57, 459, 0, 0, 64.13%, 5, 0, 6, 456.65, 870148, 261, 68, 0
2828, 8, 261, 459, 0, 0, 64.13%, 5, 0, 6, 434.45, 872252, 261, 68, 0
2833, 8, 255, 459, 0, 0, 64.13%, 5, 0, 6, 432.58, 874499, 261, 68, 0
2838, 8, 248, 459, 0, 0, 64.13%, 5, 0, 6, 457.46, 876833, 261, 68, 0
2843, 8, 255, 459, 0, 0, 64.13%, 5, 0, 6, 449.90, 879097, 261, 68, 0
2849, 8, 203, 459, 0, 0, 64.13%, 5, 0, 6, 468.36, 881541, 261, 68, 0
2854, 8, 207, 459, 0, 0, 64.13%, 5, 0, 6, 455.55, 883847, 261, 68, 0
2859, 8, 41, 459, 0, 0, 64.13%, 5, 0, 6, 470.11, 886161, 261, 68, 0
2864, 8, 257, 459, 0, 0, 64.13%, 5, 0, 6, 457.79, 888503, 261, 68, 0
2869, 8, 244, 459, 0, 0, 64.13%, 5, 0, 6, 474.99, 890937, 261, 68, 0
2874, 8, 142, 459, 0, 0, 64.13%, 5, 0, 6, 491.35, 893439, 261, 69, 0
2879, 8, 215, 459, 0, 0, 64.13%, 5, 0, 6, 474.91, 895870, 261, 69, 0
2884, 8, 244, 459, 0, 0, 64.13%, 5, 0, 6, 438.88, 898036, 261, 69, 0
2889, 8, 244, 459, 0, 0, 64.13%, 5, 0, 6, 443.17, 900271, 261, 69, 0
2894, 8, 392, 459, 0, 0, 64.13%, 5, 0, 6, 474.26, 902616, 261, 69, 0
2899, 8, 235, 459, 0, 0, 64.13%, 5, 0, 6, 447.81, 904844, 261, 69, 0
2904, 8, 235, 459, 0, 0, 64.13%, 5, 0, 6, 434.73, 907037, 261, 69, 0
2909, 8, 401, 459, 0, 0, 64.13%, 5, 0, 6, 446.39, 909352, 261, 69, 0
2914, 8, 257, 459, 0, 0, 64.13%, 5, 0, 6, 441.46, 911669, 261, 69, 0
2920, 8, 339, 459, 0, 0, 64.13%, 5, 0, 6, 456.58, 913976, 261, 75, 0
2925, 8, 370, 459, 0, 0, 64.13%, 5, 0, 6, 441.90, 916108, 261, 77, 0
2930, 8, 63, 459, 0, 0, 64.13%, 5, 0, 6, 463.76, 918465, 261, 78, 0
2935, 9, 85, 460, 1, 0, 64.13%, 5, 0, 6, 443.51, 920665, 261, 78, 0
2940, 9, 246, 460, 1, 0, 64.13%, 5, 0, 6, 472.48, 923242, 261, 78, 0
2945, 9, 244, 460, 1, 0, 64.13%, 5, 0, 6, 476.77, 925723, 261, 79, 0
2950, 9, 147, 460, 1, 0, 64.13%, 5, 0, 6, 459.81, 927925, 261, 79, 0
2955, 9, 88, 460, 1, 0, 64.13%, 5, 0, 6, 448.05, 930176, 261, 79, 0
2960, 9, 318, 460, 1, 0, 64.13%, 5, 0, 6, 454.43, 932534, 261, 79, 0
2965, 9, 234, 460, 1, 0, 64.13%, 5, 0, 6, 443.48, 934700, 261, 82, 0
2970, 9, 243, 460, 1, 0, 64.13%, 5, 0, 6, 460.45, 937086, 261, 82, 0
2975, 9, 135, 461, 1, 0, 64.37%, 5, 0, 6, 458.35, 939424, 262, 82, 0
2980, 9, 133, 461, 1, 0, 64.37%, 5, 0, 6, 452.29, 941708, 262, 82, 0
2985, 9, 207, 461, 1, 0, 64.37%, 5, 0, 6, 443.49, 943926, 262, 82, 0
2991, 9, 248, 461, 1, 0, 64.37%, 5, 0, 6, 454.55, 946304, 262, 84, 0
2996, 9, 246, 461, 1, 0, 64.37%, 5, 0, 6, 431.16, 948427, 262, 84, 0
3001, 9, 85, 461, 1, 0, 64.37%, 5, 0, 6, 455.34, 950806, 262, 84, 0
3006, 9, 303, 461, 1, 0, 64.37%, 5, 0, 6, 437.96, 953004, 262, 84, 0
3011, 9, 459, 461, 1, 0, 64.37%, 5, 0, 6, 465.36, 955269, 262, 84, 0
3016, 9, 394, 461, 0, 0, 64.37%, 5, 0, 6, 476.61, 957736, 262, 84, 0
3021, 9, 284, 461, 0, 0, 64.37%, 5, 0, 6, 433.85, 959866, 262, 84, 0
3026, 9, 147, 461, 0, 0, 64.37%, 5, 0, 6, 434.00, 962039, 262, 84, 0
3031, 9, 207, 461, 0, 0, 64.37%, 5, 0, 6, 468.83, 964449, 262, 86, 0
3036, 9, 244, 461, 0, 0, 64.37%, 5, 0, 6, 474.39, 966914, 262, 86, 0
3041, 9, 405, 461, 0, 0, 64.37%, 5, 0, 6, 473.87, 969263, 262, 86, 0
3046, 9, 268, 461, 0, 0, 64.37%, 5, 0, 6, 450.83, 971538, 262, 89, 0
3052, 9, 449, 461, 0, 0, 64.37%, 5, 0, 6, 476.82, 974050, 262, 89, 0
3057, 9, 241, 461, 0, 0, 64.37%, 5, 0, 6, 473.69, 976407, 262, 89, 0
3062, 9, 15, 461, 0, 0, 64.37%, 5, 0, 6, 465.63, 978765, 262, 89, 0
3067, 10, 238, 461, 0, 0, 64.37%, 5, 0, 6, 469.61, 981164, 262, 89, 0
3072, 10, 243, 461, 0, 0, 64.37%, 5, 0, 6, 441.28, 983408, 262, 89, 0
3077, 10, 14, 461, 0, 0, 64.37%, 5, 0, 6, 432.78, 985563, 262, 89, 0
3082, 10, 115, 461, 0, 0, 64.37%, 5, 0, 6, 464.42, 987967, 262, 89, 0
3087, 10, 75, 461, 0, 0, 64.37%, 5, 0, 6, 483.79, 990368, 262, 90, 0
3092, 10, 49, 461, 0, 0, 64.37%, 5, 0, 6, 488.94, 992758, 262, 91, 0
3097, 10, 268, 461, 0, 0, 64.37%, 5, 0, 6, 467.82, 995116, 262, 91, 0
3102, 10, 207, 461, 0, 0, 64.37%, 5, 0, 6, 477.69, 997571, 262, 91, 0
3107, 10, 447, 461, 0, 0, 64.37%, 5, 0, 6, 473.93, 999940, 262, 91, 0
3112, 10, 449, 461, 0, 0, 64.37%, 5, 0, 6, 488.48, 1002381, 262, 91, 0
3117, 10, 57, 461, 0, 0, 64.37%, 5, 0, 6, 466.64, 1004676, 262, 91, 0
3122, 10, 207, 461, 0, 0, 64.37%, 5, 0, 6, 478.21, 1007139, 262, 92, 0
3127, 10, 57, 462, 1, 0, 64.37%, 5, 0, 6, 469.45, 1009453, 262, 93, 0
3132, 10, 331, 462, 0, 0, 64.37%, 5, 0, 6, 440.54, 1011636, 262, 93, 0
3137, 10, 257, 462, 0, 0, 64.37%, 5, 0, 6, 435.75, 1013807, 262, 94, 0
3142, 10, 394, 462, 0, 0, 64.37%, 5, 0, 6, 456.89, 1016107, 262, 95, 0
3147, 10, 203, 462, 0, 0, 64.37%, 5, 0, 6, 463.28, 1018476, 262, 95, 0
3152, 10, 244, 462, 0, 0, 64.37%, 5, 0, 6, 437.09, 1020645, 262, 98, 0
3158, 10, 41, 462, 0, 0, 64.37%, 5, 0, 6, 437.88, 1022852, 262, 98, 0
3163, 10, 370, 462, 0, 0, 64.37%, 5, 0, 6, 455.23, 1025127, 262, 98, 0
3168, 10, 277, 462, 0, 0, 64.37%, 5, 0, 6, 446.20, 1027304, 262, 98, 0
3173, 10, 180, 462, 0, 0, 64.37%, 5, 0, 6, 455.38, 1029612, 262, 98, 0
3178, 10, 264, 462, 0, 0, 64.37%, 5, 0, 6, 439.69, 1031824, 262, 98, 0
3183, 10, 207, 462, 0, 0, 64.37%, 5, 0, 6, 450.53, 1034093, 262, 98, 0
3188, 10, 207, 462, 0, 0, 64.37%, 5, 0, 6, 456.14, 1036427, 262, 98, 0
3193, 11, 460, 463, 1, 0, 64.37%, 5, 0, 6, 441.32, 1038705, 262, 98, 0
3198, 11, 436, 463, 1, 0, 64.37%, 5, 0, 6, 426.90, 1040808, 262, 98, 0
3203, 11, 207, 463, 1, 0, 64.37%, 5, 0, 6, 409.17, 1042903, 262, 98, 0
3208, 11, 117, 463, 1, 0, 64.37%, 5, 0, 6, 452.36, 1045290, 262, 98, 0
3213, 11, 57, 463, 0, 0, 64.37%, 5, 0, 6, 439.53, 1047506, 262, 98, 0
3218, 11, 449, 463, 0, 0, 64.37%, 5, 0, 6, 471.78, 1049888, 262, 98, 0
3223, 11, 49, 463, 0, 0, 64.37%, 5, 0, 6, 448.34, 1052112, 262, 98, 0
3228, 11, 49, 463, 0, 0, 64.37%, 5, 0, 6, 461.91, 1054419, 262, 98, 0
3233, 11, 70, 463, 0, 0, 64.37%, 5, 0, 6, 455.54, 1056658, 262, 98, 0
3238, 11, 463, 464, 1, 0, 64.37%, 5, 0, 6, 455.36, 1059027, 262, 98, 0
3243, 11, 305, 464, 0, 0, 64.37%, 5, 0, 6, 471.50, 1061454, 262, 98, 0
3248, 11, 241, 464, 0, 0, 64.37%, 5, 0, 6, 467.24, 1063742, 262, 98, 0
3254, 11, 244, 464, 0, 0, 64.37%, 5, 0, 6, 455.87, 1066094, 262, 98, 0
3259, 11, 257, 464, 0, 0, 64.37%, 5, 0, 6, 460.67, 1068401, 262, 98, 0
3264, 11, 303, 464, 0, 0, 64.37%, 5, 0, 6, 452.32, 1070682, 262, 98, 0
3269, 11, 247, 464, 0, 0, 64.37%, 5, 0, 6, 433.70, 1072845, 262, 99, 0
3274, 11, 231, 464, 0, 0, 64.37%, 5, 0, 6, 464.51, 1075165, 262, 99, 0
3279, 11, 290, 464, 0, 0, 64.37%, 5, 0, 6, 458.93, 1077528, 262, 99, 0
3284, 11, 460, 464, 0, 0, 64.37%, 5, 0, 6, 446.78, 1079804, 262, 99, 0
3289, 11, 245, 464, 0, 0, 64.37%, 5, 0, 6, 464.87, 1082197, 262, 99, 0
3294, 11, 313, 464, 0, 0, 64.37%, 5, 0, 6, 449.95, 1084472, 262, 99, 0
3299, 11, 394, 464, 0, 0, 64.37%, 5, 0, 6, 448.27, 1086732, 262, 99, 0
3305, 11, 57, 464, 0, 0, 64.37%, 5, 0, 6, 424.28, 1088842, 262, 99, 0
3310, 11, 303, 464, 0, 0, 64.37%, 5, 0, 6, 455.50, 1091141, 262, 99, 0
3315, 11, 191, 464, 0, 0, 64.37%, 5, 0, 6, 442.01, 1093346, 262, 100, 0
3320, 11, 75, 464, 0, 0, 64.37%, 5, 0, 6, 442.66, 1095519, 262, 102, 0
3325, 12, 142, 464, 0, 0, 64.37%, 5, 0, 6, 438.65, 1097695, 262, 102, 0
3330, 12, 75, 464, 0, 0, 64.37%, 5, 0, 6, 437.01, 1099955, 262, 102, 0
3335, 12, 235, 464, 0, 0, 64.37%, 5, 0, 6, 448.01, 1102241, 262, 102, 0
3340, 12, 142, 464, 0, 0, 64.37%, 5, 0, 6, 468.36, 1104592, 262, 102, 0
3345, 12, 241, 464, 0, 0, 64.37%, 5, 0, 6, 465.50, 1106876, 262, 102, 0
3350, 12, 35, 464, 0, 0, 64.37%, 5, 0, 6, 440.27, 1109062, 262, 102, 0
3355, 12, 255, 464, 0, 0, 64.37%, 5, 0, 6, 439.86, 1111308, 262, 102, 0
3360, 12, 339, 464, 0, 0, 64.37%, 5, 0, 6, 437.98, 1113578, 262, 102, 0
3365, 12, 268, 464, 0, 0, 64.37%, 5, 0, 6, 443.81, 1115830, 262, 102, 0
3370, 12, 191, 464, 0, 0, 64.37%, 5, 0, 6, 449.34, 1118111, 262, 102, 0
3375, 12, 304, 464, 0, 0, 64.37%, 5, 0, 6, 451.32, 1120352, 262, 105, 0
3380, 12, 135, 464, 0, 0, 64.37%, 5, 0, 6, 459.20, 1122679, 262, 105, 0
3385, 12, 57, 464, 0, 0, 64.37%, 5, 0, 6, 450.52, 1124942, 262, 106, 0
3390, 12, 244, 464, 0, 0, 64.37%, 5, 0, 6, 487.86, 1127448, 262, 106, 0
3396, 12, 446, 464, 0, 0, 64.37%, 5, 0, 6, 454.48, 1129666, 262, 108, 0
3401, 12, 235, 464, 0, 0, 64.37%, 5, 0, 6, 446.42, 1131933, 262, 108, 0
3406, 12, 357, 464, 0, 0, 64.37%, 5, 0, 6, 458.42, 1134301, 262, 108, 0
3411, 12, 207, 464, 0, 0, 64.37%, 5, 0, 6, 475.70, 1136764, 262, 108, 0
3416, 12, 219, 464, 0, 0, 64.37%, 5, 0, 6, 450.18, 1139053, 262, 109, 0
3421, 12, 207, 464, 0, 0, 64.37%, 5, 0, 6, 446.32, 1141330, 262, 109, 0
3426, 12, 451, 464, 0, 0, 64.37%, 5, 0, 6, 482.29, 1143844, 262, 110, 0
3431, 12, 15, 464, 0, 0, 64.37%, 5, 0, 6, 492.74, 1146307, 262, 110, 0
3436, 12, 394, 464, 0, 0, 64.37%, 5, 0, 6, 481.72, 1148727, 262, 110, 0
3441, 12, 394, 464, 0, 0, 64.37%, 5, 0, 6, 450.63, 1150957, 262, 112, 0
3446, 12, 207, 464, 0, 0, 64.37%, 5, 0, 6, 472.77, 1153427, 262, 112, 0
3451, 12, 279, 464, 0, 0, 64.37%, 5, 0, 6, 480.24, 1155812, 262, 112, 0
3456, 13, 207, 465, 0, 0, 64.37%, 7, 0, 6, 464.33, 1158237, 262, 117, 0
3462, 13, 146, 465, 0, 0, 64.37%, 7, 0, 6, 450.57, 1160545, 262, 117, 0
3467, 13, 429, 465, 0, 0, 64.37%, 8, 0, 6, 429.82, 1162726, 262, 120, 0
3472, 13, 394, 465, 0, 0, 64.37%, 8, 0, 6, 473.90, 1165107, 262, 120, 0
3477, 13, 394, 465, 0, 0, 64.37%, 9, 0, 6, 446.48, 1167346, 262, 124, 0
3482, 13, 394, 465, 0, 0, 64.37%, 9, 0, 6, 432.68, 1169574, 262, 124, 0
3487, 13, 207, 465, 0, 0, 64.37%, 9, 0, 6, 439.57, 1171818, 262, 124, 0
3492, 13, 370, 465, 0, 0, 64.37%, 9, 0, 6, 432.36, 1174038, 262, 124, 0
3497, 13, 62, 465, 0, 0, 64.37%, 9, 0, 6, 462.42, 1176340, 262, 124, 0
3502, 13, 284, 465, 0, 0, 64.37%, 9, 0, 6, 437.09, 1178476, 262, 124, 0
3507, 13, 117, 465, 0, 0, 64.37%, 9, 0, 6, 453.81, 1180754, 262, 124, 0
3512, 13, 179, 465, 0, 0, 64.37%, 9, 0, 6, 459.43, 1183017, 262, 125, 0
3517, 13, 433, 465, 0, 0, 64.37%, 9, 0, 6, 450.20, 1185329, 262, 125, 0
3522, 13, 50, 465, 0, 0, 64.37%, 9, 0, 6, 460.02, 1187687, 262, 125, 0
3527, 13, 370, 465, 0, 0, 64.37%, 9, 0, 6, 464.41, 1190029, 262, 126, 0
3532, 13, 244, 465, 0, 0, 64.37%, 9, 0, 6, 450.80, 1192303, 262, 126, 0
3537, 13, 147, 465, 0, 0, 64.37%, 9, 0, 6, 421.25, 1194402, 262, 126, 0
3542, 13, 255, 465, 0, 0, 64.37%, 9, 0, 6, 443.27, 1196664, 262, 128, 0
3548, 13, 191, 465, 0, 0, 64.37%, 9, 0, 6, 441.58, 1198896, 262, 138, 0
3553, 13, 394, 465, 0, 0, 64.37%, 9, 0, 6, 429.52, 1201077, 262, 140, 0
3558, 13, 464, 465, 0, 0, 64.37%, 9, 0, 6, 452.23, 1203454, 262, 148, 0
3563, 13, 248, 465, 0, 0, 64.37%, 9, 0, 6, 442.04, 1205704, 262, 149, 0
3568, 13, 394, 465, 0, 0, 64.37%, 9, 0, 6, 435.27, 1207970, 262, 149, 0
3573, 13, 30, 465, 0, 0, 64.37%, 9, 0, 6, 489.38, 1210473, 262, 152, 0
3578, 13, 419, 465, 0, 0, 64.37%, 9, 0, 6, 475.02, 1212815, 262, 152, 0
3583, 13, 249, 465, 0, 0, 64.37%, 9, 0, 6, 471.92, 1215304, 262, 152, 0
3588, 13, 257, 465, 0, 0, 64.37%, 9, 0, 6, 456.42, 1217614, 262, 152, 0
3593, 14, 465, 468, 3, 1, 64.37%, 9, 0, 6, 471.81, 1219911, 262, 163, 0
3598, 14, 85, 468, 2, 0, 64.37%, 9, 0, 6, 471.57, 1222290, 262, 164, 0
3603, 14, 466, 468, 2, 0, 64.37%, 9, 0, 6, 489.03, 1224805, 262, 164, 0
3608, 14, 449, 468, 1, 0, 64.37%, 9, 0, 6, 471.29, 1227172, 262, 165, 0
3614, 14, 467, 468, 1, 0, 64.37%, 9, 0, 6, 498.20, 1229650, 262, 169, 0
3619, 14, 323, 468, 0, 0, 64.37%, 9, 0, 6, 460.37, 1231945, 262, 169, 0
3624, 14, 261, 468, 0, 0, 64.37%, 9, 0, 6, 451.93, 1234238, 262, 169, 0
3629, 14, 284, 468, 0, 0, 64.37%, 9, 0, 6, 493.54, 1236768, 262, 170, 0
3634, 14, 425, 468, 0, 0, 64.37%, 9, 0, 6, 446.45, 1238891, 262, 173, 0
3639, 14, 255, 468, 0, 0, 64.37%, 9, 0, 6, 449.70, 1241150, 262, 174, 0
3644, 14, 241, 468, 0, 0, 64.37%, 9, 0, 6, 459.08, 1243483, 262, 174, 0
3649, 14, 303, 468, 0, 0, 64.37%, 9, 0, 6, 472.03, 1245852, 262, 176, 0
3654, 14, 57, 468, 0, 0, 64.37%, 9, 0, 6, 446.91, 1248127, 262, 178, 0
3659, 14, 260, 468, 0, 0, 64.37%, 9, 0, 6, 458.49, 1250481, 262, 178, 0
3664, 14, 117, 468, 0, 0, 64.37%, 9, 0, 6, 429.27, 1252593, 262, 180, 0
3669, 14, 191, 468, 0, 0, 64.37%, 9, 0, 6, 438.59, 1254835, 262, 181, 0
3674, 14, 443, 468, 0, 0, 64.37%, 9, 0, 6, 440.27, 1257060, 262, 184, 0
3679, 14, 235, 468, 0, 0, 64.37%, 9, 0, 6, 456.47, 1259426, 262, 184, 0
3684, 14, 255, 468, 0, 0, 64.37%, 9, 0, 6, 451.13, 1261672, 262, 184, 0
3689, 14, 3, 468, 0, 0, 64.37%, 9, 0, 6, 453.87, 1263932, 262, 187, 0
3694, 14, 142, 468, 0, 0, 64.37%, 9, 0, 6, 422.47, 1266073, 262, 188, 0
3699, 14, 201, 468, 0, 0, 64.37%, 9, 0, 6, 457.72, 1268402, 262, 188, 0
3704, 14, 394, 468, 0, 0, 64.37%, 9, 0, 6, 463.04, 1270677, 262, 190, 0
3710, 14, 441, 468, 0, 0, 64.37%, 9, 0, 6, 459.00, 1273007, 262, 190, 0
3715, 14, 105, 468, 0, 0, 64.37%, 9, 0, 6, 463.66, 1275352, 262, 190, 0
3720, 14, 268, 468, 0, 0, 64.37%, 9, 0, 6, 453.69, 1277641, 262, 190, 0
3725, 14, 465, 468, 0, 0, 64.37%, 9, 0, 6, 422.95, 1279778, 262, 194, 0
3730, 14, 241, 468, 0, 0, 64.37%, 9, 0, 6, 444.20, 1282015, 262, 195, 0
3735, 15, 465, 470, 2, 0, 64.37%, 9, 0, 6, 477.07, 1284353, 262, 197, 0
3740, 15, 125, 470, 2, 0, 64.37%, 9, 0, 6, 447.17, 1286603, 262, 200, 0
3745, 15, 468, 470, 2, 0, 64.37%, 9, 0, 6, 468.68, 1288980, 262, 202, 0
3750, 15, 469, 470, 1, 0, 64.37%, 9, 0, 6, 455.04, 1291310, 262, 202, 0
3755, 15, 284, 470, 0, 0, 64.37%, 9, 0, 6, 473.89, 1293687, 262, 202, 0
3760, 15, 241, 470, 0, 0, 64.37%, 9, 0, 6, 438.40, 1295878, 262, 202, 0
3765, 15, 443, 470, 0, 0, 64.37%, 9, 0, 6, 436.64, 1298086, 262, 202, 0
3770, 15, 241, 470, 0, 0, 64.37%, 9, 0, 6, 471.87, 1300482, 262, 202, 0
3775, 15, 268, 470, 0, 0, 64.37%, 9, 0, 6, 463.75, 1302722, 262, 204, 0
3780, 15, 11, 470, 0, 0, 64.37%, 9, 0, 6, 446.63, 1304966, 262, 204, 0
3785, 15, 97, 470, 0, 0, 64.37%, 9, 0, 6, 440.41, 1307157, 262, 205, 0
3791, 15, 433, 470, 0, 0, 64.37%, 9, 0, 6, 429.47, 1309380, 262, 206, 0
3796, 15, 191, 470, 0, 0, 64.37%, 9, 0, 6, 399.06, 1311340, 262, 211, 0
3801, 15, 75, 470, 0, 0, 64.37%, 9, 0, 6, 434.48, 1313571, 262, 215, 0
3806, 15, 49, 470, 0, 0, 64.37%, 9, 0, 6, 411.81, 1315671, 262, 215, 0
3811, 15, 429, 470, 0, 0, 64.37%, 9, 0, 6, 423.23, 1317877, 262, 215, 0
3816, 15, 231, 470, 0, 0, 64.37%, 9, 0, 6, 427.67, 1320099, 262, 217, 0
3821, 15, 49, 470, 0, 0, 64.37%, 9, 0, 6, 444.96, 1322332, 262, 217, 0
3826, 15, 3, 470, 0, 0, 64.37%, 9, 0, 6, 440.33, 1324628, 262, 217, 0
3831, 15, 253, 470, 0, 0, 64.37%, 10, 0, 6, 452.17, 1327038, 262, 218, 0
3837, 15, 118, 470, 0, 0, 64.37%, 10, 0, 6, 431.26, 1329163, 262, 218, 0
3842, 15, 247, 470, 0, 0, 64.37%, 10, 0, 6, 445.90, 1331487, 262, 218, 0
3847, 15, 191, 470, 0, 0, 64.37%, 10, 0, 6, 440.51, 1333678, 262, 219, 0
3852, 15, 268, 470, 0, 0, 64.37%, 10, 0, 6, 429.93, 1335884, 262, 220, 0
3857, 15, 152, 470, 0, 0, 64.37%, 10, 0, 6, 456.88, 1338212, 262, 220, 0
3862, 15, 207, 470, 0, 0, 64.37%, 10, 0, 6, 439.43, 1340371, 262, 220, 0
3867, 15, 141, 470, 0, 0, 64.37%, 10, 0, 6, 459.76, 1342686, 262, 224, 0
3872, 16, 262, 470, 0, 0, 64.37%, 10, 0, 6, 465.91, 1345140, 262, 224, 0
3877, 16, 394, 470, 0, 0, 64.37%, 10, 0, 6, 438.75, 1347308, 262, 224, 0
3882, 16, 234, 470, 0, 0, 64.37%, 10, 0, 6, 448.34, 1349606, 262, 224, 0
3887, 16, 394, 470, 0, 0, 64.37%, 10, 0, 6, 439.44, 1351848, 262, 224, 0
3892, 16, 429, 470, 0, 0, 64.37%, 10, 0, 6, 433.92, 1354018, 262, 226, 0
3897, 16, 207, 470, 0, 0, 64.37%, 10, 0, 6, 443.10, 1356237, 262, 226, 0
3902, 16, 425, 470, 0, 0, 64.37%, 10, 0, 6, 470.67, 1358573, 262, 230, 0
3908, 16, 425, 470, 0, 0, 64.37%, 10, 0, 6, 442.50, 1360807, 262, 230, 0
3913, 16, 441, 470, 0, 0, 64.37%, 10, 0, 6, 427.41, 1362987, 262, 230, 0
3918, 16, 243, 470, 0, 0, 64.37%, 10, 0, 6, 431.97, 1365203, 262, 230, 0
3923, 16, 244, 470, 0, 0, 64.37%, 10, 0, 6, 453.82, 1367569, 262, 230, 0
3928, 16, 41, 470, 0, 0, 64.37%, 10, 0, 6, 458.41, 1369901, 262, 230, 0
3933, 16, 117, 470, 0, 0, 64.37%, 10, 0, 6, 440.66, 1372143, 262, 231, 0
3938, 16, 3, 470, 0, 0, 64.37%, 10, 0, 6, 434.30, 1374339, 262, 231, 0
3943, 16, 422, 470, 0, 0, 64.37%, 10, 0, 6, 414.47, 1376499, 262, 233, 0
3949, 16, 207, 470, 0, 0, 64.37%, 10, 0, 6, 451.50, 1378855, 262, 235, 0
3954, 16, 41, 470, 0, 0, 64.37%, 10, 0, 6, 472.70, 1381254, 262, 235, 0
3959, 16, 366, 470, 0, 0, 64.37%, 10, 0, 6, 466.57, 1383528, 262, 235, 0
3964, 16, 139, 470, 0, 0, 64.37%, 10, 0, 6, 434.67, 1385661, 262, 236, 0
3969, 16, 247, 470, 0, 0, 64.37%, 10, 0, 6, 450.83, 1387948, 262, 238, 0
3974, 16, 394, 470, 0, 0, 64.37%, 10, 0, 6, 430.88, 1390137, 262, 239, 0
3979, 16, 117, 470, 0, 0, 64.37%, 10, 0, 6, 426.96, 1392371, 262, 239, 0
3984, 16, 11, 470, 0, 0, 64.37%, 10, 0, 6, 435.22, 1394623, 262, 241, 0
3989, 16, 159, 470, 0, 0, 64.37%, 10, 0, 6, 422.67, 1396809, 262, 243, 0
3994, 16, 41, 470, 0, 0, 64.37%, 10, 0, 6, 427.45, 1398982, 262, 243, 0
3999, 16, 456, 470, 0, 0, 64.37%, 10, 0, 6, 419.89, 1401106, 262, 243, 0
4004, 16, 290, 470, 0, 0, 64.37%, 10, 0, 6, 421.31, 1403265, 262, 244, 0
4009, 17, 432, 470, 0, 0, 64.37%, 10, 0, 6, 440.93, 1405529, 262, 244, 0
4014, 17, 35, 470, 0, 0, 64.37%, 10, 0, 6, 453.88, 1407829, 262, 244, 0
4019, 17, 3, 470, 0, 0, 64.37%, 10, 0, 6, 436.30, 1410098, 262, 244, 0
4024, 17, 247, 470, 0, 0, 64.37%, 10, 0, 6, 441.99, 1412335, 262, 245, 0
4030, 17, 28, 470, 0, 0, 64.37%, 10, 0, 6, 468.25, 1414653, 262, 245, 0
4035, 17, 247, 470, 0, 0, 64.37%, 10, 0, 6, 476.36, 1417212, 262, 251, 0
4040, 17, 313, 470, 0, 0, 64.37%, 10, 0, 6, 476.39, 1419548, 262, 257, 0
4045, 17, 245, 470, 0, 0, 64.37%, 10, 0, 6, 449.43, 1421781, 262, 257, 0
4050, 17, 191, 470, 0, 0, 64.37%, 10, 0, 6, 498.79, 1424396, 262, 257, 0
4055, 17, 394, 470, 0, 0, 64.37%, 10, 0, 6, 474.61, 1426747, 262, 259, 0
4060, 17, 370, 470, 0, 0, 64.37%, 10, 0, 6, 483.25, 1429196, 262, 260, 0
4065, 17, 381, 470, 0, 0, 64.37%, 10, 0, 6, 450.58, 1431373, 262, 260, 0
4070, 17, 15, 470, 0, 0, 64.37%, 10, 0, 6, 454.40, 1433703, 262, 260, 0
4075, 17, 310, 470, 0, 0, 64.37%, 10, 0, 6, 464.36, 1436098, 262, 260, 0
4080, 17, 469, 470, 0, 0, 64.37%, 10, 0, 6, 455.40, 1438365, 262, 262, 0
4085, 17, 13, 470, 0, 0, 64.37%, 10, 0, 6, 446.61, 1440643, 262, 264, 0
4090, 17, 352, 470, 0, 0, 64.37%, 10, 0, 6, 453.99, 1442942, 262, 264, 0
4095, 17, 433, 470, 0, 0, 64.37%, 10, 0, 6, 467.86, 1445304, 262, 264, 0
4101, 17, 57, 470, 0, 0, 64.37%, 10, 0, 6, 438.95, 1447514, 262, 264, 0
4106, 17, 257, 470, 0, 0, 64.37%, 10, 0, 6, 447.99, 1449787, 262, 264, 0
4111, 17, 255, 470, 0, 0, 64.37%, 10, 0, 6, 444.93, 1452079, 262, 264, 0
4116, 17, 244, 470, 0, 0, 64.37%, 10, 0, 6, 489.07, 1454588, 262, 267, 0
4121, 17, 244, 470, 0, 0, 64.37%, 10, 0, 6, 419.39, 1456709, 262, 269, 0
4126, 17, 147, 470, 0, 0, 64.37%, 10, 0, 6, 454.47, 1459071, 262, 269, 0
4131, 18, 255, 471, 0, 0, 64.37%, 10, 0, 6, 447.27, 1461243, 262, 272, 0
4136, 18, 41, 471, 0, 0, 64.37%, 10, 0, 6, 459.58, 1463609, 262, 273, 0
4141, 18, 146, 471, 0, 0, 64.37%, 10, 0, 6, 427.64, 1465698, 262, 273, 0
4146, 18, 284, 471, 0, 0, 64.37%, 10, 0, 6, 447.54, 1467978, 262, 276, 0
4151, 18, 14, 471, 0, 0, 64.37%, 10, 0, 6, 458.37, 1470257, 262, 277, 0
4156, 18, 248, 471, 0, 0, 64.37%, 10, 0, 6, 431.17, 1472410, 262, 277, 0
4161, 18, 142, 471, 0, 0, 64.37%, 10, 0, 6, 439.17, 1474668, 262, 279, 0
4166, 18, 41, 471, 0, 0, 64.37%, 10, 0, 6, 420.02, 1476793, 262, 280, 0
4171, 18, 117, 472, 1, 0, 64.37%, 10, 0, 6, 420.72, 1478908, 262, 280, 0
4177, 18, 432, 472, 1, 0, 64.37%, 10, 0, 6, 456.25, 1481267, 262, 280, 0
4182, 18, 241, 472, 1, 0, 64.37%, 10, 0, 6, 482.33, 1483759, 262, 280, 0
4187, 18, 268, 472, 1, 0, 64.37%, 10, 0, 6, 451.50, 1486038, 262, 280, 0
4192, 18, 15, 472, 1, 0, 64.37%, 10, 0, 6, 450.83, 1488337, 262, 282, 0
4197, 18, 290, 472, 1, 0, 64.37%, 10, 0, 6, 445.96, 1490608, 262, 283, 0
4202, 18, 433, 472, 1, 0, 64.37%, 10, 0, 6, 444.58, 1492806, 262, 283, 0
4207, 18, 41, 472, 1, 0, 64.37%, 10, 0, 6, 448.45, 1495048, 262, 283, 0
4212, 18, 290, 472, 1, 0, 64.37%, 10, 0, 6, 449.14, 1497261, 262, 283, 0
4217, 18, 471, 472, 1, 0, 64.37%, 10, 0, 6, 448.53, 1499533, 262, 283, 0
4222, 18, 248, 472, 0, 0, 64.37%, 10, 0, 6, 474.30, 1501922, 262, 283, 0
4227, 18, 241, 472, 0, 0, 64.37%, 10, 0, 6, 432.85, 1504103, 262, 283, 0
4232, 18, 49, 472, 0, 0, 64.37%, 10, 0, 6, 437.24, 1506400, 262, 283, 0
4238, 18, 142, 472, 0, 0, 64.37%, 10, 0, 6, 436.00, 1508594, 262, 283, 0
4243, 18, 394, 472, 0, 0, 64.37%, 10, 0, 6, 448.81, 1510876, 262, 284, 0
4248, 18, 294, 472, 0, 0, 64.37%, 10, 0, 6, 455.11, 1513227, 262, 284, 0
4253, 18, 387, 472, 0, 0, 64.37%, 10, 0, 6, 436.64, 1515432, 262, 286, 0
4258, 18, 284, 472, 0, 0, 64.37%, 10, 0, 6, 413.99, 1517533, 262, 286, 0
4263, 18, 207, 472, 0, 0, 64.37%, 10, 0, 6, 458.42, 1519860, 262, 289, 0
4268, 19, 472, 474, 2, 1, 64.62%, 10, 0, 6, 454.89, 1522222, 263, 289, 0
4273, 19, 112, 474, 1, 0, 64.62%, 10, 0, 6, 460.84, 1524486, 263, 292, 0
4278, 19, 458, 474, 1, 0, 64.62%, 10, 0, 6, 442.17, 1526765, 263, 292, 0
4283, 19, 235, 474, 1, 0, 64.62%, 10, 0, 6, 445.26, 1529034, 263, 292, 0
4288, 19, 473, 475, 2, 0, 64.62%, 10, 0, 6, 449.77, 1531246, 263, 292, 0
4293, 19, 394, 475, 0, 0, 64.62%, 10, 0, 6, 438.97, 1533453, 263, 292, 0
4299, 19, 443, 475, 0, 0, 64.62%, 10, 0, 6, 435.23, 1535646, 263, 292, 0
4304, 19, 111, 475, 0, 0, 64.62%, 10, 0, 6, 439.71, 1537840, 263, 293, 0
4309, 19, 257, 475, 0, 0, 64.62%, 10, 0, 6, 416.13, 1539941, 263, 293, 0
4314, 19, 474, 476, 1, 0, 64.62%, 10, 0, 6, 439.80, 1542185, 263, 293, 0
4319, 19, 303, 476, 0, 0, 64.62%, 10, 0, 6, 467.11, 1544558, 263, 293, 0
4324, 19, 246, 476, 0, 0, 64.62%, 10, 0, 6, 435.07, 1546693, 263, 293, 0
4329, 19, 425, 476, 0, 0, 64.62%, 10, 0, 6, 455.41, 1549046, 263, 293, 0
4334, 19, 207, 476, 0, 0, 64.62%, 10, 0, 6, 455.58, 1551408, 263, 298, 0
4339, 19, 394, 476, 0, 0, 64.62%, 10, 0, 6, 472.42, 1553829, 263, 299, 0
4344, 19, 268, 476, 0, 0, 64.62%, 10, 0, 6, 481.82, 1556272, 263, 299, 0
4349, 19, 465, 476, 0, 0, 64.62%, 10, 0, 6, 454.48, 1558558, 263, 299, 0
4354, 19, 458, 476, 0, 0, 64.62%, 10, 0, 6, 457.52, 1560899, 263, 299, 0
4359, 19, 268, 476, 0, 0, 64.62%, 10, 0, 6, 458.63, 1563270, 263, 299, 0
4364, 19, 425, 476, 0, 0, 64.62%, 10, 0, 6, 461.59, 1565607, 263, 300, 0
4369, 19, 268, 476, 0, 0, 64.62%, 10, 0, 6, 436.95, 1567849, 263, 300, 0
4374, 19, 245, 476, 0, 0, 64.62%, 10, 0, 6, 437.38, 1570070, 263, 303, 0
4380, 19, 207, 476, 0, 0, 64.62%, 10, 0, 6, 469.30, 1572541, 263, 306, 0
4385, 19, 244, 476, 0, 0, 64.62%, 10, 0, 6, 461.81, 1574875, 263, 306, 0
4390, 19, 116, 476, 0, 0, 64.62%, 10, 0, 6, 427.90, 1577007, 263, 306, 0
4395, 19, 425, 476, 0, 0, 64.62%, 10, 0, 6, 427.50, 1579237, 263, 306, 0
4400, 19, 421, 476, 0, 0, 64.62%, 10, 0, 6, 417.45, 1581383, 263, 306, 0
4405, 19, 248, 476, 0, 0, 64.62%, 10, 0, 6, 423.06, 1583552, 263, 306, 0
4410, 19, 57, 476, 0, 0, 64.62%, 10, 0, 6, 453.08, 1585838, 263, 306, 0
4415, 20, 158, 476, 0, 0, 64.62%, 10, 0, 6, 451.10, 1588145, 263, 312, 0
4420, 20, 268, 476, 0, 0, 64.62%, 10, 0, 6, 436.54, 1590325, 263, 313, 0
4425, 20, 142, 476, 0, 0, 64.62%, 10, 0, 6, 423.25, 1592454, 263, 313, 0
4430, 20, 203, 476, 0, 0, 64.62%, 10, 0, 6, 454.56, 1594738, 263, 314, 0
4435, 20, 431, 476, 0, 0, 64.62%, 10, 0, 6, 468.22, 1597193, 263, 314, 0
4441, 20, 203, 476, 0, 0, 64.62%, 10, 0, 6, 460.83, 1599493, 263, 315, 0
4446, 20, 199, 476, 0, 0, 64.62%, 10, 0, 6, 445.53, 1601781, 263, 315, 0
4451, 20, 456, 476, 0, 0, 64.62%, 10, 0, 6, 447.64, 1604066, 263, 315, 0
4456, 20, 394, 476, 0, 0, 64.62%, 10, 0, 6, 441.63, 1606330, 263, 315, 0
4461, 20, 235, 476, 0, 0, 64.62%, 10, 0, 6, 457.60, 1608617, 263, 315, 0
4466, 20, 425, 476, 0, 0, 64.62%, 10, 0, 6, 438.71, 1610814, 263, 315, 0
4471, 20, 449, 476, 0, 0, 64.62%, 10, 0, 6, 435.00, 1613010, 263, 315, 0
4476, 20, 357, 476, 0, 0, 64.62%, 10, 0, 6, 443.25, 1615255, 263, 315, 0
4481, 20, 128, 476, 0, 0, 64.62%, 10, 0, 6, 416.76, 1617267, 263, 315, 0
4486, 20, 244, 476, 0, 0, 64.62%, 10, 0, 6, 439.44, 1619578, 263, 315, 0
4491, 20, 293, 476, 0, 0, 64.62%, 10, 0, 6, 420.51, 1621714, 263, 315, 0
4496, 20, 364, 476, 0, 0, 64.62%, 10, 0, 6, 435.02, 1623977, 263, 315, 0
4501, 20, 268, 476, 0, 0, 64.62%, 10, 0, 6, 435.03, 1626214, 263, 315, 0
4506, 20, 429, 476, 0, 0, 64.62%, 10, 0, 6, 449.23, 1628530, 263, 315, 0
4511, 20, 377, 476, 0, 0, 64.62%, 10, 0, 6, 464.07, 1630867, 263, 315, 0
4516, 20, 257, 476, 0, 0, 64.62%, 10, 0, 6, 452.86, 1633082, 263, 315, 0
4521, 20, 465, 476, 0, 0, 64.62%, 10, 0, 6, 474.80, 1635555, 263, 317, 0
4526, 20, 230, 476, 0, 0, 64.62%, 10, 0, 6, 451.81, 1637790, 263, 317, 0
4532, 20, 84, 476, 0, 0, 64.62%, 10, 0, 6, 439.01, 1639990, 263, 317, 0
4537, 20, 14, 476, 0, 0, 64.62%, 10, 0, 6, 443.79, 1642230, 263, 318, 0
4542, 20, 449, 476, 0, 0, 64.62%, 10, 0, 6, 439.45, 1644503, 263, 318, 0
4547, 20, 207, 476, 0, 0, 64.62%, 10, 0, 6, 441.38, 1646763, 263, 318, 0
4552, 20, 57, 476, 0, 0, 64.62%, 10, 0, 6, 462.18, 1649117, 263, 318, 0
4557, 21, 147, 478, 2, 0, 64.62%, 10, 0, 6, 464.32, 1651422, 263, 318, 0
4562, 21, 207, 478, 2, 0, 64.62%, 10, 0, 6, 456.30, 1653695, 263, 319, 0
4567, 21, 255, 478, 2, 0, 64.62%, 10, 0, 6, 433.87, 1655856, 263, 319, 0
4572, 21, 207, 478, 2, 0, 64.62%, 10, 0, 6, 410.09, 1657955, 263, 319, 0
4577, 21, 469, 478, 2, 0, 64.62%, 10, 0, 6, 414.42, 1660084, 263, 319, 0
4582, 21, 192, 478, 1, 0, 64.62%, 10, 0, 6, 455.71, 1662493, 263, 319, 0
4587, 21, 241, 478, 1, 0, 64.62%, 10, 0, 6, 455.72, 1664814, 263, 320, 0
4593, 21, 394, 478, 1, 0, 64.62%, 10, 0, 6, 483.38, 1667286, 263, 321, 0
4598, 21, 167, 478, 1, 0, 64.62%, 10, 0, 6, 462.36, 1669568, 263, 321, 0
4603, 21, 244, 478, 1, 0, 64.62%, 10, 0, 6, 468.96, 1671926, 263, 323, 0
4608, 21, 11, 478, 1, 0, 64.62%, 10, 0, 6, 436.39, 1674103, 263, 323, 0
4613, 21, 235, 478, 1, 0, 64.62%, 10, 0, 6, 434.83, 1676262, 263, 323, 0
4618, 21, 255, 478, 1, 0, 64.62%, 10, 0, 6, 452.50, 1678575, 263, 323, 0
4623, 21, 450, 478, 1, 0, 64.62%, 10, 0, 6, 436.34, 1680758, 263, 323, 0
4628, 21, 75, 478, 1, 0, 64.62%, 10, 0, 6, 462.72, 1683172, 263, 323, 0
4633, 21, 248, 478, 1, 0, 64.62%, 10, 0, 6, 479.39, 1685602, 263, 323, 0
4638, 21, 244, 478, 1, 0, 64.62%, 10, 0, 6, 443.42, 1687772, 263, 323, 0
4643, 21, 3, 478, 1, 0, 64.62%, 10, 0, 6, 465.65, 1690188, 263, 324, 0
4648, 21, 394, 478, 1, 0, 64.62%, 10, 0, 6, 438.94, 1692387, 263, 324, 0
4653, 21, 475, 478, 1, 0, 64.62%, 10, 0, 6, 438.22, 1694576, 263, 333, 0
4658, 21, 203, 478, 1, 0, 64.62%, 10, 0, 6, 425.82, 1696764, 263, 333, 0
4664, 21, 241, 478, 0, 0, 64.62%, 10, 0, 6, 438.07, 1699060, 263, 333, 0
4669, 21, 76, 478, 0, 0, 64.62%, 10, 0, 6, 471.51, 1701455, 263, 334, 0
4674, 21, 415, 478, 0, 0, 64.62%, 10, 0, 6, 491.94, 1704038, 263, 336, 0
4679, 21, 146, 478, 0, 0, 64.62%, 10, 0, 6, 468.34, 1706370, 263, 340, 0
4684, 21, 57, 478, 0, 0, 64.62%, 10, 0, 6, 451.50, 1708701, 263, 340, 0
4689, 21, 243, 478, 0, 0, 64.62%, 10, 0, 6, 475.71, 1711093, 263, 340, 0
4694, 21, 57, 478, 0, 0, 64.62%, 10, 0, 6, 444.77, 1713353, 263, 341, 0
4699, 21, 235, 478, 0, 0, 64.62%, 10, 0, 6, 442.72, 1715576, 263, 342, 0
4704, 22, 475, 478, 0, 0, 64.62%, 10, 0, 6, 422.54, 1717670, 263, 342, 0
4709, 22, 208, 478, 0, 0, 64.62%, 10, 0, 6, 466.27, 1720090, 263, 342, 0
4714, 22, 244, 478, 0, 0, 64.62%, 10, 0, 6, 445.91, 1722351, 263, 342, 0
4719, 22, 244, 478, 0, 0, 64.62%, 10, 0, 6, 432.71, 1724556, 263, 342, 0
4725, 22, 191, 478, 0, 0, 64.62%, 10, 0, 6, 461.94, 1726982, 263, 345, 0
4730, 22, 231, 478, 0, 0, 64.62%, 10, 0, 6, 439.94, 1729211, 263, 346, 0
4735, 22, 3, 478, 0, 0, 64.62%, 10, 0, 6, 446.59, 1731445, 263, 346, 0
4740, 22, 451, 478, 0, 0, 64.62%, 10, 0, 6, 454.60, 1733724, 263, 349, 0
4745, 22, 477, 478, 0, 0, 64.62%, 10, 0, 6, 434.91, 1735890, 263, 351, 0
4750, 22, 244, 478, 0, 0, 64.62%, 10, 0, 6, 437.88, 1738097, 263, 353, 0
4755, 22, 257, 478, 0, 0, 64.62%, 10, 0, 6, 447.80, 1740377, 263, 353, 0
4760, 22, 262, 478, 0, 0, 64.62%, 10, 0, 6, 420.31, 1742463, 263, 353, 0
4765, 22, 146, 478, 0, 0, 64.62%, 10, 0, 6, 423.74, 1744586, 263, 353, 0
4770, 22, 244, 478, 0, 0, 64.62%, 10, 0, 6, 472.38, 1747035, 263, 353, 0
4775, 22, 394, 478, 0, 0, 64.62%, 10, 0, 6, 425.45, 1749188, 263, 355, 0
4780, 22, 57, 478, 0, 0, 64.62%, 10, 0, 6, 470.63, 1751558, 263, 356, 0
4786, 22, 248, 478, 0, 0, 64.62%, 10, 0, 6, 441.07, 1753768, 263, 356, 0
4791, 22, 268, 478, 0, 0, 64.62%, 10, 0, 6, 428.06, 1755894, 263, 356, 0
4796, 22, 203, 478, 0, 0, 64.62%, 10, 0, 6, 436.19, 1758128, 263, 359, 0
4801, 22, 244, 478, 0, 0, 64.62%, 10, 0, 6, 462.23, 1760424, 263, 359, 0
4806, 22, 75, 478, 0, 0, 64.62%, 10, 0, 6, 442.81, 1762582, 263, 361, 0
4811, 22, 303, 478, 0, 0, 64.62%, 10, 0, 6, 412.79, 1764665, 263, 365, 0
4816, 22, 475, 478, 0, 0, 64.62%, 10, 0, 6, 423.93, 1766835, 263, 365, 0
4821, 22, 257, 478, 0, 0, 64.62%, 10, 0, 6, 434.01, 1769081, 263, 365, 0
4826, 22, 429, 478, 0, 0, 64.62%, 10, 0, 6, 437.14, 1771276, 263, 365, 0
4831, 22, 175, 478, 0, 0, 64.62%, 10, 0, 6, 437.32, 1773419, 263, 367, 0
4836, 22, 41, 478, 0, 0, 64.62%, 10, 0, 6, 441.40, 1775605, 263, 367, 0
4841, 22, 475, 478, 0, 0, 64.62%, 10, 0, 6, 451.02, 1777917, 263, 367, 0
4846, 22, 163, 478, 0, 0, 64.62%, 10, 0, 6, 471.45, 1780292, 263, 367, 0
4851, 22, 312, 478, 0, 0, 64.62%, 10, 0, 6, 429.64, 1782367, 263, 367, 0
4856, 23, 425, 478, 0, 0, 64.62%, 10, 0, 6, 443.36, 1784606, 263, 367, 0
4861, 23, 49, 479, 1, 0, 64.62%, 10, 0, 6, 434.31, 1786768, 263, 367, 0
4866, 23, 245, 479, 0, 0, 64.62%, 10, 0, 6, 427.58, 1788973, 263, 369, 0
4872, 23, 448, 479, 0, 0, 64.62%, 10, 0, 6, 439.52, 1791235, 263, 369, 0
4877, 23, 284, 479, 0, 0, 64.62%, 10, 0, 6, 428.42, 1793379, 263, 370, 0
4882, 23, 243, 479, 0, 0, 64.62%, 10, 0, 6, 426.18, 1795575, 263, 370, 0
4887, 23, 255, 479, 0, 0, 64.62%, 10, 0, 6, 443.54, 1797956, 263, 370, 0
4892, 23, 475, 479, 0, 0, 64.62%, 10, 0, 6, 448.08, 1800309, 263, 370, 0
4897, 23, 146, 479, 0, 0, 64.62%, 10, 0, 6, 439.99, 1802516, 263, 370, 0
4902, 23, 207, 479, 0, 0, 64.62%, 10, 0, 6, 453.52, 1804819, 263, 370, 0
4907, 23, 443, 479, 0, 0, 64.62%, 10, 0, 6, 426.00, 1806946, 263, 370, 0
4912, 23, 158, 479, 0, 0, 64.62%, 10, 0, 6, 443.04, 1809230, 263, 370, 0
4917, 23, 248, 479, 0, 0, 64.62%, 10, 0, 6, 437.83, 1811407, 263, 371, 0
4922, 23, 456, 479, 0, 0, 64.62%, 10, 0, 6, 452.15, 1813692, 263, 374, 0
4928, 23, 474, 479, 0, 0, 64.62%, 10, 0, 6, 436.26, 1815891, 263, 374, 0
4933, 23, 449, 479, 0, 0, 64.62%, 10, 0, 6, 445.34, 1818103, 263, 374, 0
4938, 23, 57, 479, 0, 0, 64.62%, 10, 0, 6, 436.22, 1820309, 263, 376, 0
4943, 23, 244, 479, 0, 0, 64.62%, 10, 0, 6, 458.81, 1822604, 263, 376, 0
4948, 23, 284, 479, 0, 0, 64.62%, 10, 0, 6, 429.22, 1824714, 263, 376, 0
4953, 23, 142, 479, 0, 0, 64.62%, 10, 0, 6, 441.39, 1826997, 263, 378, 0
4958, 23, 3, 479, 0, 0, 64.62%, 10, 0, 6, 424.63, 1829108, 263, 383, 0
4963, 23, 203, 479, 0, 0, 64.62%, 10, 0, 6, 428.97, 1831286, 263, 383, 0
4968, 23, 117, 479, 0, 0, 64.62%, 10, 0, 6, 455.44, 1833668, 263, 383, 0
4973, 23, 395, 479, 0, 0, 64.62%, 10, 0, 6, 431.85, 1835874, 263, 383, 0
4978, 23, 244, 479, 0, 0, 64.62%, 10, 0, 6, 449.48, 1838116, 263, 383, 0
4983, 23, 207, 479, 0, 0, 64.62%, 10, 0, 6, 447.29, 1840427, 263, 386, 0
4989, 24, 86, 480, 1, 0, 64.62%, 10, 0, 6, 430.47, 1842615, 263, 387, 0
4994, 24, 253, 480, 1, 0, 64.62%, 10, 0, 6, 448.29, 1844885, 263, 387, 0
4999, 24, 244, 480, 1, 0, 64.62%, 10, 0, 6, 439.46, 1847064, 263, 387, 0
5004, 24, 117, 480, 1, 0, 64.62%, 10, 0, 6, 439.42, 1849253, 263, 387, 0
5009, 24, 449, 480, 1, 0, 64.62%, 10, 0, 6, 438.56, 1851505, 263, 387, 0
5014, 24, 177, 480, 0, 0, 64.62%, 10, 0, 6, 444.00, 1853719, 263, 387, 0
5019, 24, 244, 480, 0, 0, 64.62%, 10, 0, 6, 446.35, 1856007, 263, 387, 0
5024, 24, 248, 480, 0, 0, 64.62%, 10, 0, 6, 424.28, 1858183, 263, 387, 0
5029, 24, 248, 480, 0, 0, 64.62%, 10, 0, 6, 432.22, 1860419, 263, 388, 0
5034, 24, 425, 480, 0, 0, 64.62%, 10, 0, 6, 454.06, 1862734, 263, 388, 0
5039, 24, 224, 480, 0, 0, 64.62%, 10, 0, 6, 446.12, 1865021, 263, 388, 0
5044, 24, 87, 480, 0, 0, 64.62%, 10, 0, 6, 456.46, 1867311, 263, 390, 0
5049, 24, 235, 480, 0, 0, 64.62%, 10, 0, 6, 440.98, 1869483, 263, 391, 0
5054, 24, 139, 480, 0, 0, 64.62%, 10, 0, 6, 387.46, 1871422, 263, 391, 0
5059, 24, 57, 480, 0, 0, 64.62%, 10, 0, 6, 414.10, 1873496, 263, 391, 0
5064, 24, 344, 480, 0, 0, 64.62%, 10, 0, 6, 441.21, 1875738, 263, 391, 0
5070, 24, 41, 480, 0, 0, 64.62%, 10, 0, 6, 440.61, 1877990, 263, 392, 0
5075, 24, 268, 480, 0, 0, 64.62%, 10, 0, 6, 453.90, 1880317, 263, 392, 0
5080, 24, 235, 480, 0, 0, 64.62%, 10, 0, 6, 477.03, 1882750, 263, 392, 0
5085, 24, 239, 480, 0, 0, 64.62%, 10, 0, 6, 470.86, 1885158, 263, 392, 0
5090, 24, 231, 480, 0, 0, 64.62%, 10, 0, 6, 445.21, 1887445, 263, 392, 0
5095, 24, 75, 480, 0, 0, 64.62%, 10, 0, 6, 444.84, 1889687, 263, 394, 0
5100, 24, 244, 480, 0, 0, 64.62%, 11, 0, 6, 417.58, 1891773, 263, 396, 0
5105, 24, 441, 480, 0, 0, 64.62%, 11, 0, 6, 423.74, 1893924, 263, 396, 0
5110, 24, 460, 480, 0, 0, 64.62%, 11, 0, 6, 448.54, 1896205, 263, 396, 0
5115, 24, 211, 480, 0, 0, 64.62%, 11, 0, 6, 445.35, 1898459, 263, 396, 0
5120, 24, 284, 480, 0, 0, 64.62%, 11, 0, 6, 422.92, 1900561, 263, 396, 0
5125, 25, 57, 481, 1, 0, 64.62%, 11, 0, 6, 450.32, 1902867, 263, 396, 0
5131, 25, 458, 481, 1, 0, 64.62%, 11, 0, 6, 463.67, 1905304, 263, 396, 0
5136, 25, 217, 481, 1, 0, 64.62%, 11, 0, 6, 435.73, 1907459, 263, 397, 0
5141, 25, 247, 481, 1, 0, 64.62%, 11, 0, 6, 441.97, 1909694, 263, 399, 0
5146, 25, 318, 481, 1, 0, 64.62%, 11, 0, 6, 449.31, 1911956, 263, 399, 0
5151, 25, 456, 481, 1, 0, 64.62%, 11, 0, 6, 464.07, 1914344, 263, 401, 0
5156, 25, 480, 481, 1, 0, 64.62%, 11, 0, 6, 480.09, 1916836, 263, 402, 0
5161, 25, 257, 481, 0, 0, 64.62%, 11, 0, 6, 444.67, 1919044, 263, 408, 0
5166, 25, 245, 481, 0, 0, 64.62%, 11, 0, 6, 447.77, 1921325, 263, 408, 0
5171, 25, 357, 481, 0, 0, 64.62%, 11, 0, 6, 459.11, 1923622, 263, 408, 0
5176, 25, 235, 481, 0, 0, 64.62%, 11, 0, 6, 433.14, 1925813, 263, 408, 0
5181, 25, 454, 481, 0, 0, 64.62%, 11, 0, 6, 437.65, 1928005, 263, 408, 0
5186, 25, 470, 481, 0, 0, 64.62%, 11, 0, 6, 443.54, 1930272, 263, 408, 0
5191, 25, 85, 481, 0, 0, 64.62%, 11, 0, 6, 433.79, 1932466, 263, 411, 0
5197, 25, 248, 481, 0, 0, 64.62%, 11, 0, 6, 403.35, 1934604, 263, 411, 0
5202, 25, 67, 481, 0, 0, 64.62%, 11, 0, 6, 418.36, 1936736, 263, 412, 0
5207, 25, 451, 481, 0, 0, 64.62%, 11, 0, 6, 457.21, 1939100, 263, 414, 0
5212, 25, 24, 481, 0, 0, 64.62%, 11, 0, 6, 409.96, 1941147, 263, 415, 0
5217, 25, 425, 481, 0, 0, 64.62%, 11, 0, 6, 427.60, 1943281, 263, 417, 0
5222, 25, 236, 481, 0, 0, 64.62%, 11, 0, 6, 427.61, 1945421, 263, 417, 0
5227, 25, 257, 481, 0, 0, 64.62%, 11, 0, 6, 423.20, 1947578, 263, 417, 0
5232, 25, 326, 481, 0, 0, 64.62%, 11, 0, 6, 446.03, 1949839, 263, 417, 0
5237, 25, 255, 481, 0, 0, 64.62%, 11, 0, 6, 433.66, 1952075, 263, 417, 0
5242, 25, 191, 481, 0, 0, 64.62%, 11, 0, 6, 441.20, 1954407, 263, 417, 0
5247, 25, 41, 481, 0, 0, 64.62%, 11, 0, 6, 445.59, 1956640, 263, 420, 0
5252, 25, 257, 481, 0, 0, 64.62%, 11, 0, 6, 447.55, 1958874, 263, 420, 0
5258, 26, 57, 481, 0, 0, 64.62%, 11, 0, 6, 443.60, 1961070, 263, 420, 0
5263, 26, 244, 481, 0, 0, 64.62%, 11, 0, 6, 445.40, 1963308, 263, 420, 0
5268, 26, 207, 481, 0, 0, 64.62%, 11, 0, 6, 464.30, 1965827, 263, 425, 0
5273, 26, 314, 481, 0, 0, 64.62%, 11, 0, 6, 461.18, 1968124, 263, 425, 0
5278, 26, 458, 481, 0, 0, 64.62%, 11, 0, 6, 447.64, 1970419, 263, 426, 0
5283, 26, 381, 481, 0, 0, 64.62%, 11, 0, 6, 434.40, 1972605, 263, 427, 0
5288, 26, 190, 481, 0, 0, 64.62%, 11, 0, 6, 447.11, 1974863, 263, 427, 0
5293, 26, 262, 481, 0, 0, 64.62%, 11, 0, 6, 446.90, 1977120, 263, 428, 0
5298, 26, 131, 481, 0, 0, 64.62%, 11, 0, 6, 426.63, 1979241, 263, 429, 0
5303, 26, 130, 481, 0, 0, 64.62%, 11, 0, 6, 439.22, 1981555, 263, 429, 0
5308, 26, 87, 481, 0, 0, 64.62%, 11, 0, 6, 430.62, 1983723, 263, 430, 0
5313, 26, 142, 481, 0, 0, 64.62%, 11, 0, 6, 440.69, 1985914, 263, 430, 0
5319, 26, 425, 481, 0, 0, 64.62%, 11, 0, 6, 433.62, 1988117, 263, 430, 0
5324, 26, 248, 481, 0, 0, 64.62%, 11, 0, 6, 444.94, 1990426, 263, 432, 0
5329, 26, 57, 481, 0, 0, 64.62%, 11, 0, 6, 464.86, 1992770, 263, 432, 0
5334, 26, 207, 481, 0, 0, 64.62%, 11, 0, 6, 430.98, 1994898, 263, 432, 0
5339, 26, 394, 481, 0, 0, 64.62%, 11, 0, 6, 409.51, 1997024, 263, 432, 0
5344, 26, 458, 481, 0, 0, 64.62%, 11, 0, 6, 420.72, 1999184, 263, 433, 0
5349, 26, 142, 481, 0, 0, 64.62%, 11, 0, 6, 428.97, 2001353, 263, 433, 0
5354, 26, 458, 481, 0, 0, 64.62%, 11, 0, 6, 436.55, 2003553, 263, 437, 0
5359, 26, 429, 481, 0, 0, 64.62%, 11, 0, 6, 423.16, 2005730, 263, 437, 0
5364, 26, 262, 481, 0, 0, 64.62%, 11, 0, 6, 444.04, 2007956, 263, 437, 0
5369, 26, 255, 481, 0, 0, 64.62%, 11, 0, 6, 420.39, 2010065, 263, 437, 0
5374, 26, 433, 481, 0, 0, 64.62%, 11, 0, 6, 431.35, 2012287, 263, 437, 0
5379, 26, 117, 481, 0, 0, 64.62%, 11, 0, 6, 418.62, 2014402, 263, 438, 0
5384, 26, 284, 481, 0, 0, 64.62%, 11, 0, 6, 447.58, 2016664, 263, 438, 0
5389, 27, 357, 482, 1, 0, 64.62%, 11, 0, 6, 438.37, 2018903, 263, 438, 0
5394, 27, 255, 482, 1, 0, 64.62%, 11, 0, 6, 487.28, 2021263, 263, 439, 0
5400, 27, 13, 482, 1, 0, 64.62%, 11, 0, 6, 437.30, 2023493, 263, 439, 0
5404, 27, 206, 482, 1, 0, 64.62%, 11, 0, 6, 434.61, 2025584, 263, 441, 0
