# relative_time, cycles_done, cur_item, corpus_count, pending_total, pending_favs, map_size, saved_crashes, saved_hangs, max_depth, execs_per_sec, total_execs, edges_found, total_crashes, servers_count
60, 0, 9, 80, 75, 3, 30.96%, 0, 0, 2, 449.03, 29172, 126, 0, 0
66, 0, 9, 82, 77, 3, 30.96%, 0, 0, 2, 460.93, 31551, 126, 0, 0
71, 0, 9, 82, 77, 3, 30.96%, 0, 0, 2, 469.28, 33909, 126, 0, 0
76, 0, 9, 83, 78, 3, 30.96%, 0, 0, 2, 475.21, 36283, 126, 0, 0
81, 0, 9, 84, 79, 3, 30.96%, 0, 0, 2, 435.84, 38504, 126, 0, 0
86, 0, 9, 84, 79, 3, 30.96%, 0, 0, 2, 460.83, 40835, 126, 0, 0
91, 0, 9, 85, 80, 3, 30.96%, 0, 0, 2, 467.87, 43326, 126, 0, 0
96, 0, 9, 86, 81, 3, 30.96%, 0, 0, 2, 466.32, 45745, 126, 0, 0
101, 0, 9, 87, 82, 3, 30.96%, 0, 0, 2, 432.73, 47917, 126, 0, 0
106, 0, 9, 87, 82, 3, 30.96%, 0, 0, 2, 469.07, 50288, 126, 0, 0
111, 0, 9, 87, 82, 3, 30.96%, 0, 0, 2, 470.13, 52637, 126, 0, 0
116, 0, 10, 108, 101, 28, 36.61%, 0, 0, 3, 465.33, 55043, 149, 0, 0
121, 0, 94, 108, 92, 22, 36.61%, 0, 0, 3, 457.20, 57391, 149, 0, 0
127, 0, 30, 113, 96, 21, 36.61%, 0, 0, 3, 461.49, 59736, 149, 0, 0
132, 0, 30, 115, 98, 21, 36.61%, 0, 0, 3, 448.52, 61934, 149, 0, 0
137, 0, 30, 115, 98, 21, 36.61%, 0, 0, 3, 459.73, 64322, 149, 0, 0
142, 0, 30, 115, 98, 21, 36.61%, 0, 0, 3, 456.01, 66590, 149, 0, 0
147, 0, 30, 116, 99, 21, 36.61%, 0, 0, 3, 437.84, 68797, 149, 0, 0
152, 0, 30, 116, 99, 21, 36.61%, 0, 0, 3, 464.40, 71088, 149, 0, 0
157, 0, 30, 117, 100, 21, 36.61%, 0, 0, 3, 454.38, 73399, 149, 0, 0
162, 0, 30, 117, 100, 21, 36.61%, 0, 0, 3, 474.61, 75731, 149, 0, 0
167, 0, 30, 118, 101, 21, 36.61%, 0, 0, 3, 464.44, 78141, 149, 0, 0
172, 0, 30, 118, 101, 21, 36.61%, 0, 0, 3, 475.02, 80571, 149, 0, 0
177, 0, 30, 118, 101, 21, 36.61%, 0, 0, 3, 472.23, 82965, 149, 0, 0
182, 0, 30, 118, 101, 21, 36.61%, 0, 0, 3, 461.13, 85395, 149, 0, 0
187, 0, 30, 118, 101, 21, 36.61%, 0, 0, 3, 487.52, 87924, 149, 0, 0
192, 0, 30, 118, 101, 21, 36.61%, 0, 0, 3, 464.58, 90237, 149, 0, 0
197, 0, 30, 118, 101, 21, 36.61%, 0, 0, 3, 481.50, 92631, 149, 0, 0
203, 0, 30, 119, 102, 21, 36.61%, 0, 0, 3, 479.99, 95113, 149, 0, 0
208, 0, 30, 119, 102, 21, 36.61%, 0, 0, 3, 465.86, 97507, 149, 0, 0
213, 0, 30, 119, 102, 21, 36.61%, 0, 0, 3, 463.82, 99874, 149, 0, 0
218, 0, 30, 119, 102, 21, 36.61%, 0, 0, 3, 481.93, 102349, 149, 0, 0
223, 0, 30, 119, 102, 21, 36.61%, 0, 0, 3, 464.79, 104671, 149, 0, 0
228, 0, 30, 119, 102, 21, 36.61%, 0, 0, 3, 507.88, 107211, 149, 0, 0
233, 0, 0, 119, 101, 21, 36.61%, 0, 0, 3, 476.96, 109521, 149, 0, 0
238, 0, 92, 125, 106, 20, 37.35%, 1, 0, 3, 455.68, 111823, 152, 1, 0
243, 0, 89, 135, 115, 21, 44.72%, 1, 0, 3, 441.07, 114150, 182, 1, 0
248, 0, 37, 140, 118, 24, 44.72%, 1, 0, 3, 464.86, 116478, 182, 1, 0
253, 0, 129, 140, 115, 21, 44.72%, 1, 0, 3, 459.26, 118884, 182, 1, 0
258, 0, 140, 145, 119, 21, 44.96%, 1, 0, 3, 470.85, 121291, 183, 1, 0
264, 0, 55, 150, 123, 20, 44.96%, 1, 0, 3, 451.27, 123602, 183, 1, 0
269, 0, 55, 152, 125, 20, 44.96%, 1, 0, 3, 481.50, 125983, 183, 1, 0
274, 0, 55, 159, 132, 20, 44.96%, 1, 0, 3, 467.40, 128336, 183, 1, 0
279, 0, 55, 165, 138, 20, 44.96%, 1, 0, 3, 474.74, 130682, 183, 1, 0
284, 0, 55, 166, 139, 20, 44.96%, 1, 0, 3, 463.17, 133029, 183, 1, 0
289, 0, 55, 167, 140, 20, 44.96%, 1, 0, 3, 481.90, 135439, 183, 1, 0
294, 0, 55, 170, 143, 20, 44.96%, 1, 0, 3, 444.42, 137737, 183, 1, 0
299, 0, 55, 171, 144, 20, 44.96%, 1, 0, 3, 450.00, 140004, 183, 1, 0
304, 0, 55, 171, 144, 20, 44.96%, 1, 0, 3, 492.27, 142542, 183, 1, 0
309, 0, 55, 171, 144, 20, 44.96%, 1, 0, 3, 474.32, 144909, 183, 1, 0
314, 0, 55, 171, 144, 20, 44.96%, 1, 0, 3, 484.93, 147393, 183, 1, 0
319, 0, 55, 173, 146, 20, 44.96%, 1, 0, 3, 507.20, 149899, 183, 1, 0
324, 0, 131, 173, 145, 20, 44.96%, 1, 0, 3, 500.75, 152429, 183, 1, 0
329, 0, 131, 197, 169, 20, 44.96%, 1, 0, 3, 480.21, 154778, 183, 1, 0
335, 0, 131, 206, 178, 20, 44.96%, 1, 0, 3, 451.76, 157055, 183, 1, 0
340, 0, 131, 208, 180, 20, 44.96%, 1, 0, 3, 449.00, 159337, 183, 1, 0
345, 0, 131, 213, 185, 20, 44.96%, 1, 0, 3, 461.58, 161676, 183, 1, 0
350, 0, 131, 214, 186, 20, 44.96%, 1, 0, 3, 440.96, 163894, 183, 1, 0
355, 0, 131, 214, 186, 20, 44.96%, 1, 0, 3, 452.51, 166192, 183, 1, 0
360, 0, 131, 215, 187, 20, 44.96%, 1, 0, 3, 468.07, 168548, 183, 1, 0
365, 0, 131, 215, 187, 20, 44.96%, 1, 0, 3, 471.16, 170888, 183, 1, 0
370, 0, 131, 216, 188, 20, 44.96%, 1, 0, 3, 452.32, 173262, 183, 1, 0
375, 0, 131, 220, 192, 20, 44.96%, 1, 0, 3, 450.35, 175585, 183, 1, 0
380, 0, 131, 220, 192, 20, 44.96%, 1, 0, 3, 462.28, 177925, 183, 1, 0
385, 0, 131, 220, 192, 20, 44.96%, 1, 0, 3, 448.40, 180168, 183, 1, 0
390, 0, 131, 220, 192, 20, 44.96%, 1, 0, 3, 463.75, 182506, 183, 1, 0
395, 0, 131, 220, 192, 20, 44.96%, 1, 0, 3, 461.94, 184810, 183, 1, 0
400, 0, 131, 220, 192, 20, 44.96%, 1, 0, 3, 435.75, 186936, 183, 1, 0
406, 0, 131, 220, 192, 20, 44.96%, 1, 0, 3, 447.64, 189184, 183, 1, 0
411, 0, 131, 221, 193, 20, 44.96%, 1, 0, 3, 458.49, 191540, 183, 1, 0
416, 0, 146, 221, 191, 19, 44.96%, 1, 0, 3, 475.23, 193950, 183, 1, 0
421, 0, 16, 221, 188, 16, 44.96%, 1, 0, 3, 474.89, 196315, 183, 1, 0
426, 0, 26, 221, 183, 11, 44.96%, 1, 0, 3, 470.89, 198645, 183, 1, 0
431, 0, 154, 225, 186, 10, 44.96%, 1, 0, 4, 450.62, 200923, 183, 1, 0
436, 0, 154, 227, 188, 10, 44.96%, 1, 0, 4, 442.09, 203098, 183, 1, 0
441, 0, 154, 227, 188, 10, 44.96%, 1, 0, 4, 475.93, 205528, 183, 1, 0
446, 0, 154, 230, 191, 10, 44.96%, 1, 0, 4, 447.96, 207781, 183, 1, 0
451, 0, 154, 231, 192, 10, 45.95%, 1, 0, 4, 466.90, 210128, 187, 1, 0
456, 0, 154, 232, 193, 10, 45.95%, 1, 0, 4, 453.78, 212394, 187, 1, 0
461, 0, 154, 232, 193, 10, 45.95%, 1, 0, 4, 449.78, 214653, 187, 1, 0
466, 0, 154, 233, 194, 10, 45.95%, 1, 0, 4, 444.27, 216852, 187, 1, 0
471, 0, 154, 233, 194, 10, 45.95%, 1, 0, 4, 468.53, 219205, 187, 1, 0
476, 0, 154, 234, 195, 10, 45.95%, 1, 0, 4, 475.02, 221633, 187, 1, 0
482, 0, 154, 235, 196, 10, 45.95%, 1, 0, 4, 450.20, 223953, 187, 1, 0
487, 0, 154, 235, 196, 10, 45.95%, 1, 0, 4, 444.46, 226234, 187, 1, 0
492, 0, 230, 236, 196, 10, 45.95%, 1, 0, 4, 474.54, 228640, 187, 1, 0
497, 0, 48, 238, 195, 7, 45.95%, 1, 0, 5, 447.98, 230913, 187, 1, 0
502, 0, 122, 238, 191, 5, 45.95%, 1, 0, 5, 451.91, 233173, 187, 1, 0
507, 0, 124, 239, 191, 4, 45.95%, 1, 0, 5, 455.66, 235452, 187, 1, 0
512, 0, 104, 240, 190, 2, 46.68%, 1, 0, 5, 422.64, 237562, 190, 1, 0
517, 0, 239, 244, 193, 2, 46.93%, 1, 0, 5, 431.99, 239709, 191, 1, 0
522, 0, 239, 253, 202, 2, 46.93%, 1, 0, 5, 404.68, 241772, 191, 1, 0
527, 0, 239, 257, 206, 2, 46.93%, 1, 0, 5, 404.24, 243800, 191, 1, 0
532, 0, 239, 258, 207, 2, 46.93%, 1, 0, 5, 397.43, 245762, 191, 1, 0
538, 0, 239, 260, 209, 2, 46.93%, 1, 0, 5, 397.68, 247830, 191, 1, 0
543, 0, 239, 260, 209, 2, 46.93%, 1, 0, 5, 417.56, 250014, 191, 1, 0
548, 0, 239, 261, 210, 2, 46.93%, 1, 0, 5, 408.05, 252093, 191, 1, 0
553, 0, 239, 264, 213, 2, 46.93%, 1, 0, 5, 409.43, 254192, 191, 1, 0
558, 0, 239, 264, 213, 2, 46.93%, 1, 0, 5, 433.76, 256362, 191, 1, 0
563, 0, 239, 265, 214, 2, 46.93%, 1, 0, 5, 415.94, 258521, 191, 1, 0
568, 0, 239, 266, 215, 2, 46.93%, 1, 0, 5, 419.17, 260672, 191, 1, 0
573, 0, 239, 266, 215, 2, 46.93%, 1, 0, 5, 427.28, 262848, 191, 1, 0
578, 0, 239, 266, 215, 2, 46.93%, 1, 0, 5, 429.68, 265032, 191, 1, 0
583, 0, 239, 266, 215, 2, 46.93%, 1, 0, 5, 421.77, 267072, 191, 1, 0
588, 0, 239, 266, 215, 2, 46.93%, 1, 0, 5, 394.59, 269017, 191, 1, 0
593, 0, 239, 266, 215, 2, 46.93%, 1, 0, 5, 347.71, 270720, 191, 1, 0
598, 0, 239, 267, 216, 2, 46.93%, 1, 0, 5, 350.10, 272503, 191, 1, 0
604, 0, 239, 267, 216, 2, 46.93%, 1, 0, 5, 393.76, 274561, 191, 1, 0
609, 0, 239, 268, 217, 2, 46.93%, 1, 0, 5, 407.77, 276662, 191, 1, 0
614, 0, 239, 268, 217, 2, 46.93%, 1, 0, 5, 418.23, 278742, 191, 1, 0
619, 0, 239, 268, 217, 2, 46.93%, 1, 0, 5, 395.91, 280766, 191, 1, 0
624, 0, 239, 268, 217, 2, 46.93%, 1, 0, 5, 420.86, 282918, 191, 1, 0
629, 0, 239, 268, 217, 2, 46.93%, 1, 0, 5, 406.47, 284998, 191, 1, 0
634, 0, 239, 268, 217, 2, 46.93%, 1, 0, 5, 401.01, 287077, 191, 1, 0
639, 0, 239, 268, 217, 2, 46.93%, 1, 0, 5, 415.03, 289142, 191, 1, 0
644, 0, 251, 268, 216, 3, 46.93%, 1, 0, 5, 411.99, 291230, 191, 1, 0
649, 0, 242, 268, 213, 1, 46.93%, 1, 0, 5, 429.67, 293451, 191, 1, 0
654, 0, 45, 268, 212, 0, 46.93%, 1, 0, 5, 448.93, 295725, 191, 1, 0
659, 0, 124, 273, 213, 0, 46.93%, 1, 0, 5, 449.11, 298102, 191, 1, 0
664, 0, 124, 273, 213, 0, 46.93%, 2, 0, 5, 459.11, 300406, 191, 2, 0
669, 0, 129, 275, 213, 0, 46.93%, 2, 0, 5, 455.95, 302666, 191, 2, 0
674, 0, 275, 276, 214, 1, 47.17%, 2, 0, 5, 433.80, 304846, 192, 2, 0
679, 0, 56, 280, 216, 0, 47.17%, 2, 0, 5, 434.68, 307046, 192, 2, 0
684, 0, 276, 281, 215, 0, 47.17%, 2, 0, 5, 443.34, 309280, 192, 2, 0
690, 0, 276, 293, 227, 0, 47.17%, 2, 0, 5, 436.79, 311494, 192, 2, 0
695, 0, 276, 295, 229, 0, 47.42%, 2, 0, 5, 440.46, 313644, 193, 2, 0
700, 0, 276, 295, 229, 0, 47.42%, 2, 0, 5, 457.12, 315981, 193, 2, 0
705, 0, 276, 295, 229, 0, 47.42%, 2, 0, 5, 452.96, 318276, 193, 2, 0
710, 0, 276, 296, 230, 0, 47.42%, 2, 0, 5, 460.02, 320560, 193, 2, 0
715, 0, 276, 296, 230, 0, 47.42%, 2, 0, 5, 480.36, 322963, 193, 2, 0
720, 0, 293, 296, 229, 1, 47.42%, 2, 0, 5, 458.09, 325260, 193, 2, 0
725, 0, 23, 296, 227, 0, 47.42%, 2, 0, 5, 457.89, 327664, 193, 2, 0
730, 0, 96, 298, 226, 0, 47.42%, 2, 0, 5, 467.51, 330009, 193, 2, 0
735, 0, 299, 300, 225, 1, 47.42%, 2, 0, 5, 475.93, 332448, 193, 2, 0
740, 0, 283, 300, 223, 0, 47.42%, 2, 0, 5, 450.96, 334737, 193, 2, 0
745, 0, 230, 300, 221, 0, 47.42%, 2, 0, 5, 454.99, 337034, 193, 2, 0
750, 0, 53, 300, 219, 0, 47.42%, 2, 0, 5, 438.90, 339289, 193, 2, 0
755, 0, 122, 301, 218, 0, 47.42%, 2, 0, 5, 454.64, 341648, 193, 2, 0
761, 0, 98, 301, 215, 0, 47.42%, 2, 0, 5, 457.50, 344000, 193, 2, 0
766, 0, 244, 301, 213, 0, 47.42%, 2, 0, 5, 466.00, 346349, 193, 2, 0
771, 0, 122, 302, 212, 0, 47.67%, 2, 0, 5, 442.57, 348611, 194, 2, 0
776, 0, 195, 302, 210, 0, 47.67%, 2, 0, 5, 442.56, 350814, 194, 2, 0
781, 0, 193, 302, 207, 0, 47.67%, 2, 0, 5, 482.31, 353303, 194, 2, 0
786, 0, 66, 302, 204, 0, 47.67%, 2, 0, 5, 465.04, 355624, 194, 2, 0
791, 0, 277, 303, 201, 0, 48.16%, 2, 0, 5, 469.03, 357987, 196, 2, 0
796, 0, 128, 305, 201, 0, 48.16%, 2, 0, 5, 460.43, 360314, 196, 2, 0
801, 0, 184, 305, 200, 0, 48.16%, 2, 0, 5, 453.46, 362632, 196, 2, 0
806, 0, 140, 308, 201, 0, 48.16%, 2, 0, 5, 472.88, 365061, 196, 2, 0
811, 0, 190, 308, 201, 0, 48.16%, 2, 0, 5, 437.39, 367224, 196, 2, 0
816, 0, 269, 308, 198, 0, 48.16%, 2, 0, 5, 421.30, 369378, 196, 2, 0
821, 0, 195, 311, 200, 0, 48.16%, 2, 0, 5, 448.62, 371673, 196, 2, 0
826, 0, 284, 311, 197, 0, 48.16%, 2, 0, 5, 454.05, 374036, 196, 2, 0
831, 0, 208, 311, 196, 0, 48.16%, 2, 0, 5, 449.82, 376345, 196, 2, 0
836, 0, 203, 311, 194, 0, 48.16%, 2, 0, 5, 433.26, 378536, 196, 2, 0
842, 0, 122, 311, 192, 0, 48.16%, 2, 0, 5, 446.93, 380849, 196, 2, 0
847, 0, 230, 313, 190, 0, 48.16%, 2, 0, 6, 452.48, 383101, 196, 2, 0
852, 0, 303, 314, 189, 0, 48.16%, 2, 0, 6, 489.46, 385590, 196, 2, 0
857, 0, 207, 316, 189, 0, 48.16%, 2, 0, 6, 463.11, 387886, 196, 2, 0
862, 0, 140, 317, 188, 0, 48.16%, 2, 0, 6, 482.00, 390304, 196, 2, 0
867, 0, 304, 317, 187, 0, 48.16%, 2, 0, 6, 477.80, 392675, 196, 2, 0
872, 0, 233, 317, 185, 0, 48.16%, 2, 0, 6, 494.47, 395232, 196, 2, 0
877, 0, 316, 321, 188, 0, 48.16%, 2, 0, 6, 459.01, 397569, 196, 2, 0
882, 0, 281, 321, 186, 0, 48.16%, 2, 0, 6, 445.81, 399778, 196, 2, 0
887, 0, 167, 322, 185, 0, 48.16%, 2, 0, 6, 443.78, 402100, 196, 2, 0
892, 1, 84, 324, 185, 0, 48.16%, 2, 0, 6, 454.00, 404395, 196, 2, 0
897, 1, 200, 326, 184, 0, 48.16%, 2, 0, 6, 480.06, 406796, 196, 2, 0
902, 1, 324, 329, 184, 0, 48.16%, 2, 0, 6, 469.36, 409195, 196, 2, 0
907, 1, 97, 329, 182, 0, 48.16%, 2, 0, 6, 457.95, 411496, 196, 2, 0
912, 1, 194, 330, 182, 0, 48.16%, 2, 0, 6, 465.58, 413800, 196, 2, 0
918, 1, 140, 330, 179, 0, 48.16%, 2, 0, 6, 435.83, 415978, 196, 2, 0
923, 1, 219, 331, 177, 0, 48.16%, 2, 0, 6, 446.96, 418253, 196, 2, 0
928, 1, 263, 332, 176, 0, 48.16%, 2, 0, 6, 455.46, 420544, 196, 2, 0
933, 1, 53, 332, 173, 0, 48.16%, 2, 0, 6, 444.94, 422752, 196, 2, 0
938, 1, 180, 332, 170, 0, 48.16%, 2, 0, 6, 414.17, 424801, 196, 2, 0
943, 1, 294, 333, 169, 0, 48.16%, 2, 0, 6, 434.37, 427099, 196, 2, 0
948, 1, 326, 333, 167, 0, 48.16%, 2, 0, 6, 427.27, 429250, 196, 2, 0
953, 1, 123, 333, 164, 0, 48.16%, 2, 0, 6, 435.66, 431427, 196, 2, 0
958, 1, 312, 333, 162, 0, 48.16%, 2, 0, 6, 446.98, 433679, 196, 2, 0
963, 1, 100, 334, 162, 0, 48.16%, 2, 0, 7, 454.12, 435916, 196, 2, 0
968, 1, 308, 334, 159, 0, 48.16%, 2, 0, 7, 450.54, 438211, 196, 2, 0
973, 1, 34, 334, 155, 0, 48.16%, 2, 0, 7, 446.61, 440374, 196, 2, 0
978, 1, 292, 334, 152, 0, 48.16%, 2, 0, 7, 440.06, 442561, 196, 2, 0
983, 1, 332, 337, 153, 0, 48.16%, 2, 0, 7, 468.04, 444958, 196, 2, 0
988, 1, 286, 337, 149, 0, 48.16%, 2, 0, 7, 447.98, 447209, 196, 2, 0
994, 1, 335, 337, 147, 0, 48.16%, 2, 0, 7, 443.07, 449472, 196, 2, 0
999, 1, 329, 338, 144, 0, 48.16%, 2, 0, 7, 438.59, 451616, 196, 2, 0
1004, 1, 177, 338, 142, 0, 48.16%, 2, 0, 7, 431.29, 453792, 196, 2, 0
1009, 1, 315, 339, 141, 0, 48.16%, 2, 0, 7, 431.09, 455976, 196, 2, 0
1014, 1, 249, 339, 138, 0, 48.16%, 2, 0, 7, 437.70, 458241, 196, 2, 0
1019, 1, 213, 340, 135, 0, 48.40%, 2, 0, 7, 445.46, 460472, 197, 2, 0
1024, 1, 91, 340, 132, 0, 48.40%, 2, 0, 7, 456.34, 462852, 197, 2, 0
1029, 1, 135, 341, 131, 0, 48.40%, 2, 0, 7, 436.21, 465015, 197, 2, 0
1034, 1, 174, 341, 129, 0, 48.40%, 2, 0, 7, 450.83, 467328, 197, 2, 0
1039, 1, 314, 341, 124, 0, 48.40%, 2, 0, 7, 462.86, 469692, 197, 2, 0
1044, 1, 53, 342, 122, 0, 48.40%, 2, 0, 7, 478.80, 472118, 197, 2, 0
1049, 1, 331, 342, 121, 0, 48.40%, 2, 0, 7, 444.23, 474293, 197, 2, 0
1054, 1, 16, 342, 117, 0, 48.40%, 2, 0, 7, 488.73, 476795, 197, 2, 0
1059, 1, 116, 342, 115, 0, 48.40%, 2, 0, 7, 451.62, 479092, 197, 2, 0
1064, 1, 272, 343, 114, 0, 48.40%, 2, 0, 7, 447.73, 481435, 197, 2, 0
1069, 1, 266, 343, 111, 0, 48.40%, 2, 0, 7, 458.68, 483763, 197, 2, 0
1074, 1, 268, 343, 109, 0, 48.40%, 2, 0, 7, 476.52, 486167, 197, 2, 0
1080, 1, 293, 343, 107, 0, 48.40%, 2, 0, 7, 451.62, 488400, 197, 2, 0
1085, 1, 218, 343, 104, 0, 48.40%, 2, 0, 7, 464.96, 490782, 197, 2, 0
1090, 1, 295, 343, 102, 0, 48.40%, 2, 0, 7, 456.50, 493052, 197, 2, 0
1095, 1, 125, 344, 102, 0, 48.40%, 2, 0, 7, 472.36, 495408, 197, 2, 0
1100, 1, 291, 344, 100, 0, 48.40%, 2, 0, 7, 447.66, 497670, 197, 2, 0
1105, 1, 88, 344, 97, 0, 48.40%, 2, 0, 7, 459.38, 500008, 197, 2, 0
1110, 1, 278, 344, 95, 0, 48.40%, 2, 0, 7, 432.47, 502191, 197, 2, 0
1115, 1, 293, 344, 92, 0, 48.40%, 2, 0, 7, 428.48, 504333, 197, 2, 0
1120, 1, 195, 344, 89, 0, 48.40%, 2, 0, 7, 453.92, 506675, 197, 2, 0
1125, 1, 250, 344, 87, 0, 48.40%, 2, 0, 7, 460.38, 508975, 197, 2, 0
1130, 1, 274, 344, 85, 0, 48.40%, 2, 0, 7, 443.99, 511257, 197, 2, 0
1135, 1, 252, 344, 83, 0, 48.40%, 2, 0, 7, 433.72, 513450, 197, 2, 0
1140, 1, 251, 344, 80, 0, 48.40%, 2, 0, 7, 438.83, 515711, 197, 2, 0
1145, 1, 16, 344, 78, 0, 48.40%, 2, 0, 7, 451.26, 517944, 197, 2, 0
1150, 1, 130, 344, 76, 0, 48.40%, 2, 0, 7, 418.73, 520021, 197, 2, 0
1155, 1, 328, 344, 74, 0, 48.40%, 2, 0, 7, 451.83, 522344, 197, 2, 0
1160, 1, 334, 344, 72, 0, 48.40%, 2, 0, 7, 439.02, 524525, 197, 2, 0
1165, 1, 136, 344, 69, 0, 48.40%, 2, 0, 7, 466.44, 526883, 197, 2, 0
1171, 1, 333, 344, 67, 0, 48.40%, 2, 0, 7, 407.01, 528880, 197, 2, 0
1176, 1, 86, 344, 65, 0, 48.40%, 2, 0, 7, 423.12, 531068, 197, 2, 0
1181, 1, 23, 344, 62, 0, 48.40%, 2, 0, 7, 447.89, 533413, 197, 2, 0
1186, 1, 60, 344, 60, 0, 48.40%, 2, 0, 7, 454.31, 535765, 197, 2, 0
1191, 1, 182, 344, 55, 0, 48.40%, 2, 0, 7, 416.23, 537885, 197, 2, 0
1196, 1, 289, 344, 53, 0, 48.40%, 2, 0, 7, 439.59, 540121, 197, 2, 0
1201, 1, 231, 344, 51, 0, 48.40%, 2, 0, 7, 413.92, 542201, 197, 2, 0
1206, 1, 343, 344, 50, 0, 48.40%, 2, 0, 7, 455.19, 544568, 197, 2, 0
1211, 1, 102, 344, 47, 0, 48.40%, 2, 0, 7, 459.26, 546864, 197, 2, 0
1217, 1, 256, 344, 46, 0, 48.40%, 2, 0, 7, 434.91, 549021, 197, 2, 0
1222, 1, 53, 344, 44, 0, 48.40%, 2, 0, 7, 454.96, 551350, 197, 2, 0
1227, 1, 300, 345, 44, 0, 48.40%, 2, 0, 7, 455.59, 553652, 197, 2, 0
1232, 1, 300, 348, 47, 0, 49.14%, 2, 0, 7, 431.10, 555806, 200, 2, 0
1237, 1, 300, 349, 48, 0, 49.14%, 2, 0, 7, 432.54, 558013, 200, 2, 0
1242, 1, 300, 349, 48, 0, 49.14%, 2, 0, 7, 433.83, 560213, 200, 2, 0
1247, 1, 300, 350, 49, 0, 49.14%, 2, 0, 7, 442.42, 562444, 200, 2, 0
1252, 1, 346, 351, 49, 1, 49.39%, 2, 0, 7, 449.54, 564683, 201, 2, 0
1257, 1, 186, 351, 46, 0, 49.39%, 2, 0, 7, 440.22, 566922, 201, 2, 0
1262, 1, 321, 351, 44, 0, 49.39%, 2, 0, 7, 428.15, 569042, 201, 2, 0
1267, 1, 345, 351, 41, 0, 49.39%, 2, 0, 7, 438.40, 571343, 201, 2, 0
1272, 1, 341, 355, 43, 0, 49.39%, 2, 0, 7, 430.92, 573529, 201, 2, 0
1277, 1, 341, 356, 44, 0, 49.39%, 2, 0, 7, 455.95, 575848, 201, 2, 0
1282, 1, 341, 356, 44, 0, 49.39%, 2, 0, 7, 460.39, 578157, 201, 2, 0
1287, 1, 141, 356, 43, 0, 49.39%, 2, 0, 7, 475.22, 580502, 201, 2, 0
1292, 1, 348, 356, 41, 0, 49.39%, 2, 0, 7, 465.73, 582844, 201, 2, 0
1297, 1, 175, 360, 43, 0, 49.39%, 2, 0, 7, 451.35, 585102, 201, 2, 0
1302, 2, 398, 425, 107, 12, 53.56%, 2, 0, 7, 445.21, 587339, 218, 2, 0
1307, 2, 368, 425, 106, 11, 53.56%, 2, 0, 7, 436.33, 589546, 218, 2, 0
1312, 2, 418, 425, 104, 9, 53.56%, 2, 0, 7, 441.71, 591780, 218, 2, 0
1317, 2, 423, 425, 102, 7, 53.56%, 2, 0, 7, 435.35, 593918, 218, 2, 0
1322, 2, 423, 429, 106, 7, 53.81%, 2, 0, 7, 436.30, 596117, 219, 2, 0
1327, 2, 428, 430, 105, 7, 53.81%, 3, 0, 7, 429.63, 598316, 219, 3, 0
1333, 2, 401, 430, 101, 3, 53.81%, 3, 0, 7, 465.80, 600783, 219, 3, 0
1338, 2, 351, 430, 98, 0, 53.81%, 3, 0, 7, 437.38, 602948, 219, 3, 0
1343, 2, 379, 430, 96, 0, 53.81%, 3, 0, 7, 449.46, 605207, 219, 3, 0
1348, 2, 389, 430, 94, 0, 53.81%, 3, 0, 7, 446.08, 607457, 219, 3, 0
1353, 2, 396, 430, 91, 0, 53.81%, 3, 0, 7, 439.80, 609685, 219, 3, 0
1358, 2, 365, 430, 89, 0, 53.81%, 3, 0, 7, 466.95, 612045, 219, 3, 0
1363, 2, 267, 430, 87, 0, 53.81%, 3, 0, 7, 429.30, 614172, 219, 3, 0
1368, 2, 406, 430, 85, 0, 53.81%, 3, 0, 7, 444.66, 616331, 219, 3, 0
1373, 2, 50, 430, 83, 0, 53.81%, 3, 0, 7, 446.87, 618585, 219, 3, 0
1378, 2, 376, 430, 81, 0, 53.81%, 3, 0, 7, 413.42, 620631, 219, 3, 0
1383, 2, 429, 430, 78, 0, 53.81%, 3, 0, 7, 425.18, 622835, 219, 3, 0
1388, 2, 347, 430, 75, 0, 53.81%, 3, 0, 7, 437.34, 625048, 219, 3, 0
1393, 2, 233, 430, 72, 0, 53.81%, 3, 0, 7, 439.01, 627349, 219, 3, 0
1398, 2, 404, 430, 71, 0, 53.81%, 3, 0, 7, 444.43, 629536, 219, 3, 0
1403, 2, 121, 430, 68, 0, 53.81%, 3, 0, 7, 457.75, 631839, 219, 3, 0
1408, 2, 393, 430, 66, 0, 53.81%, 3, 0, 7, 465.55, 634202, 219, 3, 0
1414, 2, 410, 430, 64, 0, 53.81%, 3, 0, 7, 430.55, 636307, 219, 3, 0
1419, 2, 290, 430, 62, 0, 53.81%, 3, 0, 7, 441.10, 638514, 219, 3, 0
1424, 2, 384, 430, 60, 0, 53.81%, 3, 0, 7, 439.35, 640720, 219, 3, 0
1429, 2, 293, 430, 58, 0, 53.81%, 3, 0, 7, 441.77, 642999, 219, 3, 0
1434, 2, 154, 431, 57, 0, 53.81%, 3, 0, 7, 411.38, 645041, 219, 3, 0
1439, 2, 165, 431, 55, 0, 53.81%, 3, 0, 7, 454.58, 647428, 219, 3, 0
1444, 2, 176, 431, 53, 0, 53.81%, 3, 0, 7, 462.91, 649749, 219, 3, 0
1449, 2, 380, 431, 51, 0, 53.81%, 3, 0, 7, 437.07, 651877, 219, 3, 0
1454, 2, 201, 431, 50, 0, 53.81%, 3, 0, 7, 423.62, 653987, 219, 3, 0
1459, 2, 375, 431, 48, 0, 53.81%, 3, 0, 7, 467.09, 656406, 219, 3, 0
1464, 2, 426, 431, 47, 0, 53.81%, 3, 0, 7, 447.15, 658680, 219, 3, 0
1469, 2, 136, 431, 45, 0, 53.81%, 3, 0, 7, 437.41, 660867, 219, 3, 0
1474, 2, 126, 431, 43, 0, 53.81%, 3, 0, 7, 453.46, 663180, 219, 3, 0
1479, 2, 364, 431, 41, 0, 53.81%, 3, 0, 7, 429.37, 665331, 219, 3, 0
1484, 2, 16, 431, 39, 0, 53.81%, 3, 0, 7, 431.35, 667525, 219, 3, 0
1489, 2, 418, 431, 38, 0, 53.81%, 3, 0, 7, 417.75, 669650, 219, 3, 0
1494, 2, 390, 431, 38, 0, 53.81%, 3, 0, 7, 411.58, 671676, 219, 3, 0
1500, 2, 53, 431, 36, 0, 53.81%, 3, 0, 7, 400.21, 673692, 219, 3, 0
1505, 2, 195, 431, 35, 0, 53.81%, 3, 0, 7, 389.35, 675619, 219, 3, 0
1510, 2, 305, 431, 32, 0, 53.81%, 3, 0, 7, 435.28, 677863, 219, 3, 0
1515, 2, 15, 431, 29, 0, 53.81%, 3, 0, 7, 444.17, 680184, 219, 3, 0
1520, 2, 167, 431, 27, 0, 53.81%, 3, 0, 7, 425.45, 682329, 219, 3, 0
1525, 2, 231, 431, 25, 0, 53.81%, 3, 0, 7, 453.11, 684673, 219, 3, 0
1530, 2, 154, 431, 23, 0, 53.81%, 3, 0, 7, 465.99, 687091, 219, 3, 0
1535, 2, 350, 431, 23, 0, 53.81%, 3, 0, 7, 470.22, 689437, 219, 3, 0
1540, 2, 99, 431, 22, 0, 53.81%, 3, 0, 7, 453.00, 691736, 219, 3, 0
1545, 2, 53, 431, 20, 0, 53.81%, 3, 0, 7, 411.22, 693781, 219, 3, 0
1551, 2, 293, 431, 19, 0, 53.81%, 3, 0, 7, 433.17, 696074, 219, 3, 0
1556, 2, 336, 431, 19, 0, 53.81%, 3, 0, 7, 443.91, 698257, 219, 3, 0
1561, 2, 350, 431, 17, 0, 53.81%, 3, 0, 7, 434.01, 700495, 219, 3, 0
1566, 2, 299, 431, 15, 0, 53.81%, 3, 0, 7, 461.07, 702891, 219, 3, 0
1571, 2, 350, 431, 14, 0, 53.81%, 3, 0, 7, 450.99, 705169, 219, 3, 0
1576, 2, 375, 431, 14, 0, 53.81%, 3, 0, 7, 464.66, 707476, 219, 3, 0
1581, 2, 53, 431, 14, 0, 53.81%, 3, 0, 7, 451.83, 709784, 219, 3, 0
1586, 3, 432, 435, 17, 1, 54.05%, 3, 0, 7, 457.57, 712040, 220, 3, 0
1591, 3, 346, 435, 16, 0, 54.05%, 3, 0, 7, 454.84, 714303, 220, 3, 0
1596, 3, 242, 435, 14, 0, 54.05%, 4, 0, 7, 439.88, 716503, 220, 4, 0
1601, 3, 113, 435, 14, 0, 54.05%, 4, 0, 7, 450.21, 718800, 220, 4, 0
1606, 3, 409, 435, 14, 0, 54.05%, 4, 0, 7, 467.13, 721148, 220, 4, 0
1611, 3, 16, 435, 14, 0, 54.05%, 4, 0, 7, 452.19, 723412, 220, 4, 0
1616, 3, 434, 435, 14, 0, 54.05%, 4, 0, 7, 414.91, 725484, 220, 4, 0
1621, 3, 421, 435, 13, 0, 54.05%, 4, 0, 7, 435.42, 727773, 220, 4, 0
1627, 3, 231, 435, 13, 0, 54.05%, 4, 0, 7, 449.74, 730170, 220, 4, 0
1632, 3, 299, 435, 13, 0, 54.05%, 4, 0, 7, 430.13, 732297, 220, 4, 0
1637, 3, 76, 435, 13, 0, 54.05%, 4, 0, 7, 427.61, 734467, 220, 4, 0
1642, 3, 214, 435, 13, 0, 54.05%, 4, 0, 7, 437.71, 736622, 220, 4, 0
1647, 3, 378, 435, 13, 0, 54.05%, 4, 0, 7, 416.30, 738730, 220, 4, 0
1652, 3, 339, 435, 11, 0, 54.05%, 4, 0, 7, 443.88, 741055, 220, 4, 0
1657, 3, 312, 435, 11, 0, 54.05%, 4, 0, 7, 456.38, 743362, 220, 4, 0
1662, 3, 240, 435, 11, 0, 54.05%, 4, 0, 7, 453.91, 745661, 220, 4, 0
1667, 3, 350, 435, 10, 0, 54.05%, 4, 0, 7, 470.53, 748008, 220, 4, 0
1672, 3, 300, 435, 10, 0, 54.05%, 4, 0, 7, 436.67, 750134, 220, 4, 0
1677, 3, 433, 435, 10, 0, 54.05%, 4, 0, 7, 442.68, 752409, 220, 4, 0
1682, 3, 375, 435, 9, 0, 54.05%, 4, 0, 7, 426.53, 754533, 220, 4, 0
1687, 3, 418, 435, 9, 0, 54.05%, 4, 0, 7, 447.64, 756872, 220, 4, 0
1692, 3, 293, 435, 8, 0, 54.05%, 4, 0, 7, 439.33, 759113, 220, 4, 0
1697, 3, 356, 435, 8, 0, 54.05%, 4, 0, 7, 443.18, 761352, 220, 4, 0
1703, 3, 339, 435, 7, 0, 54.05%, 4, 0, 7, 461.97, 763668, 220, 4, 0
1708, 3, 113, 435, 7, 0, 54.05%, 4, 0, 7, 457.01, 765998, 220, 4, 0
1713, 3, 120, 435, 7, 0, 54.05%, 4, 0, 7, 445.98, 768269, 220, 4, 0
1718, 3, 350, 435, 7, 0, 54.05%, 4, 0, 7, 448.31, 770501, 220, 4, 0
1723, 3, 333, 435, 7, 0, 54.05%, 4, 0, 7, 428.88, 772678, 220, 4, 0
1728, 4, 436, 438, 9, 2, 54.79%, 4, 0, 7, 452.64, 774940, 223, 4, 0
1733, 4, 139, 438, 7, 0, 54.79%, 4, 0, 7, 477.32, 777348, 223, 4, 0
1738, 4, 140, 438, 7, 0, 54.79%, 4, 0, 7, 442.88, 779585, 223, 4, 0
1743, 4, 53, 438, 7, 0, 54.79%, 4, 0, 7, 442.53, 781770, 223, 4, 0
1748, 4, 154, 438, 7, 0, 54.79%, 4, 0, 7, 436.12, 783980, 223, 4, 0
1753, 4, 233, 438, 7, 0, 54.79%, 4, 0, 7, 435.77, 786220, 223, 4, 0
1758, 4, 161, 438, 7, 0, 54.79%, 4, 0, 7, 431.73, 788395, 223, 4, 0
1763, 4, 36, 438, 6, 0, 54.79%, 4, 0, 7, 452.44, 790781, 223, 4, 0
1769, 4, 22, 438, 6, 0, 54.79%, 4, 0, 7, 453.45, 793090, 223, 4, 0
1774, 4, 53, 438, 6, 0, 54.79%, 5, 0, 7, 470.74, 795508, 223, 5, 0
1779, 4, 154, 438, 6, 0, 54.79%, 5, 0, 7, 446.30, 797746, 223, 5, 0
1784, 4, 427, 438, 6, 0, 54.79%, 5, 0, 7, 464.04, 800084, 223, 5, 0
1789, 4, 231, 438, 6, 0, 54.79%, 5, 0, 7, 460.52, 802383, 223, 5, 0
1794, 4, 264, 438, 6, 0, 54.79%, 5, 0, 7, 446.09, 804620, 223, 5, 0
1799, 4, 339, 438, 5, 0, 54.79%, 5, 0, 7, 460.63, 806893, 223, 5, 0
1804, 4, 339, 438, 5, 0, 54.79%, 5, 0, 7, 463.46, 809224, 223, 5, 0
1809, 4, 401, 438, 4, 0, 54.79%, 5, 0, 7, 457.69, 811523, 223, 5, 0
1814, 4, 118, 438, 4, 0, 54.79%, 5, 0, 7, 444.88, 813757, 223, 5, 0
1819, 4, 350, 438, 4, 0, 54.79%, 5, 0, 7, 456.83, 816062, 223, 5, 0
1824, 4, 418, 438, 4, 0, 54.79%, 5, 0, 7, 461.98, 818464, 223, 5, 0
1829, 4, 195, 438, 4, 0, 54.79%, 5, 0, 7, 457.48, 820722, 223, 5, 0
1834, 4, 299, 438, 4, 0, 54.79%, 5, 0, 7, 432.20, 822841, 223, 5, 0
1839, 4, 293, 438, 4, 0, 54.79%, 5, 0, 7, 439.40, 825157, 223, 5, 0
1845, 4, 400, 438, 4, 0, 54.79%, 5, 0, 7, 469.85, 827513, 223, 5, 0
1850, 4, 56, 438, 4, 0, 54.79%, 5, 0, 7, 459.50, 829778, 223, 5, 0
1855, 4, 140, 438, 4, 0, 54.79%, 5, 0, 7, 441.24, 831981, 223, 5, 0
1860, 5, 129, 438, 4, 0, 54.79%, 5, 0, 7, 458.50, 834351, 223, 5, 0
1865, 5, 16, 438, 4, 0, 54.79%, 5, 0, 7, 448.16, 836590, 223, 5, 0
1870, 5, 53, 438, 4, 0, 54.79%, 5, 0, 7, 433.86, 838791, 223, 5, 0
1875, 5, 409, 438, 4, 0, 54.79%, 5, 0, 7, 436.46, 840974, 223, 5, 0
1880, 5, 409, 438, 4, 0, 54.79%, 5, 0, 7, 450.44, 843212, 223, 5, 0
1885, 5, 178, 438, 4, 0, 54.79%, 5, 0, 7, 455.84, 845458, 223, 5, 0
1890, 5, 247, 438, 4, 0, 54.79%, 6, 0, 7, 461.11, 847872, 223, 6, 0
1895, 5, 96, 438, 4, 0, 54.79%, 6, 0, 7, 419.65, 849977, 223, 6, 0
1900, 5, 53, 438, 3, 0, 54.79%, 6, 0, 7, 453.79, 852253, 223, 6, 0
1905, 5, 188, 438, 3, 0, 54.79%, 6, 0, 7, 432.04, 854426, 223, 6, 0
1910, 5, 350, 438, 3, 0, 54.79%, 6, 0, 7, 429.96, 856597, 223, 6, 0
1915, 5, 13, 438, 3, 0, 54.79%, 6, 0, 7, 439.05, 858849, 223, 6, 0
1920, 5, 432, 438, 3, 0, 54.79%, 6, 0, 7, 464.42, 861221, 223, 6, 0
1926, 5, 53, 438, 3, 0, 54.79%, 6, 0, 7, 468.70, 863598, 223, 6, 0
1931, 5, 293, 438, 3, 0, 54.79%, 6, 0, 7, 460.86, 865957, 223, 6, 0
1936, 5, 16, 438, 2, 0, 54.79%, 6, 0, 7, 449.42, 868227, 223, 6, 0
1941, 5, 368, 438, 2, 0, 54.79%, 6, 0, 7, 438.14, 870424, 223, 6, 0
1946, 5, 23, 438, 2, 0, 54.79%, 6, 0, 7, 417.84, 872521, 223, 6, 0
1951, 5, 409, 438, 2, 0, 54.79%, 6, 0, 7, 441.38, 874800, 223, 9, 0
1956, 5, 80, 438, 2, 0, 54.79%, 6, 0, 7, 440.19, 877010, 223, 9, 0
1961, 5, 346, 438, 2, 0, 54.79%, 6, 0, 7, 433.51, 879238, 223, 9, 0
1966, 5, 138, 438, 2, 0, 54.79%, 6, 0, 7, 433.58, 881428, 223, 9, 0
1971, 5, 106, 438, 2, 0, 54.79%, 6, 0, 7, 437.27, 883642, 223, 9, 0
1976, 6, 224, 438, 2, 0, 54.79%, 6, 0, 7, 465.65, 886044, 223, 9, 0
1981, 6, 418, 438, 2, 0, 54.79%, 6, 0, 7, 444.34, 888260, 223, 9, 0
1986, 6, 293, 438, 2, 0, 54.79%, 6, 0, 7, 456.93, 890502, 223, 10, 0
1991, 6, 231, 438, 2, 0, 54.79%, 6, 0, 7, 447.70, 892792, 223, 10, 0
1996, 6, 226, 438, 2, 0, 54.79%, 6, 0, 7, 450.27, 895095, 223, 10, 0
2001, 6, 418, 438, 2, 0, 54.79%, 6, 0, 7, 441.90, 897352, 223, 10, 0
2006, 6, 236, 438, 2, 0, 54.79%, 6, 0, 7, 464.57, 899692, 223, 10, 0
2011, 6, 300, 438, 2, 0, 54.79%, 6, 0, 7, 420.81, 901775, 223, 10, 0
2016, 6, 0, 438, 2, 0, 54.79%, 6, 0, 7, 433.94, 903980, 223, 10, 0
2022, 6, 138, 438, 2, 0, 54.79%, 6, 0, 7, 416.37, 906098, 223, 10, 0
2027, 6, 339, 438, 2, 0, 54.79%, 6, 0, 7, 449.79, 908457, 223, 10, 0
2032, 6, 368, 438, 2, 0, 54.79%, 6, 0, 7, 462.74, 910804, 223, 10, 0
2037, 6, 409, 438, 2, 0, 54.79%, 6, 0, 7, 442.08, 913053, 223, 10, 0
2042, 6, 56, 438, 2, 0, 54.79%, 6, 0, 7, 414.63, 915175, 223, 10, 0
2047, 6, 96, 439, 3, 0, 54.79%, 6, 0, 7, 431.69, 917367, 223, 10, 0
2052, 6, 131, 439, 3, 0, 54.79%, 6, 0, 7, 457.05, 919695, 223, 10, 0
2057, 6, 154, 439, 3, 0, 54.79%, 6, 0, 7, 440.21, 921845, 223, 10, 0
2062, 6, 15, 439, 3, 0, 54.79%, 6, 0, 7, 447.47, 924122, 223, 10, 0
2067, 6, 293, 439, 2, 0, 54.79%, 6, 0, 7, 451.19, 926387, 223, 10, 0
2072, 6, 138, 439, 2, 0, 54.79%, 6, 0, 7, 442.11, 928652, 223, 10, 0
2077, 6, 53, 439, 2, 0, 54.79%, 6, 0, 7, 456.65, 930954, 223, 10, 0
2082, 6, 376, 439, 2, 0, 54.79%, 6, 0, 7, 432.54, 933148, 223, 10, 0
2088, 6, 117, 439, 2, 0, 54.79%, 6, 0, 7, 441.47, 935384, 223, 10, 0
2093, 6, 293, 439, 2, 0, 54.79%, 6, 0, 7, 434.91, 937628, 223, 10, 0
2098, 6, 339, 439, 2, 0, 54.79%, 6, 0, 7, 439.85, 939853, 223, 10, 0
2103, 6, 259, 439, 2, 0, 54.79%, 6, 0, 7, 424.61, 942038, 223, 10, 0
2108, 6, 128, 439, 2, 0, 54.79%, 6, 0, 7, 419.36, 944187, 223, 10, 0
2113, 7, 179, 440, 2, 0, 54.79%, 8, 0, 7, 434.62, 946390, 223, 12, 0
2118, 7, 293, 440, 1, 0, 54.79%, 8, 0, 7, 440.32, 948622, 223, 12, 0
2123, 7, 86, 440, 1, 0, 54.79%, 8, 0, 7, 425.68, 950776, 223, 12, 0
2128, 7, 138, 440, 1, 0, 54.79%, 8, 0, 7, 442.57, 953133, 223, 12, 0
2133, 7, 418, 440, 1, 0, 54.79%, 8, 0, 7, 423.58, 955269, 223, 12, 0
2138, 7, 346, 440, 1, 0, 54.79%, 8, 0, 7, 434.02, 957525, 223, 12, 0
2143, 7, 15, 440, 1, 0, 54.79%, 8, 0, 7, 430.24, 959697, 223, 12, 0
2149, 7, 85, 440, 1, 0, 54.79%, 8, 0, 7, 447.14, 961937, 223, 12, 0
2154, 7, 359, 440, 1, 0, 54.79%, 8, 0, 7, 425.59, 964074, 223, 12, 0
2159, 7, 55, 440, 1, 0, 54.79%, 8, 0, 7, 419.82, 966168, 223, 12, 0
2164, 7, 26, 440, 1, 0, 54.79%, 8, 0, 7, 486.08, 968701, 223, 12, 0
2169, 7, 425, 440, 1, 0, 54.79%, 8, 0, 7, 481.55, 971077, 223, 12, 0
2174, 7, 380, 440, 1, 0, 54.79%, 8, 0, 7, 442.63, 973262, 223, 12, 0
2179, 7, 293, 440, 1, 0, 54.79%, 8, 0, 7, 410.09, 975365, 223, 12, 0
2184, 7, 0, 440, 1, 0, 54.79%, 8, 0, 7, 426.13, 977519, 223, 12, 0
2189, 7, 293, 440, 1, 0, 54.79%, 8, 0, 7, 419.56, 979649, 223, 12, 0
2194, 7, 418, 440, 1, 0, 54.79%, 8, 0, 7, 436.31, 981887, 223, 15, 0
2199, 7, 234, 440, 1, 0, 54.79%, 8, 0, 7, 415.17, 983978, 223, 15, 0
2204, 7, 398, 440, 1, 0, 54.79%, 8, 0, 7, 431.35, 986199, 223, 16, 0
2209, 7, 195, 440, 1, 0, 54.79%, 8, 0, 7, 447.85, 988473, 223, 16, 0
2215, 7, 293, 440, 1, 0, 54.79%, 8, 0, 7, 422.74, 990632, 223, 16, 0
2220, 7, 154, 440, 1, 0, 54.79%, 8, 0, 7, 413.53, 992824, 223, 16, 0
2225, 7, 56, 440, 1, 0, 54.79%, 8, 0, 7, 415.44, 994914, 223, 16, 0
2230, 7, 127, 440, 1, 0, 54.79%, 8, 0, 7, 420.31, 997119, 223, 16, 0
2235, 7, 409, 440, 0, 0, 54.79%, 8, 0, 7, 440.73, 999299, 223, 16, 0
2240, 7, 195, 440, 0, 0, 54.79%, 8, 0, 7, 446.75, 1001606, 223, 16, 0
2245, 8, 440, 445, 5, 1, 55.04%, 8, 0, 7, 445.34, 1003870, 224, 17, 0
2250, 8, 440, 445, 5, 1, 55.04%, 8, 0, 7, 407.65, 1005895, 224, 17, 0
2255, 8, 213, 445, 4, 0, 55.04%, 8, 0, 7, 432.25, 1008101, 224, 17, 0
2260, 8, 444, 445, 3, 0, 55.04%, 8, 0, 7, 442.92, 1010355, 224, 17, 0
2265, 8, 427, 446, 3, 0, 55.04%, 8, 0, 7, 440.26, 1012657, 224, 17, 0
2270, 8, 249, 446, 3, 0, 55.04%, 8, 0, 7, 442.35, 1014876, 224, 17, 0
2275, 8, 28, 446, 3, 0, 55.04%, 8, 0, 7, 424.84, 1016979, 224, 18, 0
2280, 8, 231, 447, 4, 0, 55.04%, 8, 0, 7, 438.98, 1019208, 224, 18, 0
2286, 8, 442, 447, 4, 0, 55.04%, 8, 0, 7, 421.43, 1021344, 224, 18, 0
2291, 8, 195, 447, 3, 0, 55.04%, 8, 0, 7, 413.70, 1023461, 224, 18, 0
2296, 8, 415, 447, 2, 0, 55.04%, 8, 0, 7, 427.82, 1025628, 224, 18, 0
2301, 8, 339, 447, 2, 0, 55.04%, 8, 0, 7, 424.34, 1027743, 224, 19, 0
2306, 8, 346, 447, 1, 0, 55.04%, 8, 0, 7, 451.85, 1030188, 224, 19, 0
2311, 8, 298, 447, 1, 0, 55.04%, 8, 0, 7, 439.94, 1032421, 224, 19, 0
2316, 8, 436, 447, 0, 0, 55.04%, 8, 0, 7, 406.68, 1034486, 224, 19, 0
2321, 8, 293, 447, 0, 0, 55.04%, 8, 0, 7, 453.42, 1036870, 224, 19, 0
2326, 8, 42, 447, 0, 0, 55.04%, 8, 0, 7, 432.02, 1039042, 224, 19, 0
2331, 8, 375, 447, 0, 0, 55.04%, 8, 0, 7, 421.23, 1041231, 224, 19, 0
2337, 8, 140, 447, 0, 0, 55.04%, 8, 0, 7, 427.84, 1043396, 224, 19, 0
2342, 8, 368, 447, 0, 0, 55.04%, 8, 0, 7, 431.74, 1045552, 224, 19, 0
2347, 8, 361, 447, 0, 0, 55.04%, 8, 0, 7, 451.65, 1047884, 224, 19, 0
2352, 8, 419, 447, 0, 0, 55.04%, 8, 0, 7, 455.04, 1050289, 224, 19, 0
2357, 8, 15, 447, 0, 0, 55.04%, 8, 0, 7, 443.45, 1052499, 224, 19, 0
2362, 8, 418, 447, 0, 0, 55.04%, 9, 0, 7, 441.48, 1054725, 224, 20, 0
2367, 8, 293, 447, 0, 0, 55.04%, 9, 0, 7, 423.08, 1056909, 224, 20, 0
2372, 8, 421, 447, 0, 0, 55.04%, 9, 0, 7, 444.55, 1059137, 224, 20, 0
2377, 8, 56, 447, 0, 0, 55.04%, 9, 0, 7, 449.92, 1061363, 224, 20, 0
2382, 8, 435, 447, 0, 0, 55.04%, 9, 0, 7, 445.32, 1063663, 224, 20, 0
2387, 9, 18, 447, 0, 0, 55.04%, 9, 0, 7, 445.99, 1065918, 224, 20, 0
2392, 9, 31, 447, 0, 0, 55.04%, 9, 0, 7, 460.23, 1068222, 224, 20, 0
2397, 9, 400, 447, 0, 0, 55.04%, 9, 0, 7, 452.79, 1070475, 224, 20, 0
2402, 9, 333, 447, 0, 0, 55.04%, 9, 0, 7, 440.04, 1072768, 224, 20, 0
2408, 9, 293, 447, 0, 0, 55.04%, 9, 0, 7, 389.04, 1074716, 224, 20, 0
2413, 9, 396, 447, 0, 0, 55.04%, 9, 0, 7, 409.70, 1076764, 224, 20, 0
2418, 9, 339, 447, 0, 0, 55.04%, 9, 0, 7, 442.69, 1079052, 224, 20, 0
2423, 9, 350, 447, 0, 0, 55.04%, 9, 0, 7, 457.25, 1081301, 224, 20, 0
2428, 9, 293, 447, 0, 0, 55.04%, 9, 0, 7, 440.26, 1083480, 224, 20, 0
2433, 9, 113, 447, 0, 0, 55.04%, 9, 0, 7, 451.27, 1085750, 224, 20, 0
2438, 9, 440, 447, 0, 0, 55.04%, 9, 0, 7, 437.32, 1087946, 224, 20, 0
2443, 9, 259, 447, 0, 0, 55.04%, 10, 0, 7, 450.67, 1090248, 224, 23, 0
2448, 9, 293, 447, 0, 0, 55.04%, 10, 0, 7, 433.68, 1092429, 224, 23, 0
2453, 9, 140, 447, 0, 0, 55.04%, 10, 0, 7, 432.74, 1094584, 224, 23, 0
2458, 9, 144, 447, 0, 0, 55.04%, 10, 0, 7, 459.70, 1096952, 224, 23, 0
2463, 9, 299, 447, 0, 0, 55.04%, 10, 0, 7, 450.09, 1099182, 224, 23, 0
2468, 9, 339, 447, 0, 0, 55.04%, 10, 0, 7, 438.80, 1101490, 224, 23, 0
2473, 9, 53, 447, 0, 0, 55.04%, 10, 0, 7, 432.23, 1103669, 224, 23, 0
2479, 9, 195, 447, 0, 0, 55.04%, 10, 0, 7, 437.38, 1105872, 224, 23, 0
2484, 9, 380, 447, 0, 0, 55.04%, 10, 0, 7, 412.59, 1107931, 224, 23, 0
2489, 9, 299, 447, 0, 0, 55.04%, 10, 0, 7, 431.27, 1110103, 224, 23, 0
2494, 9, 195, 447, 0, 0, 55.04%, 10, 0, 7, 443.87, 1112367, 224, 23, 0
2499, 9, 299, 447, 0, 0, 55.04%, 10, 0, 7, 461.34, 1114661, 224, 23, 0
2504, 9, 349, 447, 0, 0, 55.04%, 10, 0, 7, 443.91, 1116904, 224, 23, 0
2509, 9, 14, 447, 0, 0, 55.04%, 10, 0, 7, 447.19, 1119171, 224, 23, 0
2514, 10, 440, 447, 0, 0, 55.04%, 10, 0, 7, 446.26, 1121420, 224, 23, 0
2519, 10, 34, 447, 0, 0, 55.04%, 10, 0, 7, 452.93, 1123749, 224, 23, 0
2524, 10, 46, 447, 0, 0, 55.04%, 10, 0, 7, 452.63, 1126095, 224, 23, 0
2529, 10, 56, 447, 0, 0, 55.04%, 10, 0, 7, 467.69, 1128403, 224, 23, 0
2534, 10, 293, 447, 0, 0, 55.04%, 10, 0, 7, 445.89, 1130557, 224, 24, 0
2539, 10, 299, 447, 0, 0, 55.04%, 10, 0, 7, 433.23, 1132756, 224, 24, 0
2544, 10, 339, 447, 0, 0, 55.04%, 10, 0, 7, 432.23, 1134980, 224, 24, 0
2549, 10, 339, 447, 0, 0, 55.04%, 10, 0, 7, 435.66, 1137143, 224, 24, 0
2554, 10, 339, 447, 0, 0, 55.04%, 10, 0, 7, 435.49, 1139315, 224, 24, 0
2559, 10, 154, 447, 0, 0, 55.04%, 10, 0, 7, 454.62, 1141610, 224, 24, 0
2564, 10, 390, 447, 0, 0, 55.04%, 10, 0, 7, 436.24, 1143815, 224, 24, 0
2569, 10, 293, 447, 0, 0, 55.04%, 10, 0, 7, 436.81, 1145963, 224, 24, 0
2575, 10, 53, 447, 0, 0, 55.04%, 10, 0, 7, 451.06, 1148267, 224, 24, 0
2580, 10, 293, 447, 0, 0, 55.04%, 10, 0, 7, 447.50, 1150518, 224, 24, 0
2585, 10, 195, 447, 0, 0, 55.04%, 10, 0, 7, 451.27, 1152781, 224, 24, 0
2590, 10, 418, 447, 0, 0, 55.04%, 10, 0, 7, 442.07, 1154971, 224, 24, 0
2595, 10, 53, 447, 0, 0, 55.04%, 10, 0, 7, 419.78, 1157082, 224, 24, 0
2600, 10, 383, 447, 0, 0, 55.04%, 10, 0, 7, 423.64, 1159245, 224, 25, 0
2605, 10, 380, 447, 0, 0, 55.04%, 10, 0, 7, 419.01, 1161380, 224, 25, 0
2610, 10, 309, 447, 0, 0, 55.04%, 10, 0, 7, 430.09, 1163575, 224, 25, 0
2615, 10, 339, 447, 0, 0, 55.04%, 10, 0, 7, 445.49, 1165817, 224, 25, 0
2620, 10, 435, 447, 0, 0, 55.04%, 10, 0, 7, 426.57, 1168005, 224, 25, 0
2626, 10, 299, 447, 0, 0, 55.04%, 10, 0, 7, 426.00, 1170233, 224, 25, 0
2631, 10, 380, 447, 0, 0, 55.04%, 10, 0, 7, 444.50, 1172467, 224, 25, 0
2636, 10, 293, 447, 0, 0, 55.04%, 10, 0, 7, 452.87, 1174822, 224, 25, 0
2641, 10, 231, 447, 0, 0, 55.04%, 10, 0, 7, 437.62, 1177028, 224, 25, 0
2646, 11, 326, 447, 0, 0, 55.04%, 10, 0, 7, 445.99, 1179343, 224, 25, 0
2651, 11, 331, 447, 0, 0, 55.04%, 10, 0, 7, 450.32, 1181657, 224, 25, 0
2656, 11, 427, 447, 0, 0, 55.04%, 10, 0, 7, 448.02, 1183899, 224, 25, 0
2661, 11, 339, 447, 0, 0, 55.04%, 10, 0, 7, 435.95, 1186086, 224, 25, 0
2666, 11, 41, 447, 0, 0, 55.04%, 10, 0, 7, 432.86, 1188227, 224, 25, 0
2671, 11, 138, 447, 0, 0, 55.04%, 10, 0, 7, 425.99, 1190443, 224, 25, 0
2676, 11, 350, 447, 0, 0, 55.04%, 10, 0, 7, 439.25, 1192698, 224, 25, 0
2681, 11, 231, 447, 0, 0, 55.04%, 10, 0, 7, 433.91, 1194892, 224, 26, 0
2686, 11, 299, 447, 0, 0, 55.04%, 10, 0, 7, 426.10, 1197016, 224, 26, 0
2691, 11, 154, 447, 0, 0, 55.04%, 10, 0, 7, 429.96, 1199207, 224, 26, 0
2697, 11, 55, 447, 0, 0, 55.04%, 10, 0, 7, 452.09, 1201474, 224, 26, 0
2702, 11, 96, 447, 0, 0, 55.04%, 10, 0, 7, 434.59, 1203669, 224, 26, 0
2707, 11, 138, 447, 0, 0, 55.04%, 10, 0, 7, 433.20, 1205849, 224, 27, 0
2712, 11, 16, 447, 0, 0, 55.04%, 10, 0, 7, 461.48, 1208294, 224, 27, 0
2717, 11, 361, 447, 0, 0, 55.04%, 10, 0, 7, 439.88, 1210542, 224, 27, 0
2722, 11, 299, 447, 0, 0, 55.04%, 10, 0, 7, 426.77, 1212771, 224, 27, 0
2727, 11, 440, 447, 0, 0, 55.04%, 10, 0, 7, 428.12, 1214934, 224, 27, 0
2732, 11, 293, 447, 0, 0, 55.04%, 10, 0, 7, 427.54, 1217119, 224, 27, 0
2737, 11, 368, 447, 0, 0, 55.04%, 10, 0, 7, 430.58, 1219334, 224, 27, 0
2742, 11, 23, 447, 0, 0, 55.04%, 10, 0, 7, 432.43, 1221560, 224, 27, 0
2747, 11, 407, 447, 0, 0, 55.04%, 10, 0, 7, 449.32, 1223791, 224, 27, 0
2752, 11, 440, 447, 0, 0, 55.04%, 10, 0, 7, 438.56, 1225986, 224, 27, 0
2757, 11, 269, 447, 0, 0, 55.04%, 10, 0, 7, 454.36, 1228262, 224, 27, 0
2762, 11, 437, 447, 0, 0, 55.04%, 10, 0, 7, 451.09, 1230498, 224, 27, 0
2767, 11, 293, 447, 0, 0, 55.04%, 10, 0, 7, 446.26, 1232730, 224, 28, 0
2772, 12, 276, 447, 0, 0, 55.04%, 10, 0, 7, 436.60, 1234902, 224, 28, 0
2777, 12, 435, 447, 0, 0, 55.04%, 10, 0, 7, 449.19, 1237169, 224, 28, 0
2782, 12, 23, 447, 0, 0, 55.04%, 10, 0, 7, 433.76, 1239322, 224, 28, 0
2787, 12, 154, 447, 0, 0, 55.04%, 10, 0, 7, 433.35, 1241495, 224, 28, 0
2792, 12, 380, 447, 0, 0, 55.04%, 10, 0, 7, 443.48, 1243746, 224, 28, 0
2798, 12, 15, 447, 0, 0, 55.04%, 10, 0, 7, 410.65, 1245809, 224, 28, 0
2803, 12, 34, 447, 0, 0, 55.04%, 10, 0, 7, 418.10, 1247992, 224, 28, 0
2808, 12, 380, 447, 0, 0, 55.04%, 10, 0, 7, 435.65, 1250198, 224, 28, 0
2813, 12, 230, 447, 0, 0, 55.04%, 10, 0, 7, 419.05, 1252343, 224, 28, 0
2818, 12, 293, 447, 0, 0, 55.04%, 10, 0, 7, 405.90, 1254404, 224, 29, 0
2823, 12, 375, 447, 0, 0, 55.04%, 10, 0, 7, 390.62, 1256394, 224, 29, 0
2828, 12, 113, 447, 0, 0, 55.04%, 10, 0, 7, 413.93, 1258601, 224, 29, 0
2833, 12, 23, 447, 0, 0, 55.04%, 10, 0, 7, 450.42, 1260916, 224, 29, 0
2838, 12, 293, 447, 0, 0, 55.04%, 10, 0, 7, 430.74, 1263121, 224, 29, 0
2843, 12, 96, 447, 0, 0, 55.04%, 10, 0, 7, 401.16, 1265215, 224, 29, 0
2848, 12, 350, 447, 0, 0, 55.04%, 10, 0, 7, 444.03, 1267523, 224, 29, 0
2854, 12, 414, 447, 0, 0, 55.04%, 10, 0, 7, 434.27, 1269676, 224, 29, 0
2859, 12, 339, 447, 0, 0, 55.04%, 10, 0, 7, 425.75, 1271926, 224, 29, 0
2864, 12, 444, 447, 0, 0, 55.04%, 10, 0, 7, 452.87, 1274206, 224, 29, 0
2869, 12, 409, 447, 0, 0, 55.04%, 10, 0, 7, 461.74, 1276586, 224, 29, 0
2874, 12, 418, 447, 0, 0, 55.04%, 10, 0, 7, 467.19, 1278975, 224, 29, 0
2879, 12, 319, 447, 0, 0, 55.04%, 10, 0, 7, 429.60, 1281169, 224, 29, 0
2884, 12, 294, 447, 0, 0, 55.04%, 10, 0, 7, 424.99, 1283424, 224, 29, 0
2890, 12, 317, 447, 0, 0, 55.04%, 10, 0, 7, 441.20, 1285672, 224, 29, 0
2895, 13, 277, 447, 0, 0, 55.04%, 10, 0, 7, 449.05, 1287971, 224, 29, 0
2900, 13, 293, 447, 0, 0, 55.04%, 10, 0, 7, 448.44, 1290220, 224, 29, 0
2905, 13, 379, 447, 0, 0, 55.04%, 10, 0, 7, 468.94, 1292577, 224, 29, 0
2910, 13, 56, 447, 0, 0, 55.04%, 10, 0, 7, 466.04, 1294926, 224, 29, 0
2915, 13, 96, 447, 0, 0, 55.04%, 10, 0, 7, 429.78, 1297101, 224, 29, 0
2920, 13, 418, 447, 0, 0, 55.04%, 10, 0, 7, 437.41, 1299384, 224, 29, 0
2925, 13, 427, 447, 0, 0, 55.04%, 10, 0, 7, 440.13, 1301535, 224, 29, 0
2930, 13, 390, 447, 0, 0, 55.04%, 10, 0, 7, 410.29, 1303622, 224, 29, 0
2935, 13, 398, 447, 0, 0, 55.04%, 10, 0, 7, 450.29, 1305927, 224, 29, 0
2941, 13, 435, 447, 0, 0, 55.04%, 10, 0, 7, 427.75, 1308178, 224, 29, 0
2946, 13, 113, 447, 0, 0, 55.04%, 10, 0, 7, 448.94, 1310422, 224, 29, 0
2951, 13, 330, 447, 0, 0, 55.04%, 10, 0, 7, 449.54, 1312778, 224, 29, 0
2956, 13, 380, 447, 0, 0, 55.04%, 10, 0, 7, 450.75, 1315059, 224, 30, 0
2961, 13, 440, 447, 0, 0, 55.04%, 10, 0, 7, 425.21, 1317171, 224, 30, 0
2966, 13, 295, 447, 0, 0, 55.04%, 10, 0, 7, 423.01, 1319284, 224, 30, 0
2971, 13, 293, 447, 0, 0, 55.04%, 10, 0, 7, 416.00, 1321419, 224, 30, 0
2976, 13, 231, 447, 0, 0, 55.04%, 10, 0, 7, 436.36, 1323648, 224, 30, 0
2981, 13, 299, 447, 0, 0, 55.04%, 10, 0, 7, 438.62, 1325882, 224, 30, 0
2986, 13, 16, 447, 0, 0, 55.04%, 10, 0, 7, 440.88, 1328120, 224, 30, 0
2991, 13, 56, 447, 0, 0, 55.04%, 10, 0, 7, 422.51, 1330257, 224, 30, 0
2996, 13, 52, 447, 0, 0, 55.04%, 10, 0, 7, 407.33, 1332330, 224, 30, 0
3001, 13, 205, 447, 0, 0, 55.04%, 10, 0, 7, 431.36, 1334500, 224, 30, 0
3006, 13, 380, 447, 0, 0, 55.04%, 10, 0, 7, 442.48, 1336739, 224, 30, 0
3011, 13, 15, 447, 0, 0, 55.04%, 10, 0, 7, 426.86, 1338875, 224, 30, 0
3017, 14, 16, 447, 0, 0, 55.04%, 10, 0, 7, 446.57, 1341122, 224, 30, 0
3022, 14, 56, 447, 0, 0, 55.04%, 10, 0, 7, 439.36, 1343392, 224, 30, 0
3027, 14, 290, 447, 0, 0, 55.04%, 10, 0, 7, 443.09, 1345592, 224, 30, 0
3032, 14, 179, 448, 1, 0, 55.04%, 10, 0, 7, 448.12, 1347819, 224, 30, 0
3037, 14, 355, 448, 1, 0, 55.04%, 10, 0, 7, 418.97, 1349934, 224, 30, 0
3042, 14, 440, 448, 1, 0, 55.04%, 10, 0, 7, 415.47, 1352035, 224, 31, 0
3047, 14, 14, 448, 1, 0, 55.04%, 10, 0, 7, 445.89, 1354288, 224, 31, 0
3052, 14, 418, 448, 1, 0, 55.04%, 10, 0, 7, 425.37, 1356452, 224, 31, 0
3057, 14, 375, 448, 1, 0, 55.04%, 10, 0, 7, 458.01, 1358812, 224, 32, 0
3062, 14, 210, 448, 1, 0, 55.04%, 10, 0, 7, 462.69, 1361096, 224, 36, 0
3067, 14, 195, 448, 1, 0, 55.04%, 10, 0, 7, 446.80, 1363309, 224, 36, 0
3072, 14, 178, 448, 1, 0, 55.04%, 10, 0, 7, 432.29, 1365462, 224, 36, 0
3077, 14, 355, 448, 0, 0, 55.04%, 10, 0, 7, 419.67, 1367581, 224, 37, 0
3082, 14, 154, 448, 0, 0, 55.04%, 10, 0, 7, 448.26, 1369891, 224, 37, 0
3087, 14, 427, 448, 0, 0, 55.04%, 10, 0, 7, 443.29, 1372140, 224, 37, 0
3093, 14, 209, 448, 0, 0, 55.04%, 10, 0, 7, 430.74, 1374359, 224, 37, 0
3098, 14, 440, 448, 0, 0, 55.04%, 11, 0, 7, 454.37, 1376722, 224, 39, 0
3103, 14, 168, 448, 0, 0, 55.04%, 11, 0, 7, 422.42, 1378850, 224, 39, 0
3108, 14, 154, 448, 0, 0, 55.04%, 11, 0, 7, 430.16, 1380986, 224, 39, 0
3113, 14, 231, 448, 0, 0, 55.04%, 11, 0, 7, 443.63, 1383316, 224, 39, 0
3118, 14, 380, 448, 0, 0, 55.04%, 11, 0, 7, 440.80, 1385536, 224, 39, 0
3123, 14, 346, 448, 0, 0, 55.04%, 11, 0, 7, 465.48, 1387851, 224, 39, 0
3128, 14, 126, 448, 0, 0, 55.04%, 11, 0, 7, 422.15, 1389960, 224, 39, 0
3133, 14, 400, 448, 0, 0, 55.04%, 11, 0, 7, 459.98, 1392289, 224, 39, 0
3138, 14, 195, 448, 0, 0, 55.04%, 11, 0, 7, 446.95, 1394542, 224, 39, 0
3143, 14, 140, 448, 0, 0, 55.04%, 11, 0, 7, 412.65, 1396586, 224, 39, 0
3149, 15, 195, 448, 0, 0, 55.04%, 11, 0, 7, 423.72, 1398860, 224, 39, 0
3154, 15, 409, 448, 0, 0, 55.04%, 11, 0, 7, 420.61, 1401015, 224, 39, 0
3159, 15, 299, 448, 0, 0, 55.04%, 11, 0, 7, 427.39, 1403229, 224, 39, 0
3164, 15, 380, 448, 0, 0, 55.04%, 11, 0, 7, 439.91, 1405446, 224, 39, 0
3169, 15, 359, 448, 0, 0, 55.04%, 11, 0, 7, 462.59, 1407790, 224, 39, 0
3174, 15, 437, 448, 0, 0, 55.04%, 11, 0, 7, 446.30, 1409946, 224, 39, 0
3179, 15, 440, 448, 0, 0, 55.04%, 11, 0, 7, 439.19, 1412153, 224, 39, 0
3184, 15, 368, 448, 0, 0, 55.04%, 11, 0, 7, 443.38, 1414396, 224, 39, 0
3189, 15, 56, 448, 0, 0, 55.04%, 11, 0, 7, 419.99, 1416497, 224, 40, 0
3195, 15, 418, 448, 0, 0, 55.04%, 11, 0, 7, 421.74, 1418659, 224, 40, 0
3200, 15, 293, 448, 0, 0, 55.04%, 11, 0, 7, 419.26, 1420772, 224, 42, 0
3205, 15, 201, 448, 0, 0, 55.04%, 11, 0, 7, 426.46, 1422913, 224, 42, 0
3210, 15, 154, 448, 0, 0, 55.04%, 11, 0, 7, 387.34, 1424794, 224, 42, 0
3215, 15, 374, 448, 0, 0, 55.04%, 11, 0, 7, 384.51, 1426769, 224, 42, 0
3220, 15, 293, 448, 0, 0, 55.04%, 11, 0, 7, 354.56, 1428560, 224, 42, 0
3225, 15, 409, 448, 0, 0, 55.04%, 11, 0, 7, 373.84, 1430518, 224, 43, 0
3230, 15, 0, 448, 0, 0, 55.04%, 11, 0, 7, 389.49, 1432530, 224, 43, 0
3235, 15, 231, 448, 0, 0, 55.04%, 11, 0, 7, 383.76, 1434438, 224, 43, 0
3240, 15, 350, 448, 0, 0, 55.04%, 11, 0, 7, 399.68, 1436451, 224, 43, 0
3245, 15, 293, 448, 0, 0, 55.04%, 11, 0, 7, 365.30, 1438302, 224, 43, 0
3251, 15, 28, 448, 0, 0, 55.04%, 11, 0, 7, 353.23, 1440054, 224, 43, 0
3256, 15, 23, 448, 0, 0, 55.04%, 11, 0, 7, 329.12, 1441682, 224, 43, 0
3261, 15, 418, 448, 0, 0, 55.04%, 11, 0, 7, 339.90, 1443407, 224, 43, 0
3266, 15, 195, 448, 0, 0, 55.04%, 11, 0, 7, 334.57, 1445089, 224, 43, 0
3271, 15, 436, 448, 0, 0, 55.04%, 11, 0, 7, 336.69, 1446635, 224, 43, 0
3276, 15, 11, 448, 0, 0, 55.04%, 11, 0, 7, 311.64, 1448210, 224, 43, 0
3281, 15, 53, 448, 0, 0, 55.04%, 11, 0, 7, 374.48, 1450162, 224, 43, 0
3286, 16, 368, 448, 0, 0, 55.04%, 11, 0, 7, 393.48, 1452151, 224, 43, 0
3291, 16, 128, 448, 0, 0, 55.04%, 11, 0, 7, 405.91, 1454178, 224, 43, 0
3296, 16, 401, 448, 0, 0, 55.04%, 11, 0, 7, 418.50, 1456341, 224, 43, 0
3301, 16, 0, 448, 0, 0, 55.04%, 11, 0, 7, 426.46, 1458501, 224, 43, 0
3306, 16, 350, 448, 0, 0, 55.04%, 11, 0, 7, 463.69, 1460939, 224, 43, 0
3312, 16, 170, 448, 0, 0, 55.04%, 11, 0, 7, 424.76, 1463011, 224, 43, 0
3317, 16, 128, 448, 0, 0, 55.04%, 11, 0, 7, 423.74, 1465210, 224, 43, 0
3322, 16, 14, 448, 0, 0, 55.04%, 11, 0, 7, 453.69, 1467542, 224, 43, 0
3327, 16, 138, 448, 0, 0, 55.04%, 11, 0, 7, 438.72, 1469803, 224, 43, 0
3332, 16, 401, 448, 0, 0, 55.04%, 11, 0, 7, 436.22, 1471990, 224, 43, 0
3337, 16, 440, 448, 0, 0, 55.04%, 11, 0, 7, 433.20, 1474194, 224, 43, 0
3342, 16, 381, 448, 0, 0, 55.04%, 11, 0, 7, 457.84, 1476568, 224, 43, 0
3347, 16, 11, 448, 0, 0, 55.04%, 11, 0, 7, 419.25, 1478650, 224, 43, 0
3352, 16, 195, 448, 0, 0, 55.04%, 11, 0, 7, 429.07, 1480914, 224, 45, 0
3357, 16, 332, 448, 0, 0, 55.04%, 11, 0, 7, 421.13, 1483038, 224, 45, 0
3362, 16, 418, 448, 0, 0, 55.04%, 11, 0, 7, 421.96, 1485210, 224, 45, 0
3367, 16, 231, 448, 0, 0, 55.04%, 11, 0, 7, 429.04, 1487360, 224, 45, 0
3373, 16, 299, 448, 0, 0, 55.04%, 11, 0, 7, 422.17, 1489533, 224, 46, 0
3378, 16, 15, 448, 0, 0, 55.04%, 11, 0, 7, 449.30, 1491808, 224, 46, 0
3383, 16, 374, 448, 0, 0, 55.04%, 11, 0, 7, 430.72, 1494050, 224, 47, 0
3388, 16, 288, 448, 0, 0, 55.04%, 11, 0, 7, 431.43, 1496220, 224, 47, 0
3393, 16, 299, 448, 0, 0, 55.04%, 11, 0, 7, 453.50, 1498542, 224, 47, 0
3398, 16, 23, 448, 0, 0, 55.04%, 11, 0, 7, 404.67, 1500542, 224, 47, 0
3403, 16, 238, 448, 0, 0, 55.04%, 11, 0, 7, 429.13, 1502833, 224, 47, 0
3408, 16, 431, 448, 0, 0, 55.04%, 11, 0, 7, 436.80, 1505020, 224, 47, 0
3413, 16, 398, 448, 0, 0, 55.04%, 11, 0, 7, 437.46, 1507218, 224, 47, 0
3418, 17, 299, 448, 0, 0, 55.04%, 11, 0, 7, 435.11, 1509392, 224, 47, 0
3423, 17, 126, 448, 0, 0, 55.04%, 11, 0, 7, 423.81, 1511528, 224, 47, 0
3429, 17, 293, 448, 0, 0, 55.04%, 11, 0, 7, 423.30, 1513695, 224, 47, 0
3434, 17, 350, 448, 0, 0, 55.04%, 11, 0, 7, 456.82, 1516011, 224, 47, 0
3439, 17, 93, 448, 0, 0, 55.04%, 11, 0, 7, 424.16, 1518132, 224, 47, 0
3444, 17, 101, 448, 0, 0, 55.04%, 11, 0, 7, 426.82, 1520265, 224, 47, 0
3449, 17, 140, 448, 0, 0, 55.04%, 11, 0, 7, 450.94, 1522536, 224, 47, 0
3454, 17, 241, 448, 0, 0, 55.04%, 11, 0, 7, 451.40, 1524775, 224, 47, 0
3459, 17, 440, 448, 0, 0, 55.04%, 11, 0, 7, 452.75, 1527015, 224, 47, 0
3464, 17, 138, 448, 0, 0, 55.04%, 11, 0, 7, 444.69, 1529266, 224, 47, 0
3469, 17, 195, 448, 0, 0, 55.04%, 11, 0, 7, 456.34, 1531526, 224, 49, 0
3474, 17, 418, 448, 0, 0, 55.04%, 11, 0, 7, 447.85, 1533760, 224, 49, 0
3479, 17, 400, 448, 0, 0, 55.04%, 11, 0, 7, 445.89, 1535994, 224, 49, 0
3484, 17, 401, 448, 0, 0, 55.04%, 11, 0, 7, 448.01, 1538197, 224, 49, 0
3489, 17, 16, 448, 0, 0, 55.04%, 11, 0, 7, 448.92, 1540481, 224, 49, 0
3494, 17, 431, 448, 0, 0, 55.04%, 11, 0, 7, 424.88, 1542626, 224, 49, 0
3499, 17, 277, 448, 0, 0, 55.04%, 11, 0, 7, 430.44, 1544817, 224, 49, 0
3504, 17, 15, 448, 0, 0, 55.04%, 11, 0, 7, 462.08, 1547160, 224, 49, 0
3509, 17, 56, 448, 0, 0, 55.04%, 11, 0, 7, 438.29, 1549368, 224, 49, 0
3514, 17, 400, 448, 0, 0, 55.04%, 11, 0, 7, 378.61, 1551255, 224, 49, 0
3520, 17, 263, 448, 0, 0, 55.04%, 11, 0, 7, 368.23, 1553145, 224, 49, 0
3525, 17, 379, 448, 0, 0, 55.04%, 11, 0, 7, 365.40, 1555045, 224, 51, 0
3530, 17, 437, 448, 0, 0, 55.04%, 11, 0, 7, 341.87, 1556801, 224, 51, 0
3535, 17, 13, 448, 0, 0, 55.04%, 11, 0, 7, 337.42, 1558454, 224, 51, 0
3540, 17, 283, 448, 0, 0, 55.04%, 11, 0, 7, 326.68, 1560081, 224, 51, 0
3545, 17, 177, 448, 0, 0, 55.04%, 11, 0, 7, 327.59, 1561742, 224, 51, 0
3550, 18, 299, 448, 0, 0, 55.04%, 11, 0, 7, 318.96, 1563361, 224, 51, 0
3555, 18, 346, 448, 0, 0, 55.04%, 11, 0, 7, 188.73, 1564609, 224, 51, 0
3560, 18, 56, 448, 0, 0, 55.04%, 11, 0, 7, 262.37, 1566003, 224, 51, 0
3565, 18, 435, 448, 0, 0, 55.04%, 11, 0, 7, 356.90, 1567879, 224, 51, 0
3570, 18, 299, 448, 0, 0, 55.04%, 11, 0, 7, 407.73, 1570027, 224, 52, 0
3575, 18, 350, 448, 0, 0, 55.04%, 11, 0, 7, 433.28, 1572276, 224, 52, 0
3580, 18, 350, 448, 0, 0, 55.04%, 11, 0, 7, 431.54, 1574457, 224, 52, 0
3586, 18, 436, 448, 0, 0, 55.04%, 11, 0, 7, 400.69, 1576523, 224, 52, 0
3591, 18, 436, 448, 0, 0, 55.04%, 11, 0, 7, 2.91, 1576551, 224, 52, 0
3596, 18, 14, 448, 0, 0, 55.04%, 11, 0, 7, 144.47, 1576710, 224, 52, 0
3601, 18, 195, 448, 0, 0, 55.04%, 11, 0, 7, 133.52, 1577371, 224, 52, 0
3603, 18, 264, 448, 0, 0, 55.04%, 11, 0, 7, 119.58, 1577537, 224, 52, 0
