# relative_time, cycles_done, cur_item, corpus_count, pending_total, pending_favs, map_size, saved_crashes, saved_hangs, max_depth, execs_per_sec, total_execs, edges_found, total_crashes, servers_count
60, 0, 9, 90, 85, 4, 31.70%, 0, 0, 2, 450.80, 28185, 129, 0, 0
65, 0, 9, 93, 88, 4, 31.70%, 0, 0, 2, 460.49, 30511, 129, 0, 0
71, 0, 9, 97, 92, 4, 31.70%, 0, 0, 2, 469.78, 32924, 129, 0, 0
76, 0, 9, 97, 92, 4, 31.70%, 0, 0, 2, 454.68, 35210, 129, 0, 0
81, 0, 9, 99, 94, 4, 31.70%, 0, 0, 2, 449.58, 37464, 129, 0, 0
86, 0, 9, 101, 96, 4, 31.70%, 0, 0, 2, 477.47, 39792, 129, 0, 0
91, 0, 9, 102, 97, 4, 31.70%, 0, 0, 2, 459.04, 42131, 129, 0, 0
96, 0, 9, 102, 97, 4, 31.70%, 0, 0, 2, 449.54, 44462, 129, 0, 0
101, 0, 9, 108, 103, 4, 31.70%, 0, 0, 2, 464.51, 46763, 129, 0, 0
106, 0, 9, 109, 104, 4, 31.70%, 0, 0, 2, 459.39, 49065, 129, 0, 0
111, 0, 9, 111, 106, 4, 31.70%, 0, 0, 2, 468.22, 51545, 129, 0, 0
116, 0, 9, 112, 107, 4, 31.70%, 0, 0, 2, 462.93, 53874, 129, 0, 0
121, 0, 13, 179, 168, 28, 42.51%, 0, 0, 3, 426.64, 56024, 173, 0, 0
127, 0, 114, 179, 165, 25, 42.51%, 0, 0, 3, 435.57, 58242, 173, 0, 0
132, 0, 167, 180, 165, 24, 42.51%, 0, 0, 3, 445.99, 60568, 173, 0, 0
137, 0, 167, 192, 177, 24, 43.24%, 0, 0, 3, 426.86, 62741, 176, 0, 0
142, 0, 167, 195, 180, 24, 43.24%, 0, 0, 3, 443.20, 65076, 176, 0, 0
147, 0, 167, 198, 183, 24, 43.24%, 0, 0, 3, 427.87, 67274, 176, 0, 0
152, 0, 167, 200, 185, 24, 43.49%, 0, 0, 3, 421.67, 69418, 177, 0, 0
157, 0, 199, 200, 184, 26, 43.49%, 0, 0, 3, 457.02, 71769, 177, 0, 0
162, 0, 203, 206, 188, 28, 45.70%, 0, 0, 3, 443.63, 74022, 186, 0, 0
167, 0, 201, 214, 194, 27, 46.44%, 1, 0, 3, 449.89, 76327, 189, 1, 0
172, 0, 0, 214, 193, 28, 46.44%, 1, 0, 3, 437.98, 78523, 189, 1, 0
177, 0, 211, 216, 193, 26, 46.44%, 1, 0, 4, 436.07, 80815, 189, 1, 0
182, 0, 211, 220, 197, 26, 46.44%, 1, 0, 4, 449.63, 83063, 189, 1, 0
188, 0, 211, 221, 198, 26, 46.44%, 1, 0, 4, 434.80, 85266, 189, 1, 0
193, 0, 211, 221, 198, 26, 46.44%, 1, 0, 4, 491.86, 87894, 189, 1, 0
198, 0, 211, 222, 199, 26, 46.44%, 1, 0, 4, 454.34, 90169, 189, 1, 0
203, 0, 211, 222, 199, 26, 46.44%, 1, 0, 4, 443.85, 92369, 189, 1, 0
208, 0, 211, 223, 200, 26, 46.44%, 1, 0, 4, 437.01, 94592, 189, 1, 0
213, 0, 211, 223, 200, 26, 46.44%, 1, 0, 4, 463.03, 96944, 189, 1, 0
218, 0, 211, 223, 200, 26, 46.44%, 1, 0, 4, 476.07, 99338, 189, 1, 0
223, 0, 211, 223, 200, 26, 46.44%, 1, 0, 4, 454.97, 101600, 189, 1, 0
228, 0, 211, 224, 201, 26, 46.44%, 1, 0, 4, 471.46, 103935, 189, 1, 0
233, 0, 211, 225, 202, 26, 46.44%, 1, 0, 4, 458.79, 106210, 189, 1, 0
238, 0, 211, 226, 203, 26, 46.44%, 1, 0, 4, 442.02, 108461, 189, 1, 0
243, 0, 211, 226, 203, 26, 46.44%, 1, 0, 4, 442.82, 110693, 189, 1, 0
248, 0, 211, 227, 204, 26, 47.17%, 1, 0, 4, 455.43, 113028, 192, 1, 0
253, 0, 211, 227, 204, 26, 47.17%, 1, 0, 4, 477.15, 115422, 192, 1, 0
259, 0, 211, 227, 204, 26, 47.17%, 1, 0, 4, 477.36, 117825, 192, 1, 0
264, 0, 182, 227, 203, 26, 47.17%, 1, 0, 4, 454.91, 120065, 192, 1, 0
269, 0, 144, 227, 202, 25, 47.17%, 1, 0, 4, 453.05, 122333, 192, 1, 0
274, 0, 198, 227, 201, 24, 47.17%, 1, 0, 4, 434.38, 124506, 192, 1, 0
279, 0, 96, 228, 200, 22, 47.17%, 1, 0, 4, 432.06, 126742, 192, 1, 0
284, 0, 117, 228, 198, 20, 47.17%, 1, 0, 4, 444.45, 128988, 192, 1, 0
289, 0, 112, 228, 196, 18, 47.17%, 1, 0, 4, 451.10, 131261, 192, 1, 0
294, 0, 105, 230, 195, 16, 47.17%, 1, 0, 4, 437.72, 133448, 192, 1, 0
299, 0, 226, 237, 200, 14, 47.17%, 1, 0, 5, 423.21, 135597, 192, 1, 0
304, 0, 226, 245, 208, 14, 47.42%, 1, 0, 5, 431.67, 137792, 193, 1, 0
309, 0, 226, 246, 209, 14, 47.42%, 1, 0, 5, 456.51, 140145, 193, 1, 0
314, 0, 226, 246, 209, 14, 47.42%, 1, 0, 5, 452.97, 142415, 193, 1, 0
320, 0, 226, 247, 210, 14, 47.42%, 1, 0, 5, 463.87, 144778, 193, 1, 0
325, 0, 226, 248, 211, 14, 47.42%, 1, 0, 5, 457.04, 147107, 193, 1, 0
330, 0, 226, 249, 212, 14, 47.42%, 1, 0, 5, 454.12, 149481, 193, 1, 0
335, 0, 226, 249, 212, 14, 47.42%, 1, 0, 5, 485.08, 151902, 193, 1, 0
340, 0, 226, 252, 215, 14, 47.42%, 1, 0, 5, 467.22, 154254, 193, 1, 0
345, 0, 226, 252, 215, 14, 47.42%, 1, 0, 5, 454.05, 156537, 193, 1, 0
350, 0, 226, 252, 215, 14, 47.42%, 1, 0, 5, 462.94, 158862, 193, 1, 0
355, 0, 226, 252, 215, 14, 47.42%, 1, 0, 5, 475.08, 161292, 193, 1, 0
360, 0, 226, 252, 215, 14, 47.42%, 1, 0, 5, 456.11, 163533, 193, 1, 0
365, 0, 226, 253, 216, 14, 47.42%, 1, 0, 5, 460.64, 165871, 193, 1, 0
370, 0, 226, 254, 217, 14, 47.42%, 1, 0, 5, 460.21, 168173, 193, 1, 0
376, 0, 226, 254, 217, 14, 47.42%, 1, 0, 5, 456.09, 170432, 193, 1, 0
381, 0, 226, 254, 217, 14, 47.42%, 1, 0, 5, 447.40, 172663, 193, 1, 0
386, 0, 238, 254, 216, 15, 47.42%, 1, 0, 5, 447.62, 174879, 193, 1, 0
391, 0, 30, 254, 214, 13, 47.42%, 1, 0, 5, 441.22, 177114, 193, 1, 0
396, 0, 121, 255, 213, 12, 47.42%, 1, 0, 5, 446.69, 179358, 193, 1, 0
401, 0, 232, 257, 213, 12, 47.67%, 1, 0, 6, 460.67, 181699, 194, 1, 0
406, 0, 223, 257, 210, 9, 47.67%, 1, 0, 6, 462.10, 184048, 194, 1, 0
411, 0, 127, 257, 206, 5, 47.67%, 1, 0, 6, 468.38, 186526, 194, 1, 0
416, 0, 127, 257, 206, 5, 47.67%, 1, 0, 6, 403.61, 188525, 194, 1, 0
421, 0, 90, 257, 205, 4, 47.67%, 1, 0, 6, 436.26, 190787, 194, 1, 0
426, 0, 103, 259, 205, 2, 47.67%, 1, 0, 6, 440.05, 193015, 194, 1, 0
431, 0, 187, 260, 204, 0, 47.67%, 1, 0, 6, 420.25, 195134, 194, 1, 0
436, 0, 44, 260, 202, 0, 47.67%, 1, 0, 6, 427.65, 197270, 194, 1, 0
442, 0, 85, 260, 199, 0, 47.67%, 1, 0, 6, 453.36, 199607, 194, 1, 0
447, 0, 252, 263, 202, 0, 47.67%, 1, 0, 6, 446.79, 201872, 194, 1, 0
452, 0, 252, 263, 202, 0, 47.67%, 1, 0, 6, 451.91, 204144, 194, 1, 0
457, 0, 135, 263, 200, 0, 47.67%, 1, 0, 6, 451.59, 206398, 194, 1, 0
462, 0, 223, 263, 197, 0, 47.67%, 1, 0, 6, 452.31, 208751, 194, 1, 0
467, 0, 185, 263, 196, 0, 47.67%, 1, 0, 6, 466.48, 211116, 194, 1, 0
472, 0, 101, 264, 195, 0, 47.67%, 1, 0, 6, 462.53, 213404, 194, 1, 0
477, 0, 169, 265, 191, 0, 47.67%, 1, 0, 6, 478.64, 215868, 194, 1, 0
482, 0, 85, 265, 188, 0, 47.67%, 1, 0, 6, 470.71, 218207, 194, 1, 0
487, 0, 140, 265, 187, 0, 47.67%, 1, 0, 6, 467.66, 220573, 194, 1, 0
492, 0, 20, 267, 186, 0, 47.67%, 1, 0, 6, 460.23, 222954, 194, 1, 0
497, 0, 267, 268, 184, 1, 47.91%, 1, 0, 6, 446.57, 225183, 195, 1, 0
502, 0, 15, 269, 182, 0, 47.91%, 1, 0, 6, 459.32, 227588, 195, 1, 0
508, 0, 91, 270, 181, 0, 48.16%, 1, 0, 6, 466.85, 229952, 196, 1, 0
513, 0, 142, 270, 177, 0, 48.16%, 1, 0, 6, 481.88, 232401, 196, 1, 0
518, 0, 246, 270, 175, 0, 48.16%, 1, 0, 6, 460.16, 234708, 196, 1, 0
523, 0, 220, 270, 172, 0, 48.16%, 1, 0, 6, 483.07, 237237, 196, 1, 0
528, 0, 129, 270, 169, 0, 48.16%, 1, 0, 6, 447.16, 239454, 196, 1, 0
533, 0, 146, 272, 169, 0, 48.16%, 1, 0, 6, 440.41, 241765, 196, 1, 0
538, 0, 30, 272, 166, 0, 48.16%, 1, 0, 6, 437.93, 244073, 196, 1, 0
544, 0, 28, 272, 162, 0, 48.16%, 1, 0, 6, 462.98, 246534, 196, 1, 0
549, 0, 61, 272, 160, 0, 48.16%, 1, 0, 6, 468.83, 248911, 196, 1, 0
554, 0, 208, 272, 158, 0, 48.16%, 1, 0, 6, 462.36, 251230, 196, 1, 0
559, 0, 269, 272, 156, 0, 48.16%, 1, 0, 6, 456.08, 253579, 196, 1, 0
564, 0, 177, 272, 153, 0, 48.16%, 1, 0, 6, 456.23, 255971, 196, 1, 0
569, 0, 196, 272, 151, 0, 48.16%, 1, 0, 6, 457.93, 258332, 196, 1, 0
574, 0, 247, 272, 149, 0, 48.16%, 1, 0, 6, 435.48, 260584, 196, 1, 0
579, 1, 24, 272, 146, 0, 48.16%, 1, 0, 6, 457.45, 262926, 196, 1, 0
584, 1, 234, 273, 145, 0, 48.16%, 1, 0, 6, 466.05, 265297, 196, 1, 0
589, 1, 149, 273, 142, 0, 48.16%, 1, 0, 6, 489.02, 267754, 196, 1, 0
594, 1, 192, 273, 139, 0, 48.16%, 1, 0, 6, 458.81, 270146, 196, 1, 0
599, 1, 197, 274, 135, 0, 48.16%, 1, 0, 6, 457.72, 272470, 196, 1, 0
604, 1, 148, 274, 133, 0, 48.16%, 1, 0, 6, 449.45, 274740, 196, 1, 0
610, 1, 133, 274, 128, 0, 48.16%, 1, 0, 6, 461.48, 277116, 196, 1, 0
615, 1, 238, 275, 127, 0, 48.65%, 1, 0, 6, 465.73, 279447, 198, 1, 0
620, 1, 137, 275, 126, 0, 48.65%, 1, 0, 6, 469.07, 281843, 198, 1, 0
625, 1, 161, 275, 124, 0, 48.65%, 1, 0, 6, 439.65, 284071, 198, 1, 0
630, 1, 275, 277, 124, 1, 48.89%, 1, 0, 6, 423.14, 286216, 199, 1, 0
635, 1, 224, 279, 125, 0, 48.89%, 1, 0, 6, 403.67, 288288, 199, 1, 0
640, 1, 189, 279, 121, 0, 48.89%, 1, 0, 6, 455.18, 290663, 199, 1, 0
645, 1, 193, 279, 118, 0, 48.89%, 1, 0, 6, 471.87, 293106, 199, 1, 0
650, 1, 68, 280, 116, 0, 48.89%, 1, 0, 6, 463.41, 295432, 199, 1, 0
655, 1, 173, 280, 113, 0, 48.89%, 1, 0, 6, 442.16, 297728, 199, 1, 0
660, 1, 222, 281, 112, 0, 49.14%, 1, 0, 6, 467.21, 300121, 200, 1, 0
666, 1, 222, 286, 117, 0, 49.14%, 1, 0, 6, 478.29, 302681, 200, 1, 0
671, 1, 222, 288, 119, 0, 49.39%, 1, 0, 6, 465.22, 305071, 201, 1, 0
676, 1, 222, 288, 119, 0, 49.39%, 1, 0, 6, 454.48, 307429, 201, 1, 0
681, 1, 222, 289, 120, 0, 49.39%, 1, 0, 6, 473.96, 309794, 201, 1, 0
686, 1, 259, 290, 118, 0, 49.39%, 1, 0, 6, 457.58, 312063, 201, 1, 0
691, 1, 194, 290, 115, 0, 49.39%, 1, 0, 6, 451.51, 314351, 201, 1, 0
696, 1, 195, 290, 112, 0, 49.39%, 1, 0, 6, 457.47, 316696, 201, 1, 0
701, 1, 55, 290, 108, 0, 49.39%, 1, 0, 6, 470.26, 319073, 201, 1, 0
706, 1, 143, 291, 106, 0, 49.39%, 1, 0, 6, 477.74, 321458, 201, 1, 0
711, 1, 290, 293, 105, 0, 49.39%, 1, 0, 6, 466.83, 323790, 201, 1, 0
716, 1, 126, 293, 103, 0, 49.39%, 1, 0, 6, 462.21, 326095, 201, 1, 0
721, 1, 186, 294, 101, 0, 49.39%, 1, 0, 6, 453.92, 328356, 201, 1, 0
727, 1, 286, 294, 98, 0, 49.39%, 1, 0, 6, 455.20, 330687, 201, 1, 0
732, 1, 199, 294, 96, 0, 49.39%, 1, 0, 6, 468.97, 333073, 201, 1, 0
737, 1, 188, 294, 94, 0, 49.39%, 1, 0, 6, 459.62, 335345, 201, 1, 0
742, 1, 199, 295, 91, 0, 49.39%, 1, 0, 6, 448.15, 337638, 201, 1, 0
747, 1, 134, 295, 87, 0, 49.39%, 1, 0, 6, 453.69, 339899, 201, 1, 0
752, 1, 81, 295, 85, 0, 49.39%, 1, 0, 6, 439.01, 342110, 201, 1, 0
757, 1, 87, 295, 83, 0, 49.39%, 1, 0, 6, 457.03, 344453, 201, 1, 0
762, 1, 102, 296, 81, 0, 49.39%, 1, 0, 6, 446.18, 346663, 201, 1, 0
767, 1, 168, 296, 79, 0, 49.39%, 1, 0, 6, 467.57, 349067, 201, 1, 0
772, 1, 296, 297, 77, 1, 49.63%, 1, 0, 6, 463.03, 351410, 202, 1, 0
777, 1, 298, 304, 82, 0, 49.63%, 1, 0, 6, 466.81, 353881, 202, 1, 0
782, 1, 298, 305, 83, 0, 49.88%, 1, 0, 6, 442.82, 356152, 203, 1, 0
787, 1, 298, 306, 84, 0, 49.88%, 1, 0, 6, 467.95, 358494, 203, 1, 0
792, 1, 298, 306, 84, 0, 49.88%, 1, 0, 6, 450.22, 360762, 203, 1, 0
797, 1, 298, 306, 84, 0, 49.88%, 1, 0, 6, 428.41, 362975, 203, 1, 0
803, 1, 298, 306, 84, 0, 49.88%, 1, 0, 6, 433.39, 365199, 203, 1, 0
808, 1, 190, 306, 81, 0, 49.88%, 1, 0, 6, 399.02, 367243, 203, 1, 0
813, 1, 28, 306, 78, 0, 49.88%, 1, 0, 6, 426.30, 369415, 203, 1, 0
818, 1, 250, 308, 79, 0, 49.88%, 1, 0, 6, 444.66, 371668, 203, 1, 0
823, 1, 202, 308, 76, 0, 49.88%, 1, 0, 6, 432.93, 373813, 203, 1, 0
828, 1, 230, 308, 74, 0, 49.88%, 1, 0, 6, 431.60, 375956, 203, 1, 0
833, 1, 136, 309, 73, 0, 49.88%, 1, 0, 6, 440.88, 378210, 203, 1, 0
838, 1, 62, 309, 71, 0, 49.88%, 1, 0, 6, 443.33, 380421, 203, 1, 0
843, 1, 251, 309, 66, 0, 49.88%, 1, 0, 6, 440.42, 382657, 203, 1, 0
848, 1, 114, 310, 63, 0, 49.88%, 1, 0, 6, 446.49, 384931, 203, 1, 0
853, 1, 226, 311, 62, 0, 49.88%, 1, 0, 6, 465.64, 387300, 203, 1, 0
858, 1, 274, 312, 62, 0, 50.12%, 2, 0, 6, 443.82, 389524, 204, 2, 0
863, 1, 152, 312, 60, 0, 50.12%, 2, 0, 6, 459.90, 391914, 204, 2, 0
868, 1, 301, 312, 58, 0, 50.12%, 2, 0, 6, 457.64, 394270, 204, 2, 0
873, 1, 312, 317, 61, 0, 50.12%, 2, 0, 6, 462.46, 396641, 204, 2, 0
878, 1, 312, 317, 61, 0, 50.12%, 3, 0, 6, 453.02, 398927, 204, 3, 0
883, 1, 312, 317, 61, 0, 50.12%, 3, 0, 6, 435.24, 401101, 204, 3, 0
889, 1, 312, 317, 61, 0, 50.12%, 3, 0, 6, 447.96, 403453, 204, 3, 0
894, 1, 312, 317, 61, 0, 50.12%, 3, 0, 6, 449.94, 405757, 204, 3, 0
899, 1, 261, 317, 57, 0, 50.12%, 3, 0, 6, 438.85, 408049, 204, 3, 0
904, 1, 261, 323, 63, 0, 50.12%, 3, 0, 7, 435.73, 410299, 204, 3, 0
909, 1, 261, 323, 63, 0, 50.12%, 3, 0, 7, 428.93, 412499, 204, 3, 0
914, 1, 261, 323, 63, 0, 50.12%, 3, 0, 7, 448.50, 414792, 204, 3, 0
919, 1, 261, 323, 63, 0, 50.12%, 3, 0, 7, 434.88, 417011, 204, 3, 0
924, 1, 261, 323, 63, 0, 50.12%, 3, 0, 7, 442.60, 419283, 204, 3, 0
929, 1, 292, 323, 62, 0, 50.12%, 3, 0, 7, 427.18, 421406, 204, 3, 0
934, 1, 303, 323, 59, 0, 50.12%, 3, 0, 7, 449.63, 423688, 204, 3, 0
939, 1, 309, 323, 58, 0, 50.12%, 3, 0, 7, 461.58, 426048, 204, 3, 0
944, 1, 323, 324, 58, 1, 50.12%, 3, 0, 7, 419.76, 428162, 204, 3, 0
949, 1, 300, 324, 55, 0, 50.12%, 3, 0, 7, 445.40, 430416, 204, 3, 0
954, 1, 317, 324, 54, 0, 50.12%, 3, 0, 7, 444.45, 432704, 204, 3, 0
959, 1, 172, 324, 53, 0, 50.12%, 3, 0, 7, 458.42, 434977, 204, 3, 0
965, 1, 179, 324, 49, 0, 50.12%, 3, 0, 7, 453.80, 437324, 204, 3, 0
970, 2, 343, 366, 90, 0, 52.33%, 3, 0, 7, 445.10, 439618, 213, 3, 0
975, 2, 344, 366, 88, 8, 52.33%, 3, 0, 7, 495.85, 442222, 213, 3, 0
980, 2, 330, 366, 87, 7, 52.33%, 3, 0, 7, 466.46, 444499, 213, 3, 0
985, 2, 328, 366, 85, 5, 52.33%, 3, 0, 7, 459.36, 446823, 213, 3, 0
990, 2, 361, 366, 82, 2, 52.33%, 3, 0, 7, 464.32, 449220, 213, 3, 0
995, 2, 284, 366, 80, 0, 52.33%, 3, 0, 7, 463.42, 451599, 213, 3, 0
1000, 2, 164, 366, 77, 0, 52.33%, 3, 0, 7, 422.07, 453643, 213, 3, 0
1005, 2, 326, 366, 75, 0, 52.33%, 3, 0, 7, 449.64, 456007, 213, 3, 0
1010, 2, 237, 366, 73, 0, 52.33%, 4, 0, 7, 442.57, 458267, 213, 4, 0
1016, 2, 256, 366, 72, 0, 52.33%, 4, 0, 7, 450.61, 460686, 213, 4, 0
1021, 2, 357, 366, 70, 0, 52.33%, 4, 0, 7, 455.50, 463031, 213, 4, 0
1026, 2, 354, 366, 68, 0, 52.33%, 5, 0, 7, 436.82, 465183, 213, 7, 0
1031, 2, 274, 366, 64, 0, 52.33%, 5, 0, 7, 456.19, 467464, 213, 7, 0
1036, 2, 158, 366, 63, 0, 52.33%, 5, 0, 7, 446.38, 469730, 213, 7, 0
1041, 2, 364, 366, 61, 0, 52.33%, 5, 0, 7, 467.02, 472097, 213, 7, 0
1046, 2, 156, 366, 59, 0, 52.33%, 5, 0, 7, 470.65, 474485, 213, 7, 0
1051, 2, 342, 366, 56, 0, 52.33%, 6, 0, 7, 438.50, 476621, 213, 9, 0
1056, 2, 285, 366, 54, 0, 52.33%, 6, 0, 7, 451.85, 478922, 213, 11, 0
1061, 2, 332, 366, 53, 0, 52.33%, 6, 0, 7, 427.29, 481049, 213, 11, 0
1066, 2, 303, 366, 50, 0, 52.33%, 6, 0, 7, 431.71, 483279, 213, 11, 0
1071, 2, 219, 366, 49, 0, 52.33%, 6, 0, 7, 441.97, 485520, 213, 11, 0
1076, 2, 333, 366, 47, 0, 52.33%, 6, 0, 7, 446.33, 487770, 213, 11, 0
1081, 2, 68, 366, 44, 0, 52.33%, 6, 0, 7, 450.62, 490101, 213, 11, 0
1086, 2, 212, 366, 43, 0, 52.33%, 6, 0, 7, 453.71, 492404, 213, 11, 0
1091, 2, 307, 366, 42, 0, 52.33%, 6, 0, 7, 452.25, 494691, 213, 11, 0
1096, 2, 220, 366, 40, 0, 52.33%, 6, 0, 7, 458.49, 497013, 213, 11, 0
1101, 2, 359, 366, 37, 0, 52.33%, 6, 0, 7, 455.61, 499361, 213, 12, 0
1107, 2, 344, 366, 35, 0, 52.33%, 6, 0, 7, 451.35, 501655, 213, 12, 0
1112, 2, 220, 366, 33, 0, 52.33%, 6, 0, 7, 430.90, 503849, 213, 12, 0
1117, 2, 336, 366, 31, 0, 52.33%, 6, 0, 7, 446.21, 506116, 213, 12, 0
1122, 2, 340, 366, 28, 0, 52.33%, 6, 0, 7, 471.10, 508541, 213, 12, 0
1127, 2, 38, 366, 25, 0, 52.33%, 6, 0, 7, 467.24, 510861, 213, 12, 0
1132, 2, 358, 366, 24, 0, 52.33%, 6, 0, 7, 446.31, 513098, 213, 12, 0
1137, 2, 240, 366, 21, 0, 52.33%, 6, 0, 7, 457.81, 515374, 213, 14, 0
1142, 2, 306, 366, 20, 0, 52.33%, 6, 0, 7, 459.82, 517712, 213, 14, 0
1147, 2, 96, 367, 19, 0, 52.33%, 6, 0, 7, 463.01, 520024, 213, 14, 0
1153, 2, 320, 367, 18, 0, 52.33%, 6, 0, 7, 461.25, 522380, 213, 15, 0
1158, 2, 297, 367, 15, 0, 52.33%, 6, 0, 7, 462.93, 524706, 213, 15, 0
1163, 2, 232, 368, 15, 0, 52.58%, 6, 0, 7, 450.38, 526966, 214, 15, 0
1168, 2, 368, 370, 16, 1, 52.83%, 6, 0, 7, 438.76, 529266, 215, 15, 0
1173, 2, 367, 373, 18, 0, 54.05%, 6, 0, 7, 465.12, 531714, 220, 15, 0
1178, 2, 367, 373, 18, 0, 54.05%, 6, 0, 7, 468.36, 534081, 220, 15, 0
1183, 2, 367, 373, 18, 0, 54.05%, 6, 0, 7, 458.38, 536412, 220, 15, 0
1188, 2, 372, 373, 18, 1, 54.05%, 6, 0, 7, 484.26, 538878, 220, 15, 0
1193, 2, 327, 373, 16, 0, 54.05%, 6, 0, 7, 474.08, 541424, 220, 15, 0
1199, 2, 290, 373, 14, 0, 54.05%, 6, 0, 7, 464.05, 543748, 220, 17, 0
1204, 2, 286, 373, 13, 0, 54.05%, 6, 0, 7, 455.29, 546117, 220, 18, 0
1209, 2, 369, 373, 13, 0, 54.05%, 6, 0, 7, 476.00, 548604, 220, 18, 0
1214, 2, 286, 374, 12, 0, 54.05%, 6, 0, 8, 453.25, 550877, 220, 18, 0
1219, 2, 355, 374, 11, 0, 54.05%, 6, 0, 8, 464.48, 553240, 220, 18, 0
1224, 2, 181, 374, 11, 0, 54.05%, 6, 0, 8, 480.31, 555709, 220, 18, 0
1229, 2, 0, 374, 9, 0, 54.05%, 6, 0, 8, 458.51, 557945, 220, 18, 0
1234, 2, 194, 374, 8, 0, 54.05%, 6, 0, 8, 443.89, 560216, 220, 19, 0
1239, 2, 29, 374, 8, 0, 54.05%, 6, 0, 8, 437.50, 562403, 220, 19, 0
1244, 2, 373, 375, 9, 0, 54.05%, 6, 0, 9, 470.72, 564909, 220, 20, 0
1250, 2, 343, 376, 10, 0, 54.05%, 6, 0, 9, 443.44, 567109, 220, 20, 0
1255, 2, 295, 376, 10, 0, 54.05%, 6, 0, 9, 481.81, 569499, 220, 20, 0
1260, 3, 375, 379, 11, 0, 54.05%, 6, 0, 9, 450.25, 571754, 220, 21, 0
1265, 3, 286, 379, 9, 0, 54.05%, 6, 0, 9, 434.93, 573974, 220, 24, 0
1270, 3, 374, 379, 9, 0, 54.05%, 6, 0, 9, 457.10, 576344, 220, 24, 0
1275, 3, 367, 380, 9, 0, 54.05%, 6, 0, 10, 443.07, 578596, 220, 24, 0
1280, 3, 30, 380, 9, 0, 54.05%, 6, 0, 10, 425.67, 580737, 220, 26, 0
1285, 3, 370, 380, 9, 0, 54.05%, 6, 0, 10, 417.55, 582819, 220, 26, 0
1290, 3, 345, 380, 7, 0, 54.05%, 7, 0, 10, 465.92, 585146, 220, 30, 0
1295, 3, 379, 380, 7, 0, 54.05%, 7, 0, 10, 451.02, 587372, 220, 30, 0
1300, 3, 192, 381, 7, 0, 54.05%, 7, 0, 10, 431.66, 589591, 220, 30, 0
1305, 3, 367, 381, 7, 0, 54.05%, 7, 0, 10, 456.50, 591878, 220, 30, 0
1310, 3, 79, 381, 7, 0, 54.05%, 7, 0, 10, 447.98, 594133, 220, 31, 0
1315, 3, 96, 381, 7, 0, 54.05%, 7, 0, 10, 466.68, 596490, 220, 31, 0
1320, 3, 279, 381, 7, 0, 54.05%, 7, 0, 10, 450.49, 598789, 220, 31, 0
1325, 3, 303, 381, 7, 0, 54.05%, 7, 0, 10, 467.00, 601142, 220, 31, 0
1331, 3, 28, 381, 5, 0, 54.05%, 7, 0, 10, 462.00, 603484, 220, 31, 0
1336, 3, 281, 381, 5, 0, 54.05%, 7, 0, 10, 427.08, 605693, 220, 33, 0
1341, 3, 68, 381, 4, 0, 54.05%, 7, 0, 10, 428.62, 607804, 220, 33, 0
1346, 3, 355, 381, 4, 0, 54.05%, 7, 0, 10, 427.18, 609939, 220, 34, 0
1351, 3, 328, 381, 4, 0, 54.05%, 7, 0, 10, 446.41, 612230, 220, 37, 0
1356, 3, 337, 381, 4, 0, 54.05%, 7, 0, 10, 436.52, 614410, 220, 37, 0
1361, 3, 372, 381, 4, 0, 54.05%, 7, 0, 10, 455.58, 616748, 220, 39, 0
1366, 3, 367, 381, 4, 0, 54.05%, 7, 0, 10, 459.44, 619174, 220, 39, 0
1371, 3, 320, 381, 4, 0, 54.05%, 7, 0, 10, 445.52, 621516, 220, 39, 0
1376, 3, 274, 381, 4, 0, 54.05%, 7, 0, 10, 480.50, 623959, 220, 39, 0
1381, 3, 367, 381, 4, 0, 54.05%, 7, 0, 10, 443.79, 626192, 220, 39, 0
1386, 3, 256, 381, 4, 0, 54.05%, 7, 0, 10, 441.24, 628491, 220, 39, 0
1391, 3, 275, 381, 4, 0, 54.05%, 7, 0, 10, 420.09, 630568, 220, 39, 0
1396, 3, 361, 381, 4, 0, 54.05%, 7, 0, 10, 451.12, 632856, 220, 41, 0
1402, 4, 406, 422, 45, 9, 60.44%, 7, 0, 10, 442.02, 635027, 246, 41, 0
1407, 4, 406, 428, 51, 9, 60.44%, 7, 0, 10, 450.43, 637231, 246, 41, 0
1412, 4, 406, 432, 55, 9, 60.44%, 7, 0, 10, 425.94, 639368, 246, 41, 0
1417, 4, 406, 432, 55, 9, 60.44%, 7, 0, 10, 443.05, 641640, 246, 41, 0
1422, 4, 406, 432, 55, 9, 60.44%, 7, 0, 10, 464.48, 643987, 246, 41, 0
1427, 4, 406, 432, 55, 9, 60.44%, 7, 0, 10, 450.88, 646363, 246, 41, 0
1432, 4, 406, 432, 55, 9, 60.44%, 7, 0, 10, 450.16, 648613, 246, 41, 0
1437, 4, 406, 432, 55, 9, 60.44%, 7, 0, 10, 439.11, 650849, 246, 41, 0
1442, 4, 406, 432, 55, 9, 60.44%, 7, 0, 10, 426.88, 653009, 246, 41, 0
1447, 4, 406, 432, 55, 9, 60.44%, 7, 0, 10, 434.53, 655178, 246, 41, 0
1452, 4, 401, 432, 54, 8, 60.44%, 7, 0, 10, 437.75, 657418, 246, 41, 0
1457, 4, 418, 432, 52, 6, 60.44%, 7, 0, 10, 447.84, 659733, 246, 41, 0
1462, 4, 387, 432, 51, 5, 60.44%, 7, 0, 10, 445.81, 662002, 246, 41, 0
1467, 4, 403, 432, 49, 3, 60.44%, 7, 0, 10, 455.98, 664359, 246, 41, 0
1472, 4, 403, 440, 57, 3, 62.41%, 7, 0, 10, 455.95, 666665, 254, 41, 0
1478, 4, 439, 440, 55, 3, 62.41%, 7, 0, 10, 444.60, 668948, 254, 41, 0
1483, 4, 439, 457, 72, 3, 62.41%, 7, 0, 10, 457.03, 671252, 254, 41, 0
1488, 4, 389, 457, 70, 2, 62.41%, 7, 0, 10, 444.90, 673531, 254, 41, 0
1493, 4, 412, 457, 68, 0, 62.41%, 7, 0, 10, 456.44, 675813, 254, 41, 0
1498, 4, 430, 457, 66, 0, 62.41%, 7, 0, 10, 466.21, 678214, 254, 41, 0
1503, 4, 397, 457, 64, 0, 62.41%, 7, 0, 10, 480.88, 680725, 254, 41, 0
1508, 4, 399, 457, 63, 0, 62.41%, 7, 0, 10, 456.06, 683036, 254, 41, 0
1513, 4, 423, 457, 61, 0, 62.41%, 7, 0, 10, 456.19, 685335, 254, 41, 0
1518, 4, 426, 457, 59, 0, 62.41%, 7, 0, 10, 445.34, 687574, 254, 41, 0
1523, 4, 367, 457, 58, 0, 62.41%, 7, 0, 10, 439.41, 689817, 254, 41, 0
1528, 4, 456, 461, 62, 0, 62.41%, 7, 0, 10, 440.63, 692101, 254, 41, 0
1533, 4, 456, 464, 65, 0, 62.90%, 7, 0, 10, 436.27, 694322, 256, 41, 0
1539, 4, 456, 466, 67, 0, 62.90%, 7, 0, 10, 444.25, 696664, 256, 41, 0
1544, 4, 456, 467, 68, 0, 62.90%, 7, 0, 10, 452.66, 698935, 256, 41, 0
1549, 4, 456, 469, 70, 0, 62.90%, 7, 0, 10, 450.54, 701213, 256, 41, 0
1554, 4, 456, 470, 71, 0, 62.90%, 7, 0, 10, 458.39, 703549, 256, 41, 0
1559, 4, 464, 470, 69, 1, 62.90%, 7, 0, 10, 440.31, 705775, 256, 41, 0
1564, 4, 450, 470, 68, 0, 62.90%, 7, 0, 10, 416.50, 707823, 256, 41, 0
1569, 4, 67, 470, 65, 0, 62.90%, 7, 0, 10, 442.07, 710106, 256, 41, 0
1574, 4, 455, 470, 63, 0, 62.90%, 7, 0, 10, 461.26, 712427, 256, 41, 0
1579, 4, 462, 470, 61, 0, 62.90%, 7, 0, 10, 456.88, 714790, 256, 41, 0
1584, 4, 445, 470, 59, 0, 62.90%, 7, 0, 10, 445.24, 717000, 256, 41, 0
1589, 4, 385, 470, 58, 0, 62.90%, 7, 0, 10, 443.58, 719238, 256, 42, 0
1594, 4, 400, 470, 56, 0, 62.90%, 7, 0, 10, 454.47, 721527, 256, 42, 0
1599, 4, 251, 470, 54, 0, 62.90%, 7, 0, 10, 460.87, 723885, 256, 42, 0
1604, 4, 414, 470, 54, 0, 62.90%, 7, 0, 10, 435.83, 726099, 256, 43, 0
1610, 4, 452, 470, 52, 0, 62.90%, 7, 0, 10, 454.78, 728417, 256, 43, 0
1615, 4, 449, 470, 50, 0, 62.90%, 7, 0, 10, 450.23, 730677, 256, 43, 0
1620, 4, 28, 470, 48, 0, 62.90%, 7, 0, 10, 455.16, 732962, 256, 43, 0
1625, 4, 153, 470, 46, 0, 62.90%, 7, 0, 10, 439.13, 735175, 256, 43, 0
1630, 4, 457, 470, 45, 0, 62.90%, 7, 0, 10, 460.45, 737500, 256, 43, 0
1635, 4, 466, 470, 44, 0, 62.90%, 7, 0, 10, 453.49, 739777, 256, 43, 0
1640, 4, 424, 470, 42, 0, 62.90%, 7, 0, 10, 457.79, 742191, 256, 43, 0
1645, 4, 30, 470, 40, 0, 62.90%, 7, 0, 10, 461.53, 744508, 256, 44, 0
1650, 4, 436, 470, 39, 0, 62.90%, 7, 0, 10, 436.37, 746724, 256, 44, 0
1655, 4, 367, 470, 38, 0, 62.90%, 7, 0, 10, 413.08, 748809, 256, 44, 0
1660, 4, 409, 470, 37, 0, 62.90%, 7, 0, 10, 445.95, 751054, 256, 44, 0
1665, 4, 422, 470, 35, 0, 62.90%, 7, 0, 10, 412.89, 753163, 256, 44, 0
1671, 4, 469, 471, 35, 0, 62.90%, 7, 0, 10, 452.29, 755500, 256, 44, 0
1676, 4, 303, 471, 33, 0, 62.90%, 7, 0, 10, 446.55, 757783, 256, 44, 0
1681, 4, 252, 471, 33, 0, 62.90%, 7, 0, 10, 444.86, 760058, 256, 44, 0
1686, 4, 470, 471, 32, 0, 62.90%, 7, 0, 10, 455.26, 762432, 256, 44, 0
1691, 4, 31, 471, 30, 0, 62.90%, 7, 0, 10, 467.25, 764751, 256, 46, 0
1696, 4, 458, 471, 30, 0, 62.90%, 7, 0, 10, 459.83, 767098, 256, 46, 0
1701, 4, 465, 471, 28, 0, 62.90%, 7, 0, 10, 467.94, 769515, 256, 46, 0
1706, 4, 391, 472, 28, 0, 62.90%, 7, 0, 10, 444.81, 771711, 256, 48, 0
1711, 4, 407, 472, 27, 0, 62.90%, 7, 0, 10, 455.64, 773977, 256, 51, 0
1716, 4, 96, 472, 25, 0, 62.90%, 7, 0, 10, 441.89, 776223, 256, 51, 0
1721, 4, 367, 472, 25, 0, 62.90%, 7, 0, 10, 413.90, 778304, 256, 51, 0
1727, 4, 28, 472, 24, 0, 62.90%, 7, 0, 10, 442.13, 780583, 256, 51, 0
1732, 4, 435, 472, 24, 0, 62.90%, 7, 0, 10, 458.14, 782915, 256, 51, 0
1737, 4, 167, 472, 23, 0, 62.90%, 7, 0, 10, 439.07, 785026, 256, 51, 0
1742, 4, 220, 472, 22, 0, 62.90%, 7, 0, 10, 445.46, 787300, 256, 51, 0
1747, 4, 420, 472, 22, 0, 62.90%, 7, 0, 10, 472.08, 789736, 256, 51, 0
1752, 4, 396, 472, 21, 0, 62.90%, 7, 0, 10, 456.71, 792010, 256, 51, 0
1757, 4, 429, 472, 19, 0, 62.90%, 7, 0, 10, 426.30, 794149, 256, 51, 0
1762, 4, 232, 472, 18, 0, 62.90%, 7, 0, 10, 418.79, 796281, 256, 51, 0
1767, 4, 459, 472, 16, 0, 62.90%, 7, 0, 10, 458.69, 798658, 256, 51, 0
1772, 4, 471, 472, 15, 0, 62.90%, 7, 0, 10, 445.23, 800914, 256, 52, 0
1777, 4, 116, 472, 14, 0, 62.90%, 7, 0, 10, 449.64, 803160, 256, 55, 0
1782, 4, 392, 472, 14, 0, 62.90%, 7, 0, 10, 460.32, 805450, 256, 56, 0
1787, 4, 38, 472, 13, 0, 62.90%, 7, 0, 10, 456.71, 807813, 256, 56, 0
1793, 4, 372, 472, 12, 0, 62.90%, 7, 0, 10, 464.11, 810211, 256, 56, 0
1798, 4, 330, 472, 11, 0, 62.90%, 7, 0, 10, 456.13, 812500, 256, 56, 0
1800, 4, 391, 472, 11, 0, 62.90%, 7, 0, 10, 428.92, 813432, 256, 56, 0
