# relative_time, cycles_done, cur_item, corpus_count, pending_total, pending_favs, map_size, saved_crashes, saved_hangs, max_depth, execs_per_sec, total_execs, edges_found, total_crashes, servers_count
61, 0, 9, 97, 92, 4, 31.94%, 0, 0, 2, 416.41, 26943, 130, 0, 0
66, 0, 9, 98, 93, 4, 31.94%, 0, 0, 2, 425.97, 29086, 130, 0, 0
71, 0, 9, 98, 93, 4, 31.94%, 0, 0, 2, 423.85, 31222, 130, 0, 0
76, 0, 9, 98, 93, 4, 31.94%, 0, 0, 2, 432.66, 33422, 130, 0, 0
81, 0, 9, 98, 93, 4, 31.94%, 0, 0, 2, 447.89, 35655, 130, 0, 0
86, 0, 9, 99, 94, 4, 31.94%, 0, 0, 2, 447.07, 37846, 130, 0, 0
91, 0, 9, 100, 95, 4, 31.94%, 0, 0, 2, 403.35, 39957, 130, 0, 0
96, 0, 9, 100, 95, 4, 31.94%, 0, 0, 2, 436.30, 42237, 130, 0, 0
101, 0, 9, 103, 98, 4, 31.94%, 0, 0, 2, 440.57, 44522, 130, 0, 0
106, 0, 9, 104, 99, 4, 31.94%, 0, 0, 2, 438.66, 46673, 130, 0, 0
111, 0, 9, 106, 101, 4, 31.94%, 0, 0, 2, 451.32, 49005, 130, 0, 0
117, 0, 9, 108, 103, 4, 31.94%, 0, 0, 2, 463.89, 51332, 130, 0, 0
122, 0, 9, 108, 103, 4, 31.94%, 0, 0, 2, 425.91, 53461, 130, 0, 0
127, 0, 21, 197, 191, 50, 53.07%, 0, 0, 2, 419.32, 55619, 216, 0, 0
132, 0, 137, 207, 194, 44, 53.32%, 0, 0, 3, 412.54, 57652, 217, 0, 0
137, 0, 124, 208, 194, 43, 53.32%, 0, 0, 3, 427.89, 59844, 217, 0, 0
142, 0, 191, 209, 194, 42, 53.32%, 0, 0, 3, 391.77, 61771, 217, 0, 0
147, 0, 191, 209, 194, 42, 53.32%, 0, 0, 3, 387.67, 63717, 217, 0, 0
152, 0, 201, 210, 194, 41, 53.32%, 0, 0, 3, 363.67, 65551, 217, 0, 0
157, 0, 154, 210, 192, 39, 53.32%, 0, 0, 3, 409.15, 67753, 217, 0, 0
162, 0, 133, 210, 190, 37, 53.32%, 0, 0, 3, 431.45, 69905, 217, 0, 0
167, 0, 134, 210, 189, 36, 53.32%, 0, 0, 3, 471.51, 72286, 217, 0, 0
172, 0, 150, 210, 187, 34, 53.32%, 0, 0, 3, 448.78, 74608, 217, 0, 0
178, 0, 183, 210, 185, 32, 53.32%, 0, 0, 3, 433.50, 76815, 217, 0, 0
183, 0, 146, 212, 185, 31, 53.56%, 0, 0, 3, 405.45, 78784, 218, 0, 0
188, 0, 136, 218, 190, 30, 53.56%, 0, 0, 3, 420.75, 80972, 218, 0, 0
193, 0, 111, 227, 196, 29, 53.56%, 0, 0, 3, 435.97, 83236, 218, 0, 0
198, 0, 130, 230, 198, 31, 54.55%, 0, 0, 3, 412.72, 85293, 222, 0, 0
203, 0, 238, 240, 207, 31, 54.55%, 0, 0, 3, 394.68, 87341, 222, 0, 0
208, 0, 58, 241, 206, 29, 54.55%, 0, 0, 3, 415.61, 89486, 222, 0, 0
213, 0, 227, 242, 206, 29, 54.55%, 0, 0, 3, 433.45, 91731, 222, 0, 0
219, 0, 123, 242, 204, 27, 54.55%, 0, 0, 3, 418.57, 93921, 222, 0, 0
224, 0, 186, 242, 202, 25, 54.55%, 0, 0, 3, 412.72, 95984, 222, 0, 0
229, 0, 228, 242, 199, 22, 54.55%, 0, 0, 3, 441.08, 98210, 222, 0, 0
234, 0, 113, 243, 198, 20, 54.55%, 0, 0, 3, 413.30, 100225, 222, 0, 0
239, 0, 120, 244, 198, 19, 54.55%, 0, 0, 3, 391.65, 102214, 222, 0, 0
244, 0, 120, 263, 217, 19, 55.28%, 0, 0, 3, 409.29, 104324, 225, 0, 0
249, 0, 120, 263, 217, 19, 55.28%, 0, 0, 3, 409.69, 106420, 225, 0, 0
254, 0, 120, 263, 217, 19, 55.28%, 0, 0, 3, 402.19, 108493, 225, 0, 0
259, 0, 120, 263, 217, 19, 55.28%, 0, 0, 3, 408.14, 110597, 225, 0, 0
265, 0, 120, 263, 217, 19, 55.28%, 0, 0, 3, 399.25, 112565, 225, 0, 0
270, 0, 120, 263, 217, 19, 55.28%, 0, 0, 3, 409.53, 114693, 225, 0, 0
275, 0, 120, 264, 218, 19, 55.28%, 0, 0, 3, 399.97, 116772, 225, 0, 0
280, 0, 120, 264, 218, 19, 55.28%, 0, 0, 3, 428.21, 118964, 225, 0, 0
285, 0, 120, 264, 218, 19, 55.28%, 0, 0, 3, 397.80, 120967, 225, 0, 0
290, 0, 120, 264, 218, 19, 55.28%, 0, 0, 3, 424.72, 123092, 225, 0, 0
295, 0, 120, 265, 219, 19, 55.28%, 0, 0, 3, 403.39, 125187, 225, 0, 0
300, 0, 120, 265, 219, 19, 55.28%, 0, 0, 3, 410.01, 127203, 225, 0, 0
305, 0, 120, 265, 219, 19, 55.28%, 0, 0, 3, 387.76, 129171, 225, 0, 0
310, 0, 120, 265, 219, 19, 55.28%, 0, 0, 3, 404.63, 131251, 225, 0, 0
315, 0, 120, 265, 219, 19, 55.28%, 0, 0, 3, 437.27, 133516, 225, 0, 0
320, 0, 120, 265, 219, 19, 55.28%, 0, 0, 3, 442.96, 135692, 225, 0, 0
325, 0, 120, 265, 219, 19, 55.28%, 0, 0, 3, 409.63, 137740, 225, 0, 0
330, 0, 120, 265, 219, 19, 55.28%, 0, 0, 3, 433.32, 139956, 225, 0, 0
335, 0, 252, 265, 218, 21, 55.28%, 0, 0, 3, 423.40, 142076, 225, 0, 0
340, 0, 259, 268, 219, 20, 55.28%, 0, 0, 3, 441.71, 144359, 225, 0, 0
346, 0, 221, 270, 218, 18, 55.28%, 0, 0, 4, 416.96, 146372, 225, 0, 0
351, 0, 262, 271, 217, 17, 55.28%, 0, 0, 4, 410.79, 148466, 225, 0, 0
356, 0, 262, 271, 217, 17, 55.28%, 0, 0, 4, 394.14, 150447, 225, 0, 0
361, 0, 119, 278, 223, 16, 55.28%, 0, 0, 4, 430.59, 152560, 225, 0, 0
366, 0, 184, 278, 221, 14, 55.28%, 0, 0, 4, 414.03, 154582, 225, 0, 0
371, 0, 184, 288, 231, 14, 55.53%, 0, 0, 4, 418.19, 156680, 226, 0, 0
376, 0, 184, 291, 234, 14, 55.53%, 0, 0, 4, 424.09, 158765, 226, 0, 0
381, 0, 184, 291, 234, 14, 55.53%, 0, 0, 4, 425.07, 160941, 226, 0, 0
386, 0, 56, 292, 231, 11, 55.53%, 0, 0, 4, 392.17, 162943, 226, 0, 0
391, 0, 174, 292, 228, 8, 55.53%, 0, 0, 4, 424.35, 165064, 226, 0, 0
396, 0, 284, 292, 226, 6, 55.53%, 0, 0, 4, 441.92, 167279, 226, 0, 0
401, 0, 79, 293, 224, 4, 55.53%, 0, 0, 4, 421.89, 169417, 226, 0, 0
406, 0, 189, 303, 233, 4, 55.53%, 0, 0, 4, 447.29, 171661, 226, 0, 0
411, 0, 189, 305, 235, 4, 55.53%, 0, 0, 4, 453.10, 173873, 226, 0, 0
417, 0, 189, 305, 235, 4, 55.53%, 0, 0, 4, 442.64, 176115, 226, 0, 0
422, 0, 189, 305, 235, 4, 55.53%, 0, 0, 4, 461.18, 178571, 226, 0, 0
427, 0, 189, 306, 236, 4, 55.53%, 0, 0, 4, 441.17, 180846, 226, 0, 0
432, 0, 189, 308, 238, 4, 55.53%, 0, 0, 4, 427.45, 182967, 226, 0, 0
437, 0, 158, 313, 241, 3, 55.53%, 0, 0, 4, 428.25, 185124, 226, 0, 0
442, 0, 158, 314, 242, 3, 55.53%, 0, 0, 4, 415.18, 187243, 226, 0, 0
447, 0, 158, 315, 243, 3, 55.53%, 0, 0, 4, 415.01, 189338, 226, 0, 0
452, 0, 158, 316, 244, 3, 55.53%, 0, 0, 4, 414.30, 191425, 226, 0, 0
457, 0, 158, 317, 245, 3, 55.53%, 0, 0, 4, 439.53, 193616, 226, 0, 0
462, 0, 158, 319, 247, 3, 55.77%, 0, 0, 4, 424.85, 195702, 227, 0, 0
467, 0, 158, 320, 248, 3, 55.77%, 0, 0, 4, 406.96, 197773, 227, 0, 0
472, 0, 158, 320, 248, 3, 55.77%, 0, 0, 4, 416.99, 199893, 227, 0, 0
477, 0, 158, 320, 248, 3, 55.77%, 0, 0, 4, 432.06, 202029, 227, 0, 0
482, 0, 158, 320, 248, 3, 55.77%, 0, 0, 4, 418.98, 204189, 227, 0, 0
488, 0, 158, 320, 248, 3, 55.77%, 0, 0, 4, 405.22, 206181, 227, 0, 0
493, 0, 158, 320, 248, 3, 55.77%, 0, 0, 4, 425.00, 208373, 227, 0, 0
498, 0, 158, 320, 248, 3, 55.77%, 1, 0, 4, 423.96, 210573, 227, 1, 0
503, 0, 158, 320, 248, 3, 55.77%, 1, 0, 4, 439.98, 212821, 227, 1, 0
508, 0, 158, 320, 248, 3, 55.77%, 1, 0, 4, 412.70, 214917, 227, 1, 0
513, 0, 158, 320, 248, 3, 55.77%, 1, 0, 4, 419.09, 217037, 227, 1, 0
518, 0, 158, 320, 248, 3, 55.77%, 1, 0, 4, 419.70, 219125, 227, 1, 0
523, 0, 158, 320, 248, 3, 55.77%, 1, 0, 4, 433.38, 221333, 227, 1, 0
528, 0, 310, 320, 247, 4, 55.77%, 1, 0, 4, 414.68, 223445, 227, 1, 0
533, 0, 141, 320, 244, 2, 55.77%, 1, 0, 4, 438.25, 225701, 227, 1, 0
538, 0, 293, 320, 240, 0, 55.77%, 1, 0, 4, 415.09, 227863, 227, 1, 0
544, 0, 7, 320, 239, 0, 55.77%, 1, 0, 4, 413.76, 229912, 227, 1, 0
549, 0, 320, 326, 243, 1, 55.77%, 1, 0, 4, 428.71, 232215, 227, 1, 0
554, 0, 320, 330, 247, 1, 55.77%, 1, 0, 4, 438.76, 234371, 227, 1, 0
559, 0, 320, 332, 249, 1, 55.77%, 1, 0, 4, 399.32, 236367, 227, 1, 0
564, 0, 320, 332, 249, 1, 55.77%, 1, 0, 4, 404.02, 238418, 227, 1, 0
569, 0, 320, 332, 249, 1, 55.77%, 1, 0, 4, 414.64, 240553, 227, 1, 0
574, 0, 320, 332, 249, 1, 55.77%, 1, 0, 4, 430.50, 242641, 227, 1, 0
579, 0, 150, 333, 247, 0, 56.02%, 1, 0, 4, 407.07, 244656, 228, 1, 0
584, 0, 231, 333, 246, 0, 56.02%, 1, 0, 4, 411.09, 246751, 228, 1, 0
589, 0, 175, 334, 242, 0, 56.02%, 1, 0, 4, 417.20, 248945, 228, 1, 0
595, 0, 59, 335, 241, 0, 56.02%, 1, 0, 4, 430.87, 251128, 228, 1, 0
600, 0, 156, 338, 244, 0, 56.02%, 1, 0, 4, 407.42, 253196, 228, 1, 0
605, 0, 277, 338, 243, 0, 56.02%, 1, 0, 4, 402.24, 255260, 228, 1, 0
610, 0, 214, 339, 241, 0, 56.02%, 1, 0, 4, 398.25, 257266, 228, 1, 0
615, 0, 201, 340, 241, 0, 56.02%, 1, 0, 4, 392.98, 259212, 228, 1, 0
620, 0, 73, 340, 237, 0, 56.02%, 1, 0, 4, 401.65, 261255, 228, 1, 0
625, 0, 73, 340, 236, 0, 56.02%, 1, 0, 4, 421.60, 263387, 228, 1, 0
630, 0, 247, 340, 235, 0, 56.02%, 1, 0, 4, 400.25, 265338, 228, 1, 0
635, 0, 252, 346, 240, 0, 56.02%, 1, 0, 4, 420.67, 267532, 228, 1, 0
640, 0, 252, 348, 242, 0, 56.02%, 1, 0, 4, 435.80, 269658, 228, 1, 0
646, 0, 252, 349, 243, 0, 56.02%, 1, 0, 4, 413.18, 271697, 228, 1, 0
651, 0, 252, 349, 243, 0, 56.02%, 1, 0, 4, 409.30, 273769, 228, 1, 0
656, 0, 252, 350, 244, 0, 56.02%, 1, 0, 4, 407.93, 275848, 228, 1, 0
661, 0, 256, 351, 244, 0, 56.02%, 1, 0, 4, 404.38, 277939, 228, 1, 0
666, 0, 56, 351, 241, 0, 56.02%, 1, 0, 4, 429.93, 280063, 228, 1, 0
671, 0, 274, 351, 240, 0, 56.02%, 1, 0, 4, 417.16, 282166, 228, 1, 0
676, 0, 56, 351, 238, 0, 56.02%, 1, 0, 4, 396.66, 284198, 228, 1, 0
681, 0, 119, 351, 237, 0, 56.02%, 1, 0, 4, 436.51, 286442, 228, 1, 0
686, 0, 305, 351, 234, 0, 56.02%, 1, 0, 4, 442.14, 288657, 228, 1, 0
691, 0, 252, 351, 230, 0, 56.02%, 1, 0, 4, 418.23, 290773, 228, 1, 0
696, 0, 331, 352, 229, 0, 56.02%, 1, 0, 5, 417.32, 292932, 228, 1, 0
702, 0, 323, 352, 227, 0, 56.02%, 1, 0, 5, 409.54, 294975, 228, 1, 0
707, 0, 159, 352, 224, 0, 56.02%, 1, 0, 5, 431.10, 297201, 228, 1, 0
712, 0, 263, 352, 222, 0, 56.02%, 1, 0, 5, 428.74, 299400, 228, 1, 0
717, 0, 263, 358, 228, 0, 56.27%, 1, 0, 5, 408.21, 301419, 229, 1, 0
722, 0, 263, 358, 228, 0, 56.27%, 1, 0, 5, 402.52, 303491, 229, 1, 0
727, 0, 263, 358, 228, 0, 56.27%, 1, 0, 5, 405.19, 305595, 229, 1, 0
732, 0, 263, 358, 228, 0, 56.27%, 1, 0, 5, 415.85, 307771, 229, 1, 0
737, 0, 357, 358, 227, 1, 56.27%, 1, 0, 5, 426.28, 309963, 229, 1, 0
743, 0, 137, 358, 225, 0, 56.27%, 1, 0, 5, 427.89, 312050, 229, 1, 0
748, 0, 143, 358, 224, 0, 56.27%, 1, 0, 5, 425.98, 314245, 229, 1, 0
753, 0, 308, 358, 221, 0, 56.27%, 1, 0, 5, 413.60, 316359, 229, 1, 0
758, 0, 100, 358, 219, 0, 56.27%, 1, 0, 5, 404.46, 318378, 229, 1, 0
763, 0, 63, 359, 217, 0, 56.51%, 1, 0, 5, 410.08, 320509, 230, 1, 0
768, 0, 250, 359, 215, 0, 56.51%, 1, 0, 5, 418.60, 322689, 230, 1, 0
773, 0, 229, 359, 212, 0, 56.51%, 1, 0, 5, 403.26, 324690, 230, 1, 0
778, 0, 212, 359, 209, 0, 56.51%, 1, 0, 5, 418.09, 326885, 230, 1, 0
783, 0, 111, 359, 207, 0, 56.51%, 1, 0, 5, 426.90, 329028, 230, 1, 0
788, 0, 146, 359, 205, 0, 56.51%, 1, 0, 5, 444.73, 331252, 230, 1, 0
793, 0, 359, 360, 205, 1, 57.99%, 1, 0, 5, 470.36, 333624, 236, 1, 0
798, 0, 379, 380, 224, 1, 58.72%, 1, 0, 5, 454.31, 335829, 239, 1, 0
803, 0, 338, 382, 225, 0, 58.72%, 1, 0, 5, 440.60, 337997, 239, 1, 0
808, 0, 149, 382, 223, 0, 58.72%, 1, 0, 5, 426.86, 340139, 239, 1, 0
814, 0, 192, 382, 221, 0, 58.72%, 1, 0, 5, 400.00, 342164, 239, 1, 0
819, 0, 330, 382, 219, 0, 58.72%, 1, 0, 5, 386.69, 344100, 239, 1, 0
824, 0, 137, 382, 217, 0, 58.72%, 1, 0, 5, 404.54, 346098, 239, 1, 0
829, 0, 112, 382, 215, 0, 58.72%, 1, 0, 5, 401.97, 348203, 239, 1, 0
834, 0, 301, 382, 213, 0, 58.72%, 1, 0, 5, 435.75, 350419, 239, 1, 0
839, 0, 206, 383, 212, 0, 58.72%, 1, 0, 5, 394.59, 352347, 239, 1, 0
844, 0, 286, 384, 210, 0, 58.72%, 1, 0, 5, 439.00, 354560, 239, 1, 0
849, 0, 292, 384, 208, 0, 58.72%, 1, 0, 5, 426.48, 356599, 239, 1, 0
854, 1, 375, 385, 207, 0, 58.72%, 1, 0, 5, 399.80, 358646, 239, 1, 0
859, 1, 377, 386, 206, 0, 58.72%, 1, 0, 5, 412.31, 360786, 239, 1, 0
864, 1, 25, 388, 206, 0, 58.72%, 1, 0, 5, 432.57, 362950, 239, 1, 0
869, 1, 203, 388, 204, 0, 58.72%, 1, 0, 5, 406.73, 364990, 239, 1, 0
874, 1, 125, 388, 202, 0, 58.72%, 1, 0, 5, 383.94, 366989, 239, 1, 0
879, 1, 157, 388, 196, 0, 58.72%, 1, 0, 5, 401.94, 368994, 239, 1, 0
885, 1, 378, 388, 193, 0, 58.72%, 1, 0, 5, 423.96, 371240, 239, 1, 0
890, 1, 109, 388, 191, 0, 58.72%, 1, 0, 5, 391.44, 373222, 239, 1, 0
895, 1, 234, 390, 191, 0, 58.72%, 1, 0, 5, 406.66, 375321, 239, 1, 0
900, 1, 48, 390, 189, 0, 58.72%, 1, 0, 5, 404.16, 377390, 239, 1, 0
904, 1, 390, 392, 189, 1, 58.97%, 1, 0, 5, 408.58, 379259, 240, 1, 0
