# relative_time, cycles_done, cur_item, corpus_count, pending_total, pending_favs, map_size, saved_crashes, saved_hangs, max_depth, execs_per_sec, total_execs, edges_found, total_crashes, servers_count
61, 0, 7, 25, 20, 3, 21.13%, 0, 0, 2, 453.60, 25867, 86, 0, 0
66, 0, 7, 26, 21, 3, 21.13%, 0, 0, 2, 416.89, 27931, 86, 0, 0
71, 0, 7, 26, 21, 3, 21.13%, 0, 0, 2, 415.33, 30027, 86, 0, 0
76, 0, 7, 26, 21, 3, 21.13%, 0, 0, 2, 398.35, 32056, 86, 0, 0
81, 0, 7, 26, 21, 3, 21.13%, 0, 0, 2, 454.41, 34415, 86, 0, 0
86, 0, 7, 26, 21, 3, 21.13%, 0, 0, 2, 753.74, 38307, 86, 0, 0
91, 0, 7, 26, 21, 3, 21.13%, 0, 0, 2, 861.51, 42775, 86, 0, 0
96, 0, 7, 27, 22, 3, 21.13%, 0, 0, 2, 900.53, 47338, 86, 0, 0
101, 0, 7, 28, 23, 3, 21.62%, 0, 0, 2, 929.17, 52105, 88, 0, 0
106, 0, 78, 92, 86, 27, 34.64%, 0, 0, 2, 527.36, 54376, 141, 0, 0
111, 0, 66, 101, 92, 25, 35.87%, 0, 0, 3, 467.36, 56609, 146, 0, 0
116, 0, 66, 105, 96, 25, 35.87%, 0, 0, 3, 421.68, 58704, 146, 0, 0
121, 0, 66, 107, 98, 25, 35.87%, 0, 0, 3, 411.25, 60830, 146, 0, 0
127, 0, 66, 107, 98, 25, 35.87%, 0, 0, 3, 396.76, 62822, 146, 0, 0
132, 0, 66, 108, 99, 25, 35.87%, 0, 0, 3, 423.06, 64917, 146, 0, 0
137, 0, 99, 115, 100, 19, 36.12%, 0, 0, 3, 450.71, 67195, 147, 0, 0
142, 0, 99, 120, 105, 19, 36.36%, 0, 0, 3, 457.16, 69504, 148, 0, 0
147, 0, 99, 123, 108, 19, 36.36%, 0, 0, 3, 417.44, 71603, 148, 0, 0
152, 0, 99, 126, 111, 19, 36.36%, 0, 0, 3, 428.62, 73808, 148, 0, 0
157, 0, 99, 130, 115, 19, 36.36%, 0, 0, 3, 422.30, 75900, 148, 0, 0
162, 0, 99, 134, 119, 19, 37.10%, 0, 0, 3, 512.19, 78427, 151, 0, 0
167, 0, 123, 139, 122, 18, 37.10%, 0, 0, 4, 504.51, 81022, 151, 0, 0
172, 0, 123, 141, 124, 18, 37.10%, 0, 0, 4, 457.26, 83365, 151, 0, 0
177, 0, 123, 141, 124, 18, 37.10%, 0, 0, 4, 406.04, 85364, 151, 0, 0
182, 0, 123, 144, 127, 18, 37.10%, 0, 0, 4, 435.97, 87561, 151, 0, 0
188, 0, 123, 144, 127, 18, 37.10%, 0, 0, 4, 447.11, 89858, 151, 0, 0
193, 0, 123, 144, 127, 18, 37.10%, 0, 0, 4, 434.63, 92042, 151, 0, 0
198, 0, 123, 144, 127, 18, 37.10%, 0, 0, 4, 448.84, 94234, 151, 0, 0
203, 0, 123, 144, 127, 18, 37.10%, 0, 0, 4, 445.25, 96466, 151, 0, 0
208, 0, 123, 144, 127, 18, 37.10%, 0, 0, 4, 427.02, 98610, 151, 0, 0
213, 0, 123, 144, 127, 18, 37.10%, 0, 0, 4, 425.73, 100802, 151, 0, 0
218, 0, 123, 145, 128, 18, 37.10%, 0, 0, 4, 435.28, 103033, 151, 0, 0
223, 0, 123, 145, 128, 18, 37.10%, 0, 0, 4, 423.39, 105217, 151, 0, 0
228, 0, 123, 145, 128, 18, 37.10%, 0, 0, 4, 434.70, 107457, 151, 0, 0
233, 0, 123, 145, 128, 18, 37.10%, 0, 0, 4, 454.63, 109755, 151, 0, 0
238, 0, 123, 145, 128, 18, 37.10%, 0, 0, 4, 460.68, 112032, 151, 0, 0
243, 0, 123, 146, 129, 18, 37.10%, 0, 0, 4, 458.96, 114289, 151, 0, 0
248, 0, 123, 147, 130, 18, 37.10%, 0, 0, 4, 445.99, 116537, 151, 0, 0
254, 0, 123, 147, 130, 18, 37.10%, 0, 0, 4, 473.27, 118976, 151, 0, 0
259, 0, 123, 148, 131, 18, 37.10%, 0, 0, 4, 544.88, 121656, 151, 0, 0
264, 0, 123, 148, 131, 18, 37.10%, 0, 0, 4, 482.04, 123978, 151, 0, 0
269, 0, 123, 149, 132, 18, 37.10%, 0, 0, 4, 451.50, 126217, 151, 0, 0
274, 0, 123, 149, 132, 18, 37.10%, 0, 0, 4, 451.43, 128525, 151, 0, 0
279, 0, 123, 149, 132, 18, 37.10%, 0, 0, 4, 443.99, 130757, 151, 0, 0
284, 0, 118, 149, 130, 16, 37.10%, 0, 0, 4, 448.35, 133004, 151, 0, 0
289, 0, 61, 150, 128, 13, 37.10%, 0, 0, 4, 453.11, 135211, 151, 0, 0
294, 0, 111, 155, 132, 12, 37.10%, 0, 0, 4, 457.10, 137506, 151, 0, 0
299, 0, 111, 160, 137, 12, 37.10%, 0, 0, 4, 415.77, 139563, 151, 0, 0
304, 0, 111, 160, 137, 12, 37.10%, 0, 0, 4, 421.08, 141707, 151, 0, 0
310, 0, 111, 160, 137, 12, 37.10%, 0, 0, 4, 395.42, 143795, 151, 0, 0
315, 0, 111, 160, 137, 12, 37.10%, 0, 0, 4, 434.00, 146035, 151, 0, 0
320, 0, 111, 161, 138, 12, 37.10%, 0, 0, 4, 393.52, 147876, 151, 0, 0
325, 0, 111, 161, 138, 12, 37.10%, 0, 0, 4, 418.81, 150082, 151, 0, 0
330, 0, 111, 161, 138, 12, 37.10%, 0, 0, 4, 442.53, 152402, 151, 0, 0
335, 0, 111, 161, 138, 12, 37.10%, 0, 0, 4, 420.76, 154362, 151, 0, 0
340, 0, 111, 162, 139, 12, 37.10%, 0, 0, 4, 421.97, 156513, 151, 0, 0
345, 0, 111, 162, 139, 12, 37.10%, 0, 0, 4, 422.80, 158585, 151, 0, 0
350, 0, 111, 162, 139, 12, 37.10%, 0, 0, 4, 428.36, 160729, 151, 0, 0
355, 0, 111, 163, 140, 12, 37.10%, 0, 0, 4, 446.64, 162968, 151, 0, 0
360, 0, 156, 163, 139, 11, 37.10%, 0, 0, 4, 437.32, 165165, 151, 0, 0
365, 0, 55, 164, 137, 9, 37.35%, 0, 0, 4, 410.72, 167327, 152, 0, 0
371, 0, 55, 164, 137, 9, 37.35%, 0, 0, 4, 387.45, 169355, 152, 0, 0
376, 0, 55, 164, 137, 9, 37.35%, 0, 0, 4, 405.77, 171378, 152, 0, 0
381, 0, 55, 164, 137, 9, 37.35%, 0, 0, 4, 380.14, 173236, 152, 0, 0
386, 0, 38, 170, 142, 8, 37.35%, 0, 0, 4, 429.85, 175398, 152, 0, 0
391, 0, 11, 170, 138, 5, 37.35%, 0, 0, 4, 421.18, 177446, 152, 0, 0
396, 0, 22, 177, 144, 4, 38.33%, 1, 0, 4, 428.18, 179606, 156, 1, 0
401, 0, 172, 177, 141, 3, 38.33%, 1, 0, 4, 412.75, 181771, 156, 1, 0
406, 0, 16, 177, 140, 2, 38.33%, 1, 0, 4, 419.91, 184007, 156, 1, 0
411, 0, 28, 177, 136, 0, 38.33%, 1, 0, 4, 452.23, 186245, 156, 1, 0
416, 0, 55, 178, 136, 0, 38.33%, 1, 0, 4, 418.56, 188451, 156, 1, 0
422, 0, 97, 178, 133, 0, 38.33%, 1, 0, 4, 437.55, 190716, 156, 1, 0
427, 0, 116, 181, 134, 0, 38.57%, 1, 0, 5, 421.25, 192801, 157, 1, 0
432, 0, 152, 181, 131, 0, 38.57%, 1, 0, 5, 432.01, 194989, 157, 1, 0
437, 0, 156, 183, 131, 0, 38.57%, 1, 0, 5, 404.58, 196992, 157, 1, 0
442, 0, 54, 183, 130, 0, 38.57%, 1, 0, 5, 406.12, 199106, 157, 1, 0
447, 0, 44, 183, 128, 0, 38.57%, 1, 0, 5, 412.16, 201174, 157, 1, 0
452, 0, 43, 184, 125, 0, 38.57%, 1, 0, 5, 440.26, 203534, 157, 1, 0
457, 0, 33, 186, 125, 0, 38.57%, 1, 0, 5, 429.51, 205698, 157, 1, 0
462, 0, 166, 187, 125, 0, 38.57%, 1, 0, 5, 418.64, 207795, 157, 1, 0
467, 0, 137, 187, 124, 0, 38.57%, 1, 0, 5, 391.31, 209801, 157, 1, 0
472, 0, 111, 188, 122, 0, 38.57%, 1, 0, 5, 416.20, 211943, 157, 1, 0
477, 0, 47, 189, 123, 0, 38.57%, 1, 0, 5, 397.23, 213947, 157, 1, 0
483, 0, 22, 190, 119, 0, 38.57%, 1, 0, 5, 393.19, 215958, 157, 1, 0
488, 0, 176, 192, 119, 0, 38.57%, 1, 0, 6, 399.39, 218006, 157, 1, 0
493, 0, 81, 193, 117, 0, 38.57%, 1, 0, 6, 438.44, 220244, 157, 1, 0
498, 1, 60, 193, 114, 0, 38.57%, 1, 0, 6, 418.23, 222338, 157, 1, 0
503, 1, 65, 194, 113, 0, 38.57%, 1, 0, 6, 422.08, 224431, 157, 1, 0
508, 1, 156, 194, 110, 0, 38.57%, 1, 0, 6, 414.10, 226515, 157, 1, 0
513, 1, 111, 195, 108, 0, 38.57%, 1, 0, 6, 457.22, 228867, 157, 1, 0
518, 1, 25, 196, 107, 0, 38.57%, 1, 0, 6, 423.32, 230920, 157, 1, 0
523, 1, 82, 196, 103, 0, 38.57%, 1, 0, 6, 389.73, 232916, 157, 1, 0
528, 1, 91, 198, 99, 0, 38.57%, 1, 0, 6, 416.54, 235064, 157, 1, 0
533, 1, 132, 198, 94, 0, 38.57%, 1, 0, 6, 447.93, 237304, 157, 1, 0
538, 1, 52, 198, 91, 0, 38.57%, 1, 0, 6, 410.27, 239387, 157, 1, 0
543, 1, 0, 198, 87, 0, 38.57%, 1, 0, 6, 426.15, 241589, 157, 1, 0
548, 1, 139, 198, 82, 0, 38.57%, 1, 0, 6, 435.62, 243784, 157, 1, 0
553, 1, 49, 198, 78, 0, 38.57%, 1, 0, 6, 416.92, 245883, 157, 1, 0
559, 1, 76, 198, 73, 0, 38.57%, 1, 0, 6, 429.77, 248005, 157, 1, 0
564, 1, 23, 198, 65, 0, 38.57%, 1, 0, 6, 493.36, 250609, 157, 1, 0
569, 1, 42, 198, 63, 0, 38.57%, 1, 0, 6, 417.78, 252679, 157, 1, 0
574, 1, 200, 201, 62, 1, 38.57%, 1, 0, 6, 425.52, 254757, 157, 1, 0
579, 1, 116, 201, 59, 0, 38.57%, 1, 0, 6, 405.91, 256765, 157, 1, 0
584, 1, 200, 202, 55, 0, 38.57%, 1, 0, 6, 392.71, 258807, 157, 1, 0
589, 1, 135, 202, 53, 0, 38.57%, 1, 0, 6, 406.90, 260937, 157, 1, 0
594, 1, 50, 202, 50, 0, 38.57%, 1, 0, 6, 390.56, 262901, 157, 1, 0
599, 1, 72, 202, 45, 0, 38.57%, 1, 0, 6, 426.06, 265015, 157, 1, 0
604, 1, 111, 202, 40, 0, 38.57%, 1, 0, 6, 410.70, 267179, 157, 1, 0
609, 1, 195, 202, 36, 0, 38.57%, 1, 0, 6, 465.71, 269522, 157, 1, 0
614, 1, 202, 204, 38, 1, 38.82%, 1, 0, 6, 429.94, 271666, 158, 1, 0
620, 1, 192, 204, 33, 0, 38.82%, 1, 0, 6, 432.87, 273832, 158, 1, 0
625, 1, 111, 204, 32, 0, 38.82%, 1, 0, 6, 438.69, 276113, 158, 1, 0
630, 2, 270, 307, 133, 13, 50.12%, 1, 0, 6, 403.87, 278171, 204, 1, 0
635, 2, 270, 308, 134, 13, 50.12%, 1, 0, 6, 400.92, 280236, 204, 1, 0
640, 2, 270, 310, 136, 13, 50.12%, 1, 0, 6, 454.18, 282568, 204, 1, 0
645, 2, 227, 310, 134, 11, 50.12%, 1, 0, 6, 443.63, 284764, 204, 1, 0
650, 2, 217, 310, 132, 9, 50.12%, 1, 0, 6, 430.86, 286869, 204, 1, 0
655, 2, 303, 314, 135, 8, 50.12%, 1, 0, 6, 412.80, 289036, 204, 1, 0
660, 2, 271, 314, 134, 7, 50.12%, 1, 0, 6, 410.44, 291134, 204, 1, 0
665, 2, 278, 314, 133, 6, 50.12%, 1, 0, 6, 436.45, 293372, 204, 1, 0
670, 2, 225, 314, 131, 4, 50.12%, 1, 0, 6, 408.46, 295398, 204, 1, 0
675, 2, 276, 314, 129, 2, 50.12%, 1, 0, 6, 410.15, 297478, 204, 1, 0
680, 2, 86, 314, 127, 1, 50.12%, 1, 0, 6, 416.29, 299560, 204, 1, 0
685, 2, 218, 314, 126, 0, 50.12%, 1, 0, 6, 422.90, 301665, 204, 1, 0
690, 2, 190, 314, 123, 0, 50.12%, 1, 0, 6, 410.45, 303739, 204, 1, 0
696, 2, 305, 314, 121, 0, 50.12%, 1, 0, 6, 412.29, 305873, 204, 1, 0
701, 2, 185, 314, 119, 0, 50.12%, 1, 0, 6, 580.20, 307934, 204, 1, 0
706, 2, 209, 315, 118, 0, 50.12%, 1, 0, 6, 469.89, 310165, 204, 1, 0
711, 2, 142, 315, 115, 0, 50.12%, 1, 0, 6, 436.90, 312346, 204, 1, 0
716, 2, 283, 315, 113, 0, 50.12%, 1, 0, 6, 426.33, 314575, 204, 1, 0
721, 2, 51, 315, 111, 0, 50.12%, 1, 0, 6, 413.53, 316599, 204, 1, 0
726, 2, 226, 315, 109, 0, 50.12%, 1, 0, 6, 419.86, 318740, 204, 1, 0
731, 2, 294, 315, 108, 0, 50.12%, 2, 0, 6, 430.17, 320925, 204, 2, 0
736, 2, 299, 315, 106, 0, 50.12%, 2, 0, 6, 431.16, 323082, 204, 2, 0
741, 2, 289, 315, 104, 0, 50.12%, 2, 0, 6, 395.03, 325028, 204, 2, 0
746, 2, 269, 315, 102, 0, 50.12%, 2, 0, 6, 405.34, 327134, 204, 2, 0
751, 2, 285, 315, 100, 0, 50.12%, 2, 0, 6, 432.53, 329413, 204, 2, 0
757, 2, 222, 315, 98, 0, 50.12%, 2, 0, 6, 431.35, 331601, 204, 2, 0
762, 2, 257, 315, 95, 0, 50.12%, 2, 0, 6, 409.56, 333679, 204, 2, 0
767, 2, 277, 315, 94, 0, 50.12%, 2, 0, 6, 422.22, 335833, 204, 2, 0
772, 2, 144, 315, 92, 0, 50.12%, 2, 0, 6, 425.59, 338013, 204, 2, 0
777, 2, 235, 315, 91, 0, 50.12%, 2, 0, 6, 391.86, 339990, 204, 2, 0
782, 2, 243, 315, 88, 0, 50.12%, 2, 0, 6, 429.77, 342204, 204, 2, 0
787, 2, 215, 315, 86, 0, 50.12%, 2, 0, 6, 429.93, 344372, 204, 2, 0
792, 2, 278, 315, 84, 0, 50.12%, 2, 0, 6, 395.85, 346376, 204, 2, 0
797, 2, 312, 315, 83, 0, 50.12%, 2, 0, 6, 387.83, 348357, 204, 2, 0
802, 2, 262, 315, 82, 0, 50.12%, 2, 0, 6, 375.85, 350268, 204, 2, 0
807, 2, 308, 315, 81, 0, 50.12%, 2, 0, 6, 403.20, 352271, 204, 2, 0
812, 2, 239, 315, 80, 0, 50.12%, 2, 0, 6, 403.18, 354324, 204, 2, 0
817, 2, 219, 315, 77, 0, 50.12%, 2, 0, 6, 421.19, 356512, 204, 2, 0
822, 2, 258, 315, 75, 0, 50.12%, 2, 0, 6, 407.41, 358606, 204, 2, 0
827, 2, 210, 315, 74, 0, 50.12%, 2, 0, 6, 388.01, 360566, 204, 2, 0
832, 2, 212, 315, 72, 0, 50.12%, 2, 0, 6, 412.37, 362603, 204, 2, 0
838, 2, 284, 315, 69, 0, 50.12%, 2, 0, 6, 402.02, 364672, 204, 2, 0
843, 2, 260, 315, 67, 0, 50.12%, 2, 0, 6, 398.52, 366574, 204, 2, 0
848, 2, 249, 315, 66, 0, 50.12%, 2, 0, 6, 448.69, 368789, 204, 2, 0
853, 2, 302, 315, 64, 0, 50.12%, 2, 0, 6, 435.93, 371065, 204, 2, 0
858, 2, 268, 315, 62, 0, 50.12%, 2, 0, 6, 448.86, 373355, 204, 2, 0
863, 2, 293, 315, 61, 0, 50.12%, 2, 0, 6, 444.40, 375609, 204, 2, 0
868, 2, 307, 315, 60, 0, 50.12%, 2, 0, 6, 420.33, 377707, 204, 2, 0
873, 2, 270, 315, 58, 0, 50.12%, 2, 0, 6, 387.54, 379661, 204, 2, 0
878, 2, 166, 315, 57, 0, 50.12%, 2, 0, 6, 404.77, 381739, 204, 2, 0
883, 2, 45, 315, 55, 0, 50.12%, 2, 0, 6, 389.55, 383748, 204, 2, 0
888, 2, 236, 315, 53, 0, 50.12%, 2, 0, 6, 439.72, 385951, 204, 2, 0
893, 2, 259, 315, 51, 0, 50.12%, 2, 0, 6, 451.49, 388277, 204, 2, 0
899, 2, 300, 315, 48, 0, 50.12%, 2, 0, 6, 428.71, 390446, 204, 2, 0
900, 2, 81, 315, 48, 0, 50.12%, 2, 0, 6, 404.44, 390959, 204, 2, 0
