# relative_time, cycles_done, cur_item, corpus_count, pending_total, pending_favs, map_size, saved_crashes, saved_hangs, max_depth, execs_per_sec, total_execs, edges_found, total_crashes, servers_count
61, 0, 9, 74, 69, 4, 30.71%, 0, 0, 2, 407.92, 26734, 125, 0, 0
66, 0, 9, 74, 69, 4, 30.71%, 0, 0, 2, 425.55, 28966, 125, 0, 0
71, 0, 9, 74, 69, 4, 30.71%, 0, 0, 2, 415.02, 31054, 125, 0, 0
76, 0, 9, 75, 70, 4, 30.71%, 0, 0, 2, 426.51, 33189, 125, 0, 0
81, 0, 9, 77, 72, 4, 30.71%, 0, 0, 2, 430.16, 35323, 125, 0, 0
86, 0, 9, 78, 73, 4, 30.71%, 0, 0, 2, 406.42, 37394, 125, 0, 0
91, 0, 9, 79, 74, 4, 30.71%, 0, 0, 2, 399.18, 39353, 125, 0, 0
96, 0, 9, 80, 75, 4, 30.71%, 0, 0, 2, 434.88, 41536, 125, 0, 0
101, 0, 9, 80, 75, 4, 30.71%, 0, 0, 2, 434.68, 43672, 125, 0, 0
106, 0, 9, 81, 76, 4, 30.71%, 0, 0, 2, 423.39, 45744, 125, 0, 0
111, 0, 9, 82, 77, 4, 30.71%, 0, 0, 2, 414.20, 47831, 125, 0, 0
116, 0, 9, 82, 77, 4, 30.71%, 0, 0, 2, 419.90, 49975, 125, 0, 0
122, 0, 9, 83, 78, 4, 30.71%, 0, 0, 2, 415.44, 52094, 125, 0, 0
127, 0, 9, 83, 78, 4, 30.71%, 0, 0, 2, 421.40, 54262, 125, 0, 0
132, 0, 85, 128, 115, 28, 36.61%, 0, 0, 3, 424.30, 56333, 149, 0, 0
137, 0, 124, 131, 117, 27, 36.61%, 0, 0, 3, 428.82, 58461, 149, 0, 0
142, 0, 124, 142, 128, 27, 37.10%, 0, 0, 3, 408.78, 60535, 151, 0, 0
147, 0, 124, 143, 129, 27, 37.84%, 0, 0, 3, 437.90, 62806, 154, 0, 0
152, 0, 124, 144, 130, 27, 37.84%, 0, 0, 3, 435.38, 64949, 154, 0, 0
157, 0, 124, 145, 131, 27, 38.33%, 0, 0, 3, 450.91, 67212, 156, 0, 0
162, 0, 124, 145, 131, 27, 38.33%, 0, 0, 3, 418.62, 69292, 156, 0, 0
167, 0, 124, 148, 134, 27, 38.33%, 0, 0, 3, 414.10, 71409, 156, 0, 0
172, 0, 124, 148, 134, 27, 38.33%, 0, 0, 3, 423.31, 73609, 156, 0, 0
178, 0, 124, 149, 135, 27, 38.57%, 0, 0, 3, 417.96, 75680, 157, 0, 0
183, 0, 124, 149, 135, 27, 38.57%, 0, 0, 3, 409.28, 77776, 157, 0, 0
188, 0, 124, 149, 135, 27, 38.57%, 0, 0, 3, 431.59, 80000, 157, 0, 0
193, 0, 124, 149, 135, 27, 38.57%, 0, 0, 3, 417.99, 82104, 157, 0, 0
198, 0, 124, 149, 135, 27, 38.57%, 0, 0, 3, 417.82, 84296, 157, 0, 0
203, 0, 124, 150, 136, 27, 38.57%, 0, 0, 3, 425.24, 86455, 157, 0, 0
208, 0, 124, 150, 136, 27, 38.57%, 0, 0, 3, 448.70, 88783, 157, 0, 0
213, 0, 124, 150, 136, 27, 38.57%, 0, 0, 3, 401.09, 90807, 157, 0, 0
218, 0, 124, 150, 136, 27, 38.57%, 0, 0, 3, 406.98, 92935, 157, 0, 0
223, 0, 124, 150, 136, 27, 38.57%, 0, 0, 3, 437.33, 95159, 157, 0, 0
228, 0, 144, 150, 135, 28, 38.57%, 0, 0, 3, 407.56, 97151, 157, 0, 0
233, 0, 30, 150, 133, 26, 38.57%, 0, 0, 3, 427.41, 99236, 157, 0, 0
238, 0, 120, 152, 133, 25, 38.57%, 0, 0, 3, 456.30, 101526, 157, 0, 0
244, 0, 88, 156, 135, 24, 38.57%, 0, 0, 3, 418.79, 103601, 157, 0, 0
249, 0, 0, 157, 134, 23, 38.57%, 0, 0, 3, 415.82, 105704, 157, 0, 0
254, 0, 34, 160, 133, 21, 38.82%, 0, 0, 3, 408.66, 107772, 158, 0, 0
259, 0, 105, 165, 135, 18, 38.82%, 0, 0, 3, 423.68, 109920, 158, 0, 0
264, 0, 105, 169, 139, 18, 38.82%, 0, 0, 3, 417.73, 112100, 158, 0, 0
269, 0, 105, 173, 143, 18, 38.82%, 0, 0, 3, 437.35, 114296, 158, 0, 0
274, 0, 105, 177, 147, 18, 38.82%, 0, 0, 3, 437.60, 116596, 158, 0, 0
279, 0, 105, 177, 147, 18, 38.82%, 0, 0, 3, 446.54, 118836, 158, 0, 0
284, 0, 105, 179, 149, 18, 39.07%, 0, 0, 3, 441.51, 121146, 159, 0, 0
289, 0, 105, 181, 151, 18, 39.07%, 0, 0, 3, 432.64, 123272, 159, 0, 0
294, 0, 105, 182, 152, 18, 39.07%, 0, 0, 3, 460.79, 125650, 159, 0, 0
299, 0, 105, 183, 153, 18, 39.07%, 0, 0, 3, 430.59, 127790, 159, 0, 0
304, 0, 105, 183, 153, 18, 39.07%, 0, 0, 3, 442.98, 130006, 159, 0, 0
310, 0, 105, 184, 154, 18, 39.07%, 0, 0, 3, 420.47, 132038, 159, 0, 0
315, 0, 105, 184, 154, 18, 39.07%, 0, 0, 3, 402.87, 134028, 159, 0, 0
320, 0, 105, 184, 154, 18, 39.07%, 0, 0, 3, 421.35, 136174, 159, 0, 0
325, 0, 105, 184, 154, 18, 39.07%, 0, 0, 3, 438.15, 138422, 159, 0, 0
330, 0, 105, 184, 154, 18, 39.07%, 0, 0, 3, 418.79, 140526, 159, 0, 0
335, 0, 105, 184, 154, 18, 39.07%, 0, 0, 3, 460.26, 142882, 159, 0, 0
340, 0, 105, 185, 155, 18, 39.07%, 0, 0, 3, 424.13, 145021, 159, 0, 0
345, 0, 105, 186, 156, 18, 39.07%, 0, 0, 3, 423.15, 147244, 159, 0, 0
350, 0, 105, 187, 157, 18, 39.07%, 0, 0, 3, 403.61, 149259, 159, 0, 0
355, 0, 105, 188, 158, 18, 39.07%, 0, 0, 3, 411.55, 151362, 159, 0, 0
360, 0, 105, 188, 158, 18, 39.07%, 0, 0, 3, 423.91, 153610, 159, 0, 0
365, 0, 105, 189, 159, 18, 39.31%, 0, 0, 3, 434.58, 155841, 160, 0, 0
370, 0, 105, 189, 159, 18, 39.31%, 0, 0, 3, 420.66, 157945, 160, 0, 0
376, 0, 105, 189, 159, 18, 39.31%, 0, 0, 3, 399.68, 160019, 160, 0, 0
381, 0, 142, 190, 157, 17, 39.31%, 0, 0, 3, 440.88, 162314, 160, 0, 0
386, 0, 192, 194, 160, 18, 39.56%, 0, 0, 3, 401.94, 164275, 161, 0, 0
391, 0, 68, 197, 162, 17, 39.56%, 0, 0, 3, 409.18, 166355, 161, 0, 0
396, 0, 177, 198, 161, 15, 39.56%, 0, 0, 4, 393.47, 168309, 161, 0, 0
401, 0, 184, 205, 166, 13, 39.56%, 0, 0, 4, 387.47, 170304, 161, 0, 0
406, 0, 184, 207, 168, 13, 39.56%, 0, 0, 4, 401.88, 172369, 161, 0, 0
411, 0, 184, 209, 170, 13, 39.56%, 0, 0, 4, 428.14, 174579, 161, 0, 0
416, 0, 184, 210, 171, 13, 39.56%, 0, 0, 4, 403.55, 176618, 161, 0, 0
421, 0, 184, 212, 173, 13, 39.56%, 0, 0, 4, 416.13, 178704, 161, 0, 0
426, 0, 184, 213, 174, 13, 39.56%, 0, 0, 4, 437.52, 180983, 161, 0, 0
432, 0, 184, 214, 175, 13, 39.56%, 0, 0, 4, 430.17, 183166, 161, 0, 0
437, 0, 184, 215, 176, 13, 39.56%, 0, 0, 4, 429.76, 185397, 161, 0, 0
442, 0, 184, 215, 176, 13, 39.56%, 0, 0, 4, 441.31, 187549, 161, 0, 0
447, 0, 184, 215, 176, 13, 39.56%, 0, 0, 4, 421.81, 189709, 161, 0, 0
452, 0, 184, 215, 176, 13, 39.56%, 0, 0, 4, 432.13, 191901, 161, 0, 0
457, 0, 184, 215, 176, 13, 39.56%, 0, 0, 4, 427.06, 194069, 161, 0, 0
462, 0, 184, 215, 176, 13, 39.56%, 0, 0, 4, 448.56, 196285, 161, 0, 0
467, 0, 184, 215, 176, 13, 39.56%, 0, 0, 4, 414.06, 198421, 161, 0, 0
472, 0, 184, 215, 176, 13, 39.56%, 0, 0, 4, 419.85, 200549, 161, 0, 0
477, 0, 184, 215, 176, 13, 39.56%, 0, 0, 4, 401.02, 202557, 161, 0, 0
482, 0, 184, 216, 177, 13, 39.56%, 0, 0, 4, 422.84, 204748, 161, 0, 0
487, 0, 184, 216, 177, 13, 39.56%, 0, 0, 4, 389.34, 206739, 161, 0, 0
493, 0, 19, 216, 176, 12, 39.56%, 0, 0, 4, 400.57, 208822, 161, 0, 0
498, 0, 134, 216, 171, 7, 39.56%, 0, 0, 4, 433.35, 211096, 161, 0, 0
503, 0, 139, 216, 168, 6, 39.56%, 0, 0, 4, 413.75, 213252, 161, 0, 0
508, 0, 95, 216, 164, 3, 39.56%, 0, 0, 4, 428.33, 215465, 161, 0, 0
513, 0, 95, 216, 164, 3, 39.56%, 0, 0, 4, 370.09, 217276, 161, 0, 0
518, 0, 95, 216, 164, 3, 39.56%, 0, 0, 4, 367.21, 219082, 161, 0, 0
523, 0, 36, 216, 162, 2, 39.56%, 0, 0, 4, 381.74, 221003, 161, 0, 0
528, 0, 91, 216, 158, 0, 39.56%, 0, 0, 4, 390.50, 223070, 161, 0, 0
533, 0, 214, 217, 156, 0, 39.56%, 0, 0, 4, 413.10, 225184, 161, 0, 0
538, 0, 190, 217, 153, 0, 39.56%, 0, 0, 4, 422.84, 227298, 161, 0, 0
543, 0, 165, 217, 147, 0, 39.56%, 0, 0, 4, 427.94, 229505, 161, 0, 0
548, 0, 154, 217, 143, 0, 39.56%, 0, 0, 4, 430.87, 231646, 161, 0, 0
553, 0, 88, 217, 137, 0, 39.56%, 0, 0, 4, 417.04, 233819, 161, 0, 0
558, 0, 92, 217, 135, 0, 39.56%, 0, 0, 4, 451.98, 236088, 161, 0, 0
564, 0, 193, 217, 132, 0, 39.56%, 0, 0, 4, 453.25, 238327, 161, 0, 0
569, 0, 137, 217, 130, 0, 39.56%, 0, 0, 4, 427.33, 240518, 161, 0, 0
574, 0, 144, 217, 125, 0, 39.56%, 0, 0, 4, 428.79, 242705, 161, 0, 0
579, 0, 88, 217, 122, 0, 39.56%, 0, 0, 4, 454.07, 245025, 161, 0, 0
584, 0, 98, 218, 121, 0, 39.56%, 0, 0, 4, 450.06, 247306, 161, 0, 0
589, 0, 159, 218, 118, 0, 39.56%, 0, 0, 4, 446.52, 249567, 161, 0, 0
594, 0, 115, 218, 115, 0, 39.56%, 0, 0, 4, 437.89, 251755, 161, 0, 0
599, 1, 136, 218, 111, 0, 39.56%, 0, 0, 4, 447.28, 253984, 161, 0, 0
604, 1, 120, 218, 105, 0, 39.56%, 0, 0, 4, 423.18, 256111, 161, 0, 0
609, 1, 218, 219, 103, 1, 39.80%, 0, 0, 4, 371.74, 258043, 162, 0, 0
614, 1, 168, 220, 102, 0, 39.80%, 0, 0, 4, 427.73, 260223, 162, 0, 0
619, 1, 140, 224, 105, 0, 39.80%, 0, 0, 4, 471.45, 262545, 162, 0, 0
624, 1, 96, 224, 102, 0, 39.80%, 0, 0, 4, 435.31, 264728, 162, 0, 0
629, 1, 215, 226, 100, 0, 39.80%, 0, 0, 4, 422.63, 266875, 162, 0, 0
634, 1, 148, 227, 98, 0, 39.80%, 0, 0, 4, 462.81, 269178, 162, 0, 0
639, 1, 224, 227, 95, 0, 39.80%, 0, 0, 4, 409.05, 271226, 162, 0, 0
644, 1, 49, 228, 92, 0, 39.80%, 0, 0, 4, 413.81, 273347, 162, 0, 0
649, 1, 169, 228, 88, 0, 39.80%, 0, 0, 4, 422.41, 275471, 162, 0, 0
654, 1, 94, 228, 85, 0, 39.80%, 0, 0, 4, 426.69, 277667, 162, 0, 0
660, 1, 223, 228, 82, 0, 39.80%, 0, 0, 4, 400.53, 279674, 162, 0, 0
665, 1, 93, 228, 80, 0, 39.80%, 0, 0, 4, 419.21, 281838, 162, 0, 0
670, 1, 146, 228, 78, 0, 39.80%, 0, 0, 4, 417.17, 283913, 162, 0, 0
675, 1, 100, 231, 79, 0, 39.80%, 0, 0, 4, 445.17, 286226, 162, 0, 0
680, 1, 231, 236, 83, 0, 39.80%, 0, 0, 4, 411.06, 288247, 162, 0, 0
685, 1, 231, 237, 84, 0, 39.80%, 0, 0, 4, 382.79, 290171, 162, 0, 0
690, 1, 231, 237, 84, 0, 39.80%, 0, 0, 4, 361.60, 292019, 162, 0, 0
695, 1, 233, 238, 84, 1, 39.80%, 0, 0, 4, 390.88, 294049, 162, 0, 0
700, 1, 119, 238, 79, 0, 39.80%, 0, 0, 4, 427.52, 296242, 162, 0, 0
705, 1, 197, 238, 75, 0, 39.80%, 0, 0, 4, 447.99, 298581, 162, 0, 0
710, 1, 147, 239, 73, 0, 39.80%, 0, 0, 4, 425.03, 300680, 162, 0, 0
715, 1, 97, 239, 70, 0, 39.80%, 0, 0, 4, 420.33, 302804, 162, 0, 0
720, 1, 230, 239, 69, 0, 39.80%, 0, 0, 4, 412.19, 304898, 162, 0, 0
725, 1, 237, 239, 64, 0, 39.80%, 0, 0, 4, 436.86, 307150, 162, 0, 0
730, 1, 130, 239, 61, 0, 39.80%, 0, 0, 4, 443.05, 309295, 162, 0, 0
736, 1, 149, 239, 58, 0, 39.80%, 0, 0, 4, 445.54, 311596, 162, 0, 0
741, 1, 235, 239, 54, 0, 39.80%, 0, 0, 4, 416.32, 313714, 162, 0, 0
746, 1, 238, 239, 51, 0, 39.80%, 0, 0, 4, 426.77, 315918, 162, 0, 0
751, 1, 240, 241, 52, 1, 39.80%, 0, 0, 4, 424.65, 318104, 162, 0, 0
756, 1, 184, 241, 49, 0, 39.80%, 0, 0, 4, 429.17, 320236, 162, 0, 0
761, 1, 144, 241, 47, 0, 39.80%, 0, 0, 4, 437.84, 322482, 162, 0, 0
766, 1, 126, 241, 44, 0, 39.80%, 0, 0, 4, 444.07, 324698, 162, 0, 0
771, 1, 138, 241, 42, 0, 39.80%, 0, 0, 4, 424.08, 326788, 162, 0, 0
776, 1, 240, 242, 41, 0, 39.80%, 0, 0, 4, 397.76, 328812, 162, 0, 0
781, 1, 229, 242, 40, 0, 39.80%, 0, 0, 4, 406.30, 330936, 162, 0, 0
786, 1, 228, 242, 39, 0, 39.80%, 0, 0, 4, 395.76, 332932, 162, 0, 0
791, 1, 102, 242, 35, 0, 39.80%, 0, 0, 4, 384.22, 335006, 162, 0, 0
797, 2, 259, 270, 60, 9, 42.26%, 2, 0, 4, 437.49, 337303, 172, 5, 0
802, 2, 251, 270, 57, 6, 42.26%, 2, 0, 4, 430.91, 339515, 172, 5, 0
807, 2, 101, 270, 54, 3, 42.26%, 2, 0, 4, 425.90, 341699, 172, 5, 0
812, 2, 247, 270, 51, 1, 42.26%, 2, 0, 4, 419.64, 343788, 172, 5, 0
817, 2, 267, 270, 49, 0, 42.26%, 2, 0, 4, 432.05, 346116, 172, 5, 0
822, 2, 177, 270, 45, 0, 42.26%, 2, 0, 4, 446.87, 348348, 172, 5, 0
827, 2, 132, 270, 44, 0, 42.26%, 2, 0, 4, 422.34, 350481, 172, 5, 0
832, 2, 219, 270, 41, 0, 42.26%, 2, 0, 4, 462.80, 352772, 172, 5, 0
838, 2, 241, 270, 39, 0, 42.26%, 3, 0, 4, 443.33, 355012, 172, 6, 0
843, 2, 253, 270, 37, 0, 42.26%, 3, 0, 4, 467.29, 357304, 172, 6, 0
848, 2, 99, 270, 35, 0, 42.26%, 3, 0, 4, 446.47, 359485, 172, 6, 0
853, 2, 192, 270, 32, 0, 42.26%, 3, 0, 4, 435.02, 361786, 172, 6, 0
858, 2, 14, 270, 31, 0, 42.26%, 4, 0, 4, 418.25, 363923, 172, 7, 0
863, 2, 181, 270, 29, 0, 42.26%, 4, 0, 4, 434.24, 366041, 172, 7, 0
868, 2, 248, 270, 28, 0, 42.26%, 4, 0, 4, 419.52, 368098, 172, 10, 0
873, 2, 144, 270, 24, 0, 42.26%, 5, 0, 4, 427.49, 370301, 172, 12, 0
878, 2, 245, 270, 23, 0, 42.26%, 5, 0, 4, 430.25, 372515, 172, 13, 0
883, 2, 203, 270, 20, 0, 42.26%, 5, 0, 4, 424.99, 374593, 172, 13, 0
888, 2, 165, 270, 18, 0, 42.26%, 5, 0, 4, 408.86, 376663, 172, 13, 0
893, 2, 255, 270, 16, 0, 42.26%, 5, 0, 4, 410.51, 378795, 172, 13, 0
898, 2, 125, 270, 16, 0, 42.26%, 6, 0, 4, 404.58, 380865, 172, 14, 0
902, 2, 240, 272, 17, 0, 42.26%, 6, 0, 5, 393.02, 382372, 172, 14, 0
