# relative_time, cycles_done, cur_item, corpus_count, pending_total, pending_favs, map_size, saved_crashes, saved_hangs, max_depth, execs_per_sec, total_execs, edges_found, total_crashes, servers_count
61, 0, 115, 183, 158, 30, 52.33%, 1, 0, 5, 2205.63, 125188, 213, 1, 0
66, 0, 115, 185, 160, 30, 52.33%, 1, 0, 5, 2057.68, 135626, 213, 1, 0
71, 0, 164, 206, 173, 25, 54.79%, 1, 0, 5, 2114.97, 146335, 223, 1, 0
76, 0, 164, 218, 185, 25, 55.28%, 1, 0, 5, 2018.25, 156633, 225, 1, 0
81, 0, 164, 220, 187, 25, 55.28%, 1, 0, 5, 1977.55, 166372, 225, 1, 0
86, 0, 164, 222, 189, 25, 56.02%, 1, 0, 5, 2034.60, 176662, 228, 1, 0
91, 0, 198, 226, 192, 25, 56.02%, 1, 0, 5, 1931.03, 186516, 228, 1, 0
96, 0, 118, 233, 194, 21, 56.27%, 1, 0, 5, 1782.97, 195419, 229, 1, 0
101, 0, 118, 240, 201, 21, 56.27%, 1, 0, 5, 2023.55, 206136, 229, 1, 0
107, 0, 118, 241, 202, 21, 56.27%, 1, 0, 5, 2045.97, 216783, 229, 1, 0
112, 0, 118, 244, 205, 21, 56.27%, 1, 0, 5, 1987.19, 226965, 229, 1, 0
117, 0, 118, 246, 207, 21, 56.27%, 1, 0, 5, 1871.98, 236366, 229, 1, 0
122, 0, 98, 259, 219, 21, 56.27%, 1, 0, 5, 1927.87, 246106, 229, 1, 0
127, 0, 261, 272, 224, 16, 56.27%, 1, 0, 5, 1968.15, 256089, 229, 1, 0
132, 0, 125, 278, 221, 7, 56.27%, 1, 0, 5, 2052.85, 266664, 229, 1, 0
137, 0, 125, 278, 221, 7, 56.27%, 1, 0, 5, 2032.98, 277104, 229, 1, 0
142, 0, 125, 280, 223, 7, 56.27%, 1, 0, 5, 2010.57, 287302, 229, 1, 0
148, 0, 125, 281, 224, 7, 56.27%, 1, 0, 5, 2042.97, 297525, 229, 1, 0
153, 0, 95, 287, 218, 3, 57.74%, 1, 0, 5, 1980.45, 307636, 235, 1, 0
158, 0, 282, 293, 223, 2, 57.74%, 1, 0, 5, 1813.96, 316827, 235, 1, 0
163, 0, 144, 297, 217, 0, 57.74%, 1, 0, 5, 1922.14, 326439, 235, 1, 0
168, 0, 135, 298, 204, 0, 57.74%, 1, 0, 5, 2015.19, 336677, 235, 1, 0
173, 0, 186, 302, 197, 0, 57.99%, 1, 0, 5, 2036.13, 347147, 236, 1, 0
178, 0, 90, 305, 186, 0, 57.99%, 1, 0, 5, 2028.26, 357485, 236, 1, 0
183, 0, 256, 330, 209, 0, 58.23%, 1, 0, 5, 1967.46, 367279, 237, 1, 0
188, 0, 281, 331, 202, 0, 58.23%, 1, 0, 5, 1988.90, 377323, 237, 1, 0
193, 0, 192, 331, 195, 0, 58.23%, 1, 0, 5, 1994.14, 387713, 237, 1, 0
199, 1, 176, 336, 192, 0, 58.23%, 1, 0, 5, 2052.58, 398021, 237, 1, 0
204, 1, 51, 337, 179, 0, 58.23%, 1, 0, 5, 2014.35, 407845, 237, 1, 0
209, 1, 146, 338, 166, 0, 58.48%, 1, 0, 5, 1921.83, 417634, 238, 1, 0
214, 1, 154, 340, 152, 0, 58.48%, 1, 0, 5, 1839.92, 427193, 238, 1, 0
219, 1, 340, 342, 144, 0, 58.48%, 1, 0, 5, 2075.32, 436236, 238, 1, 0
224, 1, 196, 343, 131, 0, 58.48%, 1, 0, 6, 1952.85, 445979, 238, 1, 0
229, 1, 343, 344, 123, 1, 58.48%, 1, 0, 6, 1899.42, 455100, 238, 1, 0
234, 1, 315, 348, 114, 0, 58.48%, 1, 0, 6, 1933.49, 465100, 238, 1, 0
239, 1, 264, 348, 103, 0, 58.48%, 1, 0, 6, 1964.15, 474779, 238, 1, 0
244, 1, 197, 348, 90, 0, 58.48%, 1, 0, 6, 1846.89, 483962, 238, 1, 0
249, 1, 219, 348, 80, 0, 58.48%, 1, 0, 6, 1838.70, 493351, 238, 1, 0
254, 1, 217, 348, 72, 0, 58.48%, 1, 0, 6, 1645.82, 501307, 238, 1, 0
259, 1, 350, 351, 66, 1, 58.72%, 1, 0, 6, 1850.13, 510852, 239, 1, 0
264, 1, 342, 352, 59, 0, 58.72%, 1, 0, 6, 1933.91, 520623, 239, 1, 0
270, 2, 359, 439, 137, 10, 62.41%, 1, 0, 6, 1580.13, 530356, 254, 1, 0
275, 2, 390, 439, 128, 1, 62.41%, 1, 0, 6, 1910.64, 540777, 254, 1, 0
280, 2, 95, 439, 118, 0, 62.41%, 1, 0, 6, 1915.83, 550510, 254, 1, 0
285, 2, 353, 439, 107, 0, 62.41%, 1, 0, 6, 2001.16, 560690, 254, 1, 0
290, 2, 201, 439, 96, 0, 62.41%, 1, 0, 6, 2002.17, 571113, 254, 2, 0
295, 2, 84, 439, 85, 0, 62.41%, 1, 0, 6, 2013.71, 581338, 254, 2, 0
300, 2, 357, 439, 75, 0, 62.41%, 1, 0, 6, 1984.98, 591711, 254, 2, 0
306, 2, 121, 439, 65, 0, 62.41%, 1, 0, 6, 1907.31, 601478, 254, 2, 0
311, 2, 158, 439, 54, 0, 62.41%, 1, 0, 6, 1873.81, 610948, 254, 2, 0
316, 2, 82, 439, 45, 0, 62.41%, 1, 0, 6, 1886.73, 620221, 254, 2, 0
321, 2, 261, 439, 36, 0, 62.41%, 1, 0, 6, 1725.52, 629192, 254, 2, 0
326, 2, 365, 439, 29, 0, 62.41%, 1, 0, 6, 1902.42, 639285, 254, 2, 0
331, 2, 285, 439, 23, 0, 62.41%, 1, 0, 6, 1904.95, 649039, 254, 2, 0
336, 3, 84, 446, 25, 0, 62.65%, 2, 0, 6, 2061.53, 658500, 255, 3, 0
341, 3, 337, 446, 21, 0, 62.65%, 2, 0, 6, 1371.88, 668709, 255, 3, 0
346, 3, 391, 446, 19, 0, 62.65%, 2, 0, 6, 1918.98, 679163, 255, 3, 0
351, 3, 283, 446, 16, 0, 62.65%, 2, 0, 6, 2070.17, 688030, 255, 3, 0
356, 3, 344, 446, 14, 0, 62.65%, 2, 0, 6, 1904.59, 697557, 255, 3, 0
361, 3, 439, 446, 13, 0, 62.65%, 2, 0, 6, 1976.12, 707411, 255, 3, 0
366, 4, 84, 446, 13, 0, 62.65%, 2, 0, 6, 1899.12, 717322, 255, 3, 0
372, 4, 366, 446, 8, 0, 62.65%, 2, 0, 6, 2008.84, 727543, 255, 3, 0
377, 4, 380, 446, 7, 0, 62.65%, 2, 0, 6, 1904.97, 737332, 255, 3, 0
382, 4, 100, 446, 6, 0, 62.65%, 2, 0, 6, 1953.87, 747532, 255, 3, 0
387, 4, 380, 446, 6, 0, 62.65%, 2, 0, 6, 1837.75, 756866, 255, 3, 0
392, 5, 281, 446, 5, 0, 62.65%, 2, 0, 6, 2053.08, 767708, 255, 3, 0
397, 5, 283, 446, 5, 0, 62.65%, 2, 0, 6, 2067.80, 778106, 255, 3, 0
402, 5, 183, 447, 5, 0, 62.90%, 2, 0, 6, 1852.57, 787713, 256, 3, 0
408, 5, 350, 447, 5, 0, 62.90%, 2, 0, 6, 1956.45, 798080, 256, 3, 0
413, 5, 410, 447, 5, 0, 62.90%, 2, 0, 6, 1970.63, 808352, 256, 3, 0
418, 5, 111, 447, 4, 0, 62.90%, 2, 0, 6, 1961.97, 818382, 256, 3, 0
423, 6, 337, 454, 10, 0, 63.14%, 2, 0, 6, 1954.94, 828386, 257, 3, 0
428, 6, 422, 454, 8, 0, 63.14%, 2, 0, 6, 1957.62, 838451, 257, 3, 0
433, 6, 410, 454, 8, 0, 63.14%, 2, 0, 6, 1969.36, 848766, 257, 3, 0
438, 6, 452, 454, 8, 0, 63.14%, 2, 0, 6, 2001.79, 858928, 257, 3, 0
444, 6, 111, 454, 4, 0, 63.14%, 2, 0, 6, 1929.85, 868295, 257, 3, 0
449, 7, 283, 459, 7, 0, 63.88%, 2, 0, 6, 2033.61, 878978, 260, 3, 0
454, 7, 75, 459, 6, 0, 63.88%, 2, 0, 6, 1858.53, 888356, 260, 3, 0
459, 7, 284, 459, 6, 0, 63.88%, 2, 0, 6, 1978.05, 898575, 260, 3, 0
464, 7, 324, 459, 4, 0, 63.88%, 2, 0, 6, 1993.00, 908611, 260, 3, 0
469, 7, 439, 459, 4, 0, 63.88%, 2, 0, 6, 1976.65, 918827, 260, 3, 0
474, 7, 86, 459, 2, 0, 63.88%, 3, 0, 6, 1976.67, 928991, 260, 4, 0
479, 8, 198, 460, 3, 0, 63.88%, 3, 0, 6, 1843.69, 937115, 260, 4, 0
484, 8, 446, 460, 1, 0, 63.88%, 3, 0, 6, 1834.73, 946369, 260, 4, 0
490, 8, 208, 460, 1, 0, 63.88%, 3, 0, 6, 1904.30, 956262, 260, 4, 0
495, 8, 285, 460, 1, 0, 63.88%, 3, 0, 6, 1851.57, 965487, 260, 5, 0
500, 8, 99, 460, 1, 0, 63.88%, 3, 0, 6, 1947.50, 975616, 260, 5, 0
505, 9, 340, 463, 3, 0, 63.88%, 3, 0, 6, 2067.97, 986574, 260, 5, 0
510, 9, 283, 463, 3, 0, 63.88%, 3, 0, 6, 2040.85, 996823, 260, 5, 0
515, 9, 62, 463, 2, 0, 63.88%, 3, 0, 6, 2088.20, 1007526, 260, 5, 0
520, 9, 439, 463, 2, 0, 63.88%, 3, 0, 6, 1967.32, 1017950, 260, 5, 0
526, 9, 419, 463, 1, 0, 63.88%, 3, 0, 6, 1886.75, 1027820, 260, 5, 0
531, 10, 290, 463, 1, 0, 63.88%, 3, 0, 6, 1915.71, 1037562, 260, 5, 0
536, 10, 100, 463, 1, 0, 63.88%, 3, 0, 6, 1978.23, 1047963, 260, 5, 0
541, 10, 446, 463, 1, 0, 63.88%, 3, 0, 6, 2041.72, 1058034, 260, 5, 0
546, 10, 198, 463, 1, 0, 63.88%, 3, 0, 6, 1882.58, 1067448, 260, 5, 0
551, 10, 126, 463, 1, 0, 63.88%, 3, 0, 6, 1910.15, 1076943, 260, 5, 0
556, 11, 25, 464, 2, 0, 63.88%, 3, 0, 6, 1959.55, 1086967, 260, 5, 0
561, 11, 284, 464, 2, 0, 63.88%, 3, 0, 6, 1924.90, 1096518, 260, 5, 0
566, 11, 345, 464, 2, 0, 63.88%, 3, 0, 6, 2007.11, 1106819, 260, 5, 0
572, 11, 348, 464, 2, 0, 63.88%, 3, 0, 6, 1984.41, 1117066, 260, 5, 0
577, 11, 441, 464, 0, 0, 63.88%, 3, 0, 6, 2019.90, 1127189, 260, 5, 0
582, 11, 448, 464, 0, 0, 63.88%, 3, 0, 6, 2042.95, 1136688, 260, 5, 0
587, 12, 282, 464, 0, 0, 63.88%, 3, 0, 6, 2016.80, 1147153, 260, 5, 0
592, 12, 97, 464, 0, 0, 63.88%, 3, 0, 6, 1967.08, 1157259, 260, 5, 0
597, 12, 84, 464, 0, 0, 63.88%, 3, 0, 6, 1947.08, 1167361, 260, 5, 0
598, 12, 439, 464, 0, 0, 63.88%, 3, 0, 6, 1965.51, 1169747, 260, 5, 0
