# relative_time, cycles_done, cur_item, corpus_count, pending_total, pending_favs, map_size, saved_crashes, saved_hangs, max_depth, execs_per_sec, total_execs, edges_found, total_crashes, servers_count
61, 6, 36, 37, 0, 0, 60.87%, 0, 0, 2, 739.49, 45361, 28, 0, 0
66, 6, 27, 37, 0, 0, 60.87%, 0, 0, 2, 575.71, 47774, 28, 0, 0
71, 7, 24, 37, 0, 0, 60.87%, 0, 0, 2, 128.43, 50719, 28, 0, 0
76, 7, 27, 37, 0, 0, 60.87%, 0, 0, 2, 89.04, 52329, 28, 0, 0
81, 8, 15, 37, 0, 0, 60.87%, 0, 0, 2, 1019.63, 56751, 28, 0, 0
86, 8, 14, 37, 0, 0, 60.87%, 0, 0, 2, 411.28, 59243, 28, 0, 0
92, 9, 24, 37, 0, 0, 60.87%, 0, 0, 2, 805.67, 61962, 28, 0, 0
97, 10, 14, 37, 0, 0, 60.87%, 0, 0, 2, 833.33, 65989, 28, 0, 0
102, 10, 14, 37, 0, 0, 60.87%, 0, 0, 2, 803.42, 69853, 28, 0, 0
107, 11, 0, 37, 0, 0, 60.87%, 0, 0, 2, 875.15, 74293, 28, 0, 0
112, 12, 14, 37, 0, 0, 60.87%, 0, 0, 2, 948.55, 77640, 28, 0, 0
117, 12, 31, 37, 0, 0, 60.87%, 0, 0, 2, 656.72, 80402, 28, 0, 0
122, 13, 20, 37, 0, 0, 60.87%, 0, 0, 2, 973.09, 83865, 28, 0, 0
128, 14, 14, 37, 0, 0, 60.87%, 0, 0, 2, 814.91, 87885, 28, 0, 0
130, 14, 11, 37, 0, 0, 60.87%, 0, 0, 2, 673.81, 89510, 28, 0, 0
