# relative_time, cycles_done, cur_item, corpus_count, pending_total, pending_favs, map_size, saved_crashes, saved_hangs, max_depth, execs_per_sec, total_execs, edges_found, total_crashes, servers_count
60, 0, 9, 68, 63, 4, 30.47%, 0, 0, 2, 525.53, 28173, 124, 0, 0
66, 0, 9, 68, 63, 4, 30.47%, 0, 0, 2, 465.49, 30476, 124, 0, 0
71, 0, 9, 70, 65, 4, 30.71%, 0, 0, 2, 440.26, 32697, 125, 0, 0
76, 0, 9, 70, 65, 4, 30.71%, 0, 0, 2, 406.14, 34721, 125, 0, 0
81, 0, 9, 70, 65, 4, 30.71%, 0, 0, 2, 430.28, 36881, 125, 0, 0
86, 0, 9, 70, 65, 4, 30.71%, 0, 0, 2, 426.98, 39049, 125, 0, 0
91, 0, 9, 70, 65, 4, 30.71%, 0, 0, 2, 437.96, 41225, 125, 0, 0
96, 0, 9, 70, 65, 4, 30.71%, 0, 0, 2, 438.40, 43401, 125, 0, 0
101, 0, 9, 70, 65, 4, 30.71%, 0, 0, 2, 415.66, 45458, 125, 0, 0
106, 0, 9, 70, 65, 4, 30.71%, 0, 0, 2, 434.55, 47706, 125, 0, 0
111, 0, 9, 70, 65, 4, 30.71%, 0, 0, 2, 460.79, 50095, 125, 0, 0
116, 0, 9, 70, 65, 4, 30.71%, 0, 0, 2, 436.33, 52316, 125, 0, 0
121, 0, 20, 96, 90, 26, 33.17%, 0, 0, 2, 419.31, 54480, 135, 0, 0
126, 0, 3, 98, 85, 18, 33.42%, 0, 0, 3, 420.72, 56628, 136, 0, 0
132, 0, 0, 100, 84, 17, 34.15%, 0, 0, 3, 430.35, 58831, 139, 0, 0
137, 0, 99, 100, 81, 14, 34.15%, 0, 0, 3, 424.77, 60952, 139, 0, 0
142, 0, 87, 109, 87, 12, 34.89%, 0, 0, 3, 448.39, 63261, 142, 0, 0
147, 0, 87, 114, 92, 12, 34.89%, 0, 0, 3, 457.27, 65592, 142, 0, 0
152, 0, 87, 118, 96, 12, 34.89%, 0, 0, 3, 473.88, 68014, 142, 0, 0
157, 0, 87, 121, 99, 12, 35.14%, 0, 0, 3, 406.70, 70033, 143, 0, 0
162, 0, 87, 122, 100, 12, 35.14%, 0, 0, 3, 434.50, 72273, 143, 0, 0
167, 0, 87, 122, 100, 12, 35.14%, 0, 0, 3, 435.77, 74481, 143, 0, 0
172, 0, 87, 122, 100, 12, 35.14%, 0, 0, 3, 418.30, 76601, 143, 0, 0
178, 0, 87, 122, 100, 12, 35.14%, 0, 0, 3, 436.14, 78809, 143, 0, 0
183, 0, 87, 122, 100, 12, 35.14%, 0, 0, 3, 407.45, 80785, 143, 0, 0
188, 0, 87, 123, 101, 12, 35.14%, 0, 0, 3, 413.39, 82920, 143, 0, 0
193, 0, 87, 123, 101, 12, 35.14%, 0, 0, 3, 443.84, 85184, 143, 0, 0
198, 0, 87, 124, 102, 12, 35.14%, 0, 0, 3, 485.05, 87659, 143, 0, 0
203, 0, 87, 124, 102, 12, 35.14%, 0, 0, 3, 445.66, 89911, 143, 0, 0
208, 0, 87, 124, 102, 12, 35.14%, 0, 0, 3, 407.40, 92015, 143, 0, 0
213, 0, 87, 125, 103, 12, 35.14%, 0, 0, 3, 425.21, 94270, 143, 0, 0
218, 0, 87, 126, 104, 12, 35.14%, 0, 0, 3, 468.21, 96601, 143, 0, 0
223, 0, 87, 126, 104, 12, 35.14%, 0, 0, 3, 408.85, 98573, 143, 0, 0
228, 0, 87, 127, 105, 12, 35.14%, 0, 0, 3, 384.39, 100541, 143, 0, 0
233, 0, 87, 129, 107, 12, 35.14%, 0, 0, 3, 407.38, 102618, 143, 0, 0
238, 0, 87, 129, 107, 12, 35.14%, 0, 0, 3, 414.99, 104786, 143, 0, 0
244, 0, 87, 129, 107, 12, 35.14%, 0, 0, 3, 396.25, 106826, 143, 0, 0
249, 0, 87, 129, 107, 12, 35.14%, 0, 0, 3, 365.77, 108654, 143, 0, 0
254, 0, 87, 130, 108, 12, 35.38%, 0, 0, 3, 394.57, 110607, 144, 0, 0
259, 0, 87, 130, 108, 12, 35.38%, 0, 0, 3, 416.71, 112745, 144, 0, 0
264, 0, 108, 130, 106, 14, 35.38%, 0, 0, 3, 426.93, 114909, 144, 0, 0
269, 0, 119, 137, 111, 12, 35.38%, 0, 0, 3, 418.27, 117038, 144, 0, 0
274, 0, 119, 142, 116, 12, 35.63%, 0, 0, 3, 442.22, 119265, 145, 0, 0
279, 0, 119, 145, 119, 12, 35.63%, 0, 0, 3, 436.58, 121454, 145, 0, 0
284, 0, 119, 149, 123, 12, 35.63%, 0, 0, 3, 467.46, 123883, 145, 0, 0
289, 0, 119, 152, 126, 12, 35.63%, 0, 0, 3, 425.73, 125992, 145, 0, 0
294, 0, 119, 155, 129, 12, 35.63%, 0, 0, 3, 432.30, 128165, 145, 0, 0
300, 0, 119, 155, 129, 12, 35.63%, 0, 0, 3, 415.74, 130269, 145, 0, 0
305, 0, 119, 156, 130, 12, 35.63%, 0, 0, 3, 409.30, 132388, 145, 0, 0
310, 0, 119, 156, 130, 12, 35.63%, 0, 0, 3, 430.72, 134668, 145, 0, 0
315, 0, 119, 157, 131, 12, 35.63%, 0, 0, 3, 448.65, 136971, 145, 0, 0
320, 0, 119, 158, 132, 12, 35.63%, 0, 0, 3, 458.06, 139291, 145, 0, 0
325, 0, 119, 159, 133, 12, 35.63%, 0, 0, 3, 433.61, 141433, 145, 0, 0
330, 0, 119, 159, 133, 12, 35.63%, 0, 0, 3, 452.92, 143645, 145, 0, 0
335, 0, 119, 159, 133, 12, 35.63%, 0, 0, 3, 425.09, 145769, 145, 0, 0
340, 0, 119, 159, 133, 12, 35.63%, 0, 0, 3, 443.05, 148049, 145, 0, 0
345, 0, 119, 159, 133, 12, 35.63%, 0, 0, 3, 437.14, 150241, 145, 0, 0
350, 0, 119, 159, 133, 12, 35.63%, 0, 0, 3, 448.66, 152465, 145, 0, 0
355, 0, 119, 160, 134, 12, 35.63%, 0, 0, 3, 451.51, 154776, 145, 0, 0
361, 0, 96, 167, 139, 12, 35.63%, 0, 0, 4, 445.82, 157017, 145, 0, 0
366, 0, 96, 167, 139, 12, 35.63%, 0, 0, 4, 455.73, 159369, 145, 0, 0
371, 0, 96, 169, 141, 12, 35.63%, 0, 0, 4, 453.50, 161588, 145, 0, 0
376, 0, 96, 169, 141, 12, 35.63%, 0, 0, 4, 455.87, 163838, 145, 0, 0
381, 0, 96, 169, 141, 12, 35.63%, 0, 0, 4, 442.71, 166151, 145, 0, 0
386, 0, 96, 170, 142, 12, 35.63%, 0, 0, 4, 461.53, 168507, 145, 0, 0
391, 0, 96, 171, 143, 12, 35.63%, 0, 0, 4, 457.19, 170836, 145, 0, 0
396, 0, 96, 171, 143, 12, 35.63%, 0, 0, 4, 418.36, 172853, 145, 0, 0
401, 0, 96, 171, 143, 12, 35.63%, 0, 0, 4, 400.46, 174901, 145, 0, 0
406, 0, 96, 171, 143, 12, 35.63%, 0, 0, 4, 417.57, 177013, 145, 0, 0
411, 0, 96, 171, 143, 12, 35.63%, 0, 0, 4, 421.84, 179093, 145, 0, 0
416, 0, 96, 171, 143, 12, 35.63%, 0, 0, 4, 426.60, 181317, 145, 0, 0
421, 0, 96, 171, 143, 12, 35.63%, 0, 0, 4, 420.54, 183437, 145, 0, 0
426, 0, 96, 171, 143, 12, 35.63%, 0, 0, 4, 423.84, 185621, 145, 0, 0
431, 0, 96, 172, 144, 12, 35.63%, 0, 0, 4, 450.13, 187916, 145, 0, 0
437, 0, 96, 172, 144, 12, 35.63%, 0, 0, 4, 434.63, 190100, 145, 0, 0
442, 0, 96, 172, 144, 12, 35.63%, 0, 0, 4, 418.82, 192236, 145, 0, 0
447, 0, 96, 172, 144, 12, 35.63%, 0, 0, 4, 455.53, 194531, 145, 0, 0
452, 0, 15, 174, 141, 9, 35.63%, 0, 0, 4, 437.31, 196696, 145, 0, 0
457, 0, 148, 175, 138, 5, 35.63%, 0, 0, 4, 446.23, 198993, 145, 0, 0
462, 0, 77, 177, 139, 4, 35.63%, 0, 0, 4, 429.82, 201166, 145, 0, 0
467, 0, 77, 177, 139, 4, 35.63%, 0, 0, 4, 397.10, 203100, 145, 0, 0
472, 0, 77, 177, 139, 4, 35.63%, 0, 0, 4, 382.17, 205039, 145, 0, 0
477, 0, 163, 177, 138, 3, 35.63%, 0, 0, 4, 402.26, 207030, 145, 0, 0
482, 0, 101, 177, 133, 0, 35.63%, 0, 0, 4, 405.81, 209187, 145, 0, 0
487, 0, 8, 178, 133, 0, 35.63%, 0, 0, 5, 444.09, 211528, 145, 0, 0
492, 0, 148, 178, 129, 0, 35.63%, 0, 0, 5, 437.48, 213708, 145, 0, 0
497, 0, 54, 178, 127, 0, 35.63%, 0, 0, 5, 421.35, 215799, 145, 0, 0
503, 0, 98, 178, 122, 0, 35.63%, 0, 0, 5, 422.56, 218013, 145, 0, 0
508, 0, 18, 178, 119, 0, 35.63%, 0, 0, 5, 451.23, 220431, 145, 0, 0
513, 0, 101, 179, 114, 0, 35.63%, 0, 0, 5, 442.16, 222680, 145, 0, 0
518, 0, 143, 182, 114, 0, 35.63%, 0, 0, 5, 451.06, 224994, 145, 0, 0
523, 0, 178, 183, 113, 0, 35.63%, 0, 0, 5, 431.21, 227206, 145, 0, 0
528, 0, 30, 183, 111, 0, 35.63%, 0, 0, 5, 494.80, 229740, 145, 0, 0
533, 0, 141, 183, 108, 0, 35.63%, 0, 0, 5, 485.26, 232164, 145, 0, 0
538, 0, 108, 183, 108, 0, 35.63%, 0, 0, 5, 411.09, 234160, 145, 0, 0
543, 0, 142, 183, 106, 0, 35.63%, 0, 0, 5, 421.12, 236339, 145, 0, 0
549, 0, 3, 183, 101, 0, 35.63%, 0, 0, 5, 385.87, 238272, 145, 0, 0
554, 1, 73, 184, 100, 0, 35.63%, 0, 0, 5, 401.98, 240404, 145, 0, 0
559, 1, 101, 184, 96, 0, 35.63%, 0, 0, 5, 428.42, 242532, 145, 0, 0
564, 1, 143, 184, 93, 0, 35.63%, 0, 0, 5, 410.56, 244632, 145, 0, 0
569, 1, 38, 184, 90, 0, 35.63%, 0, 0, 5, 419.83, 246822, 145, 0, 0
574, 1, 129, 184, 85, 0, 35.63%, 0, 0, 5, 444.79, 249057, 145, 0, 0
579, 1, 185, 187, 86, 2, 36.61%, 0, 0, 5, 416.91, 251053, 149, 0, 0
584, 1, 17, 188, 83, 0, 36.61%, 0, 0, 5, 415.67, 253192, 149, 0, 0
589, 1, 143, 188, 79, 0, 36.61%, 0, 0, 5, 441.40, 255509, 149, 0, 0
594, 1, 149, 188, 73, 0, 36.61%, 0, 0, 5, 450.33, 257792, 149, 0, 0
599, 1, 82, 189, 70, 0, 36.61%, 0, 0, 5, 428.41, 259949, 149, 0, 0
604, 1, 169, 190, 63, 0, 36.61%, 0, 0, 5, 448.66, 262173, 149, 0, 0
609, 1, 190, 192, 63, 1, 36.86%, 0, 0, 5, 400.47, 264158, 150, 0, 0
614, 1, 74, 192, 60, 0, 36.86%, 0, 0, 5, 425.58, 266373, 150, 0, 0
620, 1, 191, 192, 58, 0, 36.86%, 0, 0, 5, 404.58, 268448, 150, 0, 0
625, 1, 164, 193, 57, 0, 36.86%, 0, 0, 5, 417.38, 270523, 150, 0, 0
630, 1, 177, 194, 54, 0, 36.86%, 0, 0, 5, 427.53, 272742, 150, 0, 0
635, 1, 177, 196, 56, 0, 36.86%, 0, 0, 6, 421.55, 274780, 150, 0, 0
640, 1, 162, 196, 52, 0, 36.86%, 0, 0, 6, 390.83, 276727, 150, 0, 0
645, 1, 180, 199, 55, 0, 36.86%, 0, 0, 6, 405.61, 278738, 150, 0, 0
650, 1, 184, 199, 53, 0, 36.86%, 0, 0, 6, 442.15, 280930, 150, 0, 0
655, 1, 148, 199, 49, 0, 36.86%, 0, 0, 6, 438.65, 283162, 150, 0, 0
660, 1, 106, 199, 47, 0, 36.86%, 0, 0, 6, 421.78, 285305, 150, 0, 0
665, 1, 155, 199, 43, 0, 36.86%, 0, 0, 6, 407.91, 287370, 150, 0, 0
670, 1, 42, 199, 37, 0, 36.86%, 0, 0, 6, 422.60, 289525, 150, 0, 0
675, 1, 101, 199, 33, 0, 36.86%, 0, 0, 6, 407.81, 291542, 150, 0, 0
681, 1, 173, 199, 31, 0, 36.86%, 0, 0, 6, 410.59, 293665, 150, 0, 0
686, 2, 215, 305, 136, 0, 50.86%, 0, 0, 6, 406.74, 295762, 207, 0, 0
691, 2, 258, 305, 134, 19, 50.86%, 0, 0, 6, 431.62, 298009, 207, 0, 0
696, 2, 247, 305, 132, 17, 50.86%, 0, 0, 6, 425.60, 300272, 207, 0, 0
701, 2, 247, 305, 132, 17, 50.86%, 0, 0, 6, 422.18, 302395, 207, 0, 0
706, 2, 275, 305, 130, 15, 50.86%, 0, 0, 6, 432.00, 304574, 207, 0, 0
711, 2, 230, 305, 128, 13, 50.86%, 0, 0, 6, 494.34, 306988, 207, 0, 0
716, 2, 261, 305, 126, 11, 50.86%, 0, 0, 6, 453.91, 309266, 207, 0, 0
721, 2, 256, 305, 124, 10, 50.86%, 0, 0, 6, 436.57, 311439, 207, 0, 0
727, 2, 300, 305, 122, 9, 50.86%, 0, 0, 6, 441.13, 313727, 207, 0, 0
732, 2, 284, 305, 120, 7, 50.86%, 0, 0, 6, 447.72, 316000, 207, 0, 0
737, 2, 222, 305, 118, 5, 50.86%, 0, 0, 6, 441.56, 318324, 207, 0, 0
742, 2, 242, 305, 115, 3, 50.86%, 0, 0, 6, 428.90, 320489, 207, 0, 0
747, 2, 217, 305, 113, 3, 50.86%, 0, 0, 6, 460.18, 322942, 207, 0, 0
752, 2, 272, 305, 111, 2, 50.86%, 0, 0, 6, 436.75, 325228, 207, 0, 0
757, 2, 214, 308, 113, 4, 51.60%, 0, 0, 6, 409.34, 327306, 210, 0, 0
763, 2, 305, 308, 111, 2, 51.60%, 0, 0, 6, 431.53, 329562, 210, 0, 0
768, 2, 289, 308, 108, 0, 51.60%, 0, 0, 6, 434.97, 331774, 210, 0, 0
773, 2, 160, 308, 106, 0, 51.60%, 0, 0, 6, 442.24, 333962, 210, 0, 0
778, 2, 269, 308, 103, 0, 51.60%, 0, 0, 6, 467.21, 336375, 210, 0, 0
783, 2, 101, 308, 101, 0, 51.60%, 0, 0, 6, 455.61, 338610, 210, 0, 0
788, 2, 273, 308, 99, 0, 51.60%, 0, 0, 6, 446.72, 340789, 210, 0, 0
793, 2, 279, 309, 98, 0, 51.60%, 0, 0, 6, 428.59, 342954, 210, 0, 0
798, 2, 226, 309, 96, 0, 51.60%, 0, 0, 6, 409.63, 345056, 210, 0, 0
803, 2, 79, 309, 94, 0, 51.60%, 0, 0, 6, 398.17, 347112, 210, 0, 0
808, 2, 96, 309, 91, 0, 51.60%, 0, 0, 6, 453.21, 349450, 210, 0, 0
813, 2, 264, 309, 89, 0, 51.60%, 0, 0, 6, 429.41, 351617, 210, 0, 0
818, 2, 263, 309, 84, 0, 51.60%, 0, 0, 6, 425.66, 353788, 210, 0, 0
823, 2, 304, 309, 82, 0, 51.60%, 0, 0, 6, 428.32, 355924, 210, 0, 0
829, 2, 241, 309, 80, 0, 51.60%, 0, 0, 6, 456.81, 358245, 210, 0, 0
834, 2, 223, 309, 78, 0, 51.60%, 0, 0, 6, 428.56, 360337, 210, 0, 0
839, 2, 285, 309, 76, 0, 51.60%, 0, 0, 6, 415.37, 362519, 210, 0, 0
844, 2, 253, 309, 74, 0, 51.60%, 0, 0, 6, 429.92, 364786, 210, 0, 0
849, 2, 252, 309, 71, 0, 51.60%, 0, 0, 6, 430.40, 367052, 210, 0, 0
854, 2, 251, 309, 68, 0, 51.60%, 0, 0, 6, 441.23, 369217, 210, 0, 0
859, 2, 309, 311, 68, 1, 52.33%, 2, 0, 6, 451.74, 371536, 213, 2, 0
864, 2, 274, 311, 65, 0, 52.33%, 2, 0, 6, 453.72, 373798, 213, 2, 0
869, 2, 221, 311, 63, 0, 52.33%, 2, 0, 6, 438.99, 376056, 213, 2, 0
874, 2, 260, 311, 61, 0, 52.33%, 2, 0, 6, 432.26, 378297, 213, 2, 0
879, 2, 258, 311, 59, 0, 52.33%, 2, 0, 6, 418.73, 380389, 213, 2, 0
884, 2, 301, 311, 58, 0, 52.33%, 2, 0, 6, 409.45, 382421, 213, 2, 0
890, 2, 180, 311, 56, 0, 52.33%, 2, 0, 6, 431.19, 384687, 213, 2, 0
895, 2, 291, 312, 56, 0, 52.58%, 2, 0, 6, 446.66, 386924, 214, 2, 0
900, 2, 206, 312, 53, 0, 52.58%, 2, 0, 6, 416.25, 388997, 214, 2, 0
902, 2, 3, 312, 52, 0, 52.58%, 2, 0, 6, 430.64, 390099, 214, 2, 0
