# relative_time, cycles_done, cur_item, corpus_count, pending_total, pending_favs, map_size, saved_crashes, saved_hangs, max_depth, execs_per_sec, total_execs, edges_found, total_crashes, servers_count
60, 0, 9, 94, 89, 4, 31.94%, 0, 0, 2, 446.42, 26690, 130, 0, 0
65, 0, 9, 98, 93, 4, 31.94%, 0, 0, 2, 431.57, 28863, 130, 0, 0
70, 0, 9, 98, 93, 4, 31.94%, 0, 0, 2, 431.18, 31031, 130, 0, 0
75, 0, 9, 100, 95, 4, 31.94%, 0, 0, 2, 438.97, 33277, 130, 0, 0
80, 0, 9, 100, 95, 4, 31.94%, 0, 0, 2, 451.98, 35589, 130, 0, 0
85, 0, 9, 100, 95, 4, 31.94%, 0, 0, 2, 440.72, 37853, 130, 0, 0
91, 0, 9, 100, 95, 4, 31.94%, 0, 0, 2, 404.87, 39861, 130, 0, 0
96, 0, 9, 100, 95, 4, 31.94%, 0, 0, 2, 437.68, 42214, 130, 0, 0
101, 0, 9, 102, 97, 4, 31.94%, 0, 0, 2, 461.70, 44541, 130, 0, 0
106, 0, 9, 105, 100, 4, 31.94%, 0, 0, 2, 431.62, 46721, 130, 0, 0
111, 0, 9, 106, 101, 4, 31.94%, 0, 0, 2, 442.64, 49294, 130, 0, 0
116, 0, 9, 107, 102, 4, 31.94%, 0, 0, 2, 440.30, 51583, 130, 0, 0
121, 0, 9, 107, 102, 4, 31.94%, 0, 0, 2, 426.85, 53743, 130, 0, 0
126, 0, 117, 136, 123, 22, 39.31%, 0, 0, 3, 512.28, 56466, 160, 0, 0
132, 0, 117, 149, 136, 22, 41.77%, 0, 0, 3, 425.11, 58580, 170, 0, 0
137, 0, 117, 149, 136, 22, 41.77%, 0, 0, 3, 408.95, 60645, 170, 0, 0
142, 0, 117, 149, 136, 22, 41.77%, 0, 0, 3, 417.23, 62766, 170, 0, 0
147, 0, 117, 150, 137, 22, 41.77%, 0, 0, 3, 368.82, 64620, 170, 0, 0
152, 0, 117, 151, 138, 22, 41.77%, 0, 0, 3, 327.03, 66186, 170, 0, 0
155, 0, 117, 151, 138, 22, 41.77%, 0, 0, 3, 429.50, 66884, 170, 0, 0
