# relative_time, cycles_done, cur_item, corpus_count, pending_total, pending_favs, map_size, saved_crashes, saved_hangs, max_depth, execs_per_sec, total_execs, edges_found, total_crashes, servers_count
60, 0, 20, 84, 69, 21, 36.12%, 0, 0, 2, 415.95, 26092, 147, 0, 0
65, 0, 21, 98, 82, 20, 39.31%, 0, 0, 3, 451.88, 28419, 160, 0, 0
70, 0, 21, 99, 83, 20, 39.31%, 0, 0, 3, 451.93, 30667, 160, 0, 0
75, 0, 21, 99, 83, 20, 39.31%, 0, 0, 3, 441.11, 32824, 160, 0, 0
81, 0, 21, 99, 83, 20, 39.31%, 0, 0, 3, 432.94, 35064, 160, 0, 0
86, 0, 29, 99, 80, 23, 39.31%, 0, 0, 3, 433.87, 37277, 160, 0, 0
91, 0, 35, 105, 84, 21, 39.31%, 0, 0, 3, 447.87, 39619, 160, 0, 0
96, 0, 35, 109, 88, 21, 39.56%, 0, 0, 3, 422.27, 41831, 161, 0, 0
101, 0, 35, 110, 89, 21, 39.80%, 0, 0, 3, 439.95, 44070, 162, 0, 0
106, 0, 35, 113, 92, 21, 39.80%, 0, 0, 3, 435.86, 46300, 162, 0, 0
111, 0, 35, 114, 93, 21, 39.80%, 0, 0, 3, 429.32, 48459, 162, 0, 0
116, 0, 35, 115, 94, 21, 39.80%, 0, 0, 3, 449.83, 50814, 162, 0, 0
121, 0, 35, 115, 94, 21, 39.80%, 0, 0, 3, 437.40, 52962, 162, 0, 0
126, 0, 35, 115, 94, 21, 39.80%, 0, 0, 3, 451.87, 55260, 162, 0, 0
131, 0, 35, 115, 94, 21, 39.80%, 0, 0, 3, 444.48, 57562, 162, 0, 0
137, 0, 35, 115, 94, 21, 39.80%, 0, 0, 3, 476.78, 60021, 162, 0, 0
142, 0, 35, 116, 95, 21, 40.05%, 0, 0, 3, 430.61, 62137, 163, 0, 0
147, 0, 35, 116, 95, 21, 40.05%, 0, 0, 3, 406.97, 64177, 163, 0, 0
152, 0, 35, 116, 95, 21, 40.05%, 0, 0, 3, 449.39, 66465, 163, 0, 0
157, 0, 40, 119, 96, 23, 41.03%, 0, 0, 3, 411.88, 68554, 167, 0, 0
162, 0, 40, 122, 99, 23, 41.03%, 0, 0, 3, 422.46, 70719, 167, 0, 0
167, 0, 40, 127, 104, 23, 42.01%, 0, 0, 3, 447.07, 72995, 171, 0, 0
172, 0, 40, 128, 105, 23, 42.26%, 0, 0, 3, 446.75, 75217, 172, 0, 0
177, 0, 40, 132, 109, 23, 42.26%, 0, 0, 3, 434.90, 77365, 172, 0, 0
182, 0, 40, 134, 111, 23, 42.26%, 0, 0, 3, 434.15, 79564, 172, 0, 0
187, 0, 40, 136, 113, 23, 42.26%, 0, 0, 3, 447.07, 81810, 172, 0, 0
192, 0, 40, 138, 115, 23, 42.75%, 0, 0, 3, 449.63, 84112, 174, 0, 0
197, 0, 40, 139, 116, 23, 42.75%, 0, 0, 3, 455.43, 86391, 174, 0, 0
203, 0, 40, 140, 117, 23, 42.75%, 0, 0, 3, 452.32, 88711, 174, 0, 0
208, 0, 40, 141, 118, 23, 42.75%, 0, 0, 3, 417.28, 90837, 174, 0, 0
213, 0, 40, 142, 119, 23, 42.75%, 0, 0, 3, 441.90, 93084, 174, 0, 0
218, 0, 40, 142, 119, 23, 42.75%, 0, 0, 3, 442.33, 95428, 174, 0, 0
223, 0, 40, 143, 120, 23, 42.75%, 0, 0, 3, 449.33, 97675, 174, 0, 0
228, 0, 40, 143, 120, 23, 42.75%, 0, 0, 3, 456.00, 99973, 174, 0, 0
233, 0, 40, 143, 120, 23, 42.75%, 0, 0, 3, 432.10, 102107, 174, 0, 0
238, 0, 40, 144, 121, 23, 42.75%, 0, 0, 3, 440.89, 104290, 174, 0, 0
243, 0, 40, 148, 125, 23, 42.75%, 0, 0, 3, 419.03, 106391, 174, 0, 0
248, 0, 40, 149, 126, 23, 42.75%, 0, 0, 3, 413.68, 108542, 174, 0, 0
253, 0, 40, 149, 126, 23, 42.75%, 0, 0, 3, 423.41, 110726, 174, 0, 0
258, 0, 40, 151, 128, 23, 42.75%, 0, 0, 3, 420.75, 112868, 174, 0, 0
264, 0, 40, 155, 132, 23, 42.75%, 0, 0, 3, 432.95, 115104, 174, 0, 0
269, 0, 40, 155, 132, 23, 42.75%, 0, 0, 3, 436.87, 117312, 174, 0, 0
274, 0, 40, 156, 133, 23, 42.75%, 0, 0, 3, 429.34, 119463, 174, 0, 0
279, 0, 45, 160, 135, 26, 42.75%, 0, 0, 3, 437.65, 121648, 174, 0, 0
284, 0, 45, 162, 137, 26, 42.75%, 0, 0, 3, 457.71, 123985, 174, 0, 0
289, 0, 45, 165, 140, 26, 42.75%, 0, 0, 3, 452.31, 126302, 174, 0, 0
294, 0, 45, 166, 141, 26, 42.75%, 0, 0, 3, 438.75, 128580, 174, 0, 0
299, 0, 45, 166, 141, 26, 42.75%, 0, 0, 3, 446.62, 130860, 174, 0, 0
304, 0, 45, 166, 141, 26, 42.75%, 0, 0, 3, 443.79, 133116, 174, 0, 0
309, 0, 58, 170, 142, 22, 42.75%, 0, 0, 3, 447.41, 135399, 174, 0, 0
314, 0, 58, 173, 145, 22, 42.75%, 0, 0, 3, 454.23, 137689, 174, 0, 0
319, 0, 58, 173, 145, 22, 42.75%, 0, 0, 3, 444.46, 139964, 174, 0, 0
324, 0, 58, 173, 145, 22, 42.75%, 0, 0, 3, 458.68, 142261, 174, 0, 0
329, 0, 63, 173, 144, 22, 42.75%, 0, 0, 3, 458.26, 144527, 174, 0, 0
334, 0, 84, 179, 146, 21, 43.49%, 1, 0, 3, 442.22, 146772, 177, 1, 0
340, 0, 95, 191, 153, 18, 43.49%, 1, 0, 4, 432.99, 148905, 177, 1, 0
345, 0, 104, 198, 159, 17, 43.49%, 1, 0, 4, 475.71, 151296, 177, 1, 0
350, 0, 104, 200, 161, 17, 43.49%, 1, 0, 4, 445.91, 153520, 177, 1, 0
355, 0, 104, 203, 164, 17, 43.49%, 1, 0, 4, 434.66, 155725, 177, 1, 0
360, 0, 104, 203, 164, 17, 43.49%, 1, 0, 4, 431.09, 157957, 177, 1, 0
365, 0, 104, 203, 164, 17, 43.49%, 1, 0, 4, 431.59, 160181, 177, 1, 0
370, 0, 116, 203, 163, 15, 43.49%, 1, 0, 4, 448.84, 162414, 177, 1, 0
375, 0, 157, 207, 163, 12, 43.49%, 1, 0, 4, 433.26, 164601, 177, 1, 0
380, 0, 157, 209, 165, 12, 43.49%, 1, 0, 4, 438.55, 166831, 177, 1, 0
385, 0, 157, 210, 166, 12, 43.49%, 1, 0, 4, 431.23, 168982, 177, 1, 0
390, 0, 157, 211, 167, 12, 43.49%, 1, 0, 4, 434.63, 171149, 177, 1, 0
395, 0, 157, 212, 168, 12, 43.49%, 1, 0, 4, 428.62, 173324, 177, 1, 0
400, 0, 157, 213, 169, 12, 43.49%, 1, 0, 4, 448.12, 175625, 177, 1, 0
405, 0, 167, 213, 166, 9, 43.49%, 1, 0, 4, 466.32, 177948, 177, 1, 0
411, 0, 176, 218, 167, 5, 43.49%, 1, 0, 4, 442.71, 180204, 177, 1, 0
416, 0, 176, 221, 170, 5, 43.49%, 1, 0, 4, 447.62, 182559, 177, 1, 0
421, 0, 176, 221, 170, 5, 43.49%, 1, 0, 4, 448.75, 184817, 177, 1, 0
426, 0, 176, 223, 172, 5, 43.49%, 1, 0, 4, 421.89, 186935, 177, 1, 0
431, 0, 176, 224, 173, 5, 43.49%, 1, 0, 4, 432.70, 189158, 177, 1, 0
436, 0, 176, 225, 174, 5, 43.49%, 1, 0, 4, 441.56, 191357, 177, 1, 0
441, 0, 176, 225, 174, 5, 43.49%, 1, 0, 4, 434.01, 193565, 177, 1, 0
446, 0, 176, 225, 174, 5, 43.49%, 1, 0, 4, 422.35, 195701, 177, 1, 0
451, 0, 176, 226, 175, 5, 43.49%, 1, 0, 4, 437.46, 197932, 177, 1, 0
456, 0, 176, 227, 176, 5, 43.49%, 1, 0, 4, 447.44, 200195, 177, 1, 0
462, 0, 176, 227, 176, 5, 43.49%, 1, 0, 4, 456.91, 202536, 177, 1, 0
467, 0, 176, 227, 176, 5, 43.49%, 1, 0, 4, 458.81, 204849, 177, 1, 0
472, 0, 176, 227, 176, 5, 43.49%, 1, 0, 4, 421.76, 206923, 177, 1, 0
477, 0, 176, 227, 176, 5, 43.49%, 1, 0, 4, 415.25, 209067, 177, 1, 0
482, 0, 176, 228, 177, 5, 43.49%, 1, 0, 4, 446.75, 211314, 177, 1, 0
487, 0, 176, 228, 177, 5, 43.49%, 1, 0, 4, 456.18, 213631, 177, 1, 0
492, 0, 176, 228, 177, 5, 43.49%, 1, 0, 4, 398.58, 215522, 177, 1, 0
497, 0, 176, 228, 177, 5, 43.49%, 1, 0, 4, 406.47, 217522, 177, 1, 0
502, 0, 183, 240, 187, 6, 44.47%, 1, 0, 4, 432.69, 219764, 181, 1, 0
507, 0, 227, 242, 186, 3, 44.47%, 1, 0, 5, 454.54, 222085, 181, 1, 0
512, 1, 3, 242, 182, 0, 44.47%, 1, 0, 5, 453.81, 224415, 181, 1, 0
517, 1, 48, 243, 176, 0, 44.47%, 1, 0, 5, 449.80, 226682, 181, 1, 0
522, 1, 111, 244, 162, 0, 44.47%, 1, 0, 5, 476.72, 229193, 181, 1, 0
527, 1, 172, 245, 152, 0, 44.47%, 1, 0, 5, 443.22, 231388, 181, 1, 0
532, 1, 213, 246, 145, 0, 44.47%, 1, 0, 5, 417.93, 233492, 181, 1, 0
538, 1, 213, 248, 147, 0, 44.47%, 1, 0, 5, 443.64, 235738, 181, 1, 0
543, 1, 245, 250, 148, 1, 44.47%, 1, 0, 6, 444.17, 238024, 181, 1, 0
548, 2, 3, 287, 184, 0, 46.19%, 1, 0, 6, 450.85, 240395, 188, 1, 0
553, 2, 274, 287, 176, 5, 46.19%, 1, 0, 6, 457.81, 242687, 188, 1, 0
558, 3, 26, 290, 173, 0, 46.19%, 1, 0, 6, 459.02, 244973, 188, 1, 0
563, 3, 92, 290, 165, 0, 46.19%, 1, 0, 6, 431.82, 247137, 188, 1, 0
568, 3, 160, 290, 152, 0, 46.19%, 1, 0, 6, 435.17, 249314, 188, 1, 0
573, 3, 207, 291, 147, 0, 46.19%, 1, 0, 6, 460.62, 251689, 188, 1, 0
578, 3, 232, 291, 141, 0, 46.19%, 1, 0, 6, 449.44, 253917, 188, 1, 0
583, 3, 243, 292, 137, 0, 46.44%, 1, 0, 6, 476.16, 256387, 189, 1, 0
588, 4, 72, 294, 133, 0, 46.44%, 1, 0, 6, 457.30, 258734, 189, 1, 0
593, 4, 170, 294, 121, 0, 46.44%, 1, 0, 6, 445.20, 260972, 189, 1, 0
598, 4, 222, 294, 115, 0, 46.44%, 1, 0, 6, 445.83, 263231, 189, 1, 0
604, 4, 245, 295, 114, 0, 46.44%, 1, 0, 6, 447.61, 265488, 189, 1, 0
609, 4, 282, 296, 111, 0, 46.44%, 2, 0, 6, 439.45, 267688, 189, 5, 0
614, 5, 33, 298, 109, 0, 46.44%, 2, 0, 6, 444.62, 269923, 189, 5, 0
619, 5, 122, 298, 104, 0, 46.44%, 3, 0, 6, 444.61, 272150, 189, 8, 0
624, 5, 299, 301, 101, 1, 46.68%, 3, 0, 6, 411.45, 274199, 190, 8, 0
629, 5, 299, 302, 102, 1, 46.68%, 3, 0, 6, 447.06, 276562, 190, 8, 0
634, 5, 299, 302, 102, 1, 46.68%, 3, 0, 6, 424.99, 278730, 190, 8, 0
639, 6, 299, 321, 117, 5, 55.53%, 3, 0, 6, 439.48, 280965, 226, 8, 0
644, 6, 311, 323, 118, 4, 55.53%, 3, 0, 6, 423.06, 283048, 226, 8, 0
649, 6, 311, 326, 121, 4, 55.53%, 3, 0, 6, 402.61, 285109, 226, 8, 0
654, 6, 311, 327, 122, 4, 55.53%, 3, 0, 6, 378.00, 287049, 226, 8, 0
659, 6, 311, 327, 122, 4, 55.53%, 3, 0, 6, 401.36, 289124, 226, 8, 0
664, 6, 311, 328, 123, 4, 55.77%, 3, 0, 6, 412.19, 291235, 227, 8, 0
669, 6, 322, 336, 129, 3, 56.02%, 3, 0, 6, 439.16, 293429, 228, 8, 0
674, 6, 322, 337, 130, 3, 56.02%, 3, 0, 6, 419.97, 295556, 228, 8, 0
679, 6, 322, 338, 131, 3, 56.02%, 3, 0, 6, 449.81, 297854, 228, 8, 0
685, 6, 322, 338, 131, 3, 56.02%, 3, 0, 6, 441.49, 300091, 228, 9, 0
690, 6, 322, 340, 133, 3, 56.27%, 3, 0, 6, 464.96, 302458, 229, 9, 0
695, 6, 322, 340, 133, 3, 56.27%, 3, 0, 6, 451.52, 304852, 229, 9, 0
700, 6, 322, 340, 133, 3, 56.27%, 3, 0, 6, 461.68, 307121, 229, 9, 0
705, 6, 322, 340, 133, 3, 56.27%, 3, 0, 6, 438.37, 309306, 229, 9, 0
710, 6, 322, 341, 134, 3, 56.27%, 3, 0, 6, 451.42, 311609, 229, 9, 0
715, 6, 322, 341, 134, 3, 56.27%, 3, 0, 6, 476.43, 314041, 229, 9, 0
720, 6, 322, 341, 134, 3, 56.27%, 3, 0, 6, 436.07, 316274, 229, 9, 0
725, 6, 322, 341, 134, 3, 56.27%, 3, 0, 6, 438.46, 318474, 229, 9, 0
731, 6, 322, 342, 135, 3, 56.27%, 3, 0, 6, 433.05, 320682, 229, 9, 0
736, 6, 322, 342, 135, 3, 56.27%, 3, 0, 6, 477.63, 323094, 229, 9, 0
741, 6, 322, 342, 135, 3, 56.27%, 3, 0, 6, 454.28, 325378, 229, 9, 0
746, 6, 322, 343, 136, 3, 56.27%, 3, 0, 6, 481.14, 327853, 229, 9, 0
751, 6, 322, 343, 136, 3, 56.27%, 3, 0, 6, 461.80, 330229, 229, 9, 0
756, 6, 324, 374, 166, 6, 56.27%, 3, 0, 6, 481.61, 332658, 229, 9, 0
761, 6, 324, 376, 168, 6, 56.27%, 3, 0, 6, 445.22, 334914, 229, 9, 0
766, 6, 324, 376, 168, 6, 56.27%, 3, 0, 6, 431.36, 337042, 229, 9, 0
771, 6, 324, 376, 168, 6, 56.27%, 3, 0, 6, 429.58, 339202, 229, 9, 0
776, 6, 324, 376, 168, 6, 56.27%, 3, 0, 6, 422.51, 341370, 229, 9, 0
781, 6, 324, 376, 168, 6, 56.27%, 3, 0, 6, 418.99, 343546, 229, 9, 0
786, 6, 324, 376, 168, 6, 56.27%, 3, 0, 6, 429.48, 345722, 229, 9, 0
791, 6, 324, 379, 171, 6, 56.27%, 3, 0, 6, 445.12, 347967, 229, 9, 0
796, 6, 324, 379, 171, 6, 56.27%, 3, 0, 6, 449.31, 350306, 229, 9, 0
801, 6, 324, 379, 171, 6, 56.27%, 3, 0, 6, 438.39, 352511, 229, 9, 0
807, 6, 324, 380, 172, 6, 56.51%, 3, 0, 6, 433.70, 354702, 230, 9, 0
812, 6, 324, 380, 172, 6, 56.51%, 3, 0, 6, 436.69, 356958, 230, 9, 0
817, 6, 324, 380, 172, 6, 56.51%, 3, 0, 6, 438.11, 359222, 230, 9, 0
822, 6, 330, 380, 169, 5, 56.51%, 3, 0, 6, 435.19, 361433, 230, 9, 0
827, 6, 363, 383, 169, 2, 56.51%, 3, 0, 6, 459.71, 363761, 230, 9, 0
832, 6, 363, 384, 170, 2, 56.51%, 3, 0, 6, 403.57, 365765, 230, 9, 0
837, 6, 363, 384, 170, 2, 56.51%, 3, 0, 6, 411.86, 367861, 230, 9, 0
842, 6, 363, 384, 170, 2, 56.51%, 3, 0, 6, 424.37, 370077, 230, 9, 0
847, 6, 373, 384, 169, 1, 56.51%, 3, 0, 6, 423.34, 372221, 230, 9, 0
852, 6, 383, 384, 167, 0, 56.51%, 3, 0, 6, 424.28, 374305, 230, 9, 0
857, 7, 386, 426, 206, 10, 60.44%, 6, 0, 6, 469.07, 376711, 246, 14, 0
862, 7, 392, 426, 204, 8, 60.44%, 7, 0, 6, 434.78, 378883, 246, 23, 0
868, 7, 395, 427, 203, 7, 60.44%, 7, 0, 6, 423.44, 381039, 246, 23, 0
873, 7, 396, 428, 203, 6, 60.69%, 7, 0, 6, 431.19, 383246, 247, 23, 0
878, 7, 402, 429, 202, 6, 60.93%, 7, 0, 6, 436.10, 385469, 248, 23, 0
883, 7, 427, 429, 198, 2, 60.93%, 7, 0, 6, 429.46, 387674, 248, 23, 0
888, 8, 14, 431, 198, 0, 60.93%, 7, 0, 6, 427.36, 389885, 248, 23, 0
893, 8, 104, 431, 195, 0, 60.93%, 7, 0, 6, 435.21, 392046, 248, 23, 0
898, 8, 186, 431, 189, 0, 60.93%, 7, 0, 6, 431.87, 394254, 248, 24, 0
903, 8, 227, 431, 183, 0, 60.93%, 7, 0, 6, 449.87, 396558, 248, 24, 0
908, 8, 279, 431, 181, 0, 60.93%, 7, 0, 6, 462.00, 398879, 248, 24, 0
913, 8, 312, 431, 176, 0, 60.93%, 7, 0, 6, 426.04, 400996, 248, 24, 0
918, 8, 336, 431, 173, 0, 60.93%, 7, 0, 6, 415.32, 403084, 248, 24, 0
923, 8, 347, 431, 169, 0, 60.93%, 7, 0, 6, 421.39, 405202, 248, 24, 0
928, 8, 358, 432, 168, 0, 60.93%, 7, 0, 6, 418.82, 407369, 248, 24, 0
933, 8, 366, 432, 165, 0, 60.93%, 7, 0, 6, 432.18, 409613, 248, 24, 0
939, 8, 380, 432, 161, 0, 60.93%, 7, 0, 6, 456.47, 411960, 248, 24, 0
944, 8, 381, 432, 160, 0, 60.93%, 7, 0, 6, 427.87, 414091, 248, 24, 0
949, 8, 385, 432, 158, 0, 60.93%, 7, 0, 6, 434.25, 416371, 248, 24, 0
954, 8, 393, 433, 158, 0, 60.93%, 8, 0, 6, 418.12, 418506, 248, 29, 0
959, 8, 414, 434, 156, 0, 60.93%, 8, 0, 6, 427.08, 420719, 248, 29, 0
964, 8, 423, 434, 152, 0, 60.93%, 8, 0, 6, 424.81, 422851, 248, 29, 0
969, 9, 270, 439, 153, 1, 61.18%, 8, 0, 6, 441.16, 425105, 249, 29, 0
974, 9, 437, 439, 149, 0, 61.18%, 8, 0, 6, 448.42, 427414, 249, 34, 0
979, 10, 95, 439, 144, 0, 61.18%, 8, 0, 6, 439.63, 429663, 249, 34, 0
984, 10, 173, 439, 137, 0, 61.18%, 8, 0, 6, 426.43, 431833, 249, 36, 0
989, 10, 227, 439, 134, 0, 61.18%, 8, 0, 6, 416.62, 433954, 249, 36, 0
994, 10, 274, 439, 131, 0, 61.18%, 8, 0, 6, 432.22, 436124, 249, 36, 0
999, 10, 308, 439, 126, 0, 61.18%, 8, 0, 6, 403.30, 438158, 249, 36, 0
1004, 10, 323, 439, 121, 0, 61.18%, 8, 0, 6, 420.49, 440295, 249, 36, 0
1010, 10, 345, 439, 118, 0, 61.18%, 8, 0, 6, 422.01, 442415, 249, 36, 0
1015, 10, 354, 439, 114, 0, 61.18%, 8, 0, 6, 421.88, 444519, 249, 36, 0
1020, 10, 365, 439, 111, 0, 61.18%, 8, 0, 6, 393.90, 446531, 249, 36, 0
1025, 10, 388, 439, 109, 0, 61.18%, 8, 0, 6, 443.04, 448811, 249, 40, 0
1030, 10, 406, 439, 108, 0, 61.18%, 8, 0, 6, 441.24, 451023, 249, 40, 0
1035, 10, 426, 439, 104, 0, 61.18%, 8, 0, 6, 468.62, 453377, 249, 40, 0
1040, 10, 431, 440, 105, 0, 61.18%, 8, 0, 6, 441.05, 455548, 249, 40, 0
1045, 11, 37, 441, 104, 0, 61.18%, 8, 0, 6, 441.11, 457701, 249, 40, 0
1050, 11, 132, 441, 99, 0, 61.18%, 8, 0, 6, 437.85, 459877, 249, 40, 0
1055, 11, 227, 441, 97, 0, 61.18%, 8, 0, 6, 433.58, 462053, 249, 40, 0
1060, 11, 357, 442, 94, 1, 61.43%, 8, 0, 6, 430.53, 464213, 250, 40, 0
1065, 12, 20, 442, 91, 0, 61.43%, 8, 0, 6, 402.58, 466213, 250, 40, 0
1070, 12, 118, 442, 90, 0, 61.43%, 8, 0, 6, 438.39, 468392, 250, 40, 0
1075, 12, 202, 442, 86, 0, 61.43%, 8, 0, 6, 431.87, 470522, 250, 40, 0
1080, 12, 245, 442, 85, 0, 61.43%, 8, 0, 6, 444.80, 472746, 250, 40, 0
1085, 12, 290, 442, 82, 0, 61.43%, 8, 0, 6, 449.87, 474955, 250, 40, 0
1090, 12, 326, 442, 79, 0, 61.43%, 8, 0, 6, 417.63, 477013, 250, 40, 0
1096, 12, 369, 442, 77, 0, 61.43%, 8, 0, 6, 428.15, 479165, 250, 40, 0
1101, 12, 398, 442, 75, 0, 61.43%, 8, 0, 6, 447.65, 481439, 250, 44, 0
1106, 12, 427, 442, 71, 0, 61.43%, 8, 0, 6, 439.14, 483632, 250, 44, 0
1111, 13, 12, 442, 69, 0, 61.43%, 8, 0, 6, 424.09, 485789, 250, 44, 0
1116, 13, 104, 442, 68, 0, 61.43%, 8, 0, 6, 408.08, 487870, 250, 44, 0
1121, 13, 221, 442, 66, 0, 61.43%, 8, 0, 6, 428.85, 490037, 250, 44, 0
1126, 13, 234, 442, 64, 0, 61.43%, 8, 0, 6, 426.35, 492215, 250, 44, 0
1131, 13, 294, 442, 63, 0, 61.43%, 8, 0, 6, 470.20, 494693, 250, 44, 0
1136, 13, 310, 442, 60, 0, 61.43%, 8, 0, 6, 420.32, 496827, 250, 44, 0
1141, 13, 353, 442, 56, 0, 61.43%, 8, 0, 6, 436.29, 499020, 250, 44, 0
1146, 13, 384, 442, 54, 0, 61.43%, 8, 0, 6, 433.96, 501211, 250, 44, 0
1151, 13, 422, 442, 52, 0, 61.43%, 9, 0, 6, 424.27, 503408, 250, 49, 0
1157, 14, 36, 443, 52, 0, 61.43%, 9, 0, 6, 422.31, 505614, 250, 49, 0
1162, 14, 157, 443, 51, 0, 61.43%, 9, 0, 6, 415.39, 507728, 250, 49, 0
1167, 14, 227, 443, 49, 0, 61.43%, 9, 0, 6, 470.37, 510193, 250, 49, 0
1172, 14, 274, 443, 47, 0, 61.43%, 9, 0, 6, 451.70, 512412, 250, 49, 0
1177, 14, 361, 443, 45, 0, 61.43%, 9, 0, 6, 423.88, 514562, 250, 49, 0
1182, 14, 402, 443, 44, 0, 61.43%, 9, 0, 6, 432.69, 516722, 250, 52, 0
1187, 15, 26, 444, 44, 0, 61.43%, 9, 0, 6, 425.30, 518919, 250, 52, 0
1192, 15, 157, 444, 43, 0, 61.43%, 9, 0, 6, 442.63, 521186, 250, 53, 0
1197, 15, 227, 444, 42, 0, 61.43%, 10, 0, 6, 444.47, 523391, 250, 54, 0
1202, 15, 258, 444, 40, 0, 61.43%, 10, 0, 6, 458.32, 525754, 250, 54, 0
1207, 15, 335, 444, 37, 0, 61.43%, 10, 0, 6, 446.29, 527974, 250, 54, 0
1212, 15, 359, 445, 36, 0, 61.67%, 10, 0, 6, 435.18, 530133, 251, 54, 0
1218, 15, 444, 445, 35, 1, 61.67%, 10, 0, 6, 413.49, 532248, 251, 54, 0
1223, 16, 38, 445, 34, 0, 61.67%, 10, 0, 6, 415.30, 534357, 251, 54, 0
1228, 16, 173, 445, 34, 0, 61.67%, 10, 0, 6, 417.23, 536499, 251, 54, 0
1233, 16, 234, 445, 33, 0, 61.67%, 10, 0, 6, 455.40, 538857, 251, 54, 0
1238, 16, 299, 445, 33, 0, 61.67%, 10, 0, 6, 436.56, 540975, 251, 55, 0
1243, 16, 341, 445, 32, 0, 61.67%, 10, 0, 6, 448.37, 543218, 251, 55, 0
1248, 16, 401, 445, 31, 0, 61.67%, 10, 0, 6, 457.30, 545564, 251, 61, 0
1253, 16, 444, 445, 29, 0, 61.67%, 10, 0, 6, 425.49, 547670, 251, 61, 0
1258, 17, 445, 446, 30, 1, 61.92%, 10, 0, 6, 419.53, 549878, 252, 62, 0
1263, 18, 90, 446, 29, 0, 61.92%, 10, 0, 6, 422.33, 551947, 252, 62, 0
1268, 18, 192, 446, 29, 0, 61.92%, 10, 0, 6, 422.41, 554119, 252, 62, 0
1274, 18, 262, 446, 29, 0, 61.92%, 10, 0, 6, 443.81, 556392, 252, 62, 0
1279, 18, 336, 446, 27, 0, 61.92%, 10, 0, 6, 433.68, 558563, 252, 62, 0
1284, 18, 413, 446, 27, 0, 61.92%, 10, 0, 6, 422.37, 560724, 252, 62, 0
1289, 18, 444, 446, 24, 0, 61.92%, 10, 0, 6, 420.72, 562871, 252, 62, 0
1294, 19, 15, 448, 25, 0, 61.92%, 10, 0, 6, 448.79, 565156, 252, 63, 0
1299, 19, 137, 448, 25, 0, 61.92%, 10, 0, 6, 423.05, 567288, 252, 64, 0
1304, 19, 227, 448, 23, 0, 61.92%, 10, 0, 6, 436.64, 569479, 252, 64, 0
1309, 19, 262, 448, 23, 0, 61.92%, 10, 0, 6, 415.89, 571600, 252, 64, 0
1314, 19, 309, 448, 21, 0, 61.92%, 10, 0, 6, 417.27, 573837, 252, 64, 0
1319, 19, 396, 448, 20, 0, 61.92%, 10, 0, 6, 441.53, 576066, 252, 67, 0
1324, 19, 435, 448, 18, 0, 61.92%, 10, 0, 6, 431.93, 578252, 252, 67, 0
1329, 20, 17, 448, 17, 0, 61.92%, 10, 0, 6, 429.25, 580500, 252, 70, 0
1335, 20, 130, 448, 17, 0, 61.92%, 10, 0, 6, 420.54, 582700, 252, 70, 0
1340, 20, 227, 448, 17, 0, 61.92%, 10, 0, 6, 420.45, 584855, 252, 70, 0
1345, 20, 245, 448, 16, 0, 61.92%, 10, 0, 6, 428.06, 586971, 252, 70, 0
1350, 20, 330, 448, 15, 0, 61.92%, 10, 0, 6, 424.77, 589236, 252, 70, 0
1355, 20, 387, 448, 14, 0, 61.92%, 10, 0, 6, 445.19, 591509, 252, 72, 0
1360, 20, 427, 448, 12, 0, 61.92%, 11, 0, 6, 447.92, 593769, 252, 78, 0
1365, 21, 13, 449, 13, 0, 61.92%, 11, 0, 6, 438.89, 595964, 252, 78, 0
1370, 21, 116, 449, 13, 0, 61.92%, 11, 0, 6, 441.32, 598155, 252, 78, 0
1375, 21, 227, 449, 13, 0, 61.92%, 11, 0, 6, 445.63, 600387, 252, 81, 0
1380, 21, 251, 449, 12, 0, 61.92%, 11, 0, 6, 443.04, 602645, 252, 81, 0
1385, 21, 353, 449, 12, 0, 61.92%, 11, 0, 6, 437.48, 604894, 252, 81, 0
1390, 21, 396, 449, 11, 0, 61.92%, 11, 0, 6, 446.30, 607154, 252, 86, 0
1395, 21, 436, 449, 9, 0, 61.92%, 11, 0, 6, 408.52, 609243, 252, 86, 0
1400, 22, 3, 449, 8, 0, 61.92%, 11, 0, 6, 387.86, 611082, 252, 86, 0
1406, 22, 116, 449, 8, 0, 61.92%, 11, 0, 6, 435.32, 613369, 252, 86, 0
1411, 22, 217, 449, 8, 0, 61.92%, 11, 0, 6, 428.11, 615510, 252, 86, 0
1416, 22, 273, 449, 8, 0, 61.92%, 11, 0, 6, 453.44, 617911, 252, 86, 0
1421, 22, 319, 449, 8, 0, 61.92%, 11, 0, 6, 430.78, 620062, 252, 86, 0
1426, 22, 386, 449, 7, 0, 61.92%, 11, 0, 6, 442.87, 622379, 252, 86, 0
1431, 22, 438, 449, 7, 0, 61.92%, 11, 0, 6, 438.66, 624607, 252, 88, 0
1436, 23, 450, 453, 11, 1, 62.16%, 11, 0, 6, 448.91, 626911, 253, 88, 0
1441, 24, 54, 453, 10, 0, 62.16%, 11, 0, 6, 474.60, 629335, 253, 89, 0
1446, 24, 183, 453, 10, 0, 62.16%, 12, 0, 6, 445.20, 631552, 253, 91, 0
1451, 24, 262, 453, 10, 0, 62.16%, 12, 0, 6, 466.38, 633931, 253, 91, 0
1456, 24, 330, 454, 11, 0, 62.16%, 12, 0, 6, 461.88, 636282, 253, 91, 0
1462, 24, 391, 454, 11, 0, 62.16%, 12, 0, 6, 436.39, 638433, 253, 97, 0
1467, 24, 444, 454, 11, 0, 62.16%, 12, 0, 6, 466.00, 640698, 253, 97, 0
1472, 25, 72, 455, 12, 0, 62.16%, 12, 0, 6, 451.01, 642951, 253, 97, 0
1477, 25, 190, 455, 11, 0, 62.16%, 12, 0, 6, 454.15, 645206, 253, 98, 0
1482, 25, 240, 455, 11, 0, 62.16%, 12, 0, 6, 441.82, 647419, 253, 98, 0
1487, 25, 304, 455, 11, 0, 62.16%, 12, 0, 6, 466.21, 649829, 253, 98, 0
1492, 25, 357, 455, 10, 0, 62.16%, 12, 0, 6, 464.53, 652128, 253, 98, 0
1497, 25, 404, 455, 10, 0, 62.16%, 12, 0, 6, 445.67, 654360, 253, 103, 0
1502, 25, 450, 455, 8, 0, 62.16%, 12, 0, 6, 473.20, 656725, 253, 103, 0
1507, 26, 26, 455, 6, 0, 62.16%, 12, 0, 6, 431.00, 658852, 253, 103, 0
1512, 26, 131, 455, 6, 0, 62.16%, 12, 0, 6, 453.35, 661229, 253, 103, 0
1517, 26, 222, 455, 6, 0, 62.16%, 12, 0, 6, 427.20, 663360, 253, 104, 0
1522, 26, 274, 455, 6, 0, 62.16%, 12, 0, 6, 458.93, 665709, 253, 104, 0
1528, 26, 348, 455, 6, 0, 62.16%, 12, 0, 6, 460.42, 668042, 253, 104, 0
1533, 26, 386, 455, 6, 0, 62.16%, 12, 0, 6, 456.61, 670383, 253, 105, 0
1538, 26, 395, 456, 6, 0, 62.16%, 12, 0, 6, 439.76, 672549, 253, 105, 0
1543, 26, 450, 456, 6, 0, 62.16%, 12, 0, 6, 448.59, 674882, 253, 105, 0
1548, 27, 456, 458, 6, 2, 62.65%, 12, 0, 6, 466.27, 677193, 255, 105, 0
1553, 28, 45, 458, 4, 0, 62.65%, 12, 0, 6, 432.53, 679307, 255, 105, 0
1558, 28, 170, 458, 4, 0, 62.65%, 12, 0, 6, 419.85, 681489, 255, 106, 0
1563, 28, 227, 458, 4, 0, 62.65%, 12, 0, 6, 447.72, 683715, 255, 106, 0
1568, 28, 299, 458, 4, 0, 62.65%, 12, 0, 6, 430.91, 685904, 255, 106, 0
1573, 28, 381, 458, 3, 0, 62.65%, 12, 0, 6, 429.46, 687997, 255, 106, 0
1578, 28, 442, 458, 3, 0, 62.65%, 12, 0, 6, 454.38, 690327, 255, 109, 0
1583, 28, 456, 459, 4, 0, 62.65%, 12, 0, 6, 450.34, 692589, 255, 114, 0
1588, 28, 456, 460, 5, 0, 62.65%, 12, 0, 6, 422.42, 694735, 255, 114, 0
1594, 28, 456, 461, 6, 0, 62.65%, 12, 0, 6, 418.57, 696838, 255, 114, 0
1599, 28, 456, 461, 6, 0, 62.65%, 12, 0, 6, 462.88, 699290, 255, 114, 0
1604, 29, 419, 464, 8, 1, 62.65%, 12, 0, 6, 458.26, 701686, 255, 114, 0
1609, 30, 11, 465, 7, 0, 62.65%, 12, 0, 6, 469.50, 704062, 255, 115, 0
1614, 30, 116, 465, 7, 0, 62.65%, 12, 0, 6, 437.37, 706263, 255, 116, 0
1619, 30, 227, 465, 7, 0, 62.65%, 12, 0, 6, 445.91, 708539, 255, 116, 0
1624, 30, 284, 465, 7, 0, 62.65%, 12, 0, 6, 442.84, 710733, 255, 116, 0
1629, 30, 384, 465, 7, 0, 62.65%, 12, 0, 6, 445.48, 712976, 255, 116, 0
1634, 30, 450, 465, 7, 0, 62.65%, 12, 0, 6, 454.40, 715284, 255, 120, 0
1639, 30, 458, 465, 7, 0, 62.65%, 12, 0, 6, 436.77, 717448, 255, 120, 0
1645, 31, 54, 466, 7, 0, 62.65%, 12, 0, 6, 461.26, 719848, 255, 120, 0
1650, 31, 217, 466, 7, 0, 62.65%, 12, 0, 6, 454.33, 722134, 255, 120, 0
1655, 31, 271, 466, 7, 0, 62.65%, 12, 0, 6, 445.13, 724317, 255, 120, 0
1660, 31, 385, 466, 7, 0, 62.65%, 12, 0, 6, 460.90, 726594, 255, 120, 0
1665, 31, 425, 466, 7, 0, 62.65%, 12, 0, 6, 435.94, 728779, 255, 122, 0
1670, 31, 456, 466, 5, 0, 62.65%, 12, 0, 6, 441.47, 731024, 255, 122, 0
1675, 31, 465, 467, 4, 0, 62.65%, 12, 0, 6, 444.51, 733298, 255, 122, 0
1680, 31, 467, 469, 4, 1, 62.65%, 12, 0, 6, 406.93, 735360, 255, 122, 0
1685, 31, 468, 471, 5, 0, 62.65%, 12, 0, 6, 419.92, 737518, 255, 122, 0
1690, 31, 468, 472, 6, 0, 62.65%, 12, 0, 6, 398.93, 739533, 255, 122, 0
1695, 32, 3, 473, 5, 0, 62.65%, 12, 0, 6, 403.06, 741583, 255, 122, 0
1700, 32, 157, 473, 5, 0, 62.65%, 12, 0, 6, 447.83, 743880, 255, 122, 0
1705, 32, 234, 473, 5, 0, 62.65%, 12, 0, 6, 450.59, 746149, 255, 122, 0
1710, 32, 300, 473, 5, 0, 62.65%, 12, 0, 6, 462.58, 748473, 255, 122, 0
1715, 32, 380, 473, 5, 0, 62.65%, 12, 0, 6, 441.80, 750690, 255, 122, 0
1720, 32, 424, 473, 5, 0, 62.65%, 12, 0, 6, 436.54, 752891, 255, 125, 0
1725, 32, 464, 473, 4, 0, 62.65%, 12, 0, 6, 421.23, 755000, 255, 125, 0
1731, 32, 471, 473, 4, 0, 62.65%, 12, 0, 6, 406.62, 757104, 255, 125, 0
1736, 33, 104, 473, 4, 0, 62.65%, 12, 0, 6, 435.93, 759337, 255, 125, 0
1741, 33, 190, 473, 4, 0, 62.65%, 12, 0, 6, 419.79, 761424, 255, 125, 0
1746, 33, 245, 473, 4, 0, 62.65%, 12, 0, 6, 383.43, 763374, 255, 125, 0
1751, 33, 344, 473, 4, 0, 62.65%, 12, 0, 6, 387.40, 765432, 255, 125, 0
1756, 33, 390, 473, 4, 0, 62.65%, 12, 0, 6, 406.82, 767572, 255, 129, 0
1761, 33, 432, 473, 4, 0, 62.65%, 12, 0, 6, 401.55, 769635, 255, 129, 0
1766, 33, 463, 473, 4, 0, 62.65%, 12, 0, 6, 429.41, 771826, 255, 134, 0
1771, 33, 472, 473, 3, 0, 62.65%, 12, 0, 6, 424.78, 773962, 255, 134, 0
1776, 34, 104, 473, 2, 0, 62.65%, 12, 0, 6, 417.10, 776068, 255, 134, 0
1781, 34, 227, 473, 2, 0, 62.65%, 12, 0, 6, 422.56, 778216, 255, 134, 0
1786, 34, 284, 473, 2, 0, 62.65%, 12, 0, 6, 434.25, 780393, 255, 134, 0
1792, 34, 386, 473, 2, 0, 62.65%, 12, 0, 6, 431.88, 782614, 255, 135, 0
1797, 34, 444, 473, 2, 0, 62.65%, 12, 0, 6, 404.47, 784632, 255, 136, 0
1802, 34, 470, 475, 4, 0, 62.65%, 12, 0, 6, 432.35, 786834, 255, 136, 0
1806, 34, 471, 476, 5, 0, 62.65%, 12, 0, 6, 415.94, 788794, 255, 136, 0
