# relative_time, cycles_done, cur_item, corpus_count, pending_total, pending_favs, map_size, saved_crashes, saved_hangs, max_depth, execs_per_sec, total_execs, edges_found, total_crashes, servers_count
61, 0, 9, 69, 64, 3, 30.47%, 0, 0, 2, 432.99, 27527, 124, 0, 0
66, 0, 9, 70, 65, 3, 30.47%, 0, 0, 2, 392.24, 29490, 124, 0, 0
71, 0, 9, 70, 65, 3, 30.47%, 0, 0, 2, 389.84, 31436, 124, 0, 0
76, 0, 9, 71, 66, 3, 30.47%, 0, 0, 2, 386.67, 33438, 124, 0, 0
81, 0, 9, 72, 67, 3, 30.47%, 0, 0, 2, 395.76, 35496, 124, 0, 0
87, 0, 9, 73, 68, 3, 30.47%, 0, 0, 2, 421.52, 37683, 124, 0, 0
92, 0, 9, 73, 68, 3, 30.47%, 0, 0, 2, 414.36, 39748, 124, 0, 0
97, 0, 9, 73, 68, 3, 30.47%, 0, 0, 2, 397.58, 41812, 124, 0, 0
102, 0, 9, 73, 68, 3, 30.47%, 0, 0, 2, 427.94, 44052, 124, 0, 0
107, 0, 9, 73, 68, 3, 30.47%, 0, 0, 2, 427.77, 46196, 124, 0, 0
112, 0, 9, 73, 68, 3, 30.47%, 0, 0, 2, 455.84, 48650, 124, 0, 0
117, 0, 9, 75, 70, 3, 30.47%, 0, 0, 2, 459.74, 50986, 124, 0, 0
122, 0, 9, 75, 70, 3, 30.47%, 0, 0, 2, 458.59, 53263, 124, 0, 0
127, 0, 19, 137, 131, 33, 44.72%, 0, 0, 2, 406.95, 55298, 182, 0, 0
132, 0, 109, 149, 142, 32, 45.45%, 0, 0, 2, 417.37, 57463, 185, 0, 0
137, 0, 109, 152, 145, 32, 45.45%, 0, 0, 2, 428.40, 59644, 185, 0, 0
142, 0, 109, 153, 146, 32, 45.45%, 0, 0, 2, 433.40, 61875, 185, 0, 0
148, 0, 109, 156, 149, 32, 45.45%, 0, 0, 2, 434.70, 64057, 185, 0, 0
153, 0, 109, 156, 149, 32, 45.45%, 0, 0, 2, 454.08, 66303, 185, 0, 0
158, 0, 109, 157, 150, 32, 45.45%, 0, 0, 2, 421.43, 68401, 185, 0, 0
163, 0, 24, 158, 143, 27, 45.70%, 0, 0, 3, 441.57, 70641, 186, 0, 0
168, 0, 3, 161, 145, 27, 46.19%, 0, 0, 3, 438.90, 72830, 188, 0, 0
173, 0, 78, 164, 147, 27, 46.19%, 0, 0, 3, 431.11, 75103, 188, 0, 0
178, 0, 161, 171, 153, 27, 46.68%, 0, 0, 3, 455.80, 77391, 190, 0, 0
183, 0, 122, 173, 154, 28, 47.42%, 0, 0, 3, 434.19, 79652, 193, 0, 0
188, 0, 122, 184, 165, 28, 47.42%, 1, 0, 3, 405.04, 81653, 193, 1, 0
193, 0, 122, 189, 170, 28, 47.42%, 1, 0, 3, 405.94, 83737, 193, 1, 0
198, 0, 122, 190, 171, 28, 47.42%, 1, 0, 3, 397.32, 85767, 193, 1, 0
203, 0, 122, 192, 173, 28, 47.42%, 1, 0, 3, 422.19, 87918, 193, 1, 0
208, 0, 122, 192, 173, 28, 47.42%, 1, 0, 3, 412.49, 90046, 193, 1, 0
213, 0, 122, 196, 177, 28, 47.42%, 1, 0, 3, 441.56, 92322, 193, 1, 0
218, 0, 122, 196, 177, 28, 47.42%, 1, 0, 3, 405.48, 94244, 193, 1, 0
223, 0, 122, 198, 179, 28, 47.42%, 1, 0, 3, 411.05, 96296, 193, 1, 0
229, 0, 122, 198, 179, 28, 47.42%, 1, 0, 3, 408.81, 98424, 193, 1, 0
234, 0, 122, 198, 179, 28, 47.42%, 1, 0, 3, 434.23, 100584, 193, 1, 0
239, 0, 122, 198, 179, 28, 47.42%, 1, 0, 3, 450.24, 102824, 193, 1, 0
244, 0, 122, 198, 179, 28, 47.42%, 1, 0, 3, 427.75, 105000, 193, 1, 0
249, 0, 122, 200, 181, 28, 47.42%, 1, 0, 3, 453.84, 107381, 193, 1, 0
254, 0, 122, 201, 182, 28, 47.42%, 1, 0, 3, 407.30, 109326, 193, 1, 0
259, 0, 122, 201, 182, 28, 47.42%, 1, 0, 3, 428.89, 111582, 193, 1, 0
264, 0, 122, 201, 182, 28, 47.42%, 1, 0, 3, 435.73, 113798, 193, 1, 0
269, 0, 122, 201, 182, 28, 47.42%, 1, 0, 3, 417.55, 115934, 193, 1, 0
274, 0, 122, 202, 183, 28, 47.42%, 1, 0, 3, 408.02, 117981, 193, 1, 0
279, 0, 182, 202, 182, 29, 47.42%, 1, 0, 3, 429.26, 120150, 193, 1, 0
284, 0, 170, 203, 181, 28, 47.42%, 1, 0, 3, 433.63, 122307, 193, 1, 0
289, 0, 135, 203, 179, 26, 47.42%, 1, 0, 3, 333.84, 124435, 193, 1, 0
295, 0, 163, 204, 178, 24, 47.42%, 1, 0, 3, 405.47, 126640, 193, 1, 0
300, 0, 228, 229, 202, 25, 47.91%, 1, 0, 3, 424.26, 128777, 195, 1, 0
305, 0, 126, 229, 201, 24, 47.91%, 1, 0, 3, 415.84, 130889, 195, 1, 0
310, 0, 126, 229, 201, 24, 47.91%, 1, 0, 3, 392.45, 132909, 195, 1, 0
315, 0, 169, 230, 199, 22, 48.16%, 1, 0, 3, 411.71, 134945, 196, 1, 0
320, 0, 227, 231, 199, 22, 48.40%, 1, 0, 4, 413.49, 137136, 197, 1, 0
325, 0, 171, 231, 198, 21, 48.40%, 1, 0, 4, 441.22, 139363, 197, 1, 0
330, 0, 176, 231, 197, 20, 48.40%, 1, 0, 4, 423.72, 141552, 197, 1, 0
335, 0, 176, 238, 204, 20, 48.40%, 1, 0, 4, 432.24, 143754, 197, 1, 0
340, 0, 176, 239, 205, 20, 48.40%, 1, 0, 4, 404.65, 145745, 197, 1, 0
345, 0, 176, 242, 208, 20, 48.40%, 1, 0, 4, 407.40, 147766, 197, 1, 0
350, 0, 176, 242, 208, 20, 48.40%, 1, 0, 4, 440.86, 150046, 197, 1, 0
355, 0, 216, 242, 207, 21, 48.40%, 1, 0, 4, 441.29, 152262, 197, 1, 0
361, 0, 191, 242, 205, 20, 48.40%, 1, 0, 4, 422.80, 154449, 197, 1, 0
366, 0, 191, 247, 210, 20, 48.40%, 1, 0, 4, 425.07, 156577, 197, 1, 0
371, 0, 191, 248, 211, 20, 48.40%, 1, 0, 4, 404.42, 158624, 197, 1, 0
376, 0, 191, 248, 211, 20, 48.40%, 1, 0, 4, 393.47, 160694, 197, 1, 0
381, 0, 191, 248, 211, 20, 48.40%, 1, 0, 4, 407.03, 162808, 197, 1, 0
386, 0, 191, 249, 212, 20, 48.65%, 1, 0, 4, 458.95, 165128, 198, 1, 0
391, 0, 191, 249, 212, 20, 48.65%, 1, 0, 4, 344.67, 167279, 198, 1, 0
396, 0, 191, 249, 212, 20, 48.65%, 1, 0, 4, 365.49, 169185, 198, 1, 0
401, 0, 191, 250, 213, 20, 48.65%, 1, 0, 4, 413.24, 171326, 198, 1, 0
406, 0, 191, 251, 214, 20, 48.65%, 1, 0, 4, 456.38, 173773, 198, 1, 0
411, 0, 191, 251, 214, 20, 48.65%, 1, 0, 4, 447.95, 176013, 198, 1, 0
417, 0, 191, 252, 215, 20, 48.65%, 1, 0, 4, 452.33, 178307, 198, 1, 0
422, 0, 191, 252, 215, 20, 48.65%, 1, 0, 4, 398.88, 180236, 198, 1, 0
427, 0, 191, 252, 215, 20, 48.65%, 1, 0, 4, 400.04, 182282, 198, 1, 0
432, 0, 191, 252, 215, 20, 48.65%, 1, 0, 4, 418.52, 184404, 198, 1, 0
437, 0, 191, 252, 215, 20, 48.65%, 1, 0, 4, 413.05, 186444, 198, 1, 0
442, 0, 191, 252, 215, 20, 48.65%, 1, 0, 4, 427.46, 188636, 198, 1, 0
447, 0, 191, 252, 215, 20, 48.65%, 1, 0, 4, 419.56, 190756, 198, 1, 0
452, 0, 191, 253, 216, 20, 48.65%, 1, 0, 4, 419.22, 192939, 198, 1, 0
457, 0, 248, 253, 215, 20, 48.65%, 1, 0, 4, 439.05, 195191, 198, 1, 0
462, 0, 230, 253, 213, 18, 48.65%, 1, 0, 4, 421.81, 197289, 198, 1, 0
467, 0, 74, 253, 211, 16, 48.65%, 1, 0, 4, 406.57, 199333, 198, 1, 0
472, 0, 236, 256, 212, 15, 48.65%, 1, 0, 4, 414.55, 201425, 198, 1, 0
477, 0, 105, 256, 207, 10, 48.65%, 1, 0, 4, 403.64, 203457, 198, 1, 0
482, 0, 105, 260, 211, 10, 48.89%, 1, 0, 4, 378.97, 205333, 199, 1, 0
487, 0, 105, 262, 213, 10, 48.89%, 1, 0, 4, 415.18, 207401, 199, 1, 0
493, 0, 105, 262, 213, 10, 48.89%, 1, 0, 4, 422.53, 209537, 199, 1, 0
498, 0, 105, 264, 215, 10, 48.89%, 1, 0, 4, 396.88, 211527, 199, 1, 0
503, 0, 105, 265, 216, 10, 48.89%, 1, 0, 4, 406.54, 213526, 199, 1, 0
508, 0, 105, 268, 219, 10, 48.89%, 1, 0, 4, 435.40, 215723, 199, 1, 0
513, 0, 105, 269, 220, 10, 48.89%, 1, 0, 4, 413.75, 217826, 199, 1, 0
518, 0, 105, 269, 220, 10, 48.89%, 1, 0, 4, 440.74, 220034, 199, 1, 0
523, 0, 105, 269, 220, 10, 48.89%, 1, 0, 4, 418.61, 222218, 199, 1, 0
528, 0, 105, 269, 220, 10, 48.89%, 1, 0, 4, 422.43, 224306, 199, 1, 0
533, 0, 105, 270, 221, 10, 48.89%, 1, 0, 4, 434.82, 226481, 199, 1, 0
538, 0, 105, 271, 222, 10, 48.89%, 1, 0, 4, 415.98, 228616, 199, 1, 0
543, 0, 105, 271, 222, 10, 48.89%, 1, 0, 4, 420.83, 230736, 199, 1, 0
548, 0, 158, 271, 220, 9, 48.89%, 1, 0, 4, 457.32, 233031, 199, 1, 0
553, 0, 75, 273, 218, 5, 48.89%, 1, 0, 4, 479.00, 235396, 199, 1, 0
558, 0, 241, 273, 214, 2, 48.89%, 1, 0, 4, 442.85, 237586, 199, 1, 0
564, 0, 153, 273, 210, 0, 48.89%, 1, 0, 4, 425.47, 239737, 199, 1, 0
569, 0, 225, 274, 209, 0, 48.89%, 1, 0, 4, 421.94, 241836, 199, 1, 0
574, 0, 245, 274, 206, 0, 48.89%, 1, 0, 4, 399.24, 243875, 199, 1, 0
579, 0, 179, 277, 206, 0, 48.89%, 1, 0, 4, 424.48, 246114, 199, 1, 0
584, 0, 179, 279, 208, 0, 48.89%, 1, 0, 4, 430.42, 248288, 199, 1, 0
589, 0, 179, 279, 208, 0, 48.89%, 1, 0, 4, 399.76, 250272, 199, 1, 0
594, 0, 179, 281, 210, 0, 48.89%, 1, 0, 4, 406.08, 252454, 199, 1, 0
599, 0, 179, 282, 211, 0, 48.89%, 1, 0, 4, 441.26, 254605, 199, 1, 0
604, 0, 179, 283, 212, 0, 48.89%, 1, 0, 4, 431.93, 256780, 199, 1, 0
609, 0, 92, 283, 211, 0, 48.89%, 1, 0, 4, 413.30, 258836, 199, 2, 0
615, 0, 168, 283, 210, 0, 48.89%, 1, 0, 4, 411.91, 260901, 199, 2, 0
620, 0, 145, 284, 209, 0, 48.89%, 1, 0, 4, 404.38, 262991, 199, 2, 0
625, 0, 22, 285, 209, 0, 48.89%, 1, 0, 4, 398.53, 265071, 199, 2, 0
630, 0, 92, 286, 205, 0, 48.89%, 1, 0, 4, 381.98, 267048, 199, 2, 0
635, 0, 182, 286, 203, 0, 48.89%, 1, 0, 4, 428.42, 269184, 199, 2, 0
640, 0, 126, 287, 200, 0, 48.89%, 1, 0, 4, 405.28, 271209, 199, 2, 0
645, 0, 281, 287, 199, 0, 48.89%, 1, 0, 4, 389.28, 273230, 199, 2, 0
650, 0, 32, 287, 197, 0, 48.89%, 1, 0, 4, 424.77, 275418, 199, 2, 0
655, 0, 271, 287, 194, 0, 48.89%, 1, 0, 4, 416.95, 277467, 199, 2, 0
660, 0, 182, 287, 188, 0, 48.89%, 1, 0, 4, 433.77, 279863, 199, 2, 0
665, 0, 246, 287, 186, 0, 48.89%, 1, 0, 4, 385.60, 281841, 199, 2, 0
670, 0, 241, 287, 184, 0, 48.89%, 1, 0, 4, 429.45, 284089, 199, 2, 0
675, 0, 20, 287, 182, 0, 48.89%, 1, 0, 4, 419.64, 286242, 199, 2, 0
681, 0, 77, 287, 180, 0, 48.89%, 1, 0, 4, 409.93, 288291, 199, 2, 0
686, 0, 228, 287, 177, 0, 48.89%, 1, 0, 4, 383.22, 290252, 199, 2, 0
691, 0, 172, 287, 174, 0, 48.89%, 1, 0, 4, 444.14, 292491, 199, 2, 0
696, 0, 202, 288, 173, 0, 48.89%, 1, 0, 4, 448.13, 294717, 199, 2, 0
701, 0, 158, 289, 172, 0, 48.89%, 1, 0, 4, 417.65, 296761, 199, 2, 0
706, 0, 216, 289, 169, 0, 48.89%, 1, 0, 4, 402.85, 298760, 199, 2, 0
711, 0, 13, 291, 168, 0, 48.89%, 1, 0, 4, 435.56, 300942, 199, 2, 0
716, 0, 29, 291, 167, 0, 48.89%, 1, 0, 4, 435.43, 303097, 199, 2, 0
721, 0, 189, 291, 164, 0, 48.89%, 1, 0, 4, 428.02, 305248, 199, 2, 0
726, 0, 80, 291, 161, 0, 48.89%, 1, 0, 4, 390.72, 307239, 199, 2, 0
731, 0, 204, 291, 158, 0, 48.89%, 1, 0, 4, 399.72, 309322, 199, 2, 0
736, 1, 205, 291, 154, 0, 48.89%, 1, 0, 4, 413.95, 311426, 199, 2, 0
741, 1, 276, 291, 151, 0, 48.89%, 1, 0, 4, 423.65, 313505, 199, 2, 0
747, 1, 282, 291, 148, 0, 48.89%, 1, 0, 4, 407.87, 315582, 199, 2, 0
752, 1, 167, 291, 146, 0, 48.89%, 1, 0, 4, 406.15, 317652, 199, 2, 0
757, 1, 238, 291, 144, 0, 48.89%, 1, 0, 4, 405.32, 319801, 199, 2, 0
762, 1, 239, 293, 145, 0, 48.89%, 1, 0, 4, 422.08, 321909, 199, 2, 0
767, 1, 47, 293, 142, 0, 48.89%, 1, 0, 4, 417.01, 323973, 199, 2, 0
772, 1, 184, 293, 138, 0, 48.89%, 1, 0, 4, 432.01, 326205, 199, 2, 0
777, 1, 296, 297, 137, 2, 49.63%, 1, 0, 4, 419.70, 328366, 202, 2, 0
782, 1, 294, 297, 134, 0, 49.63%, 1, 0, 4, 413.70, 330475, 202, 2, 0
787, 1, 131, 297, 129, 0, 49.63%, 1, 0, 4, 405.06, 332566, 202, 2, 0
793, 1, 297, 299, 130, 1, 49.88%, 1, 0, 4, 381.31, 334502, 203, 2, 0
798, 1, 287, 301, 130, 0, 49.88%, 1, 0, 4, 407.91, 336672, 203, 2, 0
803, 1, 164, 301, 128, 0, 49.88%, 1, 0, 4, 408.67, 338845, 203, 2, 0
808, 1, 187, 301, 126, 0, 49.88%, 1, 0, 4, 409.61, 340982, 203, 2, 0
813, 1, 116, 301, 122, 0, 49.88%, 1, 0, 4, 410.62, 343119, 203, 2, 0
818, 1, 196, 301, 118, 0, 49.88%, 1, 0, 4, 397.03, 345148, 203, 2, 0
823, 1, 182, 301, 115, 0, 49.88%, 1, 0, 4, 388.10, 347152, 203, 2, 0
828, 1, 268, 301, 112, 0, 49.88%, 1, 0, 4, 413.29, 349233, 203, 2, 0
833, 1, 165, 302, 111, 0, 50.12%, 1, 0, 4, 402.77, 351344, 204, 2, 0
838, 1, 214, 302, 109, 0, 50.12%, 1, 0, 4, 408.37, 353413, 204, 2, 0
844, 1, 21, 302, 107, 0, 50.12%, 1, 0, 4, 391.30, 355406, 204, 2, 0
849, 1, 129, 302, 105, 0, 50.12%, 1, 0, 4, 423.83, 357576, 204, 2, 0
854, 1, 136, 302, 101, 0, 50.12%, 1, 0, 4, 400.79, 359636, 204, 2, 0
859, 1, 200, 310, 108, 0, 50.12%, 1, 0, 4, 397.71, 361642, 204, 2, 0
864, 1, 200, 313, 111, 0, 50.12%, 1, 0, 4, 408.76, 363738, 204, 2, 0
869, 1, 200, 313, 111, 0, 50.12%, 1, 0, 4, 376.26, 365674, 204, 2, 0
874, 1, 200, 315, 113, 0, 50.12%, 1, 0, 4, 359.87, 367487, 204, 2, 0
879, 1, 222, 315, 109, 0, 50.12%, 1, 0, 4, 360.66, 369308, 204, 2, 0
884, 1, 7, 315, 108, 0, 50.12%, 1, 0, 4, 372.80, 371196, 204, 2, 0
889, 1, 254, 315, 105, 0, 50.12%, 1, 0, 4, 391.70, 373167, 204, 2, 0
894, 1, 268, 315, 103, 0, 50.12%, 1, 0, 4, 417.21, 375310, 204, 2, 0
900, 1, 312, 315, 101, 0, 50.12%, 1, 0, 4, 423.71, 377441, 204, 2, 0
904, 1, 0, 315, 99, 0, 50.12%, 1, 0, 4, 385.21, 379229, 204, 2, 0
