# relative_time, cycles_done, cur_item, corpus_count, pending_total, pending_favs, map_size, saved_crashes, saved_hangs, max_depth, execs_per_sec, total_execs, edges_found, total_crashes, servers_count
60, 0, 9, 87, 82, 4, 30.96%, 0, 0, 2, 454.35, 27271, 126, 0, 0
65, 0, 9, 88, 83, 4, 30.96%, 0, 0, 2, 445.66, 29520, 126, 0, 0
70, 0, 9, 88, 83, 4, 30.96%, 0, 0, 2, 444.35, 31737, 126, 0, 0
76, 0, 9, 90, 85, 4, 30.96%, 0, 0, 2, 410.92, 33831, 126, 0, 0
81, 0, 9, 90, 85, 4, 30.96%, 0, 0, 2, 428.60, 35975, 126, 0, 0
86, 0, 9, 91, 86, 4, 30.96%, 0, 0, 2, 425.75, 38094, 126, 0, 0
91, 0, 9, 92, 87, 4, 30.96%, 0, 0, 2, 449.08, 40429, 126, 0, 0
96, 0, 9, 92, 87, 4, 30.96%, 0, 0, 2, 451.90, 42765, 126, 0, 0
101, 0, 9, 92, 87, 4, 30.96%, 0, 0, 2, 437.84, 44949, 126, 0, 0
106, 0, 9, 92, 87, 4, 30.96%, 0, 0, 2, 439.64, 47157, 126, 0, 0
111, 0, 9, 93, 88, 4, 30.96%, 0, 0, 2, 423.62, 49341, 126, 0, 0
116, 0, 9, 95, 90, 4, 30.96%, 0, 0, 2, 428.16, 51515, 126, 0, 0
121, 0, 9, 95, 90, 4, 30.96%, 0, 0, 2, 445.58, 53771, 126, 0, 0
126, 0, 45, 137, 125, 25, 36.12%, 0, 0, 3, 419.15, 55891, 147, 0, 0
131, 0, 80, 144, 131, 24, 36.12%, 0, 0, 3, 433.29, 58102, 147, 0, 0
136, 0, 80, 145, 132, 24, 36.12%, 0, 0, 3, 485.91, 60575, 147, 0, 0
141, 0, 80, 145, 132, 24, 36.12%, 0, 0, 3, 464.44, 63005, 147, 0, 0
146, 0, 80, 145, 132, 24, 36.12%, 0, 0, 3, 446.30, 65282, 147, 0, 0
151, 0, 80, 146, 133, 24, 36.12%, 0, 0, 3, 440.31, 67524, 147, 0, 0
157, 0, 104, 146, 131, 23, 36.12%, 0, 0, 3, 439.14, 69740, 147, 0, 0
162, 0, 3, 147, 129, 21, 36.36%, 0, 0, 3, 443.60, 72031, 148, 0, 0
167, 0, 147, 176, 157, 22, 44.47%, 0, 0, 3, 450.12, 74318, 181, 0, 0
172, 0, 175, 181, 161, 28, 44.47%, 0, 0, 4, 444.82, 76644, 181, 0, 0
177, 0, 149, 182, 161, 27, 44.47%, 0, 0, 4, 445.47, 78907, 181, 0, 0
182, 0, 156, 182, 158, 24, 44.47%, 0, 0, 4, 470.26, 81343, 181, 0, 0
187, 0, 183, 186, 161, 24, 44.47%, 0, 0, 4, 482.78, 83811, 181, 0, 0
192, 0, 155, 194, 167, 22, 44.47%, 0, 0, 4, 413.24, 85936, 181, 0, 0
197, 0, 0, 194, 164, 20, 44.47%, 0, 0, 4, 431.62, 88080, 181, 0, 0
203, 0, 106, 194, 162, 18, 44.47%, 0, 0, 4, 445.49, 90338, 181, 0, 0
208, 0, 105, 194, 159, 15, 44.47%, 0, 0, 4, 464.48, 92728, 181, 0, 0
213, 0, 105, 203, 168, 15, 45.70%, 1, 0, 4, 453.29, 94927, 186, 1, 0
218, 0, 105, 209, 174, 15, 45.70%, 1, 0, 4, 428.39, 97049, 186, 1, 0
223, 0, 105, 213, 178, 15, 45.70%, 1, 0, 4, 456.05, 99355, 186, 1, 0
228, 0, 105, 214, 179, 15, 45.70%, 1, 0, 4, 437.74, 101550, 186, 1, 0
233, 0, 105, 214, 179, 15, 45.70%, 1, 0, 4, 461.28, 103890, 186, 1, 0
238, 0, 105, 215, 180, 15, 45.70%, 1, 0, 4, 462.32, 106201, 186, 1, 0
243, 0, 105, 216, 181, 15, 45.70%, 1, 0, 4, 441.65, 108412, 186, 1, 0
248, 0, 105, 216, 181, 15, 45.70%, 1, 0, 4, 449.44, 110708, 186, 1, 0
253, 0, 105, 216, 181, 15, 45.70%, 1, 0, 4, 442.02, 112932, 186, 1, 0
258, 0, 105, 216, 181, 15, 45.70%, 1, 0, 4, 440.63, 115220, 186, 1, 0
263, 0, 105, 216, 181, 15, 45.70%, 1, 0, 4, 412.27, 117308, 186, 1, 0
269, 0, 105, 216, 181, 15, 45.70%, 1, 0, 4, 449.03, 119580, 186, 1, 0
274, 0, 105, 216, 181, 15, 45.70%, 1, 0, 4, 433.97, 121700, 186, 1, 0
279, 0, 105, 217, 182, 15, 45.70%, 1, 0, 4, 438.57, 123843, 186, 1, 0
284, 0, 105, 217, 182, 15, 45.70%, 1, 0, 4, 437.43, 126059, 186, 1, 0
289, 0, 105, 217, 182, 15, 45.70%, 1, 0, 4, 453.05, 128291, 186, 1, 0
294, 0, 105, 218, 183, 15, 45.70%, 1, 0, 4, 461.37, 130630, 186, 1, 0
299, 0, 163, 218, 182, 16, 45.70%, 1, 0, 4, 438.30, 132858, 186, 2, 0
304, 0, 159, 220, 182, 14, 45.70%, 1, 0, 4, 462.44, 135222, 186, 2, 0
309, 0, 159, 238, 200, 14, 45.95%, 1, 0, 4, 451.67, 137527, 187, 2, 0
314, 0, 225, 238, 198, 15, 45.95%, 1, 0, 4, 453.80, 139765, 187, 2, 0
319, 0, 197, 243, 202, 14, 45.95%, 1, 0, 4, 453.82, 142035, 187, 2, 0
324, 0, 237, 246, 204, 14, 45.95%, 1, 0, 5, 460.34, 144324, 187, 2, 0
329, 0, 237, 249, 207, 14, 45.95%, 1, 0, 5, 444.38, 146602, 187, 2, 0
334, 0, 237, 249, 207, 14, 45.95%, 1, 0, 5, 454.19, 148917, 187, 2, 0
340, 0, 237, 249, 207, 14, 45.95%, 1, 0, 5, 449.50, 151194, 187, 2, 0
345, 0, 243, 249, 206, 14, 45.95%, 1, 0, 5, 438.75, 153394, 187, 2, 0
350, 0, 102, 253, 209, 13, 46.44%, 1, 0, 5, 433.40, 155629, 189, 2, 0
355, 0, 52, 253, 206, 12, 46.44%, 1, 0, 5, 443.26, 157888, 189, 2, 0
360, 0, 131, 259, 211, 11, 46.44%, 1, 0, 5, 453.40, 160240, 189, 2, 0
365, 0, 131, 264, 216, 11, 46.44%, 1, 0, 5, 446.48, 162592, 189, 2, 0
370, 0, 131, 264, 216, 11, 46.44%, 1, 0, 5, 432.20, 164776, 189, 2, 0
375, 0, 131, 264, 216, 11, 46.44%, 1, 0, 5, 468.60, 167259, 189, 2, 0
380, 0, 131, 265, 217, 11, 46.44%, 1, 0, 5, 454.17, 169543, 189, 2, 0
385, 0, 251, 265, 215, 10, 46.44%, 1, 0, 5, 443.12, 171806, 189, 2, 0
390, 0, 251, 271, 221, 10, 46.44%, 1, 0, 5, 455.48, 174153, 189, 2, 0
395, 0, 251, 277, 227, 10, 46.44%, 1, 0, 5, 452.66, 176463, 189, 2, 0
400, 0, 251, 277, 227, 10, 46.44%, 1, 0, 5, 443.31, 178707, 189, 2, 0
405, 0, 251, 277, 227, 10, 46.44%, 1, 0, 5, 458.88, 181026, 189, 2, 0
410, 0, 70, 278, 226, 9, 46.44%, 1, 0, 5, 454.09, 183262, 189, 2, 0
416, 0, 129, 281, 226, 6, 46.44%, 1, 0, 5, 458.18, 185574, 189, 2, 0
421, 0, 108, 283, 227, 5, 46.44%, 1, 0, 5, 442.46, 187808, 189, 2, 0
426, 0, 108, 283, 227, 5, 46.44%, 1, 0, 5, 399.38, 189768, 189, 2, 0
431, 0, 108, 283, 227, 5, 46.44%, 1, 0, 5, 389.58, 191736, 189, 2, 0
436, 0, 194, 283, 222, 3, 46.44%, 1, 0, 5, 446.51, 194007, 189, 2, 0
441, 0, 250, 284, 222, 2, 46.44%, 1, 0, 5, 452.06, 196137, 189, 2, 0
446, 0, 100, 284, 219, 1, 46.44%, 1, 0, 5, 452.04, 198492, 189, 2, 0
451, 0, 199, 284, 215, 0, 46.44%, 1, 0, 5, 445.40, 200728, 189, 2, 0
456, 0, 169, 285, 215, 0, 46.44%, 1, 0, 5, 469.98, 203088, 189, 2, 0
461, 0, 183, 285, 213, 0, 46.44%, 1, 0, 5, 453.38, 205345, 189, 2, 0
466, 0, 148, 285, 211, 0, 46.44%, 1, 0, 5, 458.38, 207743, 189, 2, 0
471, 0, 49, 285, 208, 0, 46.44%, 1, 0, 5, 451.33, 209998, 189, 2, 0
476, 0, 115, 285, 207, 0, 46.44%, 1, 0, 5, 449.37, 212255, 189, 2, 0
481, 0, 203, 286, 205, 0, 46.44%, 1, 0, 5, 472.12, 214658, 189, 2, 0
486, 0, 30, 286, 202, 0, 46.44%, 1, 0, 5, 414.25, 216661, 189, 2, 0
492, 0, 215, 286, 199, 0, 46.44%, 1, 0, 5, 430.36, 218794, 189, 2, 0
497, 0, 31, 286, 196, 0, 46.44%, 1, 0, 5, 423.10, 221049, 189, 2, 0
502, 0, 175, 286, 192, 0, 46.44%, 1, 0, 5, 442.52, 223312, 189, 2, 0
507, 0, 179, 286, 191, 0, 46.44%, 1, 0, 5, 469.63, 225684, 189, 2, 0
512, 0, 8, 288, 191, 0, 46.44%, 1, 0, 5, 449.56, 227915, 189, 2, 0
517, 0, 226, 289, 191, 0, 46.44%, 1, 0, 5, 447.75, 230150, 189, 2, 0
522, 0, 153, 290, 190, 0, 46.68%, 1, 0, 6, 459.35, 232476, 190, 2, 0
527, 0, 154, 290, 188, 0, 46.68%, 1, 0, 6, 452.88, 234711, 190, 2, 0
532, 0, 272, 290, 187, 0, 46.68%, 1, 0, 6, 437.78, 236954, 190, 2, 0
537, 0, 236, 291, 186, 0, 46.68%, 1, 0, 6, 450.32, 239283, 190, 2, 0
542, 0, 109, 291, 184, 0, 46.68%, 1, 0, 6, 447.65, 241587, 190, 2, 0
547, 0, 117, 291, 182, 0, 46.68%, 1, 0, 6, 442.68, 243879, 190, 2, 0
553, 0, 138, 291, 180, 0, 46.68%, 1, 0, 6, 430.58, 246139, 190, 2, 0
558, 0, 258, 291, 179, 0, 46.68%, 1, 0, 6, 430.74, 248274, 190, 2, 0
563, 0, 223, 291, 177, 0, 46.68%, 1, 0, 6, 432.49, 250488, 190, 2, 0
568, 0, 90, 291, 174, 0, 46.68%, 1, 0, 6, 449.03, 252815, 190, 2, 0
573, 0, 291, 292, 171, 1, 46.68%, 1, 0, 6, 452.64, 255136, 190, 2, 0
578, 0, 48, 292, 167, 0, 46.68%, 1, 0, 6, 461.45, 257455, 190, 2, 0
583, 0, 292, 294, 165, 1, 46.68%, 1, 0, 6, 472.08, 259874, 190, 2, 0
588, 0, 245, 296, 162, 0, 46.68%, 1, 0, 6, 449.62, 262117, 190, 2, 0
593, 1, 64, 296, 159, 0, 46.68%, 1, 0, 6, 421.22, 264226, 190, 2, 0
598, 1, 231, 296, 156, 0, 46.68%, 1, 0, 6, 422.04, 266341, 190, 2, 0
603, 1, 42, 296, 154, 0, 46.68%, 1, 0, 6, 436.05, 268553, 190, 2, 0
608, 1, 220, 296, 151, 0, 46.68%, 1, 0, 6, 454.63, 270857, 190, 2, 0
613, 1, 211, 297, 149, 0, 46.68%, 1, 0, 6, 415.18, 272901, 190, 2, 0
618, 1, 195, 297, 143, 0, 46.68%, 1, 0, 6, 433.64, 275164, 190, 2, 0
624, 1, 224, 298, 142, 0, 46.68%, 1, 0, 6, 431.09, 277331, 190, 2, 0
629, 1, 298, 299, 141, 1, 46.93%, 1, 0, 6, 406.00, 279398, 191, 2, 0
634, 1, 298, 299, 141, 1, 46.93%, 1, 0, 6, 433.90, 281631, 191, 2, 0
639, 1, 298, 299, 141, 1, 46.93%, 1, 0, 6, 433.87, 283751, 191, 2, 0
644, 1, 298, 299, 141, 1, 46.93%, 1, 0, 6, 420.35, 285879, 191, 2, 0
649, 1, 298, 299, 141, 1, 46.93%, 1, 0, 6, 420.52, 288023, 191, 2, 0
654, 1, 161, 299, 137, 0, 46.93%, 1, 0, 6, 434.44, 290176, 191, 2, 0
659, 1, 139, 299, 135, 0, 46.93%, 1, 0, 6, 429.87, 292365, 191, 2, 0
664, 1, 78, 300, 132, 0, 46.93%, 1, 0, 6, 433.27, 294650, 191, 2, 0
669, 1, 185, 300, 130, 0, 46.93%, 1, 0, 6, 452.28, 296951, 191, 2, 0
675, 1, 232, 300, 126, 0, 46.93%, 1, 0, 6, 450.15, 299275, 191, 2, 0
680, 1, 50, 300, 122, 0, 46.93%, 1, 0, 6, 467.53, 301626, 191, 2, 0
685, 1, 275, 301, 121, 0, 46.93%, 1, 0, 6, 458.25, 303922, 191, 2, 0
690, 1, 246, 301, 119, 0, 46.93%, 1, 0, 6, 449.99, 306204, 191, 2, 0
695, 1, 106, 301, 116, 0, 46.93%, 1, 0, 6, 409.76, 308291, 191, 2, 0
700, 1, 150, 301, 114, 0, 46.93%, 1, 0, 6, 433.03, 310522, 191, 2, 0
705, 1, 196, 308, 120, 0, 46.93%, 1, 0, 6, 439.69, 312746, 191, 2, 0
710, 1, 196, 312, 124, 0, 46.93%, 1, 0, 6, 433.34, 314974, 191, 2, 0
715, 1, 196, 312, 124, 0, 46.93%, 1, 0, 6, 461.79, 317329, 191, 2, 0
720, 1, 196, 313, 125, 0, 46.93%, 1, 0, 6, 447.04, 319581, 191, 2, 0
725, 1, 35, 313, 124, 0, 46.93%, 1, 0, 6, 450.52, 321825, 191, 2, 0
730, 1, 308, 313, 121, 0, 46.93%, 1, 0, 6, 463.16, 324184, 191, 2, 0
735, 1, 306, 313, 116, 0, 46.93%, 1, 0, 6, 434.28, 326366, 191, 2, 0
740, 1, 18, 314, 114, 0, 46.93%, 1, 0, 6, 465.39, 328753, 191, 2, 0
745, 1, 234, 314, 111, 0, 46.93%, 1, 0, 6, 437.03, 330877, 191, 2, 0
750, 1, 234, 319, 116, 0, 46.93%, 1, 0, 6, 442.85, 333094, 191, 2, 0
755, 1, 234, 319, 116, 0, 46.93%, 1, 0, 6, 421.62, 335196, 191, 2, 0
760, 1, 234, 319, 116, 0, 46.93%, 1, 0, 6, 408.89, 337244, 191, 2, 0
766, 1, 174, 321, 115, 0, 46.93%, 1, 0, 6, 428.54, 339425, 191, 2, 0
771, 1, 227, 321, 113, 0, 46.93%, 1, 0, 6, 448.57, 341731, 191, 2, 0
776, 1, 52, 321, 109, 0, 46.93%, 1, 0, 6, 447.49, 343997, 191, 2, 0
781, 1, 31, 321, 107, 0, 46.93%, 1, 0, 6, 435.29, 346132, 191, 2, 0
786, 1, 228, 321, 102, 0, 46.93%, 1, 0, 6, 460.56, 348520, 191, 2, 0
791, 1, 152, 322, 99, 0, 46.93%, 1, 0, 6, 446.69, 350712, 191, 2, 0
796, 1, 305, 322, 97, 0, 46.93%, 1, 0, 6, 458.55, 353030, 191, 2, 0
801, 1, 316, 322, 93, 0, 46.93%, 1, 0, 6, 467.91, 355432, 191, 2, 0
806, 1, 233, 324, 93, 0, 47.42%, 1, 0, 6, 457.01, 357804, 193, 2, 0
811, 1, 286, 326, 94, 0, 47.42%, 1, 0, 6, 442.41, 359987, 193, 2, 0
816, 1, 153, 326, 91, 0, 47.42%, 1, 0, 6, 416.61, 362133, 193, 2, 0
821, 1, 99, 326, 90, 0, 47.42%, 1, 0, 6, 420.36, 364251, 193, 2, 0
826, 1, 276, 326, 87, 0, 47.42%, 1, 0, 6, 425.13, 366413, 193, 2, 0
831, 1, 170, 326, 84, 0, 47.42%, 1, 0, 6, 411.57, 368512, 193, 2, 0
836, 1, 191, 326, 82, 0, 47.42%, 1, 0, 6, 444.51, 370827, 193, 2, 0
841, 1, 289, 326, 79, 0, 47.42%, 1, 0, 6, 431.13, 372962, 193, 2, 0
847, 1, 271, 326, 76, 0, 47.42%, 1, 0, 6, 437.93, 375237, 193, 2, 0
852, 1, 315, 326, 74, 0, 47.42%, 1, 0, 6, 439.69, 377581, 193, 2, 0
857, 1, 171, 326, 72, 0, 47.42%, 1, 0, 6, 443.37, 379839, 193, 2, 0
862, 1, 212, 326, 69, 0, 47.42%, 1, 0, 6, 446.26, 382079, 193, 2, 0
867, 1, 204, 326, 67, 0, 47.42%, 1, 0, 6, 447.52, 384374, 193, 2, 0
872, 1, 165, 326, 65, 0, 47.42%, 1, 0, 6, 447.40, 386667, 193, 2, 0
877, 1, 213, 326, 63, 0, 47.42%, 1, 0, 6, 460.47, 388958, 193, 2, 0
882, 1, 300, 326, 60, 0, 47.42%, 1, 0, 6, 460.91, 391262, 193, 2, 0
887, 1, 274, 326, 58, 0, 47.42%, 1, 0, 6, 456.97, 393617, 193, 2, 0
892, 1, 307, 326, 56, 0, 47.42%, 1, 0, 6, 453.52, 395926, 193, 2, 0
897, 1, 325, 326, 54, 0, 47.42%, 1, 0, 6, 437.05, 398123, 193, 3, 0
903, 1, 151, 327, 53, 0, 47.42%, 1, 0, 6, 442.17, 400406, 193, 3, 0
908, 1, 322, 328, 52, 0, 47.42%, 1, 0, 6, 452.01, 402689, 193, 3, 0
913, 1, 226, 328, 51, 0, 47.42%, 1, 0, 6, 441.99, 404903, 193, 3, 0
918, 1, 267, 329, 50, 0, 47.42%, 1, 0, 6, 429.44, 407119, 193, 3, 0
923, 1, 230, 329, 47, 0, 47.42%, 1, 0, 6, 411.87, 409237, 193, 3, 0
928, 1, 186, 329, 46, 0, 47.42%, 1, 0, 6, 433.69, 411444, 193, 3, 0
933, 1, 298, 329, 41, 0, 47.42%, 1, 0, 6, 422.02, 413609, 193, 3, 0
938, 1, 330, 333, 42, 1, 48.16%, 1, 0, 6, 445.05, 415939, 196, 3, 0
943, 1, 11, 384, 91, 0, 59.71%, 1, 0, 6, 453.55, 418347, 243, 3, 0
948, 2, 342, 484, 190, 17, 60.44%, 1, 0, 6, 415.56, 420430, 246, 3, 0
953, 2, 436, 484, 189, 16, 60.44%, 1, 0, 6, 439.07, 422682, 246, 3, 0
958, 2, 453, 484, 188, 15, 60.44%, 1, 0, 6, 436.65, 424896, 246, 3, 0
964, 2, 443, 484, 187, 14, 60.44%, 1, 0, 6, 460.69, 427304, 246, 3, 0
969, 2, 364, 484, 186, 14, 60.44%, 1, 0, 6, 443.42, 429554, 246, 3, 0
974, 2, 370, 484, 184, 12, 60.44%, 1, 0, 6, 445.55, 431897, 246, 3, 0
979, 2, 374, 484, 182, 10, 60.44%, 1, 0, 6, 462.17, 434245, 246, 3, 0
984, 2, 359, 484, 180, 8, 60.44%, 1, 0, 6, 459.06, 436588, 246, 3, 0
989, 2, 473, 484, 179, 7, 60.44%, 1, 0, 6, 445.37, 438836, 246, 3, 0
994, 2, 336, 484, 177, 5, 60.44%, 1, 0, 6, 445.67, 441103, 246, 3, 0
999, 2, 334, 484, 175, 3, 60.44%, 1, 0, 6, 428.05, 443265, 246, 3, 0
1004, 2, 335, 484, 173, 1, 60.44%, 1, 0, 6, 446.53, 445546, 246, 3, 0
1009, 2, 385, 484, 171, 0, 60.44%, 1, 0, 6, 467.48, 447959, 246, 3, 0
1014, 2, 446, 484, 169, 0, 60.44%, 1, 0, 6, 448.64, 450186, 246, 3, 0
1019, 2, 157, 484, 167, 0, 60.44%, 1, 0, 6, 455.65, 452464, 246, 3, 0
1024, 2, 462, 484, 164, 0, 60.44%, 1, 0, 6, 451.92, 454735, 246, 3, 0
1030, 2, 438, 484, 162, 0, 60.44%, 3, 0, 6, 432.68, 456941, 246, 8, 0
1035, 2, 334, 484, 160, 0, 60.44%, 3, 0, 6, 435.23, 459147, 246, 8, 0
1040, 2, 345, 484, 159, 0, 60.44%, 3, 0, 6, 430.01, 461343, 246, 8, 0
1045, 2, 242, 484, 156, 0, 60.44%, 3, 0, 6, 450.60, 463689, 246, 8, 0
1050, 2, 433, 484, 154, 0, 60.44%, 3, 0, 6, 431.02, 465949, 246, 8, 0
1055, 2, 449, 484, 151, 0, 60.44%, 3, 0, 6, 455.00, 468239, 246, 8, 0
1060, 2, 410, 484, 149, 0, 60.44%, 3, 0, 6, 436.67, 470453, 246, 8, 0
1065, 2, 363, 484, 147, 0, 60.44%, 3, 0, 6, 470.07, 472889, 246, 8, 0
1070, 2, 467, 484, 145, 0, 60.44%, 3, 0, 6, 459.39, 475143, 246, 8, 0
1075, 2, 470, 484, 143, 0, 60.44%, 3, 0, 6, 443.65, 477350, 246, 8, 0
1080, 2, 427, 484, 141, 0, 60.44%, 3, 0, 6, 450.95, 479599, 246, 8, 0
1085, 2, 138, 484, 138, 0, 60.44%, 3, 0, 6, 444.79, 481851, 246, 8, 0
1091, 2, 123, 484, 135, 0, 60.44%, 3, 0, 6, 462.78, 484202, 246, 10, 0
1096, 2, 400, 484, 131, 0, 60.44%, 3, 0, 6, 468.78, 486608, 246, 10, 0
1101, 2, 320, 484, 130, 0, 60.44%, 4, 0, 6, 457.22, 488874, 246, 12, 0
1106, 2, 458, 484, 128, 0, 60.44%, 4, 0, 6, 453.76, 491180, 246, 12, 0
1111, 2, 137, 484, 125, 0, 60.44%, 4, 0, 6, 451.33, 493521, 246, 14, 0
1116, 2, 366, 484, 123, 0, 60.44%, 4, 0, 6, 423.24, 495699, 246, 15, 0
1121, 2, 370, 484, 120, 0, 60.44%, 4, 0, 6, 443.08, 497966, 246, 15, 0
1126, 2, 429, 484, 119, 0, 60.44%, 4, 0, 6, 452.37, 500281, 246, 15, 0
1131, 2, 431, 484, 117, 0, 60.44%, 4, 0, 6, 441.64, 502445, 246, 15, 0
1137, 2, 112, 484, 114, 0, 60.44%, 4, 0, 6, 435.84, 504688, 246, 15, 0
1142, 2, 394, 484, 112, 0, 60.44%, 4, 0, 6, 448.23, 506969, 246, 18, 0
1147, 2, 184, 484, 110, 0, 60.44%, 4, 0, 6, 436.90, 509169, 246, 18, 0
1152, 2, 300, 484, 108, 0, 60.44%, 4, 0, 6, 433.90, 511312, 246, 18, 0
1157, 2, 177, 484, 107, 0, 60.44%, 4, 0, 6, 464.12, 513746, 246, 18, 0
1162, 2, 379, 484, 105, 0, 60.44%, 4, 0, 6, 441.35, 515943, 246, 18, 0
1167, 2, 390, 484, 104, 0, 60.44%, 4, 0, 6, 441.64, 518186, 246, 18, 0
1172, 2, 319, 485, 103, 0, 60.44%, 4, 0, 6, 461.54, 520517, 246, 18, 0
1177, 2, 426, 485, 101, 0, 60.44%, 4, 0, 6, 447.62, 522754, 246, 18, 0
1182, 2, 283, 485, 99, 0, 60.44%, 4, 0, 6, 429.16, 524807, 246, 18, 0
1187, 2, 473, 485, 97, 0, 60.44%, 4, 0, 6, 418.93, 526872, 246, 18, 0
1192, 2, 444, 485, 94, 0, 60.44%, 4, 0, 6, 424.72, 529026, 246, 18, 0
1197, 2, 399, 485, 93, 0, 60.44%, 4, 0, 6, 424.44, 531164, 246, 18, 0
1202, 2, 451, 485, 91, 0, 60.44%, 4, 0, 6, 442.77, 533418, 246, 18, 0
1207, 2, 459, 485, 89, 0, 60.44%, 4, 0, 6, 436.27, 535627, 246, 18, 0
1212, 2, 341, 486, 88, 0, 60.44%, 4, 0, 6, 447.65, 537892, 246, 18, 0
1217, 2, 481, 487, 88, 0, 60.44%, 4, 0, 6, 446.04, 540165, 246, 18, 0
1222, 2, 403, 487, 86, 0, 60.44%, 4, 0, 6, 440.09, 542454, 246, 18, 0
1227, 2, 468, 487, 84, 0, 60.44%, 4, 0, 6, 455.05, 544742, 246, 18, 0
1233, 2, 362, 487, 83, 0, 60.44%, 4, 0, 6, 462.15, 547077, 246, 18, 0
1238, 2, 413, 487, 79, 0, 60.44%, 4, 0, 6, 433.53, 549295, 246, 18, 0
1243, 2, 447, 487, 78, 0, 60.44%, 4, 0, 6, 467.59, 551629, 246, 18, 0
1248, 2, 434, 487, 76, 0, 60.44%, 4, 0, 6, 418.45, 553727, 246, 18, 0
1253, 2, 376, 487, 74, 0, 60.44%, 4, 0, 6, 432.04, 555983, 246, 18, 0
1258, 2, 392, 487, 73, 0, 60.44%, 4, 0, 6, 450.20, 558271, 246, 18, 0
1263, 2, 437, 487, 69, 0, 60.44%, 4, 0, 6, 432.77, 560460, 246, 18, 0
1268, 2, 419, 487, 67, 0, 60.44%, 4, 0, 6, 432.11, 562696, 246, 18, 0
1273, 2, 164, 487, 65, 0, 60.44%, 4, 0, 6, 455.32, 565050, 246, 18, 0
1278, 2, 369, 487, 64, 0, 60.44%, 4, 0, 6, 463.72, 567432, 246, 18, 0
1283, 2, 259, 487, 63, 0, 60.44%, 4, 0, 6, 452.96, 569698, 246, 21, 0
1288, 2, 378, 487, 61, 0, 60.44%, 4, 0, 6, 452.79, 571963, 246, 21, 0
1293, 2, 464, 487, 58, 0, 60.44%, 4, 0, 6, 425.05, 574072, 246, 21, 0
1299, 2, 359, 487, 56, 0, 60.44%, 4, 0, 6, 410.15, 576172, 246, 21, 0
1304, 2, 410, 487, 55, 0, 60.44%, 4, 0, 6, 419.31, 578331, 246, 23, 0
1309, 2, 393, 487, 54, 0, 60.44%, 4, 0, 6, 458.48, 580760, 246, 23, 0
1314, 2, 432, 487, 52, 0, 60.44%, 4, 0, 6, 447.78, 582968, 246, 23, 0
1319, 2, 69, 487, 50, 0, 60.44%, 4, 0, 6, 453.28, 585246, 246, 23, 0
1324, 2, 328, 487, 49, 0, 60.44%, 4, 0, 6, 432.40, 587420, 246, 25, 0
1329, 2, 383, 488, 48, 0, 60.44%, 4, 0, 6, 435.14, 589597, 246, 25, 0
1334, 2, 329, 488, 46, 0, 60.44%, 4, 0, 6, 472.69, 591957, 246, 25, 0
1339, 2, 381, 488, 44, 0, 60.44%, 4, 0, 6, 462.28, 594252, 246, 25, 0
1344, 2, 45, 488, 42, 0, 60.44%, 4, 0, 6, 460.68, 596552, 246, 25, 0
1349, 2, 163, 488, 41, 0, 60.44%, 4, 0, 6, 476.80, 598937, 246, 26, 0
1354, 2, 361, 488, 40, 0, 60.44%, 4, 0, 6, 454.50, 601204, 246, 26, 0
1359, 2, 356, 488, 38, 0, 60.44%, 4, 0, 6, 464.20, 603539, 246, 28, 0
1364, 2, 296, 489, 37, 0, 60.44%, 4, 0, 6, 422.18, 605635, 246, 28, 0
1370, 2, 338, 489, 36, 0, 60.44%, 4, 0, 6, 444.79, 607897, 246, 28, 0
1375, 2, 168, 489, 34, 0, 60.44%, 4, 0, 6, 431.33, 610070, 246, 28, 0
1380, 2, 478, 489, 33, 0, 60.44%, 4, 0, 6, 452.75, 612386, 246, 28, 0
1385, 2, 351, 489, 31, 0, 60.44%, 4, 0, 6, 429.87, 614594, 246, 28, 0
1390, 2, 374, 489, 29, 0, 60.44%, 4, 0, 6, 435.21, 616796, 246, 28, 0
1395, 2, 406, 489, 28, 0, 60.44%, 4, 0, 6, 402.63, 618757, 246, 28, 0
1400, 2, 460, 489, 26, 0, 60.44%, 4, 0, 6, 417.04, 620882, 246, 28, 0
1405, 2, 130, 489, 24, 0, 60.44%, 4, 0, 6, 437.01, 623082, 246, 29, 0
1410, 2, 290, 489, 23, 0, 60.44%, 4, 0, 6, 413.93, 625170, 246, 29, 0
1415, 2, 370, 489, 22, 0, 60.44%, 4, 0, 6, 425.69, 627280, 246, 29, 0
1420, 2, 11, 489, 20, 0, 60.44%, 4, 0, 6, 446.60, 629548, 246, 29, 0
1426, 2, 482, 489, 19, 0, 60.44%, 4, 0, 6, 438.62, 631771, 246, 29, 0
1431, 3, 489, 494, 23, 3, 60.93%, 4, 0, 6, 456.91, 634072, 248, 29, 0
1436, 3, 491, 494, 21, 1, 60.93%, 4, 0, 6, 442.14, 636326, 248, 29, 0
1441, 3, 466, 494, 19, 0, 60.93%, 4, 0, 6, 431.57, 638499, 248, 29, 0
1446, 3, 195, 494, 17, 0, 60.93%, 4, 0, 6, 467.04, 640835, 248, 31, 0
1451, 3, 493, 494, 16, 0, 60.93%, 4, 0, 6, 450.72, 643128, 248, 31, 0
1456, 3, 336, 494, 14, 0, 60.93%, 4, 0, 6, 462.51, 645564, 248, 31, 0
1461, 3, 492, 494, 14, 0, 60.93%, 4, 0, 6, 445.31, 647747, 248, 31, 0
1466, 3, 491, 494, 12, 0, 60.93%, 4, 0, 6, 432.62, 649975, 248, 31, 0
1471, 3, 347, 494, 12, 0, 60.93%, 4, 0, 6, 457.85, 652262, 248, 31, 0
1476, 3, 138, 494, 11, 0, 60.93%, 4, 0, 6, 464.39, 654569, 248, 35, 0
1481, 3, 147, 494, 11, 0, 60.93%, 4, 0, 6, 455.99, 656830, 248, 36, 0
1486, 3, 322, 494, 11, 0, 60.93%, 4, 0, 6, 454.94, 659171, 248, 42, 0
1491, 3, 113, 494, 11, 0, 60.93%, 4, 0, 6, 449.75, 661492, 248, 42, 0
1496, 3, 370, 494, 10, 0, 60.93%, 4, 0, 6, 441.10, 663715, 248, 43, 0
1501, 3, 330, 494, 10, 0, 60.93%, 4, 0, 6, 451.07, 665999, 248, 43, 0
1506, 3, 491, 494, 10, 0, 60.93%, 4, 0, 6, 421.86, 668081, 248, 44, 0
1512, 3, 230, 494, 9, 0, 60.93%, 4, 0, 6, 445.71, 670409, 248, 44, 0
1517, 3, 336, 494, 9, 0, 60.93%, 4, 0, 6, 440.78, 672625, 248, 45, 0
1522, 3, 483, 494, 9, 0, 60.93%, 4, 0, 6, 444.10, 674913, 248, 45, 0
1527, 3, 233, 494, 9, 0, 60.93%, 4, 0, 6, 432.33, 677084, 248, 45, 0
1532, 3, 190, 494, 9, 0, 60.93%, 4, 0, 6, 480.29, 679549, 248, 45, 0
1537, 3, 322, 494, 8, 0, 60.93%, 4, 0, 6, 438.20, 681705, 248, 51, 0
1542, 3, 3, 494, 7, 0, 60.93%, 4, 0, 6, 435.95, 683887, 248, 53, 0
1547, 3, 472, 494, 7, 0, 60.93%, 4, 0, 6, 503.90, 686308, 248, 53, 0
1552, 3, 483, 494, 6, 0, 60.93%, 4, 0, 6, 441.15, 688493, 248, 59, 0
1557, 3, 153, 494, 6, 0, 60.93%, 4, 0, 6, 452.55, 690807, 248, 59, 0
1562, 3, 332, 494, 6, 0, 60.93%, 4, 0, 6, 427.04, 692898, 248, 59, 0
1567, 3, 282, 494, 6, 0, 60.93%, 4, 0, 6, 433.74, 695046, 248, 62, 0
1572, 3, 138, 494, 6, 0, 60.93%, 4, 0, 6, 437.24, 697282, 248, 63, 0
1577, 3, 401, 494, 6, 0, 60.93%, 5, 0, 6, 458.65, 699654, 248, 64, 0
1582, 3, 425, 494, 5, 0, 60.93%, 5, 0, 6, 417.89, 701727, 248, 67, 0
1587, 3, 332, 494, 5, 0, 60.93%, 6, 0, 6, 417.09, 703831, 248, 72, 0
1592, 3, 153, 494, 5, 0, 60.93%, 6, 0, 6, 427.12, 706023, 248, 72, 0
1598, 3, 386, 494, 5, 0, 60.93%, 6, 0, 6, 456.88, 708330, 248, 74, 0
1603, 4, 494, 496, 6, 1, 61.18%, 6, 0, 6, 434.49, 710509, 249, 74, 0
1608, 4, 336, 496, 5, 0, 61.18%, 6, 0, 6, 419.03, 712644, 249, 74, 0
1613, 4, 495, 496, 5, 0, 61.18%, 6, 0, 6, 420.80, 714809, 249, 77, 0
1618, 4, 494, 496, 4, 0, 61.18%, 6, 0, 6, 449.02, 717072, 249, 78, 0
1623, 4, 359, 496, 4, 0, 61.18%, 6, 0, 6, 441.51, 719345, 249, 78, 0
1628, 4, 459, 496, 4, 0, 61.18%, 6, 0, 6, 433.01, 721516, 249, 78, 0
1633, 4, 237, 496, 4, 0, 61.18%, 6, 0, 6, 459.63, 723871, 249, 78, 0
1638, 4, 243, 496, 4, 0, 61.18%, 6, 0, 6, 450.42, 726242, 249, 78, 0
1643, 4, 285, 496, 3, 0, 61.18%, 6, 0, 6, 477.37, 728664, 249, 78, 0
1649, 4, 473, 496, 3, 0, 61.18%, 6, 0, 6, 432.58, 730800, 249, 78, 0
1654, 4, 243, 496, 2, 0, 61.18%, 6, 0, 6, 429.88, 733034, 249, 78, 0
1659, 4, 14, 496, 2, 0, 61.18%, 6, 0, 6, 439.31, 735292, 249, 78, 0
1664, 4, 289, 496, 2, 0, 61.18%, 6, 0, 6, 443.24, 737536, 249, 80, 0
1669, 4, 489, 496, 2, 0, 61.18%, 6, 0, 6, 434.66, 739695, 249, 80, 0
1674, 4, 298, 496, 2, 0, 61.18%, 6, 0, 6, 426.60, 741792, 249, 80, 0
1679, 4, 359, 496, 2, 0, 61.18%, 6, 0, 6, 461.95, 744145, 249, 83, 0
1684, 4, 11, 496, 2, 0, 61.18%, 6, 0, 6, 461.35, 746416, 249, 83, 0
1689, 4, 183, 496, 2, 0, 61.18%, 6, 0, 6, 439.08, 748573, 249, 90, 0
1694, 4, 370, 496, 2, 0, 61.18%, 6, 0, 6, 442.73, 750822, 249, 92, 0
1699, 4, 336, 496, 2, 0, 61.18%, 6, 0, 6, 445.46, 753074, 249, 92, 0
1704, 4, 289, 496, 2, 0, 61.18%, 6, 0, 6, 426.18, 755241, 249, 95, 0
1709, 4, 336, 496, 2, 0, 61.18%, 6, 0, 6, 436.33, 757432, 249, 95, 0
1715, 4, 253, 496, 2, 0, 61.18%, 6, 0, 6, 425.29, 759620, 249, 99, 0
1720, 4, 194, 496, 2, 0, 61.18%, 6, 0, 6, 412.72, 761686, 249, 100, 0
1725, 4, 72, 496, 1, 0, 61.18%, 6, 0, 6, 441.21, 763958, 249, 100, 0
1730, 4, 494, 496, 1, 0, 61.18%, 6, 0, 6, 459.66, 766254, 249, 101, 0
1735, 4, 226, 496, 1, 0, 61.18%, 6, 0, 6, 451.50, 768541, 249, 101, 0
1740, 4, 147, 496, 1, 0, 61.18%, 6, 0, 6, 448.61, 770721, 249, 104, 0
1745, 4, 285, 496, 1, 0, 61.18%, 6, 0, 6, 422.58, 772883, 249, 104, 0
1750, 5, 295, 496, 1, 0, 61.18%, 6, 0, 6, 442.23, 775148, 249, 104, 0
1755, 5, 45, 496, 1, 0, 61.18%, 6, 0, 6, 436.82, 777396, 249, 104, 0
1760, 5, 418, 496, 1, 0, 61.18%, 6, 0, 6, 429.58, 779574, 249, 106, 0
1765, 5, 387, 496, 0, 0, 61.18%, 6, 0, 6, 437.27, 781716, 249, 106, 0
1770, 5, 86, 496, 0, 0, 61.18%, 6, 0, 6, 462.63, 784052, 249, 107, 0
1775, 5, 370, 496, 0, 0, 61.18%, 6, 0, 6, 464.59, 786385, 249, 112, 0
1780, 5, 489, 496, 0, 0, 61.18%, 6, 0, 6, 431.86, 788535, 249, 112, 0
1785, 5, 285, 496, 0, 0, 61.18%, 6, 0, 6, 435.11, 790726, 249, 112, 0
1790, 5, 26, 496, 0, 0, 61.18%, 6, 0, 6, 441.22, 792915, 249, 113, 0
1795, 5, 385, 496, 0, 0, 61.18%, 6, 0, 6, 459.50, 795241, 249, 117, 0
1800, 5, 448, 496, 0, 0, 61.18%, 6, 0, 6, 453.92, 797515, 249, 119, 0
1802, 5, 453, 496, 0, 0, 61.18%, 6, 0, 6, 449.42, 798153, 249, 119, 0
