# relative_time, cycles_done, cur_item, corpus_count, pending_total, pending_favs, map_size, saved_crashes, saved_hangs, max_depth, execs_per_sec, total_execs, edges_found, total_crashes, servers_count
61, 0, 10, 73, 65, 26, 33.42%, 0, 0, 2, 446.03, 24715, 136, 0, 0
66, 0, 20, 73, 56, 17, 33.42%, 0, 0, 2, 458.59, 27150, 136, 0, 0
71, 0, 28, 80, 61, 15, 34.89%, 0, 0, 2, 438.14, 29418, 142, 0, 0
76, 0, 28, 89, 70, 15, 35.87%, 0, 0, 2, 430.39, 31634, 146, 0, 0
81, 0, 28, 91, 72, 15, 36.12%, 0, 0, 2, 428.23, 33776, 147, 0, 0
86, 0, 28, 94, 75, 15, 36.12%, 0, 0, 2, 444.11, 36061, 147, 0, 0
91, 0, 28, 99, 80, 15, 36.12%, 0, 0, 2, 419.23, 38128, 147, 0, 0
96, 0, 28, 99, 80, 15, 36.12%, 0, 0, 2, 424.98, 40304, 147, 0, 0
101, 0, 30, 102, 81, 19, 36.12%, 0, 0, 2, 498.22, 42829, 147, 0, 0
106, 0, 30, 104, 83, 19, 36.12%, 0, 0, 2, 491.17, 45426, 147, 0, 0
111, 0, 30, 105, 84, 19, 36.12%, 0, 0, 2, 468.75, 47944, 147, 0, 0
117, 0, 30, 106, 85, 19, 36.12%, 0, 0, 2, 415.61, 49986, 147, 0, 0
122, 0, 30, 106, 85, 19, 36.12%, 0, 0, 2, 434.17, 52146, 147, 0, 0
127, 0, 30, 107, 86, 19, 36.12%, 0, 0, 2, 406.73, 54201, 147, 0, 0
132, 0, 30, 108, 87, 19, 36.36%, 0, 0, 2, 445.45, 56504, 148, 0, 0
137, 0, 30, 110, 89, 19, 36.36%, 0, 0, 2, 413.18, 58678, 148, 0, 0
142, 0, 30, 111, 90, 19, 36.36%, 0, 0, 2, 426.19, 60893, 148, 0, 0
147, 0, 30, 111, 90, 19, 36.36%, 0, 0, 2, 465.95, 63196, 148, 0, 0
152, 0, 30, 111, 90, 19, 36.36%, 0, 0, 2, 431.71, 65325, 148, 0, 0
157, 0, 30, 115, 94, 19, 36.36%, 0, 0, 2, 467.44, 67679, 148, 0, 0
162, 0, 30, 116, 95, 19, 36.36%, 0, 0, 2, 425.38, 69736, 148, 0, 0
168, 0, 32, 122, 100, 20, 36.36%, 0, 0, 2, 407.82, 71870, 148, 0, 0
173, 0, 49, 132, 108, 18, 36.36%, 0, 0, 2, 424.01, 74029, 148, 0, 0
178, 0, 49, 138, 114, 18, 36.36%, 0, 0, 2, 432.52, 76279, 148, 0, 0
183, 0, 49, 140, 116, 18, 37.10%, 0, 0, 2, 429.54, 78421, 151, 0, 0
188, 0, 49, 142, 118, 18, 37.10%, 0, 0, 2, 435.04, 80651, 151, 0, 0
193, 0, 49, 144, 120, 18, 37.10%, 0, 0, 2, 426.38, 82809, 151, 0, 0
198, 0, 49, 145, 121, 18, 37.10%, 0, 0, 2, 449.96, 85072, 151, 0, 0
203, 0, 52, 152, 127, 17, 37.84%, 0, 0, 3, 450.62, 87315, 154, 0, 0
208, 0, 53, 162, 136, 17, 38.33%, 1, 0, 3, 446.44, 89597, 156, 1, 0
213, 0, 53, 163, 137, 17, 38.33%, 1, 0, 3, 447.02, 91935, 156, 1, 0
218, 0, 53, 163, 137, 17, 38.33%, 1, 0, 3, 453.03, 94240, 156, 1, 0
224, 0, 68, 165, 136, 14, 38.33%, 1, 0, 3, 455.59, 96473, 156, 1, 0
229, 0, 68, 165, 136, 14, 38.33%, 1, 0, 3, 391.98, 98432, 156, 1, 0
234, 0, 68, 165, 136, 14, 38.33%, 1, 0, 3, 380.26, 100447, 156, 1, 0
239, 0, 94, 167, 135, 12, 38.57%, 1, 0, 3, 422.89, 102626, 157, 1, 0
244, 0, 96, 171, 138, 11, 38.57%, 1, 0, 3, 498.20, 105153, 157, 1, 0
249, 0, 96, 172, 139, 11, 38.57%, 1, 0, 3, 454.81, 107396, 157, 1, 0
254, 0, 96, 175, 142, 11, 38.57%, 1, 0, 3, 417.02, 109443, 157, 1, 0
259, 0, 96, 175, 142, 11, 38.57%, 1, 0, 3, 416.81, 111611, 157, 1, 0
264, 0, 96, 176, 143, 11, 38.57%, 1, 0, 3, 392.47, 113670, 157, 1, 0
269, 0, 96, 176, 143, 11, 38.57%, 1, 0, 3, 422.85, 115810, 157, 1, 0
274, 0, 96, 176, 143, 11, 38.57%, 1, 0, 3, 400.52, 117866, 157, 1, 0
279, 0, 96, 177, 144, 11, 38.57%, 1, 0, 3, 428.48, 120009, 157, 1, 0
284, 0, 96, 177, 144, 11, 38.57%, 1, 0, 3, 418.90, 122233, 157, 1, 0
289, 0, 96, 177, 144, 11, 38.57%, 1, 0, 3, 454.19, 124495, 157, 1, 0
294, 0, 96, 177, 144, 11, 38.57%, 1, 0, 3, 424.07, 126657, 157, 1, 0
300, 0, 96, 177, 144, 11, 38.57%, 1, 0, 3, 443.28, 128993, 157, 1, 0
305, 0, 96, 177, 144, 11, 38.57%, 1, 0, 3, 438.53, 131305, 157, 1, 0
310, 0, 96, 177, 144, 11, 38.57%, 1, 0, 3, 434.82, 133489, 157, 1, 0
315, 0, 96, 177, 144, 11, 38.57%, 1, 0, 3, 469.74, 135826, 157, 1, 0
320, 0, 96, 177, 144, 11, 38.57%, 1, 0, 3, 447.73, 138094, 157, 1, 0
325, 0, 96, 177, 144, 11, 38.57%, 1, 0, 3, 414.43, 140185, 157, 1, 0
330, 0, 96, 177, 144, 11, 38.57%, 1, 0, 3, 417.00, 142289, 157, 1, 0
335, 0, 96, 178, 145, 11, 38.57%, 1, 0, 3, 382.03, 144204, 157, 1, 0
341, 0, 96, 178, 145, 11, 38.57%, 1, 0, 3, 424.50, 146416, 157, 1, 0
346, 0, 96, 179, 146, 11, 38.57%, 1, 0, 3, 447.81, 148719, 157, 1, 0
351, 0, 96, 179, 146, 11, 38.57%, 1, 0, 3, 456.89, 151050, 157, 1, 0
356, 0, 96, 179, 146, 11, 38.57%, 1, 0, 3, 397.63, 153023, 157, 1, 0
361, 0, 138, 179, 142, 7, 38.57%, 1, 0, 3, 413.30, 155198, 157, 1, 0
366, 0, 139, 182, 144, 6, 38.57%, 1, 0, 3, 433.02, 157495, 157, 1, 0
371, 0, 177, 182, 139, 2, 38.57%, 1, 0, 3, 400.81, 159484, 157, 1, 0
376, 0, 184, 185, 140, 1, 38.82%, 1, 0, 4, 390.46, 161508, 158, 1, 0
381, 1, 185, 186, 134, 1, 39.07%, 1, 0, 4, 456.68, 163846, 159, 1, 0
386, 2, 192, 251, 195, 14, 49.39%, 1, 0, 4, 419.14, 165897, 201, 1, 0
392, 2, 213, 254, 195, 12, 49.39%, 1, 0, 4, 396.89, 168021, 201, 1, 0
397, 2, 213, 257, 198, 12, 49.63%, 1, 0, 4, 428.48, 170282, 202, 1, 0
402, 2, 213, 258, 199, 12, 49.63%, 1, 0, 4, 410.49, 172338, 202, 1, 0
407, 2, 213, 258, 199, 12, 49.63%, 1, 0, 4, 439.45, 174578, 202, 1, 0
412, 2, 213, 259, 200, 12, 49.63%, 1, 0, 4, 444.85, 176849, 202, 1, 0
417, 2, 213, 259, 200, 12, 49.63%, 1, 0, 4, 423.69, 178985, 202, 1, 0
422, 2, 223, 278, 215, 9, 49.88%, 1, 0, 4, 435.81, 181235, 203, 1, 0
427, 2, 223, 280, 217, 9, 49.88%, 1, 0, 4, 387.59, 183168, 203, 1, 0
432, 2, 223, 282, 219, 9, 49.88%, 1, 0, 4, 411.28, 185308, 203, 1, 0
438, 2, 223, 283, 220, 9, 49.88%, 1, 0, 4, 414.84, 187451, 203, 1, 0
443, 2, 223, 283, 220, 9, 49.88%, 1, 0, 4, 407.02, 189547, 203, 1, 0
448, 2, 223, 285, 222, 9, 49.88%, 1, 0, 4, 410.05, 191657, 203, 1, 0
453, 2, 223, 285, 222, 9, 49.88%, 1, 0, 4, 391.45, 193647, 203, 1, 0
458, 2, 223, 286, 223, 9, 49.88%, 1, 0, 4, 405.73, 195721, 203, 1, 0
463, 2, 223, 286, 223, 9, 49.88%, 1, 0, 4, 410.64, 197793, 203, 1, 0
468, 2, 223, 287, 224, 9, 49.88%, 1, 0, 4, 414.13, 199872, 203, 1, 0
473, 2, 223, 288, 225, 9, 49.88%, 1, 0, 4, 442.88, 202223, 203, 1, 0
478, 2, 223, 288, 225, 9, 49.88%, 1, 0, 4, 426.18, 204367, 203, 1, 0
483, 2, 223, 288, 225, 9, 49.88%, 1, 0, 4, 415.64, 206471, 203, 1, 0
488, 2, 223, 288, 225, 9, 49.88%, 1, 0, 4, 454.06, 208807, 203, 1, 0
493, 2, 223, 288, 225, 9, 49.88%, 1, 0, 4, 444.23, 210999, 203, 1, 0
498, 2, 223, 289, 226, 9, 49.88%, 1, 0, 4, 442.72, 213230, 203, 1, 0
503, 2, 223, 289, 226, 9, 49.88%, 1, 0, 4, 450.32, 215486, 203, 1, 0
509, 2, 223, 290, 227, 9, 49.88%, 1, 0, 4, 444.56, 217805, 203, 1, 0
514, 2, 235, 291, 227, 10, 49.88%, 1, 0, 4, 417.62, 219943, 203, 1, 0
519, 2, 254, 295, 228, 10, 57.00%, 1, 0, 4, 428.54, 222104, 232, 1, 0
524, 2, 257, 299, 230, 8, 57.00%, 1, 0, 4, 407.89, 224160, 232, 1, 0
529, 2, 273, 302, 231, 7, 57.00%, 1, 0, 4, 410.35, 226288, 232, 1, 0
534, 2, 291, 302, 228, 4, 57.00%, 1, 0, 4, 427.89, 228503, 232, 1, 0
539, 2, 298, 311, 235, 4, 57.25%, 1, 0, 4, 433.53, 230751, 233, 1, 0
544, 2, 308, 316, 238, 2, 57.25%, 1, 0, 4, 427.17, 232947, 233, 1, 0
549, 2, 308, 319, 241, 2, 57.25%, 1, 0, 4, 418.14, 235048, 233, 1, 0
554, 2, 308, 320, 242, 2, 57.49%, 1, 0, 4, 437.21, 237223, 234, 1, 0
560, 2, 308, 320, 242, 2, 57.49%, 1, 0, 4, 436.33, 239399, 234, 1, 0
565, 2, 308, 320, 242, 2, 57.49%, 1, 0, 4, 439.47, 241599, 234, 1, 0
570, 2, 308, 320, 242, 2, 57.49%, 1, 0, 4, 428.99, 243735, 234, 1, 0
575, 2, 308, 321, 243, 2, 57.49%, 1, 0, 4, 449.99, 246027, 234, 1, 0
580, 2, 308, 321, 243, 2, 57.49%, 1, 0, 4, 437.40, 248214, 234, 1, 0
585, 2, 308, 321, 243, 2, 57.49%, 1, 0, 4, 449.38, 250419, 234, 1, 0
590, 2, 308, 321, 243, 2, 57.49%, 1, 0, 4, 453.24, 252822, 234, 1, 0
595, 2, 308, 322, 244, 2, 57.49%, 1, 0, 4, 429.00, 255069, 234, 1, 0
600, 2, 308, 323, 245, 2, 57.49%, 1, 0, 4, 441.45, 257260, 234, 1, 0
605, 2, 308, 325, 247, 2, 57.49%, 1, 0, 4, 452.03, 259538, 234, 1, 0
610, 2, 308, 328, 250, 2, 57.49%, 1, 0, 4, 455.75, 261889, 234, 1, 0
615, 2, 308, 328, 250, 2, 57.49%, 1, 0, 4, 454.28, 264130, 234, 1, 0
620, 2, 308, 330, 252, 2, 57.49%, 1, 0, 4, 416.85, 266230, 234, 1, 0
625, 2, 308, 331, 253, 2, 57.49%, 1, 0, 4, 423.25, 268368, 234, 1, 0
630, 2, 308, 334, 256, 2, 57.49%, 1, 0, 4, 396.62, 270400, 234, 1, 0
636, 2, 308, 334, 256, 2, 57.49%, 1, 0, 4, 445.03, 272786, 234, 1, 0
641, 2, 308, 336, 258, 2, 57.49%, 1, 0, 4, 436.02, 274960, 234, 1, 0
646, 2, 308, 336, 258, 2, 57.49%, 1, 0, 4, 412.13, 277032, 234, 1, 0
651, 2, 308, 336, 258, 2, 57.49%, 1, 0, 4, 435.50, 279288, 234, 1, 0
656, 2, 308, 336, 258, 2, 57.49%, 1, 0, 4, 425.03, 281392, 234, 1, 0
661, 2, 312, 336, 257, 3, 57.49%, 1, 0, 4, 438.35, 283592, 234, 1, 0
666, 2, 321, 346, 265, 2, 57.49%, 1, 0, 5, 436.37, 285814, 234, 1, 0
671, 2, 321, 380, 299, 2, 57.49%, 1, 0, 5, 430.83, 287984, 234, 1, 0
676, 2, 321, 381, 300, 2, 57.49%, 1, 0, 5, 407.75, 290047, 234, 1, 0
681, 2, 321, 382, 301, 2, 57.49%, 1, 0, 5, 429.70, 292198, 234, 1, 0
686, 2, 340, 382, 299, 0, 57.49%, 1, 0, 5, 387.35, 294115, 234, 1, 0
691, 2, 356, 382, 295, 0, 57.49%, 1, 0, 5, 414.74, 296166, 234, 1, 0
696, 2, 360, 382, 293, 0, 57.49%, 1, 0, 5, 423.82, 298302, 234, 1, 0
701, 2, 368, 382, 290, 0, 57.49%, 1, 0, 5, 423.99, 300354, 234, 1, 0
707, 2, 373, 383, 288, 0, 57.49%, 1, 0, 6, 441.11, 302593, 234, 1, 0
712, 3, 17, 427, 329, 10, 59.46%, 1, 0, 6, 466.39, 304874, 242, 1, 0
717, 3, 384, 428, 325, 10, 59.46%, 1, 0, 6, 419.33, 306885, 242, 1, 0
722, 3, 395, 428, 321, 7, 59.46%, 2, 0, 6, 436.61, 309128, 242, 2, 0
727, 3, 405, 428, 318, 4, 59.46%, 3, 0, 6, 423.42, 311255, 242, 3, 0
732, 3, 424, 430, 317, 2, 59.71%, 3, 0, 6, 406.69, 313304, 243, 3, 0
737, 3, 424, 432, 319, 2, 59.71%, 3, 0, 6, 433.94, 315547, 243, 3, 0
742, 3, 432, 433, 318, 1, 59.95%, 3, 0, 6, 432.13, 317818, 244, 3, 0
747, 4, 53, 436, 319, 0, 59.95%, 3, 0, 6, 417.47, 319848, 244, 3, 0
752, 4, 101, 436, 310, 0, 59.95%, 3, 0, 6, 408.74, 321879, 244, 3, 0
757, 4, 186, 436, 294, 0, 59.95%, 3, 0, 6, 423.51, 324032, 244, 5, 0
762, 4, 232, 436, 287, 0, 59.95%, 3, 0, 6, 408.66, 326087, 244, 5, 0
768, 4, 264, 436, 281, 0, 59.95%, 3, 0, 6, 406.18, 328259, 244, 5, 0
773, 4, 276, 438, 280, 0, 59.95%, 3, 0, 6, 403.98, 330305, 244, 5, 0
778, 4, 276, 439, 281, 0, 60.20%, 3, 0, 6, 414.82, 332496, 245, 5, 0
783, 4, 337, 439, 280, 2, 60.20%, 3, 0, 6, 431.17, 334672, 245, 5, 0
788, 4, 438, 440, 279, 1, 60.20%, 3, 0, 6, 408.05, 336775, 245, 5, 0
793, 4, 438, 441, 280, 1, 60.20%, 3, 0, 6, 401.52, 338808, 245, 5, 0
798, 5, 33, 445, 282, 1, 60.44%, 3, 0, 6, 397.30, 340820, 246, 5, 0
803, 6, 29, 446, 276, 0, 60.44%, 3, 0, 6, 438.84, 343080, 246, 5, 0
809, 6, 108, 447, 272, 0, 60.44%, 4, 0, 6, 435.92, 345269, 246, 6, 0
814, 6, 185, 448, 261, 0, 60.44%, 4, 0, 6, 439.44, 347463, 246, 6, 0
819, 6, 244, 448, 255, 0, 60.44%, 4, 0, 6, 415.63, 349606, 246, 6, 0
824, 6, 266, 448, 250, 0, 60.44%, 4, 0, 6, 400.19, 351642, 246, 6, 0
829, 6, 285, 449, 246, 0, 60.44%, 4, 0, 6, 420.84, 353794, 246, 6, 0
834, 6, 318, 449, 241, 0, 60.44%, 4, 0, 6, 417.04, 355954, 246, 6, 0
839, 6, 324, 450, 241, 0, 60.69%, 4, 0, 6, 426.38, 358189, 247, 6, 0
844, 6, 449, 450, 237, 1, 60.69%, 4, 0, 6, 404.40, 360213, 247, 6, 0
849, 6, 449, 450, 237, 1, 60.69%, 4, 0, 6, 382.79, 362150, 247, 6, 0
855, 7, 54, 454, 235, 0, 60.69%, 4, 0, 6, 408.21, 364199, 247, 6, 0
860, 7, 133, 454, 225, 0, 60.69%, 4, 0, 6, 449.09, 366454, 247, 8, 0
865, 7, 189, 455, 218, 0, 60.69%, 4, 0, 6, 425.24, 368646, 247, 8, 0
870, 7, 247, 456, 211, 0, 60.69%, 4, 0, 6, 421.26, 370888, 247, 8, 0
875, 7, 316, 456, 207, 0, 60.69%, 4, 0, 6, 425.40, 373062, 247, 8, 0
880, 7, 333, 456, 205, 0, 60.69%, 4, 0, 6, 403.84, 375060, 247, 8, 0
885, 7, 356, 456, 201, 0, 60.69%, 4, 0, 6, 384.75, 376996, 247, 8, 0
890, 7, 384, 456, 197, 0, 60.69%, 4, 0, 6, 428.95, 379156, 247, 8, 0
895, 7, 396, 456, 195, 0, 60.69%, 5, 0, 6, 411.95, 381270, 247, 9, 0
901, 7, 417, 456, 194, 0, 60.69%, 5, 0, 6, 410.57, 383400, 247, 9, 0
906, 7, 428, 457, 191, 0, 60.69%, 5, 0, 6, 381.42, 385299, 247, 9, 0
906, 7, 432, 457, 191, 0, 60.69%, 5, 0, 6, 373.19, 385551, 247, 9, 0
