# relative_time, cycles_done, cur_item, corpus_count, pending_total, pending_favs, map_size, saved_crashes, saved_hangs, max_depth, execs_per_sec, total_execs, edges_found, total_crashes, servers_count
60, 0, 9, 66, 61, 4, 30.47%, 0, 0, 2, 434.62, 26269, 124, 0, 0
65, 0, 9, 68, 63, 4, 30.47%, 0, 0, 2, 439.98, 28491, 124, 0, 0
71, 0, 9, 68, 63, 4, 30.47%, 0, 0, 2, 429.94, 30659, 124, 0, 0
76, 0, 9, 69, 64, 4, 30.47%, 0, 0, 2, 424.74, 32826, 124, 0, 0
81, 0, 9, 69, 64, 4, 30.47%, 0, 0, 2, 429.06, 35106, 124, 0, 0
86, 0, 9, 70, 65, 4, 30.71%, 0, 0, 2, 413.75, 37241, 125, 0, 0
91, 0, 9, 70, 65, 4, 30.71%, 0, 0, 2, 406.26, 39322, 125, 0, 0
96, 0, 9, 71, 66, 4, 30.71%, 0, 0, 2, 427.97, 41473, 125, 0, 0
101, 0, 9, 71, 66, 4, 30.71%, 0, 0, 2, 401.50, 43545, 125, 0, 0
106, 0, 9, 71, 66, 4, 30.71%, 0, 0, 2, 409.46, 45609, 125, 0, 0
111, 0, 9, 71, 66, 4, 30.71%, 0, 0, 2, 406.68, 47601, 125, 0, 0
116, 0, 9, 71, 66, 4, 30.71%, 0, 0, 2, 438.70, 49857, 125, 0, 0
121, 0, 9, 72, 67, 4, 30.71%, 0, 0, 2, 388.33, 51768, 125, 0, 0
126, 0, 9, 73, 68, 4, 30.71%, 0, 0, 2, 433.22, 54079, 125, 0, 0
131, 0, 74, 95, 82, 25, 35.14%, 0, 0, 3, 428.41, 56216, 143, 0, 0
136, 0, 32, 96, 81, 23, 35.38%, 0, 0, 3, 420.78, 58329, 144, 0, 0
142, 0, 79, 99, 82, 23, 35.38%, 0, 0, 3, 408.04, 60426, 144, 0, 0
147, 0, 77, 100, 81, 22, 35.63%, 0, 0, 3, 445.50, 62723, 145, 0, 0
152, 0, 0, 106, 86, 23, 36.36%, 1, 0, 3, 412.49, 64770, 148, 1, 0
157, 0, 105, 107, 86, 22, 36.36%, 1, 0, 3, 433.98, 66982, 148, 1, 0
162, 0, 105, 116, 95, 22, 38.08%, 1, 0, 3, 434.30, 69187, 155, 1, 0
167, 0, 105, 116, 95, 22, 38.08%, 1, 0, 3, 419.36, 71259, 155, 1, 0
172, 0, 105, 117, 96, 22, 38.08%, 1, 0, 3, 419.16, 73394, 155, 1, 0
177, 0, 105, 118, 97, 22, 38.08%, 1, 0, 3, 441.42, 75649, 155, 1, 0
182, 0, 105, 118, 97, 22, 38.08%, 1, 0, 3, 423.32, 77817, 155, 1, 0
187, 0, 105, 118, 97, 22, 38.08%, 1, 0, 3, 422.94, 79953, 155, 1, 0
193, 0, 105, 118, 97, 22, 38.08%, 1, 0, 3, 424.67, 82041, 155, 1, 0
198, 0, 105, 119, 98, 22, 38.08%, 1, 0, 3, 396.45, 84064, 155, 1, 0
203, 0, 105, 119, 98, 22, 38.08%, 1, 0, 3, 428.83, 86384, 155, 1, 0
208, 0, 105, 119, 98, 22, 38.08%, 1, 0, 3, 391.91, 88344, 155, 1, 0
213, 0, 105, 120, 99, 22, 38.08%, 1, 0, 3, 388.43, 90325, 155, 1, 0
218, 0, 105, 120, 99, 22, 38.08%, 1, 0, 3, 419.45, 92455, 155, 1, 0
223, 0, 105, 121, 100, 22, 38.08%, 1, 0, 3, 429.51, 94718, 155, 1, 0
228, 0, 105, 122, 101, 22, 38.08%, 1, 0, 3, 440.65, 97005, 155, 1, 0
234, 0, 105, 122, 101, 22, 38.08%, 1, 0, 3, 338.31, 99160, 155, 1, 0
239, 0, 105, 122, 101, 22, 38.08%, 1, 0, 3, 389.59, 101287, 155, 1, 0
244, 0, 105, 122, 101, 22, 38.08%, 1, 0, 3, 385.34, 103289, 155, 1, 0
249, 0, 105, 122, 101, 22, 38.08%, 1, 0, 3, 415.94, 105437, 155, 1, 0
254, 0, 105, 122, 101, 22, 38.08%, 1, 0, 3, 430.29, 107701, 155, 1, 0
259, 0, 105, 123, 102, 22, 38.08%, 1, 0, 3, 417.07, 109804, 155, 1, 0
264, 0, 105, 123, 102, 22, 38.08%, 1, 0, 3, 401.64, 111892, 155, 1, 0
270, 0, 105, 123, 102, 22, 38.08%, 1, 0, 3, 416.04, 114012, 155, 1, 0
275, 0, 105, 123, 102, 22, 38.08%, 1, 0, 3, 420.05, 116164, 155, 1, 0
280, 0, 105, 123, 102, 22, 38.08%, 1, 0, 3, 418.73, 118356, 155, 1, 0
285, 0, 72, 136, 114, 20, 38.08%, 1, 0, 3, 430.54, 120501, 155, 1, 0
290, 0, 72, 142, 120, 20, 38.08%, 1, 0, 3, 423.48, 122648, 155, 1, 0
295, 0, 72, 143, 121, 20, 38.08%, 1, 0, 3, 408.87, 124719, 155, 1, 0
300, 0, 72, 146, 124, 20, 38.08%, 1, 0, 3, 417.58, 126788, 155, 1, 0
305, 0, 133, 146, 123, 18, 38.08%, 1, 0, 3, 420.33, 128916, 155, 1, 0
310, 0, 51, 147, 120, 14, 38.08%, 1, 0, 3, 429.84, 131081, 155, 1, 0
315, 0, 51, 151, 124, 14, 38.08%, 1, 0, 3, 446.24, 133317, 155, 1, 0
320, 0, 51, 152, 125, 14, 38.08%, 1, 0, 3, 428.24, 135452, 155, 1, 0
325, 0, 51, 153, 126, 14, 38.08%, 1, 0, 3, 411.64, 137523, 155, 1, 0
331, 0, 51, 154, 127, 14, 38.08%, 1, 0, 3, 448.37, 139835, 155, 1, 0
336, 0, 51, 155, 128, 14, 38.08%, 1, 0, 3, 426.97, 141963, 155, 1, 0
341, 0, 153, 156, 128, 14, 38.08%, 1, 0, 3, 445.20, 144127, 155, 1, 0
346, 0, 70, 156, 125, 11, 38.08%, 1, 0, 3, 441.58, 146273, 155, 1, 0
351, 0, 91, 156, 124, 10, 38.08%, 1, 0, 3, 403.07, 148329, 155, 1, 0
356, 0, 91, 156, 124, 10, 38.08%, 1, 0, 3, 392.99, 150275, 155, 1, 0
361, 0, 91, 156, 124, 10, 38.08%, 1, 0, 3, 365.40, 152025, 155, 1, 0
366, 0, 157, 161, 127, 9, 38.08%, 1, 0, 5, 407.21, 154126, 155, 1, 0
371, 0, 157, 164, 130, 9, 38.08%, 1, 0, 5, 408.26, 156203, 155, 1, 0
376, 0, 157, 168, 134, 9, 38.08%, 1, 0, 5, 371.86, 158060, 155, 1, 0
381, 0, 157, 170, 136, 9, 38.08%, 1, 0, 5, 390.25, 159993, 155, 1, 0
387, 0, 157, 171, 137, 9, 38.08%, 1, 0, 5, 420.87, 162221, 155, 1, 0
392, 0, 157, 174, 140, 9, 38.33%, 1, 0, 5, 445.96, 164506, 156, 1, 0
397, 0, 157, 175, 141, 9, 38.33%, 1, 0, 5, 428.92, 166633, 156, 1, 0
402, 0, 165, 176, 138, 9, 38.33%, 1, 0, 5, 431.72, 168787, 156, 1, 0
407, 0, 145, 178, 134, 4, 38.57%, 1, 0, 5, 456.45, 171105, 157, 1, 0
412, 0, 145, 184, 140, 4, 38.57%, 1, 0, 5, 415.42, 173192, 157, 1, 0
417, 0, 145, 188, 144, 4, 38.57%, 1, 0, 5, 440.53, 175420, 157, 1, 0
422, 0, 145, 188, 144, 4, 38.57%, 1, 0, 5, 473.33, 177781, 157, 1, 0
427, 0, 145, 190, 146, 4, 38.57%, 1, 0, 5, 480.07, 180126, 157, 1, 0
432, 0, 62, 191, 143, 2, 38.57%, 1, 0, 5, 441.28, 182336, 157, 1, 0
438, 0, 84, 192, 137, 0, 38.57%, 1, 0, 5, 447.60, 184686, 157, 1, 0
443, 0, 92, 192, 136, 0, 38.57%, 1, 0, 5, 425.40, 186838, 157, 1, 0
448, 0, 83, 193, 136, 0, 38.57%, 1, 0, 5, 425.60, 189005, 157, 1, 0
453, 0, 160, 193, 131, 0, 38.57%, 1, 0, 5, 396.36, 191022, 157, 1, 0
458, 0, 119, 193, 129, 0, 38.57%, 1, 0, 5, 390.32, 193038, 157, 1, 0
463, 0, 103, 194, 128, 0, 38.57%, 1, 0, 5, 387.59, 195007, 157, 1, 0
468, 0, 192, 194, 125, 0, 38.57%, 1, 0, 5, 413.43, 197151, 157, 1, 0
473, 0, 114, 195, 124, 0, 38.57%, 1, 0, 5, 434.96, 199436, 157, 1, 0
478, 0, 114, 206, 135, 0, 38.57%, 1, 0, 5, 437.40, 201673, 157, 1, 0
483, 0, 114, 209, 138, 0, 38.57%, 1, 0, 5, 392.04, 203701, 157, 1, 0
488, 0, 114, 209, 138, 0, 38.57%, 1, 0, 5, 432.57, 205910, 157, 1, 0
493, 0, 114, 210, 139, 0, 38.82%, 1, 0, 5, 428.53, 208125, 158, 1, 0
499, 0, 209, 211, 139, 1, 38.82%, 1, 0, 5, 425.25, 210271, 158, 1, 0
504, 0, 80, 211, 136, 0, 38.82%, 1, 0, 5, 436.12, 212472, 158, 1, 0
509, 0, 42, 212, 134, 0, 38.82%, 1, 0, 5, 431.53, 214632, 158, 1, 0
514, 0, 212, 213, 132, 1, 39.07%, 1, 0, 5, 393.75, 216712, 159, 1, 0
519, 0, 87, 213, 131, 0, 39.07%, 1, 0, 5, 400.43, 218762, 159, 1, 0
524, 0, 108, 213, 130, 0, 39.07%, 1, 0, 5, 417.21, 220900, 159, 1, 0
529, 0, 74, 213, 125, 0, 39.07%, 1, 0, 5, 421.35, 223114, 159, 1, 0
534, 0, 121, 213, 122, 0, 39.07%, 1, 0, 5, 415.40, 225257, 159, 1, 0
539, 0, 185, 215, 122, 0, 39.07%, 1, 0, 5, 420.36, 227380, 159, 1, 0
544, 0, 162, 215, 121, 0, 39.07%, 1, 0, 5, 430.79, 229511, 159, 1, 0
549, 0, 202, 215, 116, 0, 39.07%, 1, 0, 5, 436.08, 231750, 159, 1, 0
554, 0, 109, 215, 115, 0, 39.07%, 1, 0, 5, 421.22, 233846, 159, 1, 0
560, 0, 95, 215, 111, 0, 39.07%, 1, 0, 5, 408.23, 235940, 159, 1, 0
565, 1, 89, 216, 108, 0, 39.07%, 1, 0, 5, 426.34, 238132, 159, 1, 0
570, 1, 163, 216, 104, 0, 39.07%, 1, 0, 5, 423.97, 240282, 159, 1, 0
575, 1, 128, 217, 100, 0, 39.07%, 1, 0, 5, 430.69, 242524, 159, 1, 0
580, 1, 208, 217, 95, 0, 39.07%, 1, 0, 5, 401.50, 244599, 159, 1, 0
585, 1, 82, 218, 94, 0, 39.07%, 1, 0, 6, 408.11, 246712, 159, 1, 0
590, 1, 218, 219, 94, 1, 39.07%, 1, 0, 6, 394.25, 248631, 159, 1, 0
595, 1, 133, 220, 91, 0, 39.07%, 1, 0, 7, 415.67, 250818, 159, 1, 0
601, 1, 206, 220, 88, 0, 39.07%, 1, 0, 7, 439.64, 253084, 159, 1, 0
606, 1, 196, 220, 85, 0, 39.07%, 1, 0, 7, 459.58, 255488, 159, 1, 0
611, 1, 104, 220, 80, 0, 39.07%, 1, 0, 7, 451.28, 257823, 159, 1, 0
616, 1, 16, 221, 79, 0, 39.07%, 1, 0, 7, 441.47, 260099, 159, 1, 0
621, 1, 186, 221, 75, 0, 39.07%, 1, 0, 7, 429.12, 262295, 159, 1, 0
626, 1, 150, 222, 73, 0, 39.07%, 1, 0, 7, 419.42, 264481, 159, 1, 0
631, 1, 222, 223, 72, 1, 39.31%, 1, 0, 7, 413.25, 266713, 160, 1, 0
637, 1, 199, 223, 71, 0, 39.31%, 1, 0, 7, 381.26, 268640, 160, 1, 0
642, 1, 172, 224, 69, 0, 39.31%, 1, 0, 8, 432.04, 270869, 160, 1, 0
647, 1, 111, 224, 67, 0, 39.31%, 1, 0, 8, 401.96, 272941, 160, 1, 0
652, 1, 88, 224, 65, 0, 39.31%, 1, 0, 8, 409.98, 275142, 160, 1, 0
657, 1, 7, 224, 59, 0, 39.31%, 1, 0, 8, 433.70, 277363, 160, 1, 0
662, 1, 159, 225, 57, 0, 39.31%, 1, 0, 8, 445.21, 279675, 160, 1, 0
667, 1, 66, 225, 54, 0, 39.31%, 1, 0, 8, 400.46, 281688, 160, 1, 0
672, 1, 128, 226, 50, 0, 39.31%, 1, 0, 8, 477.32, 284129, 160, 1, 0
677, 1, 209, 227, 47, 0, 39.31%, 1, 0, 8, 439.19, 286295, 160, 1, 0
682, 1, 185, 228, 46, 0, 39.31%, 1, 0, 8, 453.00, 288623, 160, 1, 0
687, 1, 200, 228, 44, 0, 39.31%, 1, 0, 8, 484.10, 291124, 160, 1, 0
692, 1, 205, 229, 43, 0, 39.31%, 1, 0, 8, 465.83, 293459, 160, 1, 0
697, 1, 181, 229, 40, 0, 39.31%, 1, 0, 8, 438.82, 295612, 160, 1, 0
703, 1, 195, 230, 39, 0, 39.31%, 1, 0, 8, 457.32, 297939, 160, 1, 0
708, 1, 168, 232, 40, 0, 39.31%, 1, 0, 8, 430.10, 300066, 160, 1, 0
713, 1, 229, 232, 37, 0, 39.31%, 1, 0, 8, 421.31, 302223, 160, 1, 0
718, 1, 44, 232, 35, 0, 39.31%, 1, 0, 8, 414.56, 304346, 160, 1, 0
723, 1, 190, 232, 33, 0, 39.31%, 1, 0, 8, 418.37, 306462, 160, 1, 0
728, 1, 52, 234, 30, 0, 39.80%, 1, 0, 8, 428.51, 308599, 162, 1, 0
733, 1, 232, 240, 36, 2, 40.29%, 1, 0, 8, 610.66, 310997, 164, 1, 0
738, 1, 232, 242, 38, 2, 40.29%, 1, 0, 8, 484.43, 313303, 164, 1, 0
743, 1, 232, 242, 38, 2, 40.29%, 1, 0, 8, 459.90, 315580, 164, 1, 0
748, 1, 232, 242, 38, 2, 40.29%, 1, 0, 8, 447.17, 317821, 164, 1, 0
753, 1, 232, 242, 38, 2, 40.29%, 1, 0, 8, 455.83, 320062, 164, 1, 0
758, 1, 232, 243, 39, 2, 40.54%, 1, 0, 8, 434.66, 322230, 165, 1, 0
764, 1, 232, 243, 39, 2, 40.54%, 1, 0, 8, 422.08, 324366, 165, 1, 0
769, 1, 232, 243, 39, 2, 40.54%, 1, 0, 8, 406.95, 326414, 165, 1, 0
774, 1, 232, 243, 39, 2, 40.54%, 1, 0, 8, 397.48, 328457, 165, 1, 0
779, 1, 232, 243, 39, 2, 40.54%, 1, 0, 8, 452.51, 330814, 165, 1, 0
784, 1, 232, 243, 39, 2, 40.54%, 1, 0, 8, 414.73, 332958, 165, 1, 0
789, 1, 232, 244, 40, 2, 40.54%, 1, 0, 8, 429.96, 335109, 165, 1, 0
794, 1, 232, 244, 40, 2, 40.54%, 1, 0, 8, 433.54, 337349, 165, 1, 0
799, 1, 232, 244, 40, 2, 40.54%, 1, 0, 8, 450.42, 339605, 165, 1, 0
804, 1, 232, 245, 41, 2, 40.54%, 1, 0, 8, 483.10, 341845, 165, 1, 0
809, 1, 232, 245, 41, 2, 40.54%, 1, 0, 8, 454.85, 344095, 165, 1, 0
814, 1, 232, 245, 41, 2, 40.54%, 1, 0, 8, 477.57, 346417, 165, 1, 0
819, 1, 232, 245, 41, 2, 40.54%, 1, 0, 8, 426.41, 348468, 165, 1, 0
824, 1, 232, 245, 41, 2, 40.54%, 1, 0, 8, 374.78, 350374, 165, 1, 0
829, 1, 232, 245, 41, 2, 40.54%, 1, 0, 8, 389.60, 352362, 165, 1, 0
835, 1, 232, 245, 41, 2, 40.54%, 1, 0, 8, 409.22, 354484, 165, 1, 0
840, 1, 232, 245, 41, 2, 40.54%, 1, 0, 8, 411.20, 356628, 165, 1, 0
845, 1, 232, 245, 41, 2, 40.54%, 1, 0, 8, 398.17, 358648, 165, 1, 0
850, 1, 232, 245, 41, 2, 40.54%, 1, 0, 8, 432.75, 360844, 165, 1, 0
855, 1, 236, 245, 37, 1, 40.54%, 1, 0, 8, 414.64, 362933, 165, 1, 0
860, 1, 225, 245, 33, 0, 40.54%, 1, 0, 8, 416.93, 365057, 165, 1, 0
865, 1, 203, 245, 31, 0, 40.54%, 1, 0, 8, 428.39, 367150, 165, 1, 0
870, 1, 97, 246, 31, 0, 40.54%, 1, 0, 8, 422.08, 369325, 165, 1, 0
875, 1, 240, 246, 28, 0, 40.54%, 1, 0, 8, 404.47, 371356, 165, 1, 0
880, 1, 101, 246, 26, 0, 40.54%, 1, 0, 8, 419.74, 373513, 165, 1, 0
885, 1, 224, 336, 115, 0, 52.33%, 1, 0, 8, 407.03, 375619, 213, 1, 0
890, 2, 338, 350, 128, 17, 52.83%, 1, 0, 8, 405.37, 377706, 215, 1, 0
895, 2, 342, 351, 127, 15, 52.83%, 1, 0, 8, 428.87, 379946, 215, 1, 0
900, 2, 340, 351, 125, 14, 52.83%, 1, 0, 8, 442.09, 382050, 215, 1, 0
