# relative_time, cycles_done, cur_item, corpus_count, pending_total, pending_favs, map_size, saved_crashes, saved_hangs, max_depth, execs_per_sec, total_execs, edges_found, total_crashes, servers_count
60, 0, 9, 68, 63, 4, 30.22%, 0, 0, 2, 463.75, 27750, 123, 0, 0
66, 0, 9, 68, 63, 4, 30.22%, 0, 0, 2, 482.00, 30117, 123, 0, 0
71, 0, 9, 69, 64, 4, 30.47%, 0, 0, 2, 432.77, 32261, 124, 0, 0
76, 0, 9, 69, 64, 4, 30.47%, 0, 0, 2, 425.52, 34445, 124, 0, 0
81, 0, 9, 71, 66, 4, 30.47%, 0, 0, 2, 429.71, 36627, 124, 0, 0
86, 0, 9, 71, 66, 4, 30.47%, 0, 0, 2, 430.03, 38779, 124, 0, 0
91, 0, 9, 71, 66, 4, 30.47%, 0, 0, 2, 419.23, 40947, 124, 0, 0
96, 0, 9, 71, 66, 4, 30.47%, 0, 0, 2, 431.56, 43172, 124, 0, 0
101, 0, 9, 71, 66, 4, 30.47%, 0, 0, 2, 427.31, 45340, 124, 0, 0
106, 0, 9, 71, 66, 4, 30.47%, 0, 0, 2, 423.49, 47420, 124, 0, 0
111, 0, 9, 71, 66, 4, 30.47%, 0, 0, 2, 420.47, 49532, 124, 0, 0
116, 0, 9, 71, 66, 4, 30.47%, 0, 0, 2, 436.75, 51748, 124, 0, 0
121, 0, 9, 71, 66, 4, 30.47%, 0, 0, 2, 406.43, 53812, 124, 0, 0
126, 0, 57, 98, 91, 28, 33.91%, 0, 0, 3, 427.73, 55992, 138, 0, 0
132, 0, 73, 99, 85, 22, 34.15%, 0, 0, 3, 418.04, 58119, 139, 0, 0
137, 0, 103, 104, 88, 24, 42.01%, 0, 0, 3, 424.14, 60374, 171, 0, 0
142, 0, 115, 118, 101, 24, 42.01%, 0, 0, 3, 471.24, 62819, 171, 0, 0
147, 0, 115, 140, 123, 24, 42.26%, 0, 0, 4, 430.25, 64926, 172, 0, 0
152, 0, 115, 144, 127, 24, 42.51%, 0, 0, 4, 409.45, 66986, 173, 0, 0
157, 0, 115, 150, 133, 24, 42.51%, 0, 0, 4, 445.32, 69261, 173, 0, 0
162, 0, 115, 150, 133, 24, 42.51%, 0, 0, 4, 433.70, 71510, 173, 0, 0
167, 0, 115, 150, 133, 24, 42.51%, 0, 0, 4, 443.10, 73814, 173, 0, 0
172, 0, 115, 151, 134, 24, 42.51%, 0, 0, 4, 464.91, 76122, 173, 0, 0
177, 0, 151, 152, 133, 26, 42.51%, 0, 0, 5, 486.02, 78584, 173, 0, 0
182, 0, 59, 152, 130, 23, 42.51%, 0, 0, 5, 445.41, 80829, 173, 0, 0
187, 0, 59, 167, 145, 23, 43.73%, 0, 0, 5, 442.48, 83052, 178, 0, 0
192, 0, 59, 170, 148, 23, 43.73%, 0, 0, 5, 430.33, 85169, 178, 0, 0
198, 0, 59, 173, 151, 23, 43.73%, 0, 0, 5, 434.17, 87414, 178, 0, 0
203, 0, 59, 176, 154, 23, 43.73%, 0, 0, 5, 445.05, 89651, 178, 0, 0
208, 0, 59, 177, 155, 23, 43.73%, 0, 0, 5, 435.82, 91891, 178, 0, 0
213, 0, 59, 179, 157, 23, 43.73%, 0, 0, 5, 442.55, 94233, 178, 0, 0
218, 0, 59, 180, 158, 23, 43.73%, 0, 0, 5, 424.27, 96400, 178, 0, 0
223, 0, 59, 182, 160, 23, 43.73%, 0, 0, 5, 409.14, 98518, 178, 0, 0
228, 0, 59, 184, 162, 23, 43.73%, 0, 0, 5, 425.53, 100700, 178, 0, 0
233, 0, 59, 184, 162, 23, 43.73%, 0, 0, 5, 446.62, 102956, 178, 0, 0
238, 0, 59, 184, 162, 23, 43.73%, 0, 0, 5, 430.86, 105133, 178, 0, 0
244, 0, 59, 184, 162, 23, 43.73%, 0, 0, 5, 436.98, 107477, 178, 0, 0
249, 0, 59, 184, 162, 23, 43.73%, 0, 0, 5, 464.13, 109938, 178, 0, 0
254, 0, 59, 186, 164, 23, 43.73%, 0, 0, 5, 438.07, 112083, 178, 0, 0
259, 0, 59, 186, 164, 23, 43.73%, 0, 0, 5, 429.65, 114211, 178, 0, 0
264, 0, 59, 188, 166, 23, 43.73%, 0, 0, 5, 431.40, 116425, 178, 0, 0
269, 0, 59, 189, 167, 23, 43.73%, 0, 0, 5, 439.26, 118688, 178, 0, 0
274, 0, 7, 195, 172, 20, 45.95%, 0, 0, 5, 456.05, 120959, 187, 0, 0
279, 0, 179, 197, 172, 22, 45.95%, 0, 0, 5, 450.28, 123217, 187, 0, 0
284, 0, 179, 201, 176, 22, 45.95%, 0, 0, 5, 446.61, 125493, 187, 0, 0
289, 0, 179, 205, 180, 22, 45.95%, 0, 0, 5, 451.41, 127785, 187, 0, 0
294, 0, 179, 206, 181, 22, 45.95%, 0, 0, 5, 470.52, 130155, 187, 0, 0
300, 0, 179, 208, 183, 22, 45.95%, 0, 0, 5, 440.13, 132446, 187, 0, 0
305, 0, 179, 210, 185, 22, 45.95%, 0, 0, 5, 431.09, 134660, 187, 0, 0
310, 0, 179, 211, 186, 22, 45.95%, 0, 0, 5, 465.37, 137075, 187, 0, 0
315, 0, 179, 211, 186, 22, 45.95%, 0, 0, 5, 446.88, 139267, 187, 0, 0
320, 0, 179, 211, 186, 22, 45.95%, 0, 0, 5, 423.93, 141411, 187, 0, 0
325, 0, 179, 212, 187, 22, 45.95%, 0, 0, 5, 424.85, 143586, 187, 0, 0
330, 0, 179, 212, 187, 22, 45.95%, 0, 0, 5, 434.87, 145770, 187, 0, 0
335, 0, 179, 212, 187, 22, 45.95%, 0, 0, 5, 463.83, 148071, 187, 0, 0
340, 0, 179, 214, 189, 22, 45.95%, 0, 0, 5, 460.70, 150371, 187, 0, 0
345, 0, 179, 214, 189, 22, 45.95%, 0, 0, 5, 449.90, 152693, 187, 0, 0
350, 0, 179, 214, 189, 22, 45.95%, 0, 0, 5, 451.71, 154952, 187, 0, 0
355, 0, 179, 214, 189, 22, 45.95%, 0, 0, 5, 431.83, 157104, 187, 0, 0
360, 0, 179, 216, 191, 22, 45.95%, 0, 0, 5, 460.77, 159511, 187, 0, 0
365, 0, 190, 217, 191, 22, 45.95%, 0, 0, 5, 487.55, 161947, 187, 0, 0
371, 0, 217, 228, 201, 25, 47.42%, 1, 0, 5, 477.41, 164384, 193, 1, 0
376, 0, 225, 229, 199, 22, 47.42%, 1, 0, 5, 444.58, 166607, 193, 1, 0
381, 0, 225, 235, 205, 22, 47.42%, 1, 0, 5, 446.10, 168866, 193, 1, 0
386, 0, 225, 239, 209, 22, 48.16%, 1, 0, 5, 458.91, 171203, 196, 1, 0
391, 0, 225, 240, 210, 22, 48.16%, 1, 0, 5, 446.31, 173460, 196, 1, 0
396, 0, 158, 241, 209, 21, 48.16%, 1, 0, 5, 473.55, 175850, 196, 1, 0
401, 0, 141, 241, 207, 19, 48.16%, 1, 0, 5, 474.58, 178272, 196, 1, 0
406, 0, 220, 241, 205, 17, 48.16%, 1, 0, 5, 463.31, 180591, 196, 1, 0
411, 0, 99, 243, 205, 16, 48.40%, 1, 0, 5, 454.69, 182901, 197, 1, 0
416, 0, 32, 243, 201, 12, 48.40%, 1, 0, 5, 470.08, 185351, 197, 1, 0
421, 0, 89, 243, 197, 10, 48.40%, 1, 0, 5, 453.62, 187585, 197, 1, 0
426, 0, 236, 250, 203, 9, 48.40%, 1, 0, 5, 462.92, 189900, 197, 1, 0
431, 0, 236, 261, 214, 9, 48.65%, 1, 0, 5, 435.08, 192046, 198, 1, 0
436, 0, 236, 263, 216, 9, 48.65%, 1, 0, 5, 452.23, 194385, 198, 1, 0
441, 0, 236, 264, 217, 9, 48.65%, 1, 0, 5, 435.30, 196603, 198, 1, 0
446, 0, 236, 264, 217, 9, 48.65%, 1, 0, 5, 451.07, 198947, 198, 1, 0
451, 0, 236, 264, 217, 9, 48.65%, 1, 0, 5, 385.71, 200884, 198, 1, 0
456, 0, 236, 264, 217, 9, 48.65%, 1, 0, 5, 440.63, 203123, 198, 1, 0
462, 0, 236, 265, 218, 9, 48.65%, 1, 0, 5, 443.75, 205434, 198, 1, 0
467, 0, 236, 266, 219, 9, 48.65%, 1, 0, 5, 463.43, 207852, 198, 1, 0
472, 0, 236, 266, 219, 9, 48.65%, 1, 0, 5, 452.60, 210129, 198, 1, 0
477, 0, 236, 267, 220, 9, 48.65%, 1, 0, 5, 446.81, 212440, 198, 1, 0
482, 0, 236, 268, 221, 9, 48.65%, 1, 0, 5, 458.97, 214769, 198, 1, 0
487, 0, 236, 268, 221, 9, 48.65%, 1, 0, 5, 456.32, 217055, 198, 1, 0
492, 0, 236, 268, 221, 9, 48.65%, 1, 0, 5, 456.42, 219386, 198, 1, 0
497, 0, 236, 268, 221, 9, 48.65%, 1, 0, 5, 446.62, 221639, 198, 1, 0
502, 0, 236, 268, 221, 9, 48.65%, 1, 0, 5, 478.46, 224183, 198, 1, 0
507, 0, 236, 268, 221, 9, 48.65%, 1, 0, 5, 442.77, 226399, 198, 1, 0
512, 0, 236, 270, 223, 9, 48.65%, 1, 0, 5, 453.45, 228742, 198, 1, 0
517, 0, 129, 270, 221, 9, 48.65%, 1, 0, 5, 465.21, 231098, 198, 1, 0
523, 0, 255, 270, 218, 8, 48.65%, 1, 0, 5, 455.23, 233378, 198, 1, 0
528, 0, 143, 270, 217, 8, 48.65%, 1, 0, 5, 433.75, 235627, 198, 1, 0
533, 0, 36, 270, 214, 6, 48.65%, 1, 0, 5, 452.59, 237912, 198, 1, 0
538, 0, 187, 270, 210, 2, 48.65%, 1, 0, 5, 467.79, 240241, 198, 1, 0
543, 0, 94, 271, 208, 1, 48.65%, 1, 0, 6, 459.42, 242566, 198, 1, 0
548, 0, 233, 271, 205, 1, 48.65%, 1, 0, 6, 463.49, 244899, 198, 1, 0
553, 0, 124, 272, 202, 0, 48.65%, 1, 0, 6, 469.01, 247234, 198, 1, 0
558, 0, 263, 272, 198, 0, 48.65%, 1, 0, 6, 470.76, 249583, 198, 1, 0
563, 0, 212, 274, 199, 0, 48.65%, 1, 0, 6, 447.11, 251835, 198, 1, 0
568, 0, 151, 274, 196, 0, 48.65%, 1, 0, 6, 447.35, 254026, 198, 1, 0
573, 0, 263, 275, 196, 0, 48.89%, 1, 0, 6, 446.98, 256282, 199, 1, 0
578, 0, 220, 275, 193, 0, 48.89%, 1, 0, 6, 445.85, 258566, 199, 1, 0
583, 0, 110, 276, 193, 0, 48.89%, 1, 0, 6, 436.31, 260739, 199, 1, 0
588, 0, 226, 277, 192, 0, 49.14%, 1, 0, 6, 458.96, 263063, 200, 1, 0
593, 0, 181, 279, 192, 0, 49.14%, 1, 0, 6, 439.89, 265271, 200, 1, 0
598, 0, 8, 280, 191, 0, 49.14%, 1, 0, 6, 431.17, 267435, 200, 1, 0
603, 0, 104, 280, 189, 0, 49.14%, 1, 0, 6, 409.44, 269475, 200, 1, 0
608, 0, 223, 280, 187, 0, 49.14%, 1, 0, 6, 430.47, 271727, 200, 1, 0
614, 0, 248, 280, 185, 0, 49.14%, 1, 0, 6, 445.91, 274007, 200, 1, 0
619, 0, 151, 280, 182, 0, 49.14%, 1, 0, 6, 445.02, 276313, 200, 1, 0
624, 0, 21, 280, 179, 0, 49.14%, 1, 0, 6, 430.17, 278518, 200, 1, 0
629, 0, 151, 280, 178, 0, 49.14%, 1, 0, 6, 443.34, 280888, 200, 1, 0
634, 0, 247, 280, 175, 0, 49.14%, 1, 0, 6, 461.49, 283250, 200, 1, 0
639, 0, 210, 281, 174, 0, 49.14%, 1, 0, 6, 425.92, 285453, 200, 1, 0
644, 0, 123, 282, 175, 0, 49.14%, 1, 0, 6, 448.93, 287775, 200, 1, 0
649, 0, 145, 286, 177, 0, 49.14%, 1, 0, 6, 427.14, 289917, 200, 1, 0
654, 0, 145, 288, 179, 0, 49.14%, 1, 0, 6, 420.38, 292010, 200, 1, 0
659, 0, 145, 289, 180, 0, 49.14%, 1, 0, 6, 430.98, 294233, 200, 1, 0
664, 0, 145, 290, 181, 0, 49.14%, 1, 0, 6, 437.90, 296464, 200, 1, 0
669, 0, 145, 290, 181, 0, 49.14%, 1, 0, 6, 452.58, 298720, 200, 1, 0
674, 0, 145, 291, 182, 0, 49.14%, 1, 0, 6, 439.35, 300991, 200, 1, 0
679, 0, 206, 291, 181, 0, 49.14%, 1, 0, 6, 445.23, 303308, 200, 1, 0
685, 0, 292, 293, 182, 1, 49.14%, 1, 0, 6, 436.98, 305478, 200, 1, 0
690, 0, 263, 293, 179, 0, 49.14%, 1, 0, 6, 434.74, 307738, 200, 1, 0
695, 0, 271, 293, 178, 0, 49.14%, 1, 0, 6, 447.18, 310037, 200, 1, 0
700, 0, 288, 294, 178, 0, 49.14%, 1, 0, 6, 451.81, 312344, 200, 1, 0
705, 0, 194, 294, 176, 0, 49.14%, 1, 0, 6, 449.11, 314601, 200, 1, 0
710, 0, 111, 294, 175, 0, 49.14%, 1, 0, 6, 467.22, 316922, 200, 1, 0
715, 0, 294, 295, 175, 1, 49.39%, 1, 0, 6, 471.21, 319382, 201, 1, 0
720, 0, 254, 295, 173, 0, 49.39%, 1, 0, 6, 463.89, 321742, 201, 1, 0
725, 0, 279, 295, 169, 0, 49.39%, 1, 0, 6, 486.49, 324215, 201, 1, 0
730, 0, 198, 295, 166, 0, 49.39%, 1, 0, 6, 481.18, 326668, 201, 1, 0
735, 1, 222, 295, 164, 0, 49.39%, 1, 0, 6, 447.73, 328897, 201, 1, 0
740, 1, 35, 296, 161, 0, 49.39%, 1, 0, 6, 449.03, 331147, 201, 1, 0
745, 1, 101, 296, 159, 0, 49.39%, 1, 0, 6, 478.29, 333553, 201, 1, 0
750, 1, 243, 297, 157, 0, 49.39%, 1, 0, 7, 436.95, 335770, 201, 1, 0
755, 1, 85, 297, 156, 0, 49.39%, 1, 0, 7, 442.21, 338056, 201, 1, 0
760, 1, 109, 297, 154, 0, 49.39%, 1, 0, 7, 443.46, 340273, 201, 1, 0
765, 1, 28, 297, 150, 0, 49.39%, 1, 0, 7, 466.43, 342624, 201, 1, 0
770, 1, 230, 298, 149, 0, 49.39%, 1, 0, 7, 439.84, 344890, 201, 1, 0
776, 1, 76, 298, 147, 0, 49.39%, 1, 0, 7, 452.82, 347194, 201, 1, 0
781, 1, 116, 298, 143, 0, 49.39%, 1, 0, 7, 425.82, 349295, 201, 1, 0
786, 1, 193, 298, 139, 0, 49.39%, 1, 0, 7, 451.85, 351604, 201, 1, 0
791, 1, 299, 300, 137, 1, 49.63%, 1, 0, 7, 472.18, 353990, 202, 1, 0
796, 1, 304, 306, 140, 1, 50.12%, 1, 0, 7, 451.89, 356228, 204, 1, 0
801, 1, 260, 306, 139, 0, 50.12%, 1, 0, 7, 434.09, 358447, 204, 1, 0
806, 1, 40, 307, 137, 0, 50.12%, 1, 0, 7, 451.28, 360733, 204, 1, 0
811, 1, 303, 308, 136, 0, 50.12%, 1, 0, 8, 462.96, 363051, 204, 1, 0
816, 1, 57, 308, 133, 0, 50.12%, 1, 0, 8, 474.71, 365481, 204, 1, 0
821, 1, 308, 309, 132, 1, 50.12%, 1, 0, 8, 470.41, 367809, 204, 1, 0
826, 1, 308, 309, 132, 1, 50.12%, 1, 0, 8, 433.87, 369961, 204, 1, 0
831, 1, 308, 309, 132, 1, 50.12%, 1, 0, 8, 424.53, 372089, 204, 1, 0
836, 1, 249, 309, 129, 0, 50.12%, 1, 0, 8, 456.23, 374425, 204, 1, 0
842, 1, 114, 310, 128, 0, 50.12%, 1, 0, 8, 449.39, 376729, 204, 1, 0
847, 1, 32, 310, 125, 0, 50.12%, 1, 0, 8, 439.93, 378968, 204, 1, 0
852, 1, 274, 313, 128, 0, 50.61%, 1, 0, 8, 439.98, 381133, 206, 1, 0
857, 1, 311, 314, 128, 2, 50.61%, 1, 0, 8, 439.58, 383386, 206, 1, 0
862, 1, 310, 315, 128, 1, 50.61%, 1, 0, 8, 461.18, 385720, 206, 1, 0
867, 1, 310, 316, 129, 1, 50.61%, 1, 0, 8, 463.11, 388090, 206, 1, 0
872, 1, 310, 317, 130, 1, 50.61%, 1, 0, 8, 448.71, 390347, 206, 1, 0
877, 1, 310, 317, 128, 0, 50.61%, 1, 0, 8, 463.21, 392656, 206, 1, 0
882, 1, 199, 317, 126, 0, 50.61%, 1, 0, 8, 427.26, 394800, 206, 1, 0
887, 1, 305, 317, 123, 0, 50.61%, 1, 0, 8, 455.29, 397102, 206, 1, 0
892, 1, 314, 319, 125, 0, 50.61%, 1, 0, 9, 468.03, 399445, 206, 1, 0
897, 1, 285, 319, 123, 0, 50.61%, 1, 0, 9, 460.16, 401689, 206, 1, 0
902, 1, 142, 319, 120, 0, 50.61%, 1, 0, 9, 480.67, 404121, 206, 1, 0
907, 1, 307, 321, 121, 0, 50.61%, 1, 0, 9, 440.35, 406295, 206, 1, 0
912, 1, 273, 322, 121, 0, 50.61%, 1, 0, 9, 457.51, 408680, 206, 1, 0
917, 1, 286, 322, 118, 0, 50.61%, 1, 0, 9, 463.22, 411006, 206, 1, 0
923, 1, 284, 322, 115, 0, 50.61%, 1, 0, 9, 449.85, 413312, 206, 1, 0
928, 1, 45, 322, 112, 0, 50.61%, 1, 0, 9, 448.49, 415621, 206, 1, 0
933, 1, 283, 322, 108, 0, 50.61%, 1, 0, 9, 443.53, 417857, 206, 1, 0
938, 1, 256, 322, 105, 0, 50.61%, 1, 0, 9, 461.47, 420238, 206, 1, 0
943, 1, 92, 322, 103, 0, 50.61%, 1, 0, 9, 463.97, 422561, 206, 1, 0
948, 1, 321, 322, 100, 0, 50.61%, 1, 0, 9, 462.27, 424893, 206, 1, 0
953, 1, 246, 326, 103, 0, 50.61%, 1, 0, 9, 447.74, 427123, 206, 1, 0
958, 1, 324, 326, 101, 0, 50.61%, 1, 0, 9, 462.41, 429515, 206, 1, 0
963, 1, 326, 327, 100, 0, 50.61%, 1, 0, 9, 450.98, 431758, 206, 1, 0
968, 1, 210, 327, 98, 0, 50.61%, 1, 0, 9, 450.61, 434041, 206, 1, 0
973, 1, 79, 327, 95, 0, 50.61%, 1, 0, 9, 452.22, 436337, 206, 1, 0
978, 1, 323, 327, 93, 0, 50.61%, 1, 0, 9, 470.92, 438762, 206, 1, 0
983, 1, 319, 328, 92, 0, 50.61%, 1, 0, 9, 457.59, 441006, 206, 1, 0
989, 1, 287, 328, 88, 0, 50.61%, 1, 0, 9, 437.80, 443355, 206, 1, 0
994, 1, 93, 328, 86, 0, 50.61%, 1, 0, 9, 452.09, 445620, 206, 1, 0
999, 1, 136, 328, 83, 0, 50.61%, 1, 0, 9, 452.93, 447948, 206, 1, 0
1004, 1, 198, 328, 80, 0, 50.61%, 1, 0, 9, 461.43, 450274, 206, 1, 0
1009, 1, 235, 330, 81, 0, 50.61%, 1, 0, 9, 472.87, 452649, 206, 1, 0
1014, 1, 265, 331, 81, 0, 50.61%, 1, 0, 9, 463.56, 455015, 206, 1, 0
1019, 1, 80, 331, 79, 0, 50.61%, 1, 0, 9, 443.36, 457230, 206, 1, 0
1024, 1, 56, 331, 76, 0, 50.61%, 1, 0, 9, 445.61, 459468, 206, 1, 0
1029, 1, 280, 331, 74, 0, 50.61%, 1, 0, 9, 455.37, 461833, 206, 1, 0
1034, 1, 233, 331, 69, 0, 50.61%, 1, 0, 9, 459.65, 464151, 206, 1, 0
1039, 1, 218, 331, 67, 0, 50.61%, 1, 0, 9, 454.69, 466506, 206, 1, 0
1044, 1, 310, 332, 66, 0, 50.61%, 1, 0, 9, 453.03, 468827, 206, 1, 0
1049, 1, 35, 332, 64, 0, 50.61%, 1, 0, 9, 455.30, 471131, 206, 1, 0
1054, 1, 318, 332, 63, 0, 50.61%, 1, 0, 9, 454.85, 473374, 206, 1, 0
1060, 1, 229, 332, 62, 0, 50.61%, 1, 0, 9, 502.49, 475946, 206, 1, 0
1065, 1, 191, 332, 59, 0, 50.61%, 1, 0, 9, 488.07, 478441, 206, 1, 0
1070, 1, 89, 332, 57, 0, 50.61%, 1, 0, 9, 453.27, 480770, 206, 1, 0
1075, 1, 329, 332, 56, 0, 50.61%, 1, 0, 9, 453.42, 483075, 206, 1, 0
1080, 1, 83, 332, 54, 0, 50.61%, 1, 0, 9, 450.83, 485339, 206, 1, 0
1085, 1, 118, 332, 51, 0, 50.61%, 1, 0, 9, 457.91, 487760, 206, 1, 0
1090, 1, 98, 335, 51, 0, 50.86%, 1, 0, 9, 437.64, 489990, 207, 1, 0
1095, 2, 367, 436, 151, 21, 59.21%, 1, 0, 9, 482.87, 492508, 241, 1, 0
1100, 2, 353, 436, 150, 20, 59.21%, 1, 0, 9, 439.83, 494700, 241, 1, 0
1105, 2, 332, 436, 149, 19, 59.21%, 1, 0, 9, 434.32, 496927, 241, 1, 0
1111, 2, 350, 436, 147, 17, 59.21%, 1, 0, 9, 453.42, 499285, 241, 1, 0
1116, 2, 380, 437, 147, 16, 59.21%, 1, 0, 9, 427.10, 501420, 241, 1, 0
1121, 2, 401, 440, 148, 15, 59.21%, 1, 0, 9, 440.15, 503643, 241, 1, 0
1126, 2, 383, 440, 146, 13, 59.21%, 1, 0, 9, 484.18, 506265, 241, 1, 0
1131, 2, 355, 440, 144, 11, 59.21%, 2, 0, 9, 493.71, 508757, 241, 2, 0
1136, 2, 398, 440, 142, 9, 59.21%, 2, 0, 9, 475.34, 511075, 241, 2, 0
1141, 2, 402, 440, 140, 7, 59.21%, 2, 0, 9, 444.60, 513337, 241, 2, 0
1146, 2, 337, 440, 138, 5, 59.21%, 2, 0, 9, 452.13, 515685, 241, 2, 0
1151, 2, 150, 440, 137, 4, 59.21%, 2, 0, 9, 455.52, 518047, 241, 2, 0
1156, 2, 346, 440, 134, 2, 59.21%, 2, 0, 9, 483.12, 520463, 241, 2, 0
1162, 2, 349, 440, 132, 2, 59.21%, 2, 0, 9, 473.05, 522845, 241, 2, 0
1167, 2, 396, 440, 129, 0, 59.21%, 3, 0, 9, 458.02, 525162, 241, 3, 0
1172, 2, 376, 440, 127, 0, 59.21%, 3, 0, 9, 460.13, 527505, 241, 3, 0
1177, 2, 374, 440, 124, 0, 59.21%, 3, 0, 9, 454.09, 529759, 241, 3, 0
1182, 2, 290, 440, 122, 0, 59.21%, 3, 0, 9, 444.00, 532003, 241, 3, 0
1187, 2, 146, 440, 120, 0, 59.21%, 3, 0, 9, 445.85, 534342, 241, 3, 0
1192, 2, 354, 440, 118, 0, 59.21%, 3, 0, 9, 486.37, 536802, 241, 3, 0
1197, 2, 379, 440, 116, 0, 59.21%, 4, 0, 9, 460.03, 539109, 241, 4, 0
1202, 2, 382, 440, 114, 0, 59.21%, 4, 0, 9, 462.91, 541476, 241, 4, 0
1207, 2, 431, 440, 111, 0, 59.21%, 4, 0, 9, 456.99, 543768, 241, 4, 0
1212, 2, 428, 440, 109, 0, 59.21%, 4, 0, 9, 463.82, 546042, 241, 4, 0
1217, 2, 427, 440, 105, 0, 59.21%, 7, 0, 9, 462.26, 548397, 241, 11, 0
1222, 2, 368, 440, 103, 0, 59.21%, 7, 0, 9, 450.18, 550706, 241, 11, 0
1227, 2, 391, 440, 102, 0, 59.21%, 7, 0, 9, 460.21, 553040, 241, 16, 0
1232, 2, 390, 440, 100, 0, 59.21%, 7, 0, 9, 466.03, 555424, 241, 16, 0
1237, 2, 361, 440, 98, 0, 59.21%, 7, 0, 9, 448.86, 557678, 241, 16, 0
1242, 2, 422, 440, 97, 0, 59.21%, 7, 0, 9, 450.31, 559932, 241, 16, 0
1247, 2, 392, 440, 95, 0, 59.21%, 7, 0, 9, 451.63, 562145, 241, 16, 0
1252, 2, 360, 440, 94, 0, 59.21%, 7, 0, 9, 428.68, 564238, 241, 16, 0
1257, 2, 423, 440, 93, 0, 59.21%, 8, 0, 9, 452.83, 566536, 241, 22, 0
1263, 2, 32, 441, 92, 0, 59.21%, 8, 0, 9, 461.32, 568878, 241, 22, 0
1268, 2, 267, 441, 91, 0, 59.21%, 8, 0, 9, 455.16, 571169, 241, 27, 0
1273, 2, 344, 441, 89, 0, 59.21%, 8, 0, 9, 449.32, 573423, 241, 27, 0
1278, 2, 439, 441, 87, 0, 59.21%, 8, 0, 9, 444.18, 575649, 241, 27, 0
1283, 2, 407, 441, 84, 0, 59.21%, 8, 0, 9, 461.02, 578015, 241, 29, 0
1288, 2, 393, 441, 82, 0, 59.21%, 8, 0, 9, 453.59, 580295, 241, 29, 0
1293, 2, 351, 441, 80, 0, 59.21%, 8, 0, 9, 466.06, 582611, 241, 29, 0
1298, 2, 58, 441, 77, 0, 59.21%, 8, 0, 9, 470.03, 585008, 241, 29, 0
1303, 2, 362, 441, 75, 0, 59.21%, 8, 0, 9, 477.11, 587409, 241, 29, 0
1308, 2, 348, 441, 73, 0, 59.21%, 8, 0, 9, 453.00, 589741, 241, 29, 0
1313, 2, 383, 442, 72, 0, 59.21%, 8, 0, 9, 459.26, 592088, 241, 29, 0
1318, 2, 296, 442, 70, 0, 59.21%, 8, 0, 9, 481.21, 594531, 241, 29, 0
1323, 2, 412, 442, 68, 0, 59.21%, 8, 0, 9, 460.26, 596802, 241, 29, 0
1328, 2, 370, 442, 66, 0, 59.21%, 8, 0, 9, 444.83, 599030, 241, 29, 0
1334, 2, 371, 442, 63, 0, 59.21%, 8, 0, 9, 454.64, 601388, 241, 29, 0
1339, 2, 328, 442, 60, 0, 59.21%, 8, 0, 9, 463.54, 603737, 241, 29, 0
1344, 2, 436, 442, 59, 0, 59.21%, 8, 0, 9, 487.88, 606274, 241, 29, 0
1349, 2, 384, 442, 57, 0, 59.21%, 8, 0, 9, 449.86, 608484, 241, 30, 0
1354, 2, 32, 442, 55, 0, 59.21%, 8, 0, 9, 412.81, 610568, 241, 31, 0
1359, 2, 117, 442, 54, 0, 59.21%, 8, 0, 9, 425.91, 612731, 241, 31, 0
1364, 2, 442, 443, 53, 1, 59.21%, 8, 0, 9, 432.25, 614906, 241, 31, 0
1369, 2, 394, 444, 51, 0, 59.21%, 8, 0, 9, 467.03, 617374, 241, 31, 0
1374, 2, 337, 444, 49, 0, 59.21%, 8, 0, 9, 447.10, 619591, 241, 31, 0
1379, 2, 128, 444, 49, 0, 59.21%, 8, 0, 9, 453.26, 621938, 241, 32, 0
1384, 2, 441, 444, 47, 0, 59.21%, 8, 0, 9, 424.39, 624090, 241, 32, 0
1389, 2, 443, 444, 45, 0, 59.21%, 8, 0, 9, 458.61, 626502, 241, 33, 0
1395, 2, 355, 444, 43, 0, 59.21%, 8, 0, 9, 426.34, 628550, 241, 36, 0
1400, 2, 256, 444, 42, 0, 59.21%, 8, 0, 9, 466.05, 630888, 241, 36, 0
1405, 2, 268, 444, 41, 0, 59.21%, 8, 0, 9, 437.43, 633117, 241, 37, 0
1410, 2, 309, 444, 40, 0, 59.21%, 8, 0, 9, 430.67, 635261, 241, 37, 0
1415, 2, 279, 444, 38, 0, 59.21%, 8, 0, 9, 441.83, 637502, 241, 37, 0
1420, 2, 438, 444, 38, 0, 59.21%, 8, 0, 9, 429.14, 639689, 241, 41, 0
1425, 2, 198, 444, 36, 0, 59.21%, 8, 0, 9, 433.72, 641911, 241, 41, 0
1430, 2, 410, 444, 36, 0, 59.21%, 8, 0, 9, 453.31, 644268, 241, 41, 0
1435, 2, 421, 444, 35, 0, 59.21%, 8, 0, 9, 472.70, 646704, 241, 41, 0
1440, 2, 160, 444, 34, 0, 59.21%, 8, 0, 9, 450.90, 648985, 241, 41, 0
1445, 2, 159, 444, 33, 0, 59.21%, 8, 0, 9, 441.72, 651150, 241, 41, 0
1450, 2, 341, 444, 31, 0, 59.21%, 8, 0, 9, 465.39, 653597, 241, 41, 0
1455, 2, 358, 444, 30, 0, 59.21%, 8, 0, 9, 447.63, 655873, 241, 41, 0
1460, 2, 122, 444, 29, 0, 59.21%, 8, 0, 9, 441.97, 658098, 241, 41, 0
1465, 2, 32, 444, 27, 0, 59.21%, 8, 0, 9, 461.50, 660422, 241, 41, 0
1470, 2, 415, 444, 27, 0, 59.21%, 8, 0, 9, 464.85, 662722, 241, 41, 0
1475, 2, 367, 445, 27, 0, 59.21%, 8, 0, 9, 447.18, 664886, 241, 41, 0
1480, 2, 422, 446, 27, 0, 60.69%, 8, 0, 9, 450.79, 667293, 247, 42, 0
1486, 2, 445, 460, 41, 1, 61.43%, 8, 0, 9, 441.81, 669594, 250, 42, 0
1491, 2, 453, 463, 43, 1, 61.43%, 8, 0, 9, 441.54, 671855, 250, 42, 0
1496, 2, 453, 464, 44, 1, 61.43%, 8, 0, 9, 441.93, 674118, 250, 42, 0
1501, 2, 461, 464, 42, 0, 61.43%, 8, 0, 9, 437.41, 676332, 250, 42, 0
1506, 2, 417, 464, 41, 0, 61.43%, 8, 0, 9, 438.29, 678521, 250, 42, 0
1511, 2, 404, 464, 39, 0, 61.43%, 8, 0, 9, 423.80, 680664, 250, 42, 0
1516, 2, 300, 464, 38, 0, 61.43%, 8, 0, 9, 445.46, 682900, 250, 51, 0
1521, 3, 479, 483, 57, 4, 62.65%, 8, 0, 9, 473.23, 685235, 255, 53, 0
1526, 3, 465, 483, 55, 2, 62.65%, 8, 0, 9, 467.95, 687526, 255, 53, 0
1531, 3, 476, 483, 52, 2, 62.65%, 8, 0, 9, 467.59, 689911, 255, 53, 0
1536, 3, 482, 483, 51, 1, 62.65%, 9, 0, 9, 429.07, 692029, 255, 55, 0
1541, 3, 460, 484, 51, 0, 62.65%, 9, 0, 9, 444.39, 694263, 255, 57, 0
1546, 3, 266, 484, 49, 0, 62.65%, 9, 0, 9, 429.20, 696481, 255, 57, 0
1551, 3, 357, 484, 46, 0, 62.65%, 9, 0, 9, 435.69, 698635, 255, 57, 0
1556, 3, 220, 484, 44, 0, 62.65%, 9, 0, 9, 453.06, 700905, 255, 57, 0
1561, 3, 294, 484, 41, 0, 62.65%, 9, 0, 9, 426.88, 703045, 255, 57, 0
1567, 3, 452, 484, 40, 0, 62.65%, 9, 0, 9, 431.11, 705306, 255, 57, 0
1572, 3, 256, 484, 38, 0, 62.65%, 9, 0, 9, 443.79, 707548, 255, 57, 0
1577, 3, 194, 484, 36, 0, 62.65%, 9, 0, 9, 453.22, 709946, 255, 57, 0
1582, 3, 272, 484, 35, 0, 62.65%, 9, 0, 9, 460.70, 712341, 255, 57, 0
1587, 3, 483, 484, 34, 0, 62.65%, 9, 0, 9, 447.13, 714594, 255, 57, 0
1592, 3, 482, 484, 33, 0, 62.65%, 9, 0, 9, 456.45, 716947, 255, 58, 0
1597, 3, 446, 484, 33, 0, 62.65%, 9, 0, 9, 454.41, 719248, 255, 58, 0
1602, 3, 300, 484, 31, 0, 62.65%, 9, 0, 9, 453.00, 721497, 255, 64, 0
1607, 3, 272, 484, 30, 0, 62.65%, 9, 0, 9, 457.94, 723746, 255, 64, 0
1612, 3, 82, 484, 29, 0, 62.65%, 9, 0, 9, 433.20, 725948, 255, 64, 0
1617, 3, 451, 484, 28, 0, 62.65%, 9, 0, 9, 451.33, 728201, 255, 64, 0
1622, 3, 480, 484, 26, 0, 62.65%, 9, 0, 9, 469.68, 730563, 255, 64, 0
1627, 3, 337, 484, 24, 0, 62.65%, 9, 0, 9, 468.36, 732907, 255, 64, 0
1632, 3, 303, 484, 23, 0, 62.65%, 9, 0, 9, 449.68, 735175, 255, 65, 0
1637, 3, 30, 484, 21, 0, 62.65%, 9, 0, 9, 448.86, 737391, 255, 65, 0
1643, 3, 312, 484, 20, 0, 62.65%, 9, 0, 9, 456.37, 739742, 255, 65, 0
1648, 3, 151, 484, 19, 0, 62.65%, 9, 0, 9, 464.77, 742132, 255, 65, 0
1653, 3, 130, 484, 19, 0, 62.65%, 9, 0, 9, 452.73, 744363, 255, 71, 0
1658, 3, 47, 484, 19, 0, 62.65%, 9, 0, 9, 448.34, 746566, 255, 80, 0
1663, 3, 92, 485, 18, 0, 62.65%, 9, 0, 9, 455.04, 748901, 255, 82, 0
1668, 3, 484, 485, 18, 0, 62.65%, 9, 0, 9, 458.20, 751252, 255, 82, 0
1673, 3, 272, 485, 17, 0, 62.65%, 9, 0, 9, 466.24, 753634, 255, 82, 0
1678, 3, 315, 485, 17, 0, 62.65%, 9, 0, 9, 465.32, 755954, 255, 82, 0
1683, 3, 363, 485, 17, 0, 62.65%, 9, 0, 9, 445.46, 758209, 255, 84, 0
1688, 3, 29, 485, 15, 0, 62.65%, 9, 0, 9, 448.74, 760492, 255, 87, 0
1693, 3, 476, 485, 15, 0, 62.65%, 9, 0, 9, 454.00, 762742, 255, 87, 0
1698, 3, 125, 485, 14, 0, 62.65%, 9, 0, 9, 475.89, 765244, 255, 88, 0
1703, 3, 387, 485, 13, 0, 62.65%, 9, 0, 9, 456.57, 767513, 255, 88, 0
1709, 3, 473, 486, 12, 0, 62.65%, 9, 0, 9, 440.66, 769799, 255, 88, 0
1714, 3, 312, 486, 11, 0, 62.65%, 9, 0, 9, 451.73, 772138, 255, 89, 0
1719, 3, 294, 486, 11, 0, 62.65%, 9, 0, 9, 445.37, 774408, 255, 89, 0
1724, 3, 198, 486, 11, 0, 62.65%, 9, 0, 9, 455.98, 776668, 255, 89, 0
1729, 3, 151, 486, 11, 0, 62.65%, 9, 0, 9, 462.16, 779079, 255, 93, 0
1734, 3, 486, 487, 11, 0, 62.65%, 10, 0, 9, 485.19, 781501, 255, 95, 0
1739, 3, 36, 487, 11, 0, 62.65%, 10, 0, 9, 465.01, 783733, 255, 96, 0
1744, 3, 291, 487, 11, 0, 62.65%, 10, 0, 9, 445.05, 785979, 255, 109, 0
1749, 3, 300, 487, 11, 0, 62.65%, 10, 0, 9, 437.48, 788215, 255, 117, 0
1754, 3, 377, 487, 10, 0, 62.65%, 10, 0, 9, 443.20, 790409, 255, 118, 0
1759, 3, 409, 487, 10, 0, 62.65%, 10, 0, 9, 443.32, 792620, 255, 119, 0
1764, 3, 294, 487, 9, 0, 62.65%, 10, 0, 9, 426.00, 794852, 255, 119, 0
1769, 3, 383, 487, 8, 0, 62.65%, 10, 0, 9, 443.69, 797081, 255, 120, 0
1774, 3, 475, 487, 7, 0, 62.65%, 10, 0, 9, 423.36, 799189, 255, 123, 0
1779, 3, 468, 487, 7, 0, 62.65%, 10, 0, 9, 446.68, 801545, 255, 131, 0
1785, 4, 305, 492, 10, 0, 63.14%, 10, 0, 9, 436.42, 803790, 257, 132, 0
1790, 4, 198, 492, 10, 0, 63.14%, 10, 0, 9, 441.73, 805992, 257, 139, 0
1795, 4, 205, 492, 9, 0, 63.14%, 10, 0, 9, 424.67, 808154, 257, 139, 0
1800, 4, 489, 492, 9, 0, 63.14%, 10, 0, 9, 449.96, 810495, 257, 139, 0
1802, 4, 304, 492, 8, 0, 63.14%, 10, 0, 9, 433.19, 811547, 257, 140, 0
