# relative_time, cycles_done, cur_item, corpus_count, pending_total, pending_favs, map_size, saved_crashes, saved_hangs, max_depth, execs_per_sec, total_execs, edges_found, total_crashes, servers_count
61, 0, 9, 88, 83, 3, 31.94%, 0, 0, 2, 444.86, 27272, 130, 0, 0
66, 0, 9, 89, 84, 3, 31.94%, 0, 0, 2, 427.97, 29527, 130, 0, 0
71, 0, 9, 90, 85, 3, 31.94%, 0, 0, 2, 472.50, 31873, 130, 0, 0
76, 0, 9, 90, 85, 3, 31.94%, 0, 0, 2, 436.25, 33975, 130, 0, 0
81, 0, 9, 90, 85, 3, 31.94%, 0, 0, 2, 438.27, 36095, 130, 0, 0
86, 0, 9, 90, 85, 3, 31.94%, 0, 0, 2, 419.71, 38199, 130, 0, 0
91, 0, 9, 92, 87, 3, 31.94%, 0, 0, 2, 415.36, 40293, 130, 0, 0
96, 0, 9, 93, 88, 3, 31.94%, 0, 0, 2, 433.88, 42412, 130, 0, 0
101, 0, 9, 95, 90, 3, 31.94%, 0, 0, 2, 445.37, 44626, 130, 0, 0
106, 0, 9, 95, 90, 3, 31.94%, 0, 0, 2, 394.47, 46631, 130, 0, 0
111, 0, 9, 96, 91, 3, 31.94%, 0, 0, 2, 404.46, 48754, 130, 0, 0
116, 0, 9, 96, 91, 3, 31.94%, 0, 0, 2, 435.21, 50954, 130, 0, 0
122, 0, 9, 96, 91, 3, 31.94%, 0, 0, 2, 407.52, 52954, 130, 0, 0
127, 0, 26, 121, 115, 28, 35.63%, 0, 0, 2, 409.32, 55076, 145, 0, 0
132, 0, 104, 121, 113, 26, 35.63%, 0, 0, 2, 432.56, 57162, 145, 0, 0
137, 0, 3, 125, 110, 21, 37.35%, 0, 0, 3, 424.49, 59308, 152, 0, 0
142, 0, 64, 127, 110, 21, 37.35%, 0, 0, 3, 412.05, 61359, 152, 0, 0
147, 0, 121, 127, 109, 20, 37.35%, 0, 0, 3, 404.50, 63373, 152, 0, 0
152, 0, 100, 127, 107, 18, 37.35%, 0, 0, 3, 423.53, 65529, 152, 0, 0
157, 0, 100, 139, 119, 18, 43.73%, 0, 0, 3, 402.67, 67578, 178, 0, 0
162, 0, 138, 139, 118, 20, 43.73%, 0, 0, 3, 439.26, 69803, 178, 0, 0
167, 0, 136, 142, 120, 19, 43.73%, 0, 0, 3, 439.26, 72040, 178, 0, 0
172, 0, 156, 157, 134, 20, 43.98%, 0, 0, 3, 413.90, 74097, 179, 0, 0
177, 0, 142, 158, 132, 17, 44.23%, 0, 0, 3, 426.29, 76244, 180, 0, 0
182, 0, 142, 158, 132, 17, 44.23%, 0, 0, 3, 386.32, 78166, 180, 0, 0
187, 0, 75, 165, 137, 15, 44.96%, 0, 0, 3, 403.84, 80196, 183, 0, 0
193, 0, 75, 171, 143, 15, 44.96%, 0, 0, 3, 425.15, 82421, 183, 0, 0
198, 0, 75, 172, 144, 15, 44.96%, 0, 0, 3, 403.70, 84488, 183, 0, 0
203, 0, 75, 174, 146, 15, 44.96%, 0, 0, 3, 405.34, 86586, 183, 0, 0
208, 0, 75, 178, 150, 15, 44.96%, 0, 0, 3, 416.98, 88654, 183, 0, 0
213, 0, 75, 180, 152, 15, 44.96%, 0, 0, 3, 411.68, 90749, 183, 0, 0
218, 0, 75, 182, 154, 15, 45.21%, 0, 0, 3, 405.00, 92747, 184, 0, 0
223, 0, 75, 183, 155, 15, 45.21%, 0, 0, 3, 405.44, 94787, 184, 0, 0
228, 0, 75, 184, 156, 15, 45.21%, 0, 0, 3, 403.43, 96803, 184, 0, 0
233, 0, 75, 185, 157, 15, 45.21%, 0, 0, 3, 393.80, 98812, 184, 0, 0
239, 0, 75, 186, 158, 15, 45.21%, 0, 0, 3, 419.37, 100976, 184, 0, 0
244, 0, 75, 186, 158, 15, 45.21%, 0, 0, 3, 421.40, 103104, 184, 0, 0
249, 0, 75, 187, 159, 15, 45.21%, 0, 0, 3, 424.93, 105223, 184, 0, 0
254, 0, 75, 188, 160, 15, 45.21%, 0, 0, 3, 436.99, 107415, 184, 0, 0
259, 0, 75, 189, 161, 15, 45.21%, 0, 0, 3, 393.30, 109362, 184, 0, 0
264, 0, 75, 189, 161, 15, 45.21%, 0, 0, 3, 413.27, 111483, 184, 0, 0
269, 0, 75, 190, 162, 15, 45.21%, 0, 0, 3, 444.47, 113805, 184, 0, 0
274, 0, 75, 190, 162, 15, 45.21%, 0, 0, 3, 408.36, 115805, 184, 0, 0
279, 0, 75, 191, 163, 15, 45.21%, 0, 0, 3, 437.31, 118116, 184, 0, 0
284, 0, 129, 194, 165, 16, 45.21%, 0, 0, 3, 433.58, 120321, 184, 0, 0
289, 0, 98, 194, 163, 15, 45.21%, 0, 0, 3, 422.31, 122471, 184, 0, 0
294, 0, 86, 199, 166, 13, 45.21%, 0, 0, 3, 413.36, 124593, 184, 0, 0
299, 0, 51, 200, 164, 11, 45.21%, 0, 0, 3, 405.26, 126637, 184, 0, 0
305, 0, 111, 200, 162, 9, 45.21%, 0, 0, 3, 409.36, 128718, 184, 0, 0
310, 0, 111, 200, 162, 9, 45.21%, 0, 0, 3, 394.13, 130674, 184, 0, 0
315, 0, 111, 200, 162, 9, 45.21%, 0, 0, 3, 381.52, 132641, 184, 0, 0
320, 0, 162, 202, 163, 8, 45.21%, 0, 0, 3, 401.83, 134712, 184, 0, 0
325, 0, 167, 202, 158, 3, 45.21%, 0, 0, 3, 418.83, 136868, 184, 0, 0
330, 0, 167, 206, 162, 3, 45.21%, 0, 0, 4, 440.11, 139126, 184, 0, 0
335, 0, 167, 207, 163, 3, 45.21%, 0, 0, 4, 440.52, 141373, 184, 0, 0
340, 0, 167, 208, 164, 3, 45.21%, 0, 0, 4, 446.24, 143604, 184, 0, 0
345, 0, 167, 209, 165, 3, 45.21%, 0, 0, 4, 424.32, 145755, 184, 0, 0
350, 0, 167, 213, 169, 3, 45.21%, 0, 0, 4, 437.68, 147999, 184, 0, 0
355, 0, 167, 213, 169, 3, 45.21%, 0, 0, 4, 450.13, 150208, 184, 0, 0
360, 0, 167, 213, 169, 3, 45.21%, 0, 0, 4, 441.41, 152511, 184, 0, 0
365, 0, 167, 213, 169, 3, 45.21%, 0, 0, 4, 450.02, 154780, 184, 0, 0
370, 0, 167, 214, 170, 3, 45.21%, 0, 0, 4, 400.79, 156718, 184, 0, 0
376, 0, 167, 214, 170, 3, 45.21%, 0, 0, 4, 419.32, 158878, 184, 0, 0
381, 0, 167, 215, 171, 3, 45.21%, 0, 0, 4, 412.41, 160997, 184, 0, 0
386, 0, 167, 215, 171, 3, 45.21%, 0, 0, 4, 437.00, 163205, 184, 0, 0
391, 0, 167, 215, 171, 3, 45.21%, 0, 0, 4, 424.23, 165333, 184, 0, 0
396, 0, 167, 215, 171, 3, 45.21%, 0, 0, 4, 445.26, 167619, 184, 0, 0
401, 0, 167, 216, 172, 3, 45.21%, 0, 0, 4, 402.36, 169628, 184, 0, 0
406, 0, 167, 217, 173, 3, 45.21%, 0, 0, 4, 405.43, 171651, 184, 0, 0
411, 0, 167, 218, 174, 3, 45.21%, 0, 0, 4, 417.86, 173794, 184, 0, 0
416, 0, 167, 218, 174, 3, 45.21%, 0, 0, 4, 412.40, 175890, 184, 0, 0
421, 0, 127, 218, 170, 0, 45.21%, 0, 0, 4, 403.59, 177947, 184, 0, 0
426, 0, 55, 218, 165, 0, 45.21%, 0, 0, 4, 404.77, 180022, 184, 0, 0
432, 0, 144, 218, 160, 0, 45.21%, 0, 0, 4, 409.89, 182100, 184, 0, 0
437, 0, 178, 219, 157, 0, 45.21%, 0, 0, 4, 435.10, 184329, 184, 0, 0
442, 0, 81, 219, 156, 0, 45.21%, 0, 0, 4, 422.46, 186510, 184, 0, 0
447, 0, 130, 219, 153, 0, 45.21%, 0, 0, 4, 452.19, 188766, 184, 0, 0
452, 0, 219, 220, 152, 1, 45.45%, 0, 0, 4, 444.43, 190943, 185, 0, 0
457, 0, 192, 226, 157, 0, 45.45%, 0, 0, 4, 418.45, 193053, 185, 0, 0
462, 0, 192, 227, 158, 0, 45.45%, 0, 0, 4, 418.99, 195140, 185, 0, 0
467, 0, 192, 227, 158, 0, 45.45%, 0, 0, 4, 422.78, 197284, 185, 0, 0
472, 0, 192, 228, 159, 0, 45.45%, 0, 0, 4, 417.57, 199379, 185, 0, 0
477, 0, 64, 228, 158, 0, 45.45%, 0, 0, 4, 443.19, 201652, 185, 0, 0
483, 0, 190, 228, 156, 0, 45.45%, 0, 0, 4, 417.85, 203779, 185, 0, 0
488, 0, 156, 229, 153, 0, 45.45%, 0, 0, 4, 437.15, 205965, 185, 0, 0
493, 0, 167, 229, 152, 0, 45.45%, 0, 0, 4, 431.83, 208125, 185, 0, 0
498, 0, 195, 230, 148, 0, 45.45%, 0, 0, 4, 388.07, 210127, 185, 0, 0
503, 0, 167, 230, 145, 0, 45.45%, 0, 0, 4, 428.69, 212310, 185, 0, 0
508, 0, 76, 230, 142, 0, 45.45%, 0, 0, 4, 424.93, 214505, 185, 0, 0
513, 0, 231, 232, 142, 1, 45.70%, 0, 0, 4, 411.55, 216617, 186, 0, 0
518, 0, 57, 232, 138, 0, 45.70%, 0, 0, 4, 433.03, 218864, 186, 0, 0
523, 0, 233, 234, 137, 1, 45.95%, 0, 0, 4, 404.92, 220939, 187, 0, 0
529, 0, 235, 236, 137, 1, 46.44%, 0, 0, 4, 427.94, 223072, 189, 0, 0
534, 0, 156, 236, 135, 0, 46.44%, 0, 0, 4, 417.41, 225185, 189, 0, 0
539, 0, 153, 242, 141, 0, 46.44%, 0, 0, 4, 429.77, 227413, 189, 0, 0
544, 0, 153, 242, 141, 0, 46.44%, 0, 0, 4, 404.43, 229445, 189, 0, 0
549, 0, 181, 242, 140, 0, 46.44%, 0, 0, 4, 417.40, 231571, 189, 0, 0
554, 0, 64, 242, 138, 0, 46.44%, 0, 0, 4, 414.08, 233710, 189, 0, 0
559, 0, 148, 245, 141, 0, 46.44%, 0, 0, 4, 422.41, 235819, 189, 0, 0
564, 0, 103, 245, 140, 0, 46.44%, 0, 0, 4, 406.73, 237834, 189, 0, 0
569, 1, 223, 245, 138, 0, 46.44%, 0, 0, 4, 408.02, 239992, 189, 0, 0
574, 1, 244, 245, 131, 0, 46.44%, 0, 0, 4, 403.22, 242055, 189, 0, 0
580, 1, 245, 246, 131, 0, 46.44%, 0, 0, 5, 423.68, 244249, 189, 0, 0
585, 1, 185, 246, 130, 0, 46.44%, 0, 0, 5, 397.38, 246228, 189, 0, 0
590, 1, 147, 247, 126, 0, 46.44%, 0, 0, 5, 429.98, 248370, 189, 0, 0
595, 1, 28, 247, 122, 0, 46.44%, 0, 0, 5, 438.74, 250632, 189, 0, 0
600, 1, 232, 250, 124, 0, 46.44%, 0, 0, 5, 417.39, 252805, 189, 0, 0
605, 1, 247, 251, 124, 2, 46.68%, 0, 0, 5, 405.54, 254821, 190, 0, 0
610, 1, 192, 251, 122, 0, 46.68%, 0, 0, 5, 433.02, 257034, 190, 0, 0
615, 1, 45, 252, 120, 0, 46.68%, 0, 0, 5, 436.02, 259255, 190, 0, 0
620, 1, 248, 252, 115, 0, 46.68%, 0, 0, 5, 429.88, 261412, 190, 0, 0
625, 1, 135, 252, 112, 0, 46.68%, 0, 0, 5, 406.22, 263440, 190, 0, 0
630, 1, 238, 254, 112, 0, 46.68%, 0, 0, 5, 408.80, 265484, 190, 0, 0
635, 1, 254, 255, 112, 1, 46.93%, 0, 0, 5, 412.09, 267579, 191, 0, 0
640, 1, 141, 255, 111, 0, 46.93%, 0, 0, 5, 429.92, 269823, 191, 0, 0
646, 1, 150, 255, 109, 0, 46.93%, 0, 0, 5, 444.66, 272115, 191, 0, 0
651, 1, 251, 256, 107, 0, 46.93%, 0, 0, 5, 430.30, 274252, 191, 0, 0
656, 1, 183, 256, 104, 0, 46.93%, 0, 0, 5, 432.64, 276550, 191, 0, 0
661, 1, 216, 257, 100, 0, 46.93%, 0, 0, 5, 427.65, 278683, 191, 0, 0
666, 1, 110, 257, 95, 0, 46.93%, 0, 0, 5, 426.66, 280905, 191, 0, 0
671, 1, 192, 257, 90, 0, 46.93%, 0, 0, 5, 403.29, 282992, 191, 0, 0
676, 1, 8, 257, 89, 0, 46.93%, 0, 0, 5, 385.18, 284950, 191, 0, 0
681, 1, 156, 257, 86, 0, 46.93%, 0, 0, 5, 374.33, 286882, 191, 0, 0
687, 1, 224, 257, 83, 0, 46.93%, 0, 0, 5, 404.73, 289040, 191, 0, 0
692, 1, 235, 257, 81, 0, 46.93%, 0, 0, 5, 427.06, 291224, 191, 0, 0
697, 1, 226, 257, 79, 0, 46.93%, 0, 0, 5, 427.08, 293454, 191, 0, 0
702, 1, 227, 257, 78, 0, 46.93%, 0, 0, 5, 452.01, 295696, 191, 0, 0
707, 1, 139, 257, 77, 0, 46.93%, 0, 0, 5, 446.91, 297959, 191, 0, 0
712, 1, 170, 257, 74, 0, 46.93%, 0, 0, 5, 417.83, 299999, 191, 0, 0
717, 1, 151, 257, 71, 0, 46.93%, 0, 0, 5, 397.37, 302030, 191, 0, 0
722, 1, 213, 258, 70, 0, 46.93%, 0, 0, 5, 436.30, 304268, 191, 0, 0
727, 1, 92, 260, 67, 0, 47.17%, 0, 0, 5, 410.07, 306343, 192, 0, 0
732, 1, 259, 265, 72, 1, 47.67%, 0, 0, 5, 423.02, 308473, 194, 0, 0
737, 1, 259, 266, 73, 1, 47.67%, 0, 0, 5, 425.03, 310656, 194, 0, 0
743, 1, 259, 267, 74, 1, 47.67%, 0, 0, 5, 407.67, 312719, 194, 0, 0
748, 1, 259, 267, 74, 1, 47.67%, 0, 0, 5, 424.12, 314879, 194, 0, 0
753, 1, 259, 267, 74, 1, 47.67%, 0, 0, 5, 419.26, 316895, 194, 0, 0
758, 1, 259, 267, 74, 1, 47.67%, 0, 0, 5, 402.93, 318893, 194, 0, 0
763, 1, 262, 267, 72, 2, 47.67%, 0, 0, 5, 411.51, 320978, 194, 0, 0
768, 1, 243, 267, 70, 0, 47.67%, 0, 0, 5, 424.53, 323068, 194, 0, 0
773, 1, 145, 267, 68, 0, 47.67%, 0, 0, 5, 416.60, 325153, 194, 0, 0
778, 1, 267, 268, 65, 1, 47.67%, 0, 0, 5, 411.49, 327329, 194, 0, 0
783, 1, 240, 268, 63, 0, 47.67%, 0, 0, 5, 432.79, 329565, 194, 0, 0
788, 1, 197, 268, 61, 0, 47.67%, 0, 0, 5, 364.46, 331396, 194, 0, 0
793, 1, 113, 268, 58, 0, 47.67%, 0, 0, 5, 382.91, 333324, 194, 0, 0
798, 1, 152, 268, 56, 0, 47.67%, 0, 0, 5, 426.29, 335504, 194, 0, 0
803, 1, 137, 269, 55, 0, 47.67%, 0, 0, 5, 428.48, 337619, 194, 0, 0
808, 1, 154, 269, 53, 0, 47.67%, 0, 0, 5, 437.49, 339939, 194, 0, 0
814, 1, 21, 269, 51, 0, 47.67%, 0, 0, 5, 367.21, 341811, 194, 0, 0
819, 1, 28, 269, 49, 0, 47.67%, 0, 0, 5, 394.36, 343858, 194, 0, 0
824, 1, 180, 269, 47, 0, 47.67%, 0, 0, 5, 395.46, 345905, 194, 0, 0
829, 1, 237, 269, 43, 0, 47.67%, 0, 0, 5, 401.67, 347925, 194, 0, 0
834, 1, 265, 269, 42, 0, 47.67%, 0, 0, 5, 425.77, 350065, 194, 0, 0
839, 1, 155, 269, 41, 0, 47.67%, 0, 0, 5, 409.31, 352130, 194, 0, 0
844, 1, 255, 269, 39, 0, 47.67%, 0, 0, 5, 386.50, 353997, 194, 0, 0
849, 1, 164, 341, 109, 0, 58.23%, 0, 0, 5, 398.54, 355992, 237, 0, 0
854, 2, 401, 416, 183, 20, 59.71%, 0, 0, 5, 405.88, 357924, 243, 0, 0
859, 2, 285, 416, 182, 19, 59.71%, 0, 0, 5, 434.57, 360188, 243, 0, 0
864, 2, 386, 416, 180, 17, 59.71%, 0, 0, 5, 408.43, 362228, 243, 0, 0
869, 2, 386, 423, 187, 17, 59.71%, 0, 0, 5, 394.57, 364225, 243, 0, 0
874, 2, 400, 423, 184, 14, 59.71%, 0, 0, 5, 379.37, 366207, 243, 0, 0
880, 2, 400, 423, 184, 14, 59.71%, 0, 0, 5, 374.45, 368156, 243, 0, 0
885, 2, 161, 423, 182, 12, 59.71%, 0, 0, 5, 382.46, 370051, 243, 0, 0
890, 2, 326, 423, 180, 10, 59.71%, 0, 0, 5, 404.69, 372140, 243, 0, 0
895, 2, 415, 423, 178, 9, 59.71%, 0, 0, 5, 415.26, 374261, 243, 0, 0
900, 2, 356, 429, 183, 9, 61.18%, 0, 0, 5, 415.78, 376365, 249, 0, 0
900, 2, 356, 429, 183, 9, 61.18%, 0, 0, 5, 410.38, 376594, 249, 0, 0
