# relative_time, cycles_done, cur_item, corpus_count, pending_total, pending_favs, map_size, saved_crashes, saved_hangs, max_depth, execs_per_sec, total_execs, edges_found, total_crashes, servers_count
60, 0, 9, 76, 71, 3, 31.20%, 0, 0, 2, 442.03, 28380, 127, 0, 0
65, 0, 9, 77, 72, 3, 31.20%, 0, 0, 2, 448.14, 30675, 127, 0, 0
70, 0, 9, 77, 72, 3, 31.20%, 0, 0, 2, 480.91, 33168, 127, 0, 0
75, 0, 9, 80, 75, 3, 31.45%, 0, 0, 2, 437.20, 35400, 128, 0, 0
80, 0, 9, 80, 75, 3, 31.45%, 0, 0, 2, 454.89, 37663, 128, 0, 0
86, 0, 9, 80, 75, 3, 31.45%, 0, 0, 2, 430.54, 39817, 128, 0, 0
91, 0, 9, 81, 76, 3, 31.45%, 0, 0, 2, 421.86, 41944, 128, 0, 0
96, 0, 9, 82, 77, 3, 31.45%, 0, 0, 2, 434.30, 44223, 128, 0, 0
101, 0, 9, 82, 77, 3, 31.45%, 0, 0, 2, 453.17, 46650, 128, 0, 0
106, 0, 9, 85, 80, 3, 31.70%, 0, 0, 2, 447.60, 48921, 129, 0, 0
111, 0, 9, 85, 80, 3, 31.70%, 0, 0, 2, 419.99, 51020, 129, 0, 0
116, 0, 9, 85, 80, 3, 31.70%, 0, 0, 2, 423.87, 53140, 129, 0, 0
121, 0, 52, 150, 144, 30, 36.36%, 0, 0, 2, 441.82, 55384, 148, 0, 0
126, 0, 87, 152, 137, 23, 36.86%, 0, 0, 3, 428.73, 57518, 150, 0, 0
131, 0, 88, 157, 141, 22, 36.86%, 0, 0, 3, 414.69, 59585, 150, 0, 0
136, 0, 0, 157, 140, 21, 36.86%, 0, 0, 3, 436.83, 61842, 150, 0, 0
141, 0, 69, 162, 144, 20, 36.86%, 0, 0, 3, 429.70, 64000, 150, 0, 0
147, 0, 69, 162, 144, 20, 36.86%, 0, 0, 3, 440.91, 66320, 150, 0, 0
152, 0, 69, 162, 144, 20, 36.86%, 0, 0, 3, 421.89, 68400, 150, 0, 0
157, 0, 120, 162, 143, 19, 36.86%, 0, 0, 3, 413.81, 70512, 150, 0, 0
162, 0, 90, 162, 141, 17, 36.86%, 0, 0, 3, 428.62, 72704, 150, 0, 0
167, 0, 161, 164, 141, 15, 36.86%, 0, 0, 4, 439.33, 74963, 150, 0, 0
172, 0, 147, 165, 139, 12, 36.86%, 0, 0, 4, 413.64, 77053, 150, 0, 0
177, 0, 166, 171, 143, 11, 37.59%, 0, 0, 4, 424.98, 79194, 153, 0, 0
182, 0, 166, 175, 147, 11, 37.59%, 0, 0, 4, 466.56, 81808, 153, 0, 0
187, 0, 166, 178, 150, 11, 37.59%, 0, 0, 4, 417.00, 83843, 153, 0, 0
192, 0, 166, 181, 153, 11, 37.59%, 0, 0, 4, 402.02, 85822, 153, 0, 0
197, 0, 166, 183, 155, 11, 37.59%, 0, 0, 4, 422.40, 88049, 153, 0, 0
203, 0, 166, 183, 155, 11, 37.59%, 0, 0, 4, 441.52, 90270, 153, 0, 0
208, 0, 145, 184, 153, 9, 37.59%, 0, 0, 4, 468.85, 92645, 153, 0, 0
213, 0, 15, 185, 150, 5, 37.59%, 0, 0, 4, 441.16, 94866, 153, 0, 0
218, 0, 117, 185, 148, 3, 37.59%, 0, 0, 4, 398.45, 96847, 153, 0, 0
223, 0, 117, 185, 148, 3, 37.59%, 0, 0, 4, 383.24, 98823, 153, 0, 0
228, 0, 26, 187, 149, 2, 37.59%, 0, 0, 4, 396.72, 100883, 153, 0, 0
233, 0, 184, 193, 154, 1, 37.59%, 0, 0, 4, 422.35, 103050, 153, 0, 0
238, 0, 184, 196, 157, 1, 37.59%, 0, 0, 4, 435.08, 105242, 153, 0, 0
243, 0, 184, 197, 158, 1, 37.59%, 0, 0, 4, 421.18, 107353, 153, 0, 0
248, 0, 184, 197, 158, 1, 37.59%, 0, 0, 4, 444.33, 109609, 153, 0, 0
253, 0, 197, 200, 159, 1, 37.59%, 0, 0, 6, 434.01, 111814, 153, 0, 0
258, 0, 145, 204, 162, 0, 37.59%, 0, 0, 6, 438.89, 114040, 153, 0, 0
263, 0, 50, 205, 160, 0, 37.59%, 0, 0, 6, 448.29, 116306, 153, 0, 0
268, 0, 177, 205, 157, 0, 37.59%, 0, 0, 6, 435.69, 118521, 153, 0, 0
273, 0, 31, 205, 151, 0, 37.59%, 0, 0, 6, 431.13, 120682, 153, 0, 0
279, 0, 33, 207, 150, 0, 37.59%, 0, 0, 6, 422.42, 122851, 153, 0, 0
284, 0, 90, 207, 146, 0, 37.59%, 0, 0, 6, 387.18, 124758, 153, 0, 0
289, 0, 191, 209, 146, 0, 37.59%, 0, 0, 6, 414.17, 126885, 153, 0, 0
294, 0, 149, 209, 143, 0, 37.59%, 0, 0, 6, 438.11, 129086, 153, 0, 0
299, 0, 177, 210, 141, 0, 37.59%, 0, 0, 6, 438.43, 131280, 153, 0, 0
304, 0, 210, 211, 140, 1, 37.84%, 0, 0, 6, 428.51, 133449, 154, 0, 0
309, 0, 145, 211, 137, 0, 37.84%, 0, 0, 6, 443.08, 135802, 154, 0, 0
314, 0, 138, 211, 135, 0, 37.84%, 0, 0, 6, 443.23, 138045, 154, 0, 0
319, 0, 199, 213, 131, 0, 37.84%, 0, 0, 7, 441.01, 140252, 154, 0, 0
324, 0, 199, 217, 135, 0, 37.84%, 0, 0, 7, 396.72, 142261, 154, 0, 0
329, 0, 199, 218, 136, 0, 37.84%, 0, 0, 7, 418.83, 144415, 154, 0, 0
334, 0, 199, 219, 137, 0, 37.84%, 0, 0, 7, 415.39, 146454, 154, 0, 0
339, 0, 199, 219, 137, 0, 37.84%, 0, 0, 7, 428.55, 148646, 154, 0, 0
345, 0, 199, 219, 137, 0, 37.84%, 0, 0, 7, 435.22, 150854, 154, 0, 0
350, 0, 119, 220, 137, 0, 37.84%, 0, 0, 7, 427.61, 152989, 154, 0, 0
355, 0, 195, 220, 134, 0, 37.84%, 0, 0, 7, 7.00, 154767, 154, 0, 0
360, 0, 31, 220, 133, 0, 37.84%, 0, 0, 7, 99.41, 155183, 154, 0, 0
365, 0, 28, 220, 132, 0, 37.84%, 0, 0, 7, 126.44, 155872, 154, 0, 0
370, 0, 219, 221, 133, 0, 37.84%, 0, 0, 8, 132.15, 156555, 154, 0, 0
375, 0, 100, 221, 132, 0, 37.84%, 0, 0, 8, 131.21, 157232, 154, 0, 0
381, 0, 0, 221, 130, 0, 37.84%, 0, 0, 8, 133.19, 157903, 154, 0, 0
386, 0, 161, 221, 129, 0, 37.84%, 0, 0, 8, 131.75, 158561, 154, 0, 0
391, 0, 177, 221, 129, 0, 37.84%, 0, 0, 8, 130.96, 159214, 154, 0, 0
396, 0, 219, 221, 129, 0, 37.84%, 0, 0, 8, 132.17, 159892, 154, 0, 0
401, 0, 117, 221, 128, 0, 37.84%, 0, 0, 8, 140.54, 160607, 154, 0, 0
406, 0, 219, 221, 127, 0, 37.84%, 0, 0, 8, 127.88, 161222, 154, 0, 0
411, 0, 120, 221, 126, 0, 37.84%, 0, 0, 8, 128.94, 161868, 154, 0, 0
416, 0, 94, 221, 126, 0, 37.84%, 0, 0, 8, 127.33, 162512, 154, 0, 0
421, 0, 191, 221, 125, 0, 37.84%, 0, 0, 8, 132.51, 163200, 154, 0, 0
426, 0, 213, 221, 125, 0, 37.84%, 0, 0, 8, 147.56, 163932, 154, 0, 0
431, 0, 185, 221, 124, 0, 37.84%, 0, 0, 8, 129.59, 164579, 154, 0, 0
436, 0, 185, 221, 124, 0, 37.84%, 0, 0, 8, 129.08, 165217, 154, 0, 0
441, 0, 81, 221, 123, 0, 37.84%, 0, 0, 8, 134.99, 165911, 154, 0, 0
446, 0, 52, 221, 121, 0, 37.84%, 0, 0, 8, 129.58, 166551, 154, 0, 0
452, 0, 145, 221, 121, 0, 37.84%, 0, 0, 8, 135.39, 167238, 154, 0, 0
457, 0, 161, 222, 121, 0, 38.08%, 0, 0, 8, 146.59, 167992, 155, 0, 0
462, 0, 191, 222, 120, 0, 38.08%, 0, 0, 8, 157.20, 168785, 155, 0, 0
467, 0, 31, 222, 119, 0, 38.08%, 0, 0, 8, 153.95, 169556, 155, 0, 0
472, 0, 145, 222, 119, 0, 38.08%, 0, 0, 8, 138.56, 170266, 155, 0, 0
477, 0, 52, 222, 118, 0, 38.08%, 0, 0, 8, 129.42, 170920, 155, 0, 0
482, 1, 51, 222, 116, 0, 38.08%, 0, 0, 8, 134.41, 171603, 155, 0, 0
487, 1, 93, 222, 116, 0, 38.08%, 0, 0, 8, 144.21, 172355, 155, 0, 0
493, 1, 93, 222, 116, 0, 38.08%, 0, 0, 8, 132.89, 173023, 155, 0, 0
498, 1, 52, 222, 113, 0, 38.08%, 0, 0, 8, 137.03, 173721, 155, 0, 0
503, 1, 86, 222, 112, 0, 38.08%, 0, 0, 8, 142.94, 174425, 155, 0, 0
508, 1, 86, 222, 112, 0, 38.08%, 0, 0, 8, 142.10, 175153, 155, 0, 0
513, 1, 163, 223, 112, 0, 38.08%, 0, 0, 8, 131.45, 175787, 155, 0, 0
518, 1, 141, 223, 111, 0, 38.08%, 0, 0, 8, 134.46, 176453, 155, 0, 0
523, 1, 198, 223, 108, 0, 38.08%, 0, 0, 8, 148.34, 177206, 155, 0, 0
528, 1, 40, 223, 106, 0, 38.08%, 0, 0, 8, 140.76, 177913, 155, 0, 0
533, 1, 116, 223, 104, 0, 38.08%, 0, 0, 8, 142.09, 178636, 155, 0, 0
539, 1, 116, 223, 104, 0, 38.08%, 0, 0, 8, 140.73, 179354, 155, 0, 0
544, 1, 10, 223, 101, 0, 38.08%, 0, 0, 8, 139.26, 180044, 155, 0, 0
549, 1, 208, 223, 98, 0, 38.08%, 0, 0, 8, 137.45, 180762, 155, 0, 0
554, 1, 117, 223, 96, 0, 38.08%, 0, 0, 8, 127.72, 181413, 155, 0, 0
559, 1, 216, 223, 95, 0, 38.08%, 0, 0, 8, 132.49, 182091, 155, 0, 0
564, 1, 43, 223, 93, 0, 38.08%, 0, 0, 8, 124.96, 182725, 155, 0, 0
569, 1, 34, 223, 92, 0, 38.08%, 0, 0, 8, 142.81, 183468, 155, 0, 0
574, 1, 95, 223, 91, 0, 38.08%, 0, 0, 8, 138.54, 184174, 155, 0, 0
579, 1, 28, 223, 90, 0, 38.08%, 0, 0, 8, 134.79, 184852, 155, 0, 0
585, 1, 52, 223, 89, 0, 38.08%, 0, 0, 8, 127.13, 185507, 155, 0, 0
590, 1, 189, 223, 88, 0, 38.08%, 0, 0, 8, 134.89, 186222, 155, 0, 0
595, 1, 82, 223, 87, 0, 38.08%, 0, 0, 8, 136.81, 186962, 155, 0, 0
600, 1, 196, 223, 85, 0, 38.08%, 0, 0, 8, 129.95, 187618, 155, 0, 0
605, 1, 161, 223, 83, 0, 38.08%, 0, 0, 8, 128.73, 188276, 155, 0, 0
610, 1, 161, 223, 81, 0, 38.08%, 0, 0, 8, 144.68, 189058, 155, 0, 0
615, 1, 153, 223, 80, 0, 38.08%, 0, 0, 8, 138.35, 189755, 155, 0, 0
620, 1, 153, 223, 80, 0, 38.08%, 0, 0, 8, 136.40, 190435, 155, 0, 0
625, 1, 194, 224, 79, 0, 38.08%, 0, 0, 8, 143.97, 191171, 155, 0, 0
631, 1, 217, 225, 79, 0, 38.08%, 0, 0, 8, 141.57, 191892, 155, 0, 0
636, 1, 111, 225, 77, 0, 38.08%, 0, 0, 8, 143.08, 192637, 155, 0, 0
641, 1, 129, 225, 74, 0, 38.08%, 0, 0, 8, 151.56, 193419, 155, 0, 0
646, 1, 155, 225, 72, 0, 38.08%, 0, 0, 8, 146.17, 194159, 155, 0, 0
651, 1, 155, 225, 72, 0, 38.08%, 0, 0, 8, 142.46, 194921, 155, 0, 0
656, 1, 209, 226, 72, 0, 38.08%, 0, 0, 8, 131.51, 195574, 155, 0, 0
661, 1, 215, 226, 71, 0, 38.08%, 0, 0, 8, 142.81, 196319, 155, 0, 0
666, 1, 104, 226, 68, 0, 38.08%, 0, 0, 8, 144.40, 197056, 155, 0, 0
671, 1, 224, 226, 67, 0, 38.08%, 0, 0, 8, 134.45, 197749, 155, 0, 0
677, 1, 30, 226, 66, 0, 38.08%, 0, 0, 8, 123.83, 198368, 155, 0, 0
682, 1, 210, 226, 65, 0, 38.08%, 0, 0, 8, 128.48, 199020, 155, 0, 0
687, 1, 203, 226, 64, 0, 38.08%, 0, 0, 8, 137.64, 199726, 155, 0, 0
692, 1, 186, 226, 63, 0, 38.08%, 0, 0, 8, 128.04, 200377, 155, 0, 0
697, 1, 186, 226, 63, 0, 38.08%, 0, 0, 8, 127.05, 201015, 155, 0, 0
702, 1, 170, 226, 61, 0, 38.08%, 0, 0, 8, 127.90, 201660, 155, 0, 0
707, 1, 217, 227, 61, 0, 38.08%, 0, 0, 8, 128.80, 202336, 155, 0, 0
712, 1, 205, 227, 61, 0, 38.08%, 0, 0, 8, 123.20, 202968, 155, 0, 0
717, 1, 205, 228, 62, 0, 38.33%, 0, 0, 8, 119.61, 203586, 156, 0, 0
723, 1, 227, 229, 62, 1, 38.33%, 0, 0, 8, 122.98, 204231, 156, 0, 0
728, 1, 227, 229, 62, 1, 38.33%, 0, 0, 8, 128.82, 204913, 156, 0, 0
733, 1, 227, 229, 62, 1, 38.33%, 0, 0, 8, 131.30, 205603, 156, 0, 0
738, 1, 227, 229, 62, 1, 38.33%, 0, 0, 8, 128.29, 206259, 156, 0, 0
743, 1, 227, 229, 62, 1, 38.33%, 0, 0, 8, 140.59, 206989, 156, 0, 0
748, 1, 227, 229, 62, 1, 38.33%, 0, 0, 8, 130.40, 207647, 156, 0, 0
753, 1, 227, 229, 62, 1, 38.33%, 0, 0, 8, 130.31, 208303, 156, 0, 0
758, 1, 227, 229, 62, 1, 38.33%, 0, 0, 8, 124.87, 208913, 156, 0, 0
763, 1, 227, 229, 62, 1, 38.33%, 0, 0, 8, 130.16, 209561, 156, 0, 0
769, 1, 227, 229, 62, 1, 38.33%, 0, 0, 8, 126.85, 210219, 156, 0, 0
774, 1, 227, 229, 62, 1, 38.33%, 0, 0, 8, 129.09, 210889, 156, 0, 0
779, 1, 227, 229, 62, 1, 38.33%, 0, 0, 8, 139.96, 211657, 156, 0, 0
784, 1, 227, 229, 62, 1, 38.33%, 0, 0, 8, 136.18, 212353, 156, 0, 0
789, 1, 227, 229, 62, 1, 38.33%, 0, 0, 8, 133.21, 213025, 156, 0, 0
794, 1, 212, 229, 60, 0, 38.33%, 0, 0, 8, 134.23, 213730, 156, 0, 0
799, 1, 133, 229, 58, 0, 38.33%, 0, 0, 8, 141.35, 214468, 156, 0, 0
804, 1, 20, 229, 56, 0, 38.33%, 0, 0, 8, 133.49, 215130, 156, 0, 0
809, 1, 18, 230, 55, 0, 38.33%, 0, 0, 8, 126.14, 215768, 156, 0, 0
814, 1, 161, 230, 53, 0, 38.33%, 0, 0, 8, 129.86, 216430, 156, 0, 0
820, 1, 85, 230, 52, 0, 38.33%, 0, 0, 8, 139.45, 217149, 156, 0, 0
825, 1, 123, 230, 50, 0, 38.33%, 0, 0, 8, 135.07, 217839, 156, 0, 0
830, 1, 42, 230, 49, 0, 38.33%, 0, 0, 8, 130.81, 218486, 156, 0, 0
835, 1, 181, 230, 48, 0, 38.33%, 0, 0, 8, 140.16, 219216, 156, 0, 0
840, 1, 230, 231, 48, 1, 44.23%, 0, 0, 8, 142.40, 219937, 180, 0, 0
845, 1, 230, 231, 48, 1, 44.23%, 0, 0, 8, 138.85, 220661, 180, 0, 0
850, 1, 230, 237, 54, 1, 44.23%, 0, 0, 8, 137.13, 221374, 180, 0, 0
855, 1, 230, 237, 54, 1, 44.23%, 0, 0, 8, 134.60, 222070, 180, 0, 0
860, 1, 230, 237, 54, 1, 44.23%, 0, 0, 8, 132.63, 222738, 180, 0, 0
866, 1, 230, 255, 72, 1, 44.23%, 0, 0, 8, 125.15, 223382, 180, 0, 0
871, 1, 230, 258, 75, 1, 44.23%, 0, 0, 8, 128.53, 224047, 180, 0, 0
876, 1, 230, 259, 76, 1, 44.23%, 0, 0, 8, 131.37, 224714, 180, 0, 0
881, 1, 230, 261, 78, 1, 44.23%, 0, 0, 8, 131.58, 225414, 180, 0, 0
886, 1, 230, 261, 78, 1, 44.23%, 0, 0, 8, 139.19, 226140, 180, 0, 0
891, 1, 230, 263, 80, 1, 44.23%, 0, 0, 8, 144.76, 226900, 180, 0, 0
897, 1, 230, 263, 80, 1, 44.23%, 0, 0, 8, 128.07, 227528, 180, 0, 0
902, 1, 230, 265, 82, 1, 44.47%, 0, 0, 8, 138.07, 228218, 181, 0, 0
907, 1, 230, 265, 82, 1, 44.47%, 0, 0, 8, 129.66, 228896, 181, 0, 0
912, 1, 230, 265, 82, 1, 44.47%, 0, 0, 8, 129.17, 229558, 181, 0, 0
917, 1, 230, 266, 83, 1, 44.47%, 0, 0, 8, 135.69, 230229, 181, 0, 0
922, 1, 230, 266, 83, 1, 44.47%, 0, 0, 8, 135.72, 230925, 181, 0, 0
927, 1, 230, 266, 83, 1, 44.47%, 0, 0, 8, 134.99, 231587, 181, 0, 0
932, 1, 230, 266, 83, 1, 44.47%, 0, 0, 8, 128.13, 232229, 181, 0, 0
937, 1, 230, 266, 83, 1, 44.47%, 0, 0, 8, 136.35, 232903, 181, 0, 0
943, 1, 230, 267, 84, 1, 44.47%, 0, 0, 8, 142.62, 233628, 181, 0, 0
948, 1, 230, 267, 84, 1, 44.47%, 0, 0, 8, 134.26, 234302, 181, 0, 0
953, 1, 230, 268, 85, 1, 44.47%, 0, 0, 8, 135.91, 234993, 181, 0, 0
958, 1, 230, 268, 85, 1, 44.47%, 0, 0, 8, 137.40, 235691, 181, 0, 0
963, 1, 230, 268, 85, 1, 44.47%, 0, 0, 8, 138.53, 236361, 181, 0, 0
968, 1, 230, 268, 85, 1, 44.47%, 0, 0, 8, 133.52, 237041, 181, 0, 0
973, 1, 230, 268, 85, 1, 44.47%, 0, 0, 8, 130.05, 237697, 181, 0, 0
978, 1, 230, 268, 85, 1, 44.47%, 0, 0, 8, 133.52, 238339, 181, 0, 0
983, 1, 230, 268, 85, 1, 44.47%, 0, 0, 8, 127.56, 238959, 181, 0, 0
988, 1, 230, 268, 85, 1, 44.47%, 0, 0, 8, 130.16, 239611, 181, 0, 0
993, 1, 230, 268, 85, 1, 44.47%, 0, 0, 8, 129.44, 240269, 181, 0, 0
998, 1, 230, 268, 85, 1, 44.47%, 0, 0, 8, 126.31, 240925, 181, 0, 0
1003, 1, 230, 268, 85, 1, 44.47%, 0, 0, 8, 132.71, 241597, 181, 0, 0
1009, 1, 230, 268, 85, 1, 44.47%, 0, 0, 8, 139.56, 242301, 181, 0, 0
1014, 1, 230, 269, 86, 1, 44.47%, 0, 0, 8, 135.14, 242984, 181, 0, 0
1019, 1, 230, 269, 86, 1, 44.47%, 0, 0, 8, 123.95, 243588, 181, 0, 0
1024, 1, 230, 269, 86, 1, 44.47%, 0, 0, 8, 119.81, 244198, 181, 0, 0
1029, 1, 230, 269, 86, 1, 44.47%, 0, 0, 8, 127.35, 244872, 181, 0, 0
1034, 1, 230, 269, 86, 1, 44.47%, 0, 0, 8, 133.68, 245590, 181, 0, 0
1039, 1, 230, 269, 86, 1, 44.47%, 0, 0, 8, 135.47, 246274, 181, 0, 0
1044, 1, 230, 270, 87, 1, 44.47%, 0, 0, 8, 134.20, 246963, 181, 0, 0
1049, 1, 230, 270, 87, 1, 44.47%, 0, 0, 8, 143.28, 247703, 181, 0, 0
1055, 1, 230, 270, 87, 1, 44.47%, 0, 0, 8, 134.94, 248401, 181, 0, 0
1060, 1, 230, 270, 87, 1, 44.47%, 0, 0, 8, 124.96, 249015, 181, 0, 0
1065, 1, 230, 270, 87, 1, 44.47%, 0, 0, 8, 127.41, 249669, 181, 0, 0
1070, 1, 230, 270, 87, 1, 44.47%, 0, 0, 8, 128.36, 250313, 181, 0, 0
1075, 1, 230, 270, 87, 1, 44.47%, 0, 0, 8, 131.87, 250983, 181, 0, 0
1080, 1, 230, 270, 87, 1, 44.47%, 0, 0, 8, 129.04, 251665, 181, 0, 0
1086, 1, 230, 270, 87, 1, 44.47%, 0, 0, 8, 130.74, 252339, 181, 0, 0
1091, 1, 230, 270, 87, 1, 44.47%, 0, 0, 8, 129.53, 253003, 181, 0, 0
1096, 1, 230, 270, 87, 1, 44.47%, 0, 0, 8, 134.82, 253709, 181, 0, 0
1101, 1, 230, 270, 87, 1, 44.47%, 0, 0, 8, 130.96, 254371, 181, 0, 0
1106, 1, 230, 270, 87, 1, 44.47%, 0, 0, 8, 132.88, 255043, 181, 0, 0
1111, 1, 230, 270, 87, 1, 44.47%, 0, 0, 8, 124.82, 255675, 181, 0, 0
1116, 1, 230, 271, 88, 1, 44.47%, 0, 0, 8, 122.94, 256312, 181, 0, 0
1121, 1, 230, 271, 88, 1, 44.47%, 0, 0, 8, 129.46, 256988, 181, 0, 0
1127, 1, 230, 271, 88, 1, 44.47%, 0, 0, 8, 133.71, 257670, 181, 0, 0
1132, 1, 230, 271, 88, 1, 44.47%, 0, 0, 8, 138.91, 258398, 181, 0, 0
1137, 1, 230, 271, 88, 1, 44.47%, 0, 0, 8, 131.12, 259056, 181, 0, 0
1142, 1, 230, 271, 88, 1, 44.47%, 0, 0, 8, 131.64, 259716, 181, 0, 0
1147, 1, 230, 271, 88, 1, 44.47%, 0, 0, 8, 130.94, 260394, 181, 0, 0
1152, 1, 230, 272, 89, 1, 44.47%, 0, 0, 8, 137.28, 261115, 181, 0, 0
1157, 1, 230, 272, 89, 1, 44.47%, 0, 0, 8, 132.97, 261825, 181, 0, 0
1162, 1, 230, 272, 89, 1, 44.47%, 0, 0, 8, 127.22, 262481, 181, 0, 0
1168, 1, 230, 272, 89, 1, 44.47%, 0, 0, 8, 113.84, 263037, 181, 0, 0
1173, 1, 230, 272, 89, 1, 44.47%, 0, 0, 8, 130.08, 263727, 181, 0, 0
1178, 1, 230, 272, 89, 1, 44.47%, 0, 0, 8, 140.31, 264449, 181, 0, 0
1183, 1, 230, 274, 91, 1, 44.47%, 0, 0, 8, 124.44, 265049, 181, 0, 0
1188, 1, 230, 274, 91, 1, 44.47%, 0, 0, 8, 119.45, 265673, 181, 0, 0
1193, 1, 230, 274, 91, 1, 44.47%, 0, 0, 8, 138.78, 266373, 181, 0, 0
1198, 1, 230, 274, 91, 1, 44.47%, 0, 0, 8, 133.84, 267067, 181, 0, 0
1203, 1, 230, 275, 92, 1, 44.47%, 0, 0, 8, 140.39, 267822, 181, 0, 0
1208, 1, 230, 275, 92, 1, 44.47%, 0, 0, 8, 130.04, 268494, 181, 0, 0
1214, 1, 230, 275, 92, 1, 44.47%, 0, 0, 8, 126.32, 269154, 181, 0, 0
1219, 1, 230, 275, 92, 1, 44.47%, 0, 0, 8, 129.07, 269818, 181, 0, 0
1224, 1, 230, 275, 92, 1, 44.47%, 0, 0, 8, 135.20, 270538, 181, 0, 0
1229, 1, 230, 275, 92, 1, 44.47%, 0, 0, 8, 135.34, 271228, 181, 0, 0
1234, 1, 230, 275, 92, 1, 44.47%, 0, 0, 8, 137.17, 271924, 181, 0, 0
1239, 1, 230, 275, 92, 1, 44.47%, 0, 0, 8, 132.10, 272619, 181, 0, 0
1244, 1, 230, 275, 92, 1, 44.47%, 0, 0, 8, 130.14, 273281, 181, 0, 0
1249, 1, 230, 275, 92, 1, 44.47%, 0, 0, 8, 129.92, 273909, 181, 0, 0
1255, 1, 230, 275, 92, 1, 44.47%, 0, 0, 8, 42.55, 274559, 181, 0, 0
1260, 1, 263, 275, 91, 2, 44.47%, 0, 0, 8, 112.54, 275229, 181, 0, 0
1265, 1, 263, 275, 91, 2, 44.47%, 0, 0, 8, 121.62, 275862, 181, 0, 0
1270, 1, 263, 275, 91, 2, 44.47%, 0, 0, 8, 126.53, 276502, 181, 0, 0
1275, 1, 263, 275, 91, 2, 44.47%, 0, 0, 8, 132.30, 277152, 181, 0, 0
1280, 1, 262, 275, 90, 1, 44.47%, 0, 0, 8, 126.12, 277794, 181, 0, 0
1285, 1, 262, 275, 90, 1, 44.47%, 0, 0, 8, 138.87, 278534, 181, 0, 0
1290, 1, 115, 275, 89, 0, 44.47%, 0, 0, 8, 128.40, 279184, 181, 0, 0
1295, 1, 115, 275, 89, 0, 44.47%, 0, 0, 8, 131.48, 279880, 181, 0, 0
1300, 1, 56, 276, 89, 0, 44.96%, 0, 0, 8, 131.19, 280553, 183, 0, 0
1306, 1, 275, 277, 89, 1, 45.21%, 0, 0, 8, 140.58, 281273, 184, 0, 0
1311, 1, 275, 278, 90, 1, 45.21%, 0, 0, 8, 135.74, 281968, 184, 0, 0
1316, 1, 276, 278, 89, 1, 45.21%, 0, 0, 8, 135.26, 282667, 184, 0, 0
1321, 1, 104, 278, 87, 0, 45.21%, 0, 0, 8, 127.57, 283324, 184, 0, 0
1326, 1, 177, 278, 87, 0, 45.21%, 0, 0, 8, 136.06, 284024, 184, 0, 0
1331, 1, 243, 278, 87, 0, 45.21%, 0, 0, 8, 139.03, 284734, 184, 0, 0
1336, 1, 244, 278, 86, 0, 45.21%, 0, 0, 8, 137.60, 285446, 184, 0, 0
1341, 1, 244, 278, 86, 0, 45.21%, 0, 0, 8, 142.54, 286172, 184, 0, 0
1346, 1, 250, 279, 86, 0, 45.21%, 0, 0, 8, 135.43, 286838, 184, 0, 0
1352, 1, 250, 279, 85, 0, 45.21%, 0, 0, 8, 142.26, 287594, 184, 0, 0
1357, 1, 250, 339, 145, 0, 50.61%, 0, 0, 8, 124.45, 288187, 206, 0, 0
1362, 1, 326, 339, 145, 12, 50.61%, 0, 0, 8, 136.09, 288884, 206, 0, 0
1367, 1, 326, 340, 146, 12, 50.61%, 0, 0, 8, 142.34, 289607, 206, 0, 0
1372, 1, 340, 341, 146, 12, 50.86%, 0, 0, 8, 144.15, 290316, 207, 0, 0
1377, 1, 340, 341, 146, 12, 50.86%, 0, 0, 8, 146.04, 291050, 207, 0, 0
1382, 1, 286, 341, 145, 11, 50.86%, 0, 0, 8, 133.06, 291701, 207, 0, 0
1387, 1, 286, 341, 145, 11, 50.86%, 0, 0, 8, 135.66, 292388, 207, 0, 0
1392, 1, 310, 341, 143, 9, 50.86%, 0, 0, 8, 134.02, 293061, 207, 0, 0
1397, 1, 310, 341, 143, 9, 50.86%, 0, 0, 8, 131.76, 293715, 207, 0, 0
1403, 1, 310, 341, 143, 9, 50.86%, 0, 0, 8, 129.70, 294380, 207, 0, 0
1408, 1, 291, 341, 142, 8, 50.86%, 0, 0, 8, 143.91, 295112, 207, 0, 0
1413, 1, 289, 341, 141, 7, 50.86%, 0, 0, 8, 137.75, 295808, 207, 0, 0
1418, 1, 289, 341, 141, 7, 50.86%, 0, 0, 8, 140.12, 296498, 207, 0, 0
1423, 1, 289, 341, 141, 7, 50.86%, 0, 0, 8, 129.47, 297152, 207, 0, 0
1428, 1, 289, 341, 141, 7, 50.86%, 0, 0, 8, 130.67, 297794, 207, 0, 0
1433, 1, 289, 341, 141, 7, 50.86%, 0, 0, 8, 121.76, 298398, 207, 0, 0
1438, 1, 311, 341, 140, 6, 50.86%, 0, 0, 8, 129.79, 299082, 207, 0, 0
1443, 1, 311, 341, 140, 6, 50.86%, 0, 0, 8, 129.97, 299746, 207, 0, 0
1448, 1, 327, 341, 139, 5, 50.86%, 0, 0, 8, 125.70, 300407, 207, 0, 0
1454, 1, 327, 341, 139, 5, 50.86%, 0, 0, 8, 135.24, 301117, 207, 0, 0
1459, 1, 304, 341, 138, 4, 50.86%, 0, 0, 8, 128.82, 301789, 207, 0, 0
1464, 1, 193, 342, 138, 4, 50.86%, 0, 0, 8, 135.86, 302487, 207, 0, 0
1469, 1, 325, 342, 137, 4, 50.86%, 0, 0, 8, 137.97, 303180, 207, 0, 0
1474, 1, 325, 342, 137, 4, 50.86%, 0, 0, 8, 139.65, 303885, 207, 0, 0
1479, 1, 321, 342, 136, 3, 50.86%, 0, 0, 8, 148.48, 304691, 207, 0, 0
1484, 1, 324, 342, 135, 2, 50.86%, 0, 0, 8, 134.78, 305384, 207, 0, 0
1489, 1, 324, 342, 135, 2, 50.86%, 0, 0, 8, 138.76, 306097, 207, 0, 0
1494, 1, 333, 342, 133, 1, 50.86%, 0, 0, 8, 156.03, 306921, 207, 0, 0
1499, 1, 314, 342, 132, 0, 50.86%, 0, 0, 8, 151.81, 307709, 207, 0, 0
1505, 1, 314, 342, 132, 0, 50.86%, 0, 0, 8, 127.83, 308341, 207, 0, 0
1510, 1, 287, 342, 131, 0, 50.86%, 0, 0, 8, 130.08, 309016, 207, 0, 0
1515, 1, 60, 342, 130, 0, 50.86%, 0, 0, 8, 132.24, 309701, 207, 0, 0
1520, 1, 254, 342, 129, 0, 50.86%, 0, 0, 8, 136.45, 310417, 207, 0, 0
1525, 1, 289, 342, 128, 0, 50.86%, 0, 0, 8, 138.21, 311117, 207, 0, 0
1530, 1, 262, 342, 127, 0, 50.86%, 0, 0, 8, 130.05, 311789, 207, 0, 0
1535, 1, 239, 342, 127, 0, 50.86%, 0, 0, 8, 134.63, 312477, 207, 0, 0
1540, 1, 209, 342, 126, 0, 50.86%, 0, 0, 8, 139.79, 313201, 207, 0, 0
1545, 1, 231, 342, 126, 0, 50.86%, 0, 0, 8, 136.41, 313881, 207, 0, 0
1551, 1, 144, 342, 125, 0, 50.86%, 0, 0, 8, 130.67, 314527, 207, 0, 0
1556, 1, 315, 342, 124, 0, 50.86%, 0, 0, 8, 136.61, 315242, 207, 0, 0
1561, 1, 315, 342, 124, 0, 50.86%, 0, 0, 8, 139.56, 315969, 207, 0, 0
1566, 1, 341, 342, 122, 0, 50.86%, 0, 0, 8, 132.22, 316638, 207, 0, 0
1571, 1, 341, 342, 122, 0, 50.86%, 0, 0, 8, 131.22, 317302, 207, 0, 0
1576, 1, 203, 342, 120, 0, 50.86%, 0, 0, 8, 133.31, 317970, 207, 0, 0
1581, 1, 256, 342, 120, 0, 50.86%, 0, 0, 8, 139.27, 318670, 207, 0, 0
1586, 1, 256, 342, 120, 0, 50.86%, 0, 0, 8, 134.75, 319350, 207, 0, 0
1591, 1, 301, 342, 119, 0, 50.86%, 0, 0, 8, 131.95, 320011, 207, 0, 0
1596, 1, 301, 342, 119, 0, 50.86%, 0, 0, 8, 126.66, 320645, 207, 0, 0
1601, 1, 290, 342, 118, 0, 50.86%, 0, 0, 8, 127.47, 321292, 207, 0, 0
1607, 1, 290, 342, 118, 0, 50.86%, 0, 0, 8, 136.42, 321982, 207, 0, 0
1612, 1, 270, 342, 117, 0, 50.86%, 0, 0, 8, 127.79, 322626, 207, 0, 0
1617, 1, 270, 342, 117, 0, 50.86%, 0, 0, 8, 149.55, 323394, 207, 0, 0
1622, 1, 54, 342, 116, 0, 50.86%, 0, 0, 8, 155.95, 324169, 207, 0, 0
1627, 1, 152, 342, 114, 0, 50.86%, 0, 0, 8, 141.92, 324868, 207, 0, 0
1632, 1, 298, 342, 113, 0, 50.86%, 0, 0, 8, 137.99, 325577, 207, 0, 0
1637, 1, 298, 342, 113, 0, 50.86%, 0, 0, 8, 130.90, 326217, 207, 0, 0
1642, 1, 260, 342, 112, 0, 50.86%, 0, 0, 8, 137.22, 326940, 207, 0, 0
1647, 1, 260, 342, 112, 0, 50.86%, 0, 0, 8, 141.58, 327668, 207, 0, 0
1652, 1, 312, 342, 111, 0, 50.86%, 0, 0, 8, 127.88, 328275, 207, 0, 0
1657, 1, 273, 342, 110, 0, 50.86%, 0, 0, 8, 137.68, 328964, 207, 0, 0
1662, 1, 273, 342, 110, 0, 50.86%, 0, 0, 8, 138.40, 329662, 207, 0, 0
1667, 1, 281, 342, 109, 0, 50.86%, 0, 0, 8, 149.24, 330398, 207, 0, 0
1672, 1, 237, 342, 108, 0, 50.86%, 0, 0, 8, 148.47, 331153, 207, 0, 0
1678, 1, 237, 342, 108, 0, 50.86%, 0, 0, 8, 137.82, 331821, 207, 0, 0
1683, 1, 276, 342, 105, 0, 50.86%, 0, 0, 8, 144.02, 332557, 207, 0, 0
1688, 1, 258, 342, 105, 0, 50.86%, 0, 0, 8, 125.35, 333201, 207, 0, 0
1693, 1, 114, 342, 104, 0, 50.86%, 0, 0, 8, 131.89, 333901, 207, 0, 0
1698, 1, 262, 342, 103, 0, 50.86%, 0, 0, 8, 122.96, 334531, 207, 0, 0
1703, 1, 319, 342, 103, 0, 50.86%, 0, 0, 8, 128.78, 335209, 207, 0, 0
1708, 1, 37, 342, 102, 0, 50.86%, 0, 0, 8, 126.37, 335867, 207, 0, 0
1713, 1, 294, 342, 102, 0, 50.86%, 0, 0, 8, 134.74, 336555, 207, 0, 0
1719, 1, 284, 342, 101, 0, 50.86%, 0, 0, 8, 128.37, 337212, 207, 0, 0
1724, 1, 284, 342, 101, 0, 50.86%, 0, 0, 8, 137.60, 337894, 207, 0, 0
1729, 1, 218, 342, 100, 0, 50.86%, 0, 0, 8, 139.14, 338612, 207, 0, 0
1734, 1, 233, 342, 99, 0, 50.86%, 0, 0, 8, 133.97, 339303, 207, 0, 0
1739, 1, 288, 342, 98, 0, 50.86%, 0, 0, 8, 140.12, 340000, 207, 0, 0
1744, 1, 288, 342, 98, 0, 50.86%, 0, 0, 8, 136.34, 340688, 207, 0, 0
1749, 1, 59, 342, 96, 0, 50.86%, 0, 0, 8, 129.88, 341368, 207, 0, 0
1754, 1, 313, 342, 95, 0, 50.86%, 0, 0, 8, 127.05, 342022, 207, 0, 0
1759, 1, 246, 342, 94, 0, 50.86%, 0, 0, 8, 132.04, 342715, 207, 0, 0
1765, 1, 246, 342, 94, 0, 50.86%, 0, 0, 8, 157.65, 343566, 207, 0, 0
1770, 1, 232, 342, 92, 0, 50.86%, 0, 0, 8, 138.56, 344262, 207, 0, 0
1775, 1, 232, 342, 92, 0, 50.86%, 0, 0, 8, 143.04, 344992, 207, 0, 0
1780, 1, 125, 343, 92, 0, 50.86%, 0, 0, 8, 142.75, 345703, 207, 0, 0
1785, 1, 269, 343, 92, 0, 50.86%, 0, 0, 8, 151.83, 346456, 207, 0, 0
1790, 1, 297, 343, 90, 0, 50.86%, 0, 0, 8, 151.24, 347211, 207, 0, 0
1795, 1, 297, 343, 90, 0, 50.86%, 0, 0, 8, 143.19, 347896, 207, 0, 0
1800, 1, 28, 343, 89, 0, 50.86%, 0, 0, 8, 133.70, 348590, 207, 0, 0
1805, 1, 300, 343, 89, 0, 50.86%, 0, 0, 8, 150.76, 349340, 207, 0, 0
1810, 1, 45, 343, 88, 0, 50.86%, 0, 0, 8, 140.26, 350041, 207, 0, 0
1815, 1, 191, 343, 87, 0, 50.86%, 0, 0, 8, 132.71, 350701, 207, 0, 0
1820, 1, 241, 343, 87, 0, 50.86%, 0, 0, 8, 144.79, 351414, 207, 0, 0
1825, 1, 241, 343, 87, 0, 50.86%, 0, 0, 8, 144.21, 352144, 207, 0, 0
1831, 1, 219, 343, 85, 0, 50.86%, 0, 0, 8, 147.19, 352884, 207, 0, 0
1836, 1, 283, 343, 85, 0, 50.86%, 0, 0, 8, 145.11, 353602, 207, 0, 0
1841, 1, 283, 343, 85, 0, 50.86%, 0, 0, 8, 138.88, 354280, 207, 0, 0
1846, 1, 264, 343, 84, 0, 50.86%, 0, 0, 8, 135.60, 354987, 207, 0, 0
1851, 1, 264, 343, 84, 0, 50.86%, 0, 0, 8, 130.02, 355653, 207, 0, 0
1856, 1, 289, 343, 83, 0, 50.86%, 0, 0, 8, 125.12, 356300, 207, 0, 0
1861, 1, 63, 343, 83, 0, 50.86%, 0, 0, 8, 130.24, 356978, 207, 0, 0
1866, 1, 285, 343, 82, 0, 50.86%, 0, 0, 8, 145.07, 357758, 207, 0, 0
1871, 1, 161, 343, 81, 0, 50.86%, 0, 0, 8, 137.53, 358445, 207, 0, 0
1876, 1, 255, 343, 81, 0, 50.86%, 0, 0, 8, 134.66, 359125, 207, 0, 0
1882, 1, 317, 343, 80, 0, 50.86%, 0, 0, 8, 137.10, 359828, 207, 0, 0
1887, 1, 317, 343, 80, 0, 50.86%, 0, 0, 8, 135.47, 360532, 207, 0, 0
1892, 1, 335, 343, 79, 0, 50.86%, 0, 0, 8, 143.04, 361251, 207, 0, 0
1897, 1, 335, 343, 79, 0, 50.86%, 0, 0, 8, 129.80, 361911, 207, 0, 0
1902, 1, 236, 343, 78, 0, 50.86%, 0, 0, 8, 137.85, 362615, 207, 0, 0
1907, 1, 271, 343, 77, 0, 50.86%, 0, 0, 8, 148.58, 363363, 207, 0, 0
1912, 1, 271, 343, 77, 0, 50.86%, 0, 0, 8, 142.58, 364097, 207, 0, 0
1918, 1, 242, 343, 76, 0, 50.86%, 0, 0, 8, 144.33, 364825, 207, 0, 0
1923, 1, 125, 343, 75, 0, 50.86%, 0, 0, 8, 131.24, 365467, 207, 0, 0
1928, 1, 289, 343, 75, 0, 50.86%, 0, 0, 8, 140.93, 366224, 207, 0, 0
1933, 1, 88, 343, 75, 0, 50.86%, 0, 0, 8, 137.74, 366917, 207, 0, 0
1938, 1, 302, 343, 75, 0, 50.86%, 0, 0, 8, 137.04, 367584, 207, 0, 0
1943, 1, 117, 343, 74, 0, 50.86%, 0, 0, 8, 138.91, 368305, 207, 0, 0
1948, 1, 306, 343, 73, 0, 50.86%, 0, 0, 8, 144.20, 369046, 207, 0, 0
1953, 1, 306, 343, 73, 0, 50.86%, 0, 0, 8, 140.77, 369788, 207, 0, 0
1958, 1, 136, 343, 71, 0, 50.86%, 0, 0, 8, 129.04, 370438, 207, 0, 0
1964, 1, 247, 343, 71, 0, 50.86%, 0, 0, 8, 128.23, 371138, 207, 0, 0
1969, 1, 247, 343, 71, 0, 50.86%, 0, 0, 8, 129.74, 371812, 207, 0, 0
1974, 1, 161, 343, 70, 0, 50.86%, 0, 0, 8, 144.94, 372588, 207, 0, 0
1979, 1, 238, 343, 69, 0, 50.86%, 0, 0, 8, 129.45, 373221, 207, 0, 0
1984, 1, 238, 343, 69, 0, 50.86%, 0, 0, 8, 129.09, 373897, 207, 0, 0
1989, 1, 209, 343, 67, 0, 50.86%, 0, 0, 8, 126.46, 374530, 207, 0, 0
1994, 2, 117, 343, 67, 0, 50.86%, 0, 0, 8, 135.44, 375229, 207, 0, 0
1999, 2, 235, 343, 67, 0, 50.86%, 0, 0, 8, 134.83, 375915, 207, 0, 0
2004, 2, 188, 343, 66, 0, 50.86%, 0, 0, 8, 147.35, 376687, 207, 0, 0
2010, 2, 303, 343, 65, 0, 50.86%, 0, 0, 8, 145.80, 377444, 207, 0, 0
2015, 2, 303, 343, 65, 0, 50.86%, 0, 0, 8, 140.56, 378136, 207, 0, 0
2020, 2, 40, 343, 64, 0, 50.86%, 0, 0, 8, 131.98, 378781, 207, 0, 0
2025, 2, 322, 343, 64, 0, 50.86%, 0, 0, 8, 136.25, 379481, 207, 0, 0
2030, 2, 219, 343, 63, 0, 50.86%, 0, 0, 8, 138.08, 380214, 207, 0, 0
2035, 2, 51, 343, 63, 0, 50.86%, 0, 0, 8, 132.72, 380911, 207, 0, 0
2040, 2, 113, 343, 63, 0, 50.86%, 0, 0, 8, 135.20, 381617, 207, 0, 0
2045, 2, 257, 343, 62, 0, 50.86%, 0, 0, 8, 147.56, 382367, 207, 0, 0
2051, 2, 257, 343, 62, 0, 50.86%, 0, 0, 8, 149.93, 383141, 207, 0, 0
2056, 2, 3, 343, 61, 0, 50.86%, 0, 0, 8, 149.72, 383932, 207, 0, 0
2061, 2, 318, 343, 60, 0, 50.86%, 0, 0, 8, 154.61, 384688, 207, 0, 0
2066, 2, 318, 343, 60, 0, 50.86%, 0, 0, 8, 130.86, 385335, 207, 0, 0
2071, 2, 263, 345, 61, 0, 50.86%, 0, 0, 8, 118.21, 385938, 207, 0, 0
2076, 2, 259, 345, 61, 0, 50.86%, 0, 0, 8, 126.29, 386609, 207, 0, 0
2081, 2, 326, 345, 60, 0, 50.86%, 0, 0, 8, 132.14, 387272, 207, 0, 0
2086, 2, 275, 345, 60, 0, 50.86%, 0, 0, 8, 134.12, 387939, 207, 0, 0
2092, 2, 7, 345, 60, 0, 50.86%, 0, 0, 8, 146.13, 388684, 207, 0, 0
2097, 2, 139, 345, 59, 0, 50.86%, 0, 0, 8, 157.49, 389489, 207, 0, 0
2102, 2, 249, 345, 58, 0, 50.86%, 0, 0, 8, 140.19, 390204, 207, 0, 0
2107, 2, 310, 345, 57, 0, 50.86%, 0, 0, 8, 136.52, 390902, 207, 0, 0
2112, 2, 332, 345, 57, 0, 50.86%, 0, 0, 8, 151.72, 391697, 207, 0, 0
2117, 2, 332, 345, 57, 0, 50.86%, 0, 0, 8, 141.61, 392393, 207, 0, 0
2122, 2, 336, 345, 56, 0, 50.86%, 0, 0, 8, 143.54, 393125, 207, 0, 0
2127, 2, 28, 345, 55, 0, 50.86%, 0, 0, 8, 139.53, 393825, 207, 0, 0
2132, 2, 262, 345, 55, 0, 50.86%, 0, 0, 8, 134.66, 394472, 207, 0, 0
2138, 2, 89, 345, 55, 0, 50.86%, 0, 0, 8, 137.67, 395150, 207, 0, 0
2143, 2, 89, 345, 55, 0, 50.86%, 0, 0, 8, 128.50, 395819, 207, 0, 0
2148, 2, 179, 345, 54, 0, 50.86%, 0, 0, 8, 118.97, 396417, 207, 0, 0
2153, 2, 278, 345, 53, 0, 50.86%, 0, 0, 8, 129.31, 397102, 207, 0, 0
2158, 2, 278, 345, 53, 0, 50.86%, 0, 0, 8, 131.95, 397774, 207, 0, 0
2163, 2, 223, 345, 52, 0, 50.86%, 0, 0, 8, 147.59, 398535, 207, 0, 0
2168, 2, 307, 345, 51, 0, 50.86%, 0, 0, 8, 143.85, 399239, 207, 0, 0
2173, 2, 307, 345, 51, 0, 50.86%, 0, 0, 8, 123.97, 399837, 207, 0, 0
2178, 2, 292, 345, 50, 0, 50.86%, 0, 0, 8, 142.37, 400547, 207, 0, 0
2184, 2, 343, 345, 49, 0, 50.86%, 0, 0, 8, 146.33, 401309, 207, 0, 0
2189, 2, 343, 345, 49, 0, 50.86%, 0, 0, 8, 141.40, 402035, 207, 0, 0
2194, 2, 266, 345, 48, 0, 50.86%, 0, 0, 8, 135.81, 402726, 207, 0, 0
2199, 2, 289, 345, 47, 0, 50.86%, 0, 0, 8, 147.17, 403460, 207, 0, 0
2204, 2, 272, 345, 47, 0, 50.86%, 0, 0, 8, 145.53, 404195, 207, 0, 0
2209, 2, 272, 345, 47, 0, 50.86%, 0, 0, 8, 148.90, 404951, 207, 0, 0
2214, 2, 240, 345, 45, 0, 50.86%, 1, 0, 8, 144.38, 405653, 207, 1, 0
2219, 2, 240, 345, 45, 0, 50.86%, 1, 0, 8, 147.64, 406419, 207, 1, 0
2224, 2, 337, 345, 44, 0, 50.86%, 1, 0, 8, 147.98, 407174, 207, 1, 0
2230, 2, 103, 345, 43, 0, 50.86%, 1, 0, 8, 140.76, 407863, 207, 1, 0
2235, 2, 252, 345, 43, 0, 50.86%, 1, 0, 8, 139.39, 408572, 207, 1, 0
2240, 2, 90, 345, 42, 0, 50.86%, 1, 0, 8, 134.21, 409235, 207, 1, 0
2245, 2, 28, 345, 42, 0, 50.86%, 1, 0, 8, 136.00, 409923, 207, 1, 0
2250, 2, 218, 345, 42, 0, 50.86%, 1, 0, 8, 135.69, 410610, 207, 1, 0
2255, 2, 265, 345, 42, 0, 50.86%, 1, 0, 8, 134.35, 411306, 207, 1, 0
2260, 2, 265, 345, 42, 0, 50.86%, 1, 0, 8, 131.47, 411942, 207, 1, 0
2265, 2, 305, 345, 41, 0, 50.86%, 1, 0, 8, 124.18, 412569, 207, 1, 0
2270, 2, 305, 345, 41, 0, 50.86%, 1, 0, 8, 129.61, 413241, 207, 1, 0
2275, 2, 177, 345, 40, 0, 50.86%, 1, 0, 8, 131.34, 413895, 207, 1, 0
2281, 2, 245, 345, 40, 0, 50.86%, 1, 0, 8, 128.03, 414551, 207, 1, 0
2286, 2, 245, 345, 40, 0, 50.86%, 1, 0, 8, 124.40, 415189, 207, 1, 0
2291, 2, 12, 345, 39, 0, 50.86%, 1, 0, 8, 120.73, 415814, 207, 1, 0
2296, 2, 177, 345, 39, 0, 50.86%, 1, 0, 8, 123.79, 416442, 207, 1, 0
2301, 2, 125, 345, 38, 0, 50.86%, 1, 0, 8, 127.87, 417103, 207, 1, 0
2306, 2, 177, 345, 38, 0, 50.86%, 1, 0, 8, 133.37, 417765, 207, 1, 0
2311, 2, 197, 345, 38, 0, 50.86%, 1, 0, 8, 135.09, 418447, 207, 1, 0
2316, 2, 85, 345, 37, 0, 50.86%, 1, 0, 8, 134.97, 419139, 207, 1, 0
2321, 2, 308, 345, 37, 0, 50.86%, 1, 0, 8, 135.14, 419823, 207, 1, 0
2326, 2, 172, 345, 36, 0, 50.86%, 1, 0, 8, 135.87, 420518, 207, 1, 0
2332, 2, 331, 345, 35, 0, 50.86%, 1, 0, 8, 128.66, 421172, 207, 1, 0
2337, 2, 331, 345, 35, 0, 50.86%, 1, 0, 8, 131.46, 421886, 207, 1, 0
2342, 2, 51, 345, 34, 0, 50.86%, 1, 0, 8, 135.62, 422545, 207, 1, 0
2347, 2, 278, 345, 34, 0, 50.86%, 1, 0, 8, 133.15, 423212, 207, 1, 0
2352, 2, 220, 345, 34, 0, 50.86%, 1, 0, 8, 132.11, 423864, 207, 1, 0
2357, 2, 274, 345, 33, 0, 50.86%, 1, 0, 8, 139.29, 424550, 207, 1, 0
2362, 2, 274, 345, 33, 0, 50.86%, 1, 0, 8, 138.59, 425260, 207, 1, 0
2367, 2, 219, 345, 32, 0, 50.86%, 2, 0, 8, 127.17, 425879, 207, 2, 0
2372, 2, 214, 345, 32, 0, 50.86%, 2, 0, 8, 136.32, 426557, 207, 2, 0
2377, 2, 219, 345, 32, 0, 50.86%, 2, 0, 8, 142.23, 427303, 207, 2, 0
2383, 2, 342, 345, 32, 0, 50.86%, 2, 0, 8, 143.24, 428041, 207, 2, 0
2388, 2, 253, 345, 31, 0, 50.86%, 2, 0, 8, 137.84, 428745, 207, 2, 0
2393, 2, 253, 345, 31, 0, 50.86%, 2, 0, 8, 136.05, 429449, 207, 2, 0
2398, 2, 191, 345, 30, 0, 50.86%, 2, 0, 8, 140.96, 430169, 207, 2, 0
2403, 2, 37, 345, 30, 0, 50.86%, 3, 0, 8, 140.59, 430886, 207, 3, 0
2408, 2, 299, 345, 30, 0, 50.86%, 3, 0, 8, 130.05, 431564, 207, 3, 0
2413, 2, 289, 345, 29, 0, 50.86%, 3, 0, 8, 127.26, 432212, 207, 3, 0
2418, 2, 262, 345, 29, 0, 50.86%, 3, 0, 8, 134.30, 432893, 207, 3, 0
2423, 2, 267, 345, 29, 0, 50.86%, 3, 0, 8, 132.03, 433589, 207, 3, 0
2429, 2, 268, 345, 28, 0, 50.86%, 3, 0, 8, 127.30, 434246, 207, 3, 0
2434, 2, 268, 345, 28, 0, 50.86%, 3, 0, 8, 130.02, 434910, 207, 3, 0
2439, 2, 162, 345, 27, 0, 50.86%, 3, 0, 8, 126.88, 435589, 207, 3, 0
2444, 2, 262, 345, 26, 0, 50.86%, 3, 0, 8, 133.03, 436278, 207, 3, 0
2449, 2, 248, 345, 26, 0, 50.86%, 3, 0, 8, 127.96, 436924, 207, 3, 0
2454, 2, 248, 345, 26, 0, 50.86%, 3, 0, 8, 135.40, 437600, 207, 3, 0
2459, 2, 189, 345, 25, 0, 50.86%, 3, 0, 8, 137.19, 438280, 207, 3, 0
2464, 2, 51, 345, 25, 0, 50.86%, 3, 0, 8, 138.18, 438981, 207, 3, 0
2469, 2, 344, 345, 25, 0, 50.86%, 3, 0, 8, 139.14, 439693, 207, 3, 0
2475, 2, 24, 345, 24, 0, 50.86%, 3, 0, 8, 135.29, 440399, 207, 3, 0
2480, 2, 78, 345, 24, 0, 50.86%, 3, 0, 8, 140.40, 441129, 207, 3, 0
2485, 2, 237, 345, 24, 0, 50.86%, 3, 0, 8, 136.83, 441825, 207, 3, 0
2490, 2, 104, 345, 23, 0, 50.86%, 3, 0, 8, 133.67, 442519, 207, 3, 0
2495, 2, 310, 345, 22, 0, 50.86%, 3, 0, 8, 149.57, 443253, 207, 3, 0
2500, 2, 262, 345, 22, 0, 50.86%, 3, 0, 8, 140.94, 443987, 207, 3, 0
2505, 2, 189, 345, 22, 0, 50.86%, 3, 0, 8, 136.70, 444687, 207, 3, 0
2510, 2, 222, 345, 22, 0, 50.86%, 3, 0, 8, 155.04, 445577, 207, 3, 0
2515, 2, 92, 345, 21, 0, 50.86%, 3, 0, 8, 149.15, 446318, 207, 3, 0
2520, 2, 189, 345, 21, 0, 50.86%, 3, 0, 8, 140.61, 447014, 207, 3, 0
2526, 2, 262, 345, 21, 0, 50.86%, 3, 0, 8, 138.53, 447734, 207, 3, 0
2531, 2, 328, 345, 20, 0, 50.86%, 3, 0, 8, 125.42, 448354, 207, 3, 0
2536, 2, 39, 345, 19, 0, 50.86%, 3, 0, 8, 131.51, 449032, 207, 3, 0
2541, 2, 228, 345, 18, 0, 50.86%, 4, 0, 8, 140.04, 449778, 207, 4, 0
2546, 2, 228, 345, 18, 0, 50.86%, 4, 0, 8, 140.13, 450486, 207, 4, 0
2551, 2, 85, 345, 17, 0, 50.86%, 4, 0, 8, 135.95, 451162, 207, 4, 0
2556, 2, 219, 345, 17, 0, 50.86%, 4, 0, 8, 132.29, 451840, 207, 4, 0
2561, 2, 150, 345, 16, 0, 50.86%, 4, 0, 8, 126.03, 452457, 207, 4, 0
2566, 2, 348, 350, 20, 1, 51.60%, 4, 0, 8, 142.74, 453209, 210, 4, 0
2571, 2, 113, 350, 19, 0, 51.60%, 4, 0, 8, 134.53, 453875, 210, 4, 0
2576, 2, 172, 350, 19, 0, 51.60%, 4, 0, 8, 131.36, 454564, 210, 4, 0
2582, 2, 177, 350, 19, 0, 51.60%, 5, 0, 8, 138.89, 455265, 210, 5, 0
2587, 2, 140, 350, 19, 0, 51.60%, 5, 0, 8, 135.45, 455951, 210, 5, 0
2592, 2, 345, 350, 19, 0, 51.60%, 5, 0, 8, 145.86, 456683, 210, 5, 0
2597, 2, 237, 350, 18, 0, 51.60%, 5, 0, 8, 134.08, 457381, 210, 5, 0
2602, 2, 347, 350, 18, 0, 51.60%, 5, 0, 8, 131.62, 458041, 210, 5, 0
2607, 2, 52, 350, 17, 0, 51.60%, 5, 0, 8, 139.41, 458745, 210, 5, 0
2612, 2, 161, 350, 17, 0, 51.60%, 5, 0, 8, 134.92, 459428, 210, 5, 0
2617, 2, 161, 350, 16, 0, 51.60%, 5, 0, 8, 137.38, 460135, 210, 5, 0
2622, 2, 136, 350, 16, 0, 51.60%, 5, 0, 8, 141.50, 460854, 210, 5, 0
2628, 2, 92, 350, 16, 0, 51.60%, 5, 0, 8, 136.15, 461533, 210, 8, 0
2633, 2, 161, 350, 16, 0, 51.60%, 5, 0, 8, 139.80, 462249, 210, 8, 0
2638, 2, 189, 350, 16, 0, 51.60%, 5, 0, 8, 138.27, 462937, 210, 8, 0
2643, 2, 189, 350, 16, 0, 51.60%, 5, 0, 8, 136.21, 463622, 210, 8, 0
2648, 2, 101, 350, 16, 0, 51.60%, 5, 0, 8, 130.32, 464292, 210, 8, 0
2653, 2, 219, 350, 16, 0, 51.60%, 5, 0, 8, 131.22, 464949, 210, 8, 0
2658, 2, 104, 350, 16, 0, 51.60%, 5, 0, 8, 128.82, 465595, 210, 8, 0
2663, 2, 262, 350, 16, 0, 51.60%, 5, 0, 8, 132.51, 466285, 210, 8, 0
2669, 2, 191, 350, 16, 0, 51.60%, 5, 0, 8, 126.95, 466941, 210, 8, 0
2674, 2, 87, 350, 16, 0, 51.60%, 5, 0, 8, 131.71, 467628, 210, 8, 0
2679, 2, 262, 350, 16, 0, 51.60%, 5, 0, 8, 129.09, 468292, 210, 8, 0
2684, 2, 90, 350, 16, 0, 51.60%, 5, 0, 8, 133.25, 468963, 210, 8, 0
2689, 2, 104, 350, 16, 0, 51.60%, 5, 0, 8, 137.47, 469680, 210, 8, 0
2694, 2, 219, 350, 16, 0, 51.60%, 5, 0, 8, 150.02, 470425, 210, 8, 0
2699, 2, 52, 350, 16, 0, 51.60%, 5, 0, 8, 133.63, 471076, 210, 8, 0
2704, 2, 39, 350, 15, 0, 51.60%, 5, 0, 8, 142.20, 471786, 210, 8, 0
2709, 2, 296, 350, 15, 0, 51.60%, 5, 0, 8, 128.67, 472449, 210, 8, 0
2715, 2, 296, 350, 15, 0, 51.60%, 5, 0, 8, 129.19, 473088, 210, 8, 0
2720, 2, 104, 350, 14, 0, 51.60%, 5, 0, 8, 125.81, 473730, 210, 8, 0
2725, 2, 262, 350, 14, 0, 51.60%, 5, 0, 8, 131.98, 474423, 210, 8, 0
2730, 2, 339, 350, 14, 0, 51.60%, 5, 0, 8, 129.01, 475065, 210, 8, 0
2735, 2, 172, 350, 13, 0, 51.60%, 5, 0, 8, 135.60, 475761, 210, 8, 0
2740, 2, 330, 350, 13, 0, 51.60%, 5, 0, 8, 144.03, 476522, 210, 9, 0
2745, 3, 136, 350, 12, 0, 51.60%, 5, 0, 8, 143.69, 477237, 210, 13, 0
2750, 3, 0, 350, 12, 0, 51.60%, 5, 0, 8, 142.24, 477958, 210, 13, 0
2756, 3, 189, 350, 12, 0, 51.60%, 5, 0, 8, 143.77, 478692, 210, 13, 0
2761, 3, 52, 350, 12, 0, 51.60%, 5, 0, 8, 143.02, 479415, 210, 13, 0
2766, 3, 191, 350, 12, 0, 51.60%, 5, 0, 8, 142.25, 480136, 210, 13, 0
2771, 3, 177, 350, 12, 0, 51.60%, 5, 0, 8, 130.97, 480793, 210, 13, 0
2776, 3, 147, 350, 12, 0, 51.60%, 5, 0, 8, 144.52, 481533, 210, 13, 0
2781, 3, 190, 350, 12, 0, 51.60%, 5, 0, 8, 151.66, 482305, 210, 13, 0
2786, 3, 262, 350, 11, 0, 51.60%, 5, 0, 8, 143.73, 483035, 210, 13, 0
2791, 3, 177, 350, 11, 0, 51.60%, 5, 0, 8, 134.95, 483691, 210, 13, 0
2796, 3, 262, 350, 11, 0, 51.60%, 5, 0, 8, 141.23, 484398, 210, 13, 0
2801, 3, 191, 350, 11, 0, 51.60%, 5, 0, 8, 130.65, 485028, 210, 13, 0
2806, 3, 161, 350, 11, 0, 51.60%, 5, 0, 8, 148.76, 485781, 210, 13, 0
2812, 3, 106, 350, 11, 0, 51.60%, 5, 0, 8, 145.35, 486534, 210, 13, 0
2817, 3, 320, 350, 11, 0, 51.60%, 5, 0, 8, 138.66, 487208, 210, 13, 0
2822, 3, 147, 350, 11, 0, 51.60%, 5, 0, 8, 139.21, 487925, 210, 15, 0
2827, 3, 28, 350, 11, 0, 51.60%, 5, 0, 8, 135.23, 488623, 210, 15, 0
2832, 3, 52, 350, 11, 0, 51.60%, 5, 0, 8, 134.53, 489309, 210, 20, 0
2837, 3, 110, 350, 10, 0, 51.60%, 5, 0, 8, 156.74, 490109, 210, 20, 0
2842, 3, 282, 350, 10, 0, 51.60%, 5, 0, 8, 149.40, 490872, 210, 20, 0
2847, 3, 275, 350, 10, 0, 51.60%, 5, 0, 8, 137.75, 491563, 210, 20, 0
2853, 3, 327, 350, 10, 0, 51.60%, 5, 0, 8, 138.87, 492309, 210, 20, 0
2858, 3, 234, 350, 10, 0, 51.60%, 5, 0, 8, 133.40, 492961, 210, 21, 0
2863, 3, 234, 350, 10, 0, 51.60%, 5, 0, 8, 131.14, 493613, 210, 21, 0
2868, 3, 191, 350, 9, 0, 51.60%, 5, 0, 8, 138.85, 494327, 210, 21, 0
2873, 3, 262, 350, 9, 0, 51.60%, 5, 0, 8, 130.69, 495010, 210, 21, 0
2878, 3, 321, 350, 9, 0, 51.60%, 5, 0, 8, 137.70, 495713, 210, 21, 0
2883, 3, 189, 350, 9, 0, 51.60%, 5, 0, 8, 143.93, 496441, 210, 21, 0
2888, 3, 85, 350, 9, 0, 51.60%, 5, 0, 8, 142.06, 497167, 210, 21, 0
2893, 3, 37, 350, 9, 0, 51.60%, 5, 0, 8, 146.41, 497914, 210, 21, 0
2898, 3, 87, 350, 9, 0, 51.60%, 5, 0, 8, 152.73, 498669, 210, 21, 0
2903, 3, 301, 350, 9, 0, 51.60%, 5, 0, 8, 147.68, 499388, 210, 21, 0
2908, 3, 87, 350, 9, 0, 51.60%, 5, 0, 8, 153.29, 500177, 210, 21, 0
2914, 3, 120, 350, 9, 0, 51.60%, 5, 0, 8, 145.66, 500895, 210, 21, 0
2919, 3, 310, 350, 9, 0, 51.60%, 5, 0, 8, 145.13, 501608, 210, 21, 0
2924, 3, 39, 350, 9, 0, 51.60%, 5, 0, 8, 146.25, 502378, 210, 21, 0
2929, 3, 85, 350, 9, 0, 51.60%, 5, 0, 8, 137.03, 503057, 210, 21, 0
2934, 3, 291, 350, 9, 0, 51.60%, 5, 0, 8, 129.34, 503706, 210, 21, 0
2939, 3, 104, 350, 8, 0, 51.60%, 5, 0, 8, 138.36, 504409, 210, 21, 0
2944, 3, 161, 350, 8, 0, 51.60%, 5, 0, 8, 143.49, 505183, 210, 21, 0
2949, 3, 291, 350, 8, 0, 51.60%, 5, 0, 8, 142.01, 505896, 210, 21, 0
2955, 3, 85, 350, 8, 0, 51.60%, 5, 0, 8, 137.61, 506604, 210, 21, 0
2960, 3, 168, 350, 8, 0, 51.60%, 5, 0, 8, 141.21, 507310, 210, 21, 0
2965, 3, 28, 350, 7, 0, 51.60%, 5, 0, 8, 139.33, 508023, 210, 21, 0
2970, 3, 213, 350, 7, 0, 51.60%, 5, 0, 8, 136.44, 508739, 210, 21, 0
2975, 3, 177, 350, 7, 0, 51.60%, 5, 0, 8, 127.09, 509375, 210, 21, 0
2980, 3, 161, 350, 7, 0, 51.60%, 5, 0, 8, 131.98, 510033, 210, 21, 0
2985, 3, 177, 350, 7, 0, 51.60%, 5, 0, 8, 131.57, 510707, 210, 21, 0
2990, 3, 172, 350, 7, 0, 51.60%, 5, 0, 8, 139.57, 511413, 210, 21, 0
2995, 3, 179, 350, 7, 0, 51.60%, 5, 0, 8, 134.05, 512064, 210, 21, 0
3000, 3, 87, 350, 7, 0, 51.60%, 5, 0, 8, 124.60, 512667, 210, 21, 0
3006, 3, 37, 350, 7, 0, 51.60%, 5, 0, 8, 135.02, 513371, 210, 21, 0
3011, 3, 92, 350, 7, 0, 51.60%, 5, 0, 8, 136.98, 514048, 210, 21, 0
3016, 3, 219, 350, 7, 0, 51.60%, 5, 0, 8, 132.32, 514690, 210, 21, 0
3021, 3, 52, 350, 7, 0, 51.60%, 5, 0, 8, 135.90, 515389, 210, 21, 0
3026, 3, 87, 350, 7, 0, 51.60%, 5, 0, 8, 126.63, 516024, 210, 21, 0
3031, 3, 221, 350, 7, 0, 51.60%, 5, 0, 8, 136.53, 516740, 210, 21, 0
3036, 3, 161, 350, 7, 0, 51.60%, 5, 0, 8, 138.74, 517464, 210, 21, 0
3041, 3, 261, 350, 7, 0, 51.60%, 5, 0, 8, 147.73, 518233, 210, 21, 0
3046, 3, 85, 350, 6, 0, 51.60%, 5, 0, 8, 147.95, 518975, 210, 21, 0
3052, 3, 219, 350, 6, 0, 51.60%, 5, 0, 8, 137.77, 519679, 210, 21, 0
3057, 3, 262, 350, 6, 0, 51.60%, 5, 0, 8, 137.31, 520363, 210, 21, 0
3062, 3, 189, 350, 6, 0, 51.60%, 5, 0, 8, 142.25, 521087, 210, 21, 0
3067, 3, 125, 350, 6, 0, 51.60%, 5, 0, 8, 127.13, 521709, 210, 21, 0
3072, 3, 161, 350, 6, 0, 51.60%, 5, 0, 8, 138.04, 522431, 210, 21, 0
3077, 3, 262, 350, 6, 0, 51.60%, 5, 0, 8, 141.44, 523171, 210, 21, 0
3082, 3, 286, 350, 6, 0, 51.60%, 5, 0, 8, 129.20, 523808, 210, 21, 0
3087, 3, 117, 350, 6, 0, 51.60%, 5, 0, 8, 134.84, 524509, 210, 21, 0
3092, 3, 309, 350, 6, 0, 51.60%, 5, 0, 8, 138.29, 525189, 210, 21, 0
3097, 3, 189, 350, 5, 0, 51.60%, 5, 0, 8, 259.77, 526458, 210, 21, 0
3103, 3, 219, 350, 5, 0, 51.60%, 5, 0, 8, 464.78, 529174, 210, 21, 0
3108, 3, 136, 350, 5, 0, 51.60%, 5, 0, 8, 604.16, 532098, 210, 21, 0
3113, 3, 219, 350, 5, 0, 51.60%, 5, 0, 8, 535.22, 534604, 210, 24, 0
3118, 3, 156, 350, 5, 0, 51.60%, 5, 0, 8, 505.64, 537241, 210, 24, 0
3123, 3, 87, 350, 5, 0, 51.60%, 5, 0, 8, 484.52, 539663, 210, 25, 0
3128, 3, 195, 352, 4, 0, 51.60%, 5, 0, 8, 461.51, 542034, 210, 26, 0
3133, 4, 357, 364, 16, 4, 52.33%, 5, 0, 8, 492.89, 544584, 213, 27, 0
3138, 4, 356, 364, 14, 2, 52.33%, 5, 0, 8, 488.57, 547080, 213, 27, 0
3143, 4, 354, 364, 12, 0, 52.33%, 5, 0, 8, 475.45, 549418, 213, 29, 0
3148, 4, 356, 365, 12, 0, 52.33%, 5, 0, 8, 459.05, 551746, 213, 29, 0
3154, 4, 351, 365, 12, 0, 52.33%, 5, 0, 8, 536.71, 554603, 213, 29, 0
3159, 4, 363, 365, 12, 0, 52.33%, 5, 0, 8, 468.95, 556936, 213, 29, 0
3164, 4, 219, 365, 10, 0, 52.33%, 5, 0, 8, 466.76, 559358, 213, 29, 0
3169, 4, 359, 365, 10, 0, 52.33%, 5, 0, 8, 476.03, 561807, 213, 29, 0
3174, 4, 364, 365, 9, 0, 52.33%, 5, 0, 8, 463.80, 564147, 213, 29, 0
3179, 4, 125, 365, 7, 0, 52.33%, 5, 0, 8, 474.97, 566561, 213, 29, 0
3184, 4, 161, 365, 7, 0, 52.33%, 5, 0, 8, 448.14, 568800, 213, 29, 0
3189, 4, 233, 365, 6, 0, 52.33%, 5, 0, 8, 466.26, 571224, 213, 29, 0
3194, 4, 357, 365, 6, 0, 52.33%, 5, 0, 8, 443.21, 573395, 213, 29, 0
3199, 4, 104, 365, 6, 0, 52.33%, 5, 0, 8, 435.99, 575619, 213, 29, 0
3204, 4, 172, 365, 6, 0, 52.33%, 5, 0, 8, 481.38, 578080, 213, 29, 0
3209, 4, 189, 365, 6, 0, 52.33%, 6, 0, 8, 466.05, 580421, 213, 30, 0
3214, 4, 191, 365, 6, 0, 52.33%, 6, 0, 8, 446.09, 582633, 213, 30, 0
3220, 4, 361, 365, 6, 0, 52.33%, 7, 0, 8, 482.46, 585155, 213, 37, 0
3225, 4, 136, 365, 5, 0, 52.33%, 7, 0, 8, 449.61, 587446, 213, 39, 0
3230, 4, 177, 365, 4, 0, 52.33%, 7, 0, 8, 458.56, 589792, 213, 39, 0
3235, 4, 123, 365, 4, 0, 52.33%, 7, 0, 8, 456.12, 592037, 213, 39, 0
3240, 4, 352, 365, 4, 0, 52.33%, 7, 0, 8, 455.33, 594364, 213, 39, 0
3245, 4, 50, 366, 4, 0, 52.33%, 7, 0, 8, 477.39, 596783, 213, 39, 0
3250, 4, 191, 366, 4, 0, 52.33%, 7, 0, 8, 505.01, 599314, 213, 39, 0
3255, 4, 92, 366, 4, 0, 52.33%, 7, 0, 8, 498.24, 601795, 213, 39, 0
3260, 4, 211, 366, 4, 0, 52.33%, 7, 0, 8, 503.71, 604291, 213, 39, 0
3265, 4, 191, 366, 3, 0, 52.33%, 7, 0, 8, 480.72, 606657, 213, 39, 0
3270, 4, 262, 366, 3, 0, 52.33%, 7, 0, 8, 495.28, 609158, 213, 39, 0
3275, 4, 189, 366, 3, 0, 52.33%, 7, 0, 8, 473.23, 611565, 213, 42, 0
3280, 4, 251, 366, 3, 0, 52.33%, 7, 0, 8, 468.89, 613942, 213, 42, 0
3285, 4, 261, 366, 2, 0, 52.33%, 7, 0, 8, 437.33, 616103, 213, 42, 0
3291, 4, 150, 366, 2, 0, 52.33%, 7, 0, 8, 464.72, 618528, 213, 42, 0
3296, 4, 120, 366, 2, 0, 52.33%, 7, 0, 8, 455.26, 620831, 213, 42, 0
3301, 4, 37, 366, 2, 0, 52.33%, 7, 0, 8, 457.45, 623150, 213, 42, 0
3306, 5, 367, 369, 5, 2, 52.83%, 7, 0, 8, 452.84, 625409, 215, 42, 0
3311, 5, 219, 369, 3, 0, 52.83%, 7, 0, 8, 480.66, 627837, 215, 42, 0
3316, 5, 21, 369, 3, 0, 52.83%, 7, 0, 8, 480.63, 630304, 215, 42, 0
3321, 5, 189, 369, 3, 0, 52.83%, 7, 0, 8, 502.83, 632847, 215, 42, 0
3326, 5, 366, 369, 3, 0, 52.83%, 7, 0, 8, 471.05, 635211, 215, 42, 0
3331, 5, 310, 369, 3, 0, 52.83%, 7, 0, 8, 470.63, 637634, 215, 43, 0
3336, 5, 110, 369, 2, 0, 52.83%, 7, 0, 8, 473.57, 639946, 215, 43, 0
3341, 5, 172, 369, 2, 0, 52.83%, 7, 0, 8, 464.64, 642280, 215, 44, 0
3346, 5, 227, 369, 2, 0, 52.83%, 7, 0, 8, 429.35, 644419, 215, 44, 0
3351, 5, 85, 369, 2, 0, 52.83%, 7, 0, 8, 443.55, 646707, 215, 44, 0
3357, 5, 161, 369, 2, 0, 52.83%, 7, 0, 8, 435.23, 648928, 215, 44, 0
3362, 5, 273, 369, 2, 0, 52.83%, 7, 0, 8, 446.95, 651211, 215, 45, 0
3367, 5, 25, 369, 2, 0, 52.83%, 7, 0, 8, 438.96, 653451, 215, 45, 0
3372, 5, 177, 369, 2, 0, 52.83%, 7, 0, 8, 423.42, 655651, 215, 45, 0
3377, 5, 324, 369, 2, 0, 52.83%, 7, 0, 8, 428.72, 657809, 215, 45, 0
3382, 5, 117, 369, 2, 0, 52.83%, 7, 0, 8, 438.64, 660106, 215, 45, 0
3387, 5, 125, 370, 3, 0, 52.83%, 7, 0, 8, 444.75, 662349, 215, 45, 0
3392, 5, 161, 370, 3, 0, 52.83%, 7, 0, 8, 434.52, 664487, 215, 45, 0
3397, 5, 215, 370, 2, 0, 52.83%, 7, 0, 8, 442.70, 666736, 215, 45, 0
3402, 5, 219, 370, 2, 0, 52.83%, 7, 0, 8, 453.53, 669040, 215, 45, 0
3407, 5, 191, 370, 2, 0, 52.83%, 7, 0, 8, 460.93, 671345, 215, 45, 0
3412, 5, 172, 370, 2, 0, 52.83%, 7, 0, 8, 461.97, 673692, 215, 46, 0
3417, 5, 51, 370, 2, 0, 52.83%, 7, 0, 8, 467.53, 676029, 215, 46, 0
3422, 5, 172, 370, 2, 0, 52.83%, 7, 0, 8, 463.39, 678330, 215, 46, 0
3427, 5, 25, 370, 2, 0, 52.83%, 7, 0, 8, 460.59, 680664, 215, 46, 0
3432, 5, 65, 370, 2, 0, 52.83%, 7, 0, 8, 470.77, 683076, 215, 47, 0
3437, 5, 221, 370, 2, 0, 52.83%, 7, 0, 8, 432.18, 685255, 215, 47, 0
3443, 5, 88, 370, 2, 0, 52.83%, 7, 0, 8, 460.98, 687604, 215, 47, 0
3448, 5, 90, 370, 2, 0, 52.83%, 7, 0, 8, 457.16, 689902, 215, 48, 0
3453, 5, 189, 370, 2, 0, 52.83%, 7, 0, 8, 456.40, 692231, 215, 48, 0
3458, 6, 376, 456, 87, 10, 61.43%, 7, 0, 8, 405.86, 694232, 250, 49, 0
3463, 6, 424, 456, 86, 9, 61.43%, 7, 0, 8, 503.87, 696784, 250, 49, 0
3468, 6, 424, 456, 86, 9, 61.43%, 7, 0, 8, 469.36, 699245, 250, 49, 0
3473, 6, 373, 456, 84, 7, 61.43%, 7, 0, 8, 445.71, 701495, 250, 49, 0
3478, 6, 379, 456, 82, 5, 61.43%, 7, 0, 8, 458.25, 703870, 250, 49, 0
3483, 6, 451, 456, 81, 4, 61.43%, 7, 0, 8, 448.54, 706196, 250, 49, 0
3488, 6, 405, 456, 79, 3, 61.43%, 7, 0, 8, 429.12, 708322, 250, 49, 0
3493, 6, 438, 456, 78, 2, 61.43%, 7, 0, 8, 453.05, 710600, 250, 49, 0
3498, 6, 381, 456, 76, 1, 61.43%, 7, 0, 8, 444.01, 712830, 250, 49, 0
3503, 6, 326, 456, 75, 0, 61.43%, 7, 0, 8, 470.04, 715213, 250, 49, 0
3509, 6, 416, 456, 75, 0, 61.43%, 7, 0, 8, 457.41, 717512, 250, 49, 0
3514, 6, 380, 456, 72, 0, 61.43%, 7, 0, 8, 465.06, 719844, 250, 49, 0
3519, 6, 12, 456, 70, 0, 61.43%, 7, 0, 8, 440.12, 722083, 250, 49, 0
3524, 6, 351, 456, 69, 0, 61.43%, 7, 0, 8, 450.27, 724330, 250, 49, 0
3529, 6, 453, 456, 68, 0, 61.43%, 7, 0, 8, 435.88, 726533, 250, 49, 0
3534, 6, 407, 456, 66, 0, 61.43%, 7, 0, 8, 462.41, 728868, 250, 49, 0
3539, 6, 85, 456, 65, 0, 61.43%, 7, 0, 8, 455.03, 731169, 250, 49, 0
3544, 6, 172, 456, 65, 0, 61.43%, 7, 0, 8, 439.88, 733410, 250, 49, 0
3549, 6, 383, 456, 64, 0, 61.43%, 7, 0, 8, 458.99, 735777, 250, 49, 0
3554, 6, 384, 456, 62, 0, 61.43%, 7, 0, 8, 460.19, 738100, 250, 50, 0
3559, 6, 189, 456, 60, 0, 61.43%, 7, 0, 8, 464.99, 740483, 250, 50, 0
3565, 6, 375, 456, 59, 0, 61.43%, 7, 0, 8, 445.62, 742739, 250, 50, 0
3570, 6, 125, 456, 57, 0, 61.43%, 7, 0, 8, 446.53, 744998, 250, 50, 0
3575, 6, 401, 456, 56, 0, 61.43%, 7, 0, 8, 448.08, 747225, 250, 50, 0
3580, 6, 415, 456, 55, 0, 61.43%, 7, 0, 8, 463.70, 749649, 250, 50, 0
3585, 6, 378, 456, 54, 0, 61.43%, 7, 0, 8, 447.27, 751901, 250, 50, 0
3590, 6, 431, 456, 52, 0, 61.43%, 7, 0, 8, 437.76, 754191, 250, 50, 0
3595, 6, 452, 456, 50, 0, 61.43%, 7, 0, 8, 444.90, 756506, 250, 50, 0
3600, 6, 191, 456, 49, 0, 61.43%, 7, 0, 8, 456.75, 758848, 250, 50, 0
3605, 6, 440, 456, 49, 0, 61.43%, 7, 0, 8, 456.91, 761129, 250, 50, 0
3610, 6, 456, 457, 48, 1, 61.67%, 7, 0, 8, 490.54, 763682, 251, 50, 0
3616, 6, 120, 457, 46, 0, 61.67%, 7, 0, 8, 456.87, 766008, 251, 50, 0
3621, 6, 450, 457, 45, 0, 61.67%, 7, 0, 8, 472.65, 768437, 251, 51, 0
3626, 6, 172, 457, 43, 0, 61.67%, 7, 0, 8, 477.53, 770957, 251, 51, 0
3631, 6, 438, 457, 42, 0, 61.67%, 7, 0, 8, 463.76, 773252, 251, 51, 0
3636, 6, 89, 457, 42, 0, 61.67%, 7, 0, 8, 461.59, 775622, 251, 51, 0
3641, 6, 343, 457, 41, 0, 61.67%, 7, 0, 8, 468.10, 777936, 251, 51, 0
3646, 6, 388, 457, 40, 0, 61.67%, 7, 0, 8, 472.64, 780380, 251, 51, 0
3651, 6, 327, 457, 38, 0, 61.67%, 7, 0, 8, 476.01, 782767, 251, 51, 0
3656, 6, 414, 457, 37, 0, 61.67%, 7, 0, 8, 452.30, 785013, 251, 51, 0
3661, 6, 435, 457, 36, 0, 61.67%, 7, 0, 8, 452.25, 787283, 251, 51, 0
3666, 6, 396, 457, 35, 0, 61.67%, 7, 0, 8, 450.70, 789474, 251, 51, 0
3671, 6, 380, 457, 33, 0, 61.67%, 7, 0, 8, 456.13, 791829, 251, 51, 0
3677, 6, 417, 457, 32, 0, 61.67%, 7, 0, 8, 467.83, 794300, 251, 51, 0
3682, 6, 427, 457, 31, 0, 61.67%, 7, 0, 8, 452.85, 796594, 251, 51, 0
3687, 6, 221, 457, 28, 0, 61.67%, 7, 0, 8, 446.67, 798795, 251, 51, 0
3692, 6, 191, 457, 27, 0, 61.67%, 7, 0, 8, 463.16, 801106, 251, 51, 0
3697, 6, 425, 457, 27, 0, 61.67%, 7, 0, 8, 458.26, 803408, 251, 51, 0
3702, 6, 370, 457, 26, 0, 61.67%, 7, 0, 8, 454.92, 805724, 251, 51, 0
3707, 6, 172, 458, 25, 0, 61.67%, 7, 0, 8, 457.54, 808060, 251, 51, 0
3712, 6, 117, 458, 24, 0, 61.67%, 7, 0, 8, 450.43, 810348, 251, 51, 0
3717, 6, 419, 458, 23, 0, 61.67%, 7, 0, 8, 456.51, 812647, 251, 51, 0
3722, 6, 385, 458, 21, 0, 61.67%, 7, 0, 8, 480.50, 815169, 251, 51, 0
3727, 6, 442, 458, 20, 0, 61.67%, 7, 0, 8, 485.90, 817618, 251, 51, 0
3733, 6, 376, 458, 18, 0, 61.67%, 7, 0, 8, 467.41, 820033, 251, 51, 0
3738, 6, 399, 458, 18, 0, 61.67%, 7, 0, 8, 449.48, 822327, 251, 51, 0
3743, 6, 376, 458, 17, 0, 61.67%, 7, 0, 8, 462.01, 824651, 251, 51, 0
3748, 6, 85, 458, 17, 0, 61.67%, 7, 0, 8, 443.99, 826933, 251, 51, 0
3753, 6, 147, 458, 16, 0, 61.67%, 7, 0, 8, 451.00, 829217, 251, 51, 0
3758, 6, 400, 458, 16, 0, 61.67%, 7, 0, 8, 469.40, 831582, 251, 51, 0
3763, 6, 52, 458, 15, 0, 61.67%, 7, 0, 8, 408.82, 833712, 251, 51, 0
3768, 6, 219, 458, 15, 0, 61.67%, 7, 0, 8, 429.22, 835924, 251, 51, 0
3773, 6, 104, 458, 14, 0, 61.67%, 7, 0, 8, 454.10, 838215, 251, 51, 0
3778, 6, 380, 458, 14, 0, 61.67%, 7, 0, 8, 445.96, 840502, 251, 51, 0
3783, 6, 120, 458, 13, 0, 61.67%, 7, 0, 8, 481.39, 842907, 251, 51, 0
3788, 6, 403, 458, 13, 0, 61.67%, 7, 0, 8, 476.53, 845239, 251, 51, 0
3793, 7, 458, 467, 21, 2, 61.67%, 7, 0, 8, 461.71, 847524, 251, 51, 0
3798, 7, 460, 467, 20, 1, 61.67%, 7, 0, 8, 470.30, 849892, 251, 51, 0
3803, 7, 189, 467, 19, 0, 61.67%, 7, 0, 8, 468.64, 852240, 251, 51, 0
3808, 7, 357, 467, 18, 0, 61.67%, 9, 0, 8, 462.16, 854563, 251, 55, 0
3814, 7, 438, 468, 18, 0, 61.67%, 9, 0, 8, 444.04, 856767, 251, 55, 0
3819, 7, 392, 469, 19, 0, 61.67%, 9, 0, 8, 449.98, 859016, 251, 55, 0
3824, 7, 11, 469, 17, 0, 61.67%, 9, 0, 8, 453.62, 861358, 251, 55, 0
3829, 7, 376, 469, 17, 0, 61.67%, 9, 0, 8, 410.70, 863410, 251, 55, 0
3834, 7, 459, 469, 17, 0, 61.67%, 9, 0, 8, 387.40, 865394, 251, 55, 0
3839, 7, 316, 469, 16, 0, 61.67%, 9, 0, 8, 446.64, 867718, 251, 55, 0
3844, 7, 465, 469, 16, 0, 61.67%, 9, 0, 8, 442.27, 869997, 251, 55, 0
3849, 7, 189, 469, 15, 0, 61.67%, 9, 0, 8, 439.24, 872222, 251, 55, 0
3854, 7, 286, 469, 14, 0, 61.67%, 9, 0, 8, 451.83, 874466, 251, 55, 0
3859, 7, 219, 469, 13, 0, 61.67%, 9, 0, 8, 452.10, 876777, 251, 55, 0
3864, 7, 161, 469, 12, 0, 61.67%, 9, 0, 8, 466.94, 879128, 251, 55, 0
3869, 7, 466, 469, 12, 0, 61.67%, 9, 0, 8, 457.72, 881406, 251, 55, 0
3874, 7, 219, 469, 12, 0, 61.67%, 9, 0, 8, 461.10, 883689, 251, 55, 0
3879, 7, 456, 469, 12, 0, 61.67%, 9, 0, 8, 455.87, 885989, 251, 56, 0
3884, 7, 53, 469, 12, 0, 61.67%, 9, 0, 8, 464.76, 888290, 251, 56, 0
3889, 7, 357, 469, 11, 0, 61.67%, 9, 0, 8, 472.42, 890747, 251, 56, 0
3894, 7, 92, 469, 10, 0, 61.67%, 10, 0, 8, 433.23, 892934, 251, 57, 0
3900, 7, 460, 469, 10, 0, 61.67%, 10, 0, 8, 459.63, 895304, 251, 57, 0
3905, 7, 456, 470, 11, 0, 61.67%, 10, 0, 8, 464.20, 897632, 251, 57, 0
3910, 7, 263, 470, 11, 0, 61.67%, 10, 0, 8, 443.18, 899886, 251, 57, 0
3915, 7, 177, 470, 11, 0, 61.67%, 10, 0, 8, 416.49, 902008, 251, 58, 0
3920, 7, 219, 470, 11, 0, 61.67%, 10, 0, 8, 417.59, 904147, 251, 58, 0
3925, 7, 104, 470, 11, 0, 61.67%, 10, 0, 8, 449.37, 906528, 251, 58, 0
3930, 7, 104, 470, 10, 0, 61.67%, 10, 0, 8, 443.36, 908791, 251, 58, 0
3935, 7, 104, 470, 10, 0, 61.67%, 10, 0, 8, 444.09, 911059, 251, 58, 0
3940, 7, 276, 470, 10, 0, 61.67%, 10, 0, 8, 457.69, 913441, 251, 58, 0
3945, 7, 468, 470, 10, 0, 61.67%, 10, 0, 8, 465.71, 915705, 251, 58, 0
3950, 7, 366, 470, 9, 0, 61.67%, 10, 0, 8, 429.29, 917894, 251, 59, 0
3956, 7, 147, 470, 9, 0, 61.67%, 10, 0, 8, 429.29, 920047, 251, 59, 0
3961, 7, 191, 470, 9, 0, 61.67%, 10, 0, 8, 415.81, 922173, 251, 59, 0
3966, 7, 87, 470, 9, 0, 61.67%, 10, 0, 8, 413.04, 924355, 251, 59, 0
3971, 7, 367, 470, 9, 0, 61.67%, 10, 0, 8, 434.04, 926557, 251, 59, 0
3976, 7, 85, 470, 8, 0, 61.67%, 10, 0, 8, 444.90, 928785, 251, 59, 0
3981, 7, 422, 470, 8, 0, 61.67%, 10, 0, 8, 457.20, 931053, 251, 59, 0
3986, 7, 189, 470, 8, 0, 61.67%, 10, 0, 8, 454.43, 933451, 251, 59, 0
3991, 7, 161, 470, 8, 0, 61.67%, 10, 0, 8, 439.85, 935581, 251, 59, 0
3996, 7, 87, 470, 8, 0, 61.67%, 10, 0, 8, 446.17, 937822, 251, 59, 0
4001, 7, 104, 470, 7, 0, 61.67%, 10, 0, 8, 435.55, 940016, 251, 59, 0
4006, 7, 411, 470, 7, 0, 61.67%, 10, 0, 8, 453.60, 942362, 251, 59, 0
4011, 7, 357, 470, 7, 0, 61.67%, 10, 0, 8, 450.90, 944579, 251, 61, 0
4016, 8, 181, 473, 10, 0, 61.67%, 10, 0, 8, 442.49, 946804, 251, 61, 0
4021, 8, 376, 473, 10, 0, 61.67%, 10, 0, 8, 467.69, 949251, 251, 62, 0
4027, 8, 443, 473, 10, 0, 61.67%, 10, 0, 8, 437.03, 951389, 251, 62, 0
4032, 8, 355, 473, 8, 0, 61.67%, 10, 0, 8, 464.67, 953753, 251, 62, 0
4037, 8, 272, 473, 8, 0, 61.67%, 10, 0, 8, 427.74, 955902, 251, 62, 0
4042, 8, 470, 473, 8, 0, 61.67%, 10, 0, 8, 465.15, 958254, 251, 62, 0
4047, 8, 422, 473, 7, 0, 61.67%, 10, 0, 8, 449.29, 960484, 251, 62, 0
4052, 8, 161, 473, 7, 0, 61.67%, 10, 0, 8, 474.43, 962958, 251, 62, 0
4057, 8, 351, 473, 6, 0, 61.67%, 10, 0, 8, 467.73, 965305, 251, 62, 0
4062, 8, 461, 473, 5, 0, 61.67%, 10, 0, 8, 470.05, 967625, 251, 62, 0
4067, 8, 125, 473, 4, 0, 61.67%, 10, 0, 8, 445.25, 969866, 251, 62, 0
4072, 8, 147, 473, 4, 0, 61.67%, 10, 0, 8, 458.82, 972272, 251, 62, 0
4077, 8, 357, 473, 4, 0, 61.67%, 10, 0, 8, 459.14, 974582, 251, 62, 0
4082, 8, 354, 473, 4, 0, 61.67%, 10, 0, 8, 449.87, 976892, 251, 62, 0
4087, 8, 218, 473, 4, 0, 61.67%, 10, 0, 8, 458.94, 979144, 251, 62, 0
4093, 8, 390, 473, 4, 0, 61.67%, 10, 0, 8, 521.26, 981961, 251, 62, 0
4098, 8, 405, 473, 4, 0, 61.67%, 10, 0, 8, 490.19, 984324, 251, 62, 0
4103, 8, 286, 473, 4, 0, 61.67%, 10, 0, 8, 472.41, 986778, 251, 62, 0
4108, 8, 324, 473, 4, 0, 61.67%, 10, 0, 8, 437.83, 988937, 251, 63, 0
4113, 8, 39, 473, 4, 0, 61.67%, 10, 0, 8, 458.66, 991307, 251, 63, 0
4118, 8, 219, 473, 4, 0, 61.67%, 10, 0, 8, 447.49, 993555, 251, 64, 0
4123, 8, 57, 473, 4, 0, 61.67%, 10, 0, 8, 453.44, 995847, 251, 64, 0
4128, 8, 317, 473, 4, 0, 61.67%, 10, 0, 8, 457.28, 998171, 251, 64, 0
4133, 8, 262, 473, 4, 0, 61.67%, 10, 0, 8, 455.00, 1000494, 251, 64, 0
4138, 8, 92, 473, 4, 0, 61.67%, 10, 0, 8, 440.50, 1002740, 251, 64, 0
4143, 8, 177, 473, 4, 0, 61.67%, 10, 0, 8, 424.42, 1004859, 251, 64, 0
4149, 8, 221, 473, 4, 0, 61.67%, 10, 0, 8, 455.64, 1007299, 251, 64, 0
4154, 8, 85, 473, 4, 0, 61.67%, 10, 0, 8, 478.57, 1009856, 251, 64, 0
4159, 8, 365, 473, 4, 0, 61.67%, 10, 0, 8, 464.58, 1012179, 251, 64, 0
4164, 8, 376, 473, 3, 0, 61.67%, 10, 0, 8, 479.60, 1014589, 251, 66, 0
4169, 8, 456, 473, 3, 0, 61.67%, 10, 0, 8, 474.49, 1016966, 251, 66, 0
4174, 8, 411, 473, 3, 0, 61.67%, 10, 0, 8, 449.06, 1019196, 251, 66, 0
4179, 8, 51, 473, 3, 0, 61.67%, 10, 0, 8, 465.66, 1021578, 251, 66, 0
4184, 9, 473, 478, 8, 2, 62.90%, 10, 0, 8, 461.71, 1023905, 256, 66, 0
4189, 9, 477, 479, 8, 1, 62.90%, 10, 0, 8, 466.33, 1026257, 256, 66, 0
4194, 9, 477, 479, 7, 0, 62.90%, 10, 0, 8, 473.79, 1028675, 256, 67, 0
4199, 9, 191, 479, 7, 0, 62.90%, 10, 0, 8, 457.45, 1030942, 256, 67, 0
4205, 9, 181, 479, 7, 0, 62.90%, 10, 0, 8, 471.70, 1033334, 256, 67, 0
4210, 9, 434, 479, 7, 0, 62.90%, 10, 0, 8, 452.50, 1035684, 256, 67, 0
4215, 9, 422, 479, 7, 0, 62.90%, 10, 0, 8, 462.93, 1038038, 256, 67, 0
4220, 9, 189, 479, 7, 0, 62.90%, 10, 0, 8, 467.86, 1040521, 256, 67, 0
4225, 9, 438, 479, 6, 0, 62.90%, 10, 0, 8, 463.02, 1042822, 256, 67, 0
4230, 9, 466, 479, 6, 0, 62.90%, 10, 0, 8, 437.53, 1045083, 256, 67, 0
4235, 9, 402, 479, 6, 0, 62.90%, 10, 0, 8, 451.04, 1047295, 256, 67, 0
4240, 9, 376, 479, 5, 0, 62.90%, 10, 0, 8, 452.42, 1049549, 256, 67, 0
4245, 9, 478, 480, 6, 0, 62.90%, 10, 0, 8, 476.24, 1051969, 256, 67, 0
4251, 9, 177, 480, 5, 0, 62.90%, 10, 0, 8, 477.37, 1054459, 256, 67, 0
4256, 9, 262, 480, 5, 0, 62.90%, 10, 0, 8, 464.34, 1056799, 256, 67, 0
4261, 9, 279, 480, 5, 0, 62.90%, 10, 0, 8, 498.34, 1059030, 256, 67, 0
4266, 9, 15, 480, 5, 0, 62.90%, 10, 0, 8, 459.83, 1061316, 256, 67, 0
4271, 9, 177, 480, 5, 0, 62.90%, 10, 0, 8, 451.94, 1063601, 256, 67, 0
4276, 9, 125, 480, 5, 0, 62.90%, 10, 0, 8, 463.39, 1065929, 256, 67, 0
4281, 9, 411, 480, 5, 0, 62.90%, 10, 0, 8, 485.04, 1068319, 256, 67, 0
4286, 9, 191, 480, 5, 0, 62.90%, 10, 0, 8, 450.30, 1070544, 256, 67, 0
4291, 9, 372, 480, 5, 0, 62.90%, 10, 0, 8, 467.37, 1072916, 256, 67, 0
4296, 9, 189, 480, 4, 0, 62.90%, 10, 0, 8, 478.16, 1075433, 256, 67, 0
4301, 9, 456, 480, 3, 0, 62.90%, 10, 0, 8, 456.25, 1077694, 256, 67, 0
4306, 9, 286, 480, 3, 0, 62.90%, 10, 0, 8, 448.92, 1079931, 256, 67, 0
4311, 9, 191, 480, 3, 0, 62.90%, 10, 0, 8, 441.01, 1082113, 256, 67, 0
4316, 9, 354, 480, 3, 0, 62.90%, 10, 0, 8, 443.78, 1084411, 256, 67, 0
4321, 9, 356, 480, 3, 0, 62.90%, 10, 0, 8, 468.00, 1086829, 256, 67, 0
4326, 9, 340, 480, 3, 0, 62.90%, 10, 0, 8, 427.43, 1088912, 256, 67, 0
4331, 9, 333, 480, 3, 0, 62.90%, 10, 0, 8, 461.71, 1091215, 256, 67, 0
4336, 9, 383, 480, 3, 0, 62.90%, 10, 0, 8, 468.56, 1093602, 256, 69, 0
4342, 9, 411, 480, 3, 0, 62.90%, 10, 0, 8, 459.25, 1095971, 256, 69, 0
4347, 9, 191, 480, 3, 0, 62.90%, 10, 0, 8, 439.32, 1098181, 256, 69, 0
4352, 9, 191, 480, 3, 0, 62.90%, 10, 0, 8, 453.44, 1100570, 256, 69, 0
4357, 9, 411, 481, 3, 0, 62.90%, 10, 0, 8, 468.18, 1102893, 256, 69, 0
4362, 9, 480, 482, 4, 0, 62.90%, 10, 0, 8, 447.76, 1105112, 256, 69, 0
4367, 9, 161, 482, 2, 0, 62.90%, 10, 0, 8, 424.41, 1107180, 256, 69, 0
4372, 9, 104, 482, 2, 0, 62.90%, 10, 0, 8, 446.69, 1109457, 256, 69, 0
4377, 10, 482, 487, 7, 1, 62.90%, 10, 0, 8, 458.04, 1111779, 256, 69, 0
4382, 10, 51, 487, 6, 0, 62.90%, 11, 0, 8, 467.81, 1114140, 256, 70, 0
4387, 10, 356, 487, 6, 0, 62.90%, 11, 0, 8, 428.83, 1116340, 256, 70, 0
4392, 10, 486, 487, 6, 0, 62.90%, 11, 0, 8, 431.17, 1118535, 256, 70, 0
4397, 10, 466, 487, 5, 0, 62.90%, 11, 0, 8, 426.51, 1120712, 256, 70, 0
4402, 10, 482, 487, 5, 0, 62.90%, 11, 0, 8, 434.11, 1122943, 256, 71, 0
4407, 10, 458, 487, 4, 0, 62.90%, 11, 0, 8, 446.58, 1125245, 256, 72, 0
4412, 10, 376, 487, 4, 0, 62.90%, 11, 0, 8, 441.15, 1127427, 256, 72, 0
4417, 10, 448, 487, 4, 0, 62.90%, 11, 0, 8, 432.35, 1129652, 256, 72, 0
4422, 10, 131, 487, 4, 0, 62.90%, 11, 0, 8, 449.89, 1131929, 256, 73, 0
4427, 10, 376, 487, 4, 0, 62.90%, 11, 0, 8, 481.37, 1134287, 256, 75, 0
4432, 10, 481, 487, 4, 0, 62.90%, 11, 0, 8, 440.86, 1136501, 256, 75, 0
4438, 10, 117, 487, 4, 0, 62.90%, 11, 0, 8, 449.29, 1138782, 256, 75, 0
4443, 10, 53, 487, 4, 0, 62.90%, 11, 0, 8, 438.58, 1140983, 256, 76, 0
4448, 10, 172, 487, 4, 0, 62.90%, 11, 0, 8, 454.77, 1143279, 256, 76, 0
4453, 10, 405, 487, 4, 0, 62.90%, 11, 0, 8, 463.99, 1145557, 256, 76, 0
4458, 10, 460, 487, 3, 0, 62.90%, 11, 0, 8, 471.85, 1147914, 256, 76, 0
4463, 10, 92, 487, 3, 0, 62.90%, 12, 0, 8, 449.32, 1150194, 256, 77, 0
4468, 10, 104, 487, 3, 0, 62.90%, 12, 0, 8, 451.93, 1152523, 256, 77, 0
4473, 10, 12, 487, 3, 0, 62.90%, 12, 0, 8, 458.08, 1154761, 256, 77, 0
4478, 10, 262, 487, 3, 0, 62.90%, 12, 0, 8, 440.36, 1157035, 256, 79, 0
4483, 10, 125, 487, 3, 0, 62.90%, 12, 0, 8, 424.90, 1159204, 256, 79, 0
4488, 10, 379, 487, 3, 0, 62.90%, 12, 0, 8, 445.55, 1161553, 256, 81, 0
4493, 10, 466, 487, 3, 0, 62.90%, 12, 0, 8, 458.68, 1163869, 256, 81, 0
4499, 10, 161, 487, 3, 0, 62.90%, 12, 0, 8, 432.30, 1166072, 256, 81, 0
4504, 10, 92, 487, 3, 0, 62.90%, 12, 0, 8, 450.22, 1168383, 256, 81, 0
4509, 10, 191, 487, 3, 0, 62.90%, 12, 0, 8, 472.10, 1170804, 256, 84, 0
4514, 10, 26, 487, 3, 0, 62.90%, 12, 0, 8, 463.56, 1173124, 256, 84, 0
4519, 10, 28, 487, 3, 0, 62.90%, 12, 0, 8, 454.61, 1175362, 256, 84, 0
4524, 10, 183, 487, 3, 0, 62.90%, 12, 0, 8, 456.59, 1177661, 256, 84, 0
4529, 10, 460, 487, 3, 0, 62.90%, 12, 0, 8, 461.82, 1179966, 256, 84, 0
4534, 10, 129, 487, 3, 0, 62.90%, 12, 0, 8, 452.88, 1182296, 256, 84, 0
4539, 10, 189, 487, 3, 0, 62.90%, 12, 0, 8, 437.90, 1184514, 256, 84, 0
4544, 10, 263, 487, 3, 0, 62.90%, 12, 0, 8, 443.64, 1186803, 256, 84, 0
4549, 10, 60, 487, 3, 0, 62.90%, 12, 0, 8, 442.56, 1189024, 256, 85, 0
4554, 11, 314, 487, 3, 0, 62.90%, 12, 0, 8, 450.06, 1191226, 256, 85, 0
4559, 11, 271, 487, 3, 0, 62.90%, 12, 0, 8, 452.09, 1193485, 256, 85, 0
4564, 11, 189, 487, 3, 0, 62.90%, 12, 0, 8, 448.99, 1195695, 256, 85, 0
4569, 11, 87, 487, 3, 0, 62.90%, 12, 0, 8, 434.19, 1197840, 256, 87, 0
4574, 11, 299, 487, 3, 0, 62.90%, 12, 0, 8, 433.90, 1200064, 256, 87, 0
4579, 11, 262, 487, 3, 0, 62.90%, 12, 0, 8, 431.40, 1202265, 256, 87, 0
4585, 11, 475, 487, 3, 0, 62.90%, 12, 0, 8, 468.57, 1204646, 256, 87, 0
4590, 11, 161, 487, 2, 0, 62.90%, 12, 0, 8, 461.22, 1207003, 256, 87, 0
4595, 11, 481, 487, 2, 0, 62.90%, 12, 0, 8, 465.43, 1209370, 256, 87, 0
4600, 11, 329, 487, 2, 0, 62.90%, 13, 0, 8, 453.94, 1211675, 256, 92, 0
4605, 11, 460, 487, 2, 0, 62.90%, 13, 0, 8, 469.49, 1214027, 256, 92, 0
4610, 11, 189, 487, 2, 0, 62.90%, 13, 0, 8, 465.91, 1216383, 256, 92, 0
4615, 11, 28, 487, 2, 0, 62.90%, 13, 0, 8, 446.87, 1218737, 256, 92, 0
4620, 11, 177, 487, 2, 0, 62.90%, 13, 0, 8, 446.51, 1221042, 256, 92, 0
4625, 11, 310, 487, 2, 0, 62.90%, 13, 0, 8, 453.94, 1223393, 256, 92, 0
4630, 11, 311, 487, 2, 0, 62.90%, 13, 0, 8, 443.73, 1225646, 256, 92, 0
4635, 11, 245, 487, 2, 0, 62.90%, 13, 0, 8, 435.03, 1227850, 256, 92, 0
4640, 11, 177, 487, 2, 0, 62.90%, 13, 0, 8, 447.52, 1230130, 256, 92, 0
4645, 11, 340, 487, 2, 0, 62.90%, 13, 0, 8, 481.60, 1232549, 256, 92, 0
4651, 11, 354, 487, 2, 0, 62.90%, 13, 0, 8, 477.34, 1235014, 256, 93, 0
4656, 11, 262, 487, 1, 0, 62.90%, 13, 0, 8, 454.37, 1237304, 256, 93, 0
4661, 11, 325, 487, 1, 0, 62.90%, 13, 0, 8, 452.85, 1239485, 256, 95, 0
4666, 11, 104, 487, 1, 0, 62.90%, 13, 0, 8, 484.25, 1241987, 256, 95, 0
4671, 11, 274, 487, 1, 0, 62.90%, 13, 0, 8, 457.75, 1244245, 256, 95, 0
4676, 11, 15, 487, 1, 0, 62.90%, 13, 0, 8, 451.98, 1246530, 256, 95, 0
4681, 11, 147, 487, 1, 0, 62.90%, 13, 0, 8, 433.65, 1248724, 256, 96, 0
4686, 11, 438, 487, 1, 0, 62.90%, 13, 0, 8, 424.26, 1250890, 256, 96, 0
4691, 11, 227, 487, 1, 0, 62.90%, 13, 0, 8, 472.96, 1253272, 256, 96, 0
4696, 11, 126, 487, 1, 0, 62.90%, 13, 0, 8, 437.76, 1255445, 256, 96, 0
4701, 11, 189, 487, 1, 0, 62.90%, 13, 0, 8, 450.46, 1257805, 256, 96, 0
4706, 11, 139, 487, 1, 0, 62.90%, 13, 0, 8, 436.67, 1259964, 256, 96, 0
4711, 12, 487, 490, 4, 1, 62.90%, 13, 0, 8, 447.80, 1262290, 256, 97, 0
4717, 12, 181, 490, 3, 0, 62.90%, 13, 0, 8, 466.17, 1264650, 256, 99, 0
4722, 12, 172, 490, 3, 0, 62.90%, 13, 0, 8, 447.36, 1266860, 256, 99, 0
4727, 12, 90, 490, 3, 0, 62.90%, 13, 0, 8, 462.98, 1269257, 256, 99, 0
4732, 12, 411, 490, 3, 0, 62.90%, 13, 0, 8, 454.31, 1271515, 256, 99, 0
4737, 12, 473, 490, 3, 0, 62.90%, 13, 0, 8, 408.19, 1273495, 256, 99, 0
4742, 12, 263, 490, 2, 0, 62.90%, 13, 0, 8, 403.47, 1275547, 256, 99, 0
4747, 12, 191, 490, 2, 0, 62.90%, 13, 0, 8, 440.06, 1277859, 256, 100, 0
4752, 12, 340, 490, 2, 0, 62.90%, 13, 0, 8, 459.97, 1280178, 256, 100, 0
4757, 12, 483, 490, 2, 0, 62.90%, 13, 0, 8, 464.22, 1282530, 256, 100, 0
4762, 12, 172, 490, 2, 0, 62.90%, 13, 0, 8, 457.35, 1284811, 256, 100, 0
4767, 12, 307, 490, 2, 0, 62.90%, 13, 0, 8, 456.66, 1287168, 256, 100, 0
4772, 12, 15, 490, 2, 0, 62.90%, 13, 0, 8, 452.65, 1289386, 256, 100, 0
4777, 12, 438, 490, 2, 0, 62.90%, 13, 0, 8, 442.67, 1291621, 256, 100, 0
4782, 12, 189, 490, 2, 0, 62.90%, 13, 0, 8, 455.34, 1293919, 256, 100, 0
4787, 12, 104, 490, 2, 0, 62.90%, 13, 0, 8, 440.48, 1296109, 256, 100, 0
4792, 12, 211, 490, 2, 0, 62.90%, 13, 0, 8, 460.21, 1298379, 256, 101, 0
4797, 12, 88, 490, 2, 0, 62.90%, 13, 0, 8, 451.55, 1300674, 256, 101, 0
4803, 12, 85, 490, 2, 0, 62.90%, 13, 0, 8, 449.89, 1302955, 256, 102, 0
4808, 12, 26, 490, 2, 0, 62.90%, 13, 0, 8, 475.53, 1305328, 256, 102, 0
4813, 12, 456, 490, 2, 0, 62.90%, 13, 0, 8, 422.29, 1307470, 256, 103, 0
4818, 12, 57, 490, 2, 0, 62.90%, 13, 0, 8, 427.48, 1309710, 256, 104, 0
4823, 12, 104, 490, 2, 0, 62.90%, 13, 0, 8, 428.09, 1311810, 256, 104, 0
4828, 12, 411, 490, 2, 0, 62.90%, 13, 0, 8, 419.54, 1313946, 256, 104, 0
4833, 12, 357, 490, 2, 0, 62.90%, 13, 0, 8, 416.40, 1316164, 256, 104, 0
4838, 12, 262, 490, 2, 0, 62.90%, 13, 0, 8, 423.06, 1318368, 256, 104, 0
4843, 12, 87, 490, 2, 0, 62.90%, 14, 0, 8, 450.29, 1320567, 256, 113, 0
4848, 12, 466, 490, 2, 0, 62.90%, 14, 0, 8, 455.83, 1322831, 256, 115, 0
4853, 12, 87, 490, 2, 0, 62.90%, 14, 0, 8, 471.97, 1325328, 256, 117, 0
4859, 12, 177, 490, 2, 0, 62.90%, 14, 0, 8, 463.76, 1327637, 256, 118, 0
4864, 12, 356, 490, 2, 0, 62.90%, 14, 0, 8, 447.44, 1329881, 256, 120, 0
4869, 12, 367, 490, 2, 0, 62.90%, 14, 0, 8, 413.76, 1331952, 256, 120, 0
4874, 12, 488, 490, 2, 0, 62.90%, 14, 0, 8, 420.25, 1334119, 256, 120, 0
4879, 12, 100, 490, 1, 0, 62.90%, 14, 0, 8, 449.53, 1336341, 256, 120, 0
4884, 12, 489, 490, 1, 0, 62.90%, 14, 0, 8, 429.44, 1338457, 256, 120, 0
4889, 12, 177, 490, 0, 0, 62.90%, 14, 0, 8, 458.99, 1340778, 256, 120, 0
4894, 13, 54, 491, 1, 0, 62.90%, 14, 0, 8, 470.48, 1343061, 256, 120, 0
4899, 13, 87, 491, 1, 0, 62.90%, 14, 0, 8, 449.37, 1345331, 256, 121, 0
4904, 13, 490, 491, 1, 0, 62.90%, 14, 0, 8, 424.12, 1347489, 256, 121, 0
4909, 13, 411, 491, 0, 0, 62.90%, 14, 0, 8, 445.56, 1349882, 256, 121, 0
4914, 13, 411, 491, 0, 0, 62.90%, 14, 0, 8, 469.69, 1352205, 256, 121, 0
4919, 13, 458, 491, 0, 0, 62.90%, 14, 0, 8, 460.37, 1354470, 256, 122, 0
4924, 13, 147, 491, 0, 0, 62.90%, 14, 0, 8, 442.69, 1356677, 256, 122, 0
4930, 13, 92, 491, 0, 0, 62.90%, 14, 0, 8, 462.28, 1359077, 256, 122, 0
4935, 13, 191, 491, 0, 0, 62.90%, 14, 0, 8, 454.10, 1361309, 256, 122, 0
4940, 13, 311, 491, 0, 0, 62.90%, 14, 0, 8, 433.24, 1363521, 256, 122, 0
4945, 13, 444, 491, 0, 0, 62.90%, 14, 0, 8, 421.72, 1365698, 256, 122, 0
4950, 13, 37, 491, 0, 0, 62.90%, 14, 0, 8, 421.41, 1367822, 256, 123, 0
4955, 13, 88, 491, 0, 0, 62.90%, 14, 0, 8, 434.17, 1370019, 256, 123, 0
4960, 13, 466, 491, 0, 0, 62.90%, 14, 0, 8, 461.15, 1372395, 256, 123, 0
4965, 13, 458, 491, 0, 0, 62.90%, 14, 0, 8, 456.82, 1374780, 256, 124, 0
4970, 13, 104, 491, 0, 0, 62.90%, 14, 0, 8, 442.49, 1376945, 256, 124, 0
4975, 13, 458, 491, 0, 0, 62.90%, 14, 0, 8, 435.07, 1379146, 256, 124, 0
4980, 13, 405, 491, 0, 0, 62.90%, 14, 0, 8, 426.91, 1381269, 256, 124, 0
4985, 13, 427, 491, 0, 0, 62.90%, 14, 0, 8, 435.72, 1383513, 256, 124, 0
4990, 13, 141, 491, 0, 0, 62.90%, 14, 0, 8, 444.86, 1385769, 256, 124, 0
4995, 13, 151, 491, 0, 0, 62.90%, 14, 0, 8, 415.30, 1387896, 256, 124, 0
5000, 13, 191, 491, 0, 0, 62.90%, 14, 0, 8, 440.21, 1390154, 256, 124, 0
5006, 13, 356, 491, 0, 0, 62.90%, 14, 0, 8, 449.12, 1392417, 256, 124, 0
5011, 13, 147, 491, 0, 0, 62.90%, 14, 0, 8, 447.37, 1394738, 256, 124, 0
5016, 13, 276, 491, 0, 0, 62.90%, 14, 0, 8, 444.65, 1397022, 256, 124, 0
5021, 13, 458, 491, 0, 0, 62.90%, 14, 0, 8, 436.19, 1399263, 256, 124, 0
5026, 13, 297, 491, 0, 0, 62.90%, 14, 0, 8, 449.68, 1401559, 256, 124, 0
5031, 13, 373, 491, 0, 0, 62.90%, 14, 0, 8, 431.05, 1403705, 256, 124, 0
5036, 13, 405, 491, 0, 0, 62.90%, 14, 0, 8, 446.55, 1405946, 256, 124, 0
5041, 13, 90, 491, 0, 0, 62.90%, 14, 0, 8, 445.71, 1408178, 256, 124, 0
5046, 13, 172, 491, 0, 0, 62.90%, 14, 0, 8, 445.90, 1410411, 256, 124, 0
5052, 13, 191, 491, 0, 0, 62.90%, 14, 0, 8, 449.64, 1412734, 256, 124, 0
5057, 13, 175, 491, 0, 0, 62.90%, 14, 0, 8, 440.59, 1414938, 256, 124, 0
5062, 14, 191, 491, 0, 0, 62.90%, 14, 0, 8, 446.28, 1417213, 256, 124, 0
5067, 14, 367, 491, 0, 0, 62.90%, 14, 0, 8, 441.51, 1419540, 256, 125, 0
5072, 14, 465, 491, 0, 0, 62.90%, 14, 0, 8, 445.56, 1421811, 256, 126, 0
5077, 14, 357, 491, 0, 0, 62.90%, 14, 0, 8, 438.00, 1424042, 256, 127, 0
5082, 14, 72, 491, 0, 0, 62.90%, 14, 0, 8, 456.64, 1426386, 256, 127, 0
5087, 14, 128, 491, 0, 0, 62.90%, 14, 0, 8, 445.28, 1428614, 256, 127, 0
5092, 14, 438, 491, 0, 0, 62.90%, 14, 0, 8, 443.94, 1430853, 256, 127, 0
5097, 14, 376, 491, 0, 0, 62.90%, 14, 0, 8, 425.77, 1432994, 256, 128, 0
5102, 14, 379, 491, 0, 0, 62.90%, 14, 0, 8, 452.21, 1435304, 256, 128, 0
5107, 14, 373, 491, 0, 0, 62.90%, 14, 0, 8, 464.56, 1437642, 256, 128, 0
5112, 14, 104, 491, 0, 0, 62.90%, 14, 0, 8, 434.32, 1439824, 256, 128, 0
5117, 14, 363, 491, 0, 0, 62.90%, 14, 0, 8, 434.71, 1442066, 256, 130, 0
5123, 14, 263, 491, 0, 0, 62.90%, 14, 0, 8, 458.51, 1444356, 256, 130, 0
5128, 14, 32, 491, 0, 0, 62.90%, 14, 0, 8, 437.63, 1446527, 256, 130, 0
5133, 14, 481, 491, 0, 0, 62.90%, 14, 0, 8, 446.84, 1448770, 256, 130, 0
5138, 14, 221, 491, 0, 0, 62.90%, 14, 0, 8, 425.85, 1450930, 256, 130, 0
5143, 14, 104, 491, 0, 0, 62.90%, 14, 0, 8, 420.59, 1453046, 256, 130, 0
5148, 14, 482, 491, 0, 0, 62.90%, 14, 0, 8, 419.85, 1455087, 256, 130, 0
5153, 14, 53, 491, 0, 0, 62.90%, 14, 0, 8, 446.74, 1457411, 256, 134, 0
5158, 14, 375, 491, 0, 0, 62.90%, 14, 0, 8, 431.06, 1459501, 256, 134, 0
5163, 14, 97, 491, 0, 0, 62.90%, 14, 0, 8, 440.39, 1461700, 256, 134, 0
5168, 14, 458, 491, 0, 0, 62.90%, 14, 0, 8, 448.30, 1464004, 256, 134, 0
5173, 14, 286, 491, 0, 0, 62.90%, 14, 0, 8, 452.03, 1466376, 256, 134, 0
5178, 14, 282, 491, 0, 0, 62.90%, 14, 0, 8, 426.70, 1468491, 256, 134, 0
5184, 14, 272, 491, 0, 0, 62.90%, 14, 0, 8, 440.14, 1470770, 256, 134, 0
5189, 14, 262, 491, 0, 0, 62.90%, 14, 0, 8, 460.48, 1473142, 256, 135, 0
5194, 14, 53, 491, 0, 0, 62.90%, 14, 0, 8, 426.23, 1475285, 256, 135, 0
5199, 14, 456, 491, 0, 0, 62.90%, 14, 0, 8, 464.24, 1477700, 256, 135, 0
5204, 14, 438, 491, 0, 0, 62.90%, 14, 0, 8, 470.17, 1480046, 256, 135, 0
5209, 14, 408, 491, 0, 0, 62.90%, 14, 0, 8, 435.80, 1482226, 256, 135, 0
5214, 14, 88, 491, 0, 0, 62.90%, 14, 0, 8, 444.40, 1484483, 256, 137, 0
5219, 14, 191, 491, 0, 0, 62.90%, 14, 0, 8, 438.43, 1486680, 256, 137, 0
5224, 14, 319, 491, 0, 0, 62.90%, 14, 0, 8, 451.71, 1488976, 256, 137, 0
5230, 14, 460, 491, 0, 0, 62.90%, 14, 0, 8, 455.27, 1491348, 256, 137, 0
5235, 15, 53, 491, 0, 0, 62.90%, 14, 0, 8, 433.38, 1493491, 256, 137, 0
5240, 15, 376, 491, 0, 0, 62.90%, 14, 0, 8, 428.87, 1495640, 256, 137, 0
5245, 15, 90, 491, 0, 0, 62.90%, 14, 0, 8, 437.81, 1497877, 256, 138, 0
5250, 15, 53, 491, 0, 0, 62.90%, 14, 0, 8, 453.40, 1500144, 256, 138, 0
5255, 15, 411, 491, 0, 0, 62.90%, 14, 0, 8, 456.48, 1502457, 256, 138, 0
5260, 15, 466, 491, 0, 0, 62.90%, 14, 0, 8, 435.43, 1504671, 256, 138, 0
5265, 15, 376, 491, 0, 0, 62.90%, 14, 0, 8, 435.74, 1506905, 256, 138, 0
5270, 15, 262, 491, 0, 0, 62.90%, 14, 0, 8, 429.74, 1509147, 256, 138, 0
5275, 15, 72, 491, 0, 0, 62.90%, 14, 0, 8, 436.82, 1511381, 256, 138, 0
5280, 15, 85, 491, 0, 0, 62.90%, 14, 0, 8, 447.18, 1513723, 256, 139, 0
5285, 15, 482, 491, 0, 0, 62.90%, 14, 0, 8, 457.61, 1515973, 256, 139, 0
5290, 15, 411, 491, 0, 0, 62.90%, 14, 0, 8, 446.35, 1518202, 256, 139, 0
5295, 15, 189, 491, 0, 0, 62.90%, 14, 0, 8, 460.75, 1520557, 256, 139, 0
5301, 15, 151, 491, 0, 0, 62.90%, 14, 0, 8, 436.41, 1522781, 256, 139, 0
5306, 15, 14, 491, 0, 0, 62.90%, 14, 0, 8, 438.61, 1524960, 256, 140, 0
5311, 15, 191, 491, 0, 0, 62.90%, 14, 0, 8, 446.89, 1527257, 256, 140, 0
5316, 15, 306, 491, 0, 0, 62.90%, 14, 0, 8, 432.68, 1529461, 256, 140, 0
5321, 15, 89, 491, 0, 0, 62.90%, 14, 0, 8, 403.70, 1531541, 256, 140, 0
5326, 15, 481, 491, 0, 0, 62.90%, 14, 0, 8, 407.14, 1533587, 256, 140, 0
5331, 15, 53, 491, 0, 0, 62.90%, 14, 0, 8, 422.26, 1535773, 256, 140, 0
5336, 15, 172, 491, 0, 0, 62.90%, 14, 0, 8, 429.85, 1538003, 256, 140, 0
5341, 15, 456, 491, 0, 0, 62.90%, 14, 0, 8, 381.19, 1539930, 256, 140, 0
5346, 15, 197, 491, 0, 0, 62.90%, 14, 0, 8, 420.98, 1542126, 256, 140, 0
5351, 15, 172, 491, 0, 0, 62.90%, 14, 0, 8, 426.91, 1544271, 256, 141, 0
5356, 15, 490, 491, 0, 0, 62.90%, 14, 0, 8, 462.49, 1546623, 256, 142, 0
5361, 15, 438, 491, 0, 0, 62.90%, 14, 0, 8, 417.84, 1548677, 256, 142, 0
5366, 15, 464, 491, 0, 0, 62.90%, 14, 0, 8, 398.88, 1550671, 256, 142, 0
5371, 15, 458, 491, 0, 0, 62.90%, 14, 0, 8, 420.78, 1552856, 256, 142, 0
5376, 15, 221, 491, 0, 0, 62.90%, 14, 0, 8, 422.36, 1554946, 256, 142, 0
5381, 15, 109, 491, 0, 0, 62.90%, 14, 0, 8, 437.21, 1557204, 256, 143, 0
5386, 15, 191, 491, 0, 0, 62.90%, 14, 0, 8, 420.15, 1559322, 256, 144, 0
5392, 15, 367, 491, 0, 0, 62.90%, 14, 0, 8, 447.33, 1561563, 256, 150, 0
5397, 15, 326, 491, 0, 0, 62.90%, 14, 0, 8, 436.52, 1563729, 256, 150, 0
5400, 15, 14, 491, 0, 0, 62.90%, 14, 0, 8, 447.54, 1565442, 256, 150, 0
