# relative_time, cycles_done, cur_item, corpus_count, pending_total, pending_favs, map_size, saved_crashes, saved_hangs, max_depth, execs_per_sec, total_execs, edges_found, total_crashes, servers_count
60, 0, 9, 66, 61, 4, 30.22%, 0, 0, 2, 430.71, 26399, 123, 0, 0
65, 0, 9, 67, 62, 4, 30.22%, 0, 0, 2, 416.55, 28527, 123, 0, 0
70, 0, 9, 70, 65, 4, 30.47%, 0, 0, 2, 417.37, 30702, 124, 0, 0
76, 0, 9, 71, 66, 4, 30.47%, 0, 0, 2, 424.40, 32910, 124, 0, 0
81, 0, 9, 72, 67, 4, 30.47%, 0, 0, 2, 431.53, 35029, 124, 0, 0
86, 0, 9, 72, 67, 4, 30.47%, 0, 0, 2, 416.09, 37133, 124, 0, 0
91, 0, 9, 73, 68, 4, 30.47%, 0, 0, 2, 456.67, 39481, 124, 0, 0
96, 0, 9, 74, 69, 4, 30.47%, 0, 0, 2, 441.50, 41635, 124, 0, 0
101, 0, 9, 74, 69, 4, 30.47%, 0, 0, 2, 455.70, 43970, 124, 0, 0
106, 0, 9, 74, 69, 4, 30.47%, 0, 0, 2, 454.47, 46274, 124, 0, 0
111, 0, 9, 76, 71, 4, 30.47%, 0, 0, 2, 432.18, 48417, 124, 0, 0
116, 0, 9, 78, 73, 4, 30.47%, 0, 0, 2, 457.00, 50730, 124, 0, 0
121, 0, 9, 79, 74, 4, 30.47%, 0, 0, 2, 453.99, 53023, 124, 0, 0
126, 0, 116, 148, 142, 31, 41.52%, 0, 0, 2, 434.07, 55165, 169, 0, 0
132, 0, 140, 149, 136, 25, 41.77%, 0, 0, 3, 427.40, 57313, 170, 0, 0
137, 0, 145, 149, 134, 23, 41.77%, 0, 0, 3, 442.05, 59504, 170, 0, 0
142, 0, 141, 160, 144, 22, 41.77%, 0, 0, 3, 386.72, 61534, 170, 0, 0
147, 0, 134, 184, 167, 22, 42.01%, 0, 0, 3, 342.50, 63179, 171, 0, 0
152, 0, 83, 190, 172, 21, 42.01%, 0, 0, 3, 410.90, 65349, 171, 0, 0
157, 0, 96, 190, 170, 19, 42.01%, 0, 0, 3, 424.01, 67503, 171, 0, 0
162, 0, 102, 193, 171, 17, 42.01%, 0, 0, 3, 404.04, 69547, 171, 0, 0
167, 0, 102, 200, 178, 17, 42.01%, 0, 0, 3, 418.59, 71732, 171, 0, 0
172, 0, 102, 204, 182, 17, 42.01%, 0, 0, 3, 417.05, 73768, 171, 0, 0
177, 0, 102, 205, 183, 17, 42.01%, 0, 0, 3, 404.16, 75863, 171, 0, 0
182, 0, 102, 206, 184, 17, 42.01%, 0, 0, 3, 419.22, 78054, 171, 0, 0
187, 0, 102, 206, 184, 17, 42.01%, 0, 0, 3, 442.20, 80342, 171, 0, 0
192, 0, 102, 206, 184, 17, 42.01%, 0, 0, 3, 418.12, 82438, 171, 0, 0
198, 0, 102, 207, 185, 17, 42.01%, 0, 0, 3, 391.23, 84537, 171, 0, 0
203, 0, 102, 207, 185, 17, 42.01%, 0, 0, 3, 431.64, 86813, 171, 0, 0
208, 0, 102, 207, 185, 17, 42.01%, 0, 0, 3, 452.84, 89143, 171, 0, 0
213, 0, 102, 207, 185, 17, 42.01%, 0, 0, 3, 433.51, 91301, 171, 0, 0
218, 0, 102, 207, 185, 17, 42.01%, 0, 0, 3, 421.55, 93397, 171, 0, 0
223, 0, 102, 208, 186, 17, 42.01%, 0, 0, 3, 417.06, 95484, 171, 0, 0
228, 0, 102, 208, 186, 17, 42.01%, 0, 0, 3, 406.53, 97556, 171, 0, 0
233, 0, 102, 209, 187, 17, 42.01%, 0, 0, 3, 412.39, 99643, 171, 0, 0
238, 0, 102, 210, 188, 17, 42.01%, 0, 0, 3, 424.87, 101786, 171, 0, 0
244, 0, 102, 210, 188, 17, 42.01%, 0, 0, 3, 437.08, 104122, 171, 0, 0
249, 0, 102, 210, 188, 17, 42.01%, 0, 0, 3, 458.30, 106408, 171, 0, 0
254, 0, 82, 211, 188, 16, 42.01%, 0, 0, 3, 446.41, 108617, 171, 0, 0
259, 0, 118, 214, 190, 15, 42.01%, 0, 0, 3, 443.04, 110912, 171, 0, 0
264, 0, 118, 217, 193, 15, 42.01%, 0, 0, 3, 408.44, 112973, 171, 0, 0
269, 0, 118, 218, 194, 15, 42.01%, 0, 0, 3, 399.38, 115028, 171, 0, 0
274, 0, 118, 219, 195, 15, 42.01%, 0, 0, 3, 367.86, 116897, 171, 0, 0
279, 0, 118, 220, 196, 15, 42.01%, 0, 0, 3, 393.80, 118990, 171, 0, 0
284, 0, 118, 220, 196, 15, 42.01%, 0, 0, 3, 389.19, 120971, 171, 0, 0
289, 0, 118, 221, 197, 15, 42.01%, 0, 0, 3, 409.35, 123106, 171, 0, 0
294, 0, 118, 221, 197, 15, 42.01%, 0, 0, 3, 411.26, 125146, 171, 0, 0
300, 0, 118, 222, 198, 15, 42.01%, 0, 0, 3, 412.49, 127241, 171, 0, 0
304, 0, 118, 222, 198, 15, 42.01%, 0, 0, 3, 407.36, 129278, 171, 0, 0
