# relative_time, cycles_done, cur_item, corpus_count, pending_total, pending_favs, map_size, saved_crashes, saved_hangs, max_depth, execs_per_sec, total_execs, edges_found, total_crashes, servers_count
60, 0, 72, 90, 74, 17, 34.64%, 0, 0, 3, 431.76, 28060, 141, 0, 0
65, 0, 72, 91, 75, 17, 34.64%, 0, 0, 3, 404.96, 30124, 141, 0, 0
70, 0, 72, 93, 77, 17, 34.64%, 0, 0, 3, 418.16, 32242, 141, 0, 0
76, 0, 72, 96, 80, 17, 34.64%, 0, 0, 3, 433.19, 34447, 141, 0, 0
81, 0, 72, 97, 81, 17, 34.64%, 0, 0, 3, 445.73, 36774, 141, 0, 0
86, 0, 72, 97, 81, 17, 34.64%, 0, 0, 3, 450.26, 39142, 141, 0, 0
91, 0, 72, 98, 82, 17, 34.64%, 0, 0, 3, 434.92, 41317, 141, 0, 0
96, 0, 72, 98, 82, 17, 34.64%, 0, 0, 3, 399.87, 43397, 141, 0, 0
101, 0, 72, 98, 82, 17, 34.64%, 0, 0, 3, 442.28, 45702, 141, 0, 0
106, 0, 72, 98, 82, 17, 34.64%, 0, 0, 3, 418.01, 47854, 141, 0, 0
111, 0, 72, 98, 82, 17, 34.64%, 0, 0, 3, 431.02, 50014, 141, 0, 0
116, 0, 72, 99, 83, 17, 34.64%, 0, 0, 3, 405.31, 52093, 141, 0, 0
121, 0, 72, 99, 83, 17, 34.64%, 0, 0, 3, 424.37, 54277, 141, 0, 0
126, 0, 72, 99, 83, 17, 34.64%, 0, 0, 3, 420.73, 56349, 141, 0, 0
131, 0, 72, 99, 83, 17, 34.64%, 0, 0, 3, 423.33, 58557, 141, 0, 0
137, 0, 72, 99, 83, 17, 34.64%, 0, 0, 3, 451.12, 60856, 141, 0, 0
142, 0, 72, 99, 83, 17, 34.64%, 0, 0, 3, 430.78, 62981, 141, 0, 0
147, 0, 7, 100, 83, 17, 34.89%, 0, 0, 3, 439.44, 65229, 142, 0, 0
152, 0, 103, 105, 86, 19, 36.86%, 0, 0, 3, 418.64, 67393, 150, 0, 0
157, 0, 103, 118, 99, 19, 38.82%, 1, 0, 3, 429.83, 69546, 158, 1, 0
162, 0, 103, 130, 111, 19, 38.82%, 1, 0, 3, 415.91, 71711, 158, 1, 0
167, 0, 103, 136, 117, 19, 38.82%, 1, 0, 3, 424.51, 73890, 158, 1, 0
172, 0, 103, 138, 119, 19, 38.82%, 1, 0, 3, 442.47, 76184, 158, 1, 0
177, 0, 103, 142, 123, 19, 38.82%, 1, 0, 3, 445.80, 78380, 158, 1, 0
182, 0, 103, 146, 127, 19, 39.07%, 1, 0, 3, 428.87, 80640, 159, 1, 0
187, 0, 103, 150, 131, 19, 39.07%, 1, 0, 3, 465.72, 83001, 159, 1, 0
192, 0, 103, 151, 132, 19, 39.07%, 1, 0, 3, 448.12, 85276, 159, 1, 0
197, 0, 103, 152, 133, 19, 39.07%, 1, 0, 3, 477.88, 87677, 159, 1, 0
202, 0, 103, 153, 134, 19, 39.07%, 1, 0, 3, 470.92, 90114, 159, 1, 0
208, 0, 103, 155, 136, 19, 39.07%, 1, 0, 3, 446.18, 92360, 159, 1, 0
213, 0, 103, 155, 136, 19, 39.07%, 1, 0, 3, 432.51, 94583, 159, 1, 0
218, 0, 103, 155, 136, 19, 39.07%, 1, 0, 3, 436.13, 96831, 159, 1, 0
223, 0, 103, 156, 137, 19, 39.07%, 1, 0, 3, 413.45, 98958, 159, 2, 0
228, 0, 103, 156, 137, 19, 39.07%, 1, 0, 3, 405.57, 101046, 159, 2, 0
233, 0, 103, 157, 138, 19, 39.07%, 1, 0, 3, 432.65, 103261, 159, 2, 0
238, 0, 103, 157, 138, 19, 39.07%, 1, 0, 3, 426.48, 105365, 159, 2, 0
243, 0, 142, 157, 137, 18, 39.07%, 1, 0, 3, 418.32, 107501, 159, 2, 0
248, 0, 101, 157, 136, 17, 39.07%, 1, 0, 3, 400.38, 109557, 159, 2, 0
253, 0, 0, 160, 138, 17, 39.56%, 1, 0, 3, 431.76, 111685, 161, 2, 0
258, 0, 76, 162, 137, 15, 39.56%, 1, 0, 4, 400.34, 113735, 161, 2, 0
263, 0, 76, 167, 142, 15, 39.56%, 1, 0, 4, 398.67, 115773, 161, 2, 0
268, 0, 76, 170, 145, 15, 39.56%, 1, 0, 4, 391.65, 117781, 161, 2, 0
273, 0, 76, 172, 147, 15, 39.56%, 1, 0, 4, 401.88, 119840, 161, 2, 0
278, 0, 76, 174, 149, 15, 39.56%, 1, 0, 4, 401.44, 121785, 161, 2, 0
284, 0, 76, 176, 151, 15, 39.56%, 1, 0, 4, 406.54, 123828, 161, 2, 0
289, 0, 76, 180, 155, 15, 39.56%, 1, 0, 4, 420.35, 126000, 161, 2, 0
294, 0, 76, 181, 156, 15, 39.56%, 1, 0, 4, 438.11, 128215, 161, 2, 0
299, 0, 76, 182, 157, 15, 39.56%, 1, 0, 4, 415.40, 130334, 161, 2, 0
304, 0, 76, 184, 159, 15, 39.56%, 1, 0, 4, 425.23, 132493, 161, 2, 0
309, 0, 76, 185, 160, 15, 39.80%, 1, 0, 4, 442.58, 134748, 162, 2, 0
314, 0, 76, 186, 161, 15, 39.80%, 1, 0, 4, 452.46, 137043, 162, 2, 0
319, 0, 76, 186, 161, 15, 39.80%, 1, 0, 4, 430.89, 139251, 162, 2, 0
324, 0, 76, 186, 161, 15, 39.80%, 1, 0, 4, 415.04, 141419, 162, 2, 0
329, 0, 76, 186, 161, 15, 39.80%, 1, 0, 4, 422.04, 143579, 162, 2, 0
334, 0, 76, 187, 162, 15, 39.80%, 1, 0, 4, 441.86, 145826, 162, 2, 0
339, 0, 76, 187, 162, 15, 39.80%, 1, 0, 4, 420.05, 147970, 162, 2, 0
344, 0, 76, 188, 163, 15, 39.80%, 1, 0, 4, 403.74, 149993, 162, 2, 0
349, 0, 76, 188, 163, 15, 39.80%, 1, 0, 4, 407.42, 152033, 162, 2, 0
354, 0, 191, 192, 165, 20, 47.17%, 1, 0, 4, 403.87, 154117, 192, 2, 0
360, 0, 191, 192, 165, 20, 47.17%, 1, 0, 4, 418.04, 156238, 192, 2, 0
365, 0, 184, 192, 163, 18, 47.17%, 1, 0, 4, 424.64, 158421, 192, 2, 0
370, 0, 184, 197, 168, 18, 47.42%, 1, 0, 5, 420.97, 160559, 193, 2, 0
375, 0, 184, 198, 169, 18, 47.42%, 1, 0, 5, 449.57, 162886, 193, 2, 0
380, 0, 184, 199, 170, 18, 47.42%, 1, 0, 5, 391.99, 164965, 193, 2, 0
385, 0, 184, 199, 170, 18, 47.42%, 1, 0, 5, 406.35, 167102, 193, 2, 0
390, 0, 184, 199, 170, 18, 47.42%, 1, 0, 5, 425.34, 169222, 193, 2, 0
395, 0, 184, 199, 170, 18, 47.42%, 1, 0, 5, 439.64, 171446, 193, 2, 0
400, 0, 199, 200, 169, 19, 47.42%, 1, 0, 5, 449.14, 173670, 193, 2, 0
405, 0, 190, 201, 167, 17, 47.67%, 1, 0, 5, 445.88, 175917, 194, 2, 0
411, 0, 218, 224, 189, 20, 48.40%, 1, 0, 5, 457.66, 178288, 197, 2, 0
416, 0, 218, 243, 208, 20, 48.65%, 1, 0, 5, 427.23, 180489, 198, 2, 0
421, 0, 218, 244, 209, 20, 48.65%, 1, 0, 5, 418.94, 182592, 198, 2, 0
426, 0, 218, 246, 211, 20, 48.65%, 1, 0, 5, 422.62, 184766, 198, 2, 0
431, 0, 218, 246, 211, 20, 48.65%, 1, 0, 5, 445.24, 187127, 198, 2, 0
436, 0, 218, 246, 211, 20, 48.65%, 1, 0, 5, 421.36, 189271, 198, 2, 0
441, 0, 218, 246, 211, 20, 48.65%, 1, 0, 5, 417.93, 191399, 198, 2, 0
446, 0, 34, 246, 209, 20, 48.65%, 1, 0, 5, 444.72, 193773, 198, 2, 0
451, 0, 234, 246, 207, 18, 48.65%, 1, 0, 5, 432.02, 195973, 198, 2, 0
456, 0, 223, 247, 206, 17, 48.65%, 1, 0, 5, 451.47, 198322, 198, 2, 0
462, 0, 201, 247, 204, 15, 48.65%, 1, 0, 5, 429.34, 200463, 198, 2, 0
467, 0, 206, 247, 202, 13, 48.65%, 1, 0, 5, 427.30, 202571, 198, 2, 0
472, 0, 238, 247, 200, 11, 48.65%, 1, 0, 5, 422.96, 204722, 198, 2, 0
477, 0, 153, 247, 197, 8, 48.65%, 1, 0, 5, 486.58, 207177, 198, 2, 0
482, 0, 267, 271, 220, 9, 49.39%, 1, 0, 5, 438.32, 209352, 201, 2, 0
487, 0, 21, 271, 217, 6, 49.39%, 1, 0, 5, 460.81, 211601, 201, 2, 0
492, 0, 157, 271, 213, 2, 49.39%, 1, 0, 5, 449.28, 213908, 201, 2, 0
497, 0, 209, 271, 211, 1, 49.39%, 1, 0, 5, 504.57, 216463, 201, 2, 0
502, 0, 59, 272, 207, 0, 49.39%, 1, 0, 5, 390.54, 218828, 201, 2, 0
507, 0, 256, 272, 205, 0, 49.39%, 1, 0, 5, 428.57, 221052, 201, 2, 0
513, 0, 215, 273, 205, 0, 49.39%, 1, 0, 5, 451.10, 223429, 201, 2, 0
518, 0, 274, 276, 206, 2, 49.88%, 1, 0, 5, 456.61, 225737, 203, 2, 0
523, 0, 276, 277, 205, 1, 50.12%, 1, 0, 6, 457.38, 228020, 204, 2, 0
528, 0, 267, 278, 204, 0, 50.12%, 1, 0, 6, 446.89, 230313, 204, 2, 0
533, 0, 258, 278, 201, 0, 50.12%, 1, 0, 6, 448.09, 232558, 204, 2, 0
538, 0, 275, 278, 200, 0, 50.12%, 1, 0, 6, 441.52, 234764, 204, 2, 0
543, 0, 258, 279, 199, 0, 50.12%, 1, 0, 6, 418.82, 236881, 204, 2, 0
548, 0, 258, 281, 201, 0, 50.12%, 1, 0, 6, 479.84, 239255, 204, 3, 0
553, 0, 282, 283, 203, 1, 50.37%, 1, 0, 6, 443.70, 241474, 205, 3, 0
558, 0, 272, 285, 204, 0, 50.37%, 1, 0, 6, 420.38, 243531, 205, 3, 0
563, 0, 250, 286, 203, 0, 50.37%, 1, 0, 6, 428.08, 245660, 205, 3, 0
568, 0, 200, 286, 201, 0, 50.37%, 1, 0, 6, 444.81, 248015, 205, 3, 0
573, 0, 285, 286, 200, 0, 50.37%, 1, 0, 6, 421.89, 250154, 205, 3, 0
578, 0, 196, 286, 198, 0, 50.37%, 1, 0, 6, 404.80, 252238, 205, 3, 0
584, 0, 14, 286, 197, 0, 50.37%, 1, 0, 6, 416.04, 254350, 205, 3, 0
589, 0, 33, 286, 195, 0, 50.37%, 1, 0, 6, 397.45, 256417, 205, 3, 0
594, 0, 164, 286, 193, 0, 50.37%, 1, 0, 6, 430.10, 258594, 205, 3, 0
599, 0, 122, 286, 190, 0, 50.37%, 1, 0, 6, 443.47, 260917, 205, 3, 0
604, 0, 181, 286, 188, 0, 50.37%, 1, 0, 6, 397.97, 262972, 205, 3, 0
609, 0, 148, 287, 189, 0, 50.37%, 1, 0, 6, 395.71, 265002, 205, 3, 0
614, 0, 287, 288, 188, 1, 50.61%, 1, 0, 6, 418.78, 267137, 206, 3, 0
619, 0, 233, 288, 186, 0, 50.61%, 1, 0, 6, 396.67, 269183, 206, 3, 0
624, 0, 34, 290, 186, 0, 50.61%, 1, 0, 6, 421.06, 271320, 206, 3, 0
630, 0, 78, 290, 185, 0, 50.61%, 1, 0, 6, 417.77, 273424, 206, 3, 0
635, 0, 233, 292, 185, 0, 50.61%, 1, 0, 6, 425.20, 275560, 206, 3, 0
640, 0, 243, 292, 185, 0, 50.61%, 1, 0, 6, 421.86, 277696, 206, 3, 0
645, 0, 111, 292, 183, 0, 50.61%, 1, 0, 6, 433.02, 279853, 206, 3, 0
650, 0, 113, 292, 181, 0, 50.61%, 1, 0, 6, 448.18, 282184, 206, 3, 0
655, 0, 253, 292, 179, 0, 50.61%, 1, 0, 6, 442.50, 284455, 206, 3, 0
660, 0, 47, 293, 178, 0, 50.61%, 1, 0, 6, 422.67, 286558, 206, 3, 0
665, 0, 207, 293, 176, 0, 50.61%, 1, 0, 6, 447.31, 288805, 206, 3, 0
671, 0, 271, 293, 172, 0, 50.61%, 1, 0, 6, 433.96, 291036, 206, 3, 0
676, 1, 116, 293, 170, 0, 50.61%, 1, 0, 6, 436.75, 293185, 206, 3, 0
681, 1, 193, 293, 167, 0, 50.61%, 1, 0, 6, 435.53, 295323, 206, 3, 0
686, 1, 219, 294, 165, 0, 50.61%, 1, 0, 6, 464.17, 297720, 206, 3, 0
691, 1, 167, 295, 163, 0, 50.61%, 1, 0, 6, 446.11, 299945, 206, 3, 0
696, 1, 174, 295, 161, 0, 50.61%, 1, 0, 6, 401.08, 301927, 206, 3, 0
701, 1, 133, 295, 157, 0, 50.61%, 1, 0, 6, 406.29, 304003, 206, 3, 0
706, 1, 204, 295, 155, 0, 50.61%, 1, 0, 6, 395.75, 306013, 206, 3, 0
711, 1, 124, 295, 152, 0, 50.61%, 1, 0, 6, 422.40, 308175, 206, 3, 0
716, 1, 179, 297, 151, 0, 50.61%, 1, 0, 6, 457.28, 310602, 206, 3, 0
721, 1, 163, 298, 149, 0, 50.61%, 1, 0, 6, 405.96, 312592, 206, 3, 0
726, 1, 298, 299, 148, 1, 50.86%, 1, 0, 6, 360.94, 314457, 207, 3, 0
732, 1, 233, 299, 144, 0, 50.86%, 1, 0, 6, 366.78, 316293, 207, 3, 0
737, 1, 266, 300, 142, 0, 50.86%, 1, 0, 6, 424.39, 318478, 207, 3, 0
742, 1, 269, 300, 140, 0, 50.86%, 1, 0, 6, 390.35, 320390, 207, 3, 0
747, 1, 8, 300, 138, 0, 50.86%, 1, 0, 6, 381.90, 322342, 207, 3, 0
752, 1, 251, 300, 134, 0, 50.86%, 1, 0, 6, 415.71, 324395, 207, 3, 0
757, 1, 259, 300, 133, 0, 50.86%, 1, 0, 6, 1.21, 325532, 207, 3, 0
762, 1, 259, 300, 133, 0, 50.86%, 1, 0, 6, 0.87, 325681, 207, 3, 0
768, 1, 134, 300, 132, 0, 50.86%, 1, 0, 6, 95.43, 326238, 207, 3, 0
773, 1, 121, 300, 131, 0, 50.86%, 1, 0, 6, 129.19, 326933, 207, 3, 0
778, 1, 136, 300, 130, 0, 50.86%, 1, 0, 6, 127.68, 327593, 207, 3, 0
783, 1, 136, 300, 130, 0, 50.86%, 1, 0, 6, 120.71, 328195, 207, 3, 0
788, 1, 115, 300, 129, 0, 50.86%, 1, 0, 6, 121.99, 328788, 207, 3, 0
793, 1, 288, 300, 128, 0, 50.86%, 1, 0, 6, 126.35, 329414, 207, 3, 0
798, 1, 299, 300, 128, 0, 50.86%, 1, 0, 6, 119.12, 329989, 207, 3, 0
803, 1, 208, 300, 127, 0, 50.86%, 1, 0, 6, 106.99, 330584, 207, 3, 0
809, 1, 208, 300, 127, 0, 50.86%, 1, 0, 6, 130.99, 331268, 207, 3, 0
814, 1, 210, 300, 126, 0, 50.86%, 1, 0, 6, 124.18, 331864, 207, 3, 0
819, 1, 210, 300, 126, 0, 50.86%, 1, 0, 6, 130.01, 332544, 207, 3, 0
824, 1, 278, 300, 125, 0, 50.86%, 1, 0, 6, 121.25, 333148, 207, 3, 0
829, 1, 275, 300, 124, 0, 50.86%, 1, 0, 6, 116.72, 333758, 207, 3, 0
834, 1, 222, 300, 124, 0, 50.86%, 1, 0, 6, 119.74, 334386, 207, 3, 0
839, 1, 222, 300, 124, 0, 50.86%, 1, 0, 6, 109.28, 334910, 207, 3, 0
844, 1, 120, 300, 123, 0, 50.86%, 1, 0, 6, 107.39, 335462, 207, 3, 0
849, 1, 168, 300, 122, 0, 50.86%, 1, 0, 6, 128.33, 336082, 207, 3, 0
855, 1, 235, 300, 121, 0, 50.86%, 1, 0, 6, 103.65, 336572, 207, 3, 0
860, 1, 235, 300, 121, 0, 50.86%, 1, 0, 6, 101.18, 337100, 207, 3, 0
865, 1, 211, 300, 120, 0, 50.86%, 1, 0, 6, 121.41, 337752, 207, 3, 0
870, 1, 211, 300, 120, 0, 50.86%, 1, 0, 6, 118.77, 338338, 207, 3, 0
875, 1, 273, 300, 119, 0, 50.86%, 1, 0, 6, 157.18, 339085, 207, 3, 0
880, 1, 212, 300, 119, 0, 50.86%, 1, 0, 6, 83.19, 339685, 207, 3, 0
885, 1, 212, 300, 119, 0, 50.86%, 1, 0, 6, 112.19, 340275, 207, 3, 0
890, 1, 137, 300, 117, 0, 50.86%, 1, 0, 6, 129.74, 340969, 207, 3, 0
896, 1, 199, 300, 116, 0, 50.86%, 1, 0, 6, 137.73, 341725, 207, 3, 0
901, 1, 237, 300, 115, 0, 50.86%, 1, 0, 6, 125.71, 342334, 207, 3, 0
903, 1, 237, 300, 115, 0, 50.86%, 1, 0, 6, 114.72, 342524, 207, 3, 0
