# relative_time, cycles_done, cur_item, corpus_count, pending_total, pending_favs, map_size, saved_crashes, saved_hangs, max_depth, execs_per_sec, total_execs, edges_found, total_crashes, servers_count
60, 0, 9, 91, 86, 4, 31.20%, 0, 0, 2, 452.32, 26990, 127, 0, 0
66, 0, 9, 92, 87, 4, 31.20%, 0, 0, 2, 447.28, 29270, 127, 0, 0
71, 0, 9, 92, 87, 4, 31.20%, 0, 0, 2, 430.20, 31430, 127, 0, 0
76, 0, 9, 92, 87, 4, 31.20%, 0, 0, 2, 434.23, 33654, 127, 0, 0
81, 0, 9, 93, 88, 4, 31.20%, 0, 0, 2, 421.75, 35765, 127, 0, 0
86, 0, 9, 95, 90, 4, 32.19%, 0, 0, 2, 461.59, 38219, 131, 0, 0
91, 0, 9, 96, 91, 4, 32.19%, 0, 0, 2, 445.00, 40490, 131, 0, 0
96, 0, 9, 97, 92, 4, 32.19%, 0, 0, 2, 443.19, 42721, 131, 0, 0
101, 0, 9, 98, 93, 4, 32.19%, 0, 0, 2, 438.42, 44944, 131, 0, 0
106, 0, 9, 99, 94, 4, 32.19%, 0, 0, 2, 438.10, 47167, 131, 0, 0
111, 0, 9, 99, 94, 4, 32.19%, 0, 0, 2, 472.28, 49596, 131, 0, 0
116, 0, 9, 99, 94, 4, 32.19%, 0, 0, 2, 450.65, 51918, 131, 0, 0
122, 0, 9, 99, 94, 4, 32.19%, 0, 0, 2, 434.95, 54063, 131, 0, 0
127, 0, 134, 152, 145, 32, 44.72%, 0, 0, 2, 453.86, 56311, 182, 0, 0
132, 0, 116, 154, 140, 26, 44.96%, 0, 0, 3, 446.30, 58535, 183, 0, 0
137, 0, 128, 155, 138, 24, 45.45%, 0, 0, 3, 455.26, 60832, 185, 0, 0
142, 0, 128, 177, 160, 24, 45.95%, 0, 0, 3, 433.00, 62996, 187, 0, 0
147, 0, 0, 177, 158, 24, 45.95%, 0, 0, 3, 451.77, 65275, 187, 0, 0
152, 0, 105, 178, 155, 21, 46.19%, 0, 0, 3, 426.80, 67408, 188, 0, 0
157, 0, 126, 178, 154, 20, 46.19%, 0, 0, 3, 432.72, 69580, 188, 0, 0
162, 0, 114, 185, 159, 20, 46.44%, 0, 0, 3, 428.59, 71782, 189, 0, 0
167, 0, 182, 190, 163, 21, 46.93%, 0, 0, 3, 449.61, 74032, 191, 0, 0
172, 0, 161, 190, 161, 19, 46.93%, 0, 0, 3, 435.62, 76256, 191, 0, 0
177, 0, 190, 191, 161, 19, 47.17%, 0, 0, 3, 445.48, 78583, 192, 0, 0
182, 0, 104, 196, 165, 18, 47.42%, 0, 0, 3, 429.13, 80763, 193, 0, 0
187, 0, 125, 196, 162, 16, 47.42%, 0, 0, 3, 452.08, 83047, 193, 0, 0
192, 0, 93, 198, 162, 14, 48.16%, 0, 0, 3, 450.55, 85308, 196, 0, 0
198, 0, 93, 203, 167, 14, 48.16%, 0, 0, 3, 454.15, 87673, 196, 0, 0
203, 0, 93, 206, 170, 14, 48.16%, 0, 0, 3, 454.15, 89944, 196, 0, 0
208, 0, 93, 208, 172, 14, 48.16%, 0, 0, 3, 453.02, 92208, 196, 0, 0
213, 0, 93, 209, 173, 14, 48.16%, 0, 0, 3, 454.59, 94528, 196, 0, 0
218, 0, 93, 210, 174, 14, 48.16%, 0, 0, 3, 447.97, 96828, 196, 0, 0
223, 0, 93, 211, 175, 14, 48.16%, 0, 0, 3, 443.36, 99003, 196, 0, 0
228, 0, 93, 211, 175, 14, 48.16%, 0, 0, 3, 435.68, 101259, 196, 0, 0
233, 0, 93, 212, 176, 14, 48.16%, 0, 0, 3, 440.36, 103498, 196, 0, 0
238, 0, 93, 212, 176, 14, 48.16%, 0, 0, 3, 437.39, 105690, 196, 0, 0
243, 0, 93, 212, 176, 14, 48.16%, 0, 0, 3, 484.73, 108193, 196, 0, 0
249, 0, 93, 213, 177, 14, 48.16%, 0, 0, 3, 495.65, 110810, 196, 0, 0
254, 0, 93, 214, 178, 14, 48.16%, 0, 0, 3, 491.73, 113391, 196, 0, 0
259, 0, 93, 215, 179, 14, 48.16%, 0, 0, 3, 467.74, 115747, 196, 0, 0
264, 0, 93, 215, 179, 14, 48.16%, 0, 0, 3, 473.82, 118132, 196, 0, 0
269, 0, 93, 215, 179, 14, 48.16%, 0, 0, 3, 442.07, 120383, 196, 0, 0
274, 0, 93, 216, 180, 14, 48.16%, 0, 0, 3, 467.19, 122828, 196, 0, 0
279, 0, 133, 216, 177, 13, 48.16%, 0, 0, 3, 431.96, 124963, 196, 0, 0
284, 0, 45, 217, 176, 11, 48.16%, 0, 0, 3, 420.17, 127143, 196, 0, 0
289, 0, 144, 218, 174, 8, 48.40%, 0, 0, 3, 442.65, 129500, 197, 0, 0
295, 0, 122, 220, 175, 7, 48.40%, 0, 0, 3, 432.70, 131821, 197, 0, 0
300, 0, 122, 221, 176, 7, 48.40%, 0, 0, 3, 441.92, 134076, 197, 0, 0
305, 0, 122, 221, 176, 7, 48.40%, 0, 0, 3, 409.65, 136132, 197, 0, 0
310, 0, 217, 222, 176, 6, 48.40%, 0, 0, 3, 426.75, 138269, 197, 0, 0
315, 0, 117, 232, 185, 5, 48.40%, 0, 0, 3, 432.58, 140443, 197, 0, 0
320, 0, 117, 236, 189, 5, 48.40%, 0, 0, 3, 433.30, 142623, 197, 0, 0
325, 0, 117, 237, 190, 5, 48.40%, 0, 0, 3, 428.95, 144862, 197, 0, 0
330, 0, 117, 237, 190, 5, 48.40%, 0, 0, 3, 455.23, 147181, 197, 0, 0
336, 0, 117, 237, 190, 5, 48.40%, 0, 0, 3, 456.00, 149530, 197, 0, 0
341, 0, 117, 240, 193, 5, 48.40%, 0, 0, 3, 461.80, 151828, 197, 0, 0
346, 0, 117, 241, 194, 5, 48.40%, 0, 0, 3, 483.80, 154328, 197, 0, 0
351, 0, 117, 241, 194, 5, 48.40%, 0, 0, 3, 440.88, 156538, 197, 0, 0
356, 0, 117, 242, 195, 5, 48.40%, 0, 0, 3, 475.10, 158979, 197, 0, 0
361, 0, 117, 243, 196, 5, 48.40%, 0, 0, 3, 460.16, 161335, 197, 0, 0
366, 0, 117, 243, 196, 5, 48.40%, 0, 0, 3, 503.91, 163860, 197, 0, 0
371, 0, 117, 243, 196, 5, 48.40%, 0, 0, 3, 492.09, 166420, 197, 0, 0
376, 0, 117, 243, 196, 5, 48.40%, 0, 0, 3, 470.44, 168778, 197, 0, 0
381, 0, 117, 244, 197, 5, 48.40%, 0, 0, 3, 446.03, 171008, 197, 0, 0
386, 0, 117, 244, 197, 5, 48.40%, 0, 0, 3, 447.11, 173267, 197, 0, 0
391, 0, 117, 244, 197, 5, 48.40%, 0, 0, 3, 443.29, 175487, 197, 0, 0
397, 0, 117, 246, 199, 5, 48.40%, 0, 0, 3, 459.86, 177871, 197, 0, 0
402, 0, 154, 246, 196, 2, 48.40%, 0, 0, 3, 451.11, 180099, 197, 0, 0
407, 0, 229, 246, 193, 0, 48.40%, 0, 0, 3, 449.41, 182389, 197, 0, 0
412, 0, 180, 247, 193, 0, 48.40%, 0, 0, 3, 452.89, 184674, 197, 0, 0
417, 0, 104, 247, 190, 0, 48.40%, 0, 0, 3, 429.93, 186893, 197, 0, 0
422, 0, 243, 247, 187, 0, 48.40%, 0, 0, 3, 429.31, 189104, 197, 0, 0
427, 0, 243, 253, 193, 0, 48.40%, 0, 0, 3, 437.04, 191275, 197, 0, 0
432, 0, 243, 254, 194, 0, 48.40%, 0, 0, 3, 415.15, 193346, 197, 0, 0
437, 0, 243, 254, 194, 0, 48.40%, 0, 0, 3, 444.41, 195602, 197, 0, 0
442, 0, 243, 255, 195, 0, 48.40%, 0, 0, 3, 404.89, 197633, 197, 0, 0
447, 0, 250, 255, 194, 2, 48.40%, 0, 0, 3, 448.97, 199873, 197, 0, 0
452, 0, 253, 259, 197, 1, 48.40%, 0, 0, 4, 454.95, 202189, 197, 0, 0
457, 0, 117, 259, 194, 0, 48.40%, 0, 0, 4, 428.74, 204372, 197, 0, 0
462, 0, 171, 259, 192, 0, 48.40%, 0, 0, 4, 387.03, 206303, 197, 0, 0
467, 0, 228, 259, 190, 0, 48.40%, 0, 0, 4, 416.77, 208432, 197, 0, 0
472, 0, 187, 260, 188, 0, 48.40%, 0, 0, 4, 457.98, 210735, 197, 0, 0
477, 0, 164, 260, 186, 0, 48.40%, 0, 0, 4, 447.16, 213052, 197, 0, 0
482, 0, 164, 272, 198, 0, 48.65%, 0, 0, 4, 444.38, 215281, 198, 0, 0
487, 0, 164, 272, 198, 0, 48.65%, 0, 0, 4, 447.70, 217566, 198, 0, 0
493, 0, 164, 279, 205, 0, 48.65%, 0, 0, 4, 463.54, 219964, 198, 0, 0
498, 0, 164, 280, 206, 0, 48.65%, 0, 0, 4, 465.87, 222338, 198, 0, 0
503, 0, 164, 281, 207, 0, 48.65%, 0, 0, 4, 466.82, 224694, 198, 0, 0
508, 0, 269, 281, 206, 1, 48.65%, 0, 0, 4, 428.52, 226888, 198, 0, 0
513, 0, 133, 281, 204, 0, 48.65%, 0, 0, 4, 427.61, 229088, 198, 0, 0
518, 0, 14, 281, 201, 0, 48.65%, 0, 0, 4, 440.55, 231347, 198, 0, 0
523, 0, 151, 282, 201, 0, 48.65%, 0, 0, 4, 449.70, 233635, 198, 0, 0
528, 0, 188, 282, 199, 0, 48.65%, 0, 0, 4, 429.23, 235795, 198, 0, 0
533, 0, 268, 284, 199, 0, 48.65%, 0, 0, 4, 441.97, 238041, 198, 0, 0
538, 0, 272, 285, 197, 0, 48.65%, 0, 0, 4, 447.22, 240314, 198, 0, 0
543, 0, 284, 285, 194, 0, 48.65%, 0, 0, 4, 446.74, 242583, 198, 0, 0
548, 0, 284, 290, 199, 0, 48.65%, 0, 0, 5, 443.66, 244882, 198, 0, 0
553, 0, 284, 291, 200, 0, 48.65%, 0, 0, 5, 428.28, 247033, 198, 0, 0
558, 0, 284, 291, 200, 0, 48.65%, 0, 0, 5, 437.10, 249297, 198, 0, 0
563, 0, 284, 291, 200, 0, 48.65%, 0, 0, 5, 422.49, 251513, 198, 0, 0
569, 0, 280, 291, 199, 0, 48.65%, 0, 0, 5, 418.05, 253657, 198, 0, 0
574, 0, 184, 291, 197, 0, 48.65%, 0, 0, 5, 429.54, 255874, 198, 0, 0
579, 0, 190, 291, 194, 0, 48.65%, 0, 0, 5, 426.81, 258039, 198, 0, 0
584, 0, 282, 295, 198, 0, 48.65%, 0, 0, 5, 445.25, 260295, 198, 0, 0
589, 0, 282, 296, 199, 0, 48.65%, 0, 0, 5, 452.45, 262500, 198, 0, 0
594, 0, 282, 299, 202, 0, 48.89%, 0, 0, 5, 476.40, 264879, 199, 0, 0
599, 0, 298, 299, 201, 1, 48.89%, 0, 0, 5, 458.17, 267150, 199, 0, 0
604, 0, 226, 299, 199, 0, 48.89%, 0, 0, 5, 441.87, 269422, 199, 0, 0
609, 0, 256, 299, 196, 0, 48.89%, 0, 0, 5, 450.07, 271703, 199, 0, 0
614, 0, 83, 299, 194, 0, 48.89%, 0, 0, 5, 435.99, 273879, 199, 0, 0
619, 0, 285, 299, 193, 0, 48.89%, 0, 0, 5, 450.70, 276129, 199, 0, 0
625, 0, 202, 299, 190, 0, 48.89%, 0, 0, 5, 439.41, 278373, 199, 0, 0
630, 0, 202, 299, 187, 0, 48.89%, 0, 0, 5, 436.79, 280561, 199, 0, 0
635, 0, 273, 299, 186, 0, 48.89%, 0, 0, 5, 454.08, 282947, 199, 0, 0
640, 0, 293, 299, 181, 0, 48.89%, 0, 0, 5, 419.71, 285100, 199, 0, 0
645, 0, 250, 299, 178, 0, 48.89%, 0, 0, 5, 423.74, 287255, 199, 0, 0
650, 0, 162, 299, 176, 0, 48.89%, 0, 0, 5, 453.54, 289604, 199, 0, 0
655, 0, 231, 299, 173, 0, 48.89%, 0, 0, 5, 444.58, 291837, 199, 0, 0
660, 0, 74, 299, 171, 0, 48.89%, 0, 0, 5, 433.01, 294070, 199, 0, 0
666, 0, 105, 299, 168, 0, 48.89%, 0, 0, 5, 433.53, 296269, 199, 0, 0
671, 1, 261, 299, 167, 0, 48.89%, 0, 0, 5, 446.45, 298612, 199, 0, 0
676, 1, 219, 300, 163, 0, 48.89%, 0, 0, 5, 420.89, 300755, 199, 0, 0
681, 1, 178, 300, 160, 0, 48.89%, 0, 0, 5, 425.78, 302895, 199, 0, 0
686, 1, 300, 301, 158, 1, 49.14%, 0, 0, 5, 434.77, 305194, 200, 0, 0
691, 1, 121, 301, 156, 0, 49.14%, 0, 0, 5, 442.74, 307349, 200, 0, 0
696, 1, 45, 302, 151, 0, 49.14%, 0, 0, 5, 490.01, 309938, 200, 0, 0
701, 1, 144, 302, 149, 0, 49.14%, 0, 0, 5, 446.66, 312184, 200, 0, 0
706, 1, 115, 302, 147, 0, 49.14%, 0, 0, 5, 458.13, 314486, 200, 0, 0
711, 1, 224, 304, 147, 0, 49.14%, 0, 0, 5, 426.84, 316692, 200, 0, 0
716, 1, 295, 305, 144, 0, 49.14%, 0, 0, 5, 430.28, 318797, 200, 0, 0
721, 1, 289, 305, 139, 0, 49.14%, 0, 0, 5, 440.91, 321005, 200, 0, 0
726, 1, 288, 305, 138, 0, 49.14%, 0, 0, 5, 441.16, 323205, 200, 0, 0
732, 1, 155, 306, 137, 0, 49.14%, 0, 0, 6, 438.19, 325442, 200, 0, 0
737, 1, 306, 309, 137, 1, 49.88%, 0, 0, 6, 426.93, 327600, 203, 0, 0
742, 1, 247, 310, 136, 1, 49.88%, 0, 0, 6, 451.02, 329877, 203, 0, 0
747, 1, 68, 310, 133, 0, 49.88%, 0, 0, 6, 456.74, 332117, 203, 0, 0
752, 1, 244, 317, 138, 0, 49.88%, 0, 0, 6, 449.14, 334444, 203, 0, 0
757, 1, 244, 320, 141, 0, 49.88%, 0, 0, 6, 449.80, 336724, 203, 0, 0
762, 1, 244, 321, 142, 0, 49.88%, 0, 0, 6, 469.75, 339035, 203, 0, 0
767, 1, 244, 321, 142, 0, 49.88%, 0, 0, 6, 471.06, 341312, 203, 0, 0
772, 1, 244, 321, 142, 0, 49.88%, 0, 0, 6, 446.53, 343508, 203, 0, 0
777, 1, 244, 321, 142, 0, 49.88%, 0, 0, 6, 453.48, 345936, 203, 0, 0
782, 1, 291, 321, 140, 0, 49.88%, 0, 0, 6, 457.12, 348207, 203, 0, 0
787, 1, 77, 321, 135, 0, 49.88%, 0, 0, 6, 453.75, 350471, 203, 0, 0
792, 1, 308, 321, 132, 0, 49.88%, 0, 0, 6, 460.73, 352744, 203, 0, 0
797, 1, 314, 321, 130, 0, 49.88%, 0, 0, 6, 456.86, 355063, 203, 0, 0
802, 1, 181, 321, 125, 0, 49.88%, 0, 0, 6, 446.43, 357329, 203, 0, 0
807, 1, 101, 322, 123, 0, 49.88%, 0, 0, 6, 466.17, 359661, 203, 0, 0
813, 1, 304, 322, 120, 0, 49.88%, 0, 0, 6, 441.35, 361821, 203, 0, 0
818, 1, 260, 322, 117, 0, 49.88%, 0, 0, 6, 403.31, 363905, 203, 0, 0
823, 1, 8, 322, 115, 0, 49.88%, 0, 0, 6, 433.50, 366103, 203, 0, 0
828, 1, 202, 323, 111, 0, 50.12%, 0, 0, 6, 436.67, 368285, 204, 0, 0
833, 1, 264, 323, 110, 0, 50.12%, 0, 0, 6, 433.01, 370473, 204, 0, 0
838, 1, 254, 323, 108, 0, 50.12%, 0, 0, 6, 428.65, 372663, 204, 0, 0
843, 1, 198, 323, 105, 0, 50.12%, 0, 0, 6, 435.75, 374831, 204, 0, 0
848, 1, 207, 324, 102, 0, 50.12%, 0, 0, 6, 465.66, 377203, 204, 0, 0
853, 1, 163, 324, 99, 0, 50.12%, 0, 0, 6, 474.36, 379604, 204, 0, 0
858, 1, 100, 324, 96, 0, 50.12%, 0, 0, 6, 465.20, 381960, 204, 0, 0
863, 1, 94, 324, 93, 0, 50.12%, 0, 0, 6, 461.36, 384259, 204, 0, 0
869, 1, 297, 324, 90, 0, 50.12%, 0, 0, 6, 451.20, 386534, 204, 0, 0
874, 1, 194, 324, 89, 0, 50.12%, 0, 0, 6, 465.27, 388891, 204, 0, 0
879, 1, 156, 325, 88, 0, 50.12%, 0, 0, 6, 455.17, 391201, 204, 0, 0
884, 1, 284, 326, 86, 0, 50.12%, 0, 0, 6, 475.05, 393688, 204, 0, 0
889, 1, 234, 326, 85, 0, 50.12%, 0, 0, 6, 465.89, 396042, 204, 0, 0
894, 1, 103, 326, 81, 0, 50.12%, 0, 0, 6, 455.66, 398301, 204, 0, 0
899, 1, 57, 326, 78, 0, 50.12%, 0, 0, 6, 473.64, 400721, 204, 0, 0
904, 1, 298, 326, 75, 0, 50.12%, 0, 0, 6, 462.25, 402996, 204, 0, 0
909, 1, 44, 326, 72, 0, 50.12%, 0, 0, 6, 453.55, 405306, 204, 0, 0
914, 1, 271, 326, 69, 0, 50.12%, 0, 0, 6, 478.01, 407817, 204, 0, 0
919, 1, 236, 326, 66, 0, 50.12%, 0, 0, 6, 491.17, 410249, 204, 0, 0
924, 1, 303, 326, 64, 0, 50.12%, 0, 0, 6, 486.75, 412665, 204, 0, 0
930, 1, 64, 326, 60, 0, 50.12%, 0, 0, 6, 459.16, 414917, 204, 0, 0
935, 1, 302, 326, 56, 0, 50.12%, 0, 0, 6, 442.16, 417160, 204, 0, 0
940, 1, 28, 326, 54, 0, 50.12%, 0, 0, 6, 450.18, 419446, 204, 0, 0
945, 1, 173, 326, 49, 0, 50.12%, 0, 0, 6, 451.55, 421681, 204, 0, 0
950, 1, 203, 326, 47, 0, 50.12%, 0, 0, 6, 435.73, 423917, 204, 0, 0
955, 1, 120, 326, 45, 0, 50.12%, 0, 0, 6, 445.10, 426107, 204, 0, 0
960, 1, 306, 326, 42, 0, 50.12%, 0, 0, 6, 463.01, 428521, 204, 0, 0
965, 1, 194, 350, 63, 0, 52.33%, 0, 0, 6, 444.91, 430750, 213, 0, 0
970, 2, 443, 447, 159, 21, 61.92%, 0, 0, 6, 434.37, 432959, 252, 0, 0
975, 2, 350, 447, 158, 20, 61.92%, 0, 0, 6, 420.23, 435113, 252, 0, 0
980, 2, 421, 447, 157, 19, 61.92%, 0, 0, 6, 439.05, 437356, 252, 0, 0
985, 2, 382, 447, 156, 18, 61.92%, 0, 0, 6, 446.02, 439626, 252, 0, 0
990, 2, 399, 448, 156, 17, 61.92%, 0, 0, 6, 442.67, 441850, 252, 0, 0
995, 2, 366, 448, 155, 16, 61.92%, 0, 0, 6, 459.85, 444167, 252, 0, 0
1000, 2, 428, 448, 153, 14, 61.92%, 0, 0, 6, 440.63, 446426, 252, 0, 0
1005, 2, 435, 448, 151, 12, 61.92%, 0, 0, 6, 449.35, 448615, 252, 0, 0
1010, 2, 380, 448, 149, 10, 61.92%, 0, 0, 6, 434.69, 450841, 252, 0, 0
1015, 2, 406, 448, 148, 9, 61.92%, 0, 0, 6, 437.80, 453010, 252, 0, 0
1021, 2, 417, 448, 146, 7, 61.92%, 0, 0, 6, 447.27, 455271, 252, 0, 0
1026, 2, 351, 448, 143, 5, 61.92%, 0, 0, 6, 448.34, 457517, 252, 0, 0
1031, 2, 352, 448, 142, 4, 61.92%, 0, 0, 6, 441.65, 459765, 252, 0, 0
1036, 2, 346, 448, 139, 1, 61.92%, 0, 0, 6, 462.14, 462111, 252, 0, 0
1041, 2, 395, 448, 138, 0, 61.92%, 0, 0, 6, 447.79, 464370, 252, 0, 0
1046, 2, 358, 448, 135, 0, 61.92%, 0, 0, 6, 435.19, 466550, 252, 0, 0
1051, 2, 167, 448, 133, 0, 61.92%, 0, 0, 6, 435.76, 468708, 252, 0, 0
1056, 2, 165, 448, 131, 0, 61.92%, 0, 0, 6, 449.25, 470985, 252, 0, 0
1061, 2, 437, 448, 129, 0, 61.92%, 0, 0, 6, 424.40, 473112, 252, 0, 0
1066, 2, 326, 448, 127, 0, 61.92%, 0, 0, 6, 435.39, 475267, 252, 0, 0
1071, 2, 174, 448, 125, 0, 61.92%, 0, 0, 6, 425.87, 477426, 252, 0, 0
1076, 2, 362, 448, 123, 0, 61.92%, 0, 0, 6, 440.91, 479741, 252, 0, 0
1081, 2, 364, 448, 122, 0, 61.92%, 1, 0, 6, 460.85, 482034, 252, 1, 0
1086, 2, 98, 448, 119, 0, 61.92%, 1, 0, 6, 447.04, 484331, 252, 1, 0
1091, 2, 414, 448, 118, 0, 61.92%, 1, 0, 6, 420.09, 486459, 252, 1, 0
1096, 2, 372, 448, 116, 0, 61.92%, 1, 0, 6, 444.73, 488739, 252, 1, 0
1101, 2, 390, 448, 114, 0, 61.92%, 1, 0, 6, 429.10, 490948, 252, 1, 0
1106, 2, 446, 448, 112, 0, 61.92%, 1, 0, 6, 437.81, 493158, 252, 1, 0
1112, 2, 338, 448, 109, 0, 61.92%, 1, 0, 6, 448.73, 495436, 252, 1, 0
1117, 2, 421, 448, 107, 0, 61.92%, 1, 0, 6, 433.99, 497628, 252, 1, 0
1122, 2, 418, 448, 106, 0, 61.92%, 2, 0, 6, 424.94, 499800, 252, 2, 0
1127, 2, 443, 448, 104, 0, 61.92%, 2, 0, 6, 442.30, 502110, 252, 2, 0
1132, 2, 423, 448, 103, 0, 61.92%, 2, 0, 6, 440.32, 504354, 252, 2, 0
1137, 2, 320, 448, 100, 0, 61.92%, 2, 0, 6, 444.99, 506547, 252, 2, 0
1142, 2, 381, 448, 99, 0, 61.92%, 2, 0, 6, 445.26, 508797, 252, 2, 0
1147, 2, 269, 448, 95, 0, 61.92%, 2, 0, 6, 442.09, 511029, 252, 2, 0
1152, 2, 371, 448, 93, 0, 61.92%, 2, 0, 6, 423.23, 513192, 252, 2, 0
1157, 2, 412, 448, 91, 0, 61.92%, 2, 0, 6, 435.40, 515451, 252, 2, 0
1162, 2, 415, 448, 90, 0, 61.92%, 2, 0, 6, 449.87, 517733, 252, 2, 0
1167, 2, 210, 448, 87, 0, 61.92%, 2, 0, 6, 450.74, 519947, 252, 2, 0
1172, 2, 404, 448, 86, 0, 61.92%, 4, 0, 6, 457.17, 522264, 252, 4, 0
1177, 2, 353, 448, 84, 0, 61.92%, 4, 0, 6, 455.37, 524549, 252, 4, 0
1182, 2, 426, 448, 82, 0, 61.92%, 4, 0, 6, 436.21, 526710, 252, 4, 0
1188, 2, 436, 448, 80, 0, 61.92%, 4, 0, 6, 443.84, 529018, 252, 4, 0
1193, 2, 275, 448, 78, 0, 61.92%, 4, 0, 6, 461.68, 531357, 252, 4, 0
1198, 2, 379, 448, 76, 0, 61.92%, 5, 0, 6, 453.47, 533674, 252, 5, 0
1203, 2, 176, 448, 74, 0, 61.92%, 5, 0, 6, 449.90, 535961, 252, 5, 0
1208, 2, 259, 448, 73, 0, 61.92%, 5, 0, 6, 453.79, 538325, 252, 5, 0
1213, 2, 373, 448, 71, 0, 61.92%, 5, 0, 6, 460.26, 540657, 252, 5, 0
1218, 2, 355, 448, 69, 0, 61.92%, 5, 0, 6, 467.90, 542988, 252, 5, 0
1223, 2, 442, 448, 67, 0, 61.92%, 5, 0, 6, 439.69, 545242, 252, 5, 0
1228, 2, 322, 448, 65, 0, 61.92%, 5, 0, 6, 461.97, 547565, 252, 5, 0
1233, 2, 445, 448, 64, 0, 61.92%, 5, 0, 6, 438.17, 549743, 252, 5, 0
1238, 2, 376, 448, 62, 0, 61.92%, 5, 0, 6, 450.74, 551999, 252, 5, 0
1243, 2, 336, 448, 60, 0, 61.92%, 5, 0, 6, 464.60, 554332, 252, 5, 0
1248, 2, 403, 448, 58, 0, 61.92%, 5, 0, 6, 443.40, 556525, 252, 5, 0
1253, 2, 415, 448, 56, 0, 61.92%, 5, 0, 6, 443.96, 558811, 252, 5, 0
1258, 2, 195, 448, 56, 0, 61.92%, 5, 0, 6, 439.66, 561015, 252, 5, 0
1264, 2, 333, 448, 56, 0, 61.92%, 5, 0, 6, 437.46, 563221, 252, 6, 0
1269, 2, 85, 449, 55, 0, 61.92%, 5, 0, 6, 441.07, 565432, 252, 6, 0
1274, 2, 431, 449, 53, 0, 61.92%, 5, 0, 6, 453.01, 567749, 252, 6, 0
1279, 2, 301, 449, 50, 0, 61.92%, 5, 0, 6, 463.70, 570113, 252, 6, 0
1284, 2, 388, 449, 48, 0, 61.92%, 5, 0, 6, 457.51, 572390, 252, 6, 0
1289, 2, 343, 449, 46, 0, 61.92%, 5, 0, 6, 448.05, 574622, 252, 6, 0
1294, 2, 138, 449, 44, 0, 61.92%, 5, 0, 6, 459.04, 576923, 252, 6, 0
1299, 2, 365, 450, 45, 0, 61.92%, 5, 0, 6, 468.73, 579314, 252, 6, 0
1304, 2, 375, 450, 43, 0, 61.92%, 5, 0, 6, 445.83, 581491, 252, 6, 0
1309, 2, 353, 450, 41, 0, 61.92%, 5, 0, 6, 433.86, 583719, 252, 6, 0
1314, 2, 339, 450, 41, 0, 61.92%, 5, 0, 6, 457.67, 586063, 252, 6, 0
1319, 2, 240, 450, 40, 0, 61.92%, 5, 0, 6, 446.31, 588297, 252, 6, 0
1324, 2, 385, 450, 38, 0, 61.92%, 5, 0, 6, 437.74, 590555, 252, 6, 0
1329, 2, 370, 450, 36, 0, 61.92%, 5, 0, 6, 447.69, 592779, 252, 6, 0
1334, 2, 56, 450, 35, 0, 61.92%, 5, 0, 6, 430.58, 594902, 252, 6, 0
1339, 2, 449, 450, 34, 0, 61.92%, 5, 0, 6, 417.43, 597039, 252, 6, 0
1345, 2, 286, 450, 33, 0, 61.92%, 5, 0, 6, 434.80, 599282, 252, 7, 0
1350, 3, 263, 457, 38, 0, 62.16%, 5, 0, 6, 418.73, 601413, 253, 7, 0
1355, 3, 455, 457, 37, 1, 62.16%, 5, 0, 6, 431.39, 603604, 253, 7, 0
1360, 3, 383, 457, 35, 0, 62.16%, 5, 0, 6, 441.55, 605868, 253, 7, 0
1365, 3, 450, 457, 33, 0, 62.16%, 5, 0, 6, 447.95, 608121, 253, 7, 0
1370, 3, 454, 457, 32, 0, 62.16%, 5, 0, 6, 413.01, 610213, 253, 7, 0
1375, 3, 297, 457, 30, 0, 62.16%, 5, 0, 6, 437.10, 612485, 253, 9, 0
1380, 3, 382, 457, 29, 0, 62.16%, 5, 0, 6, 451.24, 614750, 253, 9, 0
1385, 3, 302, 457, 27, 0, 62.16%, 5, 0, 6, 455.60, 617001, 253, 9, 0
1390, 3, 307, 457, 26, 0, 62.16%, 5, 0, 6, 448.81, 619234, 253, 9, 0
1395, 3, 429, 457, 25, 0, 62.16%, 5, 0, 6, 453.26, 621542, 253, 9, 0
1401, 3, 105, 457, 24, 0, 62.16%, 5, 0, 6, 433.41, 623684, 253, 9, 0
1406, 3, 405, 457, 23, 0, 62.16%, 5, 0, 6, 443.78, 625945, 253, 11, 0
1411, 3, 410, 457, 22, 0, 62.16%, 5, 0, 6, 437.88, 628168, 253, 11, 0
1416, 3, 269, 457, 20, 0, 62.16%, 5, 0, 6, 442.65, 630358, 253, 11, 0
1421, 3, 190, 457, 18, 0, 62.16%, 5, 0, 6, 426.20, 632536, 253, 11, 0
1426, 3, 55, 457, 18, 0, 62.16%, 5, 0, 6, 420.93, 634750, 253, 11, 0
1431, 3, 307, 457, 17, 0, 62.16%, 5, 0, 6, 441.52, 636989, 253, 11, 0
1436, 3, 409, 457, 17, 0, 62.16%, 5, 0, 6, 425.69, 639115, 253, 12, 0
1441, 3, 356, 457, 16, 0, 62.16%, 5, 0, 6, 439.12, 641313, 253, 12, 0
1446, 3, 453, 457, 15, 0, 62.16%, 5, 0, 6, 434.87, 643508, 253, 12, 0
1451, 3, 424, 457, 14, 0, 62.16%, 5, 0, 6, 463.69, 645823, 253, 13, 0
1456, 3, 380, 457, 13, 0, 62.16%, 5, 0, 6, 450.44, 648149, 253, 13, 0
1461, 3, 346, 457, 11, 0, 62.16%, 5, 0, 6, 433.48, 650345, 253, 13, 0
1466, 3, 176, 457, 11, 0, 62.16%, 5, 0, 6, 446.72, 652580, 253, 13, 0
1471, 3, 443, 458, 11, 0, 62.16%, 5, 0, 6, 448.90, 654847, 253, 13, 0
1476, 3, 457, 458, 11, 0, 62.16%, 5, 0, 6, 430.50, 657003, 253, 13, 0
1482, 3, 116, 458, 10, 0, 62.16%, 5, 0, 6, 452.19, 659289, 253, 13, 0
1487, 3, 45, 458, 10, 0, 62.16%, 5, 0, 6, 459.13, 661577, 253, 13, 0
1492, 3, 382, 458, 10, 0, 62.16%, 5, 0, 6, 452.72, 663826, 253, 13, 0
1497, 3, 253, 458, 10, 0, 62.16%, 5, 0, 6, 463.89, 666176, 253, 13, 0
1502, 3, 272, 458, 9, 0, 62.16%, 5, 0, 6, 425.59, 668309, 253, 13, 0
1507, 3, 427, 458, 9, 0, 62.16%, 5, 0, 6, 456.34, 670614, 253, 13, 0
1512, 3, 421, 458, 8, 0, 62.16%, 5, 0, 6, 424.54, 672742, 253, 13, 0
1517, 3, 250, 458, 8, 0, 62.16%, 5, 0, 6, 475.82, 675191, 253, 13, 0
1522, 3, 366, 458, 7, 0, 62.16%, 5, 0, 6, 457.44, 677477, 253, 13, 0
1527, 3, 302, 458, 7, 0, 62.16%, 5, 0, 6, 441.72, 679739, 253, 13, 0
1532, 3, 348, 458, 7, 0, 62.16%, 5, 0, 6, 453.52, 682030, 253, 13, 0
1537, 4, 462, 464, 13, 1, 62.41%, 5, 0, 6, 423.64, 684194, 254, 13, 0
1542, 4, 406, 464, 12, 0, 62.41%, 5, 0, 6, 448.85, 686486, 254, 13, 0
1547, 4, 302, 464, 12, 0, 62.41%, 5, 0, 6, 462.99, 688774, 254, 13, 0
1553, 4, 65, 464, 11, 0, 62.41%, 5, 0, 6, 430.47, 691012, 254, 13, 0
1558, 4, 344, 464, 11, 0, 62.41%, 5, 0, 6, 452.63, 693434, 254, 14, 0
1563, 4, 307, 464, 11, 0, 62.41%, 5, 0, 6, 469.67, 695794, 254, 14, 0
1568, 4, 183, 464, 11, 0, 62.41%, 5, 0, 6, 439.88, 697985, 254, 14, 0
1573, 4, 146, 464, 11, 0, 62.41%, 5, 0, 6, 446.57, 700260, 254, 14, 0
1578, 4, 269, 464, 11, 0, 62.41%, 5, 0, 6, 449.79, 702565, 254, 14, 0
1583, 4, 462, 464, 11, 0, 62.41%, 5, 0, 6, 444.85, 704794, 254, 14, 0
1588, 4, 48, 464, 11, 0, 62.41%, 5, 0, 6, 448.47, 707143, 254, 14, 0
1593, 4, 329, 464, 10, 0, 62.41%, 5, 0, 6, 436.00, 709419, 254, 14, 0
1599, 4, 344, 464, 10, 0, 62.41%, 5, 0, 6, 431.06, 711641, 254, 14, 0
1604, 4, 308, 464, 10, 0, 62.41%, 5, 0, 6, 448.01, 713931, 254, 14, 0
1609, 4, 329, 464, 9, 0, 62.41%, 5, 0, 6, 448.48, 716206, 254, 14, 0
1614, 4, 451, 465, 10, 0, 62.41%, 5, 0, 6, 442.56, 718458, 254, 14, 0
1619, 4, 462, 465, 10, 0, 62.41%, 5, 0, 6, 441.30, 720686, 254, 14, 0
1624, 4, 211, 465, 9, 0, 62.41%, 5, 0, 6, 437.13, 722886, 254, 14, 0
1629, 4, 366, 465, 9, 0, 62.41%, 5, 0, 6, 439.47, 725138, 254, 14, 0
1634, 4, 73, 465, 9, 0, 62.41%, 5, 0, 6, 450.04, 727387, 254, 14, 0
1639, 4, 176, 465, 9, 0, 62.41%, 5, 0, 6, 433.78, 729584, 254, 16, 0
1644, 4, 463, 465, 8, 0, 62.41%, 5, 0, 6, 449.05, 731894, 254, 16, 0
1649, 4, 302, 465, 7, 0, 62.41%, 5, 0, 6, 448.92, 734192, 254, 16, 0
1654, 4, 397, 465, 7, 0, 62.41%, 5, 0, 6, 455.63, 736510, 254, 17, 0
1659, 4, 389, 465, 7, 0, 62.41%, 5, 0, 6, 460.26, 738836, 254, 17, 0
1664, 4, 298, 465, 7, 0, 62.41%, 5, 0, 6, 458.14, 741151, 254, 17, 0
1669, 4, 344, 465, 7, 0, 62.41%, 5, 0, 6, 450.75, 743446, 254, 17, 0
1675, 4, 406, 465, 7, 0, 62.41%, 5, 0, 6, 458.19, 745841, 254, 17, 0
1680, 5, 85, 467, 9, 0, 62.41%, 5, 0, 6, 438.78, 748025, 254, 17, 0
1685, 5, 398, 467, 9, 0, 62.41%, 5, 0, 6, 456.81, 750348, 254, 17, 0
1690, 5, 406, 467, 8, 0, 62.41%, 5, 0, 6, 458.04, 752631, 254, 17, 0
1695, 5, 382, 467, 7, 0, 62.41%, 5, 0, 6, 438.92, 754843, 254, 17, 0
1700, 5, 183, 467, 7, 0, 62.41%, 5, 0, 6, 429.58, 757089, 254, 17, 0
1705, 5, 346, 467, 6, 0, 62.41%, 5, 0, 6, 434.40, 759230, 254, 17, 0
1710, 5, 307, 467, 6, 0, 62.41%, 5, 0, 6, 446.75, 761495, 254, 17, 0
1715, 5, 345, 467, 6, 0, 62.41%, 5, 0, 6, 459.33, 763943, 254, 18, 0
1720, 5, 421, 467, 6, 0, 62.41%, 5, 0, 6, 454.53, 766214, 254, 18, 0
1725, 5, 313, 467, 6, 0, 62.41%, 5, 0, 6, 464.89, 768529, 254, 18, 0
1731, 5, 298, 467, 6, 0, 62.41%, 5, 0, 6, 451.61, 770862, 254, 19, 0
1736, 5, 458, 467, 6, 0, 62.41%, 5, 0, 6, 453.75, 773150, 254, 19, 0
1741, 5, 65, 467, 5, 0, 62.41%, 5, 0, 6, 437.47, 775350, 254, 20, 0
1746, 5, 462, 467, 5, 0, 62.41%, 5, 0, 6, 452.24, 777578, 254, 22, 0
1751, 5, 348, 467, 5, 0, 62.41%, 5, 0, 6, 449.69, 779908, 254, 22, 0
1756, 5, 300, 467, 4, 0, 62.41%, 5, 0, 6, 455.03, 782253, 254, 22, 0
1761, 5, 142, 467, 4, 0, 62.41%, 5, 0, 6, 460.31, 784571, 254, 22, 0
1766, 5, 144, 467, 4, 0, 62.41%, 5, 0, 6, 469.63, 786924, 254, 22, 0
1771, 5, 98, 467, 4, 0, 62.41%, 5, 0, 6, 469.56, 789302, 254, 23, 0
1776, 5, 250, 467, 4, 0, 62.41%, 5, 0, 6, 435.34, 791499, 254, 23, 0
1781, 5, 195, 467, 4, 0, 62.41%, 5, 0, 6, 445.60, 793745, 254, 23, 0
1786, 5, 443, 467, 4, 0, 62.41%, 5, 0, 6, 461.76, 796096, 254, 23, 0
1791, 5, 351, 467, 4, 0, 62.41%, 5, 0, 6, 436.74, 798290, 254, 24, 0
1797, 5, 85, 467, 4, 0, 62.41%, 5, 0, 6, 458.74, 800719, 254, 24, 0
1802, 5, 157, 467, 4, 0, 62.41%, 5, 0, 6, 441.29, 802933, 254, 26, 0
1802, 5, 157, 467, 4, 0, 62.41%, 5, 0, 6, 435.18, 803068, 254, 26, 0
