# relative_time, cycles_done, cur_item, corpus_count, pending_total, pending_favs, map_size, saved_crashes, saved_hangs, max_depth, execs_per_sec, total_execs, edges_found, total_crashes, servers_count
60, 0, 9, 83, 78, 5, 30.96%, 0, 0, 2, 410.91, 27205, 126, 0, 0
65, 0, 9, 85, 80, 5, 30.96%, 0, 0, 2, 440.07, 29411, 126, 0, 0
70, 0, 9, 85, 80, 5, 30.96%, 0, 0, 2, 453.56, 31730, 126, 0, 0
75, 0, 9, 85, 80, 5, 30.96%, 0, 0, 2, 452.83, 34043, 126, 0, 0
81, 0, 9, 85, 80, 5, 30.96%, 0, 0, 2, 439.36, 36212, 126, 0, 0
86, 0, 9, 86, 81, 5, 30.96%, 0, 0, 2, 464.97, 38551, 126, 0, 0
91, 0, 9, 86, 81, 5, 30.96%, 0, 0, 2, 432.86, 40643, 126, 0, 0
96, 0, 9, 87, 82, 5, 30.96%, 0, 0, 2, 411.87, 42706, 126, 0, 0
101, 0, 9, 88, 83, 5, 30.96%, 0, 0, 2, 429.44, 44873, 126, 0, 0
106, 0, 9, 90, 85, 5, 30.96%, 0, 0, 2, 416.23, 46967, 126, 0, 0
111, 0, 9, 90, 85, 5, 30.96%, 0, 0, 2, 443.88, 49239, 126, 0, 0
116, 0, 9, 90, 85, 5, 30.96%, 0, 0, 2, 460.06, 51602, 126, 0, 0
121, 0, 9, 90, 85, 5, 30.96%, 0, 0, 2, 454.00, 53871, 126, 0, 0
126, 0, 71, 109, 102, 26, 32.92%, 0, 0, 3, 432.97, 56081, 134, 0, 0
131, 0, 71, 114, 107, 26, 32.92%, 0, 0, 3, 436.13, 58269, 134, 0, 0
136, 0, 71, 116, 109, 26, 32.92%, 0, 0, 3, 440.66, 60428, 134, 0, 0
141, 0, 71, 119, 112, 26, 32.92%, 0, 0, 3, 430.64, 62561, 134, 0, 0
146, 0, 71, 120, 113, 26, 32.92%, 0, 0, 3, 429.92, 64744, 134, 0, 0
151, 0, 71, 121, 114, 26, 32.92%, 0, 0, 3, 438.43, 66968, 134, 0, 0
156, 0, 71, 122, 115, 26, 32.92%, 0, 0, 3, 434.82, 69143, 134, 0, 0
161, 0, 71, 122, 115, 26, 32.92%, 0, 0, 3, 433.11, 71327, 134, 0, 0
167, 0, 71, 123, 116, 26, 32.92%, 0, 0, 3, 407.98, 73438, 134, 0, 0
172, 0, 71, 125, 118, 26, 32.92%, 0, 0, 3, 419.28, 75588, 134, 0, 0
177, 0, 71, 126, 119, 26, 32.92%, 0, 0, 3, 420.91, 77707, 134, 0, 0
182, 0, 71, 127, 120, 26, 32.92%, 0, 0, 3, 434.66, 79954, 134, 0, 0
187, 0, 71, 128, 121, 26, 32.92%, 0, 0, 3, 438.10, 82233, 134, 0, 0
192, 0, 71, 128, 121, 26, 32.92%, 0, 0, 3, 451.35, 84505, 134, 0, 0
197, 0, 3, 130, 116, 18, 35.63%, 0, 0, 3, 425.07, 86616, 145, 0, 0
202, 0, 3, 139, 125, 18, 35.87%, 0, 0, 3, 426.45, 88809, 146, 0, 0
207, 0, 130, 148, 133, 19, 41.03%, 0, 0, 3, 322.64, 90348, 167, 0, 0
212, 0, 130, 151, 136, 19, 41.03%, 0, 0, 3, 414.30, 92545, 167, 0, 0
218, 0, 130, 152, 137, 19, 41.03%, 0, 0, 3, 421.44, 94681, 167, 0, 0
223, 0, 130, 154, 139, 19, 41.03%, 0, 0, 3, 419.40, 96831, 167, 0, 0
228, 0, 130, 154, 139, 19, 41.03%, 0, 0, 3, 416.97, 98975, 167, 0, 0
233, 0, 130, 155, 140, 19, 41.03%, 0, 0, 3, 424.02, 101127, 167, 0, 0
238, 0, 130, 155, 140, 19, 41.03%, 0, 0, 3, 429.58, 103311, 167, 0, 0
243, 0, 130, 155, 140, 19, 41.03%, 0, 0, 3, 423.98, 105439, 167, 0, 0
248, 0, 130, 155, 140, 19, 41.03%, 0, 0, 3, 429.73, 107647, 167, 0, 0
253, 0, 130, 155, 140, 19, 41.03%, 0, 0, 3, 404.16, 109719, 167, 0, 0
258, 0, 130, 155, 140, 19, 41.03%, 0, 0, 3, 442.44, 111935, 167, 0, 0
263, 0, 130, 156, 141, 19, 41.03%, 0, 0, 3, 458.76, 114213, 167, 0, 0
268, 0, 130, 157, 142, 19, 41.28%, 0, 0, 3, 477.17, 116632, 168, 0, 0
274, 0, 130, 158, 143, 19, 41.28%, 0, 0, 3, 443.10, 118804, 168, 0, 0
279, 0, 130, 158, 143, 19, 41.28%, 0, 0, 3, 444.81, 121052, 168, 0, 0
284, 0, 130, 159, 144, 19, 41.28%, 0, 0, 3, 443.54, 123323, 168, 0, 0
289, 0, 130, 159, 144, 19, 41.28%, 0, 0, 3, 432.21, 125483, 168, 0, 0
294, 0, 130, 159, 144, 19, 41.28%, 0, 0, 3, 404.90, 127499, 168, 0, 0
299, 0, 130, 159, 144, 19, 41.28%, 0, 0, 3, 420.89, 129699, 168, 0, 0
304, 0, 130, 159, 144, 19, 41.28%, 0, 0, 3, 440.92, 131883, 168, 0, 0
309, 0, 130, 159, 144, 19, 41.28%, 0, 0, 3, 434.36, 134043, 168, 0, 0
314, 0, 130, 161, 146, 19, 41.28%, 0, 0, 3, 434.08, 136225, 168, 0, 0
319, 0, 130, 161, 146, 19, 41.28%, 0, 0, 3, 438.28, 138409, 168, 0, 0
324, 0, 130, 161, 146, 19, 41.28%, 0, 0, 3, 452.47, 140627, 168, 0, 0
329, 0, 150, 162, 146, 25, 41.28%, 0, 0, 3, 426.38, 142709, 168, 0, 0
334, 0, 7, 165, 147, 23, 42.75%, 0, 0, 3, 411.71, 144800, 174, 0, 0
339, 0, 163, 168, 148, 26, 43.49%, 0, 0, 3, 427.60, 147007, 177, 0, 0
344, 0, 143, 180, 159, 27, 44.96%, 1, 0, 3, 448.03, 149256, 183, 1, 0
349, 0, 126, 180, 156, 24, 44.96%, 1, 0, 3, 445.44, 151459, 183, 1, 0
354, 0, 139, 180, 154, 22, 44.96%, 1, 0, 3, 421.81, 153635, 183, 1, 0
359, 0, 159, 180, 152, 20, 44.96%, 1, 0, 3, 428.16, 155802, 183, 1, 0
364, 0, 34, 185, 155, 19, 45.21%, 1, 0, 4, 447.79, 158113, 184, 1, 0
370, 0, 132, 188, 157, 19, 45.21%, 1, 0, 4, 457.66, 160407, 184, 1, 0
375, 0, 176, 189, 156, 19, 45.70%, 1, 0, 4, 446.70, 162681, 186, 1, 0
380, 0, 156, 194, 158, 18, 45.70%, 1, 0, 4, 467.04, 165042, 186, 1, 0
385, 0, 155, 204, 167, 17, 45.70%, 1, 0, 4, 460.52, 167367, 186, 1, 0
390, 0, 155, 207, 170, 17, 45.70%, 1, 0, 4, 448.42, 169637, 186, 1, 0
395, 0, 155, 210, 173, 17, 45.70%, 1, 0, 4, 426.46, 171762, 186, 1, 0
400, 0, 155, 213, 176, 17, 45.70%, 1, 0, 4, 421.56, 173863, 186, 1, 0
405, 0, 155, 214, 177, 17, 45.70%, 1, 0, 4, 434.38, 176086, 186, 1, 0
410, 0, 155, 214, 177, 17, 45.70%, 1, 0, 4, 452.50, 178455, 186, 1, 0
415, 0, 155, 219, 182, 17, 45.95%, 1, 0, 4, 435.12, 180681, 187, 1, 0
420, 0, 155, 220, 183, 17, 45.95%, 1, 0, 4, 465.77, 183060, 187, 1, 0
425, 0, 155, 221, 184, 17, 45.95%, 1, 0, 4, 459.40, 185326, 187, 1, 0
430, 0, 155, 222, 185, 17, 45.95%, 1, 0, 4, 429.07, 187446, 187, 1, 0
435, 0, 155, 222, 185, 17, 45.95%, 1, 0, 4, 445.37, 189774, 187, 1, 0
440, 0, 155, 222, 185, 17, 45.95%, 1, 0, 4, 438.12, 191998, 187, 1, 0
445, 0, 155, 222, 185, 17, 45.95%, 1, 0, 4, 433.97, 194174, 187, 1, 0
451, 0, 155, 222, 185, 17, 45.95%, 1, 0, 4, 439.09, 196422, 187, 1, 0
456, 0, 155, 222, 185, 17, 45.95%, 1, 0, 4, 431.78, 198638, 187, 1, 0
461, 0, 155, 222, 185, 17, 45.95%, 1, 0, 4, 444.61, 200870, 187, 1, 0
466, 0, 155, 223, 186, 17, 46.19%, 1, 0, 4, 447.81, 203178, 188, 1, 0
471, 0, 155, 223, 186, 17, 46.19%, 1, 0, 4, 448.97, 205482, 188, 1, 0
476, 0, 155, 223, 186, 17, 46.19%, 1, 0, 4, 399.05, 207484, 188, 1, 0
481, 0, 155, 223, 186, 17, 46.19%, 1, 0, 4, 401.72, 209549, 188, 1, 0
486, 0, 155, 223, 186, 17, 46.19%, 1, 0, 4, 425.54, 211765, 188, 1, 0
491, 0, 155, 223, 186, 17, 46.19%, 1, 0, 4, 421.87, 213933, 188, 1, 0
496, 0, 155, 223, 186, 17, 46.19%, 1, 0, 4, 444.65, 216245, 188, 1, 0
501, 0, 155, 224, 187, 17, 46.19%, 1, 0, 4, 447.53, 218503, 188, 1, 0
506, 0, 214, 225, 187, 19, 46.19%, 1, 0, 4, 424.85, 220651, 188, 1, 0
511, 0, 222, 226, 186, 17, 46.19%, 1, 0, 5, 430.03, 222824, 188, 1, 0
516, 0, 101, 227, 185, 16, 46.19%, 1, 0, 6, 444.25, 225088, 188, 1, 0
522, 0, 101, 232, 190, 16, 46.44%, 1, 0, 6, 405.02, 227150, 189, 1, 0
527, 0, 101, 234, 192, 16, 46.44%, 1, 0, 6, 398.91, 229108, 189, 1, 0
532, 0, 101, 234, 192, 16, 46.44%, 1, 0, 6, 373.07, 231017, 189, 1, 0
537, 0, 101, 234, 192, 16, 46.44%, 1, 0, 6, 389.14, 233019, 189, 1, 0
542, 0, 101, 235, 193, 16, 47.42%, 1, 0, 6, 407.56, 235059, 193, 1, 0
547, 0, 80, 235, 191, 15, 47.42%, 1, 0, 6, 407.86, 237164, 193, 1, 0
552, 0, 172, 235, 188, 13, 47.42%, 1, 0, 6, 425.85, 239360, 193, 1, 0
557, 0, 188, 237, 189, 13, 47.42%, 1, 0, 6, 443.54, 241638, 193, 1, 0
562, 0, 244, 249, 200, 13, 47.91%, 1, 0, 6, 461.93, 243941, 195, 1, 0
567, 0, 242, 251, 200, 11, 48.40%, 1, 0, 6, 451.84, 246187, 197, 1, 0
572, 0, 170, 251, 198, 11, 48.40%, 1, 0, 6, 497.74, 248850, 197, 1, 0
577, 0, 234, 251, 196, 9, 48.40%, 1, 0, 6, 446.85, 251059, 197, 1, 0
582, 0, 234, 259, 204, 9, 49.14%, 1, 0, 6, 428.10, 253223, 200, 1, 0
587, 0, 234, 263, 208, 9, 49.14%, 1, 0, 6, 404.92, 255252, 200, 1, 0
593, 0, 234, 267, 212, 9, 49.14%, 1, 0, 6, 407.09, 257320, 200, 1, 0
598, 0, 234, 268, 213, 9, 49.14%, 1, 0, 6, 404.69, 259375, 200, 1, 0
603, 0, 234, 268, 213, 9, 49.14%, 1, 0, 6, 421.51, 261487, 200, 1, 0
608, 0, 234, 269, 214, 9, 49.14%, 1, 0, 6, 390.08, 263421, 200, 1, 0
613, 0, 263, 269, 212, 9, 49.14%, 1, 0, 6, 429.11, 265607, 200, 1, 0
618, 0, 91, 269, 209, 6, 49.14%, 1, 0, 6, 448.31, 267909, 200, 1, 0
623, 0, 236, 269, 206, 3, 49.14%, 1, 0, 6, 433.03, 270141, 200, 1, 0
628, 0, 265, 269, 203, 1, 49.14%, 1, 0, 6, 449.90, 272446, 200, 1, 0
633, 0, 166, 269, 201, 0, 49.14%, 1, 0, 6, 446.97, 274663, 200, 1, 0
638, 0, 162, 272, 202, 0, 49.14%, 1, 0, 6, 439.03, 276870, 200, 1, 0
643, 0, 86, 272, 200, 0, 49.14%, 1, 0, 6, 455.83, 279140, 200, 1, 0
648, 0, 202, 272, 198, 0, 49.14%, 1, 0, 6, 462.62, 281450, 200, 1, 0
653, 0, 104, 272, 195, 0, 49.14%, 1, 0, 6, 441.55, 283628, 200, 1, 0
658, 0, 177, 276, 198, 0, 49.14%, 1, 0, 6, 432.22, 285788, 200, 1, 0
663, 0, 177, 277, 199, 0, 49.14%, 1, 0, 6, 470.38, 288109, 200, 1, 0
668, 0, 177, 279, 201, 0, 49.14%, 1, 0, 6, 434.16, 290313, 200, 1, 0
673, 0, 177, 280, 202, 0, 49.14%, 1, 0, 6, 427.38, 292480, 200, 1, 0
679, 0, 274, 280, 201, 1, 49.14%, 1, 0, 6, 447.51, 294792, 200, 1, 0
684, 0, 235, 283, 203, 0, 49.14%, 1, 0, 6, 436.37, 297091, 200, 1, 0
689, 0, 280, 283, 203, 1, 49.14%, 1, 0, 6, 441.23, 299347, 200, 1, 0
694, 0, 215, 284, 203, 0, 49.14%, 1, 0, 6, 433.46, 301532, 200, 1, 0
699, 0, 133, 284, 200, 0, 49.14%, 1, 0, 6, 443.04, 303765, 200, 1, 0
704, 0, 274, 284, 199, 0, 49.14%, 1, 0, 6, 456.65, 306066, 200, 1, 0
709, 0, 142, 285, 198, 0, 49.14%, 1, 0, 6, 446.96, 308345, 200, 1, 0
714, 0, 131, 285, 196, 0, 49.14%, 1, 0, 6, 439.90, 310570, 200, 1, 0
719, 0, 182, 285, 194, 0, 49.14%, 1, 0, 6, 428.35, 312760, 200, 1, 0
724, 0, 119, 285, 192, 0, 49.14%, 1, 0, 6, 431.68, 314924, 200, 1, 0
730, 0, 119, 289, 196, 0, 49.14%, 1, 0, 6, 422.29, 317068, 200, 1, 0
735, 0, 111, 289, 192, 0, 49.14%, 1, 0, 6, 429.59, 319251, 200, 1, 0
740, 0, 97, 290, 191, 0, 49.14%, 1, 0, 6, 471.86, 321662, 200, 1, 0
745, 0, 273, 290, 190, 0, 49.14%, 1, 0, 6, 461.40, 324017, 200, 1, 0
750, 0, 156, 290, 186, 0, 49.14%, 1, 0, 6, 465.07, 326471, 200, 1, 0
755, 0, 199, 292, 185, 0, 49.14%, 1, 0, 6, 451.60, 328735, 200, 1, 0
760, 0, 171, 292, 184, 0, 49.14%, 1, 0, 6, 435.14, 330939, 200, 1, 0
765, 0, 188, 292, 181, 0, 49.14%, 1, 0, 6, 432.71, 333135, 200, 1, 0
770, 0, 146, 292, 179, 0, 49.14%, 1, 0, 6, 476.01, 335609, 200, 1, 0
775, 0, 154, 292, 176, 0, 49.14%, 1, 0, 6, 435.14, 337807, 200, 1, 0
781, 0, 78, 292, 174, 0, 49.14%, 1, 0, 6, 457.92, 340160, 200, 1, 0
786, 0, 213, 292, 173, 0, 49.14%, 1, 0, 6, 434.85, 342310, 200, 1, 0
791, 0, 103, 292, 171, 0, 49.14%, 1, 0, 6, 449.87, 344545, 200, 1, 0
796, 0, 219, 292, 169, 0, 49.14%, 1, 0, 6, 439.31, 346767, 200, 1, 0
801, 0, 287, 293, 168, 0, 49.14%, 1, 0, 6, 445.61, 349056, 200, 1, 0
806, 0, 291, 295, 169, 0, 49.14%, 1, 0, 6, 415.17, 351142, 200, 1, 0
811, 0, 291, 295, 169, 0, 49.14%, 1, 0, 6, 431.74, 353318, 200, 1, 0
816, 0, 291, 296, 170, 0, 49.14%, 1, 0, 6, 432.94, 355525, 200, 1, 0
821, 0, 186, 296, 170, 0, 49.14%, 1, 0, 6, 436.63, 357701, 200, 1, 0
826, 0, 213, 296, 167, 0, 49.14%, 1, 0, 6, 437.18, 359956, 200, 1, 0
831, 0, 245, 296, 167, 0, 49.14%, 1, 0, 6, 455.97, 362309, 200, 1, 0
837, 0, 153, 296, 164, 0, 49.14%, 1, 0, 6, 422.13, 364412, 200, 1, 0
842, 0, 149, 297, 163, 0, 49.14%, 1, 0, 6, 453.55, 366892, 200, 1, 0
847, 0, 187, 297, 160, 0, 49.14%, 1, 0, 6, 439.09, 369118, 200, 1, 0
852, 0, 274, 299, 160, 0, 49.14%, 1, 0, 6, 440.09, 371352, 200, 1, 0
857, 0, 174, 299, 159, 0, 49.14%, 1, 0, 6, 445.86, 373639, 200, 1, 0
862, 1, 289, 299, 155, 0, 49.14%, 1, 0, 6, 448.23, 375877, 200, 1, 0
867, 1, 289, 304, 160, 0, 49.39%, 1, 0, 6, 439.69, 378060, 201, 1, 0
872, 1, 289, 304, 160, 0, 49.39%, 1, 0, 6, 424.37, 380212, 201, 1, 0
877, 1, 289, 304, 160, 0, 49.39%, 1, 0, 6, 434.88, 382412, 201, 1, 0
882, 1, 267, 304, 157, 0, 49.39%, 1, 0, 6, 426.67, 384560, 201, 1, 0
887, 1, 147, 304, 155, 0, 49.39%, 1, 0, 6, 411.71, 386633, 201, 1, 0
892, 1, 291, 305, 154, 0, 49.39%, 1, 0, 6, 409.91, 388758, 201, 1, 0
897, 1, 266, 305, 152, 0, 49.39%, 1, 0, 6, 423.52, 390895, 201, 1, 0
902, 1, 295, 305, 147, 0, 49.39%, 1, 0, 6, 434.79, 393152, 201, 1, 0
908, 1, 197, 305, 144, 0, 49.39%, 1, 0, 6, 438.88, 395359, 201, 1, 0
913, 1, 99, 306, 143, 0, 49.39%, 1, 0, 6, 445.73, 397639, 201, 1, 0
918, 1, 148, 307, 140, 0, 49.39%, 1, 0, 6, 446.90, 399880, 201, 1, 0
923, 1, 280, 310, 140, 0, 49.63%, 1, 0, 6, 447.59, 402177, 202, 1, 0
928, 1, 280, 311, 141, 0, 49.63%, 1, 0, 6, 434.51, 404352, 202, 1, 0
933, 1, 280, 312, 142, 0, 49.63%, 1, 0, 6, 440.10, 406623, 202, 1, 0
938, 1, 307, 312, 142, 2, 49.63%, 1, 0, 6, 434.41, 408785, 202, 1, 0
943, 1, 226, 312, 140, 0, 49.63%, 1, 0, 6, 433.88, 411017, 202, 1, 0
948, 1, 279, 312, 138, 0, 49.63%, 1, 0, 6, 441.28, 413254, 202, 1, 0
953, 1, 270, 312, 136, 0, 49.63%, 1, 0, 6, 421.88, 415424, 202, 1, 0
958, 1, 182, 313, 135, 0, 49.63%, 1, 0, 6, 425.54, 417629, 202, 1, 0
963, 1, 181, 313, 133, 0, 49.63%, 1, 0, 6, 453.40, 419968, 202, 1, 0
968, 1, 276, 315, 132, 0, 49.63%, 1, 0, 6, 455.64, 422281, 202, 1, 0
973, 1, 278, 315, 129, 0, 49.63%, 1, 0, 6, 465.64, 424626, 202, 1, 0
978, 1, 278, 319, 133, 0, 49.63%, 1, 0, 6, 438.13, 426771, 202, 1, 0
984, 1, 268, 319, 132, 0, 49.63%, 1, 0, 6, 437.75, 429027, 202, 1, 0
989, 1, 311, 319, 130, 0, 49.63%, 1, 0, 6, 427.56, 431227, 202, 1, 0
994, 1, 214, 319, 128, 0, 49.63%, 1, 0, 6, 444.72, 433508, 202, 1, 0
999, 1, 260, 319, 126, 0, 49.63%, 1, 0, 6, 435.68, 435733, 202, 1, 0
1004, 1, 312, 320, 126, 0, 49.63%, 1, 0, 6, 405.46, 437824, 202, 1, 0
1009, 1, 284, 320, 124, 0, 49.63%, 1, 0, 6, 416.82, 439987, 202, 1, 0
1014, 1, 301, 320, 122, 0, 49.63%, 1, 0, 6, 450.32, 442283, 202, 1, 0
1019, 1, 274, 320, 118, 0, 49.63%, 1, 0, 6, 477.56, 444702, 202, 1, 0
1024, 1, 242, 320, 115, 0, 49.63%, 1, 0, 6, 470.72, 447004, 202, 1, 0
1029, 1, 95, 320, 113, 0, 49.63%, 1, 0, 6, 443.23, 449237, 202, 1, 0
1034, 1, 165, 321, 112, 0, 49.63%, 1, 0, 6, 467.08, 451554, 202, 1, 0
1039, 1, 182, 323, 112, 0, 49.63%, 1, 0, 6, 466.52, 453860, 202, 1, 0
1044, 1, 323, 324, 112, 0, 49.63%, 1, 0, 6, 430.79, 456049, 202, 1, 0
1049, 1, 212, 324, 110, 0, 49.63%, 1, 0, 6, 452.07, 458330, 202, 1, 0
1054, 1, 288, 324, 106, 0, 49.63%, 1, 0, 6, 482.80, 460831, 202, 1, 0
1059, 1, 261, 324, 104, 0, 49.63%, 1, 0, 6, 455.58, 463077, 202, 1, 0
1064, 1, 322, 324, 101, 0, 49.63%, 1, 0, 6, 459.51, 465353, 202, 1, 0
1069, 1, 220, 324, 99, 0, 49.63%, 1, 0, 6, 436.54, 467522, 202, 1, 0
1075, 1, 227, 324, 97, 0, 49.63%, 1, 0, 6, 465.38, 469929, 202, 1, 0
1080, 1, 310, 324, 95, 0, 49.63%, 1, 0, 6, 456.41, 472254, 202, 1, 0
1085, 1, 292, 325, 95, 0, 49.63%, 1, 0, 7, 458.82, 474536, 202, 1, 0
1090, 1, 94, 326, 94, 0, 49.63%, 1, 0, 7, 446.81, 476753, 202, 1, 0
1095, 1, 311, 326, 92, 0, 49.63%, 1, 0, 7, 456.92, 479088, 202, 1, 0
1100, 1, 287, 326, 92, 0, 49.63%, 1, 0, 7, 440.70, 481287, 202, 1, 0
1105, 1, 317, 326, 90, 0, 49.63%, 1, 0, 7, 423.40, 483443, 202, 1, 0
1110, 1, 271, 328, 91, 0, 49.63%, 1, 0, 7, 451.88, 485788, 202, 1, 0
1115, 1, 206, 328, 88, 0, 49.63%, 1, 0, 7, 439.85, 487991, 202, 1, 0
1120, 1, 255, 328, 87, 0, 49.63%, 1, 0, 7, 449.59, 490310, 202, 1, 0
1125, 1, 318, 329, 86, 0, 49.63%, 1, 0, 7, 458.70, 492585, 202, 1, 0
1130, 1, 304, 329, 83, 0, 49.63%, 1, 0, 7, 463.93, 494915, 202, 1, 0
1136, 1, 319, 329, 81, 0, 49.63%, 1, 0, 7, 443.38, 497112, 202, 1, 0
1141, 1, 298, 331, 81, 0, 49.63%, 1, 0, 7, 425.29, 499270, 202, 1, 0
1146, 1, 145, 331, 80, 0, 49.63%, 1, 0, 7, 460.50, 501538, 202, 1, 0
1151, 1, 108, 331, 79, 0, 49.63%, 1, 0, 7, 447.17, 503709, 202, 1, 0
1156, 1, 241, 331, 74, 0, 49.63%, 1, 0, 7, 420.83, 505826, 202, 1, 0
1161, 1, 182, 331, 72, 0, 49.63%, 1, 0, 7, 461.81, 508180, 202, 1, 0
1166, 1, 207, 331, 72, 0, 49.63%, 1, 0, 7, 423.04, 510258, 202, 1, 0
1171, 1, 251, 331, 69, 0, 49.63%, 1, 0, 7, 438.61, 512512, 202, 1, 0
1176, 1, 254, 331, 66, 0, 49.63%, 1, 0, 7, 456.52, 514897, 202, 1, 0
1181, 1, 114, 331, 64, 0, 49.63%, 1, 0, 7, 450.68, 517143, 202, 1, 0
1186, 1, 326, 331, 62, 0, 49.63%, 1, 0, 7, 424.92, 519210, 202, 1, 0
1191, 1, 314, 331, 60, 0, 49.63%, 1, 0, 7, 432.93, 521463, 202, 1, 0
1197, 1, 302, 333, 60, 0, 49.63%, 1, 0, 7, 420.33, 523604, 202, 1, 0
1202, 1, 221, 333, 59, 0, 49.63%, 1, 0, 7, 425.64, 525712, 202, 1, 0
1207, 1, 316, 334, 58, 0, 49.63%, 1, 0, 7, 444.71, 527961, 202, 1, 0
1212, 1, 262, 334, 56, 0, 49.63%, 1, 0, 7, 468.93, 530356, 202, 1, 0
1217, 1, 200, 334, 54, 0, 49.63%, 1, 0, 7, 447.84, 532614, 202, 1, 0
1222, 1, 3, 334, 52, 0, 49.63%, 1, 0, 7, 478.41, 535045, 202, 1, 0
1227, 1, 208, 334, 51, 0, 49.63%, 1, 0, 7, 449.42, 537270, 202, 1, 0
1232, 1, 198, 334, 49, 0, 49.63%, 1, 0, 7, 426.00, 539434, 202, 1, 0
1237, 1, 308, 334, 44, 0, 49.63%, 1, 0, 7, 442.20, 541697, 202, 1, 0
1242, 1, 182, 334, 42, 0, 49.63%, 1, 0, 7, 445.49, 544024, 202, 1, 0
1247, 1, 97, 335, 41, 0, 49.63%, 1, 0, 7, 445.32, 546250, 202, 1, 0
1253, 2, 346, 433, 138, 18, 61.18%, 1, 0, 7, 432.39, 548438, 249, 1, 0
1258, 2, 346, 433, 138, 18, 61.18%, 1, 0, 7, 453.10, 550761, 249, 1, 0
1263, 2, 416, 433, 136, 16, 61.18%, 1, 0, 7, 457.66, 553115, 249, 1, 0
1268, 2, 416, 435, 138, 16, 61.43%, 1, 0, 7, 439.39, 555363, 250, 1, 0
1273, 2, 424, 435, 136, 15, 61.43%, 1, 0, 7, 429.64, 557579, 250, 1, 0
1278, 2, 425, 435, 134, 13, 61.43%, 1, 0, 7, 448.44, 559882, 250, 1, 0
1283, 2, 425, 435, 134, 13, 61.43%, 1, 0, 7, 434.56, 562112, 250, 1, 0
1288, 2, 376, 435, 132, 11, 61.43%, 1, 0, 7, 443.43, 564345, 250, 1, 0
1293, 2, 384, 435, 131, 10, 61.43%, 1, 0, 7, 458.53, 566655, 250, 1, 0
1298, 2, 430, 435, 129, 8, 61.43%, 1, 0, 7, 456.08, 568973, 250, 1, 0
1303, 2, 431, 435, 125, 4, 61.43%, 1, 0, 7, 457.11, 571342, 250, 1, 0
1309, 2, 402, 436, 124, 3, 61.43%, 1, 0, 7, 416.17, 573446, 250, 1, 0
1314, 2, 349, 436, 121, 3, 61.43%, 1, 0, 7, 430.11, 575677, 250, 1, 0
1319, 2, 423, 437, 117, 0, 61.43%, 1, 0, 7, 440.76, 577928, 250, 1, 0
1324, 2, 334, 437, 116, 0, 61.43%, 1, 0, 7, 457.22, 580260, 250, 1, 0
1329, 2, 225, 437, 113, 0, 61.43%, 1, 0, 7, 453.16, 582556, 250, 1, 0
1334, 2, 396, 437, 113, 0, 61.43%, 1, 0, 7, 454.26, 584862, 250, 1, 0
1339, 2, 375, 437, 111, 0, 61.43%, 1, 0, 7, 434.95, 587024, 250, 1, 0
1344, 2, 434, 437, 109, 0, 61.43%, 1, 0, 7, 432.56, 589249, 250, 1, 0
1349, 2, 410, 437, 108, 0, 61.43%, 1, 0, 7, 435.38, 591441, 250, 1, 0
1354, 2, 411, 437, 106, 0, 61.43%, 3, 0, 7, 432.15, 593656, 250, 4, 0
1359, 2, 107, 437, 104, 0, 61.43%, 3, 0, 7, 457.64, 595967, 250, 4, 0
1364, 2, 374, 437, 102, 0, 61.43%, 3, 0, 7, 449.20, 598200, 250, 4, 0
1369, 2, 233, 437, 100, 0, 61.43%, 3, 0, 7, 435.02, 600413, 250, 4, 0
1374, 2, 337, 437, 98, 0, 61.43%, 3, 0, 7, 449.94, 602671, 250, 4, 0
1379, 2, 208, 438, 97, 0, 61.43%, 3, 0, 7, 458.68, 605008, 250, 4, 0
1384, 2, 357, 438, 96, 0, 61.43%, 3, 0, 7, 400.59, 607011, 250, 4, 0
1389, 2, 393, 438, 95, 0, 61.43%, 3, 0, 7, 429.20, 609178, 250, 4, 0
1394, 2, 356, 438, 92, 0, 61.43%, 3, 0, 7, 459.59, 611531, 250, 4, 0
1399, 2, 240, 438, 90, 0, 61.43%, 3, 0, 7, 435.50, 613701, 250, 4, 0
1405, 2, 289, 438, 89, 0, 61.43%, 3, 0, 7, 429.47, 615900, 250, 4, 0
1410, 2, 400, 438, 87, 0, 61.43%, 3, 0, 7, 443.66, 618190, 250, 4, 0
1415, 2, 419, 438, 86, 0, 61.43%, 3, 0, 7, 436.90, 620421, 250, 4, 0
1420, 2, 242, 438, 83, 0, 61.43%, 3, 0, 7, 432.89, 622656, 250, 4, 0
1425, 2, 409, 438, 82, 0, 61.43%, 4, 0, 7, 446.48, 624914, 250, 5, 0
1430, 2, 417, 438, 80, 0, 61.43%, 4, 0, 7, 468.28, 627283, 250, 5, 0
1435, 2, 329, 438, 76, 0, 61.43%, 4, 0, 7, 447.05, 629571, 250, 5, 0
1440, 2, 415, 438, 74, 0, 61.43%, 4, 0, 7, 430.61, 631752, 250, 5, 0
1445, 2, 321, 438, 72, 0, 61.43%, 4, 0, 7, 445.86, 634087, 250, 5, 0
1450, 2, 420, 438, 70, 0, 61.43%, 4, 0, 7, 454.03, 636366, 250, 5, 0
1455, 2, 368, 438, 69, 0, 61.43%, 4, 0, 7, 453.36, 638618, 250, 5, 0
1460, 2, 403, 438, 68, 0, 61.43%, 4, 0, 7, 455.11, 640909, 250, 5, 0
1466, 2, 14, 438, 66, 0, 61.43%, 4, 0, 7, 479.51, 643303, 250, 5, 0
1471, 2, 196, 438, 65, 0, 61.43%, 4, 0, 7, 464.05, 645562, 250, 5, 0
1476, 2, 224, 438, 63, 0, 61.43%, 4, 0, 7, 454.06, 647877, 250, 5, 0
1481, 2, 399, 438, 62, 0, 61.43%, 4, 0, 7, 451.21, 650133, 250, 5, 0
1486, 2, 413, 438, 60, 0, 61.43%, 4, 0, 7, 478.57, 652574, 250, 5, 0
1491, 2, 383, 438, 59, 0, 61.43%, 4, 0, 7, 426.92, 654689, 250, 5, 0
1496, 2, 437, 439, 59, 0, 61.43%, 4, 0, 7, 430.83, 656860, 250, 5, 0
1501, 2, 291, 439, 58, 0, 61.43%, 4, 0, 7, 458.36, 659111, 250, 5, 0
1506, 2, 204, 439, 57, 0, 61.43%, 4, 0, 7, 470.19, 661483, 250, 5, 0
1511, 2, 287, 439, 55, 0, 61.43%, 4, 0, 7, 469.35, 663850, 250, 5, 0
1516, 2, 291, 439, 54, 0, 61.43%, 4, 0, 7, 467.19, 666215, 250, 5, 0
1521, 2, 438, 439, 53, 0, 61.43%, 4, 0, 7, 453.48, 668570, 250, 5, 0
1526, 2, 332, 439, 52, 0, 61.43%, 4, 0, 7, 426.03, 670658, 250, 5, 0
1531, 2, 363, 439, 48, 0, 61.43%, 4, 0, 7, 453.98, 672958, 250, 6, 0
1536, 2, 343, 439, 47, 0, 61.43%, 4, 0, 7, 438.22, 675180, 250, 6, 0
1542, 2, 427, 439, 44, 0, 61.43%, 4, 0, 7, 473.82, 677653, 250, 6, 0
1547, 2, 429, 440, 44, 0, 61.67%, 4, 0, 7, 465.82, 680028, 251, 6, 0
1552, 2, 87, 440, 43, 0, 61.67%, 4, 0, 7, 448.38, 682292, 251, 6, 0
1557, 2, 412, 440, 43, 0, 61.67%, 4, 0, 7, 440.28, 684470, 251, 6, 0
1562, 2, 325, 440, 42, 0, 61.67%, 4, 0, 7, 445.10, 686718, 251, 6, 0
1567, 2, 325, 440, 41, 0, 61.67%, 4, 0, 7, 452.93, 689010, 251, 6, 0
1572, 2, 28, 440, 40, 0, 61.67%, 4, 0, 7, 449.44, 691259, 251, 8, 0
1577, 2, 414, 440, 39, 0, 61.67%, 4, 0, 7, 437.97, 693482, 251, 8, 0
1582, 2, 168, 440, 36, 0, 61.67%, 4, 0, 7, 431.99, 695665, 251, 8, 0
1587, 2, 327, 441, 36, 0, 61.67%, 4, 0, 7, 458.73, 698067, 251, 9, 0
1593, 2, 325, 441, 33, 0, 61.67%, 4, 0, 7, 450.97, 700332, 251, 9, 0
1598, 2, 440, 442, 34, 0, 61.67%, 4, 0, 7, 456.60, 702604, 251, 9, 0
1603, 2, 305, 442, 33, 0, 61.67%, 4, 0, 7, 439.74, 704824, 251, 9, 0
1608, 2, 395, 443, 33, 0, 61.67%, 5, 0, 7, 438.12, 707110, 251, 11, 0
1613, 2, 416, 443, 31, 0, 61.67%, 5, 0, 7, 457.47, 709466, 251, 16, 0
1618, 2, 381, 443, 31, 0, 61.67%, 5, 0, 7, 442.18, 711740, 251, 16, 0
1623, 2, 387, 443, 29, 0, 61.67%, 5, 0, 7, 449.39, 714023, 251, 16, 0
1628, 2, 378, 443, 27, 0, 61.67%, 5, 0, 7, 429.30, 716204, 251, 16, 0
1633, 2, 134, 443, 26, 0, 61.67%, 5, 0, 7, 464.81, 718652, 251, 16, 0
1638, 2, 111, 444, 25, 0, 61.67%, 5, 0, 7, 453.03, 720967, 251, 16, 0
1643, 2, 287, 444, 25, 0, 61.67%, 5, 0, 7, 442.24, 723163, 251, 16, 0
1649, 3, 448, 452, 32, 2, 62.41%, 5, 0, 7, 456.50, 725517, 254, 16, 0
1654, 3, 385, 452, 30, 0, 62.41%, 5, 0, 7, 455.05, 727880, 254, 16, 0
1659, 3, 451, 452, 30, 0, 62.41%, 5, 0, 7, 470.98, 730250, 254, 16, 0
1664, 3, 388, 452, 28, 0, 62.41%, 5, 0, 7, 459.41, 732555, 254, 16, 0
1669, 3, 311, 452, 27, 0, 62.41%, 5, 0, 7, 465.18, 734831, 254, 16, 0
1674, 3, 182, 452, 27, 0, 62.41%, 5, 0, 7, 442.64, 736985, 254, 16, 0
1679, 3, 321, 452, 27, 0, 62.41%, 5, 0, 7, 454.71, 739233, 254, 16, 0
1684, 3, 429, 453, 26, 0, 62.41%, 5, 0, 7, 433.01, 741446, 254, 16, 0
1689, 3, 109, 453, 25, 0, 62.41%, 5, 0, 7, 458.29, 743724, 254, 16, 0
1694, 3, 291, 453, 24, 0, 62.41%, 5, 0, 7, 458.58, 746013, 254, 16, 0
1699, 3, 24, 453, 23, 0, 62.41%, 5, 0, 7, 440.15, 748252, 254, 16, 0
1704, 3, 360, 453, 23, 0, 62.41%, 5, 0, 7, 464.55, 750598, 254, 16, 0
1709, 3, 385, 453, 21, 0, 62.41%, 5, 0, 7, 462.31, 752917, 254, 18, 0
1714, 3, 231, 453, 21, 0, 62.41%, 5, 0, 7, 437.17, 755059, 254, 18, 0
1719, 3, 213, 453, 20, 0, 62.41%, 5, 0, 7, 446.22, 757307, 254, 18, 0
1724, 3, 284, 453, 20, 0, 62.41%, 5, 0, 7, 419.78, 759258, 254, 19, 0
1729, 3, 182, 453, 20, 0, 62.41%, 5, 0, 7, 451.51, 761588, 254, 20, 0
1734, 3, 230, 453, 19, 0, 62.41%, 5, 0, 7, 433.82, 763749, 254, 20, 0
1739, 3, 291, 453, 19, 0, 62.41%, 5, 0, 7, 442.44, 766048, 254, 20, 0
1744, 3, 7, 453, 19, 0, 62.41%, 5, 0, 7, 438.46, 768273, 254, 20, 0
1749, 3, 349, 453, 19, 0, 62.41%, 5, 0, 7, 468.46, 770639, 254, 20, 0
1755, 3, 311, 453, 18, 0, 62.41%, 5, 0, 7, 474.16, 773016, 254, 20, 0
1760, 3, 87, 453, 18, 0, 62.41%, 5, 0, 7, 463.19, 775346, 254, 20, 0
1765, 3, 302, 453, 17, 0, 62.41%, 5, 0, 7, 463.95, 777759, 254, 20, 0
1770, 3, 450, 453, 17, 0, 62.41%, 5, 0, 7, 433.00, 779959, 254, 20, 0
1775, 3, 311, 453, 16, 0, 62.41%, 5, 0, 7, 434.90, 782149, 254, 20, 0
1780, 3, 302, 453, 15, 0, 62.41%, 5, 0, 7, 446.40, 784428, 254, 20, 0
1785, 3, 100, 453, 14, 0, 62.41%, 5, 0, 7, 441.20, 786692, 254, 20, 0
1790, 3, 80, 453, 12, 0, 62.41%, 5, 0, 7, 432.62, 788842, 254, 20, 0
1795, 3, 250, 453, 12, 0, 62.41%, 5, 0, 7, 408.96, 790945, 254, 25, 0
1800, 3, 335, 453, 11, 0, 62.41%, 5, 0, 7, 414.19, 792949, 254, 25, 0
