# relative_time, cycles_done, cur_item, corpus_count, pending_total, pending_favs, map_size, saved_crashes, saved_hangs, max_depth, execs_per_sec, total_execs, edges_found, total_crashes, servers_count
60, 0, 26, 84, 78, 23, 33.17%, 0, 0, 2, 461.14, 27942, 135, 0, 0
65, 0, 26, 84, 78, 23, 33.17%, 0, 0, 2, 434.28, 30093, 135, 0, 0
70, 0, 26, 84, 78, 23, 33.17%, 0, 0, 2, 440.09, 32397, 135, 0, 0
75, 0, 26, 84, 78, 23, 33.17%, 0, 0, 2, 437.27, 34613, 135, 0, 0
80, 0, 26, 86, 80, 23, 33.17%, 0, 0, 2, 442.02, 36819, 135, 0, 0
85, 0, 26, 87, 81, 23, 33.17%, 0, 0, 2, 451.91, 39122, 135, 0, 0
91, 0, 26, 88, 82, 23, 33.17%, 0, 0, 2, 445.72, 41363, 135, 0, 0
96, 0, 26, 89, 83, 23, 33.42%, 0, 0, 2, 442.88, 43593, 136, 0, 0
101, 0, 26, 89, 83, 23, 33.42%, 0, 0, 2, 432.93, 45785, 136, 0, 0
106, 0, 26, 89, 83, 23, 33.42%, 0, 0, 2, 414.80, 47913, 136, 0, 0
111, 0, 26, 90, 84, 23, 33.66%, 0, 0, 2, 432.95, 50112, 137, 0, 0
116, 0, 26, 91, 85, 23, 33.66%, 0, 0, 2, 423.49, 52247, 137, 0, 0
121, 0, 26, 91, 85, 23, 33.66%, 0, 0, 2, 407.23, 54359, 137, 0, 0
126, 0, 92, 93, 85, 27, 33.91%, 0, 0, 3, 426.84, 56484, 138, 0, 0
131, 0, 20, 94, 79, 21, 34.15%, 0, 0, 3, 455.82, 58845, 139, 0, 0
136, 0, 7, 99, 83, 24, 42.01%, 0, 0, 3, 443.97, 61003, 171, 0, 0
141, 0, 101, 107, 90, 28, 44.47%, 0, 0, 3, 442.87, 63277, 181, 0, 0
147, 0, 101, 124, 107, 28, 46.68%, 1, 0, 3, 443.10, 65562, 190, 1, 0
152, 0, 101, 130, 113, 28, 46.68%, 1, 0, 3, 425.33, 67700, 190, 1, 0
157, 0, 101, 132, 115, 28, 46.68%, 1, 0, 3, 422.09, 69835, 190, 1, 0
162, 0, 101, 137, 120, 28, 46.68%, 1, 0, 3, 443.75, 72102, 190, 1, 0
167, 0, 101, 140, 123, 28, 46.68%, 1, 0, 3, 459.59, 74432, 190, 1, 0
172, 0, 101, 141, 124, 28, 47.42%, 1, 0, 3, 443.57, 76658, 193, 1, 0
177, 0, 101, 142, 125, 28, 47.42%, 1, 0, 3, 458.76, 79045, 193, 1, 0
182, 0, 101, 145, 128, 28, 47.42%, 1, 0, 3, 446.05, 81406, 193, 1, 0
187, 0, 101, 145, 128, 28, 47.42%, 1, 0, 3, 452.95, 83728, 193, 1, 0
193, 0, 101, 145, 128, 28, 47.42%, 1, 0, 3, 427.61, 85902, 193, 1, 0
198, 0, 101, 145, 128, 28, 47.42%, 1, 0, 3, 436.05, 88142, 193, 1, 0
203, 0, 101, 146, 129, 28, 47.42%, 1, 0, 3, 451.06, 90405, 193, 1, 0
208, 0, 101, 146, 129, 28, 47.42%, 1, 0, 3, 440.95, 92669, 193, 1, 0
213, 0, 101, 146, 129, 28, 47.42%, 1, 0, 3, 450.24, 94985, 193, 1, 0
218, 0, 101, 148, 131, 28, 47.67%, 1, 0, 3, 454.17, 97294, 194, 1, 0
223, 0, 101, 148, 131, 28, 47.67%, 1, 0, 3, 429.76, 99427, 194, 1, 0
228, 0, 101, 148, 131, 28, 47.67%, 1, 0, 3, 439.10, 101643, 194, 2, 0
233, 0, 101, 150, 133, 28, 47.67%, 1, 0, 3, 435.48, 103833, 194, 2, 0
238, 0, 101, 150, 133, 28, 47.67%, 1, 0, 3, 462.82, 106182, 194, 2, 0
243, 0, 101, 151, 134, 28, 47.67%, 1, 0, 3, 456.82, 108439, 194, 2, 0
249, 0, 101, 151, 134, 28, 47.67%, 1, 0, 3, 445.82, 110712, 194, 2, 0
254, 0, 101, 151, 134, 28, 47.67%, 1, 0, 3, 422.59, 112856, 194, 2, 0
259, 0, 101, 153, 136, 28, 47.67%, 1, 0, 3, 425.08, 115070, 194, 2, 0
264, 0, 97, 153, 134, 27, 47.67%, 1, 0, 3, 430.07, 117285, 194, 2, 0
269, 0, 98, 153, 132, 25, 47.67%, 1, 0, 3, 462.45, 119622, 194, 2, 0
274, 0, 98, 159, 138, 25, 47.91%, 1, 0, 3, 447.67, 121883, 195, 2, 0
279, 0, 98, 161, 140, 25, 47.91%, 1, 0, 3, 466.17, 124226, 195, 2, 0
284, 0, 98, 162, 141, 25, 47.91%, 1, 0, 3, 455.54, 126537, 195, 2, 0
289, 0, 98, 163, 142, 25, 47.91%, 1, 0, 3, 439.37, 128768, 195, 2, 0
294, 0, 98, 163, 142, 25, 47.91%, 1, 0, 3, 464.94, 131089, 195, 2, 0
299, 0, 98, 164, 143, 25, 47.91%, 1, 0, 3, 455.62, 133409, 195, 2, 0
304, 0, 98, 165, 144, 25, 47.91%, 1, 0, 3, 432.55, 135558, 195, 2, 0
309, 0, 98, 166, 145, 25, 47.91%, 1, 0, 3, 461.74, 137905, 195, 2, 0
314, 0, 98, 166, 145, 25, 47.91%, 1, 0, 3, 455.72, 140227, 195, 2, 0
320, 0, 98, 167, 146, 25, 47.91%, 1, 0, 3, 435.31, 142404, 195, 2, 0
325, 0, 98, 168, 147, 25, 47.91%, 1, 0, 3, 447.58, 144659, 195, 2, 0
330, 0, 98, 168, 147, 25, 47.91%, 1, 0, 3, 433.45, 146827, 195, 2, 0
335, 0, 98, 168, 147, 25, 47.91%, 1, 0, 3, 446.78, 149131, 195, 2, 0
340, 0, 98, 169, 148, 25, 47.91%, 1, 0, 3, 459.76, 151507, 195, 2, 0
345, 0, 98, 170, 149, 25, 47.91%, 1, 0, 3, 470.51, 153926, 195, 2, 0
350, 0, 98, 170, 149, 25, 47.91%, 1, 0, 3, 441.75, 156169, 195, 2, 0
355, 0, 98, 170, 149, 25, 47.91%, 1, 0, 3, 443.55, 158433, 195, 2, 0
360, 0, 165, 176, 154, 25, 48.16%, 1, 0, 4, 454.22, 160675, 196, 2, 0
365, 0, 114, 176, 152, 24, 48.16%, 1, 0, 4, 447.13, 162950, 196, 2, 0
370, 0, 114, 201, 177, 24, 48.89%, 1, 0, 4, 479.77, 165461, 199, 2, 0
375, 0, 114, 206, 182, 24, 48.89%, 1, 0, 4, 462.10, 167818, 199, 2, 0
380, 0, 114, 213, 189, 24, 48.89%, 1, 0, 4, 443.62, 170022, 199, 2, 0
386, 0, 114, 214, 190, 24, 48.89%, 1, 0, 4, 434.06, 172197, 199, 2, 0
391, 0, 114, 214, 190, 24, 48.89%, 1, 0, 4, 429.60, 174381, 199, 2, 0
396, 0, 114, 216, 192, 24, 48.89%, 1, 0, 4, 438.33, 176619, 199, 2, 0
401, 0, 114, 216, 192, 24, 48.89%, 1, 0, 4, 452.73, 178950, 199, 3, 0
406, 0, 114, 219, 195, 24, 48.89%, 1, 0, 4, 436.29, 181250, 199, 4, 0
411, 0, 114, 221, 197, 24, 48.89%, 1, 0, 4, 458.31, 183612, 199, 4, 0
416, 0, 114, 222, 198, 24, 48.89%, 1, 0, 4, 471.36, 186004, 199, 4, 0
421, 0, 114, 222, 198, 24, 48.89%, 1, 0, 4, 433.92, 188175, 199, 5, 0
426, 0, 114, 222, 198, 24, 48.89%, 1, 0, 4, 440.62, 190432, 199, 7, 0
431, 0, 114, 222, 198, 24, 48.89%, 1, 0, 4, 444.43, 192764, 199, 7, 0
437, 0, 114, 222, 198, 24, 48.89%, 1, 0, 4, 444.11, 194968, 199, 8, 0
442, 0, 114, 224, 200, 24, 48.89%, 1, 0, 4, 420.79, 197126, 199, 9, 0
447, 0, 114, 224, 200, 24, 48.89%, 1, 0, 4, 453.96, 199411, 199, 9, 0
452, 0, 114, 224, 200, 24, 48.89%, 1, 0, 4, 408.85, 201470, 199, 9, 0
457, 0, 114, 225, 201, 24, 49.14%, 1, 0, 4, 391.97, 203430, 200, 9, 0
462, 0, 174, 226, 200, 24, 49.39%, 1, 0, 4, 481.99, 205958, 201, 9, 0
467, 0, 158, 227, 200, 24, 49.63%, 1, 0, 5, 457.57, 208240, 202, 9, 0
472, 0, 94, 227, 198, 22, 49.63%, 1, 0, 5, 464.37, 210582, 202, 9, 0
477, 0, 190, 227, 196, 20, 49.63%, 1, 0, 5, 446.26, 212813, 202, 9, 0
482, 0, 67, 228, 195, 19, 49.63%, 1, 0, 5, 463.07, 215149, 202, 9, 0
487, 0, 84, 237, 201, 16, 49.63%, 1, 0, 5, 467.21, 217515, 202, 9, 0
492, 0, 189, 244, 207, 15, 49.88%, 1, 0, 5, 477.99, 219922, 203, 9, 0
497, 0, 16, 244, 205, 14, 49.88%, 1, 0, 5, 474.82, 222306, 203, 9, 0
503, 0, 140, 245, 204, 12, 49.88%, 1, 0, 5, 484.16, 224738, 203, 9, 0
508, 0, 35, 246, 204, 11, 49.88%, 1, 0, 5, 434.15, 226952, 203, 9, 0
513, 0, 35, 246, 204, 11, 49.88%, 1, 0, 5, 424.78, 229080, 203, 9, 0
518, 0, 224, 248, 205, 10, 49.88%, 1, 0, 5, 426.81, 231217, 203, 9, 0
523, 0, 146, 251, 204, 7, 49.88%, 1, 0, 5, 434.25, 233464, 203, 9, 0
528, 0, 247, 252, 204, 6, 49.88%, 1, 0, 6, 463.46, 235827, 203, 9, 0
533, 0, 252, 253, 204, 6, 50.12%, 1, 0, 6, 450.86, 238005, 204, 9, 0
538, 0, 144, 254, 202, 3, 50.12%, 1, 0, 7, 455.14, 240350, 204, 9, 0
543, 0, 19, 255, 200, 1, 50.12%, 1, 0, 7, 471.71, 242789, 204, 9, 0
548, 0, 103, 256, 199, 0, 50.12%, 1, 0, 7, 454.86, 245071, 204, 9, 0
553, 0, 138, 256, 197, 0, 50.12%, 1, 0, 7, 472.35, 247473, 204, 9, 0
558, 0, 28, 256, 193, 0, 50.12%, 1, 0, 7, 449.11, 249769, 204, 9, 0
564, 0, 252, 256, 190, 0, 50.12%, 1, 0, 7, 451.32, 252048, 204, 9, 0
569, 0, 252, 256, 190, 0, 50.12%, 2, 0, 7, 434.85, 254235, 204, 10, 0
574, 0, 255, 257, 191, 0, 50.12%, 2, 0, 7, 438.58, 256491, 204, 10, 0
579, 0, 132, 257, 188, 0, 50.12%, 2, 0, 7, 463.15, 258805, 204, 10, 0
584, 0, 126, 259, 187, 0, 50.12%, 2, 0, 7, 449.14, 261036, 204, 10, 0
589, 0, 245, 259, 184, 0, 50.12%, 2, 0, 7, 453.85, 263455, 204, 10, 0
594, 0, 212, 260, 183, 0, 50.12%, 2, 0, 7, 456.66, 265721, 204, 10, 0
599, 0, 191, 260, 182, 0, 50.12%, 2, 0, 7, 425.87, 267815, 204, 10, 0
604, 0, 42, 261, 181, 0, 50.12%, 2, 0, 7, 409.26, 269924, 204, 10, 0
609, 0, 173, 261, 179, 0, 50.12%, 2, 0, 7, 440.63, 272188, 204, 10, 0
614, 0, 252, 261, 176, 0, 50.12%, 2, 0, 7, 440.88, 274436, 204, 10, 0
620, 0, 225, 263, 175, 0, 50.12%, 2, 0, 7, 439.49, 276646, 204, 10, 0
625, 0, 263, 265, 175, 0, 50.12%, 2, 0, 7, 427.59, 278757, 204, 10, 0
630, 0, 202, 265, 174, 0, 50.12%, 2, 0, 7, 437.40, 280995, 204, 10, 0
635, 0, 242, 265, 170, 0, 50.12%, 2, 0, 7, 483.62, 283474, 204, 10, 0
640, 0, 242, 268, 173, 0, 50.12%, 2, 0, 7, 442.74, 285685, 204, 10, 0
645, 0, 3, 268, 170, 0, 50.12%, 2, 0, 7, 453.01, 287903, 204, 10, 0
650, 0, 268, 270, 171, 2, 52.83%, 2, 0, 7, 455.95, 290167, 215, 10, 0
655, 0, 268, 291, 192, 2, 56.27%, 2, 0, 7, 435.58, 292326, 229, 10, 0
660, 0, 268, 293, 194, 2, 56.27%, 2, 0, 7, 445.17, 294574, 229, 10, 0
665, 0, 268, 293, 194, 2, 56.27%, 2, 0, 7, 452.18, 296804, 229, 10, 0
670, 0, 268, 293, 194, 2, 56.27%, 2, 0, 7, 443.42, 299021, 229, 10, 0
675, 0, 268, 294, 195, 2, 56.27%, 2, 0, 7, 465.60, 301521, 229, 10, 0
681, 0, 268, 294, 195, 2, 56.27%, 2, 0, 7, 465.99, 303879, 229, 10, 0
686, 0, 268, 294, 195, 2, 56.27%, 2, 0, 7, 440.10, 306052, 229, 10, 0
691, 0, 268, 294, 195, 2, 56.27%, 2, 0, 7, 444.21, 308308, 229, 10, 0
696, 0, 268, 294, 195, 2, 56.27%, 2, 0, 7, 455.23, 310647, 229, 10, 0
701, 0, 268, 294, 195, 2, 56.27%, 2, 0, 7, 452.14, 312940, 229, 10, 0
706, 0, 268, 294, 195, 2, 56.27%, 2, 0, 7, 443.84, 315284, 229, 10, 0
711, 0, 289, 294, 194, 8, 56.27%, 2, 0, 7, 461.16, 317644, 229, 10, 0
716, 0, 274, 299, 197, 7, 56.27%, 2, 0, 7, 482.71, 320057, 229, 10, 0
721, 0, 299, 300, 196, 6, 56.27%, 2, 0, 7, 472.56, 322480, 229, 10, 0
726, 0, 276, 300, 194, 4, 56.27%, 2, 0, 7, 502.30, 325036, 229, 10, 0
731, 0, 145, 303, 195, 3, 56.27%, 2, 0, 7, 488.26, 327501, 229, 10, 0
736, 0, 127, 303, 193, 2, 56.27%, 2, 0, 7, 433.73, 329673, 229, 10, 0
741, 0, 269, 303, 191, 1, 56.27%, 2, 0, 7, 455.48, 331974, 229, 10, 0
747, 0, 141, 303, 189, 0, 56.27%, 2, 0, 7, 458.03, 334276, 229, 10, 0
752, 0, 287, 303, 187, 0, 56.27%, 2, 0, 7, 455.79, 336637, 229, 10, 0
757, 0, 298, 304, 186, 0, 56.27%, 2, 0, 7, 457.87, 338961, 229, 10, 0
762, 0, 294, 304, 184, 0, 56.27%, 2, 0, 7, 454.89, 341255, 229, 10, 0
767, 0, 305, 306, 186, 1, 56.27%, 2, 0, 7, 473.07, 343655, 229, 10, 0
772, 0, 279, 306, 184, 0, 56.27%, 2, 0, 7, 443.70, 345929, 229, 10, 0
777, 0, 105, 306, 181, 0, 56.27%, 2, 0, 7, 456.67, 348261, 229, 10, 0
782, 0, 267, 306, 178, 0, 56.27%, 2, 0, 7, 438.71, 350468, 229, 10, 0
787, 0, 171, 306, 177, 0, 56.27%, 2, 0, 7, 446.35, 352692, 229, 10, 0
792, 0, 203, 307, 175, 0, 56.27%, 2, 0, 7, 429.30, 354906, 229, 10, 0
797, 0, 301, 307, 172, 0, 56.27%, 2, 0, 7, 438.87, 357126, 229, 10, 0
802, 0, 252, 307, 171, 0, 56.27%, 2, 0, 7, 420.78, 359307, 229, 10, 0
807, 0, 243, 307, 169, 0, 56.27%, 2, 0, 7, 448.72, 361527, 229, 10, 0
812, 0, 299, 307, 168, 0, 56.27%, 2, 0, 7, 465.17, 363846, 229, 10, 0
817, 0, 189, 307, 165, 0, 56.27%, 2, 0, 7, 477.94, 366260, 229, 10, 0
822, 0, 297, 307, 164, 0, 56.27%, 2, 0, 7, 472.37, 368660, 229, 10, 0
828, 1, 68, 308, 163, 0, 56.27%, 3, 0, 7, 470.62, 371108, 229, 11, 0
833, 1, 15, 309, 160, 0, 56.27%, 3, 0, 7, 475.65, 373594, 229, 11, 0
838, 1, 211, 309, 158, 0, 56.27%, 3, 0, 7, 450.93, 375886, 229, 11, 0
843, 1, 40, 310, 156, 0, 56.27%, 3, 0, 7, 438.07, 378156, 229, 11, 0
848, 1, 213, 310, 154, 0, 56.27%, 3, 0, 7, 456.17, 380494, 229, 11, 0
853, 1, 219, 311, 152, 0, 56.27%, 3, 0, 7, 444.96, 382657, 229, 11, 0
858, 1, 288, 311, 150, 0, 56.27%, 3, 0, 7, 458.64, 385017, 229, 11, 0
863, 1, 299, 312, 148, 0, 56.27%, 3, 0, 7, 468.11, 387375, 229, 11, 0
868, 1, 166, 312, 146, 0, 56.27%, 3, 0, 7, 466.61, 389763, 229, 11, 0
873, 1, 166, 326, 160, 0, 56.27%, 3, 0, 7, 443.92, 391937, 229, 11, 0
878, 1, 166, 333, 167, 0, 56.27%, 3, 0, 7, 436.98, 394146, 229, 11, 0
884, 1, 166, 335, 169, 0, 56.27%, 3, 0, 7, 424.18, 396376, 229, 11, 0
889, 1, 166, 336, 170, 0, 56.27%, 3, 0, 7, 453.08, 398665, 229, 11, 0
894, 1, 166, 336, 170, 0, 56.27%, 3, 0, 7, 470.14, 401059, 229, 11, 0
899, 1, 166, 337, 171, 0, 56.27%, 3, 0, 7, 444.40, 403262, 229, 11, 0
904, 1, 323, 337, 169, 0, 56.27%, 3, 0, 7, 450.06, 405540, 229, 11, 0
909, 1, 337, 338, 167, 1, 56.51%, 3, 0, 7, 429.36, 407766, 230, 11, 0
914, 1, 254, 338, 165, 0, 56.51%, 3, 0, 7, 451.44, 410108, 230, 11, 0
919, 1, 238, 338, 163, 0, 56.51%, 3, 0, 7, 442.14, 412384, 230, 11, 0
924, 1, 304, 338, 161, 0, 56.51%, 3, 0, 7, 436.96, 414634, 230, 11, 0
929, 1, 181, 338, 159, 0, 56.51%, 3, 0, 7, 469.08, 417058, 230, 11, 0
935, 1, 335, 338, 156, 0, 56.51%, 3, 0, 7, 450.36, 419311, 230, 11, 0
940, 1, 314, 338, 154, 0, 56.51%, 3, 0, 7, 480.87, 421752, 230, 11, 0
945, 1, 273, 338, 152, 0, 56.51%, 3, 0, 7, 463.56, 424078, 230, 11, 0
950, 1, 267, 339, 150, 0, 56.76%, 3, 0, 7, 462.24, 426439, 231, 11, 0
955, 1, 130, 339, 149, 0, 56.76%, 3, 0, 7, 475.60, 428821, 231, 11, 0
960, 1, 252, 339, 146, 0, 56.76%, 3, 0, 7, 463.67, 431119, 231, 11, 0
965, 1, 38, 339, 145, 0, 56.76%, 3, 0, 7, 456.85, 433408, 231, 11, 0
970, 1, 111, 343, 147, 0, 56.76%, 3, 0, 7, 467.01, 435776, 231, 11, 0
975, 1, 200, 343, 146, 0, 56.76%, 3, 0, 7, 450.74, 438091, 231, 11, 0
980, 1, 342, 344, 145, 0, 56.76%, 3, 0, 7, 463.10, 440476, 231, 11, 0
985, 1, 210, 345, 144, 0, 56.76%, 3, 0, 7, 450.37, 442732, 231, 11, 0
990, 1, 207, 345, 142, 0, 56.76%, 3, 0, 7, 456.80, 445103, 231, 11, 0
995, 1, 283, 345, 139, 0, 56.76%, 3, 0, 7, 456.47, 447384, 231, 11, 0
1000, 1, 237, 346, 138, 0, 56.76%, 3, 0, 7, 466.82, 449749, 231, 11, 0
1005, 1, 341, 347, 137, 0, 56.76%, 3, 0, 7, 453.27, 452068, 231, 11, 0
1011, 1, 326, 347, 136, 0, 56.76%, 3, 0, 7, 454.58, 454348, 231, 11, 0
1016, 1, 221, 349, 137, 0, 56.76%, 3, 0, 7, 465.75, 456723, 231, 11, 0
1021, 1, 281, 349, 134, 0, 56.76%, 3, 0, 7, 464.12, 459066, 231, 11, 0
1026, 1, 170, 351, 135, 0, 57.00%, 3, 0, 7, 455.10, 461378, 232, 11, 0
1031, 1, 349, 353, 136, 1, 57.00%, 3, 0, 7, 476.19, 463815, 232, 11, 0
1036, 1, 353, 355, 134, 1, 57.25%, 3, 0, 7, 466.12, 466152, 233, 11, 0
1041, 1, 353, 356, 133, 0, 57.25%, 3, 0, 7, 462.02, 468483, 233, 11, 0
1046, 1, 270, 357, 133, 0, 57.25%, 3, 0, 7, 456.50, 470775, 233, 11, 0
1051, 1, 333, 357, 131, 0, 57.25%, 3, 0, 7, 450.32, 473059, 233, 11, 0
1056, 1, 312, 357, 130, 0, 57.25%, 3, 0, 7, 451.56, 475309, 233, 11, 0
1061, 1, 33, 358, 128, 0, 57.25%, 3, 0, 7, 509.70, 477878, 233, 11, 0
1066, 1, 112, 358, 126, 0, 57.25%, 3, 0, 7, 465.15, 480294, 233, 11, 0
1071, 1, 150, 358, 124, 0, 57.25%, 3, 0, 7, 447.27, 482565, 233, 11, 0
1076, 1, 339, 359, 122, 0, 57.25%, 3, 0, 7, 452.08, 484832, 233, 11, 0
1081, 1, 328, 360, 121, 0, 57.25%, 3, 0, 7, 462.49, 487162, 233, 11, 0
1087, 1, 347, 360, 119, 0, 57.25%, 3, 0, 7, 471.23, 489623, 233, 11, 0
1092, 1, 357, 360, 117, 0, 57.25%, 3, 0, 7, 466.59, 491955, 233, 11, 0
1097, 1, 222, 360, 116, 0, 57.25%, 3, 0, 7, 475.46, 494264, 233, 11, 0
1102, 1, 154, 360, 113, 0, 57.25%, 3, 0, 7, 455.12, 496521, 233, 11, 0
1107, 1, 241, 360, 110, 0, 57.25%, 3, 0, 7, 446.10, 498767, 233, 11, 0
1112, 1, 251, 360, 108, 0, 57.25%, 3, 0, 7, 467.96, 501100, 233, 11, 0
1117, 1, 218, 360, 106, 0, 57.25%, 3, 0, 7, 428.71, 503225, 233, 12, 0
1122, 1, 332, 360, 104, 0, 57.25%, 3, 0, 7, 440.20, 505569, 233, 12, 0
1127, 1, 325, 360, 103, 0, 57.25%, 3, 0, 7, 507.08, 508228, 233, 12, 0
1132, 1, 299, 361, 100, 0, 57.25%, 3, 0, 7, 495.16, 510698, 233, 12, 0
1137, 1, 39, 361, 99, 0, 57.25%, 3, 0, 7, 463.28, 513042, 233, 12, 0
1143, 1, 306, 362, 98, 0, 57.25%, 3, 0, 7, 456.73, 515401, 233, 12, 0
1148, 1, 220, 362, 96, 0, 57.25%, 3, 0, 7, 459.15, 517747, 233, 12, 0
1153, 1, 294, 362, 93, 0, 57.25%, 3, 0, 7, 462.61, 520076, 233, 12, 0
1158, 1, 172, 362, 92, 0, 57.25%, 3, 0, 7, 481.61, 522463, 233, 12, 0
1163, 1, 334, 363, 89, 0, 57.25%, 3, 0, 7, 457.81, 524815, 233, 12, 0
1168, 1, 162, 365, 90, 0, 57.25%, 3, 0, 7, 461.86, 527229, 233, 12, 0
1173, 1, 96, 365, 87, 0, 57.25%, 3, 0, 7, 457.96, 529555, 233, 12, 0
1178, 1, 243, 366, 85, 0, 57.25%, 4, 0, 7, 463.43, 531894, 233, 13, 0
1183, 1, 232, 366, 83, 0, 57.25%, 4, 0, 7, 448.49, 534144, 233, 13, 0
1188, 1, 331, 366, 81, 0, 57.25%, 4, 0, 7, 449.88, 536509, 233, 13, 0
1193, 1, 254, 366, 77, 0, 57.25%, 4, 0, 7, 467.39, 538919, 233, 13, 0
1198, 1, 199, 366, 75, 0, 57.25%, 4, 0, 7, 453.02, 541203, 233, 13, 0
1204, 1, 188, 366, 74, 0, 57.25%, 4, 0, 7, 468.69, 543580, 233, 13, 0
1209, 1, 206, 367, 71, 0, 57.25%, 4, 0, 7, 468.98, 545907, 233, 13, 0
1214, 1, 157, 367, 69, 0, 57.25%, 4, 0, 7, 446.42, 548192, 233, 13, 0
1219, 1, 457, 458, 159, 16, 61.67%, 4, 0, 7, 462.72, 550603, 251, 13, 0
1224, 1, 457, 458, 159, 16, 61.67%, 4, 0, 7, 457.81, 552939, 251, 13, 0
1229, 1, 374, 458, 156, 13, 61.67%, 4, 0, 7, 483.58, 555381, 251, 13, 0
1234, 1, 450, 458, 154, 11, 61.67%, 4, 0, 7, 462.55, 557803, 251, 13, 0
1239, 1, 372, 458, 152, 11, 61.67%, 4, 0, 7, 439.12, 560013, 251, 13, 0
1244, 1, 409, 458, 149, 8, 61.67%, 4, 0, 7, 460.04, 562333, 251, 13, 0
1249, 1, 387, 458, 147, 6, 61.67%, 4, 0, 7, 454.76, 564658, 251, 13, 0
1254, 1, 454, 458, 145, 4, 61.67%, 4, 0, 7, 444.99, 566885, 251, 13, 0
1259, 1, 458, 465, 151, 4, 61.67%, 4, 0, 7, 446.36, 569151, 251, 13, 0
1265, 1, 438, 465, 149, 2, 61.67%, 4, 0, 7, 461.89, 571525, 251, 13, 0
1270, 1, 116, 465, 146, 1, 61.67%, 4, 0, 7, 451.04, 573802, 251, 13, 0
1275, 1, 327, 465, 145, 1, 61.67%, 4, 0, 7, 439.88, 575975, 251, 13, 0
1280, 1, 295, 465, 144, 0, 61.67%, 4, 0, 7, 456.02, 578318, 251, 13, 0
1285, 1, 296, 465, 141, 0, 61.67%, 4, 0, 7, 467.17, 580721, 251, 13, 0
1290, 1, 461, 465, 138, 0, 61.67%, 4, 0, 7, 473.12, 583076, 251, 13, 0
1295, 1, 456, 465, 136, 0, 61.67%, 4, 0, 7, 458.87, 585335, 251, 13, 0
1300, 1, 175, 465, 134, 0, 61.67%, 4, 0, 7, 459.50, 587658, 251, 13, 0
1305, 1, 414, 465, 132, 0, 61.67%, 4, 0, 7, 457.11, 589954, 251, 13, 0
1310, 1, 185, 465, 130, 0, 61.67%, 4, 0, 7, 454.68, 592271, 251, 13, 0
1315, 1, 197, 465, 127, 0, 61.67%, 4, 0, 7, 470.43, 594680, 251, 13, 0
1320, 1, 348, 465, 124, 0, 61.67%, 4, 0, 7, 469.43, 597032, 251, 13, 0
1325, 1, 394, 465, 123, 0, 61.67%, 4, 0, 7, 467.98, 599316, 251, 13, 0
1330, 1, 462, 465, 120, 0, 61.67%, 4, 0, 7, 437.48, 601520, 251, 13, 0
1335, 1, 449, 465, 119, 0, 61.67%, 4, 0, 7, 450.41, 603865, 251, 13, 0
1341, 1, 439, 465, 117, 0, 61.67%, 4, 0, 7, 477.15, 606335, 251, 13, 0
1346, 1, 75, 465, 114, 0, 61.67%, 4, 0, 7, 462.80, 608669, 251, 13, 0
1351, 1, 431, 465, 112, 0, 61.67%, 4, 0, 7, 456.49, 610958, 251, 13, 0
1356, 1, 340, 466, 112, 0, 61.67%, 4, 0, 7, 417.04, 613092, 251, 13, 0
1361, 1, 148, 466, 110, 0, 61.67%, 4, 0, 7, 424.81, 615230, 251, 13, 0
1366, 1, 321, 466, 108, 0, 61.67%, 4, 0, 7, 459.69, 617576, 251, 13, 0
1371, 1, 420, 466, 105, 0, 61.67%, 4, 0, 7, 456.65, 619899, 251, 13, 0
1376, 1, 129, 466, 102, 0, 61.67%, 4, 0, 7, 445.74, 622093, 251, 13, 0
1381, 1, 463, 466, 100, 0, 61.67%, 4, 0, 7, 457.78, 624453, 251, 13, 0
1386, 1, 383, 466, 98, 0, 61.67%, 4, 0, 7, 443.04, 626725, 251, 13, 0
1391, 1, 427, 466, 96, 0, 61.67%, 4, 0, 7, 468.02, 629148, 251, 13, 0
1396, 2, 3, 466, 94, 0, 61.67%, 4, 0, 7, 446.16, 631373, 251, 13, 0
1401, 2, 410, 466, 93, 0, 61.67%, 4, 0, 7, 452.42, 633657, 251, 13, 0
1406, 2, 446, 466, 91, 0, 61.67%, 4, 0, 7, 450.04, 635980, 251, 13, 0
1412, 2, 128, 466, 89, 0, 61.67%, 4, 0, 7, 446.15, 638238, 251, 13, 0
1417, 2, 254, 466, 88, 0, 61.67%, 4, 0, 7, 423.18, 640343, 251, 13, 0
1422, 2, 252, 466, 87, 0, 61.67%, 4, 0, 7, 421.99, 642523, 251, 14, 0
1427, 2, 315, 466, 85, 0, 61.67%, 4, 0, 7, 431.89, 644751, 251, 14, 0
1432, 2, 455, 466, 84, 0, 61.67%, 5, 0, 7, 446.39, 647025, 251, 16, 0
1437, 2, 252, 467, 84, 0, 62.41%, 5, 0, 7, 456.01, 649337, 254, 17, 0
1442, 2, 140, 467, 83, 0, 62.41%, 5, 0, 7, 434.92, 651570, 254, 17, 0
1447, 2, 361, 467, 82, 0, 62.41%, 5, 0, 7, 422.53, 653714, 254, 17, 0
1452, 2, 358, 467, 80, 0, 62.41%, 5, 0, 7, 443.55, 656037, 254, 17, 0
1457, 2, 442, 467, 78, 0, 62.41%, 5, 0, 7, 447.88, 658363, 254, 17, 0
1462, 2, 217, 467, 76, 0, 62.41%, 5, 0, 7, 445.88, 660608, 254, 17, 0
1467, 2, 413, 467, 73, 0, 62.41%, 5, 0, 7, 455.69, 662872, 254, 17, 0
1472, 2, 392, 467, 70, 0, 62.41%, 5, 0, 7, 454.29, 665177, 254, 17, 0
1477, 2, 332, 467, 68, 0, 62.41%, 5, 0, 7, 459.18, 667451, 254, 17, 0
1482, 2, 353, 467, 66, 0, 62.41%, 5, 0, 7, 461.72, 669849, 254, 17, 0
1488, 2, 254, 467, 65, 0, 62.41%, 5, 0, 7, 432.52, 672016, 254, 17, 0
1493, 2, 317, 467, 63, 0, 62.41%, 6, 0, 7, 435.03, 674209, 254, 18, 0
1498, 2, 159, 467, 61, 0, 62.41%, 6, 0, 7, 438.73, 676470, 254, 18, 0
1503, 2, 464, 467, 60, 0, 62.41%, 6, 0, 7, 432.21, 678647, 254, 18, 0
1508, 2, 408, 467, 58, 0, 62.41%, 6, 0, 7, 439.10, 680831, 254, 18, 0
1513, 2, 388, 467, 57, 0, 62.41%, 6, 0, 7, 422.52, 682958, 254, 23, 0
1518, 2, 365, 468, 58, 0, 62.65%, 7, 0, 7, 445.37, 685223, 255, 28, 0
1523, 2, 349, 468, 56, 0, 62.65%, 7, 0, 7, 454.95, 687481, 255, 29, 0
1528, 2, 364, 468, 54, 0, 62.65%, 7, 0, 7, 454.95, 689712, 255, 29, 0
1533, 2, 34, 468, 53, 0, 62.65%, 7, 0, 7, 450.97, 692103, 255, 29, 0
1538, 2, 302, 468, 49, 0, 62.65%, 7, 0, 7, 448.66, 694363, 255, 29, 0
1543, 2, 236, 468, 47, 0, 62.65%, 7, 0, 7, 445.04, 696618, 255, 29, 0
1548, 2, 352, 468, 46, 0, 62.65%, 7, 0, 7, 441.68, 698857, 255, 29, 0
1554, 2, 380, 468, 45, 0, 62.65%, 7, 0, 7, 443.65, 701119, 255, 29, 0
1559, 2, 434, 468, 43, 0, 62.65%, 7, 0, 7, 452.06, 703407, 255, 29, 0
1564, 2, 452, 468, 41, 0, 62.65%, 7, 0, 7, 415.28, 705489, 255, 29, 0
1569, 2, 324, 468, 39, 0, 62.65%, 7, 0, 7, 436.55, 707799, 255, 29, 0
1574, 2, 251, 468, 37, 0, 62.65%, 7, 0, 7, 448.59, 710042, 255, 29, 0
1579, 2, 195, 468, 37, 0, 62.65%, 7, 0, 7, 456.49, 712391, 255, 29, 0
1584, 2, 320, 468, 34, 0, 62.65%, 8, 0, 7, 461.64, 714752, 255, 31, 0
1589, 2, 94, 468, 32, 0, 62.65%, 8, 0, 7, 435.40, 716924, 255, 31, 0
1594, 2, 391, 468, 31, 0, 62.65%, 8, 0, 7, 461.59, 719309, 255, 32, 0
1599, 2, 165, 468, 30, 0, 62.65%, 8, 0, 7, 454.00, 721598, 255, 32, 0
1604, 2, 441, 468, 28, 0, 62.65%, 8, 0, 7, 467.35, 723988, 255, 32, 0
1610, 2, 409, 468, 26, 0, 62.65%, 8, 0, 7, 466.23, 726321, 255, 32, 0
1615, 2, 398, 469, 26, 0, 62.65%, 8, 0, 7, 437.17, 728578, 255, 32, 0
1620, 2, 412, 469, 24, 0, 62.65%, 8, 0, 7, 456.27, 730869, 255, 32, 0
1625, 2, 107, 469, 22, 0, 62.65%, 8, 0, 7, 446.32, 733142, 255, 32, 0
1630, 2, 251, 469, 22, 0, 62.65%, 8, 0, 7, 446.77, 735424, 255, 32, 0
1635, 2, 444, 469, 22, 0, 62.65%, 8, 0, 7, 423.13, 737597, 255, 32, 0
1640, 2, 345, 469, 20, 0, 62.65%, 8, 0, 7, 460.69, 739896, 255, 32, 0
1645, 2, 66, 469, 19, 0, 62.65%, 8, 0, 7, 443.20, 742102, 255, 33, 0
1650, 2, 365, 469, 19, 0, 62.65%, 8, 0, 7, 460.17, 744461, 255, 35, 0
1655, 2, 122, 469, 19, 0, 62.65%, 8, 0, 7, 456.85, 746733, 255, 39, 0
1660, 2, 294, 469, 17, 0, 62.65%, 8, 0, 7, 483.77, 749123, 255, 39, 0
1665, 2, 468, 469, 16, 0, 62.65%, 8, 0, 7, 467.26, 751485, 255, 43, 0
1670, 3, 35, 481, 26, 0, 63.39%, 8, 0, 7, 460.55, 753834, 258, 43, 0
1675, 3, 478, 481, 25, 3, 63.39%, 8, 0, 7, 445.69, 756101, 258, 43, 0
1680, 3, 188, 481, 22, 1, 63.39%, 8, 0, 7, 461.89, 758448, 258, 43, 0
1686, 3, 177, 481, 21, 0, 63.39%, 8, 0, 7, 450.12, 760717, 258, 43, 0
1691, 3, 212, 481, 20, 0, 63.39%, 8, 0, 7, 456.60, 763023, 258, 44, 0
1696, 3, 435, 481, 20, 0, 63.39%, 8, 0, 7, 465.78, 765367, 258, 44, 0
1701, 3, 165, 481, 18, 0, 63.39%, 8, 0, 7, 486.04, 767846, 258, 44, 0
1706, 3, 332, 481, 17, 0, 63.39%, 9, 0, 7, 472.76, 770171, 258, 46, 0
1711, 3, 191, 481, 16, 0, 63.39%, 9, 0, 7, 454.09, 772427, 258, 46, 0
1716, 3, 386, 481, 16, 0, 63.39%, 9, 0, 7, 473.23, 774837, 258, 46, 0
1721, 3, 332, 481, 16, 0, 63.39%, 9, 0, 7, 468.12, 777174, 258, 47, 0
1726, 3, 393, 481, 15, 0, 63.39%, 9, 0, 7, 466.22, 779461, 258, 47, 0
1731, 3, 474, 481, 13, 0, 63.39%, 9, 0, 7, 473.63, 781889, 258, 47, 0
1736, 3, 480, 481, 13, 0, 63.39%, 9, 0, 7, 471.67, 784262, 258, 50, 0
1741, 3, 467, 481, 12, 0, 63.39%, 10, 0, 7, 466.12, 786557, 258, 53, 0
1746, 3, 414, 481, 11, 0, 63.39%, 10, 0, 7, 434.41, 788716, 258, 53, 0
1751, 3, 389, 481, 10, 0, 63.39%, 10, 0, 7, 437.78, 790975, 258, 55, 0
1756, 3, 407, 481, 9, 0, 63.39%, 10, 0, 7, 438.25, 793125, 258, 57, 0
1761, 3, 447, 481, 8, 0, 63.39%, 10, 0, 7, 446.32, 795374, 258, 61, 0
1766, 3, 392, 481, 7, 0, 63.39%, 10, 0, 7, 460.77, 797762, 258, 61, 0
1772, 3, 189, 481, 7, 0, 63.39%, 10, 0, 7, 450.38, 800044, 258, 61, 0
1777, 3, 294, 481, 7, 0, 63.39%, 10, 0, 7, 436.90, 802204, 258, 61, 0
1782, 3, 92, 482, 7, 0, 63.39%, 10, 0, 7, 451.54, 804601, 258, 61, 0
1787, 3, 161, 482, 7, 0, 63.39%, 10, 0, 7, 451.82, 806932, 258, 61, 0
1792, 3, 394, 482, 6, 0, 63.39%, 10, 0, 7, 460.48, 809251, 258, 61, 0
1797, 3, 299, 482, 6, 0, 63.39%, 11, 0, 7, 460.71, 811555, 258, 64, 0
1802, 3, 35, 482, 5, 0, 63.39%, 11, 0, 7, 459.57, 813869, 258, 64, 0
1804, 3, 467, 482, 5, 0, 63.39%, 11, 0, 7, 456.27, 814814, 258, 64, 0
