# relative_time, cycles_done, cur_item, corpus_count, pending_total, pending_favs, map_size, saved_crashes, saved_hangs, max_depth, execs_per_sec, total_execs, edges_found, total_crashes, servers_count
60, 0, 9, 87, 82, 5, 30.96%, 0, 0, 2, 487.59, 27896, 126, 0, 0
65, 0, 9, 87, 82, 5, 30.96%, 0, 0, 2, 492.51, 30371, 126, 0, 0
70, 0, 9, 88, 83, 5, 30.96%, 0, 0, 2, 453.24, 32610, 126, 0, 0
76, 0, 9, 89, 84, 5, 30.96%, 0, 0, 2, 440.71, 34803, 126, 0, 0
81, 0, 9, 92, 87, 5, 30.96%, 0, 0, 2, 431.74, 36968, 126, 0, 0
86, 0, 9, 92, 87, 5, 30.96%, 0, 0, 2, 453.72, 39298, 126, 0, 0
91, 0, 9, 93, 88, 5, 30.96%, 0, 0, 2, 466.04, 41672, 126, 0, 0
96, 0, 9, 94, 89, 5, 30.96%, 0, 0, 2, 441.55, 43910, 126, 0, 0
101, 0, 9, 94, 89, 5, 30.96%, 0, 0, 2, 419.88, 45998, 126, 0, 0
106, 0, 9, 95, 90, 5, 30.96%, 0, 0, 2, 438.19, 48261, 126, 0, 0
111, 0, 9, 95, 90, 5, 30.96%, 0, 0, 2, 456.50, 50596, 126, 0, 0
116, 0, 9, 97, 92, 5, 31.20%, 0, 0, 2, 422.39, 52731, 127, 0, 0
121, 0, 9, 162, 156, 4, 48.65%, 0, 0, 2, 419.49, 54916, 198, 0, 0
126, 0, 89, 177, 162, 35, 48.65%, 0, 0, 3, 513.82, 57655, 198, 0, 0
131, 0, 136, 189, 173, 34, 48.89%, 0, 0, 3, 460.78, 59996, 199, 0, 0
136, 0, 177, 189, 172, 34, 48.89%, 0, 0, 3, 444.22, 62255, 199, 0, 0
142, 0, 111, 192, 174, 33, 49.14%, 0, 0, 3, 439.02, 64468, 200, 0, 0
147, 0, 3, 192, 172, 31, 49.14%, 0, 0, 3, 455.85, 66776, 200, 0, 0
152, 0, 188, 192, 170, 29, 49.14%, 0, 0, 3, 456.57, 69050, 200, 0, 0
157, 0, 181, 192, 167, 25, 49.14%, 0, 0, 3, 455.81, 71328, 200, 0, 0
162, 0, 192, 199, 173, 25, 49.14%, 0, 0, 3, 424.29, 73422, 200, 0, 0
167, 0, 59, 199, 170, 22, 49.14%, 0, 0, 3, 447.57, 75709, 200, 0, 0
172, 0, 160, 199, 167, 19, 49.14%, 0, 0, 3, 433.11, 77893, 200, 0, 0
177, 0, 160, 216, 184, 19, 49.14%, 0, 0, 3, 461.19, 80226, 200, 0, 0
182, 0, 160, 227, 195, 19, 49.14%, 0, 0, 3, 454.65, 82565, 200, 0, 0
187, 0, 160, 231, 199, 19, 49.14%, 1, 0, 3, 434.06, 84753, 200, 1, 0
192, 0, 160, 233, 201, 19, 49.14%, 1, 0, 3, 450.83, 87055, 200, 2, 0
197, 0, 160, 235, 203, 19, 49.14%, 1, 0, 3, 449.95, 89246, 200, 2, 0
202, 0, 160, 237, 205, 19, 49.14%, 1, 0, 3, 438.33, 91428, 200, 2, 0
207, 0, 160, 238, 206, 19, 49.14%, 1, 0, 3, 450.64, 93691, 200, 2, 0
213, 0, 160, 238, 206, 19, 49.14%, 2, 0, 3, 437.22, 95867, 200, 3, 0
218, 0, 160, 239, 207, 19, 49.14%, 2, 0, 3, 438.26, 98034, 200, 3, 0
223, 0, 160, 241, 209, 19, 49.14%, 2, 0, 3, 422.20, 100184, 200, 3, 0
228, 0, 160, 243, 211, 19, 49.14%, 2, 0, 3, 443.75, 102430, 200, 3, 0
233, 0, 160, 245, 213, 19, 49.14%, 2, 0, 3, 444.28, 104700, 200, 3, 0
238, 0, 160, 245, 213, 19, 49.14%, 2, 0, 3, 441.61, 106900, 200, 3, 0
243, 0, 160, 246, 214, 19, 49.14%, 2, 0, 3, 441.09, 109123, 200, 3, 0
248, 0, 160, 247, 215, 19, 49.14%, 2, 0, 3, 458.28, 111425, 200, 4, 0
253, 0, 160, 247, 215, 19, 49.14%, 2, 0, 3, 430.36, 113594, 200, 4, 0
258, 0, 160, 247, 215, 19, 49.14%, 2, 0, 3, 411.34, 115586, 200, 4, 0
263, 0, 160, 247, 215, 19, 49.14%, 2, 0, 3, 423.69, 117754, 200, 5, 0
268, 0, 160, 247, 215, 19, 49.14%, 2, 0, 3, 409.19, 119810, 200, 5, 0
273, 0, 160, 247, 215, 19, 49.14%, 2, 0, 3, 416.37, 121970, 200, 5, 0
278, 0, 160, 247, 215, 19, 49.14%, 2, 0, 3, 415.09, 124042, 200, 6, 0
283, 0, 160, 250, 218, 19, 49.88%, 2, 0, 3, 424.34, 126135, 203, 6, 0
288, 0, 160, 250, 218, 19, 49.88%, 2, 0, 3, 455.28, 128510, 203, 6, 0
293, 0, 160, 251, 219, 19, 49.88%, 2, 0, 3, 433.18, 130646, 203, 6, 0
299, 0, 191, 255, 222, 19, 49.88%, 2, 0, 4, 424.26, 132850, 203, 6, 0
304, 0, 107, 255, 220, 18, 49.88%, 2, 0, 4, 433.03, 135095, 203, 6, 0
309, 0, 110, 265, 229, 17, 50.86%, 2, 0, 4, 446.78, 137420, 207, 6, 0
314, 0, 110, 270, 234, 17, 50.86%, 2, 0, 4, 465.78, 139734, 207, 6, 0
319, 0, 110, 270, 234, 17, 50.86%, 2, 0, 4, 436.96, 141962, 207, 6, 0
324, 0, 110, 270, 234, 17, 50.86%, 2, 0, 4, 441.01, 144226, 207, 6, 0
329, 0, 110, 271, 235, 17, 50.86%, 2, 0, 4, 445.31, 146449, 207, 6, 0
334, 0, 110, 272, 236, 17, 50.86%, 2, 0, 4, 475.29, 149000, 207, 6, 0
339, 0, 110, 272, 236, 17, 50.86%, 2, 0, 4, 470.29, 151340, 207, 6, 0
344, 0, 110, 272, 236, 17, 50.86%, 2, 0, 4, 455.47, 153626, 207, 6, 0
349, 0, 110, 272, 236, 17, 50.86%, 2, 0, 4, 447.61, 155832, 207, 6, 0
354, 0, 110, 272, 236, 17, 50.86%, 2, 0, 4, 453.03, 158112, 207, 6, 0
359, 0, 110, 272, 236, 17, 50.86%, 2, 0, 4, 459.63, 160439, 207, 6, 0
364, 0, 110, 272, 236, 17, 50.86%, 2, 0, 4, 444.08, 162680, 207, 6, 0
370, 0, 110, 272, 236, 17, 50.86%, 2, 0, 4, 452.93, 165002, 207, 6, 0
375, 0, 266, 272, 235, 18, 50.86%, 2, 0, 4, 475.56, 167411, 207, 6, 0
380, 0, 257, 272, 233, 16, 50.86%, 2, 0, 4, 459.17, 169683, 207, 6, 0
385, 0, 257, 287, 248, 16, 51.11%, 2, 0, 4, 480.98, 172093, 208, 6, 0
390, 0, 257, 287, 248, 16, 51.11%, 2, 0, 4, 433.49, 174307, 208, 6, 0
395, 0, 257, 288, 249, 16, 51.11%, 2, 0, 4, 444.18, 176537, 208, 6, 0
400, 0, 257, 291, 252, 16, 51.11%, 2, 0, 4, 444.86, 178775, 208, 6, 0
405, 0, 257, 291, 252, 16, 51.11%, 2, 0, 4, 439.52, 180959, 208, 6, 0
410, 0, 257, 292, 253, 16, 51.11%, 3, 0, 4, 450.54, 183270, 208, 7, 0
415, 0, 257, 292, 253, 16, 51.11%, 3, 0, 4, 443.38, 185550, 208, 7, 0
420, 0, 257, 294, 255, 16, 51.11%, 3, 0, 4, 443.20, 187724, 208, 7, 0
425, 0, 257, 294, 255, 16, 51.11%, 3, 0, 4, 458.08, 190160, 208, 7, 0
430, 0, 257, 294, 255, 16, 51.11%, 3, 0, 4, 442.03, 192364, 208, 7, 0
435, 0, 257, 295, 256, 16, 51.11%, 3, 0, 4, 469.24, 194793, 208, 7, 0
440, 0, 257, 295, 256, 16, 51.11%, 3, 0, 4, 469.08, 197205, 208, 7, 0
445, 0, 257, 295, 256, 16, 51.11%, 3, 0, 4, 421.95, 199307, 208, 7, 0
450, 0, 257, 295, 256, 16, 51.11%, 3, 0, 4, 435.53, 201571, 208, 7, 0
455, 0, 257, 296, 257, 16, 51.11%, 3, 0, 4, 447.85, 203872, 208, 7, 0
460, 0, 257, 297, 258, 16, 51.11%, 3, 0, 4, 457.37, 206192, 208, 7, 0
466, 0, 257, 297, 258, 16, 51.11%, 3, 0, 4, 464.70, 208586, 208, 7, 0
471, 0, 103, 298, 258, 17, 51.11%, 3, 0, 4, 463.27, 210899, 208, 7, 0
476, 0, 299, 306, 264, 16, 51.11%, 3, 0, 4, 454.95, 213225, 208, 7, 0
481, 0, 297, 308, 265, 15, 51.11%, 3, 0, 4, 454.36, 215523, 208, 7, 0
486, 0, 297, 309, 266, 15, 51.11%, 3, 0, 4, 436.32, 217698, 208, 7, 0
491, 0, 297, 310, 267, 15, 51.11%, 3, 0, 4, 465.51, 219990, 208, 7, 0
496, 0, 155, 310, 266, 14, 51.11%, 3, 0, 4, 434.87, 222145, 208, 7, 0
501, 0, 280, 311, 265, 12, 51.11%, 3, 0, 4, 447.07, 224415, 208, 7, 0
506, 0, 247, 312, 264, 10, 51.11%, 3, 0, 4, 440.21, 226647, 208, 7, 0
511, 0, 263, 312, 260, 6, 51.11%, 3, 0, 4, 449.29, 228913, 208, 7, 0
516, 0, 109, 313, 257, 3, 51.35%, 3, 0, 4, 430.25, 231068, 209, 7, 0
521, 0, 67, 315, 257, 2, 51.35%, 3, 0, 4, 449.15, 233388, 209, 7, 0
526, 0, 297, 315, 254, 0, 51.35%, 3, 0, 4, 442.97, 235619, 209, 7, 0
531, 0, 23, 315, 253, 0, 51.35%, 3, 0, 4, 446.40, 237820, 209, 7, 0
536, 0, 143, 315, 252, 0, 51.35%, 3, 0, 4, 430.35, 239998, 209, 7, 0
542, 0, 170, 315, 249, 0, 51.35%, 3, 0, 4, 449.67, 242338, 209, 7, 0
547, 0, 177, 316, 247, 0, 51.35%, 3, 0, 4, 445.24, 244599, 209, 7, 0
552, 0, 198, 316, 243, 0, 51.35%, 3, 0, 4, 427.31, 246776, 209, 7, 0
557, 0, 102, 316, 242, 0, 51.35%, 3, 0, 4, 440.91, 249039, 209, 7, 0
562, 0, 238, 316, 240, 0, 51.35%, 3, 0, 4, 428.96, 251227, 209, 7, 0
567, 0, 185, 316, 237, 0, 51.35%, 3, 0, 4, 420.07, 253326, 209, 7, 0
572, 0, 256, 316, 234, 0, 51.35%, 3, 0, 4, 453.10, 255650, 209, 7, 0
577, 0, 317, 318, 234, 1, 51.35%, 3, 0, 4, 442.75, 257865, 209, 7, 0
582, 0, 17, 318, 230, 0, 51.35%, 3, 0, 4, 430.37, 260036, 209, 7, 0
587, 0, 192, 319, 228, 0, 51.35%, 3, 0, 4, 448.08, 262323, 209, 7, 0
592, 0, 104, 319, 226, 0, 51.35%, 3, 0, 4, 468.81, 264702, 209, 7, 0
597, 0, 266, 319, 224, 0, 51.35%, 3, 0, 4, 463.36, 267019, 209, 7, 0
602, 0, 167, 319, 222, 0, 51.35%, 3, 0, 4, 439.40, 269235, 209, 7, 0
607, 0, 317, 320, 221, 0, 51.35%, 3, 0, 4, 426.15, 271351, 209, 7, 0
612, 0, 28, 320, 220, 0, 51.35%, 3, 0, 4, 434.32, 273593, 209, 7, 0
617, 0, 270, 320, 217, 0, 51.35%, 3, 0, 4, 417.89, 275741, 209, 7, 0
622, 0, 186, 320, 214, 0, 51.35%, 3, 0, 4, 435.48, 277970, 209, 7, 0
627, 0, 199, 320, 212, 0, 51.35%, 3, 0, 4, 416.49, 280094, 209, 7, 0
632, 0, 177, 320, 208, 0, 51.35%, 3, 0, 4, 436.64, 282278, 209, 7, 0
637, 0, 273, 320, 207, 0, 51.35%, 3, 0, 4, 427.73, 284438, 209, 7, 0
643, 0, 147, 321, 206, 0, 51.35%, 3, 0, 4, 407.72, 286624, 209, 7, 0
648, 0, 297, 322, 206, 0, 51.35%, 3, 0, 4, 308.63, 288043, 209, 7, 0
653, 0, 239, 323, 205, 0, 51.35%, 3, 0, 4, 299.24, 289543, 209, 7, 0
658, 0, 220, 323, 203, 0, 51.35%, 3, 0, 4, 297.66, 291012, 209, 7, 0
663, 0, 258, 323, 202, 0, 51.35%, 3, 0, 4, 321.49, 292637, 209, 7, 0
668, 0, 276, 323, 200, 0, 51.35%, 3, 0, 4, 297.26, 294159, 209, 7, 0
673, 0, 305, 323, 199, 0, 51.35%, 3, 0, 4, 281.00, 295566, 209, 7, 0
678, 0, 291, 323, 197, 0, 51.35%, 3, 0, 4, 314.85, 297206, 209, 7, 0
684, 0, 203, 323, 196, 0, 51.35%, 3, 0, 4, 299.58, 298721, 209, 7, 0
689, 0, 253, 323, 195, 0, 51.35%, 3, 0, 4, 286.52, 300157, 209, 7, 0
694, 0, 242, 323, 195, 0, 51.35%, 3, 0, 4, 300.60, 301676, 209, 7, 0
699, 0, 321, 323, 194, 0, 51.35%, 3, 0, 4, 313.95, 303229, 209, 7, 0
704, 0, 307, 323, 193, 0, 51.35%, 3, 0, 4, 341.29, 304949, 209, 7, 0
709, 0, 284, 323, 191, 0, 51.35%, 3, 0, 4, 403.65, 307067, 209, 7, 0
714, 0, 58, 323, 190, 0, 51.35%, 3, 0, 4, 385.03, 309022, 209, 7, 0
719, 0, 135, 324, 189, 0, 51.35%, 3, 0, 4, 362.95, 310860, 209, 7, 0
724, 0, 324, 325, 189, 1, 51.60%, 3, 0, 4, 375.59, 312773, 210, 7, 0
729, 0, 326, 328, 191, 1, 57.49%, 3, 0, 5, 366.19, 314638, 234, 7, 0
735, 0, 214, 328, 189, 0, 57.49%, 3, 0, 5, 362.52, 316477, 234, 7, 0
740, 0, 109, 328, 186, 0, 57.49%, 3, 0, 5, 358.96, 318327, 234, 7, 0
745, 0, 174, 328, 183, 0, 57.49%, 3, 0, 5, 348.49, 320152, 234, 7, 0
750, 0, 222, 329, 183, 0, 57.49%, 3, 0, 5, 356.81, 321956, 234, 7, 0
755, 0, 237, 329, 182, 0, 57.49%, 3, 0, 5, 329.98, 323739, 234, 7, 0
760, 1, 301, 329, 180, 0, 57.49%, 3, 0, 5, 325.47, 325371, 234, 7, 0
765, 1, 138, 329, 179, 0, 57.49%, 3, 0, 5, 334.48, 327082, 234, 7, 0
770, 1, 90, 329, 175, 0, 57.49%, 3, 0, 5, 331.01, 328846, 234, 7, 0
776, 1, 118, 329, 173, 0, 57.49%, 3, 0, 5, 341.71, 330567, 234, 7, 0
781, 1, 234, 329, 171, 0, 57.49%, 3, 0, 5, 392.39, 332587, 234, 7, 0
786, 1, 283, 329, 166, 0, 57.49%, 3, 0, 5, 412.62, 334740, 234, 7, 0
791, 1, 329, 330, 162, 1, 57.74%, 3, 0, 5, 460.71, 337135, 235, 7, 0
796, 1, 195, 332, 161, 0, 58.23%, 3, 0, 5, 433.29, 339321, 237, 7, 0
801, 1, 333, 334, 160, 1, 58.23%, 3, 0, 5, 447.01, 341597, 237, 7, 0
806, 1, 333, 346, 172, 1, 58.23%, 3, 0, 6, 427.27, 343713, 237, 7, 0
811, 1, 333, 350, 176, 1, 58.23%, 3, 0, 6, 433.16, 345933, 237, 7, 0
816, 1, 333, 353, 179, 1, 58.23%, 3, 0, 6, 463.32, 348283, 237, 7, 0
821, 1, 333, 356, 182, 1, 58.23%, 3, 0, 6, 446.31, 350503, 237, 7, 0
826, 1, 333, 361, 187, 1, 58.23%, 3, 0, 6, 455.78, 352794, 237, 7, 0
831, 1, 333, 362, 188, 1, 58.23%, 3, 0, 6, 451.23, 355051, 237, 7, 0
836, 1, 249, 362, 185, 0, 58.23%, 3, 0, 6, 465.61, 357430, 237, 7, 0
841, 1, 320, 362, 183, 0, 58.23%, 3, 0, 6, 487.00, 359911, 237, 7, 0
847, 1, 361, 362, 181, 0, 58.23%, 3, 0, 6, 493.18, 362396, 237, 7, 0
852, 1, 252, 363, 179, 0, 58.23%, 3, 0, 6, 479.70, 364773, 237, 7, 0
857, 1, 230, 363, 175, 0, 58.23%, 3, 0, 6, 453.14, 366984, 237, 7, 0
862, 1, 355, 367, 178, 0, 58.48%, 3, 0, 7, 484.10, 369409, 238, 7, 0
867, 1, 355, 374, 185, 0, 58.48%, 3, 0, 7, 476.96, 371861, 238, 7, 0
872, 1, 355, 378, 189, 0, 58.48%, 3, 0, 7, 494.42, 374454, 238, 7, 0
877, 1, 355, 380, 191, 0, 58.48%, 3, 0, 7, 457.33, 376745, 238, 7, 0
882, 1, 355, 380, 191, 0, 58.48%, 3, 0, 7, 457.97, 379085, 238, 7, 0
887, 1, 355, 381, 192, 0, 58.48%, 3, 0, 7, 471.33, 381441, 238, 7, 0
892, 1, 365, 381, 191, 2, 58.48%, 3, 0, 7, 466.61, 383820, 238, 7, 0
897, 1, 341, 382, 190, 0, 58.48%, 3, 0, 8, 451.53, 386087, 238, 7, 0
902, 1, 365, 385, 192, 0, 58.48%, 3, 0, 8, 450.92, 388358, 238, 7, 0
907, 1, 297, 385, 191, 0, 58.48%, 3, 0, 8, 422.70, 390488, 238, 7, 0
912, 1, 297, 386, 191, 0, 58.48%, 3, 0, 8, 458.76, 392853, 238, 7, 0
918, 1, 348, 386, 189, 0, 58.48%, 3, 0, 8, 461.24, 395124, 238, 7, 0
923, 1, 360, 386, 186, 0, 58.48%, 3, 0, 8, 470.37, 397552, 238, 7, 0
928, 1, 243, 386, 184, 0, 58.48%, 3, 0, 8, 451.64, 399790, 238, 7, 0
933, 1, 358, 386, 183, 0, 58.48%, 3, 0, 8, 458.27, 402152, 238, 7, 0
938, 1, 336, 386, 180, 0, 58.48%, 3, 0, 8, 464.67, 404494, 238, 8, 0
943, 1, 88, 386, 179, 0, 58.48%, 3, 0, 8, 430.86, 406632, 238, 8, 0
948, 1, 379, 386, 176, 0, 58.48%, 3, 0, 8, 465.92, 409044, 238, 8, 0
953, 1, 127, 386, 174, 0, 58.48%, 3, 0, 8, 467.61, 411348, 238, 8, 0
958, 1, 351, 386, 172, 0, 58.48%, 3, 0, 8, 441.35, 413503, 238, 8, 0
963, 1, 126, 386, 169, 0, 58.48%, 3, 0, 8, 453.59, 415786, 238, 8, 0
968, 1, 248, 386, 167, 0, 58.48%, 3, 0, 8, 437.88, 417968, 238, 8, 0
973, 1, 354, 386, 164, 0, 58.48%, 3, 0, 8, 423.81, 420126, 238, 8, 0
978, 1, 369, 386, 163, 0, 58.48%, 3, 0, 8, 446.82, 422459, 238, 8, 0
983, 1, 208, 386, 160, 0, 58.48%, 3, 0, 8, 460.58, 424755, 238, 8, 0
988, 1, 228, 386, 157, 0, 58.48%, 3, 0, 8, 454.59, 427034, 238, 8, 0
993, 1, 145, 386, 155, 0, 58.48%, 3, 0, 8, 473.93, 429374, 238, 8, 0
998, 1, 357, 386, 152, 0, 58.48%, 3, 0, 8, 446.87, 431603, 238, 8, 0
1003, 1, 8, 387, 151, 0, 58.48%, 3, 0, 8, 466.43, 433965, 238, 8, 0
1008, 1, 368, 387, 149, 0, 58.48%, 3, 0, 8, 466.10, 436301, 238, 8, 0
1013, 1, 100, 387, 147, 0, 58.48%, 3, 0, 8, 456.11, 438584, 238, 8, 0
1018, 1, 70, 387, 144, 0, 58.48%, 3, 0, 8, 452.22, 440866, 238, 8, 0
1024, 1, 139, 387, 140, 0, 58.48%, 3, 0, 8, 441.07, 443170, 238, 8, 0
1029, 1, 372, 387, 137, 0, 58.48%, 3, 0, 8, 446.95, 445442, 238, 8, 0
1034, 1, 378, 387, 136, 0, 58.48%, 3, 0, 8, 442.55, 447770, 238, 8, 0
1039, 1, 193, 387, 133, 0, 58.48%, 3, 0, 8, 420.08, 449934, 238, 8, 0
1044, 1, 274, 387, 130, 0, 58.48%, 3, 0, 8, 433.54, 452228, 238, 8, 0
1049, 1, 236, 387, 127, 0, 58.48%, 3, 0, 8, 427.55, 454410, 238, 8, 0
1054, 1, 370, 387, 125, 0, 58.48%, 3, 0, 8, 435.02, 456617, 238, 8, 0
1059, 1, 349, 387, 121, 0, 58.48%, 3, 0, 8, 484.27, 459065, 238, 8, 0
1064, 1, 288, 387, 119, 0, 58.48%, 3, 0, 8, 455.84, 461316, 238, 8, 0
1070, 1, 211, 387, 115, 0, 58.48%, 3, 0, 8, 466.86, 463689, 238, 8, 0
1075, 1, 184, 388, 113, 0, 58.48%, 3, 0, 8, 465.11, 466026, 238, 8, 0
1080, 1, 60, 388, 111, 0, 58.48%, 3, 0, 8, 462.46, 468332, 238, 8, 0
1085, 1, 373, 389, 111, 0, 58.48%, 3, 0, 8, 439.41, 470545, 238, 8, 0
1090, 1, 304, 389, 108, 0, 58.48%, 3, 0, 8, 437.49, 472751, 238, 8, 0
1095, 1, 322, 390, 107, 0, 58.48%, 3, 0, 8, 456.93, 475104, 238, 8, 0
1100, 1, 353, 390, 104, 0, 58.48%, 3, 0, 8, 478.98, 477554, 238, 8, 0
1105, 1, 154, 390, 101, 0, 58.48%, 3, 0, 8, 464.12, 479899, 238, 8, 0
1110, 1, 236, 390, 98, 0, 58.48%, 3, 0, 8, 455.87, 482187, 238, 8, 0
1115, 1, 337, 390, 97, 0, 58.48%, 3, 0, 8, 428.45, 484400, 238, 8, 0
1120, 1, 187, 390, 94, 0, 58.48%, 3, 0, 8, 429.24, 486570, 238, 8, 0
1126, 1, 286, 390, 92, 0, 58.48%, 3, 0, 8, 421.14, 488755, 238, 8, 0
1131, 1, 125, 391, 91, 0, 58.48%, 3, 0, 8, 466.21, 491118, 238, 8, 0
1136, 1, 277, 391, 89, 0, 58.48%, 3, 0, 8, 442.34, 493398, 238, 8, 0
1141, 1, 205, 391, 85, 0, 58.48%, 3, 0, 8, 453.66, 495693, 238, 8, 0
1146, 1, 367, 391, 83, 0, 58.48%, 3, 0, 8, 452.63, 497984, 238, 8, 0
1151, 1, 221, 392, 82, 0, 58.48%, 3, 0, 8, 426.08, 500112, 238, 8, 0
1156, 1, 271, 392, 79, 0, 58.48%, 3, 0, 8, 421.07, 502244, 238, 8, 0
1161, 1, 364, 392, 77, 0, 58.48%, 3, 0, 8, 411.87, 504308, 238, 8, 0
1166, 1, 339, 392, 75, 0, 58.48%, 3, 0, 8, 413.79, 506438, 238, 8, 0
1171, 1, 177, 392, 73, 0, 58.48%, 3, 0, 8, 432.25, 508703, 238, 8, 0
1176, 1, 93, 392, 71, 0, 58.48%, 3, 0, 8, 437.18, 510909, 238, 8, 0
1181, 1, 371, 392, 70, 0, 58.48%, 3, 0, 8, 434.97, 513132, 238, 8, 0
1186, 1, 164, 393, 69, 0, 58.48%, 3, 0, 8, 432.54, 515379, 238, 8, 0
1191, 1, 250, 393, 66, 0, 58.48%, 3, 0, 8, 448.45, 517698, 238, 8, 0
1197, 1, 175, 393, 64, 0, 58.48%, 3, 0, 8, 439.54, 519941, 238, 8, 0
1202, 1, 328, 393, 63, 0, 58.48%, 3, 0, 8, 431.20, 522184, 238, 8, 0
1207, 1, 290, 396, 64, 0, 58.72%, 3, 0, 8, 428.27, 524378, 239, 8, 0
1212, 1, 219, 396, 62, 0, 58.72%, 3, 0, 8, 440.50, 526620, 239, 8, 0
1217, 1, 383, 396, 60, 0, 58.72%, 3, 0, 8, 446.05, 528855, 239, 8, 0
1222, 1, 362, 396, 57, 0, 58.72%, 3, 0, 8, 440.95, 531058, 239, 8, 0
1227, 1, 280, 396, 54, 0, 58.72%, 3, 0, 8, 452.34, 533350, 239, 8, 0
1232, 1, 235, 396, 53, 0, 58.72%, 3, 0, 8, 437.35, 535562, 239, 8, 0
1237, 1, 384, 396, 52, 0, 58.72%, 3, 0, 8, 418.99, 537721, 239, 8, 0
1242, 1, 130, 396, 49, 0, 58.72%, 4, 0, 8, 468.37, 540081, 239, 9, 0
1247, 1, 109, 396, 46, 0, 58.72%, 4, 0, 8, 448.44, 542330, 239, 9, 0
1252, 2, 459, 476, 125, 17, 61.92%, 4, 0, 8, 448.45, 544568, 252, 9, 0
1257, 2, 405, 476, 123, 15, 61.92%, 5, 0, 8, 451.87, 546888, 252, 10, 0
1262, 2, 456, 476, 120, 12, 61.92%, 5, 0, 8, 463.91, 549271, 252, 10, 0
1267, 2, 456, 476, 120, 12, 61.92%, 5, 0, 8, 423.84, 551390, 252, 10, 0
1272, 2, 426, 476, 118, 10, 61.92%, 5, 0, 8, 430.04, 553562, 252, 10, 0
1278, 2, 475, 476, 116, 8, 61.92%, 5, 0, 8, 425.55, 555694, 252, 10, 0
1283, 2, 447, 476, 115, 7, 61.92%, 5, 0, 8, 435.44, 557935, 252, 10, 0
1288, 2, 400, 476, 114, 6, 61.92%, 5, 0, 8, 427.18, 560135, 252, 10, 0
1293, 2, 437, 476, 112, 4, 61.92%, 5, 0, 8, 442.61, 562393, 252, 10, 0
1298, 2, 449, 476, 109, 1, 61.92%, 7, 0, 8, 452.95, 564726, 252, 12, 0
1303, 2, 474, 476, 107, 0, 61.92%, 7, 0, 8, 452.06, 567095, 252, 12, 0
1308, 2, 318, 476, 105, 0, 61.92%, 7, 0, 8, 464.17, 569394, 252, 13, 0
1313, 2, 412, 476, 104, 0, 61.92%, 7, 0, 8, 432.95, 571563, 252, 13, 0
1318, 2, 469, 476, 102, 0, 61.92%, 7, 0, 8, 441.46, 573778, 252, 13, 0
1323, 2, 425, 476, 100, 0, 61.92%, 7, 0, 8, 466.92, 576161, 252, 13, 0
1328, 2, 343, 476, 98, 0, 61.92%, 7, 0, 8, 446.08, 578379, 252, 13, 0
1333, 2, 398, 476, 96, 0, 61.92%, 7, 0, 8, 448.83, 580657, 252, 13, 0
1339, 2, 344, 476, 94, 0, 61.92%, 7, 0, 8, 437.74, 582947, 252, 13, 0
1344, 2, 356, 476, 92, 0, 61.92%, 7, 0, 8, 463.97, 585282, 252, 13, 0
1349, 2, 440, 476, 89, 0, 61.92%, 7, 0, 8, 444.91, 587546, 252, 13, 0
1354, 2, 267, 476, 87, 0, 61.92%, 7, 0, 8, 452.05, 589926, 252, 13, 0
1359, 2, 24, 476, 84, 0, 61.92%, 7, 0, 8, 458.12, 592314, 252, 13, 0
1364, 2, 463, 476, 82, 0, 61.92%, 7, 0, 8, 458.86, 594613, 252, 13, 0
1369, 2, 438, 476, 81, 0, 61.92%, 7, 0, 8, 458.52, 597004, 252, 13, 0
1374, 2, 403, 476, 79, 0, 61.92%, 8, 0, 8, 468.93, 599405, 252, 14, 0
1379, 2, 395, 476, 77, 0, 61.92%, 8, 0, 8, 472.03, 601729, 252, 14, 0
1385, 2, 405, 476, 74, 0, 61.92%, 8, 0, 8, 440.54, 603968, 252, 14, 0
1390, 2, 433, 476, 73, 0, 61.92%, 8, 0, 8, 441.84, 606286, 252, 16, 0
1395, 2, 420, 476, 72, 0, 61.92%, 9, 0, 8, 450.61, 608554, 252, 20, 0
1400, 2, 407, 476, 70, 0, 61.92%, 9, 0, 8, 457.63, 610890, 252, 20, 0
1405, 2, 434, 476, 68, 0, 61.92%, 9, 0, 8, 455.76, 613193, 252, 20, 0
1410, 2, 377, 476, 65, 0, 61.92%, 10, 0, 8, 467.54, 615597, 252, 21, 0
1415, 2, 475, 476, 63, 0, 61.92%, 10, 0, 8, 483.13, 618046, 252, 23, 0
1420, 2, 415, 476, 62, 0, 61.92%, 10, 0, 8, 467.40, 620354, 252, 24, 0
1425, 2, 162, 476, 60, 0, 61.92%, 10, 0, 8, 445.42, 622645, 252, 25, 0
1430, 2, 215, 476, 57, 0, 61.92%, 10, 0, 8, 451.90, 625000, 252, 25, 0
1435, 2, 429, 476, 55, 0, 61.92%, 10, 0, 8, 479.76, 627506, 252, 25, 0
1440, 2, 437, 476, 53, 0, 61.92%, 10, 0, 8, 474.32, 629863, 252, 25, 0
1446, 2, 381, 476, 52, 0, 61.92%, 10, 0, 8, 505.45, 632398, 252, 25, 0
1451, 2, 103, 476, 49, 0, 61.92%, 10, 0, 8, 478.61, 634840, 252, 25, 0
1456, 2, 200, 476, 48, 0, 61.92%, 11, 0, 8, 466.93, 637217, 252, 27, 0
1461, 2, 475, 476, 47, 0, 61.92%, 11, 0, 8, 474.33, 639592, 252, 28, 0
1466, 2, 13, 476, 47, 0, 61.92%, 11, 0, 8, 443.97, 641769, 252, 28, 0
1471, 2, 427, 476, 46, 0, 61.92%, 11, 0, 8, 446.44, 644075, 252, 30, 0
1476, 2, 306, 476, 44, 0, 61.92%, 11, 0, 8, 460.62, 646356, 252, 31, 0
1481, 2, 177, 476, 42, 0, 61.92%, 11, 0, 8, 469.79, 648694, 252, 31, 0
1486, 2, 449, 476, 40, 0, 61.92%, 11, 0, 8, 455.82, 651099, 252, 31, 0
1492, 2, 424, 476, 39, 0, 61.92%, 11, 0, 8, 475.82, 653589, 252, 32, 0
1497, 2, 329, 476, 37, 0, 61.92%, 11, 0, 8, 466.30, 655900, 252, 35, 0
1502, 2, 450, 476, 36, 0, 61.92%, 11, 0, 8, 470.87, 658316, 252, 37, 0
1507, 2, 329, 476, 34, 0, 61.92%, 11, 0, 8, 461.11, 660650, 252, 38, 0
1512, 2, 189, 476, 33, 0, 61.92%, 11, 0, 8, 446.34, 662922, 252, 38, 0
1517, 2, 460, 476, 31, 0, 61.92%, 11, 0, 8, 471.65, 665322, 252, 40, 0
1522, 2, 177, 476, 30, 0, 61.92%, 11, 0, 8, 451.65, 667685, 252, 41, 0
1527, 2, 376, 476, 29, 0, 61.92%, 11, 0, 8, 452.57, 669941, 252, 41, 0
1532, 2, 266, 476, 27, 0, 61.92%, 11, 0, 8, 462.35, 672222, 252, 41, 0
1537, 2, 180, 476, 26, 0, 61.92%, 11, 0, 8, 473.24, 674664, 252, 41, 0
1542, 2, 405, 476, 24, 0, 61.92%, 11, 0, 8, 470.33, 677085, 252, 41, 0
1547, 2, 359, 477, 24, 0, 61.92%, 11, 0, 8, 452.30, 679339, 252, 41, 0
1552, 2, 418, 477, 24, 0, 61.92%, 11, 0, 8, 467.22, 681687, 252, 41, 0
1558, 2, 423, 477, 22, 0, 61.92%, 11, 0, 8, 462.63, 684032, 252, 41, 0
1563, 2, 266, 477, 21, 0, 61.92%, 11, 0, 8, 432.92, 686136, 252, 41, 0
1568, 2, 447, 477, 19, 0, 61.92%, 11, 0, 8, 447.04, 688378, 252, 41, 0
1573, 2, 414, 477, 17, 0, 61.92%, 11, 0, 8, 438.12, 690647, 252, 41, 0
1578, 2, 177, 477, 17, 0, 61.92%, 11, 0, 8, 460.37, 692936, 252, 41, 0
1583, 3, 482, 486, 25, 2, 63.64%, 11, 0, 8, 466.62, 695261, 259, 41, 0
1588, 3, 483, 486, 24, 1, 63.64%, 11, 0, 8, 441.22, 697558, 259, 41, 0
1593, 3, 266, 486, 23, 0, 63.64%, 11, 0, 8, 458.85, 699867, 259, 41, 0
1598, 3, 470, 486, 22, 0, 63.64%, 11, 0, 8, 444.25, 702096, 259, 42, 0
1603, 3, 380, 486, 22, 0, 63.64%, 11, 0, 8, 426.99, 704258, 259, 42, 0
1608, 3, 461, 486, 20, 0, 63.64%, 11, 0, 8, 435.54, 706499, 259, 44, 0
1613, 3, 436, 486, 20, 0, 63.64%, 11, 0, 8, 442.11, 708751, 259, 49, 0
1618, 3, 257, 486, 18, 0, 63.64%, 11, 0, 8, 452.52, 711092, 259, 52, 0
1623, 3, 476, 486, 18, 0, 63.64%, 11, 0, 8, 431.49, 713272, 259, 56, 0
1629, 3, 376, 486, 17, 0, 63.64%, 11, 0, 8, 441.31, 715497, 259, 56, 0
1634, 3, 389, 486, 16, 0, 63.64%, 11, 0, 8, 457.70, 717812, 259, 56, 0
1639, 3, 327, 486, 16, 0, 63.64%, 11, 0, 8, 447.85, 720107, 259, 56, 0
1644, 3, 376, 486, 14, 0, 63.64%, 11, 0, 8, 449.20, 722380, 259, 56, 0
1649, 3, 85, 486, 12, 0, 63.64%, 11, 0, 8, 457.21, 724705, 259, 56, 0
1654, 3, 423, 486, 11, 0, 63.64%, 12, 0, 8, 427.81, 726903, 259, 60, 0
1659, 3, 482, 486, 11, 0, 63.64%, 12, 0, 8, 440.08, 729111, 259, 63, 0
1664, 3, 483, 486, 11, 0, 63.64%, 12, 0, 8, 463.98, 731454, 259, 64, 0
1669, 3, 405, 486, 11, 0, 63.64%, 12, 0, 8, 461.70, 733850, 259, 67, 0
1674, 3, 384, 486, 10, 0, 63.64%, 12, 0, 8, 458.59, 736228, 259, 70, 0
1679, 3, 449, 486, 9, 0, 63.64%, 12, 0, 8, 452.62, 738492, 259, 74, 0
1685, 3, 35, 486, 8, 0, 63.64%, 12, 0, 8, 463.91, 740844, 259, 74, 0
1690, 3, 428, 486, 8, 0, 63.64%, 12, 0, 8, 464.09, 743199, 259, 78, 0
1695, 3, 389, 486, 6, 0, 63.64%, 12, 0, 8, 437.19, 745378, 259, 78, 0
1700, 3, 483, 486, 5, 0, 63.64%, 12, 0, 8, 442.17, 747611, 259, 79, 0
1705, 3, 126, 486, 5, 0, 63.64%, 12, 0, 8, 452.18, 749921, 259, 80, 0
1710, 3, 283, 486, 5, 0, 63.64%, 13, 0, 8, 450.75, 752281, 259, 87, 0
1715, 3, 107, 486, 5, 0, 63.64%, 13, 0, 8, 455.82, 754551, 259, 88, 0
1720, 3, 405, 486, 5, 0, 63.64%, 14, 0, 8, 468.18, 756959, 259, 96, 0
1725, 3, 93, 486, 5, 0, 63.64%, 14, 0, 8, 452.33, 759269, 259, 97, 0
1731, 3, 345, 486, 4, 0, 63.64%, 14, 0, 8, 457.57, 761655, 259, 100, 0
1736, 3, 483, 486, 4, 0, 63.64%, 14, 0, 8, 458.24, 763995, 259, 104, 0
1741, 3, 277, 486, 4, 0, 63.64%, 14, 0, 8, 433.79, 766157, 259, 104, 0
1746, 3, 479, 486, 4, 0, 63.64%, 14, 0, 8, 454.54, 768605, 259, 106, 0
1751, 3, 484, 486, 3, 0, 63.64%, 14, 0, 8, 482.13, 771073, 259, 106, 0
1756, 3, 107, 497, 13, 0, 63.88%, 14, 0, 8, 432.61, 773212, 260, 108, 0
1761, 4, 491, 497, 12, 1, 63.88%, 14, 0, 8, 437.91, 775445, 260, 108, 0
1766, 4, 266, 497, 11, 0, 63.88%, 14, 0, 8, 459.64, 777747, 260, 108, 0
1771, 4, 496, 497, 11, 0, 63.88%, 14, 0, 8, 453.80, 780001, 260, 109, 0
1776, 4, 307, 497, 10, 0, 63.88%, 14, 0, 8, 436.13, 782189, 260, 111, 0
1782, 4, 297, 497, 10, 0, 63.88%, 14, 0, 8, 426.06, 784290, 260, 111, 0
1787, 4, 495, 498, 11, 0, 63.88%, 14, 0, 8, 438.26, 786561, 260, 111, 0
1792, 4, 376, 498, 10, 0, 63.88%, 14, 0, 8, 446.24, 788823, 260, 111, 0
1797, 4, 488, 498, 10, 0, 63.88%, 14, 0, 8, 441.77, 791057, 260, 113, 0
1802, 4, 494, 498, 9, 0, 63.88%, 14, 0, 8, 469.05, 793369, 260, 113, 0
1804, 4, 453, 498, 8, 0, 63.88%, 14, 0, 8, 467.32, 794501, 260, 113, 0
