# relative_time, cycles_done, cur_item, corpus_count, pending_total, pending_favs, map_size, saved_crashes, saved_hangs, max_depth, execs_per_sec, total_execs, edges_found, total_crashes, servers_count
60, 0, 9, 77, 72, 4, 30.71%, 0, 0, 2, 417.49, 27732, 125, 0, 0
66, 0, 9, 78, 73, 4, 30.71%, 0, 0, 2, 412.41, 29875, 125, 0, 0
71, 0, 9, 78, 73, 4, 30.71%, 0, 0, 2, 450.87, 32123, 125, 0, 0
76, 0, 9, 78, 73, 4, 30.71%, 0, 0, 2, 448.07, 34445, 125, 0, 0
81, 0, 9, 79, 74, 4, 30.71%, 0, 0, 2, 432.85, 36666, 125, 0, 0
86, 0, 9, 79, 74, 4, 30.71%, 0, 0, 2, 411.60, 38754, 125, 0, 0
91, 0, 9, 80, 75, 4, 30.71%, 0, 0, 2, 440.23, 40945, 125, 0, 0
96, 0, 9, 80, 75, 4, 30.71%, 0, 0, 2, 461.36, 43270, 125, 0, 0
101, 0, 9, 81, 76, 4, 30.71%, 0, 0, 2, 414.87, 45280, 125, 0, 0
106, 0, 9, 81, 76, 4, 30.71%, 0, 0, 2, 422.08, 47416, 125, 0, 0
111, 0, 9, 81, 76, 4, 30.71%, 0, 0, 2, 440.17, 49728, 125, 0, 0
116, 0, 9, 82, 77, 4, 30.71%, 0, 0, 2, 446.55, 51903, 125, 0, 0
121, 0, 9, 82, 77, 4, 30.71%, 0, 0, 2, 423.14, 54039, 125, 0, 0
126, 0, 69, 112, 100, 23, 33.17%, 0, 0, 3, 437.40, 56233, 135, 0, 0
131, 0, 69, 119, 107, 23, 33.17%, 0, 0, 3, 441.76, 58443, 135, 0, 0
137, 0, 69, 120, 108, 23, 33.17%, 0, 0, 3, 411.16, 60500, 135, 0, 0
142, 0, 69, 121, 109, 23, 33.17%, 0, 0, 3, 418.28, 62666, 135, 0, 0
147, 0, 69, 123, 111, 23, 33.17%, 0, 0, 3, 449.28, 64962, 135, 0, 0
152, 0, 69, 124, 112, 23, 33.17%, 0, 0, 3, 430.67, 67127, 135, 0, 0
157, 0, 69, 124, 112, 23, 33.17%, 0, 0, 3, 412.37, 69207, 135, 0, 0
162, 0, 69, 125, 113, 23, 33.17%, 0, 0, 3, 439.24, 71390, 135, 0, 0
167, 0, 69, 125, 113, 23, 33.17%, 0, 0, 3, 426.82, 73551, 135, 0, 0
172, 0, 69, 127, 115, 23, 33.17%, 0, 0, 3, 379.92, 75495, 135, 0, 0
177, 0, 69, 128, 116, 23, 33.17%, 0, 0, 3, 404.97, 77588, 135, 0, 0
182, 0, 69, 128, 116, 23, 33.17%, 0, 0, 3, 419.05, 79724, 135, 0, 0
187, 0, 69, 128, 116, 23, 33.17%, 0, 0, 3, 409.95, 81772, 135, 0, 0
192, 0, 69, 128, 116, 23, 33.17%, 0, 0, 3, 420.85, 83852, 135, 0, 0
197, 0, 69, 128, 116, 23, 33.17%, 0, 0, 3, 434.98, 85988, 135, 0, 0
202, 0, 69, 130, 118, 23, 33.17%, 0, 0, 3, 404.68, 87986, 135, 0, 0
207, 0, 69, 130, 118, 23, 33.17%, 0, 0, 3, 418.09, 90090, 135, 0, 0
212, 0, 69, 130, 118, 23, 33.17%, 0, 0, 3, 404.70, 92186, 135, 0, 0
217, 0, 69, 130, 118, 23, 33.17%, 0, 0, 3, 382.12, 94122, 135, 0, 0
223, 0, 69, 130, 118, 23, 33.17%, 0, 0, 3, 412.44, 96186, 135, 0, 0
228, 0, 69, 130, 118, 23, 33.17%, 0, 0, 3, 427.72, 98282, 135, 0, 0
233, 0, 69, 130, 118, 23, 33.17%, 0, 0, 3, 436.60, 100458, 135, 0, 0
238, 0, 69, 130, 118, 23, 33.17%, 0, 0, 3, 464.85, 102830, 135, 0, 0
243, 0, 69, 130, 118, 23, 33.17%, 0, 0, 3, 468.67, 105269, 135, 0, 0
248, 0, 127, 130, 117, 22, 33.17%, 0, 0, 3, 460.10, 107598, 135, 0, 0
253, 0, 0, 131, 116, 20, 33.17%, 0, 0, 4, 475.07, 110027, 135, 0, 0
258, 0, 7, 132, 114, 17, 33.42%, 0, 0, 4, 464.39, 112368, 136, 0, 0
263, 0, 104, 137, 117, 19, 35.38%, 0, 0, 4, 431.64, 114546, 144, 0, 0
268, 0, 132, 144, 123, 18, 36.12%, 1, 0, 4, 439.48, 116763, 147, 1, 0
273, 0, 139, 144, 121, 18, 36.12%, 1, 0, 4, 403.72, 118782, 147, 1, 0
278, 0, 142, 151, 127, 17, 36.12%, 1, 0, 4, 156.13, 120779, 147, 1, 0
283, 0, 142, 155, 131, 17, 36.12%, 1, 0, 4, 388.89, 123057, 147, 1, 0
288, 0, 142, 159, 135, 17, 36.36%, 1, 0, 4, 426.53, 125270, 148, 1, 0
293, 0, 157, 162, 137, 18, 36.36%, 1, 0, 4, 419.87, 127387, 148, 1, 0
299, 0, 155, 162, 134, 15, 36.36%, 1, 0, 4, 416.83, 129551, 148, 1, 0
304, 0, 155, 165, 137, 15, 36.36%, 1, 0, 5, 424.56, 131831, 148, 1, 0
309, 0, 155, 167, 139, 15, 38.08%, 1, 0, 5, 427.54, 134029, 155, 1, 0
314, 0, 155, 167, 139, 15, 38.08%, 1, 0, 5, 423.85, 136173, 155, 1, 0
319, 0, 165, 167, 138, 14, 38.08%, 1, 0, 5, 396.98, 138229, 155, 1, 0
324, 0, 168, 175, 145, 14, 38.08%, 1, 0, 7, 420.48, 140423, 155, 1, 0
329, 0, 168, 179, 149, 14, 38.08%, 1, 0, 7, 429.24, 142659, 155, 1, 0
334, 0, 168, 179, 149, 14, 38.08%, 1, 0, 7, 415.81, 144787, 155, 1, 0
339, 0, 168, 180, 150, 14, 38.08%, 1, 0, 7, 427.72, 146970, 155, 1, 0
344, 0, 168, 181, 151, 14, 38.08%, 1, 0, 7, 398.03, 148990, 155, 1, 0
350, 0, 168, 182, 152, 14, 38.08%, 1, 0, 7, 447.41, 151295, 155, 1, 0
355, 0, 36, 182, 149, 11, 38.08%, 1, 0, 7, 481.86, 153760, 155, 1, 0
360, 0, 92, 183, 148, 10, 38.33%, 1, 0, 7, 450.14, 155974, 156, 1, 0
365, 0, 92, 183, 148, 10, 38.33%, 1, 0, 7, 409.00, 157998, 156, 1, 0
370, 0, 92, 183, 148, 10, 38.33%, 1, 0, 7, 428.34, 160046, 156, 1, 0
375, 0, 23, 183, 147, 9, 38.33%, 1, 0, 7, 408.34, 162074, 156, 1, 0
380, 0, 141, 183, 144, 6, 38.33%, 1, 0, 7, 426.07, 164227, 156, 1, 0
385, 0, 67, 184, 141, 2, 38.33%, 1, 0, 7, 433.69, 166536, 156, 1, 0
390, 0, 73, 186, 139, 0, 38.33%, 1, 0, 7, 428.23, 168721, 156, 1, 0
395, 0, 160, 186, 138, 0, 38.33%, 1, 0, 7, 441.71, 170962, 156, 1, 0
400, 0, 10, 186, 135, 0, 38.33%, 1, 0, 7, 419.38, 173001, 156, 1, 0
405, 0, 72, 187, 132, 0, 38.33%, 1, 0, 7, 414.59, 175129, 156, 1, 0
410, 0, 152, 188, 132, 0, 38.33%, 1, 0, 7, 398.14, 177135, 156, 1, 0
415, 0, 22, 191, 133, 0, 38.33%, 1, 0, 7, 426.44, 179280, 156, 1, 0
420, 0, 22, 192, 134, 0, 38.33%, 1, 0, 7, 413.43, 181343, 156, 1, 0
426, 0, 144, 192, 131, 0, 38.33%, 1, 0, 7, 392.17, 183377, 156, 1, 0
431, 0, 155, 193, 129, 0, 38.33%, 2, 0, 7, 411.80, 185567, 156, 2, 0
436, 0, 158, 193, 127, 0, 38.33%, 2, 0, 7, 409.20, 187595, 156, 2, 0
441, 0, 75, 193, 125, 0, 38.33%, 2, 0, 7, 429.72, 189711, 156, 2, 0
446, 0, 175, 193, 123, 0, 38.33%, 2, 0, 7, 433.45, 192003, 156, 2, 0
451, 0, 30, 196, 124, 0, 38.33%, 2, 0, 9, 429.93, 194223, 156, 2, 0
456, 0, 195, 200, 128, 0, 38.33%, 2, 0, 10, 431.49, 196364, 156, 2, 0
461, 0, 85, 200, 126, 0, 38.33%, 2, 0, 10, 410.96, 198427, 156, 2, 0
466, 0, 184, 200, 123, 0, 38.33%, 2, 0, 10, 407.75, 200470, 156, 2, 0
471, 0, 63, 201, 123, 0, 38.33%, 2, 0, 10, 419.45, 202634, 156, 2, 0
476, 0, 142, 201, 120, 0, 38.33%, 2, 0, 10, 433.34, 204816, 156, 2, 0
482, 0, 19, 202, 120, 0, 38.33%, 2, 0, 10, 449.08, 207061, 156, 2, 0
487, 0, 199, 202, 118, 0, 38.33%, 2, 0, 10, 422.01, 209180, 156, 2, 0
492, 0, 194, 202, 117, 0, 38.33%, 2, 0, 10, 439.87, 211500, 156, 2, 0
497, 0, 63, 202, 113, 0, 38.33%, 2, 0, 10, 440.18, 213668, 156, 2, 0
502, 0, 72, 202, 112, 0, 38.33%, 2, 0, 10, 398.55, 215671, 156, 2, 0
507, 0, 34, 202, 110, 0, 38.33%, 2, 0, 10, 456.68, 218073, 156, 2, 0
512, 1, 106, 202, 107, 0, 38.33%, 2, 0, 10, 447.05, 220304, 156, 2, 0
517, 1, 91, 202, 105, 0, 38.33%, 2, 0, 10, 418.52, 222384, 156, 2, 0
522, 1, 94, 202, 103, 0, 38.33%, 2, 0, 10, 405.51, 224436, 156, 2, 0
527, 1, 181, 205, 105, 0, 38.33%, 2, 0, 10, 428.71, 226633, 156, 2, 0
532, 1, 108, 205, 103, 0, 38.33%, 2, 0, 10, 421.90, 228760, 156, 2, 0
538, 1, 135, 205, 100, 0, 38.33%, 2, 0, 10, 436.42, 230985, 156, 2, 0
543, 1, 68, 208, 100, 0, 38.33%, 2, 0, 10, 422.49, 233131, 156, 2, 0
548, 1, 76, 210, 97, 0, 38.33%, 2, 0, 10, 419.52, 235309, 156, 2, 0
553, 1, 197, 213, 99, 0, 38.33%, 2, 0, 10, 381.53, 237181, 156, 2, 0
558, 1, 194, 214, 98, 0, 38.33%, 2, 0, 10, 385.93, 239174, 156, 2, 0
563, 1, 89, 216, 98, 0, 38.33%, 2, 0, 10, 426.77, 241362, 156, 2, 0
568, 1, 95, 216, 95, 0, 38.33%, 2, 0, 10, 437.56, 243507, 156, 2, 0
573, 1, 133, 216, 93, 0, 38.33%, 2, 0, 10, 401.38, 245452, 156, 2, 0
578, 1, 51, 218, 92, 0, 38.33%, 2, 0, 10, 436.94, 247647, 156, 2, 0
583, 1, 216, 218, 87, 0, 38.33%, 2, 0, 10, 465.59, 249947, 156, 2, 0
588, 1, 128, 222, 87, 0, 38.33%, 2, 0, 10, 462.18, 252281, 156, 2, 0
594, 1, 156, 223, 85, 0, 38.33%, 2, 0, 10, 435.60, 254551, 156, 2, 0
599, 1, 137, 223, 83, 0, 38.33%, 2, 0, 10, 456.34, 256810, 156, 2, 0
604, 1, 87, 225, 82, 0, 38.33%, 2, 0, 10, 420.21, 258907, 156, 2, 0
609, 1, 30, 226, 81, 0, 38.57%, 2, 0, 10, 405.41, 260977, 157, 2, 0
614, 1, 111, 226, 79, 0, 38.57%, 2, 0, 10, 408.13, 263059, 157, 2, 0
619, 1, 90, 227, 77, 0, 38.57%, 2, 0, 10, 398.18, 265085, 157, 2, 0
624, 1, 140, 227, 75, 0, 38.57%, 2, 0, 10, 435.50, 267263, 157, 2, 0
629, 1, 189, 227, 71, 0, 38.57%, 2, 0, 10, 467.82, 269645, 157, 2, 0
634, 1, 174, 228, 68, 0, 38.57%, 2, 0, 10, 425.90, 271837, 157, 2, 0
639, 1, 169, 228, 66, 0, 38.57%, 2, 0, 10, 427.58, 273978, 157, 2, 0
644, 1, 217, 234, 71, 0, 38.57%, 2, 0, 10, 423.83, 276140, 157, 2, 0
649, 1, 217, 237, 74, 0, 38.57%, 2, 0, 10, 434.34, 278345, 157, 2, 0
654, 1, 217, 239, 76, 0, 38.57%, 2, 0, 10, 460.97, 280765, 157, 2, 0
660, 1, 217, 240, 77, 0, 38.57%, 2, 0, 10, 436.12, 282950, 157, 2, 0
665, 1, 217, 241, 78, 0, 38.57%, 2, 0, 10, 439.83, 285165, 157, 2, 0
670, 1, 217, 241, 78, 0, 38.57%, 2, 0, 10, 425.84, 287269, 157, 2, 0
675, 1, 200, 241, 76, 0, 38.57%, 2, 0, 10, 433.38, 289473, 157, 2, 0
680, 1, 151, 241, 74, 0, 38.57%, 2, 0, 10, 457.51, 291828, 157, 2, 0
685, 1, 109, 241, 69, 0, 38.57%, 2, 0, 10, 443.89, 294135, 157, 2, 0
690, 1, 178, 242, 66, 0, 38.82%, 2, 0, 10, 427.42, 296295, 158, 2, 0
695, 1, 231, 242, 62, 0, 38.82%, 2, 0, 10, 419.57, 298418, 158, 2, 0
700, 1, 60, 242, 57, 0, 38.82%, 2, 0, 10, 453.28, 300659, 158, 2, 0
705, 1, 206, 242, 52, 0, 38.82%, 2, 0, 10, 448.11, 302930, 158, 2, 0
710, 1, 240, 242, 48, 0, 38.82%, 2, 0, 10, 435.51, 305055, 158, 2, 0
715, 1, 58, 242, 45, 0, 38.82%, 2, 0, 10, 456.39, 307339, 158, 2, 0
720, 1, 173, 242, 41, 0, 38.82%, 2, 0, 10, 463.60, 309695, 158, 2, 0
725, 1, 219, 242, 40, 0, 38.82%, 2, 0, 10, 427.77, 311756, 158, 2, 0
730, 1, 233, 242, 39, 0, 38.82%, 2, 0, 10, 418.69, 313912, 158, 2, 0
736, 1, 237, 242, 36, 0, 38.82%, 2, 0, 10, 431.21, 316249, 158, 2, 0
741, 1, 106, 244, 36, 0, 38.82%, 2, 0, 10, 422.26, 318414, 158, 2, 0
746, 1, 145, 244, 35, 0, 38.82%, 2, 0, 10, 423.43, 320548, 158, 2, 0
751, 1, 244, 245, 35, 1, 39.56%, 2, 0, 10, 444.27, 322774, 161, 2, 0
756, 1, 134, 246, 34, 0, 39.56%, 2, 0, 10, 439.98, 324951, 161, 2, 0
761, 1, 222, 246, 33, 0, 39.56%, 2, 0, 10, 411.57, 327047, 161, 2, 0
766, 1, 30, 275, 60, 0, 46.44%, 2, 0, 10, 428.17, 329241, 189, 2, 0
771, 2, 318, 366, 150, 26, 57.74%, 2, 0, 10, 421.55, 331331, 235, 2, 0
776, 2, 329, 366, 149, 25, 57.74%, 2, 0, 10, 411.93, 333370, 235, 2, 0
781, 2, 307, 366, 148, 24, 57.74%, 2, 0, 10, 424.61, 335526, 235, 2, 0
786, 2, 279, 366, 145, 21, 57.74%, 2, 0, 10, 433.03, 337709, 235, 2, 0
791, 2, 349, 366, 143, 19, 57.74%, 2, 0, 10, 420.43, 339809, 235, 2, 0
796, 2, 247, 367, 142, 18, 57.99%, 2, 0, 10, 423.42, 341971, 236, 2, 0
801, 2, 305, 367, 141, 17, 57.99%, 2, 0, 10, 397.94, 343984, 236, 2, 0
807, 2, 253, 367, 139, 15, 57.99%, 2, 0, 10, 411.09, 346099, 236, 2, 0
812, 2, 350, 386, 157, 14, 58.23%, 2, 0, 10, 422.10, 348286, 237, 2, 0
817, 2, 270, 399, 169, 16, 58.48%, 2, 0, 10, 438.20, 350568, 238, 2, 0
822, 2, 358, 399, 166, 13, 58.48%, 2, 0, 10, 450.51, 352874, 238, 2, 0
827, 2, 382, 399, 165, 12, 58.48%, 2, 0, 10, 421.77, 354937, 238, 2, 0
832, 2, 359, 399, 164, 11, 58.48%, 2, 0, 10, 428.26, 357092, 238, 2, 0
837, 2, 261, 399, 162, 9, 58.48%, 2, 0, 10, 424.91, 359201, 238, 2, 0
842, 2, 173, 399, 160, 8, 58.48%, 2, 0, 10, 418.31, 361295, 238, 2, 0
847, 2, 257, 399, 158, 6, 58.48%, 3, 0, 10, 419.29, 363446, 238, 3, 0
852, 2, 364, 399, 156, 5, 58.48%, 3, 0, 10, 430.96, 365671, 238, 3, 0
858, 2, 364, 399, 156, 5, 58.48%, 3, 0, 10, 441.85, 367871, 238, 3, 0
863, 2, 343, 399, 154, 4, 58.48%, 3, 0, 10, 420.03, 369980, 238, 3, 0
868, 2, 353, 399, 152, 2, 58.48%, 3, 0, 10, 470.44, 372407, 238, 3, 0
873, 2, 299, 399, 150, 1, 58.48%, 3, 0, 10, 420.72, 374420, 238, 3, 0
878, 2, 57, 399, 148, 1, 58.48%, 3, 0, 10, 422.12, 376642, 238, 3, 0
883, 2, 386, 399, 146, 1, 58.48%, 3, 0, 10, 417.02, 378747, 238, 3, 0
888, 2, 250, 400, 145, 0, 58.48%, 3, 0, 10, 425.86, 380928, 238, 3, 0
893, 2, 22, 400, 142, 0, 58.48%, 3, 0, 10, 419.02, 383044, 238, 3, 0
898, 2, 334, 400, 140, 0, 58.48%, 3, 0, 10, 452.23, 385313, 238, 3, 0
902, 2, 161, 400, 138, 0, 58.48%, 3, 0, 10, 423.82, 387113, 238, 3, 0
