# relative_time, cycles_done, cur_item, corpus_count, pending_total, pending_favs, map_size, saved_crashes, saved_hangs, max_depth, execs_per_sec, total_execs, edges_found, total_crashes, servers_count
60, 0, 9, 68, 63, 5, 30.22%, 0, 0, 2, 419.35, 26788, 123, 0, 0
66, 0, 9, 70, 65, 5, 30.47%, 0, 0, 2, 460.20, 29159, 124, 0, 0
71, 0, 9, 70, 65, 5, 30.47%, 0, 0, 2, 427.56, 31274, 124, 0, 0
76, 0, 9, 70, 65, 5, 30.47%, 0, 0, 2, 470.44, 33615, 124, 0, 0
81, 0, 9, 72, 67, 5, 30.47%, 0, 0, 2, 422.78, 35705, 124, 0, 0
86, 0, 9, 74, 69, 5, 31.70%, 0, 0, 2, 433.45, 37911, 129, 0, 0
91, 0, 9, 75, 70, 5, 31.70%, 0, 0, 2, 441.04, 40166, 129, 0, 0
96, 0, 9, 76, 71, 5, 31.70%, 0, 0, 2, 441.40, 42357, 129, 0, 0
101, 0, 9, 76, 71, 5, 31.70%, 0, 0, 2, 421.24, 44541, 129, 0, 0
106, 0, 9, 76, 71, 5, 31.70%, 0, 0, 2, 417.33, 46637, 129, 0, 0
111, 0, 9, 76, 71, 5, 31.70%, 0, 0, 2, 396.07, 48647, 129, 0, 0
117, 0, 9, 76, 71, 5, 31.70%, 0, 0, 2, 376.22, 50502, 129, 0, 0
122, 0, 9, 76, 71, 5, 31.70%, 0, 0, 2, 391.03, 52504, 129, 0, 0
127, 0, 49, 98, 92, 33, 42.26%, 0, 0, 2, 394.39, 54549, 172, 0, 0
132, 0, 3, 100, 87, 26, 42.51%, 0, 0, 3, 427.14, 56727, 173, 0, 0
137, 0, 32, 101, 86, 25, 43.00%, 0, 0, 3, 403.73, 58675, 175, 0, 0
142, 0, 32, 111, 96, 25, 43.24%, 0, 0, 3, 424.75, 60736, 176, 0, 0
147, 0, 32, 112, 97, 25, 43.24%, 0, 0, 3, 409.43, 62840, 176, 0, 0
152, 0, 32, 113, 98, 25, 43.24%, 0, 0, 3, 402.14, 64866, 176, 0, 0
157, 0, 32, 114, 99, 25, 43.24%, 0, 0, 3, 398.68, 66830, 176, 0, 0
162, 0, 91, 116, 100, 26, 43.24%, 0, 0, 3, 382.39, 68811, 176, 0, 0
167, 0, 7, 122, 105, 25, 45.45%, 0, 0, 3, 389.89, 70835, 185, 0, 0
172, 0, 90, 122, 103, 27, 45.45%, 0, 0, 3, 405.60, 72903, 185, 0, 0
178, 0, 0, 136, 116, 28, 45.45%, 0, 0, 3, 409.28, 75010, 185, 0, 0
183, 0, 117, 138, 116, 26, 45.70%, 0, 0, 3, 398.22, 77001, 186, 0, 0
188, 0, 93, 142, 119, 27, 46.19%, 1, 0, 3, 407.17, 79116, 188, 1, 0
193, 0, 125, 148, 124, 26, 46.19%, 1, 0, 3, 415.72, 81247, 188, 1, 0
198, 0, 125, 159, 135, 26, 46.44%, 1, 0, 3, 464.40, 83642, 189, 1, 0
203, 0, 125, 162, 138, 26, 46.44%, 1, 0, 3, 438.94, 85817, 189, 1, 0
208, 0, 154, 162, 137, 26, 46.44%, 1, 0, 3, 435.75, 88050, 189, 1, 0
213, 0, 154, 162, 137, 26, 46.44%, 1, 0, 3, 411.46, 90125, 189, 1, 0
218, 0, 119, 163, 137, 25, 46.44%, 1, 0, 3, 421.97, 92240, 189, 1, 0
224, 0, 119, 171, 145, 25, 46.44%, 1, 0, 3, 405.36, 94250, 189, 1, 0
229, 0, 119, 174, 148, 25, 46.44%, 1, 0, 3, 438.47, 96447, 189, 1, 0
234, 0, 119, 177, 151, 25, 46.44%, 1, 0, 3, 440.52, 98676, 189, 1, 0
239, 0, 119, 178, 152, 25, 46.44%, 1, 0, 3, 426.87, 100787, 189, 1, 0
244, 0, 119, 183, 157, 25, 47.17%, 1, 0, 3, 421.00, 102838, 192, 1, 0
249, 0, 119, 185, 159, 25, 47.91%, 1, 0, 3, 407.01, 104892, 195, 1, 0
254, 0, 156, 186, 158, 25, 47.91%, 1, 0, 4, 427.93, 107029, 195, 1, 0
259, 0, 186, 188, 159, 25, 47.91%, 1, 0, 4, 415.88, 109106, 195, 1, 0
264, 0, 77, 188, 156, 22, 47.91%, 1, 0, 4, 428.40, 111267, 195, 1, 0
269, 0, 31, 191, 158, 21, 47.91%, 1, 0, 4, 441.93, 113546, 195, 1, 0
274, 0, 31, 195, 162, 21, 47.91%, 1, 0, 4, 39.39, 115739, 195, 1, 0
280, 0, 31, 196, 163, 21, 47.91%, 1, 0, 4, 399.71, 117769, 195, 1, 0
285, 0, 31, 196, 163, 21, 47.91%, 1, 0, 4, 401.52, 119853, 195, 1, 0
290, 0, 31, 197, 164, 21, 47.91%, 1, 0, 4, 400.62, 121962, 195, 1, 0
295, 0, 31, 200, 167, 21, 47.91%, 1, 0, 4, 436.43, 124217, 195, 1, 0
300, 0, 69, 200, 165, 19, 47.91%, 1, 0, 4, 427.19, 126344, 195, 1, 0
305, 0, 23, 200, 162, 16, 47.91%, 1, 0, 4, 409.34, 128402, 195, 1, 0
310, 0, 121, 200, 159, 14, 47.91%, 1, 0, 4, 419.17, 130606, 195, 1, 0
315, 0, 183, 204, 161, 12, 47.91%, 1, 0, 4, 424.41, 132764, 195, 1, 0
320, 0, 183, 210, 167, 12, 47.91%, 1, 0, 4, 408.65, 134887, 195, 1, 0
325, 0, 183, 211, 168, 12, 47.91%, 1, 0, 4, 425.18, 136958, 195, 1, 0
331, 0, 183, 212, 169, 12, 47.91%, 1, 0, 4, 407.07, 139013, 195, 1, 0
336, 0, 183, 218, 175, 12, 47.91%, 1, 0, 4, 413.99, 141111, 195, 1, 0
341, 0, 98, 220, 175, 11, 47.91%, 1, 0, 4, 415.77, 143257, 195, 1, 0
346, 0, 30, 221, 174, 9, 47.91%, 1, 0, 4, 463.08, 145627, 195, 1, 0
351, 0, 80, 221, 172, 7, 47.91%, 1, 0, 4, 438.18, 147767, 195, 1, 0
356, 0, 80, 221, 172, 7, 47.91%, 1, 0, 4, 389.24, 149675, 195, 1, 0
361, 0, 178, 221, 171, 6, 47.91%, 1, 0, 4, 253.16, 151635, 195, 1, 0
366, 0, 221, 223, 169, 3, 47.91%, 1, 0, 4, 383.70, 153825, 195, 1, 0
371, 0, 221, 233, 179, 3, 47.91%, 1, 0, 4, 442.41, 156159, 195, 1, 0
376, 0, 221, 234, 180, 3, 47.91%, 1, 0, 4, 424.85, 158270, 195, 1, 0
381, 0, 221, 236, 182, 3, 47.91%, 1, 0, 4, 479.46, 160680, 195, 1, 0
386, 0, 230, 242, 187, 3, 47.91%, 1, 0, 5, 425.36, 162769, 195, 1, 0
392, 0, 230, 242, 187, 3, 47.91%, 1, 0, 5, 422.71, 164921, 195, 1, 0
397, 0, 230, 244, 189, 3, 47.91%, 1, 0, 5, 443.20, 167231, 195, 1, 0
402, 0, 230, 245, 190, 3, 47.91%, 1, 0, 5, 459.69, 169577, 195, 1, 0
407, 0, 230, 245, 190, 3, 47.91%, 1, 0, 5, 423.40, 171726, 195, 1, 0
412, 0, 230, 246, 191, 3, 47.91%, 1, 0, 5, 406.68, 173845, 195, 1, 0
417, 0, 121, 247, 187, 0, 48.16%, 1, 0, 5, 447.33, 176095, 196, 1, 0
422, 0, 84, 247, 186, 0, 48.16%, 1, 0, 5, 423.35, 178178, 196, 1, 0
427, 0, 245, 248, 185, 0, 48.40%, 1, 0, 5, 411.96, 180315, 197, 1, 0
432, 0, 140, 249, 185, 0, 48.40%, 1, 0, 5, 429.85, 182464, 197, 1, 0
438, 0, 249, 252, 187, 1, 48.40%, 1, 0, 5, 406.83, 184525, 197, 1, 0
443, 0, 249, 256, 190, 0, 48.40%, 1, 0, 5, 408.04, 186607, 197, 1, 0
448, 0, 249, 256, 190, 0, 48.40%, 1, 0, 5, 417.37, 188727, 197, 1, 0
453, 0, 249, 258, 192, 0, 48.40%, 1, 0, 5, 430.43, 190893, 197, 1, 0
458, 0, 252, 258, 192, 1, 48.40%, 1, 0, 5, 410.67, 192943, 197, 1, 0
463, 0, 217, 258, 189, 0, 48.40%, 1, 0, 5, 417.73, 195004, 197, 1, 0
468, 0, 20, 258, 187, 0, 48.40%, 1, 0, 5, 442.12, 197192, 197, 1, 0
473, 0, 26, 258, 186, 0, 48.40%, 1, 0, 5, 392.71, 199181, 197, 1, 0
478, 0, 186, 260, 186, 0, 48.40%, 1, 0, 5, 405.15, 201290, 197, 1, 0
483, 0, 241, 261, 186, 0, 48.40%, 1, 0, 5, 397.96, 203266, 197, 1, 0
488, 0, 151, 261, 184, 0, 48.40%, 1, 0, 5, 413.67, 205395, 197, 1, 0
494, 0, 51, 261, 182, 0, 48.40%, 1, 0, 5, 414.33, 207477, 197, 1, 0
499, 0, 147, 262, 181, 0, 48.40%, 1, 0, 5, 427.79, 209599, 197, 1, 0
504, 0, 204, 262, 180, 0, 48.40%, 1, 0, 5, 413.96, 211692, 197, 1, 0
509, 0, 169, 262, 175, 0, 48.40%, 1, 0, 5, 428.26, 213840, 197, 1, 0
514, 0, 235, 262, 173, 0, 48.40%, 1, 0, 5, 399.60, 215805, 197, 1, 0
519, 0, 252, 262, 171, 0, 48.40%, 1, 0, 5, 394.54, 217841, 197, 1, 0
524, 0, 81, 263, 172, 0, 48.40%, 1, 0, 6, 405.02, 219877, 197, 1, 0
529, 0, 240, 263, 169, 0, 48.40%, 1, 0, 6, 394.28, 221808, 197, 1, 0
534, 0, 250, 265, 170, 0, 48.40%, 1, 0, 6, 404.29, 223925, 197, 1, 0
539, 0, 261, 266, 168, 0, 48.65%, 1, 0, 6, 424.29, 226044, 198, 1, 0
544, 0, 68, 266, 167, 0, 48.65%, 1, 0, 6, 433.58, 228155, 198, 1, 0
550, 0, 162, 268, 167, 0, 48.65%, 1, 0, 6, 422.70, 230325, 198, 1, 0
555, 0, 261, 269, 167, 0, 48.65%, 1, 0, 6, 408.24, 232451, 198, 1, 0
560, 0, 120, 269, 165, 0, 48.65%, 1, 0, 6, 443.38, 234726, 198, 1, 0
565, 0, 269, 271, 165, 1, 50.61%, 1, 0, 6, 417.93, 236798, 206, 1, 0
570, 0, 272, 280, 173, 6, 53.81%, 1, 0, 6, 425.64, 238945, 219, 1, 0
575, 0, 275, 282, 174, 5, 53.81%, 1, 0, 6, 409.79, 241024, 219, 1, 0
580, 0, 275, 293, 185, 5, 56.27%, 1, 0, 6, 430.93, 243269, 229, 1, 0
585, 0, 275, 293, 185, 5, 56.27%, 1, 0, 6, 408.28, 245309, 229, 1, 0
590, 0, 276, 299, 190, 6, 56.27%, 1, 0, 6, 410.84, 247389, 229, 1, 0
595, 0, 285, 299, 188, 5, 56.27%, 1, 0, 6, 419.23, 249640, 229, 1, 0
601, 0, 274, 300, 188, 5, 56.27%, 1, 0, 6, 408.93, 251627, 229, 1, 0
606, 0, 271, 301, 186, 4, 56.27%, 1, 0, 6, 409.75, 253686, 229, 1, 0
611, 0, 299, 301, 184, 2, 56.27%, 1, 0, 6, 424.67, 255847, 229, 1, 0
616, 0, 282, 316, 198, 1, 56.27%, 1, 0, 6, 423.54, 257952, 229, 1, 0
621, 0, 300, 316, 196, 1, 56.27%, 1, 0, 6, 433.03, 260168, 229, 1, 0
626, 0, 303, 316, 193, 1, 56.27%, 1, 0, 6, 421.83, 262379, 229, 1, 0
631, 0, 22, 316, 190, 0, 56.27%, 1, 0, 6, 387.51, 264355, 229, 1, 0
636, 0, 138, 316, 187, 0, 56.27%, 1, 0, 6, 452.64, 266674, 229, 1, 0
641, 0, 227, 316, 186, 0, 56.27%, 1, 0, 6, 453.34, 268955, 229, 1, 0
646, 0, 279, 316, 184, 0, 56.27%, 1, 0, 6, 466.43, 271306, 229, 1, 0
651, 0, 154, 316, 181, 0, 56.27%, 1, 0, 6, 447.79, 273564, 229, 1, 0
656, 0, 316, 317, 182, 1, 56.51%, 1, 0, 6, 432.15, 275758, 230, 1, 0
661, 0, 302, 317, 179, 0, 56.51%, 1, 0, 6, 402.78, 277843, 230, 1, 0
666, 0, 186, 318, 179, 0, 56.51%, 1, 0, 6, 388.56, 279841, 230, 1, 0
671, 0, 93, 318, 178, 0, 56.51%, 1, 0, 6, 385.84, 281778, 230, 1, 0
677, 0, 296, 318, 176, 0, 56.51%, 1, 0, 6, 434.30, 284011, 230, 1, 0
682, 0, 129, 319, 175, 0, 56.51%, 1, 0, 6, 434.68, 286224, 230, 1, 0
687, 0, 45, 319, 173, 0, 56.51%, 1, 0, 6, 423.31, 288334, 230, 1, 0
692, 0, 255, 319, 171, 0, 56.51%, 1, 0, 6, 467.48, 290667, 230, 1, 0
697, 0, 319, 320, 171, 1, 56.76%, 1, 0, 6, 430.33, 292819, 231, 1, 0
702, 0, 152, 320, 170, 0, 56.76%, 1, 0, 6, 417.08, 294862, 231, 1, 0
707, 0, 317, 321, 169, 0, 56.76%, 1, 0, 6, 441.76, 297130, 231, 1, 0
712, 0, 164, 322, 169, 0, 56.76%, 1, 0, 6, 411.69, 299196, 231, 1, 0
717, 1, 132, 322, 167, 0, 56.76%, 1, 0, 6, 414.59, 301280, 231, 1, 0
722, 1, 322, 324, 168, 1, 56.76%, 1, 0, 6, 423.99, 303458, 231, 1, 0
727, 1, 173, 324, 166, 0, 56.76%, 1, 0, 6, 388.20, 305447, 231, 1, 0
733, 1, 124, 324, 163, 0, 56.76%, 1, 0, 6, 439.67, 307822, 231, 1, 0
738, 1, 143, 325, 162, 0, 56.76%, 1, 0, 6, 449.63, 310069, 231, 1, 0
743, 1, 247, 326, 160, 0, 56.76%, 1, 0, 6, 430.96, 312179, 231, 1, 0
748, 1, 328, 330, 163, 1, 57.25%, 1, 0, 6, 412.55, 314256, 233, 1, 0
753, 1, 54, 331, 161, 0, 57.25%, 1, 0, 6, 415.88, 316387, 233, 1, 0
758, 1, 331, 332, 158, 1, 57.49%, 1, 0, 6, 391.93, 318345, 234, 1, 0
763, 1, 171, 333, 158, 0, 57.49%, 1, 0, 6, 389.08, 320313, 234, 1, 0
768, 1, 309, 335, 158, 0, 58.23%, 1, 0, 6, 389.22, 322293, 237, 1, 0
773, 1, 309, 338, 161, 0, 58.23%, 1, 0, 6, 432.69, 324484, 237, 1, 0
778, 1, 309, 340, 163, 0, 58.23%, 1, 0, 6, 427.69, 326650, 237, 1, 0
783, 1, 309, 340, 163, 0, 58.23%, 1, 0, 6, 410.83, 328714, 237, 1, 0
788, 1, 309, 341, 164, 0, 58.23%, 1, 0, 6, 397.48, 330707, 237, 1, 0
793, 1, 334, 341, 162, 0, 58.23%, 1, 0, 6, 428.62, 332901, 237, 1, 0
798, 1, 184, 343, 163, 0, 58.23%, 1, 0, 6, 415.64, 334937, 237, 1, 0
803, 1, 343, 344, 162, 1, 58.23%, 1, 0, 6, 427.04, 336994, 237, 1, 0
809, 1, 167, 344, 161, 0, 58.23%, 1, 0, 6, 422.80, 339158, 237, 1, 0
814, 1, 161, 345, 160, 0, 58.23%, 1, 0, 6, 403.89, 341252, 237, 1, 0
819, 1, 289, 348, 161, 0, 58.23%, 1, 0, 6, 402.36, 343273, 237, 1, 0
824, 1, 295, 349, 161, 0, 58.23%, 1, 0, 6, 406.71, 345383, 237, 1, 0
829, 1, 203, 349, 159, 0, 58.23%, 1, 0, 6, 387.46, 347347, 237, 1, 0
834, 1, 257, 349, 157, 0, 58.23%, 1, 0, 6, 414.58, 349532, 237, 1, 0
839, 1, 290, 349, 153, 0, 58.23%, 1, 0, 6, 430.38, 351729, 237, 1, 0
844, 1, 347, 350, 151, 0, 58.23%, 1, 0, 6, 413.42, 353801, 237, 1, 0
849, 1, 315, 354, 154, 0, 58.23%, 1, 0, 6, 417.72, 355948, 237, 1, 0
855, 1, 315, 356, 156, 0, 58.23%, 1, 0, 6, 437.51, 358154, 237, 1, 0
860, 1, 315, 356, 156, 0, 58.23%, 1, 0, 6, 408.20, 360122, 237, 1, 0
865, 1, 354, 356, 155, 1, 58.23%, 1, 0, 6, 412.55, 362234, 237, 1, 0
870, 1, 280, 356, 152, 0, 58.23%, 1, 0, 6, 428.76, 364355, 237, 1, 0
875, 1, 182, 356, 150, 0, 58.23%, 1, 0, 6, 433.43, 366540, 237, 1, 0
880, 1, 166, 356, 148, 0, 58.23%, 1, 0, 6, 391.95, 368486, 237, 1, 0
885, 1, 344, 356, 146, 0, 58.23%, 1, 0, 6, 426.81, 370680, 237, 1, 0
890, 1, 112, 358, 147, 0, 58.23%, 1, 0, 6, 403.37, 372695, 237, 1, 0
895, 1, 281, 358, 145, 0, 58.23%, 1, 0, 6, 430.43, 374845, 237, 1, 0
900, 1, 356, 358, 142, 0, 58.23%, 1, 0, 6, 402.25, 376890, 237, 1, 0
904, 1, 301, 358, 140, 0, 58.23%, 1, 0, 6, 394.10, 378470, 237, 1, 0
