# relative_time, cycles_done, cur_item, corpus_count, pending_total, pending_favs, map_size, saved_crashes, saved_hangs, max_depth, execs_per_sec, total_execs, edges_found, total_crashes, servers_count
60, 0, 26, 95, 89, 24, 35.63%, 0, 0, 2, 469.55, 28945, 145, 0, 0
65, 0, 26, 95, 89, 24, 35.63%, 0, 0, 2, 480.69, 31429, 145, 0, 0
71, 0, 26, 95, 89, 24, 35.63%, 0, 0, 2, 447.05, 33733, 145, 0, 0
76, 0, 26, 97, 91, 24, 35.63%, 0, 0, 2, 478.88, 36096, 145, 0, 0
81, 0, 26, 98, 92, 24, 35.63%, 0, 0, 2, 467.59, 38435, 145, 0, 0
86, 0, 26, 98, 92, 24, 35.63%, 0, 0, 2, 467.56, 40795, 145, 0, 0
91, 0, 26, 98, 92, 24, 35.63%, 0, 0, 2, 478.77, 43189, 145, 0, 0
96, 0, 26, 98, 92, 24, 35.63%, 0, 0, 2, 467.86, 45574, 145, 0, 0
101, 0, 26, 98, 92, 24, 35.63%, 0, 0, 2, 467.04, 47950, 145, 0, 0
106, 0, 26, 98, 92, 24, 35.63%, 0, 0, 2, 477.05, 50425, 145, 0, 0
111, 0, 26, 98, 92, 24, 35.63%, 0, 0, 2, 473.92, 52802, 145, 0, 0
116, 0, 26, 98, 92, 24, 35.63%, 0, 0, 2, 465.94, 55214, 145, 0, 0
122, 0, 26, 98, 92, 24, 35.63%, 0, 0, 2, 432.21, 57411, 145, 0, 0
127, 0, 26, 98, 92, 24, 35.63%, 0, 0, 2, 434.43, 59619, 145, 0, 0
132, 0, 12, 99, 87, 22, 35.87%, 0, 0, 3, 452.97, 61979, 146, 0, 0
137, 0, 19, 100, 85, 20, 36.12%, 0, 0, 3, 430.88, 64114, 147, 0, 0
142, 0, 19, 119, 104, 20, 41.52%, 0, 0, 3, 423.82, 66303, 169, 0, 0
147, 0, 19, 121, 106, 20, 41.52%, 0, 0, 3, 430.85, 68509, 169, 0, 0
152, 0, 19, 121, 106, 20, 41.52%, 0, 0, 3, 453.91, 70832, 169, 0, 0
157, 0, 112, 121, 104, 24, 41.52%, 0, 0, 3, 450.09, 73103, 169, 0, 0
162, 0, 125, 134, 116, 25, 41.77%, 0, 0, 4, 439.51, 75382, 170, 0, 0
167, 0, 111, 148, 129, 24, 41.77%, 0, 0, 5, 417.58, 77487, 170, 0, 0
172, 0, 20, 148, 126, 22, 41.77%, 0, 0, 5, 432.74, 79728, 170, 0, 0
177, 0, 100, 149, 124, 20, 41.77%, 0, 0, 5, 437.77, 81996, 170, 0, 0
182, 0, 151, 152, 126, 21, 41.77%, 0, 0, 5, 437.40, 84202, 170, 0, 0
187, 0, 130, 152, 124, 19, 41.77%, 0, 0, 5, 443.99, 86471, 170, 0, 0
192, 0, 150, 152, 122, 18, 41.77%, 0, 0, 5, 420.80, 88576, 170, 0, 0
197, 0, 84, 156, 125, 17, 41.77%, 0, 0, 5, 439.02, 90782, 170, 0, 0
203, 0, 152, 156, 122, 15, 41.77%, 0, 0, 5, 435.56, 93050, 170, 0, 0
208, 0, 152, 173, 139, 15, 41.77%, 0, 0, 5, 432.44, 95239, 170, 0, 0
213, 0, 152, 176, 142, 15, 41.77%, 0, 0, 5, 439.28, 97405, 170, 0, 0
218, 0, 152, 178, 144, 15, 41.77%, 0, 0, 5, 434.56, 99604, 170, 0, 0
223, 0, 152, 180, 146, 15, 41.77%, 0, 0, 5, 459.30, 101945, 170, 0, 0
228, 0, 152, 180, 146, 15, 41.77%, 0, 0, 5, 456.43, 104240, 170, 0, 0
233, 0, 152, 182, 148, 15, 41.77%, 0, 0, 5, 471.44, 106567, 170, 0, 0
238, 0, 152, 182, 148, 15, 41.77%, 0, 0, 5, 454.78, 108848, 170, 0, 0
243, 0, 152, 183, 149, 15, 42.51%, 0, 0, 5, 453.81, 111173, 173, 0, 0
248, 0, 152, 184, 150, 15, 42.51%, 0, 0, 5, 454.66, 113478, 173, 0, 0
253, 0, 152, 184, 150, 15, 42.51%, 0, 0, 5, 460.43, 115842, 173, 0, 0
258, 0, 152, 186, 152, 15, 42.51%, 0, 0, 5, 459.35, 118115, 173, 0, 0
263, 0, 152, 186, 152, 15, 42.51%, 0, 0, 5, 452.65, 120392, 173, 0, 0
268, 0, 152, 186, 152, 15, 42.51%, 0, 0, 5, 429.86, 122540, 173, 0, 0
273, 0, 152, 186, 152, 15, 42.51%, 0, 0, 5, 441.47, 124884, 173, 0, 0
278, 0, 152, 186, 152, 15, 42.51%, 0, 0, 5, 430.43, 127004, 173, 0, 0
283, 0, 152, 186, 152, 15, 42.51%, 0, 0, 5, 461.20, 129374, 173, 0, 0
289, 0, 152, 188, 154, 15, 42.51%, 0, 0, 5, 432.90, 131546, 173, 0, 0
294, 0, 152, 188, 154, 15, 42.51%, 0, 0, 5, 479.00, 134014, 173, 0, 0
299, 0, 152, 190, 156, 15, 42.51%, 0, 0, 5, 449.54, 136296, 173, 0, 0
304, 0, 152, 191, 157, 15, 42.51%, 0, 0, 5, 433.78, 138519, 173, 0, 0
309, 0, 152, 192, 158, 15, 42.51%, 0, 0, 5, 454.63, 140838, 173, 0, 0
314, 0, 152, 193, 159, 15, 42.51%, 0, 0, 5, 451.95, 143103, 173, 0, 0
319, 0, 7, 193, 157, 14, 42.51%, 0, 0, 5, 469.64, 145431, 173, 0, 0
324, 0, 0, 199, 162, 18, 44.72%, 0, 0, 5, 441.36, 147620, 182, 0, 0
329, 0, 181, 199, 160, 16, 44.72%, 0, 0, 5, 446.31, 149913, 182, 0, 0
334, 0, 182, 207, 167, 15, 45.95%, 0, 0, 5, 446.57, 152270, 187, 0, 0
339, 0, 182, 212, 172, 15, 45.95%, 0, 0, 5, 468.71, 154712, 187, 0, 0
344, 0, 182, 216, 176, 15, 45.95%, 0, 0, 5, 461.66, 156999, 187, 0, 0
349, 0, 182, 217, 177, 15, 45.95%, 0, 0, 5, 469.08, 159365, 187, 0, 0
354, 0, 182, 218, 178, 15, 45.95%, 0, 0, 5, 449.48, 161667, 187, 0, 0
360, 0, 182, 218, 178, 15, 45.95%, 0, 0, 5, 460.27, 163971, 187, 0, 0
365, 0, 182, 219, 179, 15, 45.95%, 0, 0, 5, 447.53, 166228, 187, 0, 0
370, 0, 182, 220, 180, 15, 45.95%, 0, 0, 5, 462.85, 168638, 187, 0, 0
375, 0, 182, 220, 180, 15, 45.95%, 0, 0, 5, 413.81, 170659, 187, 0, 0
380, 0, 182, 220, 180, 15, 45.95%, 0, 0, 5, 414.35, 172787, 187, 0, 0
385, 0, 182, 221, 181, 15, 45.95%, 0, 0, 5, 422.50, 174930, 187, 0, 0
390, 0, 182, 222, 182, 15, 45.95%, 0, 0, 5, 436.00, 177193, 187, 0, 0
395, 0, 182, 223, 183, 15, 46.19%, 0, 0, 5, 444.92, 179424, 188, 0, 0
400, 0, 182, 223, 183, 15, 46.19%, 0, 0, 5, 452.55, 181709, 188, 0, 0
405, 0, 182, 224, 184, 15, 46.19%, 0, 0, 5, 479.49, 184254, 188, 0, 0
410, 0, 182, 224, 184, 15, 46.19%, 0, 0, 5, 432.87, 186423, 188, 0, 0
416, 0, 182, 224, 184, 15, 46.19%, 0, 0, 5, 432.05, 188663, 188, 0, 0
421, 0, 21, 226, 183, 16, 46.19%, 0, 0, 6, 441.40, 190884, 188, 0, 0
426, 0, 195, 227, 182, 14, 46.44%, 0, 0, 6, 449.01, 193185, 189, 0, 0
431, 0, 195, 238, 193, 14, 46.93%, 1, 0, 6, 420.72, 195283, 191, 1, 0
436, 0, 195, 239, 194, 14, 46.93%, 1, 0, 6, 427.18, 197418, 191, 1, 0
441, 0, 195, 240, 195, 14, 46.93%, 1, 0, 6, 437.04, 199665, 191, 1, 0
446, 0, 195, 242, 197, 14, 46.93%, 1, 0, 6, 434.05, 201895, 191, 1, 0
451, 0, 195, 243, 198, 14, 46.93%, 1, 0, 6, 435.09, 204062, 191, 1, 0
456, 0, 195, 243, 198, 14, 46.93%, 1, 0, 6, 437.44, 206358, 191, 1, 0
461, 0, 195, 243, 198, 14, 46.93%, 1, 0, 6, 454.21, 208640, 191, 1, 0
466, 0, 195, 244, 199, 14, 46.93%, 1, 0, 6, 478.97, 211041, 191, 1, 0
471, 0, 195, 244, 199, 14, 46.93%, 1, 0, 6, 459.08, 213327, 191, 1, 0
477, 0, 195, 244, 199, 14, 46.93%, 1, 0, 6, 470.61, 215667, 191, 1, 0
482, 0, 195, 244, 199, 14, 46.93%, 1, 0, 6, 459.35, 217971, 191, 1, 0
487, 0, 195, 246, 201, 14, 47.67%, 1, 0, 6, 441.60, 220203, 194, 1, 0
492, 0, 195, 248, 203, 14, 47.67%, 1, 0, 6, 436.53, 222393, 194, 1, 0
497, 0, 195, 248, 203, 14, 47.67%, 1, 0, 6, 442.16, 224697, 194, 1, 0
502, 0, 195, 248, 203, 14, 47.67%, 1, 0, 6, 449.30, 227025, 194, 1, 0
507, 0, 195, 248, 203, 14, 47.67%, 1, 0, 6, 447.56, 229321, 194, 1, 0
512, 0, 195, 248, 203, 14, 47.67%, 1, 0, 6, 462.17, 231652, 194, 1, 0
517, 0, 230, 252, 206, 15, 47.67%, 1, 0, 6, 463.55, 233923, 194, 1, 0
522, 0, 192, 253, 206, 14, 47.67%, 2, 0, 6, 459.90, 236374, 194, 2, 0
527, 0, 245, 253, 204, 12, 47.67%, 2, 0, 6, 470.90, 238785, 194, 2, 0
532, 0, 159, 254, 204, 11, 47.67%, 2, 0, 6, 450.00, 241011, 194, 2, 0
537, 0, 159, 255, 205, 11, 47.67%, 2, 0, 6, 434.29, 243170, 194, 2, 0
543, 0, 216, 255, 202, 8, 47.67%, 2, 0, 6, 435.78, 245334, 194, 2, 0
548, 0, 219, 256, 200, 6, 48.40%, 2, 0, 6, 435.40, 247591, 197, 2, 0
553, 0, 227, 268, 211, 6, 48.40%, 2, 0, 6, 434.30, 249814, 197, 2, 0
558, 0, 196, 268, 209, 5, 48.40%, 2, 0, 6, 419.85, 251949, 197, 2, 0
563, 0, 256, 268, 206, 3, 48.40%, 2, 0, 6, 441.27, 254216, 197, 2, 0
568, 0, 103, 268, 200, 0, 48.40%, 2, 0, 6, 441.95, 256543, 197, 2, 0
573, 0, 159, 269, 196, 0, 48.40%, 2, 0, 6, 430.15, 258715, 197, 2, 0
578, 0, 156, 270, 197, 0, 48.40%, 2, 0, 6, 429.33, 260913, 197, 2, 0
583, 0, 144, 270, 195, 0, 48.40%, 2, 0, 6, 424.55, 263047, 197, 2, 0
588, 0, 263, 270, 194, 0, 48.40%, 2, 0, 6, 412.90, 265138, 197, 2, 0
594, 0, 207, 271, 193, 0, 48.65%, 2, 0, 6, 437.73, 267413, 198, 2, 0
599, 0, 258, 271, 189, 0, 48.65%, 2, 0, 6, 432.78, 269595, 198, 2, 0
604, 0, 115, 271, 186, 0, 48.65%, 2, 0, 6, 428.75, 271799, 198, 2, 0
609, 0, 234, 272, 185, 0, 48.65%, 2, 0, 6, 432.65, 273978, 198, 2, 0
614, 0, 120, 272, 182, 0, 48.65%, 2, 0, 6, 430.63, 276184, 198, 2, 0
619, 0, 192, 273, 180, 0, 48.65%, 2, 0, 6, 450.85, 278472, 198, 2, 0
624, 0, 273, 274, 180, 1, 48.65%, 2, 0, 6, 439.59, 280663, 198, 2, 0
629, 0, 124, 274, 178, 0, 48.65%, 2, 0, 6, 443.55, 282913, 198, 2, 0
634, 0, 247, 274, 175, 0, 48.65%, 2, 0, 6, 486.59, 285397, 198, 2, 0
639, 0, 140, 274, 174, 0, 48.65%, 2, 0, 6, 450.76, 287635, 198, 2, 0
644, 0, 156, 274, 173, 0, 48.65%, 2, 0, 6, 433.12, 289786, 198, 2, 0
649, 0, 139, 274, 173, 0, 48.65%, 2, 0, 6, 425.50, 291925, 198, 2, 0
654, 0, 122, 274, 172, 0, 48.65%, 2, 0, 6, 439.87, 294117, 198, 2, 0
659, 0, 208, 275, 170, 0, 48.65%, 2, 0, 6, 469.08, 296441, 198, 2, 0
664, 0, 238, 275, 168, 0, 48.65%, 2, 0, 6, 429.28, 298513, 198, 2, 0
669, 0, 138, 275, 165, 0, 48.65%, 2, 0, 6, 429.10, 300729, 198, 2, 0
674, 0, 181, 275, 164, 0, 48.65%, 2, 0, 6, 458.99, 303081, 198, 2, 0
680, 0, 256, 276, 165, 0, 48.65%, 2, 0, 6, 441.89, 305307, 198, 2, 0
685, 0, 157, 277, 165, 0, 48.65%, 2, 0, 6, 437.72, 307554, 198, 2, 0
690, 0, 191, 277, 163, 0, 48.65%, 2, 0, 6, 434.37, 309698, 198, 2, 0
695, 0, 244, 277, 161, 0, 48.65%, 2, 0, 6, 471.57, 312034, 198, 2, 0
700, 0, 11, 277, 158, 0, 48.65%, 2, 0, 6, 430.59, 314216, 198, 2, 0
705, 0, 208, 277, 156, 0, 48.65%, 2, 0, 6, 425.56, 316384, 198, 2, 0
710, 0, 230, 277, 154, 0, 48.65%, 2, 0, 6, 462.28, 318690, 198, 2, 0
715, 0, 3, 278, 152, 0, 48.65%, 2, 0, 6, 461.78, 321015, 198, 2, 0
720, 0, 46, 278, 150, 0, 48.65%, 2, 0, 6, 428.01, 323155, 198, 2, 0
725, 1, 102, 279, 148, 0, 48.65%, 2, 0, 6, 430.41, 325321, 198, 2, 0
730, 1, 39, 280, 147, 0, 48.65%, 2, 0, 6, 449.40, 327689, 198, 2, 0
735, 1, 280, 283, 149, 1, 48.89%, 2, 0, 6, 431.64, 329815, 199, 2, 0
740, 1, 43, 283, 146, 0, 48.89%, 2, 0, 6, 430.50, 332012, 199, 2, 0
745, 1, 97, 283, 142, 0, 48.89%, 2, 0, 6, 458.37, 334355, 199, 2, 0
751, 1, 187, 283, 137, 0, 48.89%, 2, 0, 6, 447.52, 336573, 199, 2, 0
756, 1, 179, 284, 135, 0, 48.89%, 2, 0, 6, 451.07, 338805, 199, 2, 0
761, 1, 130, 285, 133, 0, 48.89%, 2, 0, 6, 455.44, 341115, 199, 2, 0
766, 1, 71, 285, 131, 0, 48.89%, 2, 0, 6, 447.27, 343346, 199, 2, 0
771, 1, 197, 286, 129, 0, 48.89%, 2, 0, 6, 471.12, 345793, 199, 2, 0
776, 1, 277, 287, 128, 0, 48.89%, 2, 0, 6, 453.56, 348040, 199, 2, 0
781, 1, 243, 287, 125, 0, 48.89%, 2, 0, 6, 478.63, 350426, 199, 2, 0
786, 1, 173, 287, 120, 0, 48.89%, 2, 0, 6, 439.59, 352531, 199, 2, 0
791, 1, 228, 287, 116, 0, 48.89%, 2, 0, 6, 461.28, 354914, 199, 2, 0
796, 1, 283, 287, 114, 0, 48.89%, 2, 0, 6, 444.48, 357181, 199, 2, 0
801, 1, 168, 288, 113, 0, 48.89%, 2, 0, 6, 443.17, 359441, 199, 2, 0
806, 1, 239, 288, 110, 0, 48.89%, 2, 0, 6, 446.54, 361765, 199, 2, 0
811, 1, 117, 288, 106, 0, 48.89%, 2, 0, 6, 447.67, 364071, 199, 2, 0
816, 1, 40, 289, 105, 0, 48.89%, 2, 0, 6, 430.90, 366233, 199, 2, 0
822, 1, 186, 293, 108, 0, 48.89%, 2, 0, 6, 426.02, 368346, 199, 2, 0
827, 1, 186, 293, 108, 0, 48.89%, 2, 0, 6, 461.45, 370814, 199, 2, 0
832, 1, 186, 293, 108, 0, 48.89%, 2, 0, 6, 443.63, 372970, 199, 2, 0
837, 1, 128, 293, 103, 0, 48.89%, 2, 0, 6, 436.75, 375200, 199, 2, 0
842, 1, 240, 293, 102, 0, 48.89%, 2, 0, 6, 433.51, 377398, 199, 2, 0
847, 1, 44, 293, 99, 0, 48.89%, 2, 0, 6, 430.70, 379599, 199, 2, 0
852, 1, 202, 293, 96, 0, 48.89%, 2, 0, 6, 427.49, 381661, 199, 2, 0
857, 1, 282, 293, 91, 0, 48.89%, 2, 0, 6, 465.01, 384043, 199, 2, 0
862, 1, 156, 294, 90, 0, 48.89%, 2, 0, 6, 434.56, 386241, 199, 2, 0
867, 1, 293, 296, 92, 0, 48.89%, 2, 0, 6, 445.30, 388475, 199, 2, 0
872, 1, 293, 297, 93, 0, 48.89%, 2, 0, 6, 447.43, 390708, 199, 2, 0
877, 1, 293, 299, 95, 0, 48.89%, 2, 0, 6, 460.67, 393008, 199, 2, 0
882, 1, 293, 299, 95, 0, 48.89%, 2, 0, 6, 467.40, 395330, 199, 2, 0
887, 1, 274, 299, 94, 0, 48.89%, 2, 0, 6, 461.88, 397625, 199, 2, 0
892, 1, 262, 299, 90, 0, 48.89%, 2, 0, 6, 452.95, 399873, 199, 2, 0
898, 1, 188, 299, 88, 0, 48.89%, 2, 0, 6, 457.57, 402201, 199, 2, 0
903, 1, 198, 299, 85, 0, 48.89%, 2, 0, 6, 438.91, 404429, 199, 2, 0
908, 1, 222, 299, 83, 0, 48.89%, 2, 0, 6, 448.77, 406706, 199, 2, 0
913, 1, 85, 299, 80, 0, 48.89%, 2, 0, 6, 430.42, 408988, 199, 2, 0
918, 1, 286, 299, 78, 0, 48.89%, 2, 0, 6, 434.35, 411179, 199, 2, 0
923, 1, 206, 299, 76, 0, 48.89%, 2, 0, 6, 446.51, 413465, 199, 2, 0
928, 1, 133, 299, 74, 0, 48.89%, 2, 0, 6, 441.73, 415633, 199, 2, 0
933, 1, 142, 301, 75, 0, 48.89%, 2, 0, 6, 449.39, 417899, 199, 2, 0
938, 1, 136, 301, 72, 0, 48.89%, 2, 0, 6, 450.76, 420126, 199, 2, 0
943, 1, 256, 301, 69, 0, 48.89%, 2, 0, 6, 436.19, 422304, 199, 2, 0
948, 1, 127, 301, 68, 0, 48.89%, 2, 0, 6, 445.43, 424596, 199, 2, 0
953, 1, 300, 302, 67, 0, 48.89%, 2, 0, 6, 459.71, 426925, 199, 2, 0
958, 1, 169, 303, 66, 0, 48.89%, 2, 0, 6, 468.15, 429249, 199, 2, 0
964, 1, 0, 303, 63, 0, 48.89%, 2, 0, 6, 452.52, 431574, 199, 2, 0
969, 1, 159, 303, 62, 0, 48.89%, 2, 0, 6, 446.56, 433752, 199, 2, 0
974, 1, 159, 303, 60, 0, 48.89%, 2, 0, 6, 475.16, 436153, 199, 2, 0
979, 1, 159, 304, 60, 0, 49.14%, 2, 0, 6, 445.13, 438349, 200, 2, 0
984, 1, 145, 304, 59, 0, 49.14%, 2, 0, 6, 471.86, 440733, 200, 2, 0
989, 1, 116, 304, 57, 0, 49.14%, 2, 0, 6, 471.27, 443101, 200, 2, 0
994, 1, 235, 305, 54, 0, 49.14%, 2, 0, 6, 449.86, 445375, 200, 2, 0
999, 1, 269, 305, 51, 0, 49.14%, 2, 0, 6, 443.55, 447691, 200, 2, 0
1004, 1, 174, 305, 48, 0, 49.14%, 2, 0, 6, 461.86, 450013, 200, 2, 0
1009, 1, 264, 306, 49, 0, 49.14%, 2, 0, 7, 475.06, 452465, 200, 2, 0
1014, 1, 229, 306, 46, 0, 49.14%, 2, 0, 7, 445.66, 454695, 200, 2, 0
1019, 1, 226, 306, 43, 0, 49.14%, 2, 0, 7, 451.63, 457021, 200, 2, 0
1024, 1, 206, 306, 43, 0, 49.14%, 2, 0, 7, 453.69, 459323, 200, 2, 0
1029, 1, 54, 306, 40, 0, 49.14%, 2, 0, 7, 420.91, 461447, 200, 2, 0
1035, 2, 339, 390, 123, 19, 61.18%, 2, 0, 7, 456.52, 463804, 249, 2, 0
1040, 2, 318, 390, 122, 18, 61.18%, 2, 0, 7, 445.87, 466150, 249, 2, 0
1045, 2, 370, 391, 122, 17, 61.18%, 2, 0, 7, 484.07, 468602, 249, 2, 0
1050, 2, 379, 392, 122, 17, 61.43%, 2, 0, 7, 453.03, 470919, 250, 2, 0
1055, 2, 386, 392, 120, 15, 61.43%, 2, 0, 7, 444.87, 473140, 250, 2, 0
1060, 2, 386, 427, 155, 15, 61.92%, 2, 0, 7, 449.00, 475453, 252, 2, 0
1065, 2, 386, 430, 158, 15, 61.92%, 2, 0, 7, 437.11, 477626, 252, 2, 0
1070, 2, 386, 430, 158, 15, 61.92%, 2, 0, 7, 442.88, 479898, 252, 2, 0
1075, 2, 386, 430, 158, 15, 61.92%, 2, 0, 7, 443.68, 482136, 252, 2, 0
1080, 2, 386, 431, 159, 15, 61.92%, 2, 0, 7, 449.05, 484375, 252, 2, 0
1085, 2, 386, 431, 159, 15, 61.92%, 2, 0, 7, 459.39, 486706, 252, 2, 0
1091, 2, 386, 431, 159, 15, 61.92%, 2, 0, 7, 443.68, 488937, 252, 2, 0
1096, 2, 386, 431, 159, 15, 61.92%, 2, 0, 7, 444.20, 491197, 252, 2, 0
1101, 2, 386, 431, 159, 15, 61.92%, 2, 0, 7, 444.97, 493473, 252, 2, 0
1106, 2, 386, 431, 159, 15, 61.92%, 2, 0, 7, 456.37, 495833, 252, 2, 0
1111, 2, 386, 431, 159, 15, 61.92%, 2, 0, 7, 438.71, 498073, 252, 2, 0
1116, 2, 386, 432, 160, 15, 61.92%, 2, 0, 7, 421.40, 500216, 252, 2, 0
1121, 2, 386, 432, 160, 15, 61.92%, 2, 0, 7, 459.48, 502697, 252, 2, 0
1126, 2, 386, 432, 160, 15, 61.92%, 2, 0, 7, 464.93, 505064, 252, 2, 0
1132, 2, 386, 432, 160, 15, 61.92%, 2, 0, 7, 445.57, 507360, 252, 2, 0
1137, 2, 386, 432, 160, 15, 61.92%, 2, 0, 7, 461.17, 509744, 252, 2, 0
1142, 2, 386, 432, 160, 15, 61.92%, 2, 0, 7, 458.46, 512039, 252, 2, 0
1147, 2, 423, 432, 159, 15, 61.92%, 2, 0, 7, 425.68, 514152, 252, 2, 0
1152, 2, 393, 432, 157, 13, 61.92%, 4, 0, 7, 387.66, 516150, 252, 9, 0
1157, 2, 393, 432, 157, 13, 61.92%, 4, 0, 7, 373.92, 518093, 252, 9, 0
1162, 2, 333, 432, 155, 11, 61.92%, 4, 0, 7, 389.63, 520039, 252, 9, 0
1167, 2, 371, 432, 152, 9, 61.92%, 4, 0, 7, 429.87, 522278, 252, 9, 0
1172, 2, 365, 433, 152, 8, 61.92%, 4, 0, 7, 430.71, 524450, 252, 9, 0
1177, 2, 311, 433, 149, 5, 61.92%, 4, 0, 7, 449.86, 526769, 252, 9, 0
1182, 2, 359, 433, 146, 2, 61.92%, 8, 0, 7, 441.18, 529005, 252, 15, 0
1187, 2, 301, 433, 143, 0, 61.92%, 8, 0, 7, 465.68, 531382, 252, 15, 0
1192, 2, 408, 433, 140, 0, 61.92%, 8, 0, 7, 456.97, 533722, 252, 15, 0
1198, 2, 310, 433, 138, 0, 61.92%, 8, 0, 7, 462.90, 536060, 252, 15, 0
1203, 2, 372, 433, 135, 0, 61.92%, 8, 0, 7, 487.37, 538528, 252, 15, 0
1208, 2, 347, 433, 133, 0, 61.92%, 8, 0, 7, 446.40, 540738, 252, 15, 0
1213, 2, 367, 433, 130, 0, 61.92%, 8, 0, 7, 436.80, 542917, 252, 15, 0
1218, 2, 392, 433, 129, 0, 61.92%, 8, 0, 7, 440.97, 545161, 252, 15, 0
1223, 2, 324, 433, 128, 0, 61.92%, 8, 0, 7, 454.31, 547470, 252, 15, 0
1228, 2, 375, 433, 125, 0, 61.92%, 8, 0, 7, 454.86, 549747, 252, 15, 0
1233, 2, 329, 433, 123, 0, 61.92%, 8, 0, 7, 446.25, 552001, 252, 15, 0
1238, 2, 319, 434, 122, 0, 61.92%, 8, 0, 7, 451.39, 554329, 252, 15, 0
1243, 2, 427, 434, 120, 0, 61.92%, 8, 0, 7, 456.89, 556645, 252, 15, 0
1248, 2, 185, 434, 118, 0, 61.92%, 8, 0, 7, 428.45, 558796, 252, 15, 0
1253, 2, 342, 434, 115, 0, 61.92%, 8, 0, 7, 429.70, 561015, 252, 15, 0
1258, 2, 354, 435, 114, 0, 61.92%, 8, 0, 7, 459.31, 563306, 252, 15, 0
1263, 2, 403, 435, 112, 0, 61.92%, 8, 0, 7, 475.22, 565674, 252, 15, 0
1268, 2, 381, 435, 109, 0, 61.92%, 8, 0, 7, 445.94, 567930, 252, 15, 0
1273, 2, 397, 435, 108, 0, 61.92%, 9, 0, 7, 421.86, 570068, 252, 18, 0
1279, 2, 418, 435, 105, 0, 61.92%, 9, 0, 7, 436.27, 572276, 252, 18, 0
1284, 2, 417, 435, 104, 0, 61.92%, 9, 0, 7, 449.06, 574596, 252, 18, 0
1289, 2, 337, 435, 101, 0, 61.92%, 9, 0, 7, 452.37, 576922, 252, 18, 0
1294, 2, 401, 435, 99, 0, 61.92%, 9, 0, 7, 460.90, 579214, 252, 18, 0
1299, 2, 178, 436, 97, 0, 61.92%, 9, 0, 7, 449.92, 581490, 252, 18, 0
1304, 2, 382, 436, 95, 0, 61.92%, 9, 0, 7, 469.56, 583862, 252, 18, 0
1309, 2, 156, 436, 93, 0, 61.92%, 9, 0, 7, 450.31, 586146, 252, 19, 0
1314, 2, 176, 436, 92, 0, 61.92%, 9, 0, 7, 430.77, 588356, 252, 20, 0
1319, 2, 131, 436, 90, 0, 61.92%, 9, 0, 7, 424.51, 590505, 252, 21, 0
1324, 2, 348, 436, 88, 0, 61.92%, 9, 0, 7, 437.66, 592813, 252, 22, 0
1329, 2, 109, 436, 87, 0, 61.92%, 10, 0, 7, 450.48, 595062, 252, 24, 0
1334, 2, 149, 436, 84, 0, 61.92%, 10, 0, 7, 461.47, 597422, 252, 24, 0
1339, 2, 219, 436, 82, 0, 61.92%, 10, 0, 7, 455.24, 599674, 252, 24, 0
1344, 2, 343, 436, 81, 0, 61.92%, 10, 0, 7, 463.49, 602003, 252, 24, 0
1349, 2, 325, 436, 79, 0, 61.92%, 10, 0, 7, 444.93, 604242, 252, 27, 0
1355, 2, 406, 436, 77, 0, 61.92%, 10, 0, 7, 445.69, 606586, 252, 27, 0
1360, 2, 431, 436, 76, 0, 61.92%, 10, 0, 7, 440.94, 608795, 252, 28, 0
1365, 2, 362, 436, 74, 0, 61.92%, 10, 0, 7, 470.81, 611183, 252, 29, 0
1370, 2, 425, 436, 72, 0, 61.92%, 10, 0, 7, 453.48, 613426, 252, 29, 0
1375, 2, 210, 436, 70, 0, 61.92%, 10, 0, 7, 447.57, 615632, 252, 29, 0
1380, 2, 141, 436, 68, 0, 61.92%, 10, 0, 7, 423.43, 617762, 252, 29, 0
1385, 2, 151, 437, 67, 0, 61.92%, 10, 0, 7, 441.40, 619917, 252, 29, 0
1390, 2, 148, 437, 66, 0, 61.92%, 10, 0, 7, 449.08, 622215, 252, 29, 0
1395, 2, 327, 438, 65, 0, 61.92%, 10, 0, 7, 434.72, 624403, 252, 29, 0
1401, 2, 272, 438, 63, 0, 61.92%, 10, 0, 7, 455.76, 626770, 252, 29, 0
1406, 2, 390, 438, 62, 0, 61.92%, 10, 0, 7, 454.18, 629043, 252, 29, 0
1411, 2, 273, 438, 59, 0, 61.92%, 10, 0, 7, 429.54, 631240, 252, 29, 0
1416, 2, 314, 438, 58, 0, 61.92%, 10, 0, 7, 454.79, 633551, 252, 29, 0
1421, 2, 377, 438, 57, 0, 61.92%, 10, 0, 7, 455.66, 635823, 252, 34, 0
1426, 2, 429, 438, 55, 0, 61.92%, 10, 0, 7, 455.87, 638097, 252, 34, 0
1431, 2, 356, 438, 53, 0, 61.92%, 10, 0, 7, 457.04, 640346, 252, 34, 0
1436, 2, 379, 438, 51, 0, 61.92%, 10, 0, 7, 454.98, 642635, 252, 34, 0
1441, 2, 349, 438, 50, 0, 61.92%, 10, 0, 7, 452.28, 644952, 252, 34, 0
1446, 2, 59, 438, 49, 0, 61.92%, 10, 0, 7, 461.79, 647280, 252, 34, 0
1451, 2, 416, 438, 47, 0, 61.92%, 10, 0, 7, 446.58, 649566, 252, 34, 0
1456, 2, 411, 438, 46, 0, 61.92%, 10, 0, 7, 480.76, 651977, 252, 34, 0
1461, 2, 421, 438, 44, 0, 61.92%, 10, 0, 7, 459.36, 654259, 252, 34, 0
1467, 2, 378, 438, 43, 0, 61.92%, 10, 0, 7, 446.60, 656472, 252, 34, 0
1472, 2, 159, 438, 41, 0, 61.92%, 10, 0, 7, 461.32, 658781, 252, 34, 0
1477, 2, 433, 438, 40, 0, 61.92%, 10, 0, 7, 464.56, 661080, 252, 34, 0
1482, 2, 405, 438, 38, 0, 61.92%, 10, 0, 7, 460.48, 663433, 252, 34, 0
1487, 2, 230, 438, 37, 0, 61.92%, 10, 0, 7, 458.68, 665785, 252, 35, 0
1492, 2, 272, 438, 35, 0, 61.92%, 10, 0, 7, 430.96, 667988, 252, 35, 0
1497, 2, 41, 438, 35, 0, 61.92%, 10, 0, 7, 439.78, 670193, 252, 35, 0
1502, 2, 373, 438, 34, 0, 61.92%, 10, 0, 7, 460.39, 672508, 252, 35, 0
1507, 2, 159, 438, 32, 0, 61.92%, 10, 0, 7, 441.49, 674670, 252, 35, 0
1512, 2, 438, 439, 32, 1, 62.16%, 10, 0, 7, 470.85, 676955, 253, 35, 0
1517, 2, 368, 439, 31, 0, 62.16%, 10, 0, 7, 459.05, 679276, 253, 35, 0
1522, 2, 181, 439, 30, 0, 62.16%, 10, 0, 7, 444.34, 681562, 253, 35, 0
1527, 2, 364, 439, 29, 0, 62.16%, 10, 0, 7, 442.76, 683852, 253, 35, 0
1532, 2, 409, 439, 26, 0, 62.16%, 10, 0, 7, 442.92, 686084, 253, 35, 0
1537, 2, 398, 439, 25, 0, 62.16%, 10, 0, 7, 461.78, 688406, 253, 35, 0
1542, 2, 186, 439, 24, 0, 62.16%, 10, 0, 7, 449.25, 690647, 253, 35, 0
1547, 3, 445, 447, 31, 3, 62.90%, 10, 0, 7, 457.89, 692941, 256, 35, 0
1553, 3, 440, 447, 29, 1, 62.90%, 10, 0, 7, 454.39, 695223, 256, 35, 0
1558, 3, 190, 447, 27, 0, 62.90%, 10, 0, 7, 439.14, 697418, 256, 37, 0
1563, 3, 400, 447, 26, 0, 62.90%, 10, 0, 7, 442.93, 699604, 256, 37, 0
1568, 3, 156, 447, 25, 0, 62.90%, 10, 0, 7, 454.54, 701868, 256, 37, 0
1573, 3, 330, 447, 25, 0, 62.90%, 10, 0, 7, 425.01, 703985, 256, 37, 0
1578, 3, 0, 447, 23, 0, 62.90%, 10, 0, 7, 448.71, 706305, 256, 37, 0
1583, 3, 285, 447, 23, 0, 62.90%, 10, 0, 7, 465.96, 708635, 256, 37, 0
1588, 3, 176, 447, 21, 0, 62.90%, 10, 0, 7, 439.06, 710868, 256, 37, 0
1593, 3, 224, 447, 21, 0, 62.90%, 10, 0, 7, 442.03, 713101, 256, 39, 0
1598, 3, 159, 447, 21, 0, 62.90%, 10, 0, 7, 435.62, 715291, 256, 39, 0
1603, 3, 348, 447, 20, 0, 62.90%, 10, 0, 7, 443.16, 717585, 256, 39, 0
1608, 3, 150, 447, 19, 0, 62.90%, 10, 0, 7, 457.30, 719930, 256, 40, 0
1613, 3, 359, 447, 19, 0, 62.90%, 10, 0, 7, 445.39, 722128, 256, 40, 0
1618, 3, 444, 447, 19, 0, 62.90%, 10, 0, 7, 450.46, 724357, 256, 43, 0
1623, 3, 159, 447, 18, 0, 62.90%, 10, 0, 7, 451.76, 726662, 256, 43, 0
1628, 3, 230, 447, 17, 0, 62.90%, 10, 0, 7, 445.69, 728918, 256, 43, 0
1633, 3, 333, 447, 17, 0, 62.90%, 10, 0, 7, 471.23, 731296, 256, 43, 0
1638, 3, 336, 447, 17, 0, 62.90%, 10, 0, 7, 442.23, 733544, 256, 43, 0
1643, 3, 144, 447, 16, 0, 62.90%, 10, 0, 7, 433.19, 735777, 256, 43, 0
1648, 3, 430, 447, 15, 0, 62.90%, 10, 0, 7, 451.35, 738089, 256, 43, 0
1654, 3, 272, 447, 13, 0, 62.90%, 10, 0, 7, 460.57, 740448, 256, 43, 0
1659, 3, 224, 447, 13, 0, 62.90%, 10, 0, 7, 473.44, 742821, 256, 43, 0
1664, 3, 272, 447, 12, 0, 62.90%, 10, 0, 7, 476.29, 745193, 256, 43, 0
1669, 3, 186, 447, 12, 0, 62.90%, 10, 0, 7, 448.79, 747471, 256, 44, 0
1674, 3, 392, 447, 12, 0, 62.90%, 10, 0, 7, 449.35, 749768, 256, 44, 0
1679, 3, 156, 447, 12, 0, 62.90%, 10, 0, 7, 454.70, 752123, 256, 44, 0
1684, 3, 3, 447, 12, 0, 62.90%, 10, 0, 7, 445.92, 754429, 256, 44, 0
1689, 3, 273, 447, 12, 0, 62.90%, 10, 0, 7, 465.01, 756815, 256, 44, 0
1694, 3, 159, 447, 12, 0, 62.90%, 10, 0, 7, 476.41, 759178, 256, 44, 0
1699, 3, 384, 447, 12, 0, 62.90%, 10, 0, 7, 456.87, 761408, 256, 44, 0
1704, 3, 298, 447, 11, 0, 62.90%, 10, 0, 7, 426.58, 763560, 256, 44, 0
1709, 3, 443, 447, 9, 0, 62.90%, 10, 0, 7, 442.65, 765866, 256, 44, 0
1714, 3, 181, 447, 8, 0, 62.90%, 10, 0, 7, 500.88, 768314, 256, 45, 0
1719, 3, 256, 447, 8, 0, 62.90%, 10, 0, 7, 455.34, 770590, 256, 45, 0
1724, 3, 393, 447, 8, 0, 62.90%, 10, 0, 7, 479.83, 773029, 256, 45, 0
1729, 3, 346, 447, 8, 0, 62.90%, 10, 0, 7, 476.31, 775405, 256, 45, 0
1734, 3, 144, 447, 7, 0, 62.90%, 10, 0, 7, 483.97, 777815, 256, 47, 0
1740, 3, 333, 447, 6, 0, 62.90%, 10, 0, 7, 465.19, 780183, 256, 47, 0
1745, 3, 363, 447, 6, 0, 62.90%, 10, 0, 7, 500.69, 782680, 256, 47, 0
1750, 3, 272, 447, 5, 0, 62.90%, 10, 0, 7, 470.80, 785016, 256, 47, 0
1755, 3, 240, 447, 5, 0, 62.90%, 10, 0, 7, 465.95, 787409, 256, 48, 0
1760, 3, 441, 447, 5, 0, 62.90%, 10, 0, 7, 470.75, 789774, 256, 50, 0
1765, 4, 379, 450, 7, 0, 62.90%, 10, 0, 7, 475.52, 792217, 256, 50, 0
1770, 4, 224, 450, 7, 0, 62.90%, 10, 0, 7, 474.84, 794619, 256, 51, 0
1775, 4, 176, 450, 7, 0, 62.90%, 10, 0, 7, 447.10, 796857, 256, 51, 0
1780, 4, 179, 450, 7, 0, 62.90%, 10, 0, 7, 456.16, 799060, 256, 53, 0
1785, 4, 426, 450, 6, 0, 62.90%, 10, 0, 7, 453.20, 801344, 256, 53, 0
1790, 4, 144, 450, 5, 0, 62.90%, 10, 0, 7, 471.69, 803694, 256, 53, 0
1795, 4, 447, 450, 5, 0, 62.90%, 11, 0, 7, 465.44, 806049, 256, 61, 0
1800, 4, 256, 450, 4, 0, 62.90%, 11, 0, 7, 429.32, 808154, 256, 61, 0
