# relative_time, cycles_done, cur_item, corpus_count, pending_total, pending_favs, map_size, saved_crashes, saved_hangs, max_depth, execs_per_sec, total_execs, edges_found, total_crashes, servers_count
60, 0, 0, 25, 20, 4, 21.13%, 0, 0, 2, 403.86, 27229, 86, 0, 0
66, 0, 0, 26, 21, 4, 27.03%, 0, 0, 2, 416.58, 29356, 110, 0, 0
71, 0, 0, 28, 23, 4, 27.27%, 0, 0, 2, 425.30, 31602, 111, 0, 0
76, 0, 0, 28, 23, 4, 27.27%, 0, 0, 2, 429.82, 33818, 111, 0, 0
81, 0, 0, 28, 23, 4, 27.27%, 0, 0, 2, 397.41, 35810, 111, 0, 0
86, 0, 0, 28, 23, 4, 27.27%, 0, 0, 2, 429.70, 37994, 111, 0, 0
91, 0, 0, 28, 23, 4, 27.27%, 0, 0, 2, 409.73, 40059, 111, 0, 0
96, 0, 0, 28, 23, 4, 27.27%, 0, 0, 2, 382.91, 41943, 111, 0, 0
101, 0, 0, 28, 23, 4, 27.27%, 0, 0, 2, 402.66, 44027, 111, 0, 0
106, 0, 0, 28, 23, 4, 27.27%, 0, 0, 2, 450.54, 46323, 111, 0, 0
111, 0, 0, 28, 23, 4, 27.27%, 0, 0, 2, 434.83, 48523, 111, 0, 0
116, 0, 0, 28, 23, 4, 27.27%, 0, 0, 2, 437.54, 50779, 111, 0, 0
122, 0, 3, 91, 85, 3, 40.29%, 0, 0, 2, 422.37, 52982, 164, 0, 0
127, 0, 8, 119, 112, 32, 44.23%, 0, 0, 2, 406.41, 55089, 180, 0, 0
132, 0, 8, 119, 112, 32, 44.23%, 0, 0, 2, 386.47, 57037, 180, 0, 0
137, 0, 8, 119, 112, 32, 44.23%, 0, 0, 2, 383.66, 58962, 180, 0, 0
142, 0, 13, 119, 108, 29, 44.23%, 0, 0, 2, 397.43, 60964, 180, 0, 0
147, 0, 20, 125, 108, 24, 44.23%, 0, 0, 3, 403.00, 63059, 180, 0, 0
152, 0, 25, 146, 127, 22, 44.23%, 0, 0, 3, 401.83, 65072, 180, 0, 0
157, 0, 41, 152, 129, 19, 44.96%, 0, 0, 3, 439.70, 67348, 183, 0, 0
162, 0, 41, 157, 134, 19, 44.96%, 0, 0, 3, 400.57, 69343, 183, 0, 0
167, 0, 41, 159, 136, 19, 44.96%, 0, 0, 3, 423.47, 71422, 183, 0, 0
172, 0, 41, 161, 138, 19, 44.96%, 0, 0, 3, 409.48, 73526, 183, 0, 0
177, 0, 41, 162, 139, 19, 44.96%, 0, 0, 3, 412.11, 75598, 183, 0, 0
183, 0, 41, 163, 140, 19, 44.96%, 0, 0, 3, 438.05, 77845, 183, 0, 0
188, 0, 66, 164, 139, 19, 44.96%, 0, 0, 3, 416.85, 79947, 183, 0, 0
193, 0, 69, 172, 146, 18, 44.96%, 0, 0, 3, 413.99, 82074, 183, 0, 0
198, 0, 69, 173, 147, 18, 44.96%, 0, 0, 3, 413.87, 84297, 183, 0, 0
203, 0, 69, 176, 150, 18, 44.96%, 0, 0, 3, 387.60, 86244, 183, 0, 0
208, 0, 69, 176, 150, 18, 44.96%, 0, 0, 3, 452.41, 88607, 183, 0, 0
213, 0, 69, 176, 150, 18, 44.96%, 0, 0, 3, 411.34, 90654, 183, 0, 0
218, 0, 69, 177, 151, 18, 44.96%, 0, 0, 3, 447.61, 92917, 183, 0, 0
223, 0, 69, 178, 152, 18, 44.96%, 0, 0, 3, 439.91, 95116, 183, 0, 0
228, 0, 69, 179, 153, 18, 44.96%, 0, 0, 3, 439.84, 97315, 183, 0, 0
233, 0, 69, 180, 154, 18, 44.96%, 0, 0, 3, 406.42, 99298, 183, 0, 0
238, 0, 69, 181, 155, 18, 44.96%, 0, 0, 3, 414.36, 101385, 183, 0, 0
244, 0, 69, 181, 155, 18, 44.96%, 0, 0, 3, 420.37, 103505, 183, 0, 0
249, 0, 69, 181, 155, 18, 44.96%, 0, 0, 3, 409.74, 105529, 183, 0, 0
254, 0, 69, 181, 155, 18, 44.96%, 0, 0, 3, 433.41, 107809, 183, 0, 0
259, 0, 69, 181, 155, 18, 44.96%, 0, 0, 3, 412.77, 109905, 183, 0, 0
264, 0, 69, 181, 155, 18, 44.96%, 0, 0, 3, 427.85, 112225, 183, 0, 0
269, 0, 69, 185, 159, 18, 44.96%, 0, 0, 3, 430.30, 114429, 183, 0, 0
274, 0, 69, 185, 159, 18, 44.96%, 0, 0, 3, 431.65, 116605, 183, 0, 0
279, 0, 69, 185, 159, 18, 44.96%, 0, 0, 3, 421.54, 118733, 183, 0, 0
284, 0, 69, 185, 159, 18, 44.96%, 0, 0, 3, 467.64, 121097, 183, 0, 0
289, 0, 69, 185, 159, 18, 44.96%, 0, 0, 3, 427.16, 123165, 183, 0, 0
294, 0, 69, 186, 160, 18, 44.96%, 0, 0, 3, 436.22, 125500, 183, 0, 0
299, 0, 69, 186, 160, 18, 44.96%, 0, 0, 3, 405.12, 127460, 183, 0, 0
305, 0, 69, 187, 161, 18, 44.96%, 0, 0, 3, 420.00, 129619, 183, 0, 0
310, 0, 69, 188, 162, 18, 44.96%, 0, 0, 3, 416.85, 131730, 183, 0, 0
315, 0, 85, 189, 161, 16, 44.96%, 0, 0, 3, 406.90, 133740, 183, 0, 0
320, 0, 105, 197, 167, 14, 44.96%, 0, 0, 3, 404.16, 135833, 183, 0, 0
325, 0, 105, 198, 168, 14, 44.96%, 0, 0, 3, 462.14, 138221, 183, 0, 0
330, 0, 105, 200, 170, 14, 44.96%, 0, 0, 3, 477.08, 140647, 183, 0, 0
335, 0, 105, 200, 170, 14, 44.96%, 0, 0, 3, 433.64, 142798, 183, 0, 0
340, 0, 105, 202, 172, 14, 44.96%, 0, 0, 3, 434.21, 144932, 183, 0, 0
345, 0, 105, 202, 172, 14, 44.96%, 0, 0, 3, 447.85, 147188, 183, 0, 0
350, 0, 105, 203, 173, 14, 44.96%, 0, 0, 3, 458.52, 149470, 183, 0, 0
355, 0, 105, 203, 173, 14, 44.96%, 0, 0, 3, 443.73, 151651, 183, 0, 0
360, 0, 105, 204, 174, 14, 44.96%, 0, 0, 3, 423.84, 153746, 183, 0, 0
365, 0, 105, 206, 176, 14, 44.96%, 0, 0, 3, 376.46, 155639, 183, 0, 0
370, 0, 105, 206, 176, 14, 44.96%, 0, 0, 3, 407.12, 157816, 183, 0, 0
375, 0, 105, 206, 176, 14, 44.96%, 0, 0, 3, 409.89, 159960, 183, 0, 0
381, 0, 105, 206, 176, 14, 44.96%, 0, 0, 3, 411.56, 162080, 183, 0, 0
386, 0, 105, 208, 178, 14, 44.96%, 0, 0, 3, 438.31, 164481, 183, 0, 0
391, 0, 105, 208, 178, 14, 44.96%, 0, 0, 3, 427.45, 166598, 183, 0, 0
396, 0, 105, 208, 178, 14, 44.96%, 0, 0, 3, 446.49, 168790, 183, 0, 0
401, 0, 105, 208, 178, 14, 44.96%, 0, 0, 3, 416.44, 170830, 183, 0, 0
406, 0, 105, 208, 178, 14, 44.96%, 0, 0, 3, 425.94, 172958, 183, 0, 0
411, 0, 105, 208, 178, 14, 44.96%, 0, 0, 3, 430.16, 175135, 183, 0, 0
416, 0, 105, 208, 178, 14, 44.96%, 0, 0, 3, 435.06, 177335, 183, 0, 0
421, 0, 105, 208, 178, 14, 44.96%, 0, 0, 3, 417.85, 179495, 183, 0, 0
426, 0, 105, 209, 179, 14, 44.96%, 0, 0, 3, 460.63, 181787, 183, 0, 0
431, 0, 105, 209, 179, 14, 44.96%, 0, 0, 3, 427.94, 183838, 183, 0, 0
437, 0, 105, 209, 179, 14, 44.96%, 0, 0, 3, 385.74, 185726, 183, 0, 0
442, 0, 112, 214, 180, 11, 45.45%, 0, 0, 3, 374.43, 187634, 185, 0, 0
447, 0, 138, 223, 186, 8, 46.19%, 0, 0, 4, 408.74, 189761, 188, 0, 0
452, 0, 138, 226, 189, 8, 46.19%, 0, 0, 4, 417.57, 191862, 188, 0, 0
457, 0, 138, 227, 190, 8, 46.19%, 0, 0, 4, 415.23, 193997, 188, 0, 0
462, 0, 147, 228, 189, 7, 46.19%, 0, 0, 4, 444.57, 196290, 188, 0, 0
467, 0, 162, 233, 193, 7, 46.19%, 0, 0, 4, 427.82, 198410, 188, 0, 0
472, 0, 176, 233, 192, 7, 46.19%, 0, 0, 4, 430.19, 200586, 188, 0, 0
477, 0, 210, 236, 192, 4, 46.44%, 1, 0, 4, 413.94, 202734, 189, 1, 0
482, 0, 227, 240, 193, 4, 46.44%, 1, 0, 5, 431.14, 204921, 189, 1, 0
487, 0, 236, 240, 190, 1, 46.44%, 1, 0, 5, 466.96, 207257, 189, 1, 0
492, 1, 132, 248, 195, 1, 46.93%, 1, 0, 5, 445.09, 209478, 191, 1, 0
497, 1, 132, 250, 197, 1, 46.93%, 1, 0, 5, 427.44, 211607, 191, 1, 0
502, 1, 132, 251, 198, 1, 46.93%, 1, 0, 5, 448.11, 213891, 191, 1, 0
507, 1, 244, 253, 197, 0, 46.93%, 1, 0, 5, 424.30, 216012, 191, 1, 0
513, 1, 244, 259, 203, 0, 46.93%, 1, 0, 5, 424.22, 218110, 191, 1, 0
518, 1, 244, 259, 203, 0, 46.93%, 1, 0, 5, 394.78, 220160, 191, 1, 0
523, 1, 244, 260, 204, 0, 46.93%, 1, 0, 5, 395.93, 222267, 191, 1, 0
528, 1, 244, 260, 204, 0, 46.93%, 1, 0, 5, 419.30, 224453, 191, 1, 0
533, 1, 244, 260, 204, 0, 46.93%, 1, 0, 5, 429.61, 226661, 191, 1, 0
538, 1, 249, 261, 204, 1, 46.93%, 1, 0, 5, 434.52, 228844, 191, 1, 0
543, 1, 249, 264, 207, 1, 46.93%, 1, 0, 5, 438.50, 231129, 191, 1, 0
548, 1, 249, 264, 207, 1, 46.93%, 1, 0, 5, 451.00, 233425, 191, 1, 0
553, 1, 249, 264, 207, 1, 46.93%, 1, 0, 5, 438.28, 235673, 191, 1, 0
559, 1, 249, 264, 207, 1, 46.93%, 1, 0, 5, 416.23, 237745, 191, 1, 0
564, 1, 264, 283, 222, 0, 47.91%, 1, 0, 5, 419.22, 239876, 195, 1, 0
569, 2, 268, 325, 259, 10, 49.63%, 1, 0, 5, 406.59, 242031, 202, 1, 0
574, 2, 291, 325, 255, 7, 49.63%, 1, 0, 5, 431.89, 244206, 202, 1, 0
579, 2, 317, 325, 252, 4, 49.63%, 1, 0, 5, 431.20, 246495, 202, 1, 0
584, 3, 252, 327, 250, 1, 49.88%, 1, 0, 5, 425.71, 248592, 203, 1, 0
589, 3, 326, 327, 249, 1, 49.88%, 1, 0, 5, 428.31, 250731, 203, 1, 0
594, 4, 72, 327, 240, 0, 49.88%, 1, 0, 5, 438.84, 252985, 203, 1, 0
599, 4, 130, 327, 225, 0, 49.88%, 1, 0, 5, 398.46, 255023, 203, 1, 0
604, 4, 181, 327, 214, 0, 49.88%, 1, 0, 5, 416.80, 257175, 203, 1, 0
610, 4, 222, 327, 204, 0, 49.88%, 1, 0, 5, 395.78, 259167, 203, 1, 0
615, 4, 262, 328, 199, 0, 49.88%, 1, 0, 6, 406.31, 261239, 203, 1, 0
620, 4, 280, 329, 197, 0, 49.88%, 2, 0, 6, 394.91, 263176, 203, 3, 0
625, 4, 317, 330, 192, 0, 49.88%, 2, 0, 6, 426.27, 265424, 203, 3, 0
630, 4, 328, 331, 190, 0, 49.88%, 2, 0, 6, 410.99, 267523, 203, 3, 0
635, 4, 330, 333, 190, 0, 49.88%, 2, 0, 6, 387.97, 269449, 203, 3, 0
640, 4, 330, 333, 190, 0, 49.88%, 2, 0, 6, 418.55, 271641, 203, 3, 0
645, 5, 87, 334, 183, 0, 49.88%, 2, 0, 6, 414.09, 273773, 203, 3, 0
650, 5, 176, 334, 169, 0, 49.88%, 3, 0, 6, 434.63, 275922, 203, 6, 0
655, 5, 334, 335, 163, 1, 50.12%, 3, 0, 6, 440.11, 278191, 204, 6, 0
660, 6, 93, 336, 156, 0, 50.12%, 3, 0, 6, 416.32, 280299, 204, 6, 0
665, 6, 176, 336, 147, 0, 50.12%, 3, 0, 6, 425.19, 282425, 204, 6, 0
670, 6, 237, 336, 139, 0, 50.12%, 4, 0, 6, 395.76, 284362, 204, 7, 0
675, 6, 270, 336, 133, 0, 50.12%, 4, 0, 6, 414.75, 286492, 204, 7, 0
681, 6, 294, 336, 127, 0, 50.12%, 4, 0, 6, 389.46, 288542, 204, 7, 0
686, 6, 333, 337, 125, 1, 50.37%, 4, 0, 6, 386.94, 290542, 205, 7, 0
691, 7, 14, 337, 123, 0, 50.37%, 4, 0, 6, 422.56, 292725, 205, 7, 0
696, 7, 138, 337, 114, 0, 50.37%, 4, 0, 6, 414.48, 294923, 205, 7, 0
701, 7, 210, 337, 106, 0, 50.37%, 4, 0, 6, 421.71, 297013, 205, 8, 0
706, 7, 291, 337, 104, 0, 50.37%, 4, 0, 6, 394.50, 299082, 205, 12, 0
711, 7, 322, 337, 100, 0, 50.37%, 4, 0, 6, 403.03, 301126, 205, 12, 0
716, 8, 44, 337, 97, 0, 50.37%, 4, 0, 6, 401.74, 303211, 205, 12, 0
721, 8, 138, 337, 87, 0, 50.37%, 4, 0, 6, 414.13, 305312, 205, 13, 0
727, 8, 233, 337, 83, 0, 50.37%, 4, 0, 6, 428.02, 307517, 205, 15, 0
732, 8, 275, 337, 81, 0, 50.37%, 4, 0, 6, 398.52, 309467, 205, 15, 0
737, 8, 322, 337, 75, 0, 50.37%, 4, 0, 6, 408.33, 311659, 205, 15, 0
742, 9, 56, 340, 77, 0, 50.37%, 4, 0, 6, 437.23, 313842, 205, 15, 0
747, 9, 176, 340, 71, 0, 50.37%, 4, 0, 6, 411.62, 315866, 205, 15, 0
752, 9, 268, 340, 66, 0, 50.37%, 4, 0, 6, 411.72, 317963, 205, 19, 0
757, 9, 298, 342, 67, 0, 50.37%, 4, 0, 6, 407.55, 320013, 205, 19, 0
762, 9, 298, 343, 68, 0, 50.37%, 4, 0, 6, 410.79, 322156, 205, 19, 0
767, 10, 15, 343, 67, 0, 50.37%, 4, 0, 6, 427.44, 324282, 205, 19, 0
772, 10, 146, 343, 63, 0, 50.37%, 4, 0, 6, 415.46, 326437, 205, 19, 0
778, 10, 223, 343, 57, 0, 50.37%, 4, 0, 6, 437.98, 328703, 205, 20, 0
783, 10, 309, 343, 56, 0, 50.37%, 4, 0, 6, 379.16, 330576, 205, 21, 0
788, 10, 338, 344, 55, 0, 50.37%, 4, 0, 6, 378.12, 332466, 205, 21, 0
793, 11, 345, 347, 53, 2, 50.86%, 4, 0, 6, 444.68, 334752, 207, 21, 0
798, 12, 50, 347, 50, 0, 50.86%, 4, 0, 6, 435.48, 336847, 207, 21, 0
803, 12, 176, 347, 49, 0, 50.86%, 4, 0, 6, 418.18, 338989, 207, 21, 0
808, 12, 295, 347, 48, 0, 50.86%, 4, 0, 6, 424.41, 341110, 207, 23, 0
813, 12, 334, 347, 45, 0, 50.86%, 4, 0, 6, 427.35, 343261, 207, 23, 0
818, 13, 20, 347, 45, 0, 50.86%, 4, 0, 6, 418.71, 345455, 207, 23, 0
823, 13, 127, 347, 42, 0, 50.86%, 4, 0, 6, 419.39, 347566, 207, 23, 0
828, 13, 251, 347, 40, 0, 50.86%, 4, 0, 6, 407.57, 349725, 207, 23, 0
834, 13, 324, 347, 39, 0, 50.86%, 4, 0, 6, 409.35, 351780, 207, 24, 0
839, 13, 345, 347, 36, 0, 50.86%, 4, 0, 6, 405.39, 353819, 207, 24, 0
844, 14, 138, 347, 36, 0, 50.86%, 5, 0, 6, 398.01, 355892, 207, 25, 0
849, 14, 235, 347, 35, 0, 50.86%, 5, 0, 6, 399.83, 357924, 207, 25, 0
854, 14, 348, 350, 37, 1, 51.35%, 5, 0, 6, 417.73, 360064, 209, 28, 0
859, 14, 348, 352, 39, 1, 51.60%, 5, 0, 6, 421.82, 362190, 210, 28, 0
864, 14, 348, 352, 39, 1, 51.60%, 5, 0, 6, 431.64, 364326, 210, 29, 0
869, 15, 20, 355, 40, 0, 51.60%, 6, 0, 6, 436.52, 366515, 210, 30, 0
874, 15, 173, 355, 38, 0, 51.60%, 6, 0, 6, 424.14, 368671, 210, 30, 0
879, 15, 253, 355, 36, 0, 51.60%, 6, 0, 6, 392.71, 370562, 210, 30, 0
884, 15, 304, 355, 34, 0, 51.60%, 6, 0, 6, 439.43, 372785, 210, 31, 0
889, 15, 337, 355, 32, 0, 51.60%, 6, 0, 6, 440.39, 375014, 210, 31, 0
894, 15, 350, 356, 31, 0, 51.60%, 6, 0, 6, 441.77, 377410, 210, 31, 0
900, 16, 138, 358, 31, 0, 51.60%, 6, 0, 6, 425.54, 379591, 210, 31, 0
905, 16, 277, 358, 30, 0, 51.60%, 6, 0, 6, 435.79, 381779, 210, 33, 0
906, 16, 316, 358, 30, 0, 51.60%, 6, 0, 6, 0.00, 382400, 210, 33, 0
