# relative_time, cycles_done, cur_item, corpus_count, pending_total, pending_favs, map_size, saved_crashes, saved_hangs, max_depth, execs_per_sec, total_execs, edges_found, total_crashes, servers_count
61, 0, 9, 73, 68, 4, 30.71%, 0, 0, 2, 434.64, 27456, 125, 0, 0
66, 0, 9, 73, 68, 4, 30.71%, 0, 0, 2, 423.15, 29624, 125, 0, 0
71, 0, 9, 73, 68, 4, 30.71%, 0, 0, 2, 456.57, 31944, 125, 0, 0
76, 0, 9, 73, 68, 4, 30.71%, 0, 0, 2, 439.16, 34280, 125, 0, 0
81, 0, 9, 73, 68, 4, 30.71%, 0, 0, 2, 423.65, 36400, 125, 0, 0
86, 0, 9, 74, 69, 4, 30.71%, 0, 0, 2, 437.69, 38647, 125, 0, 0
91, 0, 9, 74, 69, 4, 30.71%, 0, 0, 2, 427.90, 40800, 125, 0, 0
96, 0, 9, 74, 69, 4, 30.71%, 0, 0, 2, 410.75, 42976, 125, 0, 0
101, 0, 9, 74, 69, 4, 30.71%, 0, 0, 2, 432.80, 45168, 125, 0, 0
106, 0, 9, 76, 71, 4, 30.71%, 0, 0, 2, 403.96, 47206, 125, 0, 0
112, 0, 9, 78, 73, 4, 30.71%, 0, 0, 2, 394.99, 49194, 125, 0, 0
117, 0, 9, 78, 73, 4, 30.71%, 0, 0, 2, 393.97, 51175, 125, 0, 0
122, 0, 9, 78, 73, 4, 30.71%, 0, 0, 2, 400.37, 53260, 125, 0, 0
127, 0, 71, 101, 95, 32, 41.77%, 0, 0, 3, 395.14, 55325, 170, 0, 0
132, 0, 3, 102, 88, 25, 42.01%, 0, 0, 3, 390.97, 57325, 171, 0, 0
137, 0, 76, 106, 91, 24, 42.01%, 0, 0, 3, 432.21, 59520, 171, 0, 0
142, 0, 76, 113, 98, 24, 42.26%, 0, 0, 3, 432.23, 61753, 172, 0, 0
147, 0, 76, 115, 100, 24, 42.26%, 0, 0, 3, 433.15, 63928, 172, 0, 0
152, 0, 76, 117, 102, 24, 42.26%, 0, 0, 3, 396.56, 65904, 172, 0, 0
158, 0, 76, 118, 103, 24, 42.26%, 0, 0, 3, 410.07, 67997, 172, 0, 0
163, 0, 76, 118, 103, 24, 42.26%, 0, 0, 3, 389.35, 69971, 172, 0, 0
168, 0, 76, 118, 103, 24, 42.26%, 0, 0, 3, 409.81, 72125, 172, 0, 0
173, 0, 76, 119, 104, 24, 42.26%, 0, 0, 3, 425.18, 74260, 172, 0, 0
178, 0, 76, 119, 104, 24, 42.26%, 0, 0, 3, 420.04, 76364, 172, 0, 0
183, 0, 76, 120, 105, 24, 42.26%, 0, 0, 3, 456.40, 78643, 172, 0, 0
188, 0, 76, 120, 105, 24, 42.26%, 0, 0, 3, 416.73, 80651, 172, 0, 0
193, 0, 76, 121, 106, 24, 42.26%, 0, 0, 3, 412.80, 82746, 172, 0, 0
198, 0, 76, 122, 107, 24, 42.26%, 0, 0, 3, 421.22, 84937, 172, 0, 0
203, 0, 76, 122, 107, 24, 42.26%, 0, 0, 3, 423.71, 87025, 172, 0, 0
208, 0, 0, 122, 106, 24, 42.26%, 0, 0, 3, 426.54, 89169, 172, 0, 0
214, 0, 60, 125, 107, 22, 42.26%, 0, 0, 3, 430.47, 91373, 172, 0, 0
219, 0, 60, 127, 109, 22, 42.26%, 0, 0, 3, 425.95, 93539, 172, 0, 0
224, 0, 60, 130, 112, 22, 42.26%, 0, 0, 3, 441.74, 95800, 172, 0, 0
229, 0, 60, 131, 113, 22, 42.26%, 0, 0, 3, 415.23, 97927, 172, 0, 0
234, 0, 60, 132, 114, 22, 42.26%, 0, 0, 3, 416.23, 100150, 172, 0, 0
239, 0, 60, 133, 115, 22, 42.26%, 0, 0, 3, 418.45, 102293, 172, 0, 0
244, 0, 60, 135, 117, 22, 42.26%, 0, 0, 3, 415.62, 104403, 172, 0, 0
249, 0, 60, 136, 118, 22, 42.26%, 0, 0, 3, 400.15, 106412, 172, 0, 0
254, 0, 60, 137, 119, 22, 42.26%, 0, 0, 3, 422.32, 108617, 172, 0, 0
259, 0, 60, 137, 119, 22, 42.26%, 0, 0, 3, 441.72, 110866, 172, 0, 0
264, 0, 60, 139, 121, 22, 42.26%, 0, 0, 3, 446.11, 113149, 172, 0, 0
269, 0, 60, 139, 121, 22, 42.26%, 0, 0, 3, 415.80, 115232, 172, 0, 0
275, 0, 60, 141, 123, 22, 42.26%, 0, 0, 3, 458.25, 117744, 172, 0, 0
280, 0, 60, 141, 123, 22, 42.26%, 0, 0, 3, 417.92, 119758, 172, 0, 0
285, 0, 60, 141, 123, 22, 42.26%, 0, 0, 3, 418.37, 121934, 172, 0, 0
290, 0, 60, 141, 123, 22, 42.26%, 0, 0, 3, 417.50, 124062, 172, 0, 0
295, 0, 60, 142, 124, 22, 42.26%, 0, 0, 3, 445.53, 126400, 172, 0, 0
300, 0, 60, 142, 124, 22, 42.26%, 0, 0, 3, 427.60, 128549, 172, 0, 0
305, 0, 60, 142, 124, 22, 42.26%, 0, 0, 3, 433.69, 130726, 172, 0, 0
310, 0, 60, 142, 124, 22, 42.26%, 0, 0, 3, 417.48, 132774, 172, 0, 0
315, 0, 60, 142, 124, 22, 42.26%, 0, 0, 3, 423.81, 134998, 172, 0, 0
320, 0, 60, 142, 124, 22, 42.26%, 0, 0, 3, 435.02, 137206, 172, 0, 0
325, 0, 60, 143, 125, 22, 42.26%, 0, 0, 3, 447.16, 139431, 172, 0, 0
330, 0, 60, 143, 125, 22, 42.26%, 0, 0, 3, 435.23, 141621, 172, 0, 0
335, 0, 95, 143, 123, 19, 42.26%, 0, 0, 3, 423.90, 143779, 172, 0, 0
340, 0, 94, 143, 122, 18, 42.26%, 0, 0, 3, 433.38, 145946, 172, 0, 0
345, 0, 143, 150, 128, 18, 42.26%, 0, 0, 3, 448.48, 148233, 172, 0, 0
350, 0, 143, 153, 131, 18, 42.26%, 0, 0, 3, 453.94, 150532, 172, 0, 0
356, 0, 143, 153, 131, 18, 42.26%, 0, 0, 3, 453.92, 152908, 172, 0, 0
361, 0, 143, 153, 131, 18, 42.26%, 0, 0, 3, 459.86, 155331, 172, 0, 0
366, 0, 143, 153, 131, 18, 42.26%, 0, 0, 3, 443.31, 157564, 172, 0, 0
371, 0, 143, 155, 133, 18, 42.26%, 0, 0, 3, 420.75, 159746, 172, 0, 0
376, 0, 150, 169, 146, 18, 42.26%, 0, 0, 4, 449.58, 161998, 172, 0, 0
381, 0, 150, 177, 154, 18, 42.26%, 0, 0, 4, 431.76, 164238, 172, 0, 0
386, 0, 150, 181, 158, 18, 42.26%, 0, 0, 4, 423.33, 166354, 172, 0, 0
391, 0, 150, 183, 160, 18, 42.26%, 0, 0, 4, 461.27, 168695, 172, 0, 0
396, 0, 150, 183, 160, 18, 42.26%, 0, 0, 4, 429.75, 170889, 172, 0, 0
401, 0, 150, 187, 164, 18, 42.51%, 0, 0, 4, 426.07, 173013, 173, 0, 0
407, 0, 183, 187, 163, 20, 42.51%, 0, 0, 4, 427.78, 175149, 173, 0, 0
412, 0, 164, 187, 161, 18, 42.51%, 0, 0, 4, 462.32, 177189, 173, 0, 0
417, 0, 93, 188, 160, 16, 42.51%, 0, 0, 5, 436.35, 179423, 173, 0, 0
422, 0, 97, 188, 159, 15, 42.51%, 0, 0, 5, 425.39, 181506, 173, 0, 0
427, 0, 116, 188, 155, 11, 42.51%, 0, 0, 5, 390.37, 183485, 173, 0, 0
432, 0, 82, 188, 153, 9, 42.51%, 0, 0, 5, 409.06, 185599, 173, 0, 0
437, 0, 82, 188, 153, 9, 42.51%, 0, 0, 5, 388.45, 187508, 173, 0, 0
442, 0, 67, 188, 151, 7, 42.51%, 0, 0, 5, 402.48, 189509, 173, 0, 0
447, 0, 160, 188, 149, 5, 42.51%, 0, 0, 5, 413.54, 191575, 173, 0, 0
452, 0, 185, 192, 152, 5, 42.51%, 0, 0, 5, 414.25, 193665, 173, 0, 0
457, 0, 185, 193, 153, 5, 42.51%, 0, 0, 5, 428.80, 195760, 173, 0, 0
462, 0, 185, 194, 154, 5, 42.51%, 0, 0, 5, 435.84, 197863, 173, 0, 0
468, 0, 185, 194, 154, 5, 42.51%, 0, 0, 5, 428.34, 200039, 173, 0, 0
473, 0, 185, 196, 156, 5, 42.51%, 0, 0, 5, 430.44, 202253, 173, 0, 0
478, 0, 197, 198, 155, 4, 42.75%, 0, 0, 5, 424.82, 204371, 174, 0, 0
483, 0, 144, 198, 150, 0, 42.75%, 0, 0, 5, 441.98, 206586, 174, 0, 0
488, 0, 171, 209, 160, 0, 42.75%, 0, 0, 5, 390.57, 208524, 174, 0, 0
493, 0, 129, 211, 160, 0, 42.75%, 0, 0, 5, 425.06, 210710, 174, 0, 0
498, 0, 71, 215, 161, 0, 42.75%, 0, 0, 5, 397.31, 212791, 174, 0, 0
503, 0, 71, 216, 162, 0, 42.75%, 0, 0, 5, 427.17, 214950, 174, 0, 0
508, 0, 71, 216, 162, 0, 42.75%, 0, 0, 5, 413.66, 217046, 174, 0, 0
513, 0, 71, 216, 162, 0, 42.75%, 0, 0, 5, 398.19, 219051, 174, 0, 0
518, 0, 71, 217, 163, 0, 43.73%, 0, 0, 5, 388.32, 221053, 178, 0, 0
524, 0, 216, 221, 167, 1, 44.47%, 0, 0, 5, 407.32, 223123, 181, 0, 0
529, 0, 216, 222, 168, 1, 44.47%, 0, 0, 5, 400.28, 225162, 181, 0, 0
534, 0, 216, 223, 169, 1, 44.47%, 0, 0, 5, 406.17, 227241, 181, 0, 0
539, 0, 216, 223, 169, 1, 44.47%, 0, 0, 5, 415.14, 229401, 181, 0, 0
544, 0, 216, 224, 170, 1, 44.47%, 0, 0, 5, 446.92, 231703, 181, 0, 0
549, 0, 216, 224, 170, 1, 44.47%, 0, 0, 5, 423.30, 233808, 181, 0, 0
554, 0, 216, 227, 173, 1, 44.47%, 0, 0, 5, 422.14, 235901, 181, 0, 0
559, 0, 216, 230, 176, 1, 44.47%, 0, 0, 5, 414.90, 237978, 181, 0, 0
564, 0, 216, 231, 177, 1, 44.47%, 0, 0, 5, 408.06, 240065, 181, 0, 0
569, 0, 216, 232, 178, 1, 44.47%, 0, 0, 5, 431.96, 242232, 181, 0, 0
575, 0, 216, 232, 178, 1, 44.47%, 0, 0, 5, 413.60, 244336, 181, 0, 0
580, 0, 216, 234, 180, 1, 44.47%, 0, 0, 5, 415.23, 246502, 181, 0, 0
585, 0, 216, 235, 181, 1, 44.47%, 0, 0, 5, 392.80, 248473, 181, 0, 0
590, 0, 216, 236, 182, 1, 44.72%, 0, 0, 5, 419.92, 250596, 182, 0, 0
595, 0, 216, 236, 182, 1, 44.72%, 0, 0, 5, 407.71, 252604, 182, 0, 0
600, 0, 216, 237, 183, 1, 44.72%, 0, 0, 5, 407.79, 254731, 182, 0, 0
605, 0, 216, 237, 183, 1, 44.72%, 0, 0, 5, 416.90, 256779, 182, 0, 0
610, 0, 216, 237, 183, 1, 44.72%, 0, 0, 5, 408.09, 258867, 182, 0, 0
615, 0, 216, 238, 184, 1, 44.96%, 0, 0, 5, 422.96, 261026, 183, 0, 0
620, 0, 216, 238, 184, 1, 44.96%, 0, 0, 5, 396.50, 263026, 183, 0, 0
625, 0, 216, 238, 184, 1, 44.96%, 0, 0, 5, 409.33, 265146, 183, 0, 0
630, 0, 216, 239, 185, 1, 44.96%, 0, 0, 5, 410.91, 267193, 183, 0, 0
635, 0, 216, 239, 185, 1, 44.96%, 0, 0, 5, 415.75, 269313, 183, 0, 0
640, 0, 216, 239, 185, 1, 44.96%, 0, 0, 5, 443.56, 271593, 183, 0, 0
646, 0, 219, 239, 183, 3, 44.96%, 0, 0, 5, 447.64, 273874, 183, 0, 0
651, 0, 162, 239, 179, 0, 44.96%, 0, 0, 5, 424.93, 275975, 183, 0, 0
656, 0, 195, 239, 177, 0, 44.96%, 0, 0, 5, 447.02, 278238, 183, 0, 0
661, 0, 195, 248, 186, 0, 45.21%, 0, 0, 6, 415.93, 280357, 184, 0, 0
666, 0, 195, 249, 187, 0, 45.21%, 0, 0, 6, 416.25, 282452, 184, 0, 0
671, 0, 195, 251, 189, 0, 45.21%, 0, 0, 6, 402.56, 284410, 184, 0, 0
676, 0, 195, 252, 190, 0, 45.21%, 0, 0, 6, 415.37, 286601, 184, 0, 0
681, 0, 247, 254, 191, 1, 45.21%, 0, 0, 6, 417.31, 288711, 184, 0, 0
686, 0, 7, 259, 194, 0, 47.42%, 0, 0, 6, 440.33, 290935, 193, 0, 0
691, 0, 255, 259, 192, 3, 47.42%, 0, 0, 6, 432.67, 293144, 193, 0, 0
697, 0, 257, 259, 189, 1, 47.42%, 0, 0, 6, 442.44, 295351, 193, 0, 0
702, 0, 264, 266, 194, 3, 48.16%, 1, 0, 6, 423.05, 297518, 196, 1, 0
707, 0, 264, 272, 200, 3, 48.16%, 1, 0, 6, 428.81, 299720, 196, 1, 0
712, 0, 264, 273, 201, 3, 48.16%, 1, 0, 6, 407.07, 301727, 196, 1, 0
717, 0, 264, 274, 202, 3, 48.16%, 1, 0, 6, 409.49, 303718, 196, 1, 0
722, 0, 274, 275, 202, 2, 48.16%, 1, 0, 6, 415.98, 305845, 196, 1, 0
727, 0, 261, 276, 202, 2, 48.16%, 1, 0, 6, 407.67, 307872, 196, 1, 0
732, 0, 252, 278, 203, 1, 48.16%, 1, 0, 7, 377.83, 309675, 196, 1, 0
737, 0, 260, 278, 201, 1, 48.16%, 1, 0, 7, 405.42, 311836, 196, 1, 0
743, 0, 44, 280, 199, 0, 48.16%, 1, 0, 7, 426.84, 314067, 196, 1, 0
748, 0, 147, 280, 199, 0, 48.16%, 1, 0, 7, 439.47, 316293, 196, 1, 0
753, 0, 189, 280, 197, 0, 48.16%, 1, 0, 7, 429.03, 318425, 196, 1, 0
758, 0, 234, 282, 198, 0, 48.16%, 1, 0, 7, 443.16, 320583, 196, 1, 0
763, 0, 109, 282, 196, 0, 48.16%, 1, 0, 7, 422.59, 322659, 196, 1, 0
768, 0, 261, 283, 193, 0, 48.16%, 1, 0, 7, 402.18, 324596, 196, 1, 0
773, 0, 276, 283, 191, 0, 48.16%, 1, 0, 7, 420.66, 326754, 196, 1, 0
778, 0, 207, 283, 190, 0, 48.16%, 1, 0, 7, 418.84, 328860, 196, 1, 0
783, 0, 228, 283, 186, 0, 48.16%, 1, 0, 7, 414.20, 330959, 196, 1, 0
788, 0, 272, 284, 184, 0, 48.16%, 1, 0, 7, 394.24, 332906, 196, 1, 0
793, 0, 204, 285, 181, 0, 48.16%, 1, 0, 7, 431.45, 335163, 196, 1, 0
798, 0, 285, 286, 180, 1, 48.40%, 1, 0, 7, 402.64, 337202, 197, 1, 0
804, 0, 93, 286, 177, 0, 48.40%, 1, 0, 7, 427.48, 339431, 197, 1, 0
809, 0, 259, 287, 176, 0, 48.40%, 1, 0, 7, 423.46, 341602, 197, 1, 0
814, 0, 120, 287, 173, 0, 48.40%, 1, 0, 7, 398.31, 343646, 197, 1, 0
819, 0, 153, 287, 171, 0, 48.40%, 1, 0, 7, 416.09, 345814, 197, 1, 0
824, 0, 71, 287, 169, 0, 48.40%, 1, 0, 7, 414.18, 347918, 197, 1, 0
829, 0, 79, 287, 168, 0, 48.40%, 1, 0, 7, 416.09, 350018, 197, 1, 0
834, 0, 234, 287, 167, 0, 48.40%, 1, 0, 7, 413.12, 352150, 197, 1, 0
839, 0, 210, 291, 170, 0, 48.40%, 1, 0, 7, 408.11, 354290, 197, 1, 0
845, 0, 210, 292, 171, 0, 48.40%, 1, 0, 7, 404.21, 356313, 197, 1, 0
850, 0, 233, 292, 169, 0, 48.40%, 1, 0, 7, 406.73, 358357, 197, 1, 0
855, 0, 206, 293, 166, 0, 48.40%, 1, 0, 7, 389.91, 360408, 197, 1, 0
860, 0, 290, 295, 165, 0, 48.40%, 1, 0, 7, 391.32, 362418, 197, 1, 0
865, 0, 76, 295, 164, 0, 48.40%, 1, 0, 7, 401.41, 364501, 197, 1, 0
870, 0, 89, 295, 163, 0, 48.40%, 1, 0, 7, 405.73, 366583, 197, 1, 0
875, 0, 183, 296, 162, 0, 48.40%, 1, 0, 7, 439.73, 368824, 197, 1, 0
880, 0, 157, 297, 162, 0, 48.40%, 1, 0, 7, 425.71, 370917, 197, 1, 0
885, 0, 245, 297, 161, 0, 48.40%, 1, 0, 7, 379.41, 372840, 197, 1, 0
890, 0, 71, 297, 160, 0, 48.40%, 1, 0, 7, 393.02, 374922, 197, 1, 0
895, 0, 176, 298, 160, 0, 48.40%, 1, 0, 7, 409.70, 377048, 197, 1, 0
900, 0, 202, 298, 159, 0, 48.40%, 1, 0, 7, 405.65, 379082, 197, 1, 0
902, 1, 206, 298, 158, 0, 48.40%, 1, 0, 7, 402.69, 379915, 197, 1, 0
