# relative_time, cycles_done, cur_item, corpus_count, pending_total, pending_favs, map_size, saved_crashes, saved_hangs, max_depth, execs_per_sec, total_execs, edges_found, total_crashes, servers_count
60, 0, 8, 63, 56, 23, 33.66%, 0, 0, 2, 395.81, 26397, 137, 0, 0
65, 0, 8, 63, 56, 23, 33.66%, 0, 0, 2, 393.20, 28364, 137, 0, 0
70, 0, 8, 63, 56, 23, 33.66%, 0, 0, 2, 419.32, 30484, 137, 0, 0
75, 0, 8, 64, 57, 23, 33.66%, 0, 0, 2, 387.89, 32473, 137, 0, 0
80, 0, 8, 64, 57, 23, 33.66%, 0, 0, 2, 395.55, 34461, 137, 0, 0
86, 0, 8, 64, 57, 23, 33.66%, 0, 0, 2, 380.71, 36407, 137, 0, 0
91, 0, 8, 64, 57, 23, 33.66%, 0, 0, 2, 381.58, 38361, 137, 0, 0
96, 0, 8, 64, 57, 23, 33.66%, 0, 0, 2, 407.20, 40436, 137, 0, 0
101, 0, 8, 64, 57, 23, 33.66%, 0, 0, 2, 441.76, 42644, 137, 0, 0
106, 0, 8, 64, 57, 23, 33.66%, 0, 0, 2, 409.58, 44724, 137, 0, 0
111, 0, 8, 64, 57, 23, 33.66%, 0, 0, 2, 385.79, 46621, 137, 0, 0
116, 0, 8, 64, 57, 23, 33.66%, 0, 0, 2, 392.87, 48588, 137, 0, 0
121, 0, 8, 64, 57, 23, 33.66%, 0, 0, 2, 391.97, 50597, 137, 0, 0
126, 0, 8, 64, 57, 23, 33.66%, 0, 0, 2, 375.34, 52501, 137, 0, 0
131, 0, 8, 64, 57, 23, 33.66%, 0, 0, 2, 383.84, 54440, 137, 0, 0
136, 0, 8, 64, 57, 23, 33.66%, 0, 0, 2, 372.35, 56351, 137, 0, 0
141, 0, 8, 64, 57, 23, 33.66%, 0, 0, 2, 396.76, 58339, 137, 0, 0
146, 0, 8, 64, 57, 23, 33.66%, 0, 0, 2, 392.51, 60271, 137, 0, 0
152, 0, 8, 64, 57, 23, 33.66%, 0, 0, 2, 375.86, 62126, 137, 0, 0
157, 0, 19, 64, 48, 16, 33.66%, 0, 0, 2, 408.42, 64234, 137, 0, 0
162, 0, 19, 70, 54, 16, 34.15%, 0, 0, 2, 421.20, 66364, 139, 0, 0
167, 0, 19, 75, 59, 16, 34.40%, 0, 0, 2, 439.94, 68591, 140, 0, 0
172, 0, 19, 77, 61, 16, 34.40%, 0, 0, 2, 413.64, 70685, 140, 0, 0
177, 0, 19, 79, 63, 16, 34.40%, 0, 0, 2, 411.19, 72764, 140, 0, 0
182, 0, 23, 85, 68, 17, 34.40%, 0, 0, 2, 419.67, 74973, 140, 0, 0
187, 0, 23, 91, 74, 17, 34.40%, 0, 0, 2, 428.99, 77111, 140, 0, 0
192, 0, 23, 93, 76, 17, 34.40%, 0, 0, 2, 441.17, 79326, 140, 0, 0
197, 0, 23, 94, 77, 17, 34.40%, 0, 0, 2, 467.49, 81630, 140, 0, 0
202, 0, 23, 94, 77, 17, 34.40%, 0, 0, 2, 460.19, 83943, 140, 0, 0
208, 0, 23, 96, 79, 17, 34.40%, 0, 0, 2, 475.55, 86423, 140, 0, 0
213, 0, 23, 97, 80, 17, 34.40%, 0, 0, 2, 468.24, 88779, 140, 0, 0
218, 0, 23, 97, 80, 17, 34.40%, 0, 0, 2, 434.54, 90962, 140, 0, 0
223, 0, 23, 98, 81, 17, 34.40%, 0, 0, 2, 425.24, 93129, 140, 0, 0
228, 0, 23, 100, 83, 17, 34.40%, 0, 0, 2, 446.88, 95463, 140, 0, 0
233, 0, 23, 100, 83, 17, 34.40%, 0, 0, 2, 405.79, 97559, 140, 0, 0
238, 0, 23, 100, 83, 17, 34.40%, 0, 0, 2, 403.31, 99547, 140, 0, 0
243, 0, 23, 100, 83, 17, 34.40%, 0, 0, 2, 421.41, 101632, 140, 0, 0
249, 0, 28, 100, 81, 15, 34.40%, 0, 0, 2, 425.17, 103879, 140, 0, 0
254, 0, 34, 109, 87, 13, 34.64%, 0, 0, 2, 414.30, 106050, 141, 0, 0
259, 0, 36, 116, 93, 13, 35.38%, 1, 0, 3, 463.54, 108411, 144, 1, 0
264, 0, 39, 120, 95, 14, 35.38%, 1, 0, 3, 409.43, 110606, 144, 1, 0
269, 0, 39, 129, 104, 14, 35.38%, 1, 0, 3, 423.84, 112782, 144, 1, 0
274, 0, 39, 134, 109, 14, 35.38%, 1, 0, 3, 434.69, 115001, 144, 1, 0
279, 0, 39, 137, 112, 14, 35.38%, 1, 0, 3, 431.63, 117166, 144, 1, 0
284, 0, 39, 141, 116, 14, 35.38%, 1, 0, 3, 428.89, 119306, 144, 1, 0
289, 0, 68, 145, 117, 11, 37.10%, 1, 0, 3, 447.37, 121546, 151, 1, 0
294, 0, 68, 153, 125, 11, 37.10%, 1, 0, 3, 424.28, 123683, 151, 1, 0
299, 0, 68, 158, 130, 11, 37.10%, 1, 0, 3, 448.49, 126038, 151, 1, 0
304, 0, 68, 162, 134, 11, 37.10%, 1, 0, 3, 470.86, 128452, 151, 1, 0
309, 0, 68, 165, 137, 11, 37.10%, 1, 0, 3, 443.44, 130639, 151, 1, 0
315, 0, 68, 167, 139, 11, 37.10%, 1, 0, 3, 462.66, 132969, 151, 1, 0
320, 0, 68, 169, 141, 11, 37.10%, 1, 0, 3, 424.55, 135195, 151, 1, 0
325, 0, 68, 170, 142, 11, 37.10%, 1, 0, 3, 425.50, 137323, 151, 1, 0
330, 0, 68, 171, 143, 11, 37.10%, 1, 0, 3, 474.80, 139766, 151, 1, 0
335, 0, 68, 171, 143, 11, 37.10%, 1, 0, 3, 441.77, 141946, 151, 1, 0
340, 0, 68, 173, 145, 11, 37.10%, 1, 0, 3, 419.30, 144120, 151, 1, 0
345, 0, 68, 173, 145, 11, 37.10%, 1, 0, 3, 434.27, 146328, 151, 1, 0
350, 0, 68, 175, 147, 11, 37.10%, 1, 0, 3, 439.89, 148638, 151, 1, 0
355, 0, 92, 176, 147, 11, 37.10%, 1, 0, 3, 425.90, 150845, 151, 1, 0
361, 0, 112, 177, 143, 6, 37.10%, 1, 0, 4, 435.73, 153107, 151, 1, 0
366, 0, 137, 179, 144, 5, 37.10%, 1, 0, 4, 397.23, 155161, 151, 1, 0
371, 0, 141, 185, 149, 4, 37.10%, 1, 0, 4, 438.31, 157355, 151, 1, 0
376, 0, 141, 186, 150, 4, 37.10%, 1, 0, 4, 447.43, 159608, 151, 1, 0
381, 0, 141, 186, 150, 4, 37.10%, 1, 0, 4, 414.60, 161714, 151, 1, 0
386, 0, 141, 187, 151, 4, 37.10%, 1, 0, 4, 430.58, 163865, 151, 1, 0
391, 0, 141, 189, 153, 4, 37.10%, 1, 0, 4, 424.71, 166023, 151, 1, 0
396, 0, 141, 190, 154, 4, 37.10%, 1, 0, 4, 424.58, 168118, 151, 1, 0
401, 0, 141, 191, 155, 4, 37.10%, 1, 0, 4, 441.19, 170429, 151, 1, 0
406, 0, 141, 192, 156, 4, 37.10%, 1, 0, 4, 458.02, 172745, 151, 1, 0
411, 0, 141, 192, 156, 4, 37.10%, 1, 0, 4, 469.14, 175094, 151, 1, 0
416, 0, 141, 192, 156, 4, 37.10%, 1, 0, 4, 447.01, 177340, 151, 1, 0
421, 0, 141, 193, 157, 4, 37.10%, 1, 0, 4, 417.12, 179387, 151, 1, 0
427, 0, 141, 194, 158, 4, 37.10%, 1, 0, 4, 435.22, 181610, 151, 1, 0
432, 0, 141, 196, 160, 4, 37.10%, 1, 0, 4, 414.84, 183728, 151, 1, 0
437, 0, 141, 196, 160, 4, 37.10%, 1, 0, 4, 421.90, 185872, 151, 1, 0
442, 0, 141, 197, 161, 4, 37.10%, 1, 0, 4, 441.30, 188095, 151, 1, 0
447, 0, 141, 198, 162, 4, 37.10%, 1, 0, 4, 435.61, 190262, 151, 1, 0
452, 0, 141, 200, 164, 4, 37.10%, 1, 0, 4, 438.39, 192476, 151, 1, 0
457, 0, 141, 200, 164, 4, 37.10%, 1, 0, 4, 431.39, 194588, 151, 1, 0
462, 0, 141, 200, 164, 4, 37.10%, 1, 0, 4, 436.11, 196876, 151, 1, 0
467, 0, 141, 200, 164, 4, 37.10%, 1, 0, 4, 407.88, 198932, 151, 1, 0
472, 0, 141, 200, 164, 4, 37.10%, 1, 0, 4, 417.16, 201052, 151, 1, 0
477, 0, 141, 200, 164, 4, 37.10%, 1, 0, 4, 424.24, 203244, 151, 1, 0
482, 0, 141, 200, 164, 4, 37.10%, 1, 0, 4, 411.04, 205396, 151, 1, 0
488, 0, 159, 201, 163, 4, 37.10%, 1, 0, 4, 430.45, 207641, 151, 1, 0
493, 1, 22, 201, 158, 0, 37.10%, 1, 0, 4, 442.81, 209891, 151, 1, 0
498, 1, 75, 202, 149, 0, 37.10%, 1, 0, 4, 420.87, 211975, 151, 1, 0
503, 1, 118, 208, 151, 0, 37.10%, 1, 0, 4, 424.15, 214100, 151, 1, 0
508, 1, 118, 210, 153, 0, 37.10%, 1, 0, 4, 425.66, 216242, 151, 1, 0
513, 1, 118, 212, 155, 0, 37.10%, 2, 0, 4, 407.83, 218320, 151, 2, 0
518, 1, 118, 212, 155, 0, 37.10%, 2, 0, 4, 404.81, 220392, 151, 2, 0
523, 1, 118, 212, 155, 0, 37.10%, 2, 0, 4, 435.68, 222688, 151, 2, 0
528, 1, 140, 213, 150, 0, 37.10%, 2, 0, 4, 406.45, 224690, 151, 2, 0
533, 1, 182, 216, 143, 0, 37.10%, 2, 0, 5, 391.57, 226679, 151, 2, 0
538, 1, 188, 221, 146, 0, 37.10%, 2, 0, 5, 403.18, 228737, 151, 2, 0
543, 1, 194, 222, 146, 0, 37.10%, 2, 0, 5, 408.21, 230856, 151, 2, 0
548, 1, 213, 224, 143, 0, 37.10%, 2, 0, 5, 413.57, 232948, 151, 2, 0
554, 1, 213, 225, 144, 0, 37.10%, 2, 0, 5, 420.32, 235027, 151, 2, 0
559, 1, 213, 225, 144, 0, 37.10%, 2, 0, 5, 411.79, 237059, 151, 2, 0
564, 1, 213, 225, 144, 0, 37.10%, 2, 0, 5, 435.86, 239219, 151, 2, 0
569, 1, 223, 227, 142, 0, 37.10%, 2, 0, 6, 426.89, 241329, 151, 2, 0
574, 1, 225, 228, 141, 0, 37.35%, 2, 0, 6, 433.28, 243528, 152, 2, 0
579, 1, 229, 231, 141, 0, 37.35%, 2, 0, 9, 416.88, 245719, 152, 2, 0
584, 2, 233, 268, 175, 10, 40.54%, 2, 0, 9, 441.99, 247928, 165, 2, 0
589, 2, 238, 268, 173, 8, 40.54%, 2, 0, 9, 421.08, 250004, 165, 2, 0
594, 2, 243, 268, 170, 5, 40.54%, 2, 0, 9, 444.78, 252163, 165, 2, 0
599, 3, 27, 268, 162, 0, 40.54%, 2, 0, 9, 438.27, 254416, 165, 2, 0
604, 4, 67, 269, 155, 0, 40.79%, 2, 0, 9, 451.18, 256745, 166, 2, 0
609, 4, 269, 271, 155, 1, 41.28%, 2, 0, 9, 449.14, 259036, 168, 2, 0
615, 4, 269, 272, 156, 1, 41.28%, 7, 0, 9, 447.21, 261313, 168, 23, 0
620, 4, 269, 273, 157, 1, 41.52%, 9, 0, 9, 413.55, 263424, 169, 39, 0
625, 4, 269, 273, 157, 1, 41.52%, 9, 0, 9, 453.37, 265680, 169, 61, 0
630, 4, 269, 273, 157, 1, 41.52%, 9, 0, 9, 399.45, 267752, 169, 83, 0
635, 4, 272, 273, 155, 1, 41.52%, 9, 0, 9, 392.42, 269732, 169, 100, 0
640, 5, 214, 276, 156, 1, 41.52%, 10, 0, 9, 407.55, 271756, 169, 105, 0
645, 6, 68, 276, 150, 0, 41.52%, 10, 0, 9, 399.62, 273758, 169, 115, 0
650, 6, 161, 276, 136, 0, 41.52%, 10, 0, 9, 436.58, 276013, 169, 117, 0
655, 6, 226, 276, 129, 0, 41.52%, 10, 0, 9, 447.72, 278261, 169, 117, 0
660, 6, 245, 277, 128, 0, 41.52%, 10, 0, 9, 411.08, 280317, 169, 117, 0
666, 6, 273, 277, 122, 0, 41.52%, 10, 0, 9, 422.61, 282457, 169, 122, 0
671, 7, 65, 277, 117, 0, 41.52%, 10, 0, 9, 386.10, 284386, 169, 122, 0
676, 7, 114, 277, 111, 0, 41.52%, 10, 0, 9, 415.43, 286486, 169, 122, 0
681, 7, 177, 278, 106, 0, 41.52%, 10, 0, 9, 438.21, 288738, 169, 122, 0
686, 7, 223, 278, 98, 0, 41.52%, 10, 0, 9, 416.72, 290848, 169, 122, 0
691, 7, 255, 278, 97, 0, 41.52%, 10, 0, 9, 388.43, 292852, 169, 122, 0
696, 7, 277, 279, 94, 1, 41.52%, 10, 0, 9, 417.29, 294971, 169, 125, 0
701, 7, 278, 280, 94, 1, 41.52%, 10, 0, 9, 388.92, 296961, 169, 135, 0
706, 8, 86, 280, 87, 0, 41.52%, 10, 0, 9, 392.62, 298969, 169, 137, 0
711, 8, 179, 280, 79, 0, 41.52%, 11, 0, 9, 423.47, 301154, 169, 139, 0
716, 8, 204, 280, 74, 0, 41.52%, 11, 0, 9, 419.94, 303332, 169, 139, 0
721, 8, 236, 280, 71, 0, 41.52%, 11, 0, 9, 399.91, 305382, 169, 139, 0
726, 8, 271, 280, 68, 0, 41.52%, 11, 0, 9, 455.92, 307741, 169, 139, 0
731, 9, 28, 280, 65, 0, 41.52%, 12, 0, 9, 462.23, 310124, 169, 146, 0
736, 9, 127, 280, 58, 0, 41.52%, 12, 0, 9, 460.71, 312459, 169, 146, 0
741, 9, 200, 280, 52, 0, 41.52%, 12, 0, 9, 452.01, 314704, 169, 146, 0
746, 9, 264, 280, 50, 0, 41.52%, 12, 0, 9, 425.37, 316847, 169, 147, 0
751, 10, 14, 281, 50, 0, 41.52%, 12, 0, 9, 424.69, 318958, 169, 159, 0
757, 10, 100, 281, 46, 0, 41.52%, 12, 0, 9, 411.38, 321045, 169, 159, 0
762, 10, 189, 281, 42, 0, 41.52%, 12, 0, 9, 415.60, 323125, 169, 160, 0
767, 10, 258, 281, 38, 0, 41.52%, 12, 0, 9, 444.65, 325344, 169, 160, 0
772, 10, 279, 281, 37, 0, 41.52%, 12, 0, 9, 395.03, 327280, 169, 167, 0
777, 11, 67, 281, 35, 0, 41.52%, 12, 0, 9, 404.78, 329330, 169, 169, 0
782, 11, 141, 281, 33, 0, 41.52%, 12, 0, 9, 411.31, 331402, 169, 169, 0
787, 11, 207, 281, 30, 0, 41.52%, 12, 0, 9, 414.70, 333519, 169, 169, 0
792, 11, 269, 281, 29, 0, 41.52%, 12, 0, 9, 423.62, 335644, 169, 169, 0
797, 13, 41, 282, 29, 0, 42.01%, 12, 0, 9, 440.11, 337835, 171, 174, 0
802, 13, 171, 282, 24, 0, 42.01%, 12, 0, 9, 432.91, 340004, 171, 176, 0
807, 13, 233, 282, 20, 0, 42.01%, 12, 0, 9, 440.08, 342147, 171, 176, 0
812, 13, 268, 282, 18, 0, 42.01%, 12, 0, 9, 436.25, 344363, 171, 176, 0
817, 14, 17, 282, 16, 0, 42.01%, 12, 0, 9, 417.92, 346484, 171, 197, 0
822, 14, 149, 282, 13, 0, 42.01%, 12, 0, 9, 420.42, 348663, 171, 200, 0
827, 14, 233, 282, 13, 0, 42.01%, 12, 0, 9, 411.29, 350652, 171, 200, 0
832, 14, 272, 282, 12, 0, 42.01%, 12, 0, 9, 407.34, 352699, 171, 202, 0
838, 15, 103, 282, 10, 0, 42.01%, 12, 0, 9, 419.64, 354910, 171, 205, 0
843, 15, 218, 282, 10, 0, 42.01%, 12, 0, 9, 415.58, 357037, 171, 205, 0
848, 15, 269, 283, 11, 0, 42.01%, 12, 0, 9, 413.54, 359126, 171, 206, 0
853, 15, 283, 298, 26, 1, 47.17%, 12, 0, 9, 419.51, 361305, 192, 214, 0
858, 15, 286, 299, 26, 4, 47.17%, 12, 0, 9, 439.27, 363592, 192, 214, 0
863, 15, 288, 302, 28, 3, 47.91%, 12, 0, 9, 420.28, 365677, 195, 214, 0
868, 15, 288, 303, 29, 3, 47.91%, 12, 0, 9, 444.74, 367852, 195, 214, 0
873, 15, 288, 304, 30, 3, 47.91%, 12, 0, 9, 424.51, 369979, 195, 214, 0
878, 15, 288, 304, 30, 3, 47.91%, 12, 0, 9, 418.54, 372051, 195, 214, 0
883, 15, 288, 305, 31, 3, 47.91%, 12, 0, 9, 408.75, 374106, 195, 214, 0
888, 15, 288, 306, 32, 3, 47.91%, 12, 0, 9, 418.95, 376225, 195, 214, 0
893, 15, 293, 306, 31, 4, 47.91%, 12, 0, 9, 414.92, 378343, 195, 214, 0
898, 15, 303, 307, 30, 2, 47.91%, 12, 0, 9, 447.59, 380686, 195, 214, 0
904, 15, 304, 307, 29, 1, 47.91%, 12, 0, 9, 426.83, 382856, 195, 214, 0
906, 16, 304, 326, 47, 3, 47.91%, 12, 0, 9, 431.58, 384089, 195, 214, 0
