# relative_time, cycles_done, cur_item, corpus_count, pending_total, pending_favs, map_size, saved_crashes, saved_hangs, max_depth, execs_per_sec, total_execs, edges_found, total_crashes, servers_count
61, 0, 0, 27, 22, 3, 21.38%, 0, 0, 2, 433.02, 28917, 87, 0, 0
66, 0, 0, 28, 23, 3, 21.38%, 0, 0, 2, 448.88, 31250, 87, 0, 0
71, 0, 0, 28, 23, 3, 21.38%, 0, 0, 2, 466.11, 33635, 87, 0, 0
76, 0, 0, 28, 23, 3, 21.38%, 0, 0, 2, 463.68, 36011, 87, 0, 0
81, 0, 0, 28, 23, 3, 21.38%, 0, 0, 2, 467.93, 38414, 87, 0, 0
86, 0, 8, 113, 107, 27, 35.38%, 0, 0, 2, 465.07, 40661, 144, 0, 0
91, 0, 8, 113, 107, 27, 35.38%, 0, 0, 2, 413.95, 42656, 144, 0, 0
96, 0, 8, 113, 107, 27, 35.38%, 0, 0, 2, 394.21, 44625, 144, 0, 0
101, 0, 8, 113, 107, 27, 35.38%, 0, 0, 2, 410.15, 46738, 144, 0, 0
106, 0, 20, 113, 97, 18, 35.38%, 0, 0, 2, 429.54, 48902, 144, 0, 0
111, 0, 42, 130, 109, 15, 36.12%, 0, 0, 3, 457.67, 51257, 147, 0, 0
116, 0, 63, 138, 115, 14, 36.12%, 0, 0, 3, 429.96, 53422, 147, 0, 0
121, 0, 63, 144, 121, 14, 36.36%, 0, 0, 3, 474.43, 55871, 148, 0, 0
126, 0, 63, 146, 123, 14, 36.36%, 0, 0, 3, 480.23, 58261, 148, 0, 0
131, 0, 63, 148, 125, 14, 36.36%, 0, 0, 3, 446.16, 60486, 148, 0, 0
137, 0, 65, 148, 124, 12, 36.36%, 0, 0, 3, 411.96, 62542, 148, 0, 0
142, 0, 95, 155, 128, 10, 36.36%, 0, 0, 3, 428.37, 64788, 148, 0, 0
147, 0, 95, 157, 130, 10, 36.36%, 0, 0, 3, 420.87, 66890, 148, 0, 0
152, 0, 95, 158, 131, 10, 36.36%, 0, 0, 3, 438.31, 69185, 148, 0, 0
157, 0, 97, 158, 130, 9, 36.36%, 0, 0, 3, 429.76, 71355, 148, 0, 0
162, 0, 140, 159, 123, 2, 36.36%, 0, 0, 3, 432.60, 73549, 148, 0, 0
167, 0, 148, 166, 129, 1, 37.10%, 0, 0, 3, 422.27, 75701, 151, 0, 0
172, 0, 148, 169, 132, 1, 37.10%, 0, 0, 3, 454.20, 78044, 151, 0, 0
177, 0, 148, 170, 133, 1, 37.10%, 0, 0, 3, 439.81, 80257, 151, 0, 0
182, 0, 148, 172, 135, 1, 37.10%, 0, 0, 3, 441.00, 82503, 151, 0, 0
188, 1, 19, 173, 132, 0, 37.10%, 0, 0, 4, 491.04, 85130, 151, 0, 0
193, 1, 67, 173, 121, 0, 37.10%, 0, 0, 4, 430.04, 87191, 151, 0, 0
198, 1, 175, 177, 117, 1, 37.10%, 0, 0, 4, 404.98, 89276, 151, 0, 0
203, 2, 188, 227, 157, 8, 45.21%, 0, 0, 4, 431.50, 91547, 184, 0, 0
208, 2, 192, 229, 156, 5, 45.45%, 0, 0, 4, 459.43, 93852, 185, 0, 0
213, 2, 192, 231, 158, 5, 45.45%, 0, 0, 4, 459.14, 96170, 185, 0, 0
218, 2, 228, 232, 153, 1, 45.45%, 0, 0, 4, 449.09, 98519, 185, 0, 0
223, 2, 233, 239, 159, 0, 45.45%, 0, 0, 4, 423.19, 100625, 185, 0, 0
228, 2, 233, 239, 159, 0, 45.45%, 0, 0, 4, 423.73, 102785, 185, 0, 0
234, 2, 233, 240, 160, 0, 45.45%, 0, 0, 4, 418.81, 104952, 185, 0, 0
239, 2, 233, 240, 160, 0, 45.45%, 0, 0, 4, 420.83, 107072, 185, 0, 0
244, 2, 239, 240, 157, 0, 45.45%, 0, 0, 4, 421.74, 109216, 185, 0, 0
249, 4, 22, 248, 159, 0, 45.45%, 0, 0, 4, 409.46, 111265, 185, 0, 0
254, 4, 104, 248, 150, 0, 45.45%, 0, 0, 4, 454.15, 113640, 185, 0, 0
259, 4, 167, 248, 136, 0, 45.45%, 0, 0, 4, 462.17, 116075, 185, 0, 0
264, 4, 187, 252, 134, 0, 45.45%, 0, 0, 4, 445.32, 118312, 185, 0, 0
269, 4, 212, 252, 129, 0, 45.45%, 0, 0, 4, 439.61, 120492, 185, 0, 0
274, 4, 220, 254, 127, 0, 45.45%, 0, 0, 4, 447.88, 122693, 185, 0, 0
279, 4, 243, 255, 124, 0, 45.45%, 0, 0, 4, 426.75, 124763, 185, 0, 0
284, 4, 254, 258, 125, 0, 45.45%, 0, 0, 5, 417.44, 126850, 185, 0, 0
289, 4, 256, 259, 125, 0, 45.45%, 0, 0, 5, 369.86, 128655, 185, 0, 0
294, 4, 258, 263, 127, 0, 45.45%, 0, 0, 5, 378.55, 130544, 185, 0, 0
299, 4, 258, 264, 128, 0, 45.45%, 0, 0, 5, 383.59, 132441, 185, 0, 0
305, 4, 258, 264, 128, 0, 45.45%, 0, 0, 5, 387.99, 134429, 185, 0, 0
310, 4, 258, 266, 130, 0, 45.70%, 0, 0, 5, 388.83, 136403, 186, 0, 0
315, 4, 258, 268, 132, 0, 45.70%, 0, 0, 5, 411.14, 138602, 186, 0, 0
320, 4, 258, 268, 132, 0, 45.70%, 0, 0, 5, 403.96, 140634, 186, 0, 0
325, 4, 262, 269, 132, 2, 45.70%, 0, 0, 6, 386.76, 142581, 186, 0, 0
330, 4, 262, 271, 134, 2, 45.70%, 0, 0, 6, 360.44, 144429, 186, 0, 0
335, 4, 262, 271, 134, 2, 45.70%, 0, 0, 6, 387.42, 146417, 186, 0, 0
340, 4, 262, 271, 134, 2, 45.70%, 0, 0, 6, 360.77, 148216, 186, 0, 0
345, 4, 262, 271, 134, 2, 45.70%, 0, 0, 6, 370.39, 150113, 186, 0, 0
350, 4, 262, 272, 135, 2, 45.70%, 0, 0, 6, 375.64, 151989, 186, 0, 0
355, 4, 262, 272, 135, 2, 45.70%, 0, 0, 6, 380.14, 153914, 186, 0, 0
360, 4, 266, 272, 133, 0, 45.70%, 0, 0, 6, 9.54, 155632, 186, 0, 0
366, 4, 266, 272, 133, 0, 45.70%, 0, 0, 6, 85.68, 155967, 186, 0, 0
371, 5, 272, 281, 138, 1, 45.95%, 0, 0, 6, 136.17, 156652, 187, 0, 0
376, 5, 278, 282, 138, 0, 45.95%, 0, 0, 6, 134.69, 157332, 187, 0, 0
381, 5, 280, 283, 138, 0, 45.95%, 0, 0, 6, 130.11, 158013, 187, 0, 0
386, 6, 8, 283, 135, 0, 45.95%, 0, 0, 6, 128.59, 158676, 187, 0, 0
391, 6, 24, 283, 135, 0, 45.95%, 0, 0, 6, 137.49, 159388, 187, 0, 0
396, 6, 46, 283, 131, 0, 45.95%, 0, 0, 6, 125.73, 160054, 187, 0, 0
401, 6, 59, 283, 128, 0, 45.95%, 0, 0, 6, 135.13, 160773, 187, 0, 0
406, 6, 91, 283, 127, 0, 45.95%, 0, 0, 6, 134.55, 161462, 187, 0, 0
411, 6, 101, 283, 125, 0, 45.95%, 0, 0, 6, 132.73, 162119, 187, 0, 0
416, 6, 131, 283, 123, 0, 45.95%, 0, 0, 6, 135.68, 162803, 187, 0, 0
422, 6, 145, 283, 120, 0, 45.95%, 0, 0, 6, 135.81, 163489, 187, 0, 0
427, 6, 173, 283, 115, 0, 45.95%, 0, 0, 6, 134.37, 164152, 187, 0, 0
432, 6, 180, 283, 114, 0, 45.95%, 0, 0, 6, 143.57, 164864, 187, 0, 0
437, 6, 191, 283, 113, 0, 45.95%, 0, 0, 6, 129.91, 165509, 187, 0, 0
442, 6, 196, 283, 112, 0, 45.95%, 0, 0, 6, 129.51, 166155, 187, 0, 0
447, 6, 204, 283, 110, 0, 45.95%, 0, 0, 6, 137.49, 166881, 187, 0, 0
452, 6, 215, 283, 109, 0, 45.95%, 0, 0, 6, 133.74, 167554, 187, 0, 0
457, 6, 222, 283, 108, 0, 45.95%, 0, 0, 6, 134.83, 168248, 187, 0, 0
462, 6, 231, 283, 105, 0, 45.95%, 0, 0, 6, 131.72, 168970, 187, 0, 0
468, 6, 243, 283, 104, 0, 45.95%, 0, 0, 6, 140.57, 169648, 187, 0, 0
473, 6, 263, 283, 104, 0, 45.95%, 0, 0, 6, 132.52, 170318, 187, 0, 0
478, 6, 263, 283, 104, 0, 45.95%, 0, 0, 6, 116.07, 170878, 187, 0, 0
483, 6, 264, 283, 103, 0, 45.95%, 0, 0, 6, 109.20, 171446, 187, 0, 0
488, 6, 267, 283, 102, 0, 45.95%, 0, 0, 6, 119.39, 172048, 187, 0, 0
493, 6, 269, 283, 101, 0, 45.95%, 0, 0, 6, 129.06, 172732, 187, 0, 0
498, 6, 269, 283, 101, 0, 45.95%, 0, 0, 6, 120.17, 173346, 187, 0, 0
503, 6, 273, 283, 100, 0, 45.95%, 0, 0, 6, 121.20, 173956, 187, 0, 0
508, 6, 277, 283, 96, 0, 45.95%, 0, 0, 6, 139.86, 174692, 187, 0, 0
514, 7, 211, 284, 96, 1, 46.19%, 0, 0, 6, 139.35, 175393, 188, 0, 0
519, 8, 0, 284, 93, 0, 46.19%, 0, 0, 6, 140.02, 176091, 188, 0, 0
524, 8, 24, 284, 93, 0, 46.19%, 0, 0, 6, 139.39, 176795, 188, 0, 0
529, 8, 63, 284, 89, 0, 46.19%, 0, 0, 6, 147.94, 177554, 188, 0, 0
534, 8, 95, 284, 87, 0, 46.19%, 0, 0, 6, 149.00, 178325, 188, 0, 0
539, 8, 117, 284, 87, 0, 46.19%, 0, 0, 6, 135.90, 178985, 188, 0, 0
544, 8, 140, 284, 83, 0, 46.19%, 0, 0, 6, 134.85, 179668, 188, 0, 0
550, 8, 163, 284, 81, 0, 46.19%, 0, 0, 6, 144.65, 180411, 188, 0, 0
555, 8, 182, 284, 80, 0, 46.19%, 0, 0, 6, 136.41, 181107, 188, 0, 0
560, 8, 190, 284, 78, 0, 46.19%, 0, 0, 6, 124.44, 181713, 188, 0, 0
565, 8, 201, 284, 78, 0, 46.19%, 0, 0, 6, 127.76, 182374, 188, 0, 0
570, 8, 203, 284, 77, 0, 46.19%, 0, 0, 6, 131.16, 183044, 188, 0, 0
575, 8, 284, 286, 77, 1, 46.68%, 0, 0, 6, 147.50, 183820, 190, 0, 0
580, 8, 285, 286, 76, 1, 46.68%, 0, 0, 6, 132.77, 184489, 190, 0, 0
585, 9, 14, 286, 75, 0, 46.68%, 0, 0, 6, 133.74, 185157, 190, 0, 0
590, 9, 51, 286, 74, 0, 46.68%, 0, 0, 6, 128.66, 185842, 190, 0, 0
596, 9, 67, 286, 74, 0, 46.68%, 0, 0, 6, 134.60, 186550, 190, 0, 0
601, 9, 95, 286, 71, 0, 46.68%, 0, 0, 6, 142.18, 187323, 190, 0, 0
606, 9, 128, 286, 69, 0, 46.68%, 1, 0, 6, 137.72, 188014, 190, 1, 0
611, 9, 149, 286, 69, 0, 46.68%, 1, 0, 6, 128.30, 188660, 190, 1, 0
616, 9, 167, 286, 66, 0, 46.68%, 1, 0, 6, 148.13, 189436, 190, 1, 0
621, 9, 184, 286, 65, 0, 46.68%, 1, 0, 6, 133.36, 190104, 190, 1, 0
626, 9, 191, 286, 64, 0, 46.68%, 1, 0, 6, 137.70, 190796, 190, 1, 0
631, 9, 205, 286, 63, 0, 46.68%, 1, 0, 6, 137.52, 191471, 190, 1, 0
636, 9, 234, 286, 61, 0, 46.68%, 1, 0, 6, 131.29, 192183, 190, 1, 0
641, 9, 247, 287, 62, 0, 46.68%, 1, 0, 6, 144.49, 192924, 190, 1, 0
646, 9, 248, 288, 62, 0, 46.68%, 1, 0, 6, 143.97, 193647, 190, 1, 0
651, 9, 259, 289, 62, 0, 46.68%, 1, 0, 6, 133.84, 194334, 190, 1, 0
657, 9, 259, 290, 63, 0, 46.68%, 1, 0, 6, 129.22, 195015, 190, 1, 0
662, 9, 259, 290, 63, 0, 46.68%, 1, 0, 6, 121.06, 195651, 190, 1, 0
667, 9, 260, 294, 66, 0, 46.68%, 1, 0, 6, 127.21, 196295, 190, 1, 0
672, 9, 260, 294, 66, 0, 46.68%, 1, 0, 6, 122.94, 196925, 190, 1, 0
677, 9, 260, 294, 66, 0, 46.68%, 1, 0, 6, 124.32, 197575, 190, 1, 0
682, 9, 260, 295, 67, 0, 46.68%, 1, 0, 6, 120.89, 198156, 190, 1, 0
688, 9, 260, 296, 68, 0, 46.68%, 1, 0, 6, 130.95, 198837, 190, 1, 0
693, 9, 260, 296, 68, 0, 46.68%, 1, 0, 6, 121.65, 199457, 190, 1, 0
698, 9, 260, 296, 68, 0, 46.68%, 1, 0, 6, 124.95, 200071, 190, 1, 0
703, 9, 260, 296, 68, 0, 46.68%, 1, 0, 6, 118.56, 200665, 190, 1, 0
708, 9, 260, 296, 68, 0, 46.68%, 1, 0, 6, 113.82, 201247, 190, 1, 0
713, 9, 260, 296, 68, 0, 46.68%, 1, 0, 6, 118.87, 201857, 190, 1, 0
718, 9, 260, 296, 68, 0, 46.68%, 1, 0, 6, 122.42, 202493, 190, 1, 0
723, 9, 260, 296, 68, 0, 46.68%, 1, 0, 6, 122.51, 203123, 190, 1, 0
729, 9, 260, 296, 68, 0, 46.68%, 1, 0, 6, 120.85, 203747, 190, 1, 0
734, 9, 260, 297, 69, 0, 46.68%, 1, 0, 6, 124.90, 204406, 190, 1, 0
739, 9, 260, 297, 69, 0, 46.68%, 1, 0, 6, 116.12, 204992, 190, 1, 0
744, 9, 262, 297, 68, 0, 46.68%, 1, 0, 6, 117.31, 205608, 190, 1, 0
749, 9, 268, 297, 68, 0, 46.68%, 1, 0, 6, 130.08, 206278, 190, 1, 0
754, 9, 284, 297, 66, 0, 46.68%, 1, 0, 6, 129.87, 206946, 190, 1, 0
759, 9, 287, 297, 66, 0, 46.68%, 1, 0, 6, 132.71, 207624, 190, 1, 0
764, 10, 200, 309, 76, 7, 50.12%, 1, 0, 6, 129.64, 208277, 204, 1, 0
769, 10, 298, 309, 75, 7, 50.12%, 1, 0, 6, 129.10, 208930, 204, 1, 0
774, 10, 298, 312, 78, 7, 50.37%, 3, 0, 6, 141.41, 209666, 205, 4, 0
780, 10, 298, 312, 78, 7, 50.37%, 3, 0, 6, 132.45, 210352, 205, 9, 0
785, 10, 298, 313, 79, 7, 50.37%, 4, 0, 6, 149.69, 211173, 205, 16, 0
790, 10, 298, 313, 79, 7, 50.37%, 4, 0, 6, 133.08, 211856, 205, 17, 0
795, 10, 298, 313, 79, 7, 50.37%, 5, 0, 6, 138.00, 212548, 205, 24, 0
800, 10, 298, 313, 79, 7, 50.37%, 5, 0, 6, 136.95, 213262, 205, 26, 0
805, 10, 298, 314, 80, 7, 50.37%, 5, 0, 6, 132.04, 213937, 205, 28, 0
810, 10, 298, 314, 80, 7, 50.37%, 5, 0, 6, 131.19, 214611, 205, 29, 0
815, 10, 298, 314, 80, 7, 50.37%, 5, 0, 6, 140.63, 215347, 205, 35, 0
820, 10, 298, 314, 80, 7, 50.37%, 5, 0, 6, 138.39, 216039, 205, 40, 0
825, 10, 298, 314, 80, 7, 50.37%, 5, 0, 6, 143.97, 216745, 205, 44, 0
830, 10, 298, 314, 80, 7, 50.37%, 5, 0, 6, 145.96, 217465, 205, 48, 0
835, 10, 298, 314, 80, 7, 50.37%, 5, 0, 6, 138.64, 218155, 205, 53, 0
840, 10, 304, 314, 78, 6, 50.37%, 5, 0, 6, 144.38, 218895, 205, 54, 0
846, 10, 304, 314, 78, 6, 50.37%, 5, 0, 6, 145.60, 219626, 205, 54, 0
851, 10, 307, 314, 76, 4, 50.37%, 5, 0, 6, 147.97, 220403, 205, 54, 0
856, 10, 308, 314, 75, 3, 50.37%, 5, 0, 6, 141.21, 221110, 205, 54, 0
861, 10, 309, 314, 74, 2, 50.37%, 5, 0, 6, 133.35, 221801, 205, 56, 0
866, 10, 311, 314, 73, 1, 50.37%, 5, 0, 6, 135.48, 222504, 205, 59, 0
871, 10, 312, 314, 72, 0, 50.37%, 6, 0, 6, 126.84, 223152, 205, 64, 0
876, 10, 313, 314, 71, 0, 50.37%, 6, 0, 6, 126.82, 223814, 205, 92, 0
881, 11, 22, 314, 69, 0, 50.37%, 6, 0, 6, 136.04, 224540, 205, 92, 0
887, 11, 52, 314, 66, 0, 50.37%, 6, 0, 6, 141.97, 225299, 205, 92, 0
892, 11, 67, 314, 66, 0, 50.37%, 6, 0, 6, 147.69, 226051, 205, 92, 0
897, 11, 95, 314, 63, 0, 50.37%, 6, 0, 6, 143.79, 226787, 205, 92, 0
902, 11, 115, 314, 63, 0, 50.37%, 6, 0, 6, 133.30, 227453, 205, 92, 0
907, 11, 137, 314, 63, 0, 50.37%, 6, 0, 6, 142.53, 228183, 205, 97, 0
912, 11, 163, 314, 61, 0, 50.37%, 6, 0, 6, 140.50, 228901, 205, 97, 0
917, 11, 185, 314, 61, 0, 50.37%, 6, 0, 6, 131.89, 229545, 205, 97, 0
922, 11, 191, 314, 61, 0, 50.37%, 6, 0, 6, 135.06, 230223, 205, 97, 0
927, 11, 220, 314, 60, 0, 50.37%, 6, 0, 6, 141.14, 230944, 205, 97, 0
932, 11, 234, 314, 59, 0, 50.37%, 6, 0, 6, 129.70, 231576, 205, 97, 0
938, 11, 262, 314, 59, 0, 50.37%, 6, 0, 6, 125.74, 232230, 205, 97, 0
943, 11, 284, 314, 59, 0, 50.37%, 6, 0, 6, 133.93, 232898, 205, 97, 0
948, 11, 290, 314, 59, 0, 50.37%, 6, 0, 6, 142.42, 233642, 205, 97, 0
953, 11, 304, 314, 57, 0, 50.37%, 6, 0, 6, 136.11, 234330, 205, 97, 0
958, 11, 308, 314, 57, 0, 50.37%, 6, 0, 6, 139.12, 235030, 205, 97, 0
963, 11, 309, 315, 58, 0, 50.37%, 6, 0, 6, 148.64, 235763, 205, 98, 0
968, 11, 311, 315, 58, 0, 50.37%, 6, 0, 6, 136.24, 236445, 205, 100, 0
974, 12, 20, 315, 58, 0, 50.37%, 6, 0, 6, 135.82, 237153, 205, 101, 0
979, 12, 63, 315, 57, 0, 50.37%, 6, 0, 6, 142.49, 237901, 205, 101, 0
984, 12, 74, 315, 57, 0, 50.37%, 6, 0, 6, 131.79, 238561, 205, 101, 0
989, 12, 95, 315, 56, 0, 50.37%, 6, 0, 6, 132.96, 239227, 205, 101, 0
994, 12, 115, 315, 54, 0, 50.37%, 6, 0, 6, 137.66, 239913, 205, 101, 0
999, 12, 139, 315, 53, 0, 50.37%, 6, 0, 6, 150.81, 240694, 205, 101, 0
1004, 12, 153, 315, 52, 0, 50.37%, 6, 0, 6, 136.67, 241376, 205, 101, 0
1009, 12, 175, 315, 51, 0, 50.37%, 6, 0, 6, 127.82, 242024, 205, 101, 0
1014, 12, 188, 315, 50, 0, 50.37%, 6, 0, 6, 138.31, 242731, 205, 101, 0
1019, 12, 192, 315, 50, 0, 50.37%, 6, 0, 6, 134.21, 243414, 205, 101, 0
1025, 12, 219, 315, 50, 0, 50.37%, 6, 0, 6, 134.56, 244103, 205, 101, 0
1030, 12, 234, 315, 50, 0, 50.37%, 6, 0, 6, 135.97, 244772, 205, 101, 0
1035, 12, 238, 315, 50, 0, 50.37%, 6, 0, 6, 132.36, 245426, 205, 101, 0
1040, 12, 253, 315, 49, 0, 50.37%, 6, 0, 6, 136.11, 246132, 205, 101, 0
1045, 12, 253, 316, 50, 0, 50.37%, 6, 0, 6, 141.86, 246865, 205, 101, 0
1050, 12, 255, 316, 49, 0, 50.37%, 6, 0, 6, 137.17, 247559, 205, 101, 0
1055, 12, 255, 316, 49, 0, 50.37%, 6, 0, 6, 143.96, 248327, 205, 101, 0
1060, 12, 262, 316, 48, 0, 50.37%, 6, 0, 6, 126.31, 248975, 205, 101, 0
1066, 12, 284, 316, 48, 0, 50.37%, 6, 0, 6, 122.98, 249582, 205, 101, 0
1071, 12, 295, 316, 47, 0, 50.37%, 6, 0, 6, 123.22, 250208, 205, 101, 0
1076, 12, 300, 316, 46, 0, 50.37%, 6, 0, 6, 116.82, 250778, 205, 104, 0
1081, 12, 304, 316, 44, 0, 50.37%, 6, 0, 6, 129.35, 251436, 205, 107, 0
1086, 12, 311, 316, 44, 0, 50.37%, 6, 0, 6, 131.48, 252128, 205, 107, 0
1091, 13, 22, 316, 43, 0, 50.37%, 6, 0, 6, 138.33, 252852, 205, 107, 0
1096, 13, 53, 316, 42, 0, 50.37%, 6, 0, 6, 135.90, 253541, 205, 107, 0
1101, 13, 67, 316, 41, 0, 50.37%, 6, 0, 6, 132.97, 254213, 205, 107, 0
1106, 13, 95, 316, 39, 0, 50.37%, 6, 0, 6, 136.04, 254903, 205, 107, 0
1111, 13, 113, 316, 39, 0, 50.37%, 6, 0, 6, 133.00, 255579, 205, 107, 0
1117, 13, 137, 316, 39, 0, 50.37%, 6, 0, 6, 139.74, 256292, 205, 107, 0
1122, 13, 151, 316, 38, 0, 50.37%, 6, 0, 6, 129.30, 256934, 205, 107, 0
1127, 13, 176, 316, 38, 0, 50.37%, 6, 0, 6, 131.23, 257619, 205, 107, 0
1132, 13, 191, 316, 38, 0, 50.37%, 6, 0, 6, 132.81, 258274, 205, 107, 0
1137, 13, 192, 317, 39, 0, 50.37%, 6, 0, 6, 140.76, 259007, 205, 107, 0
1142, 13, 212, 317, 39, 0, 50.37%, 6, 0, 6, 130.13, 259672, 205, 107, 0
1147, 13, 234, 317, 39, 0, 50.37%, 6, 0, 6, 139.22, 260386, 205, 107, 0
1152, 13, 256, 317, 39, 0, 50.37%, 6, 0, 6, 140.63, 261118, 205, 107, 0
1157, 13, 262, 317, 39, 0, 50.37%, 6, 0, 6, 141.35, 261820, 205, 107, 0
1162, 13, 270, 317, 39, 0, 50.37%, 6, 0, 6, 135.33, 262508, 205, 107, 0
1167, 13, 270, 317, 39, 0, 50.37%, 6, 0, 6, 123.39, 263110, 205, 107, 0
1173, 13, 273, 317, 38, 0, 50.37%, 6, 0, 6, 120.16, 263698, 205, 107, 0
1178, 13, 304, 317, 35, 0, 50.37%, 6, 0, 6, 142.05, 264436, 205, 109, 0
1183, 13, 310, 317, 35, 0, 50.37%, 6, 0, 6, 143.14, 265190, 205, 111, 0
1188, 14, 16, 317, 34, 0, 50.37%, 6, 0, 6, 140.73, 265922, 205, 113, 0
1193, 14, 49, 317, 34, 0, 50.37%, 6, 0, 6, 135.49, 266594, 205, 113, 0
1198, 14, 67, 317, 34, 0, 50.37%, 6, 0, 6, 137.35, 267284, 205, 113, 0
1204, 14, 101, 317, 34, 0, 50.37%, 6, 0, 6, 139.79, 268018, 205, 113, 0
1209, 14, 317, 320, 37, 1, 50.61%, 6, 0, 6, 147.49, 268786, 206, 113, 0
1214, 14, 317, 320, 37, 1, 50.61%, 6, 0, 6, 136.30, 269466, 206, 113, 0
1219, 15, 22, 320, 36, 0, 50.61%, 6, 0, 6, 138.28, 270188, 206, 113, 0
1224, 15, 61, 320, 36, 0, 50.61%, 6, 0, 6, 130.00, 270849, 206, 113, 0
1229, 15, 86, 320, 35, 0, 50.61%, 6, 0, 6, 139.83, 271585, 206, 113, 0
1234, 15, 101, 320, 34, 0, 50.61%, 6, 0, 6, 144.50, 272319, 206, 113, 0
1239, 15, 137, 320, 33, 0, 50.61%, 6, 0, 6, 144.01, 273048, 206, 115, 0
1244, 15, 163, 320, 33, 0, 50.61%, 6, 0, 6, 142.44, 273780, 206, 115, 0
1249, 15, 175, 320, 33, 0, 50.61%, 6, 0, 6, 131.85, 274470, 206, 115, 0
1255, 15, 188, 320, 32, 0, 50.61%, 6, 0, 6, 126.63, 275117, 206, 115, 0
1260, 15, 192, 320, 32, 0, 50.61%, 6, 0, 6, 127.15, 275796, 206, 115, 0
1265, 15, 234, 320, 32, 0, 50.61%, 6, 0, 6, 129.97, 276483, 206, 115, 0
1270, 15, 246, 320, 31, 0, 50.61%, 6, 0, 6, 129.21, 277143, 206, 115, 0
1275, 15, 252, 322, 32, 0, 50.61%, 6, 0, 6, 133.16, 277793, 206, 115, 0
1280, 15, 252, 322, 32, 0, 50.61%, 6, 0, 6, 137.24, 278513, 206, 115, 0
1285, 15, 262, 322, 31, 0, 50.61%, 6, 0, 6, 121.10, 279117, 206, 115, 0
1290, 15, 271, 323, 32, 0, 50.61%, 6, 0, 6, 124.76, 279768, 206, 115, 0
1295, 15, 304, 323, 31, 0, 50.61%, 6, 0, 6, 131.35, 280419, 206, 115, 0
1301, 15, 310, 323, 31, 0, 50.61%, 6, 0, 6, 131.26, 281096, 206, 119, 0
1306, 15, 313, 323, 31, 0, 50.61%, 6, 0, 6, 139.36, 281795, 206, 135, 0
1311, 15, 318, 323, 30, 0, 50.61%, 6, 0, 6, 139.51, 282509, 206, 138, 0
1316, 16, 10, 324, 29, 0, 50.61%, 6, 0, 6, 137.95, 283212, 206, 138, 0
1321, 16, 24, 324, 29, 0, 50.61%, 6, 0, 6, 134.78, 283900, 206, 138, 0
1326, 16, 63, 324, 29, 0, 50.61%, 6, 0, 6, 137.40, 284600, 206, 138, 0
1331, 16, 91, 324, 29, 0, 50.61%, 6, 0, 6, 140.66, 285304, 206, 138, 0
1336, 16, 113, 324, 29, 0, 50.61%, 6, 0, 6, 135.87, 285970, 206, 138, 0
1341, 16, 140, 324, 29, 0, 50.61%, 6, 0, 6, 147.27, 286716, 206, 141, 0
1347, 16, 163, 324, 28, 0, 50.61%, 6, 0, 6, 145.64, 287455, 206, 141, 0
1352, 16, 188, 324, 27, 0, 50.61%, 6, 0, 6, 134.65, 288134, 206, 141, 0
1357, 16, 207, 324, 27, 0, 50.61%, 6, 0, 6, 140.69, 288877, 206, 141, 0
1362, 16, 234, 324, 27, 0, 50.61%, 6, 0, 6, 131.78, 289534, 206, 141, 0
1367, 16, 248, 324, 27, 0, 50.61%, 6, 0, 6, 138.41, 290246, 206, 141, 0
1372, 16, 261, 324, 27, 0, 50.61%, 6, 0, 6, 127.23, 290884, 206, 141, 0
1377, 16, 262, 324, 26, 0, 50.61%, 6, 0, 6, 125.05, 291520, 206, 141, 0
1382, 16, 289, 324, 26, 0, 50.61%, 6, 0, 6, 134.60, 292215, 206, 141, 0
1387, 16, 309, 324, 25, 0, 50.61%, 6, 0, 6, 133.43, 292873, 206, 143, 0
1393, 17, 163, 325, 26, 1, 50.86%, 6, 0, 6, 132.36, 293531, 207, 145, 0
1398, 17, 324, 325, 26, 1, 50.86%, 6, 0, 6, 135.70, 294235, 207, 145, 0
1403, 18, 20, 325, 25, 0, 50.86%, 6, 0, 6, 142.27, 294957, 207, 145, 0
1408, 18, 63, 325, 25, 0, 50.86%, 6, 0, 6, 131.70, 295610, 207, 145, 0
1413, 18, 91, 325, 24, 0, 50.86%, 6, 0, 6, 143.56, 296346, 207, 145, 0
1418, 18, 113, 325, 24, 0, 50.86%, 6, 0, 6, 137.50, 297056, 207, 145, 0
1423, 18, 137, 325, 24, 0, 50.86%, 6, 0, 6, 135.32, 297751, 207, 146, 0
1428, 18, 148, 325, 24, 0, 50.86%, 6, 0, 6, 143.50, 298453, 207, 146, 0
1433, 18, 175, 325, 24, 0, 50.86%, 6, 0, 6, 134.90, 299111, 207, 146, 0
1438, 18, 191, 325, 24, 0, 50.86%, 6, 0, 6, 129.44, 299771, 207, 146, 0
1444, 18, 219, 325, 24, 0, 50.86%, 6, 0, 6, 127.97, 300435, 207, 146, 0
1449, 18, 234, 325, 24, 0, 50.86%, 6, 0, 6, 129.60, 301118, 207, 146, 0
1454, 18, 262, 325, 24, 0, 50.86%, 6, 0, 6, 114.62, 301698, 207, 146, 0
1459, 18, 262, 326, 25, 0, 50.86%, 6, 0, 6, 112.09, 302271, 207, 146, 0
1464, 18, 285, 326, 25, 0, 50.86%, 6, 0, 6, 126.89, 302933, 207, 146, 0
1469, 18, 304, 326, 23, 0, 50.86%, 6, 0, 6, 140.71, 303625, 207, 146, 0
1474, 18, 322, 326, 23, 0, 50.86%, 6, 0, 6, 129.89, 304297, 207, 146, 0
1479, 19, 0, 326, 22, 0, 50.86%, 6, 0, 6, 133.11, 304963, 207, 146, 0
1484, 19, 24, 326, 22, 0, 50.86%, 6, 0, 6, 149.90, 305771, 207, 146, 0
1490, 19, 63, 326, 22, 0, 50.86%, 6, 0, 6, 143.03, 306521, 207, 146, 0
1495, 19, 95, 326, 22, 0, 50.86%, 6, 0, 6, 135.01, 307211, 207, 146, 0
1500, 19, 128, 326, 22, 0, 50.86%, 6, 0, 6, 152.44, 307998, 207, 146, 0
1505, 19, 148, 326, 22, 0, 50.86%, 6, 0, 6, 142.95, 308705, 207, 146, 0
1510, 19, 175, 326, 22, 0, 50.86%, 6, 0, 6, 126.15, 309357, 207, 146, 0
1515, 19, 191, 326, 22, 0, 50.86%, 6, 0, 6, 136.10, 310067, 207, 146, 0
1520, 19, 194, 326, 22, 0, 50.86%, 6, 0, 6, 134.88, 310751, 207, 146, 0
1525, 19, 220, 326, 21, 0, 50.86%, 6, 0, 6, 145.06, 311470, 207, 146, 0
1530, 19, 234, 326, 21, 0, 50.86%, 6, 0, 6, 138.15, 312140, 207, 146, 0
1535, 19, 262, 326, 21, 0, 50.86%, 6, 0, 6, 131.29, 312821, 207, 146, 0
1541, 19, 304, 326, 20, 0, 50.86%, 6, 0, 6, 128.38, 313481, 207, 146, 0
1546, 19, 323, 326, 19, 0, 50.86%, 6, 0, 6, 140.86, 314215, 207, 148, 0
1551, 20, 0, 326, 18, 0, 50.86%, 6, 0, 6, 128.39, 314876, 207, 148, 0
1556, 20, 17, 326, 18, 0, 50.86%, 6, 0, 6, 134.01, 315536, 207, 148, 0
1561, 20, 63, 326, 18, 0, 50.86%, 6, 0, 6, 135.77, 316236, 207, 148, 0
1566, 20, 81, 326, 18, 0, 50.86%, 6, 0, 6, 144.55, 316984, 207, 149, 0
1571, 20, 113, 326, 18, 0, 50.86%, 6, 0, 6, 129.21, 317627, 207, 150, 0
1576, 20, 137, 326, 16, 0, 50.86%, 6, 0, 6, 134.16, 318337, 207, 153, 0
1582, 20, 148, 326, 16, 0, 50.86%, 6, 0, 6, 133.59, 319019, 207, 153, 0
1587, 20, 173, 326, 16, 0, 50.86%, 6, 0, 6, 134.62, 319683, 207, 153, 0
1592, 20, 187, 326, 16, 0, 50.86%, 6, 0, 6, 141.17, 320432, 207, 153, 0
1597, 20, 192, 326, 16, 0, 50.86%, 6, 0, 6, 139.27, 321127, 207, 153, 0
1602, 20, 228, 327, 17, 0, 50.86%, 6, 0, 6, 132.43, 321823, 207, 153, 0
1607, 20, 234, 327, 17, 0, 50.86%, 6, 0, 6, 121.96, 322463, 207, 153, 0
1612, 20, 235, 327, 17, 0, 50.86%, 6, 0, 6, 133.61, 323171, 207, 153, 0
1618, 20, 235, 327, 17, 0, 50.86%, 6, 0, 6, 137.94, 323865, 207, 153, 0
1623, 20, 262, 327, 16, 0, 50.86%, 6, 0, 6, 134.89, 324531, 207, 153, 0
1628, 20, 293, 327, 16, 0, 50.86%, 6, 0, 6, 142.61, 325280, 207, 153, 0
1633, 20, 317, 327, 15, 0, 50.86%, 6, 0, 6, 143.22, 325983, 207, 154, 0
1638, 20, 324, 327, 15, 0, 50.86%, 6, 0, 6, 132.59, 326652, 207, 154, 0
1643, 21, 16, 327, 15, 0, 50.86%, 6, 0, 6, 135.69, 327376, 207, 154, 0
1649, 21, 40, 327, 15, 0, 50.86%, 6, 0, 6, 136.68, 328091, 207, 154, 0
1654, 21, 63, 327, 15, 0, 50.86%, 6, 0, 6, 127.27, 328756, 207, 154, 0
1659, 21, 95, 327, 15, 0, 50.86%, 6, 0, 6, 127.21, 329420, 207, 154, 0
1664, 21, 128, 327, 15, 0, 50.86%, 6, 0, 6, 152.27, 330224, 207, 156, 0
1669, 21, 141, 327, 15, 0, 50.86%, 6, 0, 6, 140.42, 330912, 207, 157, 0
1674, 21, 163, 327, 15, 0, 50.86%, 6, 0, 6, 153.03, 331699, 207, 157, 0
1679, 21, 187, 327, 15, 0, 50.86%, 6, 0, 6, 135.68, 332386, 207, 157, 0
1684, 21, 191, 327, 15, 0, 50.86%, 6, 0, 6, 135.20, 333071, 207, 157, 0
1689, 21, 220, 327, 15, 0, 50.86%, 6, 0, 6, 146.72, 333816, 207, 157, 0
1695, 21, 234, 327, 15, 0, 50.86%, 6, 0, 6, 130.77, 334430, 207, 157, 0
1700, 21, 262, 327, 15, 0, 50.86%, 6, 0, 6, 125.86, 335054, 207, 157, 0
1705, 21, 285, 327, 15, 0, 50.86%, 6, 0, 6, 124.79, 335666, 207, 157, 0
1710, 21, 299, 327, 14, 0, 50.86%, 6, 0, 6, 129.38, 336337, 207, 159, 0
1715, 21, 312, 327, 13, 0, 50.86%, 6, 0, 6, 126.59, 337006, 207, 160, 0
1720, 21, 316, 327, 13, 0, 50.86%, 6, 0, 6, 132.99, 337682, 207, 163, 0
1725, 22, 10, 327, 12, 0, 50.86%, 6, 0, 6, 130.30, 338321, 207, 163, 0
1730, 22, 24, 327, 12, 0, 50.86%, 6, 0, 6, 139.94, 339040, 207, 163, 0
1735, 22, 58, 327, 12, 0, 50.86%, 6, 0, 6, 149.43, 339820, 207, 163, 0
1740, 22, 69, 327, 12, 0, 50.86%, 6, 0, 6, 141.66, 340538, 207, 163, 0
1746, 22, 95, 327, 12, 0, 50.86%, 6, 0, 6, 135.97, 341212, 207, 164, 0
1751, 22, 115, 327, 12, 0, 50.86%, 6, 0, 6, 132.07, 341875, 207, 164, 0
1756, 22, 140, 327, 12, 0, 50.86%, 6, 0, 6, 133.12, 342579, 207, 170, 0
1761, 22, 153, 327, 12, 0, 50.86%, 6, 0, 6, 135.77, 343275, 207, 170, 0
1766, 22, 186, 327, 12, 0, 50.86%, 6, 0, 6, 141.70, 344005, 207, 170, 0
1771, 22, 191, 327, 12, 0, 50.86%, 6, 0, 6, 146.30, 344759, 207, 170, 0
1776, 22, 232, 327, 12, 0, 50.86%, 6, 0, 6, 138.13, 345476, 207, 170, 0
1781, 22, 237, 327, 11, 0, 50.86%, 6, 0, 6, 139.31, 346186, 207, 170, 0
1786, 22, 246, 327, 11, 0, 50.86%, 6, 0, 6, 144.81, 346944, 207, 170, 0
1791, 22, 262, 327, 11, 0, 50.86%, 6, 0, 6, 139.98, 347644, 207, 170, 0
1796, 22, 291, 327, 11, 0, 50.86%, 6, 0, 6, 140.12, 348350, 207, 170, 0
1801, 22, 292, 327, 10, 0, 50.86%, 6, 0, 6, 143.05, 349052, 207, 170, 0
1806, 22, 304, 327, 10, 0, 50.86%, 6, 0, 6, 138.09, 349753, 207, 170, 0
1812, 22, 314, 328, 11, 0, 50.86%, 6, 0, 6, 147.48, 350534, 207, 171, 0
1817, 22, 314, 328, 11, 0, 50.86%, 6, 0, 6, 134.22, 351234, 207, 173, 0
1822, 22, 327, 328, 9, 0, 50.86%, 6, 0, 6, 128.41, 351883, 207, 173, 0
1827, 22, 327, 328, 9, 0, 50.86%, 6, 0, 6, 143.74, 352617, 207, 176, 0
1832, 23, 10, 328, 8, 0, 50.86%, 6, 0, 6, 135.09, 353299, 207, 176, 0
1837, 23, 24, 328, 8, 0, 50.86%, 6, 0, 6, 129.79, 353979, 207, 176, 0
1842, 23, 67, 328, 8, 0, 50.86%, 6, 0, 6, 143.10, 354724, 207, 176, 0
1848, 23, 95, 328, 8, 0, 50.86%, 6, 0, 6, 144.12, 355416, 207, 176, 0
1853, 23, 128, 328, 8, 0, 50.86%, 6, 0, 6, 140.12, 356146, 207, 176, 0
1858, 23, 148, 328, 8, 0, 50.86%, 6, 0, 6, 140.72, 356890, 207, 177, 0
1863, 23, 171, 328, 8, 0, 50.86%, 6, 0, 6, 136.18, 357591, 207, 177, 0
1868, 23, 187, 328, 8, 0, 50.86%, 6, 0, 6, 133.72, 358246, 207, 178, 0
1873, 23, 207, 328, 8, 0, 50.86%, 6, 0, 6, 142.92, 359035, 207, 178, 0
1878, 23, 221, 328, 8, 0, 50.86%, 6, 0, 6, 139.77, 359734, 207, 178, 0
1883, 23, 234, 328, 7, 0, 50.86%, 6, 0, 6, 131.86, 360402, 207, 178, 0
1889, 23, 243, 328, 7, 0, 50.86%, 6, 0, 6, 132.27, 361084, 207, 178, 0
1894, 23, 249, 328, 7, 0, 50.86%, 6, 0, 6, 133.20, 361784, 207, 178, 0
1899, 23, 265, 328, 6, 0, 50.86%, 6, 0, 6, 122.17, 362404, 207, 178, 0
1904, 23, 310, 328, 6, 0, 50.86%, 6, 0, 6, 134.06, 363085, 207, 178, 0
1909, 23, 314, 328, 6, 0, 50.86%, 6, 0, 6, 134.13, 363764, 207, 182, 0
1914, 24, 10, 328, 6, 0, 50.86%, 6, 0, 6, 132.50, 364427, 207, 184, 0
1919, 24, 24, 328, 6, 0, 50.86%, 6, 0, 6, 136.20, 365142, 207, 184, 0
1924, 24, 63, 328, 6, 0, 50.86%, 6, 0, 6, 138.82, 365867, 207, 184, 0
1929, 24, 95, 328, 6, 0, 50.86%, 6, 0, 6, 141.49, 366563, 207, 184, 0
1935, 24, 137, 328, 6, 0, 50.86%, 6, 0, 6, 142.88, 367341, 207, 184, 0
1940, 24, 148, 328, 6, 0, 50.86%, 6, 0, 6, 139.66, 368045, 207, 184, 0
1945, 24, 187, 328, 6, 0, 50.86%, 6, 0, 6, 144.14, 368788, 207, 184, 0
1950, 24, 192, 328, 6, 0, 50.86%, 6, 0, 6, 145.16, 369567, 207, 184, 0
1955, 24, 233, 328, 6, 0, 50.86%, 6, 0, 6, 146.93, 370356, 207, 184, 0
1960, 24, 234, 328, 6, 0, 50.86%, 6, 0, 6, 91.13, 371072, 207, 184, 0
1965, 24, 239, 328, 6, 0, 50.86%, 6, 0, 6, 126.18, 371780, 207, 184, 0
1971, 24, 243, 328, 5, 0, 50.86%, 6, 0, 6, 139.35, 372498, 207, 184, 0
1976, 24, 262, 328, 5, 0, 50.86%, 6, 0, 6, 124.75, 373142, 207, 184, 0
1981, 24, 287, 328, 5, 0, 50.86%, 6, 0, 6, 127.77, 373815, 207, 184, 0
1986, 24, 317, 328, 5, 0, 50.86%, 6, 0, 6, 122.07, 374422, 207, 185, 0
1991, 25, 17, 328, 5, 0, 50.86%, 6, 0, 6, 133.65, 375125, 207, 185, 0
1996, 25, 38, 328, 5, 0, 50.86%, 6, 0, 6, 137.81, 375815, 207, 185, 0
2001, 25, 63, 328, 5, 0, 50.86%, 6, 0, 6, 137.12, 376514, 207, 185, 0
2006, 25, 95, 328, 5, 0, 50.86%, 6, 0, 6, 145.45, 377250, 207, 185, 0
2011, 25, 128, 328, 5, 0, 50.86%, 6, 0, 6, 156.07, 378062, 207, 187, 0
2016, 25, 148, 328, 5, 0, 50.86%, 6, 0, 6, 146.48, 378788, 207, 187, 0
2022, 25, 175, 328, 5, 0, 50.86%, 6, 0, 6, 138.23, 379512, 207, 187, 0
2027, 25, 188, 328, 4, 0, 50.86%, 6, 0, 6, 148.15, 380235, 207, 187, 0
2032, 25, 192, 328, 4, 0, 50.86%, 6, 0, 6, 136.86, 380890, 207, 187, 0
2037, 25, 229, 328, 3, 0, 50.86%, 6, 0, 6, 147.47, 381643, 207, 187, 0
2042, 25, 234, 328, 3, 0, 50.86%, 6, 0, 6, 138.58, 382321, 207, 187, 0
2047, 25, 262, 328, 3, 0, 50.86%, 6, 0, 6, 124.36, 382935, 207, 187, 0
2052, 25, 291, 328, 3, 0, 50.86%, 6, 0, 6, 138.89, 383648, 207, 187, 0
2057, 25, 291, 328, 3, 0, 50.86%, 6, 0, 6, 129.11, 384292, 207, 187, 0
2062, 25, 309, 328, 3, 0, 50.86%, 6, 0, 6, 139.42, 385060, 207, 187, 0
2067, 26, 13, 328, 2, 0, 50.86%, 6, 0, 6, 143.48, 385778, 207, 187, 0
2073, 26, 24, 328, 2, 0, 50.86%, 6, 0, 6, 130.99, 386437, 207, 187, 0
2078, 26, 63, 328, 2, 0, 50.86%, 6, 0, 6, 130.40, 387113, 207, 187, 0
2083, 26, 69, 328, 2, 0, 50.86%, 6, 0, 6, 136.37, 387813, 207, 187, 0
2088, 26, 109, 328, 2, 0, 50.86%, 6, 0, 6, 134.77, 388489, 207, 187, 0
2093, 26, 137, 328, 2, 0, 50.86%, 6, 0, 6, 133.44, 389135, 207, 189, 0
2098, 26, 163, 328, 2, 0, 50.86%, 6, 0, 6, 145.31, 389871, 207, 189, 0
2103, 26, 188, 328, 2, 0, 50.86%, 6, 0, 6, 161.22, 390720, 207, 189, 0
2108, 26, 192, 328, 2, 0, 50.86%, 6, 0, 6, 138.64, 391403, 207, 189, 0
2113, 26, 209, 328, 2, 0, 50.86%, 6, 0, 6, 142.02, 392128, 207, 189, 0
2119, 26, 234, 328, 1, 0, 50.86%, 6, 0, 6, 143.93, 392885, 207, 189, 0
2124, 26, 243, 328, 1, 0, 50.86%, 6, 0, 6, 139.42, 393551, 207, 189, 0
2129, 26, 262, 328, 1, 0, 50.86%, 6, 0, 6, 127.78, 394210, 207, 189, 0
2134, 26, 284, 328, 1, 0, 50.86%, 6, 0, 6, 131.06, 394867, 207, 189, 0
2139, 26, 303, 328, 1, 0, 50.86%, 6, 0, 6, 125.69, 395476, 207, 189, 0
2144, 26, 313, 328, 1, 0, 50.86%, 6, 0, 6, 133.35, 396178, 207, 195, 0
2149, 27, 0, 328, 1, 0, 50.86%, 6, 0, 6, 140.96, 396891, 207, 206, 0
2154, 27, 22, 328, 1, 0, 50.86%, 6, 0, 6, 120.96, 397479, 207, 206, 0
2159, 27, 52, 328, 1, 0, 50.86%, 6, 0, 6, 131.70, 398142, 207, 206, 0
2164, 27, 67, 328, 1, 0, 50.86%, 6, 0, 6, 136.21, 398849, 207, 206, 0
2169, 27, 101, 328, 1, 0, 50.86%, 6, 0, 6, 149.71, 399579, 207, 206, 0
2175, 27, 137, 328, 1, 0, 50.86%, 6, 0, 6, 143.93, 400301, 207, 208, 0
2180, 27, 155, 328, 1, 0, 50.86%, 6, 0, 6, 132.26, 400943, 207, 208, 0
2185, 27, 175, 328, 1, 0, 50.86%, 6, 0, 6, 145.19, 401687, 207, 208, 0
2190, 27, 191, 328, 1, 0, 50.86%, 6, 0, 6, 150.56, 402456, 207, 208, 0
2195, 27, 199, 328, 1, 0, 50.86%, 6, 0, 6, 146.77, 403224, 207, 208, 0
2200, 27, 234, 328, 1, 0, 50.86%, 6, 0, 6, 148.24, 403974, 207, 208, 0
2205, 27, 243, 329, 2, 0, 50.86%, 6, 0, 6, 137.05, 404679, 207, 208, 0
2210, 27, 262, 329, 2, 0, 50.86%, 6, 0, 6, 141.97, 405403, 207, 208, 0
2215, 27, 306, 329, 2, 0, 50.86%, 6, 0, 6, 143.42, 406131, 207, 208, 0
2220, 27, 321, 329, 2, 0, 50.86%, 6, 0, 6, 144.55, 406842, 207, 208, 0
2226, 28, 294, 330, 2, 1, 51.35%, 6, 0, 6, 153.71, 407631, 209, 208, 0
2231, 28, 300, 330, 2, 1, 51.35%, 6, 0, 6, 143.73, 408371, 209, 208, 0
2236, 28, 329, 330, 2, 1, 51.35%, 6, 0, 6, 145.42, 409115, 209, 209, 0
2241, 29, 16, 330, 1, 0, 51.35%, 6, 0, 6, 134.15, 409800, 209, 209, 0
2246, 29, 26, 330, 1, 0, 51.35%, 6, 0, 6, 128.34, 410446, 209, 209, 0
2251, 29, 63, 330, 1, 0, 51.35%, 6, 0, 6, 134.77, 411159, 209, 209, 0
2257, 29, 86, 330, 1, 0, 51.35%, 6, 0, 6, 138.84, 411845, 209, 209, 0
2262, 29, 113, 330, 1, 0, 51.35%, 6, 0, 6, 127.07, 412477, 209, 209, 0
2267, 29, 140, 330, 1, 0, 51.35%, 6, 0, 6, 140.10, 413191, 209, 210, 0
2272, 29, 160, 330, 1, 0, 51.35%, 6, 0, 6, 136.94, 413874, 209, 210, 0
2277, 29, 186, 330, 1, 0, 51.35%, 6, 0, 6, 131.29, 414538, 209, 210, 0
2282, 29, 191, 330, 1, 0, 51.35%, 6, 0, 6, 137.09, 415252, 209, 210, 0
2287, 29, 234, 330, 1, 0, 51.35%, 6, 0, 6, 131.45, 415925, 209, 210, 0
2292, 29, 243, 330, 1, 0, 51.35%, 6, 0, 6, 125.72, 416535, 209, 210, 0
2298, 29, 262, 330, 1, 0, 51.35%, 6, 0, 6, 117.68, 417119, 209, 210, 0
2303, 29, 285, 330, 1, 0, 51.35%, 6, 0, 6, 125.10, 417765, 209, 210, 0
2308, 29, 302, 330, 1, 0, 51.35%, 6, 0, 6, 125.48, 418383, 209, 210, 0
2313, 29, 324, 330, 0, 0, 51.35%, 6, 0, 6, 133.24, 419090, 209, 211, 0
2318, 30, 12, 330, 0, 0, 51.35%, 6, 0, 6, 136.79, 419791, 209, 211, 0
2323, 30, 28, 330, 0, 0, 51.35%, 6, 0, 6, 132.72, 420470, 209, 211, 0
2328, 30, 55, 330, 0, 0, 51.35%, 6, 0, 6, 136.71, 421182, 209, 211, 0
2333, 30, 95, 330, 0, 0, 51.35%, 6, 0, 6, 142.55, 421930, 209, 211, 0
2338, 30, 113, 330, 0, 0, 51.35%, 6, 0, 6, 131.58, 422585, 209, 211, 0
2344, 30, 140, 330, 0, 0, 51.35%, 6, 0, 6, 142.25, 423369, 209, 213, 0
2349, 30, 154, 330, 0, 0, 51.35%, 6, 0, 6, 138.23, 424079, 209, 213, 0
2354, 30, 175, 330, 0, 0, 51.35%, 6, 0, 6, 132.36, 424737, 209, 214, 0
2359, 30, 191, 330, 0, 0, 51.35%, 6, 0, 6, 136.90, 425428, 209, 214, 0
2364, 30, 207, 330, 0, 0, 51.35%, 6, 0, 6, 132.98, 426113, 209, 214, 0
2369, 30, 234, 330, 0, 0, 51.35%, 6, 0, 6, 137.00, 426834, 209, 214, 0
2374, 30, 262, 330, 0, 0, 51.35%, 6, 0, 6, 133.12, 427510, 209, 214, 0
2379, 30, 265, 330, 0, 0, 51.35%, 6, 0, 6, 127.88, 428126, 209, 214, 0
2384, 30, 309, 330, 0, 0, 51.35%, 6, 0, 6, 129.02, 428791, 209, 214, 0
2390, 30, 329, 330, 0, 0, 51.35%, 6, 0, 6, 135.69, 429511, 209, 214, 0
2395, 31, 102, 331, 1, 1, 51.60%, 6, 0, 6, 137.02, 430191, 210, 214, 0
2400, 31, 330, 331, 1, 1, 51.60%, 6, 0, 6, 135.51, 430879, 210, 214, 0
2405, 32, 13, 331, 0, 0, 51.60%, 7, 0, 6, 136.21, 431586, 210, 218, 0
2410, 32, 24, 331, 0, 0, 51.60%, 7, 0, 6, 132.90, 432266, 210, 218, 0
2415, 32, 63, 331, 0, 0, 51.60%, 7, 0, 6, 122.63, 432889, 210, 218, 0
2420, 32, 95, 331, 0, 0, 51.60%, 7, 0, 6, 144.30, 433608, 210, 218, 0
2425, 32, 115, 331, 0, 0, 51.60%, 7, 0, 6, 148.51, 434355, 210, 218, 0
2430, 32, 148, 331, 0, 0, 51.60%, 7, 0, 6, 130.53, 435027, 210, 219, 0
2435, 32, 163, 331, 0, 0, 51.60%, 7, 0, 6, 135.21, 435710, 210, 219, 0
2441, 32, 186, 331, 0, 0, 51.60%, 7, 0, 6, 130.30, 436387, 210, 219, 0
2446, 32, 191, 331, 0, 0, 51.60%, 7, 0, 6, 133.36, 437081, 210, 219, 0
2451, 32, 233, 331, 0, 0, 51.60%, 7, 0, 6, 134.63, 437763, 210, 219, 0
2456, 32, 234, 331, 0, 0, 51.60%, 7, 0, 6, 131.88, 438437, 210, 219, 0
2461, 32, 262, 331, 0, 0, 51.60%, 7, 0, 6, 132.43, 439121, 210, 219, 0
2466, 32, 263, 331, 0, 0, 51.60%, 7, 0, 6, 127.61, 439789, 210, 219, 0
2472, 32, 306, 331, 0, 0, 51.60%, 7, 0, 6, 138.42, 440526, 210, 219, 0
2477, 32, 326, 331, 0, 0, 51.60%, 7, 0, 6, 130.03, 441175, 210, 219, 0
2482, 32, 330, 331, 0, 0, 51.60%, 7, 0, 6, 139.32, 441905, 210, 220, 0
2487, 33, 20, 331, 0, 0, 51.60%, 7, 0, 6, 141.96, 442622, 210, 221, 0
2492, 33, 42, 331, 0, 0, 51.60%, 7, 0, 6, 138.64, 443319, 210, 221, 0
2497, 33, 55, 331, 0, 0, 51.60%, 7, 0, 6, 138.59, 444029, 210, 222, 0
2502, 33, 67, 331, 0, 0, 51.60%, 7, 0, 6, 153.60, 444812, 210, 222, 0
2507, 33, 96, 331, 0, 0, 51.60%, 7, 0, 6, 142.32, 445516, 210, 222, 0
2512, 33, 135, 331, 0, 0, 51.60%, 7, 0, 6, 185.83, 446394, 210, 223, 0
2517, 33, 161, 331, 0, 0, 51.60%, 7, 0, 6, 160.42, 447250, 210, 223, 0
2523, 33, 175, 331, 0, 0, 51.60%, 7, 0, 6, 151.25, 448033, 210, 223, 0
2528, 33, 191, 331, 0, 0, 51.60%, 7, 0, 6, 147.45, 448790, 210, 223, 0
2533, 33, 234, 331, 0, 0, 51.60%, 7, 0, 6, 138.96, 449500, 210, 223, 0
2538, 33, 239, 331, 0, 0, 51.60%, 7, 0, 6, 129.98, 450156, 210, 223, 0
2543, 33, 253, 331, 0, 0, 51.60%, 7, 0, 6, 133.94, 450834, 210, 223, 0
2548, 33, 262, 331, 0, 0, 51.60%, 7, 0, 6, 139.59, 451557, 210, 223, 0
2553, 33, 301, 331, 0, 0, 51.60%, 7, 0, 6, 141.21, 452246, 210, 223, 0
2558, 33, 329, 331, 0, 0, 51.60%, 7, 0, 6, 134.78, 452912, 210, 224, 0
2563, 34, 0, 331, 0, 0, 51.60%, 7, 0, 6, 124.46, 453549, 210, 225, 0
2568, 34, 22, 331, 0, 0, 51.60%, 7, 0, 6, 131.80, 454216, 210, 225, 0
2574, 34, 63, 331, 0, 0, 51.60%, 7, 0, 6, 143.83, 454973, 210, 225, 0
2579, 34, 94, 331, 0, 0, 51.60%, 7, 0, 6, 149.45, 455733, 210, 226, 0
2584, 34, 113, 331, 0, 0, 51.60%, 7, 0, 6, 133.72, 456384, 210, 226, 0
2589, 34, 137, 331, 0, 0, 51.60%, 7, 0, 6, 134.09, 457064, 210, 234, 0
2594, 34, 148, 331, 0, 0, 51.60%, 7, 0, 6, 134.68, 457768, 210, 234, 0
2599, 34, 187, 331, 0, 0, 51.60%, 7, 0, 6, 139.23, 458477, 210, 235, 0
2604, 34, 191, 331, 0, 0, 51.60%, 7, 0, 6, 134.68, 459164, 210, 235, 0
2610, 34, 234, 331, 0, 0, 51.60%, 7, 0, 6, 145.61, 459899, 210, 235, 0
2615, 34, 258, 331, 0, 0, 51.60%, 7, 0, 6, 139.08, 460601, 210, 235, 0
2620, 34, 262, 331, 0, 0, 51.60%, 7, 0, 6, 126.72, 461237, 210, 235, 0
2625, 34, 291, 331, 0, 0, 51.60%, 7, 0, 6, 130.00, 461880, 210, 235, 0
2630, 34, 324, 331, 0, 0, 51.60%, 7, 0, 6, 136.12, 462596, 210, 235, 0
2635, 34, 325, 332, 1, 0, 51.60%, 7, 0, 7, 124.14, 463213, 210, 235, 0
2640, 34, 330, 332, 1, 0, 51.60%, 7, 0, 7, 137.03, 463935, 210, 235, 0
2645, 35, 16, 332, 1, 0, 51.60%, 7, 0, 7, 136.30, 464620, 210, 235, 0
2651, 35, 55, 332, 1, 0, 51.60%, 7, 0, 7, 132.37, 465301, 210, 235, 0
2656, 35, 67, 332, 1, 0, 51.60%, 7, 0, 7, 133.70, 465975, 210, 235, 0
2661, 35, 96, 332, 1, 0, 51.60%, 7, 0, 7, 128.96, 466637, 210, 235, 0
2666, 35, 137, 332, 1, 0, 51.60%, 7, 0, 7, 138.45, 467327, 210, 238, 0
2671, 35, 163, 332, 1, 0, 51.60%, 7, 0, 7, 140.15, 468067, 210, 238, 0
2676, 35, 180, 332, 1, 0, 51.60%, 7, 0, 7, 134.45, 468739, 210, 238, 0
2681, 35, 191, 332, 1, 0, 51.60%, 7, 0, 7, 140.66, 469477, 210, 238, 0
2686, 35, 207, 332, 1, 0, 51.60%, 7, 0, 7, 131.07, 470132, 210, 238, 0
2691, 35, 220, 332, 1, 0, 51.60%, 7, 0, 7, 144.75, 470869, 210, 238, 0
2697, 35, 234, 332, 1, 0, 51.60%, 7, 0, 7, 133.11, 471537, 210, 238, 0
2702, 35, 262, 332, 1, 0, 51.60%, 7, 0, 7, 136.76, 472273, 210, 238, 0
2707, 35, 267, 332, 1, 0, 51.60%, 7, 0, 7, 122.34, 472885, 210, 238, 0
2712, 35, 306, 332, 1, 0, 51.60%, 7, 0, 7, 140.29, 473605, 210, 238, 0
2717, 35, 330, 332, 1, 0, 51.60%, 7, 0, 7, 129.73, 474256, 210, 239, 0
2722, 36, 14, 332, 1, 0, 51.60%, 7, 0, 7, 130.86, 474907, 210, 239, 0
2727, 36, 24, 332, 1, 0, 51.60%, 7, 0, 7, 122.35, 475525, 210, 239, 0
2732, 36, 63, 332, 1, 0, 51.60%, 7, 0, 7, 122.11, 476162, 210, 239, 0
2737, 36, 95, 332, 1, 0, 51.60%, 7, 0, 7, 136.68, 476870, 210, 239, 0
2742, 36, 113, 332, 1, 0, 51.60%, 7, 0, 7, 142.00, 477607, 210, 239, 0
2748, 36, 137, 332, 1, 0, 51.60%, 7, 0, 7, 140.67, 478347, 210, 244, 0
2753, 36, 148, 332, 1, 0, 51.60%, 7, 0, 7, 160.01, 479153, 210, 244, 0
2758, 36, 175, 332, 1, 0, 51.60%, 7, 0, 7, 148.66, 479891, 210, 245, 0
2763, 36, 191, 332, 1, 0, 51.60%, 7, 0, 7, 140.29, 480601, 210, 245, 0
2768, 36, 213, 332, 1, 0, 51.60%, 7, 0, 7, 141.28, 481311, 210, 245, 0
2773, 36, 234, 332, 1, 0, 51.60%, 7, 0, 7, 136.00, 482020, 210, 245, 0
2778, 36, 243, 332, 1, 0, 51.60%, 7, 0, 7, 137.01, 482696, 210, 245, 0
2783, 36, 282, 332, 1, 0, 51.60%, 7, 0, 7, 140.19, 483394, 210, 245, 0
2788, 36, 324, 332, 1, 0, 51.60%, 7, 0, 7, 147.21, 484127, 210, 247, 0
2794, 36, 331, 332, 1, 0, 51.60%, 7, 0, 7, 135.44, 484821, 210, 248, 0
2799, 36, 331, 333, 2, 0, 51.60%, 7, 0, 8, 133.17, 485502, 210, 248, 0
2804, 36, 331, 333, 2, 0, 51.60%, 7, 0, 8, 131.14, 486144, 210, 248, 0
2809, 37, 16, 333, 1, 0, 51.60%, 7, 0, 8, 134.28, 486799, 210, 248, 0
2814, 37, 55, 333, 1, 0, 51.60%, 7, 0, 8, 144.93, 487556, 210, 248, 0
2819, 37, 67, 333, 1, 0, 51.60%, 7, 0, 8, 139.44, 488254, 210, 248, 0
2824, 37, 110, 333, 1, 0, 51.60%, 7, 0, 8, 142.83, 489002, 210, 248, 0
2829, 37, 137, 333, 1, 0, 51.60%, 7, 0, 8, 141.49, 489731, 210, 249, 0
2835, 37, 163, 333, 1, 0, 51.60%, 7, 0, 8, 138.24, 490445, 210, 249, 0
2840, 37, 190, 333, 1, 0, 51.60%, 7, 0, 8, 141.03, 491167, 210, 249, 0
2845, 37, 193, 333, 1, 0, 51.60%, 7, 0, 8, 154.02, 491973, 210, 249, 0
2850, 37, 234, 333, 1, 0, 51.60%, 7, 0, 8, 148.47, 492735, 210, 249, 0
2855, 37, 246, 333, 1, 0, 51.60%, 7, 0, 8, 148.18, 493446, 210, 249, 0
2860, 37, 262, 333, 1, 0, 51.60%, 7, 0, 8, 133.13, 494126, 210, 249, 0
2865, 37, 283, 333, 1, 0, 51.60%, 7, 0, 8, 121.83, 494732, 210, 249, 0
2870, 37, 324, 333, 1, 0, 51.60%, 7, 0, 8, 131.25, 495435, 210, 251, 0
2875, 38, 11, 333, 1, 0, 51.60%, 7, 0, 8, 148.57, 496212, 210, 251, 0
2880, 38, 24, 333, 1, 0, 51.60%, 7, 0, 8, 134.30, 496878, 210, 251, 0
2886, 38, 63, 333, 1, 0, 51.60%, 7, 0, 8, 140.78, 497626, 210, 251, 0
2891, 38, 73, 333, 1, 0, 51.60%, 7, 0, 8, 142.29, 498333, 210, 251, 0
2896, 38, 110, 333, 1, 0, 51.60%, 7, 0, 8, 145.05, 499077, 210, 251, 0
2901, 38, 137, 333, 1, 0, 51.60%, 7, 0, 8, 142.05, 499790, 210, 252, 0
2906, 38, 163, 333, 1, 0, 51.60%, 7, 0, 8, 146.52, 500554, 210, 252, 0
2911, 38, 186, 333, 1, 0, 51.60%, 7, 0, 8, 145.73, 501331, 210, 252, 0
2916, 38, 191, 333, 1, 0, 51.60%, 7, 0, 8, 159.13, 502152, 210, 252, 0
2921, 38, 220, 333, 1, 0, 51.60%, 7, 0, 8, 149.85, 502877, 210, 252, 0
2927, 38, 234, 333, 1, 0, 51.60%, 7, 0, 8, 142.60, 503595, 210, 252, 0
2932, 38, 262, 333, 1, 0, 51.60%, 7, 0, 8, 138.77, 504299, 210, 252, 0
2937, 38, 309, 333, 1, 0, 51.60%, 7, 0, 8, 135.30, 504972, 210, 252, 0
2942, 38, 329, 333, 1, 0, 51.60%, 7, 0, 8, 136.97, 505666, 210, 253, 0
2947, 39, 20, 333, 1, 0, 51.60%, 7, 0, 8, 144.55, 506425, 210, 254, 0
2952, 39, 52, 333, 1, 0, 51.60%, 7, 0, 8, 136.55, 507114, 210, 254, 0
2957, 39, 63, 333, 1, 0, 51.60%, 7, 0, 8, 137.91, 507816, 210, 254, 0
2962, 39, 95, 333, 1, 0, 51.60%, 7, 0, 8, 140.87, 508554, 210, 254, 0
2967, 39, 128, 333, 1, 0, 51.60%, 7, 0, 8, 147.84, 509342, 210, 255, 0
2972, 39, 148, 333, 1, 0, 51.60%, 7, 0, 8, 149.02, 510080, 210, 256, 0
2978, 39, 169, 333, 1, 0, 51.60%, 7, 0, 8, 140.47, 510810, 210, 256, 0
2983, 39, 190, 333, 1, 0, 51.60%, 7, 0, 8, 129.43, 511462, 210, 256, 0
2988, 39, 192, 333, 1, 0, 51.60%, 7, 0, 8, 127.54, 512086, 210, 256, 0
2993, 39, 234, 333, 1, 0, 51.60%, 7, 0, 8, 135.51, 512787, 210, 256, 0
2998, 39, 243, 333, 1, 0, 51.60%, 7, 0, 8, 136.49, 513465, 210, 256, 0
3003, 39, 262, 333, 1, 0, 51.60%, 7, 0, 8, 122.64, 514063, 210, 256, 0
3008, 39, 290, 333, 1, 0, 51.60%, 7, 0, 8, 120.05, 514684, 210, 256, 0
3013, 39, 304, 333, 1, 0, 51.60%, 7, 0, 8, 127.50, 515329, 210, 259, 0
3019, 39, 324, 333, 1, 0, 51.60%, 7, 0, 8, 133.48, 516034, 210, 261, 0
3024, 39, 331, 333, 1, 0, 51.60%, 7, 0, 8, 131.11, 516700, 210, 262, 0
3029, 39, 332, 333, 1, 0, 51.60%, 7, 0, 8, 131.40, 517372, 210, 262, 0
3034, 40, 333, 334, 1, 1, 51.84%, 7, 0, 8, 134.91, 518049, 211, 263, 0
3039, 41, 0, 334, 0, 0, 51.84%, 7, 0, 8, 135.27, 518727, 211, 263, 0
3044, 41, 24, 334, 0, 0, 51.84%, 7, 0, 8, 142.39, 519446, 211, 263, 0
3049, 41, 55, 334, 0, 0, 51.84%, 7, 0, 8, 144.55, 520194, 211, 264, 0
3054, 41, 67, 334, 0, 0, 51.84%, 7, 0, 8, 139.20, 520902, 211, 264, 0
3059, 41, 95, 334, 0, 0, 51.84%, 7, 0, 8, 139.77, 521630, 211, 265, 0
3064, 41, 128, 334, 0, 0, 51.84%, 7, 0, 8, 132.88, 522302, 211, 266, 0
3070, 41, 148, 334, 0, 0, 51.84%, 7, 0, 8, 129.48, 522998, 211, 266, 0
3075, 41, 175, 334, 0, 0, 51.84%, 7, 0, 8, 126.61, 523612, 211, 266, 0
3080, 41, 191, 334, 0, 0, 51.84%, 7, 0, 8, 148.19, 524392, 211, 266, 0
3085, 41, 201, 334, 0, 0, 51.84%, 7, 0, 8, 141.68, 525118, 211, 266, 0
3090, 41, 234, 334, 0, 0, 51.84%, 7, 0, 8, 148.29, 525872, 211, 267, 0
3095, 41, 243, 334, 0, 0, 51.84%, 7, 0, 8, 135.42, 526565, 211, 267, 0
3100, 41, 262, 334, 0, 0, 51.84%, 7, 0, 8, 125.86, 527207, 211, 267, 0
3105, 42, 119, 337, 3, 2, 52.33%, 7, 0, 8, 378.86, 529266, 213, 269, 0
3110, 42, 334, 343, 9, 2, 52.33%, 7, 0, 8, 484.31, 531892, 213, 269, 0
3115, 43, 22, 343, 7, 0, 52.33%, 7, 0, 8, 512.76, 534725, 213, 269, 0
3120, 43, 140, 343, 7, 0, 52.33%, 7, 0, 8, 505.72, 537279, 213, 272, 0
3126, 43, 201, 343, 7, 0, 52.33%, 7, 0, 8, 500.83, 539873, 213, 273, 0
3131, 43, 262, 343, 7, 0, 52.33%, 7, 0, 8, 474.75, 542235, 213, 273, 0
3136, 43, 336, 343, 7, 0, 52.33%, 7, 0, 8, 504.25, 544722, 213, 274, 0
3141, 44, 343, 346, 9, 2, 52.58%, 7, 0, 8, 493.22, 547212, 214, 274, 0
3146, 45, 63, 346, 7, 0, 52.58%, 7, 0, 8, 459.29, 549561, 214, 274, 0
3151, 45, 163, 346, 7, 0, 52.58%, 7, 0, 8, 476.63, 551990, 214, 274, 0
3156, 45, 227, 346, 7, 0, 52.58%, 7, 0, 8, 497.70, 554507, 214, 274, 0
3161, 45, 317, 346, 7, 0, 52.58%, 7, 0, 8, 486.26, 557013, 214, 277, 0
3166, 46, 10, 348, 8, 0, 52.83%, 7, 0, 8, 455.25, 559322, 215, 278, 0
3171, 47, 24, 348, 7, 0, 52.83%, 7, 0, 8, 449.15, 561619, 215, 278, 0
3176, 47, 113, 348, 7, 0, 52.83%, 7, 0, 8, 455.43, 563911, 215, 278, 0
3181, 47, 191, 348, 7, 0, 52.83%, 7, 0, 8, 483.40, 566389, 215, 279, 0
3186, 47, 265, 348, 7, 0, 52.83%, 7, 0, 8, 449.25, 568644, 215, 279, 0
3191, 47, 334, 348, 7, 0, 52.83%, 7, 0, 8, 453.46, 570867, 215, 291, 0
3196, 47, 345, 348, 7, 0, 52.83%, 7, 0, 8, 480.36, 573334, 215, 291, 0
3202, 48, 63, 348, 7, 0, 52.83%, 7, 0, 8, 462.42, 575622, 215, 291, 0
3207, 48, 163, 348, 7, 0, 52.83%, 7, 0, 8, 452.14, 577912, 215, 292, 0
3212, 48, 234, 348, 7, 0, 52.83%, 7, 0, 8, 467.81, 580374, 215, 292, 0
3217, 48, 310, 348, 7, 0, 52.83%, 7, 0, 8, 440.71, 582595, 215, 293, 0
3222, 48, 336, 348, 6, 0, 52.83%, 7, 0, 8, 451.64, 584868, 215, 294, 0
3227, 48, 343, 348, 3, 0, 52.83%, 7, 0, 8, 480.10, 587336, 215, 294, 0
3232, 49, 28, 348, 3, 0, 52.83%, 7, 0, 8, 468.99, 589730, 215, 294, 0
3237, 49, 101, 348, 3, 0, 52.83%, 7, 0, 8, 451.57, 591941, 215, 294, 0
3242, 49, 158, 348, 3, 0, 52.83%, 7, 0, 8, 448.90, 594166, 215, 296, 0
3247, 49, 220, 348, 3, 0, 52.83%, 7, 0, 8, 472.58, 596620, 215, 296, 0
3252, 49, 317, 348, 3, 0, 52.83%, 7, 0, 8, 479.36, 599024, 215, 298, 0
3257, 49, 336, 348, 3, 0, 52.83%, 7, 0, 8, 501.46, 601564, 215, 298, 0
3262, 49, 343, 348, 2, 0, 52.83%, 7, 0, 8, 471.85, 603885, 215, 298, 0
3267, 50, 54, 348, 2, 0, 52.83%, 7, 0, 8, 465.20, 606261, 215, 298, 0
3272, 50, 137, 348, 2, 0, 52.83%, 7, 0, 8, 476.12, 608637, 215, 299, 0
3277, 50, 193, 348, 2, 0, 52.83%, 7, 0, 8, 479.36, 611123, 215, 299, 0
3283, 50, 262, 348, 2, 0, 52.83%, 7, 0, 8, 454.86, 613478, 215, 299, 0
3288, 50, 333, 349, 3, 0, 52.83%, 7, 0, 8, 461.02, 615844, 215, 304, 0
3293, 50, 341, 349, 3, 0, 52.83%, 7, 0, 8, 463.40, 618170, 215, 304, 0
3298, 51, 20, 349, 3, 0, 52.83%, 7, 0, 8, 474.48, 620689, 215, 304, 0
3303, 51, 113, 349, 3, 0, 52.83%, 7, 0, 8, 474.30, 623104, 215, 304, 0
3308, 51, 186, 349, 3, 0, 52.83%, 7, 0, 8, 466.37, 625414, 215, 305, 0
3313, 51, 255, 349, 3, 0, 52.83%, 7, 0, 8, 449.91, 627672, 215, 305, 0
3318, 51, 334, 349, 3, 0, 52.83%, 7, 0, 8, 459.36, 630077, 215, 306, 0
3323, 51, 343, 349, 3, 0, 52.83%, 7, 0, 8, 481.55, 632560, 215, 306, 0
3328, 52, 358, 375, 28, 6, 57.99%, 7, 0, 8, 506.72, 635177, 236, 306, 0
3334, 52, 360, 376, 27, 4, 57.99%, 7, 0, 8, 468.19, 637504, 236, 306, 0
3339, 52, 361, 387, 37, 3, 57.99%, 7, 0, 8, 465.38, 639856, 236, 306, 0
3344, 52, 362, 392, 41, 3, 57.99%, 7, 0, 8, 495.46, 642368, 236, 306, 0
3349, 52, 362, 393, 42, 3, 57.99%, 7, 0, 8, 460.90, 644715, 236, 306, 0
3354, 52, 362, 393, 42, 3, 57.99%, 7, 0, 8, 464.27, 647028, 236, 306, 0
3359, 52, 362, 393, 42, 3, 57.99%, 7, 0, 8, 447.94, 649287, 236, 306, 0
3364, 52, 369, 394, 42, 3, 57.99%, 7, 0, 8, 460.60, 651595, 236, 306, 0
3369, 52, 376, 394, 41, 2, 57.99%, 7, 0, 8, 461.64, 653896, 236, 306, 0
3374, 53, 214, 396, 39, 1, 58.72%, 7, 0, 8, 455.97, 656231, 239, 306, 0
3379, 53, 395, 403, 46, 1, 58.97%, 7, 0, 8, 422.00, 658339, 240, 306, 0
3384, 53, 395, 404, 47, 1, 61.18%, 7, 0, 8, 438.41, 660514, 249, 306, 0
3389, 53, 395, 405, 48, 1, 61.43%, 7, 0, 8, 448.60, 662865, 250, 306, 0
3394, 53, 395, 405, 48, 1, 61.43%, 7, 0, 8, 450.52, 665153, 250, 306, 0
3399, 53, 403, 408, 49, 2, 61.43%, 7, 0, 8, 449.88, 667444, 250, 306, 0
3405, 53, 403, 432, 73, 2, 61.43%, 7, 0, 8, 427.94, 669613, 250, 306, 0
3410, 53, 404, 432, 72, 2, 61.43%, 7, 0, 8, 455.16, 671920, 250, 306, 0
3415, 53, 428, 433, 72, 1, 61.43%, 7, 0, 8, 452.93, 674222, 250, 306, 0
3420, 53, 430, 435, 73, 0, 61.43%, 7, 0, 8, 446.09, 676457, 250, 306, 0
3425, 54, 61, 437, 73, 2, 61.43%, 7, 0, 8, 428.63, 678640, 250, 306, 0
3430, 55, 15, 437, 70, 0, 61.43%, 7, 0, 8, 458.00, 680976, 250, 307, 0
3435, 55, 102, 437, 70, 0, 61.43%, 7, 0, 8, 469.79, 683362, 250, 309, 0
3440, 55, 187, 437, 70, 0, 61.43%, 7, 0, 8, 454.38, 685693, 250, 312, 0
3445, 55, 234, 437, 70, 0, 61.43%, 7, 0, 8, 449.90, 687959, 250, 312, 0
3450, 55, 333, 437, 70, 0, 61.43%, 7, 0, 8, 442.32, 690162, 250, 315, 0
3455, 55, 346, 437, 70, 0, 61.43%, 7, 0, 8, 456.11, 692536, 250, 315, 0
3461, 55, 359, 437, 68, 0, 61.43%, 7, 0, 8, 458.36, 694980, 250, 315, 0
3466, 55, 368, 437, 67, 0, 61.43%, 7, 0, 8, 458.91, 697281, 250, 315, 0
3471, 55, 378, 437, 66, 0, 61.43%, 7, 0, 8, 503.58, 699952, 250, 315, 0
3476, 55, 402, 437, 62, 0, 61.43%, 7, 0, 8, 451.07, 702199, 250, 315, 0
3481, 55, 420, 437, 59, 0, 61.43%, 7, 0, 8, 463.64, 704478, 250, 315, 0
3486, 55, 435, 437, 55, 0, 61.43%, 7, 0, 8, 433.97, 706678, 250, 315, 0
3491, 56, 55, 438, 56, 0, 61.43%, 7, 0, 8, 447.13, 708949, 250, 315, 0
3496, 56, 128, 438, 56, 0, 61.43%, 7, 0, 8, 452.93, 711266, 250, 317, 0
3501, 56, 191, 438, 56, 0, 61.43%, 7, 0, 8, 460.54, 713608, 250, 318, 0
3506, 56, 234, 439, 57, 0, 61.43%, 7, 0, 8, 439.52, 715783, 250, 318, 0
3511, 56, 438, 440, 58, 1, 61.43%, 7, 0, 8, 452.24, 718056, 250, 318, 0
3516, 56, 438, 440, 58, 1, 61.43%, 7, 0, 8, 442.13, 720278, 250, 318, 0
3521, 56, 439, 440, 57, 0, 61.43%, 7, 0, 8, 442.76, 722568, 250, 318, 0
3526, 57, 101, 440, 56, 0, 61.43%, 7, 0, 8, 461.49, 724883, 250, 318, 0
3531, 57, 186, 440, 56, 0, 61.43%, 7, 0, 8, 468.26, 727217, 250, 321, 0
3537, 57, 262, 440, 56, 0, 61.43%, 7, 0, 8, 465.72, 729577, 250, 321, 0
3542, 57, 332, 440, 56, 0, 61.43%, 7, 0, 8, 479.98, 731924, 250, 328, 0
3547, 57, 343, 440, 56, 0, 61.43%, 7, 0, 8, 474.41, 734279, 250, 328, 0
3552, 57, 357, 440, 55, 0, 61.43%, 7, 0, 8, 459.63, 736498, 250, 328, 0
3557, 57, 366, 440, 53, 0, 61.43%, 7, 0, 8, 427.56, 738690, 250, 328, 0
3562, 57, 379, 440, 52, 0, 61.43%, 7, 0, 8, 477.41, 741122, 250, 328, 0
3567, 57, 401, 441, 49, 0, 61.43%, 7, 0, 8, 464.57, 743505, 250, 328, 0
3572, 57, 409, 442, 48, 0, 61.43%, 7, 0, 8, 455.01, 745782, 250, 328, 0
3577, 57, 418, 443, 47, 0, 61.43%, 7, 0, 8, 453.32, 748061, 250, 328, 0
3582, 57, 436, 444, 47, 0, 61.43%, 7, 0, 8, 458.46, 750358, 250, 328, 0
3587, 57, 438, 444, 47, 0, 61.43%, 7, 0, 8, 448.98, 752623, 250, 329, 0
3592, 58, 55, 444, 46, 0, 61.43%, 7, 0, 8, 448.72, 754896, 250, 329, 0
3598, 58, 145, 444, 46, 0, 61.43%, 7, 0, 8, 450.21, 757197, 250, 332, 0
3603, 58, 220, 444, 46, 0, 61.43%, 7, 0, 8, 445.50, 759474, 250, 332, 0
3608, 58, 324, 444, 46, 0, 61.43%, 7, 0, 8, 446.31, 761729, 250, 333, 0
3613, 58, 346, 444, 46, 0, 61.43%, 7, 0, 8, 461.12, 764007, 250, 333, 0
3618, 58, 360, 444, 44, 0, 61.43%, 7, 0, 8, 481.74, 766552, 250, 333, 0
3623, 58, 373, 444, 43, 0, 61.43%, 7, 0, 8, 463.84, 768860, 250, 333, 0
3628, 58, 388, 444, 39, 0, 61.43%, 7, 0, 8, 466.31, 771205, 250, 333, 0
3633, 58, 403, 444, 37, 0, 61.43%, 7, 0, 8, 447.07, 773512, 250, 333, 0
3638, 58, 428, 444, 34, 0, 61.43%, 7, 0, 8, 471.38, 775887, 250, 333, 0
3643, 58, 438, 444, 34, 0, 61.43%, 7, 0, 8, 454.59, 778148, 250, 333, 0
3648, 59, 137, 446, 35, 1, 61.67%, 7, 0, 8, 471.09, 780553, 251, 333, 0
3653, 60, 55, 446, 34, 0, 61.67%, 7, 0, 8, 479.87, 782993, 251, 333, 0
3658, 60, 140, 446, 34, 0, 61.67%, 7, 0, 8, 476.36, 785416, 251, 337, 0
3663, 60, 207, 446, 34, 0, 61.67%, 7, 0, 8, 448.89, 787687, 251, 337, 0
3669, 60, 324, 446, 34, 0, 61.67%, 7, 0, 8, 440.44, 789880, 251, 338, 0
3674, 60, 347, 446, 34, 0, 61.67%, 7, 0, 8, 476.91, 792214, 251, 338, 0
3679, 60, 369, 446, 34, 0, 61.67%, 7, 0, 8, 468.93, 794554, 251, 338, 0
3684, 60, 391, 446, 33, 0, 61.67%, 7, 0, 8, 465.29, 796959, 251, 338, 0
3689, 60, 404, 446, 31, 0, 61.67%, 7, 0, 8, 447.96, 799211, 251, 338, 0
3694, 60, 412, 446, 28, 0, 61.67%, 7, 0, 8, 448.40, 801450, 251, 338, 0
3699, 60, 424, 446, 24, 0, 61.67%, 7, 0, 8, 465.33, 803821, 251, 338, 0
3704, 60, 438, 446, 23, 0, 61.67%, 7, 0, 8, 467.20, 806194, 251, 338, 0
3709, 60, 442, 446, 23, 0, 61.67%, 7, 0, 8, 439.27, 808370, 251, 338, 0
3714, 61, 63, 446, 22, 0, 61.67%, 7, 0, 8, 435.05, 810584, 251, 338, 0
3719, 61, 148, 446, 22, 0, 61.67%, 7, 0, 8, 459.38, 812955, 251, 340, 0
3724, 61, 212, 446, 22, 0, 61.67%, 7, 0, 8, 487.22, 815472, 251, 340, 0
3729, 61, 331, 446, 22, 0, 61.67%, 7, 0, 8, 478.11, 817804, 251, 343, 0
3734, 61, 347, 446, 21, 0, 61.67%, 7, 0, 8, 481.01, 820295, 251, 343, 0
3739, 61, 360, 446, 20, 0, 61.67%, 7, 0, 8, 454.15, 822595, 251, 343, 0
3745, 61, 376, 446, 19, 0, 61.67%, 7, 0, 8, 452.17, 824921, 251, 343, 0
3750, 61, 404, 446, 18, 0, 61.67%, 7, 0, 8, 472.15, 827258, 251, 343, 0
3755, 62, 9, 448, 19, 0, 61.67%, 7, 0, 8, 436.03, 829467, 251, 343, 0
3760, 62, 95, 448, 19, 0, 61.67%, 7, 0, 8, 440.29, 831648, 251, 343, 0
3765, 62, 163, 448, 19, 0, 61.67%, 7, 0, 8, 465.81, 834058, 251, 345, 0
3770, 62, 220, 448, 19, 0, 61.67%, 7, 0, 8, 409.82, 836154, 251, 345, 0
3775, 62, 309, 448, 19, 0, 61.67%, 7, 0, 8, 428.17, 838304, 251, 345, 0
3780, 62, 348, 448, 19, 0, 61.67%, 7, 0, 8, 459.20, 840672, 251, 345, 0
3785, 62, 369, 448, 19, 0, 61.67%, 7, 0, 8, 467.89, 843040, 251, 345, 0
3790, 62, 385, 448, 18, 0, 61.67%, 7, 0, 8, 454.20, 845325, 251, 345, 0
3795, 62, 428, 448, 17, 0, 61.67%, 7, 0, 8, 470.55, 847696, 251, 345, 0
3800, 62, 436, 450, 19, 0, 61.67%, 7, 0, 8, 463.76, 849994, 251, 345, 0
3805, 63, 63, 450, 18, 0, 61.67%, 7, 0, 8, 474.80, 852356, 251, 345, 0
3810, 63, 163, 450, 18, 0, 61.67%, 7, 0, 8, 485.18, 854801, 251, 345, 0
3815, 63, 262, 450, 18, 0, 61.67%, 7, 0, 8, 470.56, 857143, 251, 345, 0
3820, 63, 343, 450, 18, 0, 61.67%, 7, 0, 8, 471.12, 859516, 251, 349, 0
3825, 63, 369, 450, 17, 0, 61.67%, 7, 0, 8, 447.48, 861763, 251, 349, 0
3830, 63, 376, 450, 16, 0, 61.67%, 7, 0, 8, 467.14, 864195, 251, 349, 0
3835, 63, 402, 450, 15, 0, 61.67%, 7, 0, 8, 429.30, 866355, 251, 349, 0
3841, 63, 433, 450, 14, 0, 61.67%, 7, 0, 8, 414.67, 868439, 251, 349, 0
3846, 63, 438, 450, 13, 0, 61.67%, 7, 0, 8, 450.13, 870734, 251, 349, 0
3851, 63, 445, 450, 12, 0, 61.67%, 7, 0, 8, 460.40, 873088, 251, 349, 0
3856, 64, 55, 452, 14, 0, 61.67%, 7, 0, 8, 462.59, 875437, 251, 349, 0
3861, 64, 148, 452, 14, 0, 61.67%, 7, 0, 8, 478.11, 877877, 251, 352, 0
3866, 64, 220, 452, 14, 0, 61.67%, 7, 0, 8, 453.54, 880172, 251, 352, 0
3871, 64, 333, 452, 14, 0, 61.67%, 7, 0, 8, 446.66, 882416, 251, 355, 0
3876, 64, 359, 452, 13, 0, 61.67%, 7, 0, 8, 469.96, 884835, 251, 355, 0
3881, 64, 369, 452, 12, 0, 61.67%, 7, 0, 8, 462.27, 887125, 251, 355, 0
3886, 64, 391, 452, 11, 0, 61.67%, 7, 0, 8, 442.19, 889297, 251, 355, 0
3891, 64, 428, 452, 11, 0, 61.67%, 7, 0, 8, 465.42, 891628, 251, 355, 0
3896, 64, 437, 452, 10, 0, 61.67%, 7, 0, 8, 444.87, 893992, 251, 355, 0
3901, 64, 438, 452, 9, 0, 61.67%, 7, 0, 8, 421.23, 896073, 251, 355, 0
3907, 65, 14, 452, 9, 0, 61.67%, 7, 0, 8, 450.80, 898494, 251, 356, 0
3912, 65, 113, 452, 9, 0, 61.67%, 7, 0, 8, 451.23, 900768, 251, 356, 0
3917, 65, 177, 452, 9, 0, 61.67%, 7, 0, 8, 451.35, 903034, 251, 359, 0
3922, 65, 262, 452, 9, 0, 61.67%, 7, 0, 8, 424.06, 905202, 251, 359, 0
3927, 65, 343, 452, 9, 0, 61.67%, 7, 0, 8, 422.04, 907364, 251, 361, 0
3932, 65, 359, 452, 8, 0, 61.67%, 7, 0, 8, 443.47, 909573, 251, 361, 0
3937, 65, 376, 452, 8, 0, 61.67%, 7, 0, 8, 462.82, 911936, 251, 361, 0
3942, 65, 391, 452, 8, 0, 61.67%, 7, 0, 8, 420.27, 913937, 251, 361, 0
3947, 65, 418, 452, 7, 0, 61.67%, 7, 0, 8, 423.00, 916125, 251, 361, 0
3952, 65, 435, 452, 7, 0, 61.67%, 7, 0, 8, 466.29, 918518, 251, 361, 0
3957, 65, 438, 452, 7, 0, 61.67%, 7, 0, 8, 422.55, 920621, 251, 361, 0
3963, 65, 446, 452, 7, 0, 61.67%, 7, 0, 8, 451.89, 922997, 251, 361, 0
3968, 66, 55, 453, 8, 0, 61.67%, 7, 0, 8, 454.82, 925274, 251, 361, 0
3973, 66, 117, 454, 9, 0, 61.67%, 7, 0, 8, 420.37, 927387, 251, 361, 0
3978, 66, 191, 454, 9, 0, 61.67%, 7, 0, 8, 442.65, 929675, 251, 362, 0
3983, 66, 238, 454, 9, 0, 61.67%, 7, 0, 8, 446.75, 931911, 251, 362, 0
3988, 66, 334, 454, 9, 0, 61.67%, 7, 0, 8, 468.04, 934243, 251, 364, 0
3993, 66, 360, 454, 9, 0, 61.67%, 7, 0, 8, 447.60, 936537, 251, 364, 0
3998, 66, 376, 454, 9, 0, 61.67%, 7, 0, 8, 431.36, 938665, 251, 364, 0
4003, 66, 428, 454, 9, 0, 61.67%, 7, 0, 8, 459.49, 940993, 251, 364, 0
4008, 66, 437, 454, 9, 0, 61.67%, 7, 0, 8, 458.17, 943245, 251, 364, 0
4013, 66, 438, 454, 9, 0, 61.67%, 7, 0, 8, 429.30, 945393, 251, 364, 0
4018, 66, 449, 454, 8, 0, 61.67%, 7, 0, 8, 448.21, 947666, 251, 364, 0
4023, 67, 55, 454, 7, 0, 61.67%, 7, 0, 8, 418.07, 949652, 251, 365, 0
4028, 67, 148, 454, 7, 0, 61.67%, 7, 0, 8, 451.40, 952047, 251, 366, 0
4033, 67, 192, 454, 7, 0, 61.67%, 7, 0, 8, 436.97, 954223, 251, 366, 0
4038, 67, 322, 454, 7, 0, 61.67%, 7, 0, 8, 433.87, 956426, 251, 368, 0
4043, 67, 439, 455, 8, 1, 61.67%, 7, 0, 8, 414.04, 958529, 251, 368, 0
4048, 68, 318, 456, 8, 1, 62.90%, 7, 0, 8, 459.76, 960885, 256, 369, 0
4053, 68, 454, 457, 9, 1, 62.90%, 7, 0, 8, 453.78, 963156, 256, 369, 0
4059, 69, 15, 458, 8, 0, 62.90%, 7, 0, 8, 467.02, 965547, 256, 369, 0
4064, 69, 113, 458, 8, 0, 62.90%, 7, 0, 8, 459.17, 967917, 256, 369, 0
4069, 69, 190, 458, 8, 0, 62.90%, 7, 0, 8, 481.36, 970425, 256, 369, 0
4074, 69, 278, 458, 8, 0, 62.90%, 7, 0, 8, 447.05, 972614, 256, 369, 0
4079, 69, 359, 458, 8, 0, 62.90%, 7, 0, 8, 439.17, 974819, 256, 373, 0
4084, 69, 371, 458, 8, 0, 62.90%, 7, 0, 8, 446.45, 977112, 256, 373, 0
4089, 69, 383, 458, 7, 0, 62.90%, 7, 0, 8, 429.22, 979323, 256, 373, 0
4094, 69, 428, 458, 7, 0, 62.90%, 7, 0, 8, 470.74, 981673, 256, 373, 0
4099, 69, 438, 458, 6, 0, 62.90%, 7, 0, 8, 501.45, 984317, 256, 373, 0
4105, 69, 455, 458, 6, 0, 62.90%, 7, 0, 8, 496.57, 986831, 256, 373, 0
4110, 70, 71, 458, 6, 0, 62.90%, 7, 0, 8, 464.36, 989144, 256, 373, 0
4115, 70, 163, 458, 6, 0, 62.90%, 7, 0, 8, 446.17, 991356, 256, 373, 0
4120, 70, 193, 458, 6, 0, 62.90%, 7, 0, 8, 449.25, 993630, 256, 373, 0
4125, 70, 284, 458, 6, 0, 62.90%, 7, 0, 8, 432.49, 995816, 256, 373, 0
4130, 70, 360, 458, 6, 0, 62.90%, 7, 0, 8, 451.79, 998071, 256, 374, 0
4135, 70, 405, 458, 6, 0, 62.90%, 7, 0, 8, 470.67, 1000472, 256, 374, 0
4140, 70, 438, 458, 6, 0, 62.90%, 7, 0, 8, 455.10, 1002747, 256, 374, 0
4145, 70, 446, 458, 6, 0, 62.90%, 7, 0, 8, 430.05, 1004888, 256, 374, 0
4150, 70, 454, 458, 4, 0, 62.90%, 7, 0, 8, 436.94, 1007104, 256, 374, 0
4155, 71, 22, 459, 4, 0, 62.90%, 7, 0, 8, 486.49, 1009653, 256, 374, 0
4160, 71, 102, 459, 4, 0, 62.90%, 7, 0, 8, 484.22, 1012147, 256, 374, 0
4165, 71, 191, 459, 4, 0, 62.90%, 7, 0, 8, 503.26, 1014657, 256, 376, 0
4170, 71, 310, 459, 4, 0, 62.90%, 7, 0, 8, 460.49, 1016910, 256, 376, 0
4175, 71, 359, 459, 4, 0, 62.90%, 7, 0, 8, 479.10, 1019384, 256, 376, 0
4181, 71, 428, 459, 4, 0, 62.90%, 7, 0, 8, 430.79, 1021590, 256, 376, 0
4186, 71, 438, 459, 4, 0, 62.90%, 7, 0, 8, 472.72, 1024123, 256, 376, 0
4191, 71, 454, 459, 3, 0, 62.90%, 7, 0, 8, 442.85, 1026338, 256, 376, 0
4196, 72, 366, 462, 5, 1, 62.90%, 7, 0, 8, 465.92, 1028645, 256, 376, 0
4201, 72, 459, 464, 6, 1, 62.90%, 7, 0, 8, 475.87, 1031071, 256, 376, 0
4206, 73, 22, 466, 6, 0, 62.90%, 7, 0, 8, 469.19, 1033415, 256, 376, 0
4211, 73, 119, 466, 6, 0, 62.90%, 7, 0, 8, 484.01, 1035896, 256, 376, 0
4216, 73, 187, 466, 6, 0, 62.90%, 7, 0, 8, 479.38, 1038363, 256, 383, 0
4221, 73, 262, 466, 6, 0, 62.90%, 7, 0, 8, 461.60, 1040682, 256, 383, 0
4226, 73, 352, 466, 6, 0, 62.90%, 7, 0, 8, 468.91, 1043122, 256, 384, 0
4232, 73, 377, 466, 6, 0, 62.90%, 7, 0, 8, 444.89, 1045422, 256, 384, 0
4237, 73, 411, 466, 6, 0, 62.90%, 7, 0, 8, 456.54, 1047790, 256, 384, 0
4242, 73, 438, 466, 6, 0, 62.90%, 7, 0, 8, 449.20, 1049984, 256, 384, 0
4247, 73, 441, 466, 6, 0, 62.90%, 7, 0, 8, 454.82, 1052259, 256, 384, 0
4252, 73, 459, 466, 6, 0, 62.90%, 7, 0, 8, 464.53, 1054623, 256, 384, 0
4257, 74, 67, 467, 7, 0, 62.90%, 7, 0, 8, 479.87, 1057105, 256, 385, 0
4262, 74, 186, 467, 7, 0, 62.90%, 7, 0, 8, 472.47, 1059473, 256, 387, 0
4267, 74, 330, 467, 7, 0, 62.90%, 7, 0, 8, 513.69, 1062213, 256, 387, 0
4272, 74, 372, 467, 7, 0, 62.90%, 7, 0, 8, 466.92, 1064609, 256, 387, 0
4277, 74, 413, 467, 7, 0, 62.90%, 7, 0, 8, 451.22, 1066907, 256, 387, 0
4282, 74, 438, 467, 7, 0, 62.90%, 7, 0, 8, 456.66, 1069238, 256, 387, 0
4288, 74, 450, 467, 7, 0, 62.90%, 7, 0, 8, 487.66, 1071717, 256, 387, 0
4293, 74, 459, 467, 6, 0, 62.90%, 7, 0, 8, 466.45, 1073951, 256, 387, 0
4298, 74, 465, 467, 3, 0, 62.90%, 7, 0, 8, 482.11, 1076334, 256, 387, 0
4303, 75, 101, 468, 3, 0, 62.90%, 7, 0, 8, 494.04, 1078811, 256, 387, 0
4308, 75, 191, 468, 3, 0, 62.90%, 7, 0, 8, 471.14, 1081198, 256, 390, 0
4313, 75, 267, 468, 3, 0, 62.90%, 7, 0, 8, 449.79, 1083484, 256, 390, 0
4318, 75, 366, 468, 3, 0, 62.90%, 7, 0, 8, 451.17, 1085789, 256, 394, 0
4323, 75, 420, 468, 3, 0, 62.90%, 7, 0, 8, 464.56, 1088151, 256, 394, 0
4328, 75, 438, 468, 3, 0, 62.90%, 7, 0, 8, 448.86, 1090402, 256, 394, 0
4333, 75, 445, 468, 3, 0, 62.90%, 7, 0, 8, 438.99, 1092609, 256, 394, 0
4338, 75, 460, 468, 3, 0, 62.90%, 7, 0, 8, 461.68, 1094923, 256, 394, 0
4343, 76, 67, 468, 2, 0, 62.90%, 7, 0, 8, 455.86, 1097220, 256, 394, 0
4348, 76, 148, 468, 2, 0, 62.90%, 7, 0, 8, 448.84, 1099519, 256, 394, 0
4353, 76, 220, 468, 2, 0, 62.90%, 7, 0, 8, 445.18, 1101715, 256, 394, 0
4359, 76, 324, 468, 2, 0, 62.90%, 7, 0, 8, 434.86, 1103962, 256, 403, 0
4364, 76, 369, 468, 2, 0, 62.90%, 7, 0, 8, 460.28, 1106309, 256, 404, 0
4369, 76, 398, 468, 2, 0, 62.90%, 7, 0, 8, 424.67, 1108428, 256, 404, 0
4374, 76, 432, 468, 2, 0, 62.90%, 7, 0, 8, 426.29, 1110568, 256, 404, 0
4379, 76, 448, 468, 2, 0, 62.90%, 7, 0, 8, 473.85, 1112991, 256, 404, 0
4384, 77, 22, 468, 2, 0, 62.90%, 7, 0, 8, 460.52, 1115262, 256, 404, 0
4389, 77, 137, 468, 2, 0, 62.90%, 7, 0, 8, 473.83, 1117677, 256, 405, 0
4394, 77, 192, 468, 2, 0, 62.90%, 7, 0, 8, 431.63, 1119894, 256, 405, 0
4399, 77, 309, 468, 2, 0, 62.90%, 7, 0, 8, 417.24, 1122044, 256, 407, 0
4404, 77, 353, 468, 2, 0, 62.90%, 7, 0, 8, 417.26, 1124154, 256, 410, 0
4410, 77, 418, 468, 2, 0, 62.90%, 7, 0, 8, 457.24, 1126554, 256, 411, 0
4415, 77, 445, 468, 2, 0, 62.90%, 7, 0, 8, 445.54, 1128790, 256, 411, 0
4420, 77, 462, 468, 2, 0, 62.90%, 7, 0, 8, 456.65, 1131047, 256, 411, 0
4425, 78, 83, 468, 2, 0, 62.90%, 7, 0, 8, 440.92, 1133296, 256, 411, 0
4430, 78, 163, 468, 2, 0, 62.90%, 7, 0, 8, 451.63, 1135637, 256, 413, 0
4435, 78, 239, 468, 2, 0, 62.90%, 7, 0, 8, 468.11, 1138024, 256, 413, 0
4440, 78, 327, 468, 2, 0, 62.90%, 7, 0, 8, 450.08, 1140209, 256, 424, 0
4445, 78, 355, 468, 2, 0, 62.90%, 7, 0, 8, 468.67, 1142623, 256, 433, 0
4450, 78, 421, 468, 2, 0, 62.90%, 7, 0, 8, 442.79, 1144835, 256, 433, 0
4455, 78, 446, 468, 2, 0, 62.90%, 7, 0, 8, 457.13, 1147243, 256, 433, 0
4460, 78, 466, 468, 2, 0, 62.90%, 8, 0, 8, 472.48, 1149651, 256, 434, 0
4465, 79, 74, 468, 1, 0, 62.90%, 8, 0, 8, 448.72, 1151848, 256, 434, 0
4471, 79, 163, 468, 1, 0, 62.90%, 8, 0, 8, 450.86, 1154145, 256, 435, 0
4476, 79, 262, 468, 1, 0, 62.90%, 8, 0, 8, 440.09, 1156494, 256, 435, 0
4481, 79, 352, 468, 1, 0, 62.90%, 8, 0, 8, 455.39, 1158839, 256, 442, 0
4486, 79, 397, 468, 1, 0, 62.90%, 8, 0, 8, 441.34, 1161069, 256, 442, 0
4491, 79, 438, 468, 1, 0, 62.90%, 8, 0, 8, 439.37, 1163287, 256, 442, 0
4496, 79, 455, 468, 1, 0, 62.90%, 8, 0, 8, 456.44, 1165556, 256, 442, 0
4501, 80, 67, 468, 1, 0, 62.90%, 8, 0, 8, 454.14, 1167808, 256, 442, 0
4506, 80, 159, 468, 1, 0, 62.90%, 8, 0, 8, 448.11, 1170074, 256, 445, 0
4511, 80, 220, 468, 1, 0, 62.90%, 8, 0, 8, 454.49, 1172347, 256, 445, 0
4516, 80, 346, 468, 1, 0, 62.90%, 8, 0, 8, 471.39, 1174660, 256, 448, 0
4521, 80, 408, 468, 1, 0, 62.90%, 8, 0, 8, 480.07, 1177121, 256, 448, 0
4527, 80, 444, 468, 1, 0, 62.90%, 8, 0, 8, 441.09, 1179348, 256, 448, 0
4532, 81, 16, 468, 1, 0, 62.90%, 8, 0, 8, 464.06, 1181772, 256, 448, 0
4537, 81, 129, 468, 1, 0, 62.90%, 8, 0, 8, 487.63, 1184314, 256, 451, 0
4542, 81, 190, 468, 1, 0, 62.90%, 8, 0, 8, 476.48, 1186677, 256, 451, 0
4547, 81, 235, 468, 1, 0, 62.90%, 8, 0, 8, 452.13, 1188939, 256, 451, 0
4552, 81, 324, 468, 1, 0, 62.90%, 8, 0, 8, 432.84, 1191128, 256, 452, 0
4557, 81, 379, 468, 1, 0, 62.90%, 8, 0, 8, 426.15, 1193268, 256, 453, 0
4562, 81, 438, 468, 1, 0, 62.90%, 8, 0, 8, 454.21, 1195598, 256, 453, 0
4567, 82, 12, 468, 1, 0, 62.90%, 8, 0, 8, 449.78, 1197907, 256, 453, 0
4572, 82, 112, 468, 1, 0, 62.90%, 8, 0, 8, 438.15, 1200122, 256, 453, 0
4577, 82, 186, 468, 1, 0, 62.90%, 8, 0, 8, 459.17, 1202467, 256, 457, 0
4582, 82, 269, 468, 1, 0, 62.90%, 8, 0, 8, 447.64, 1204665, 256, 457, 0
4587, 82, 336, 468, 1, 0, 62.90%, 8, 0, 8, 450.25, 1206900, 256, 461, 0
4593, 82, 436, 468, 1, 0, 62.90%, 8, 0, 8, 473.82, 1209334, 256, 461, 0
4598, 82, 459, 468, 1, 0, 62.90%, 8, 0, 8, 464.22, 1211699, 256, 461, 0
4603, 83, 67, 468, 1, 0, 62.90%, 8, 0, 8, 478.53, 1214127, 256, 461, 0
4608, 83, 168, 468, 1, 0, 62.90%, 8, 0, 8, 478.70, 1216468, 256, 462, 0
4613, 83, 249, 468, 1, 0, 62.90%, 8, 0, 8, 508.88, 1219036, 256, 462, 0
4618, 83, 336, 468, 1, 0, 62.90%, 8, 0, 8, 454.15, 1221319, 256, 463, 0
4623, 83, 374, 468, 1, 0, 62.90%, 8, 0, 8, 435.49, 1223500, 256, 463, 0
4628, 83, 438, 468, 1, 0, 62.90%, 8, 0, 8, 451.25, 1225796, 256, 463, 0
4633, 83, 459, 468, 1, 0, 62.90%, 8, 0, 8, 459.34, 1228143, 256, 463, 0
4638, 84, 439, 469, 2, 1, 62.90%, 8, 0, 8, 440.78, 1230380, 256, 463, 0
4643, 85, 24, 471, 3, 0, 62.90%, 8, 0, 8, 454.97, 1232636, 256, 467, 0
4648, 85, 128, 471, 3, 0, 62.90%, 8, 0, 8, 454.55, 1234917, 256, 469, 0
4653, 85, 191, 471, 3, 0, 62.90%, 8, 0, 8, 479.72, 1237324, 256, 470, 0
4658, 85, 266, 471, 3, 0, 62.90%, 8, 0, 8, 457.07, 1239621, 256, 470, 0
4663, 85, 369, 471, 3, 0, 62.90%, 8, 0, 8, 432.83, 1241789, 256, 472, 0
4668, 85, 438, 471, 3, 0, 62.90%, 8, 0, 8, 456.08, 1244142, 256, 472, 0
4673, 85, 467, 471, 3, 0, 62.90%, 8, 0, 8, 463.65, 1246495, 256, 472, 0
4679, 86, 51, 471, 2, 0, 62.90%, 8, 0, 8, 442.00, 1248683, 256, 476, 0
4684, 86, 143, 471, 2, 0, 62.90%, 8, 0, 8, 459.14, 1251044, 256, 476, 0
4689, 86, 215, 471, 2, 0, 62.90%, 8, 0, 8, 467.23, 1253346, 256, 476, 0
4694, 86, 309, 471, 2, 0, 62.90%, 8, 0, 8, 426.45, 1255392, 256, 483, 0
4699, 86, 416, 471, 2, 0, 62.90%, 8, 0, 8, 472.08, 1257916, 256, 483, 0
4704, 86, 455, 471, 2, 0, 62.90%, 8, 0, 8, 453.74, 1260177, 256, 483, 0
4709, 87, 16, 471, 1, 0, 62.90%, 8, 0, 8, 448.05, 1262462, 256, 486, 0
4714, 87, 113, 471, 1, 0, 62.90%, 8, 0, 8, 445.57, 1264722, 256, 486, 0
4719, 87, 191, 471, 1, 0, 62.90%, 8, 0, 8, 444.12, 1267031, 256, 487, 0
4724, 87, 265, 471, 1, 0, 62.90%, 8, 0, 8, 450.57, 1269359, 256, 487, 0
4729, 87, 401, 471, 1, 0, 62.90%, 8, 0, 8, 465.68, 1271758, 256, 490, 0
4735, 87, 446, 471, 1, 0, 62.90%, 8, 0, 8, 467.05, 1274194, 256, 490, 0
4740, 87, 460, 471, 1, 0, 62.90%, 8, 0, 8, 445.26, 1276494, 256, 490, 0
4745, 88, 55, 471, 1, 0, 62.90%, 8, 0, 8, 426.39, 1278534, 256, 492, 0
4750, 88, 148, 471, 1, 0, 62.90%, 8, 0, 8, 430.75, 1280664, 256, 493, 0
4755, 88, 211, 471, 1, 0, 62.90%, 8, 0, 8, 459.23, 1283020, 256, 493, 0
4760, 88, 334, 471, 1, 0, 62.90%, 8, 0, 8, 481.09, 1285436, 256, 495, 0
4765, 88, 402, 471, 1, 0, 62.90%, 8, 0, 8, 473.76, 1287788, 256, 495, 0
4770, 88, 459, 471, 1, 0, 62.90%, 8, 0, 8, 459.40, 1290100, 256, 495, 0
4775, 89, 55, 472, 2, 0, 62.90%, 8, 0, 8, 452.31, 1292358, 256, 502, 0
4780, 89, 138, 472, 2, 0, 62.90%, 8, 0, 8, 448.84, 1294624, 256, 502, 0
4785, 89, 198, 472, 2, 0, 62.90%, 8, 0, 8, 450.38, 1296878, 256, 502, 0
4791, 89, 309, 472, 2, 0, 62.90%, 8, 0, 8, 421.94, 1299078, 256, 502, 0
4796, 89, 369, 472, 2, 0, 62.90%, 8, 0, 8, 453.59, 1301379, 256, 504, 0
4801, 89, 411, 472, 2, 0, 62.90%, 8, 0, 8, 463.68, 1303703, 256, 504, 0
4806, 89, 438, 472, 2, 0, 62.90%, 8, 0, 8, 427.22, 1305847, 256, 504, 0
4811, 89, 463, 472, 2, 0, 62.90%, 8, 0, 8, 449.00, 1308055, 256, 504, 0
4816, 90, 63, 472, 2, 0, 62.90%, 8, 0, 8, 449.71, 1310366, 256, 508, 0
4821, 90, 175, 472, 2, 0, 62.90%, 8, 0, 8, 454.14, 1312704, 256, 510, 0
4826, 90, 262, 472, 2, 0, 62.90%, 8, 0, 8, 411.40, 1314782, 256, 510, 0
4831, 90, 360, 472, 2, 0, 62.90%, 8, 0, 8, 442.65, 1317039, 256, 519, 0
4836, 90, 399, 472, 2, 0, 62.90%, 8, 0, 8, 454.37, 1319299, 256, 519, 0
4841, 90, 423, 472, 2, 0, 62.90%, 8, 0, 8, 440.98, 1321495, 256, 519, 0
4846, 90, 446, 472, 2, 0, 62.90%, 8, 0, 8, 404.62, 1323583, 256, 519, 0
4851, 90, 468, 472, 2, 0, 62.90%, 8, 0, 8, 446.11, 1325863, 256, 520, 0
4857, 91, 101, 472, 2, 0, 62.90%, 8, 0, 8, 466.94, 1328255, 256, 523, 0
4862, 91, 187, 472, 2, 0, 62.90%, 8, 0, 8, 457.48, 1330586, 256, 526, 0
4867, 91, 262, 472, 2, 0, 62.90%, 8, 0, 8, 431.26, 1332761, 256, 526, 0
4872, 91, 362, 472, 2, 0, 62.90%, 8, 0, 8, 429.35, 1334934, 256, 529, 0
4877, 91, 392, 472, 2, 0, 62.90%, 8, 0, 8, 432.20, 1337102, 256, 529, 0
4882, 91, 429, 472, 2, 0, 62.90%, 8, 0, 8, 434.40, 1339326, 256, 529, 0
4887, 91, 459, 472, 2, 0, 62.90%, 8, 0, 8, 452.55, 1341670, 256, 529, 0
4892, 92, 43, 472, 2, 0, 62.90%, 8, 0, 8, 452.55, 1343936, 256, 533, 0
4897, 92, 148, 472, 2, 0, 62.90%, 8, 0, 8, 450.23, 1346301, 256, 536, 0
4902, 92, 224, 472, 2, 0, 62.90%, 8, 0, 8, 480.23, 1348879, 256, 536, 0
4907, 92, 347, 472, 2, 0, 62.90%, 8, 0, 8, 461.71, 1351121, 256, 539, 0
4913, 92, 452, 472, 2, 0, 62.90%, 8, 0, 8, 461.53, 1353421, 256, 539, 0
4918, 92, 471, 472, 2, 0, 62.90%, 8, 0, 8, 448.40, 1355635, 256, 549, 0
4923, 93, 101, 472, 1, 0, 62.90%, 8, 0, 8, 454.42, 1357969, 256, 549, 0
4928, 93, 175, 472, 1, 0, 62.90%, 8, 0, 8, 451.95, 1360224, 256, 550, 0
4933, 93, 262, 472, 1, 0, 62.90%, 8, 0, 8, 450.72, 1362502, 256, 550, 0
4938, 93, 336, 472, 1, 0, 62.90%, 8, 0, 8, 443.80, 1364762, 256, 552, 0
4943, 93, 424, 472, 1, 0, 62.90%, 8, 0, 8, 450.77, 1367020, 256, 552, 0
4948, 93, 438, 472, 1, 0, 62.90%, 8, 0, 8, 431.38, 1369157, 256, 552, 0
4953, 94, 18, 472, 1, 0, 62.90%, 8, 0, 8, 419.83, 1371263, 256, 557, 0
4958, 94, 130, 472, 1, 0, 62.90%, 8, 0, 8, 454.19, 1373635, 256, 557, 0
4963, 94, 191, 472, 1, 0, 62.90%, 8, 0, 8, 436.77, 1375858, 256, 557, 0
4968, 94, 309, 472, 1, 0, 62.90%, 8, 0, 8, 447.89, 1378198, 256, 558, 0
4973, 94, 401, 472, 1, 0, 62.90%, 8, 0, 8, 446.13, 1380417, 256, 570, 0
4979, 94, 435, 472, 1, 0, 62.90%, 8, 0, 8, 432.37, 1382617, 256, 570, 0
4984, 94, 455, 472, 1, 0, 62.90%, 8, 0, 8, 431.59, 1384823, 256, 570, 0
4989, 95, 67, 472, 1, 0, 62.90%, 8, 0, 8, 430.01, 1386993, 256, 573, 0
4994, 95, 148, 472, 1, 0, 62.90%, 8, 0, 8, 416.78, 1389139, 256, 574, 0
4999, 95, 207, 472, 1, 0, 62.90%, 8, 0, 8, 420.66, 1391310, 256, 574, 0
5004, 95, 324, 472, 1, 0, 62.90%, 8, 0, 8, 423.50, 1393406, 256, 576, 0
5009, 95, 364, 472, 1, 0, 62.90%, 8, 0, 8, 456.48, 1395748, 256, 576, 0
5014, 95, 423, 472, 1, 0, 62.90%, 8, 0, 8, 451.20, 1398008, 256, 576, 0
5019, 95, 468, 472, 1, 0, 62.90%, 8, 0, 8, 452.09, 1400332, 256, 579, 0
5024, 96, 88, 472, 1, 0, 62.90%, 8, 0, 8, 431.09, 1402461, 256, 580, 0
5029, 96, 187, 472, 1, 0, 62.90%, 8, 0, 8, 451.67, 1404724, 256, 583, 0
5034, 96, 285, 472, 1, 0, 62.90%, 8, 0, 8, 418.07, 1406771, 256, 583, 0
5039, 96, 359, 472, 1, 0, 62.90%, 8, 0, 8, 421.84, 1408912, 256, 585, 0
5044, 96, 438, 472, 1, 0, 62.90%, 8, 0, 8, 442.47, 1411148, 256, 585, 0
5049, 97, 15, 472, 1, 0, 62.90%, 8, 0, 8, 458.52, 1413511, 256, 592, 0
5054, 97, 137, 472, 1, 0, 62.90%, 8, 0, 8, 460.25, 1415828, 256, 595, 0
5059, 97, 191, 472, 1, 0, 62.90%, 8, 0, 8, 440.91, 1418110, 256, 595, 0
5064, 97, 265, 472, 1, 0, 62.90%, 8, 0, 8, 432.35, 1420279, 256, 595, 0
5069, 97, 330, 472, 1, 0, 62.90%, 8, 0, 8, 455.30, 1422561, 256, 605, 0
5074, 97, 428, 472, 1, 0, 62.90%, 8, 0, 8, 452.46, 1424803, 256, 605, 0
5079, 97, 465, 472, 1, 0, 62.90%, 8, 0, 8, 455.59, 1427079, 256, 605, 0
5085, 98, 63, 472, 1, 0, 62.90%, 8, 0, 8, 438.03, 1429326, 256, 611, 0
5090, 98, 163, 472, 1, 0, 62.90%, 8, 0, 8, 465.31, 1431668, 256, 614, 0
5095, 98, 260, 472, 1, 0, 62.90%, 8, 0, 8, 446.39, 1433907, 256, 614, 0
5100, 98, 359, 472, 1, 0, 62.90%, 8, 0, 8, 443.88, 1436159, 256, 616, 0
5105, 98, 438, 472, 1, 0, 62.90%, 8, 0, 8, 450.72, 1438387, 256, 616, 0
5110, 99, 10, 472, 1, 0, 62.90%, 8, 0, 8, 452.32, 1440722, 256, 619, 0
5115, 99, 105, 472, 1, 0, 62.90%, 8, 0, 8, 461.88, 1443059, 256, 619, 0
5120, 99, 186, 472, 1, 0, 62.90%, 8, 0, 8, 453.50, 1445367, 256, 623, 0
5125, 99, 238, 472, 1, 0, 62.90%, 8, 0, 8, 401.31, 1447380, 256, 623, 0
5130, 99, 347, 472, 1, 0, 62.90%, 8, 0, 8, 436.36, 1449630, 256, 627, 0
5135, 99, 428, 472, 1, 0, 62.90%, 8, 0, 8, 466.15, 1452012, 256, 627, 0
5140, 99, 445, 472, 1, 0, 62.90%, 8, 0, 8, 437.88, 1454190, 256, 627, 0
5145, 100, 16, 472, 1, 0, 62.90%, 8, 0, 8, 438.78, 1456378, 256, 628, 0
5150, 100, 128, 472, 1, 0, 62.90%, 8, 0, 8, 416.26, 1458482, 256, 629, 0
5155, 100, 191, 472, 1, 0, 62.90%, 8, 0, 8, 433.60, 1460652, 256, 629, 0
5160, 100, 309, 472, 1, 0, 62.90%, 8, 0, 8, 436.31, 1462896, 256, 629, 0
5166, 100, 351, 472, 1, 0, 62.90%, 8, 0, 8, 430.83, 1465085, 256, 629, 0
5171, 100, 435, 472, 1, 0, 62.90%, 8, 0, 8, 454.56, 1467465, 256, 629, 0
5176, 101, 20, 472, 1, 0, 62.90%, 8, 0, 8, 451.40, 1469748, 256, 635, 0
5181, 101, 139, 472, 1, 0, 62.90%, 8, 0, 8, 450.75, 1472089, 256, 637, 0
5186, 101, 191, 472, 1, 0, 62.90%, 8, 0, 8, 442.53, 1474307, 256, 638, 0
5191, 101, 333, 472, 1, 0, 62.90%, 8, 0, 8, 458.38, 1476683, 256, 639, 0
5196, 101, 361, 472, 1, 0, 62.90%, 8, 0, 8, 448.73, 1478987, 256, 639, 0
5201, 101, 391, 472, 1, 0, 62.90%, 8, 0, 8, 416.73, 1481078, 256, 639, 0
5206, 101, 458, 472, 1, 0, 62.90%, 8, 0, 8, 468.94, 1483578, 256, 639, 0
5212, 102, 24, 472, 1, 0, 62.90%, 8, 0, 8, 459.92, 1485957, 256, 643, 0
5217, 102, 128, 472, 1, 0, 62.90%, 8, 0, 8, 452.17, 1488222, 256, 643, 0
5222, 102, 188, 472, 1, 0, 62.90%, 8, 0, 8, 442.24, 1490506, 256, 647, 0
5227, 102, 263, 472, 1, 0, 62.90%, 8, 0, 8, 466.74, 1492844, 256, 647, 0
5232, 102, 359, 472, 1, 0, 62.90%, 8, 0, 8, 473.70, 1495186, 256, 649, 0
5237, 102, 438, 472, 1, 0, 62.90%, 8, 0, 8, 446.93, 1497511, 256, 649, 0
5242, 102, 470, 472, 0, 0, 62.90%, 8, 0, 8, 449.97, 1499804, 256, 652, 0
5247, 103, 77, 472, 0, 0, 62.90%, 8, 0, 8, 450.70, 1502146, 256, 652, 0
5252, 103, 163, 472, 0, 0, 62.90%, 8, 0, 8, 454.49, 1504413, 256, 656, 0
5257, 103, 262, 472, 0, 0, 62.90%, 8, 0, 8, 467.65, 1506807, 256, 656, 0
5262, 103, 360, 472, 0, 0, 62.90%, 8, 0, 8, 457.88, 1509010, 256, 656, 0
5267, 103, 428, 472, 0, 0, 62.90%, 8, 0, 8, 427.20, 1511147, 256, 656, 0
5272, 103, 468, 472, 0, 0, 62.90%, 8, 0, 8, 434.41, 1513323, 256, 662, 0
5278, 104, 113, 472, 0, 0, 62.90%, 8, 0, 8, 445.11, 1515655, 256, 662, 0
5283, 104, 187, 472, 0, 0, 62.90%, 8, 0, 8, 443.31, 1517963, 256, 665, 0
5288, 104, 263, 472, 0, 0, 62.90%, 8, 0, 8, 424.20, 1520169, 256, 665, 0
5293, 104, 333, 472, 0, 0, 62.90%, 8, 0, 8, 442.97, 1522414, 256, 672, 0
5298, 104, 360, 472, 0, 0, 62.90%, 8, 0, 8, 463.29, 1524736, 256, 672, 0
5303, 104, 446, 472, 0, 0, 62.90%, 8, 0, 8, 453.11, 1527022, 256, 672, 0
5308, 105, 67, 472, 0, 0, 62.90%, 8, 0, 8, 433.16, 1529205, 256, 673, 0
5313, 105, 175, 472, 0, 0, 62.90%, 8, 0, 8, 455.06, 1531474, 256, 674, 0
5318, 105, 228, 472, 0, 0, 62.90%, 8, 0, 8, 454.37, 1533762, 256, 674, 0
5323, 105, 309, 472, 0, 0, 62.90%, 8, 0, 8, 447.77, 1536046, 256, 675, 0
5329, 105, 387, 472, 0, 0, 62.90%, 8, 0, 8, 399.26, 1538021, 256, 676, 0
5334, 105, 428, 472, 0, 0, 62.90%, 8, 0, 8, 410.10, 1540143, 256, 676, 0
5339, 105, 468, 472, 0, 0, 62.90%, 8, 0, 8, 425.43, 1542347, 256, 676, 0
5344, 106, 100, 472, 0, 0, 62.90%, 8, 0, 8, 428.38, 1544513, 256, 677, 0
5349, 106, 163, 472, 0, 0, 62.90%, 8, 0, 8, 504.02, 1546677, 256, 678, 0
5354, 106, 224, 472, 0, 0, 62.90%, 8, 0, 8, 428.41, 1548778, 256, 678, 0
5359, 106, 324, 472, 0, 0, 62.90%, 8, 0, 8, 419.99, 1550934, 256, 683, 0
5364, 106, 360, 472, 0, 0, 62.90%, 8, 0, 8, 449.87, 1553195, 256, 683, 0
5369, 106, 424, 472, 0, 0, 62.90%, 8, 0, 8, 421.72, 1555275, 256, 683, 0
5374, 106, 455, 472, 0, 0, 62.90%, 8, 0, 8, 428.72, 1557393, 256, 683, 0
5379, 107, 63, 472, 0, 0, 62.90%, 8, 0, 8, 409.28, 1559419, 256, 686, 0
5384, 107, 163, 472, 0, 0, 62.90%, 8, 0, 8, 429.73, 1561667, 256, 689, 0
5389, 107, 201, 472, 0, 0, 62.90%, 8, 0, 8, 431.49, 1563865, 256, 689, 0
5394, 107, 327, 472, 0, 0, 62.90%, 8, 0, 8, 414.71, 1565915, 256, 690, 0
5399, 107, 348, 472, 0, 0, 62.90%, 8, 0, 8, 427.67, 1568085, 256, 701, 0
5404, 107, 421, 472, 0, 0, 62.90%, 8, 0, 8, 443.68, 1570277, 256, 701, 0
5406, 107, 436, 472, 0, 0, 62.90%, 8, 0, 8, 438.34, 1571028, 256, 701, 0
