# relative_time, cycles_done, cur_item, corpus_count, pending_total, pending_favs, map_size, saved_crashes, saved_hangs, max_depth, execs_per_sec, total_execs, edges_found, total_crashes, servers_count
60, 0, 9, 102, 97, 3, 30.96%, 0, 0, 2, 511.73, 28872, 126, 0, 0
66, 0, 9, 104, 99, 3, 30.96%, 0, 0, 2, 502.08, 31348, 126, 0, 0
71, 0, 9, 108, 103, 3, 30.96%, 0, 0, 2, 509.02, 34126, 126, 0, 0
76, 0, 9, 109, 104, 3, 30.96%, 0, 0, 2, 460.32, 36499, 126, 0, 0
81, 0, 9, 110, 105, 3, 30.96%, 0, 0, 2, 459.37, 38747, 126, 0, 0
86, 0, 9, 111, 106, 3, 30.96%, 0, 0, 2, 454.12, 41131, 126, 0, 0
91, 0, 9, 112, 107, 3, 30.96%, 0, 0, 2, 445.03, 43466, 126, 0, 0
96, 0, 9, 113, 108, 3, 30.96%, 0, 0, 2, 432.97, 45745, 126, 0, 0
101, 0, 9, 115, 110, 3, 30.96%, 0, 0, 2, 425.99, 47879, 126, 0, 0
106, 0, 9, 115, 110, 3, 30.96%, 0, 0, 2, 454.55, 50266, 126, 0, 0
112, 0, 9, 116, 111, 3, 30.96%, 0, 0, 2, 451.81, 52550, 126, 0, 0
117, 0, 9, 135, 129, 2, 36.86%, 0, 0, 2, 441.52, 54704, 150, 0, 0
122, 0, 120, 137, 123, 20, 37.10%, 0, 0, 3, 411.23, 56736, 151, 0, 0
127, 0, 120, 138, 124, 20, 37.35%, 0, 0, 3, 416.75, 58874, 152, 0, 0
132, 0, 120, 154, 140, 20, 42.26%, 0, 0, 3, 396.51, 60891, 172, 0, 0
137, 0, 120, 157, 143, 20, 42.51%, 0, 0, 3, 404.41, 62995, 173, 0, 0
142, 0, 120, 157, 143, 20, 42.51%, 0, 0, 3, 449.25, 65243, 173, 0, 0
147, 0, 120, 158, 144, 20, 42.51%, 0, 0, 3, 426.52, 67378, 173, 0, 0
152, 0, 120, 161, 147, 20, 42.51%, 0, 0, 3, 439.24, 69647, 173, 0, 0
157, 0, 120, 161, 147, 20, 42.51%, 0, 0, 3, 449.48, 71985, 173, 0, 0
163, 0, 120, 161, 147, 20, 42.51%, 0, 0, 3, 429.76, 74120, 173, 0, 0
168, 0, 120, 161, 147, 20, 42.51%, 0, 0, 3, 429.52, 76304, 173, 0, 0
173, 0, 120, 161, 147, 20, 42.51%, 0, 0, 3, 431.23, 78512, 173, 0, 0
178, 0, 120, 161, 147, 20, 42.51%, 0, 0, 3, 420.71, 80616, 173, 0, 0
183, 0, 120, 161, 147, 20, 42.51%, 0, 0, 3, 421.21, 82776, 173, 0, 0
188, 0, 120, 162, 148, 20, 42.51%, 0, 0, 3, 395.18, 84727, 173, 0, 0
193, 0, 120, 162, 148, 20, 42.51%, 0, 0, 3, 423.27, 86927, 173, 0, 0
198, 0, 120, 163, 149, 20, 42.51%, 0, 0, 3, 432.36, 89087, 173, 0, 0
203, 0, 120, 163, 149, 20, 42.51%, 0, 0, 3, 388.07, 91021, 173, 0, 0
208, 0, 120, 163, 149, 20, 42.51%, 0, 0, 3, 373.91, 92890, 173, 0, 0
213, 0, 120, 163, 149, 20, 42.51%, 0, 0, 3, 395.46, 94927, 173, 0, 0
218, 0, 120, 163, 149, 20, 42.51%, 0, 0, 3, 432.91, 97095, 173, 0, 0
223, 0, 120, 163, 149, 20, 42.51%, 0, 0, 3, 409.58, 99136, 173, 0, 0
228, 0, 120, 164, 150, 20, 42.51%, 0, 0, 3, 408.22, 101208, 173, 0, 0
234, 0, 120, 164, 150, 20, 42.51%, 0, 0, 3, 415.48, 103328, 173, 0, 0
239, 0, 120, 164, 150, 20, 42.51%, 0, 0, 3, 427.52, 105496, 173, 0, 0
244, 0, 120, 165, 151, 20, 42.51%, 0, 0, 3, 437.18, 107703, 173, 0, 0
249, 0, 120, 165, 151, 20, 42.51%, 0, 0, 3, 409.52, 109631, 173, 0, 0
254, 0, 161, 166, 151, 28, 42.51%, 0, 0, 3, 411.35, 111682, 173, 0, 0
259, 0, 141, 167, 148, 25, 42.75%, 0, 0, 3, 438.77, 113877, 174, 0, 0
264, 0, 30, 171, 151, 24, 42.75%, 0, 0, 3, 476.68, 116445, 174, 0, 0
269, 0, 140, 179, 158, 24, 42.75%, 0, 0, 3, 394.41, 118400, 174, 0, 0
274, 0, 147, 179, 155, 21, 42.75%, 0, 0, 3, 403.69, 120422, 174, 0, 0
279, 0, 155, 183, 158, 20, 43.00%, 0, 0, 3, 422.82, 122632, 175, 0, 0
284, 0, 77, 183, 156, 19, 43.00%, 0, 0, 3, 428.42, 124785, 175, 0, 0
289, 0, 182, 183, 154, 17, 43.00%, 0, 0, 3, 419.55, 126930, 175, 0, 0
295, 0, 142, 184, 152, 14, 43.00%, 0, 0, 3, 447.18, 129280, 175, 0, 0
300, 0, 133, 191, 158, 13, 43.73%, 0, 0, 3, 409.35, 131327, 178, 0, 0
305, 0, 133, 198, 165, 13, 43.73%, 0, 0, 3, 405.53, 133301, 178, 0, 0
310, 0, 133, 201, 168, 13, 43.73%, 0, 0, 3, 404.93, 135339, 178, 0, 0
315, 0, 133, 204, 171, 13, 43.73%, 0, 0, 3, 434.78, 137432, 178, 0, 0
320, 0, 133, 204, 171, 13, 43.73%, 0, 0, 3, 389.52, 139394, 178, 0, 0
325, 0, 133, 204, 171, 13, 43.73%, 0, 0, 3, 381.51, 141263, 178, 0, 0
330, 0, 133, 204, 171, 13, 43.73%, 0, 0, 3, 394.49, 143300, 178, 0, 0
335, 0, 133, 204, 171, 13, 43.73%, 0, 0, 3, 378.25, 145267, 178, 0, 0
340, 0, 133, 204, 171, 13, 43.73%, 0, 0, 3, 366.45, 147080, 178, 0, 0
345, 0, 133, 204, 171, 13, 43.73%, 0, 0, 3, 381.20, 149096, 178, 0, 0
350, 0, 133, 204, 171, 13, 43.73%, 0, 0, 3, 408.34, 151161, 178, 0, 0
355, 0, 133, 204, 171, 13, 43.73%, 0, 0, 3, 494.47, 153758, 178, 0, 0
361, 0, 133, 204, 171, 13, 43.73%, 0, 0, 3, 455.43, 155968, 178, 0, 0
366, 0, 133, 204, 171, 13, 43.73%, 0, 0, 3, 482.42, 158450, 178, 0, 0
371, 0, 133, 205, 172, 13, 43.73%, 0, 0, 3, 452.77, 160703, 178, 0, 0
376, 0, 133, 205, 172, 13, 43.73%, 0, 0, 3, 435.61, 162815, 178, 0, 0
381, 0, 133, 205, 172, 13, 43.73%, 0, 0, 3, 409.40, 164879, 178, 0, 0
386, 0, 133, 205, 172, 13, 43.73%, 0, 0, 3, 407.80, 166911, 178, 0, 0
391, 0, 133, 205, 172, 13, 43.73%, 0, 0, 3, 391.29, 168843, 178, 0, 0
396, 0, 133, 205, 172, 13, 43.73%, 0, 0, 3, 402.11, 170903, 178, 0, 0
401, 0, 133, 206, 173, 13, 43.73%, 0, 0, 3, 393.30, 172840, 178, 0, 0
406, 0, 133, 206, 173, 13, 43.73%, 0, 0, 3, 406.25, 174846, 178, 0, 0
411, 0, 133, 206, 173, 13, 43.73%, 0, 0, 3, 388.28, 176907, 178, 0, 0
416, 0, 133, 206, 173, 13, 43.73%, 0, 0, 3, 390.81, 178895, 178, 0, 0
422, 0, 133, 206, 173, 13, 43.73%, 0, 0, 3, 390.21, 180883, 178, 0, 0
427, 0, 7, 206, 172, 14, 43.73%, 0, 0, 3, 422.57, 183022, 178, 0, 0
432, 0, 104, 213, 177, 16, 45.95%, 0, 0, 3, 423.04, 185159, 187, 0, 0
437, 0, 33, 215, 176, 15, 45.95%, 0, 0, 3, 437.84, 187399, 187, 0, 0
442, 0, 188, 215, 174, 13, 45.95%, 0, 0, 3, 457.79, 189832, 187, 0, 0
447, 0, 131, 215, 173, 12, 45.95%, 0, 0, 3, 409.99, 191900, 187, 0, 0
452, 0, 131, 215, 173, 12, 45.95%, 0, 0, 3, 398.29, 193972, 187, 0, 0
457, 0, 131, 215, 173, 12, 45.95%, 0, 0, 3, 424.97, 196172, 187, 0, 0
462, 0, 131, 215, 173, 12, 45.95%, 0, 0, 3, 422.91, 198316, 187, 0, 0
467, 0, 92, 216, 173, 11, 45.95%, 0, 0, 3, 439.21, 200567, 187, 0, 0
472, 0, 92, 218, 175, 11, 45.95%, 0, 0, 3, 419.16, 202701, 187, 0, 0
477, 0, 92, 218, 175, 11, 45.95%, 0, 0, 3, 439.48, 204981, 187, 0, 0
483, 0, 92, 220, 177, 11, 45.95%, 0, 0, 3, 450.91, 207211, 187, 0, 0
488, 0, 92, 220, 177, 11, 45.95%, 0, 0, 3, 429.02, 209275, 187, 0, 0
493, 0, 92, 224, 181, 11, 45.95%, 0, 0, 3, 494.62, 211852, 187, 0, 0
498, 0, 92, 226, 183, 11, 45.95%, 0, 0, 3, 447.06, 214071, 187, 0, 0
503, 0, 92, 226, 183, 11, 45.95%, 0, 0, 3, 427.07, 216165, 187, 0, 0
508, 0, 92, 227, 184, 11, 45.95%, 0, 0, 3, 446.84, 218444, 187, 0, 0
513, 0, 92, 227, 184, 11, 45.95%, 0, 0, 3, 428.27, 220628, 187, 0, 0
518, 0, 92, 227, 184, 11, 45.95%, 0, 0, 3, 436.32, 222884, 187, 0, 0
523, 0, 92, 227, 184, 11, 45.95%, 0, 0, 3, 434.73, 225124, 187, 0, 0
528, 0, 92, 227, 184, 11, 45.95%, 0, 0, 3, 424.49, 227244, 187, 0, 0
533, 0, 92, 227, 184, 11, 45.95%, 0, 0, 3, 405.83, 229275, 187, 0, 0
538, 0, 223, 227, 180, 8, 45.95%, 0, 0, 3, 411.28, 231371, 187, 0, 0
543, 0, 207, 230, 181, 7, 45.95%, 0, 0, 4, 424.72, 233548, 187, 0, 0
548, 0, 117, 236, 185, 8, 46.68%, 1, 0, 4, 421.46, 235680, 190, 1, 0
554, 0, 101, 238, 184, 5, 46.68%, 1, 0, 4, 398.48, 237718, 190, 1, 0
559, 0, 127, 239, 183, 3, 46.68%, 1, 0, 4, 420.34, 239848, 190, 1, 0
564, 0, 210, 239, 181, 2, 46.68%, 1, 0, 4, 415.80, 241878, 190, 1, 0
569, 0, 232, 240, 181, 1, 46.68%, 1, 0, 4, 432.45, 244138, 190, 1, 0
574, 0, 136, 240, 178, 0, 46.68%, 1, 0, 4, 405.63, 246199, 190, 1, 0
579, 0, 210, 243, 179, 0, 46.68%, 1, 0, 4, 416.42, 248332, 190, 1, 0
584, 0, 146, 244, 178, 0, 46.68%, 1, 0, 4, 417.61, 250521, 190, 1, 0
589, 0, 197, 245, 178, 0, 46.68%, 1, 0, 4, 447.33, 252742, 190, 1, 0
594, 0, 142, 245, 176, 0, 46.68%, 1, 0, 4, 409.51, 254736, 190, 1, 0
599, 0, 63, 246, 175, 0, 46.68%, 1, 0, 4, 439.29, 256959, 190, 1, 0
605, 0, 22, 246, 172, 0, 46.68%, 1, 0, 4, 383.63, 258894, 190, 1, 0
610, 0, 31, 248, 172, 0, 46.68%, 1, 0, 4, 410.62, 261072, 190, 1, 0
615, 0, 190, 248, 170, 0, 46.68%, 1, 0, 4, 420.89, 263231, 190, 1, 0
620, 0, 224, 248, 169, 0, 46.68%, 1, 0, 4, 409.97, 265283, 190, 1, 0
625, 0, 241, 252, 172, 0, 46.68%, 1, 0, 4, 426.62, 267428, 190, 1, 0
630, 0, 241, 253, 173, 0, 46.68%, 1, 0, 4, 424.22, 269555, 190, 1, 0
635, 0, 241, 254, 174, 0, 46.68%, 1, 0, 4, 444.36, 271826, 190, 1, 0
640, 0, 254, 257, 177, 1, 46.68%, 1, 0, 4, 416.61, 273815, 190, 1, 0
645, 0, 254, 263, 183, 1, 46.68%, 1, 0, 5, 403.87, 275859, 190, 1, 0
650, 0, 254, 265, 185, 1, 46.68%, 1, 0, 5, 395.69, 277817, 190, 1, 0
655, 0, 254, 268, 188, 1, 46.68%, 1, 0, 5, 433.90, 279950, 190, 1, 0
660, 0, 254, 270, 190, 1, 46.93%, 1, 0, 5, 438.54, 282124, 191, 1, 0
666, 0, 254, 270, 190, 1, 46.93%, 1, 0, 5, 414.00, 284156, 191, 1, 0
671, 0, 254, 271, 191, 1, 46.93%, 1, 0, 5, 406.45, 286187, 191, 1, 0
676, 0, 269, 272, 190, 1, 46.93%, 1, 0, 5, 402.25, 288248, 191, 1, 0
681, 0, 167, 272, 188, 0, 46.93%, 1, 0, 5, 415.17, 290327, 191, 1, 0
686, 0, 229, 272, 186, 0, 46.93%, 1, 0, 5, 435.29, 292571, 191, 1, 0
691, 0, 269, 273, 184, 0, 46.93%, 1, 0, 6, 424.22, 294623, 191, 1, 0
696, 0, 152, 274, 183, 0, 46.93%, 1, 0, 6, 417.76, 296748, 191, 1, 0
701, 0, 122, 274, 180, 0, 46.93%, 1, 0, 6, 403.20, 298753, 191, 1, 0
706, 0, 258, 274, 178, 0, 46.93%, 1, 0, 6, 392.86, 300778, 191, 1, 0
711, 0, 259, 274, 176, 0, 46.93%, 1, 0, 6, 403.77, 302869, 191, 1, 0
716, 0, 265, 275, 174, 0, 46.93%, 1, 0, 6, 427.45, 304993, 191, 1, 0
721, 0, 226, 275, 172, 0, 46.93%, 1, 0, 6, 418.84, 307061, 191, 1, 0
726, 0, 105, 275, 168, 0, 46.93%, 1, 0, 6, 414.36, 309152, 191, 1, 0
732, 0, 193, 275, 165, 0, 46.93%, 1, 0, 6, 436.68, 311402, 191, 1, 0
737, 0, 163, 275, 163, 0, 46.93%, 1, 0, 6, 435.24, 313609, 191, 1, 0
742, 0, 212, 275, 159, 0, 46.93%, 1, 0, 6, 427.37, 315863, 191, 1, 0
747, 0, 155, 275, 157, 0, 46.93%, 1, 0, 6, 429.59, 318024, 191, 1, 0
752, 1, 68, 275, 151, 0, 46.93%, 1, 0, 6, 408.10, 320141, 191, 1, 0
757, 1, 33, 276, 150, 0, 46.93%, 1, 0, 6, 395.53, 322133, 191, 1, 0
762, 1, 268, 277, 146, 0, 46.93%, 1, 0, 6, 422.21, 324394, 191, 1, 0
767, 1, 117, 278, 145, 0, 46.93%, 1, 0, 6, 413.67, 326434, 191, 1, 0
772, 1, 281, 282, 145, 1, 47.67%, 1, 0, 6, 429.89, 328618, 194, 1, 0
777, 1, 234, 286, 147, 0, 47.67%, 1, 0, 6, 425.63, 330771, 194, 1, 0
782, 1, 234, 287, 148, 0, 47.67%, 1, 0, 6, 423.84, 332866, 194, 1, 0
788, 1, 234, 288, 149, 0, 47.67%, 1, 0, 6, 430.81, 335017, 194, 1, 0
793, 1, 234, 288, 149, 0, 47.67%, 1, 0, 6, 456.82, 337336, 194, 1, 0
798, 1, 169, 288, 147, 0, 47.67%, 1, 0, 6, 427.49, 339507, 194, 1, 0
803, 1, 159, 288, 144, 0, 47.67%, 1, 0, 6, 370.29, 341617, 194, 1, 0
808, 1, 248, 290, 145, 0, 47.91%, 1, 0, 6, 410.07, 343724, 195, 1, 0
813, 1, 248, 292, 147, 0, 47.91%, 1, 0, 6, 429.64, 345938, 195, 1, 0
818, 1, 248, 293, 148, 0, 47.91%, 1, 0, 6, 431.36, 348105, 195, 1, 0
823, 1, 289, 294, 148, 1, 47.91%, 1, 0, 6, 426.27, 350312, 195, 1, 0
828, 1, 263, 294, 146, 0, 47.91%, 1, 0, 6, 410.44, 352426, 195, 1, 0
833, 1, 245, 302, 153, 0, 47.91%, 1, 0, 6, 443.88, 354734, 195, 1, 0
839, 1, 245, 305, 156, 0, 47.91%, 1, 0, 6, 427.53, 356907, 195, 1, 0
844, 1, 245, 306, 157, 0, 47.91%, 1, 0, 6, 389.75, 358821, 195, 1, 0
849, 1, 245, 308, 159, 0, 47.91%, 1, 0, 6, 438.70, 361192, 195, 1, 0
854, 1, 245, 308, 159, 0, 47.91%, 1, 0, 6, 445.35, 363424, 195, 1, 0
859, 1, 245, 309, 160, 0, 47.91%, 1, 0, 6, 421.87, 365559, 195, 1, 0
864, 1, 292, 309, 157, 0, 47.91%, 1, 0, 6, 437.05, 367786, 195, 1, 0
869, 1, 144, 309, 154, 0, 47.91%, 1, 0, 6, 419.80, 369893, 195, 1, 0
874, 1, 203, 311, 153, 0, 47.91%, 1, 0, 6, 426.83, 372048, 195, 1, 0
879, 1, 21, 312, 151, 0, 48.16%, 1, 0, 6, 412.83, 374130, 196, 1, 0
884, 1, 227, 312, 147, 0, 48.16%, 1, 0, 6, 424.93, 376270, 196, 1, 0
889, 1, 65, 312, 144, 0, 48.16%, 1, 0, 6, 408.57, 378314, 196, 1, 0
894, 1, 184, 312, 141, 0, 48.16%, 1, 0, 6, 402.28, 380421, 196, 1, 0
899, 1, 312, 314, 142, 1, 48.40%, 1, 0, 6, 381.55, 382438, 197, 1, 0
902, 1, 312, 314, 142, 1, 48.40%, 1, 0, 6, 395.96, 383565, 197, 1, 0
