# relative_time, cycles_done, cur_item, corpus_count, pending_total, pending_favs, map_size, saved_crashes, saved_hangs, max_depth, execs_per_sec, total_execs, edges_found, total_crashes, servers_count
61, 0, 8, 41, 36, 2, 21.13%, 0, 0, 2, 408.88, 26298, 86, 0, 0
66, 0, 8, 41, 36, 2, 21.13%, 0, 0, 2, 402.33, 28274, 86, 0, 0
71, 0, 8, 41, 36, 2, 21.13%, 0, 0, 2, 381.90, 30205, 86, 0, 0
76, 0, 8, 41, 36, 2, 21.13%, 0, 0, 2, 386.52, 32193, 86, 0, 0
81, 0, 8, 41, 36, 2, 21.13%, 0, 0, 2, 382.06, 34125, 86, 0, 0
86, 0, 8, 42, 37, 2, 22.11%, 0, 0, 2, 387.96, 36155, 90, 0, 0
91, 0, 8, 42, 37, 2, 22.11%, 0, 0, 2, 364.54, 37975, 90, 0, 0
96, 0, 8, 43, 38, 2, 22.11%, 0, 0, 2, 385.85, 39956, 90, 0, 0
101, 0, 8, 43, 38, 2, 22.11%, 0, 0, 2, 401.82, 42088, 90, 0, 0
106, 0, 8, 43, 38, 2, 22.11%, 0, 0, 2, 381.43, 43939, 90, 0, 0
112, 0, 9, 50, 44, 1, 29.48%, 0, 0, 2, 394.70, 46034, 120, 0, 0
117, 0, 26, 125, 112, 17, 32.19%, 0, 0, 2, 435.48, 48222, 131, 0, 0
122, 0, 37, 125, 110, 15, 32.19%, 0, 0, 2, 410.01, 50285, 131, 0, 0
127, 0, 37, 125, 110, 15, 32.19%, 0, 0, 2, 411.10, 52381, 131, 0, 0
132, 0, 37, 125, 110, 15, 32.19%, 0, 0, 2, 411.63, 54461, 131, 0, 0
137, 0, 37, 125, 110, 15, 32.19%, 0, 0, 2, 390.88, 56439, 131, 0, 0
142, 0, 94, 125, 105, 10, 32.19%, 0, 0, 2, 416.73, 58516, 131, 0, 0
147, 0, 102, 130, 108, 9, 32.19%, 0, 0, 2, 435.74, 60720, 131, 0, 0
152, 0, 102, 133, 111, 9, 32.19%, 0, 0, 2, 415.79, 62845, 131, 0, 0
157, 0, 102, 140, 118, 9, 32.19%, 0, 0, 2, 428.61, 65025, 131, 0, 0
162, 0, 102, 143, 121, 9, 32.19%, 0, 0, 2, 423.94, 67179, 131, 0, 0
167, 0, 102, 145, 123, 9, 32.19%, 0, 0, 2, 457.26, 69490, 131, 0, 0
173, 0, 102, 147, 125, 9, 32.19%, 0, 0, 2, 425.05, 71623, 131, 0, 0
178, 0, 102, 149, 127, 9, 32.19%, 0, 0, 2, 442.31, 73766, 131, 0, 0
183, 0, 102, 151, 129, 9, 32.19%, 0, 0, 2, 467.25, 76139, 131, 0, 0
188, 0, 102, 152, 130, 9, 32.19%, 0, 0, 2, 458.42, 78468, 131, 0, 0
193, 0, 102, 154, 132, 9, 32.19%, 0, 0, 2, 471.23, 80795, 131, 0, 0
198, 0, 102, 154, 132, 9, 32.19%, 0, 0, 2, 473.79, 83126, 131, 0, 0
203, 0, 102, 154, 132, 9, 32.19%, 0, 0, 2, 463.52, 85529, 131, 0, 0
208, 0, 102, 154, 132, 9, 32.19%, 0, 0, 2, 439.92, 87657, 131, 0, 0
213, 0, 102, 156, 134, 9, 32.19%, 0, 0, 2, 483.97, 90151, 131, 0, 0
218, 0, 102, 156, 134, 9, 32.19%, 0, 0, 2, 462.50, 92491, 131, 0, 0
223, 0, 102, 157, 135, 9, 32.19%, 0, 0, 2, 426.78, 94614, 131, 0, 0
228, 0, 102, 158, 136, 9, 32.19%, 0, 0, 2, 459.88, 97005, 131, 0, 0
234, 0, 102, 158, 136, 9, 32.19%, 0, 0, 2, 426.08, 99077, 131, 0, 0
239, 0, 102, 158, 136, 9, 32.19%, 0, 0, 2, 470.94, 101541, 131, 0, 0
244, 0, 102, 158, 136, 9, 32.19%, 0, 0, 2, 488.65, 103891, 131, 0, 0
249, 0, 102, 158, 136, 9, 32.19%, 0, 0, 2, 462.70, 106258, 131, 0, 0
254, 0, 102, 158, 136, 9, 32.19%, 0, 0, 2, 490.47, 108643, 131, 0, 0
259, 0, 102, 158, 136, 9, 32.19%, 0, 0, 2, 474.27, 111064, 131, 0, 0
264, 0, 116, 160, 134, 6, 32.19%, 0, 0, 2, 494.57, 113629, 131, 0, 0
269, 0, 124, 164, 137, 6, 32.19%, 0, 0, 2, 459.21, 115880, 131, 0, 0
274, 0, 158, 165, 135, 3, 32.92%, 0, 0, 3, 438.98, 118127, 134, 0, 0
279, 1, 11, 166, 133, 0, 32.92%, 0, 0, 3, 452.44, 120502, 134, 0, 0
285, 1, 43, 171, 132, 0, 32.92%, 0, 0, 3, 402.69, 122491, 134, 0, 0
290, 1, 69, 172, 122, 0, 32.92%, 0, 0, 3, 427.24, 124678, 134, 0, 0
295, 1, 114, 172, 114, 0, 32.92%, 0, 0, 3, 412.12, 126809, 134, 0, 0
300, 1, 120, 177, 117, 0, 32.92%, 0, 0, 3, 414.33, 128933, 134, 0, 0
305, 1, 120, 177, 117, 0, 32.92%, 0, 0, 3, 432.36, 131117, 134, 0, 0
310, 1, 120, 178, 118, 0, 32.92%, 0, 0, 3, 408.37, 133180, 134, 0, 0
315, 1, 120, 178, 118, 0, 32.92%, 0, 0, 3, 428.66, 135468, 134, 0, 0
320, 1, 134, 179, 113, 0, 32.92%, 0, 0, 3, 420.61, 137599, 134, 0, 0
325, 1, 164, 180, 103, 0, 32.92%, 0, 0, 3, 401.45, 139619, 134, 0, 0
330, 1, 170, 185, 108, 0, 32.92%, 0, 0, 4, 395.04, 141582, 134, 0, 0
335, 1, 170, 186, 109, 0, 32.92%, 0, 0, 4, 391.42, 143591, 134, 0, 0
341, 1, 170, 187, 110, 0, 32.92%, 0, 0, 4, 359.48, 145341, 134, 0, 0
346, 1, 170, 187, 110, 0, 32.92%, 0, 0, 4, 363.12, 147175, 134, 0, 0
351, 1, 174, 187, 109, 0, 32.92%, 0, 0, 4, 406.82, 149344, 134, 0, 0
356, 1, 177, 191, 112, 0, 32.92%, 0, 0, 4, 402.54, 151448, 134, 0, 0
361, 1, 177, 191, 112, 0, 32.92%, 0, 0, 4, 418.35, 153600, 134, 0, 0
366, 1, 191, 235, 154, 0, 39.80%, 0, 0, 4, 406.73, 155648, 162, 0, 0
371, 2, 203, 245, 156, 13, 41.28%, 0, 0, 4, 418.33, 157818, 168, 0, 0
376, 2, 206, 245, 155, 12, 41.28%, 0, 0, 4, 403.83, 159906, 168, 0, 0
382, 2, 220, 248, 156, 10, 41.28%, 0, 0, 4, 410.96, 161998, 168, 0, 0
387, 2, 237, 248, 150, 4, 41.28%, 0, 0, 4, 412.83, 164130, 168, 0, 0
392, 3, 16, 248, 144, 0, 41.28%, 0, 0, 4, 445.93, 166397, 168, 0, 0
397, 3, 129, 248, 131, 0, 41.28%, 0, 0, 4, 447.57, 168729, 168, 0, 0
402, 3, 187, 249, 127, 0, 41.28%, 0, 0, 4, 434.52, 170977, 168, 0, 0
407, 3, 231, 249, 119, 0, 41.28%, 0, 0, 4, 513.29, 173530, 168, 0, 0
412, 4, 124, 251, 112, 0, 41.28%, 0, 0, 4, 450.02, 175757, 168, 0, 0
417, 4, 190, 251, 109, 0, 41.28%, 0, 0, 4, 446.53, 178034, 168, 0, 0
422, 4, 238, 251, 104, 0, 41.28%, 0, 0, 4, 501.62, 180770, 168, 0, 0
428, 5, 125, 251, 91, 0, 41.28%, 0, 0, 4, 491.07, 183206, 168, 0, 0
433, 5, 160, 252, 85, 0, 41.28%, 0, 0, 4, 447.16, 185363, 168, 0, 0
438, 5, 194, 252, 77, 0, 41.28%, 0, 0, 4, 461.13, 187814, 168, 0, 0
443, 5, 230, 252, 72, 0, 41.28%, 0, 0, 4, 574.05, 190766, 168, 0, 0
448, 6, 37, 252, 69, 0, 41.28%, 0, 0, 4, 441.54, 192857, 168, 0, 0
453, 6, 143, 252, 59, 0, 41.28%, 0, 0, 4, 436.46, 195033, 168, 0, 0
458, 6, 198, 252, 55, 0, 41.28%, 0, 0, 4, 461.30, 197423, 168, 0, 0
463, 7, 28, 252, 53, 0, 41.28%, 0, 0, 4, 419.31, 199620, 168, 0, 0
468, 7, 158, 252, 48, 0, 41.28%, 0, 0, 4, 434.81, 201738, 168, 0, 0
473, 7, 192, 252, 44, 0, 41.28%, 0, 0, 4, 406.61, 203740, 168, 0, 0
478, 7, 240, 252, 41, 0, 41.28%, 0, 0, 4, 421.42, 205865, 168, 0, 0
483, 8, 88, 253, 35, 0, 41.28%, 0, 0, 4, 420.53, 208043, 168, 0, 0
488, 8, 159, 253, 32, 0, 41.28%, 0, 0, 4, 394.09, 210012, 168, 0, 0
494, 8, 214, 253, 31, 0, 41.28%, 0, 0, 4, 409.13, 212149, 168, 0, 0
499, 9, 179, 256, 31, 1, 41.52%, 0, 0, 4, 421.91, 214334, 169, 0, 0
504, 10, 74, 256, 28, 0, 41.52%, 0, 0, 4, 430.44, 216547, 169, 0, 0
509, 10, 170, 256, 24, 0, 41.52%, 0, 0, 4, 429.22, 218721, 169, 0, 0
514, 10, 255, 256, 23, 0, 41.52%, 0, 0, 4, 414.08, 220842, 169, 0, 0
519, 11, 134, 256, 20, 0, 41.52%, 0, 0, 4, 403.06, 222917, 169, 0, 0
524, 11, 206, 256, 19, 0, 41.52%, 0, 0, 4, 409.20, 224928, 169, 0, 0
529, 11, 253, 258, 19, 0, 41.52%, 0, 0, 4, 425.34, 227093, 169, 0, 0
534, 12, 124, 259, 17, 0, 41.52%, 0, 0, 4, 425.33, 229218, 169, 0, 0
539, 12, 196, 259, 16, 0, 41.52%, 0, 0, 4, 419.47, 231321, 169, 0, 0
544, 13, 10, 259, 15, 0, 41.52%, 0, 0, 4, 426.52, 233505, 169, 0, 0
549, 13, 158, 259, 12, 0, 41.52%, 0, 0, 4, 430.51, 235659, 169, 0, 0
554, 13, 228, 260, 13, 0, 41.52%, 0, 0, 4, 437.81, 237945, 169, 0, 0
560, 15, 54, 262, 13, 0, 41.77%, 0, 0, 4, 437.81, 240288, 170, 0, 0
565, 15, 170, 262, 12, 0, 41.77%, 0, 0, 4, 433.04, 242421, 170, 0, 0
570, 15, 256, 262, 12, 0, 41.77%, 1, 0, 4, 430.55, 244628, 170, 1, 0
575, 16, 37, 262, 9, 0, 41.77%, 1, 0, 4, 421.82, 246804, 170, 1, 0
580, 16, 158, 262, 7, 0, 41.77%, 1, 0, 4, 429.19, 248984, 170, 1, 0
585, 16, 221, 262, 7, 0, 41.77%, 1, 0, 4, 411.91, 251018, 170, 1, 0
590, 16, 256, 262, 6, 0, 41.77%, 1, 0, 4, 405.78, 253051, 170, 1, 0
595, 16, 261, 262, 5, 0, 41.77%, 1, 0, 4, 389.03, 255056, 170, 1, 0
600, 17, 134, 262, 3, 0, 41.77%, 1, 0, 4, 406.65, 257083, 170, 1, 0
605, 17, 202, 262, 3, 0, 41.77%, 3, 0, 4, 388.58, 259028, 170, 12, 0
610, 17, 248, 262, 2, 0, 41.77%, 3, 0, 4, 366.63, 260932, 170, 12, 0
615, 17, 258, 264, 4, 0, 41.77%, 3, 0, 4, 406.52, 263057, 170, 13, 0
620, 17, 258, 265, 5, 0, 41.77%, 3, 0, 4, 445.06, 265302, 170, 13, 0
626, 18, 13, 265, 5, 0, 41.77%, 3, 0, 4, 456.77, 267573, 170, 13, 0
631, 18, 161, 265, 5, 0, 41.77%, 3, 0, 4, 466.38, 269904, 170, 18, 0
636, 18, 243, 266, 6, 0, 41.77%, 3, 0, 4, 443.42, 272124, 170, 18, 0
641, 18, 266, 268, 6, 1, 41.77%, 3, 0, 4, 443.63, 274382, 170, 18, 0
646, 19, 144, 268, 4, 0, 41.77%, 3, 0, 4, 443.32, 276594, 170, 24, 0
651, 19, 220, 268, 4, 0, 41.77%, 3, 0, 4, 438.52, 278794, 170, 30, 0
656, 20, 268, 271, 6, 3, 42.51%, 3, 0, 4, 436.28, 281041, 173, 30, 0
661, 20, 269, 273, 7, 2, 42.51%, 3, 0, 4, 426.82, 283202, 173, 30, 0
666, 20, 272, 273, 4, 0, 42.51%, 4, 0, 4, 420.30, 285339, 173, 31, 0
671, 21, 134, 273, 3, 0, 42.51%, 4, 0, 4, 414.18, 287234, 173, 31, 0
676, 21, 223, 273, 3, 0, 42.51%, 4, 0, 4, 434.69, 289467, 173, 35, 0
681, 21, 270, 273, 3, 0, 42.51%, 4, 0, 4, 447.96, 291741, 173, 35, 0
686, 22, 124, 273, 3, 0, 42.51%, 4, 0, 4, 426.44, 293922, 173, 36, 0
692, 22, 200, 273, 3, 0, 42.51%, 4, 0, 4, 417.41, 295984, 173, 39, 0
697, 22, 256, 273, 3, 0, 42.51%, 4, 0, 4, 406.10, 297996, 173, 39, 0
702, 22, 270, 273, 3, 0, 42.51%, 4, 0, 4, 403.14, 300011, 173, 39, 0
707, 23, 124, 273, 3, 0, 42.51%, 4, 0, 4, 407.35, 302108, 173, 39, 0
712, 23, 203, 273, 3, 0, 42.51%, 4, 0, 4, 400.37, 304139, 173, 45, 0
717, 23, 267, 273, 3, 0, 42.51%, 4, 0, 4, 402.64, 306225, 173, 45, 0
722, 24, 54, 273, 2, 0, 42.51%, 4, 0, 4, 411.39, 308317, 173, 45, 0
727, 24, 159, 273, 2, 0, 42.51%, 4, 0, 4, 422.41, 310455, 173, 53, 0
732, 24, 220, 273, 2, 0, 42.51%, 4, 0, 4, 424.68, 312571, 173, 56, 0
737, 25, 23, 273, 2, 0, 42.51%, 4, 0, 4, 434.62, 314802, 173, 56, 0
742, 25, 159, 273, 2, 0, 42.51%, 4, 0, 4, 394.93, 316709, 173, 61, 0
747, 25, 228, 275, 4, 0, 42.51%, 4, 0, 5, 414.63, 318859, 173, 61, 0
752, 25, 273, 276, 5, 0, 42.51%, 4, 0, 6, 446.12, 321175, 173, 61, 0
758, 25, 273, 279, 8, 0, 42.51%, 4, 0, 6, 424.09, 323369, 173, 61, 0
763, 25, 273, 280, 9, 0, 42.51%, 4, 0, 6, 417.53, 325544, 173, 61, 0
768, 25, 273, 280, 9, 0, 42.51%, 4, 0, 6, 396.53, 327520, 173, 61, 0
773, 25, 273, 280, 9, 0, 42.51%, 4, 0, 6, 435.73, 329816, 173, 61, 0
778, 25, 273, 280, 9, 0, 42.51%, 4, 0, 6, 415.19, 331856, 173, 61, 0
783, 25, 278, 282, 10, 0, 42.51%, 4, 0, 7, 427.77, 334054, 173, 61, 0
788, 25, 278, 282, 10, 0, 42.51%, 4, 0, 7, 401.04, 336085, 173, 61, 0
793, 26, 124, 283, 9, 0, 42.51%, 4, 0, 7, 409.85, 338217, 173, 61, 0
798, 26, 220, 283, 9, 0, 42.51%, 4, 0, 7, 412.15, 340338, 173, 65, 0
803, 26, 274, 283, 9, 0, 42.51%, 4, 0, 7, 424.56, 342496, 173, 65, 0
808, 26, 276, 283, 8, 0, 42.51%, 4, 0, 7, 406.86, 344576, 173, 65, 0
813, 27, 124, 283, 7, 0, 42.51%, 4, 0, 7, 418.38, 346654, 173, 65, 0
818, 27, 213, 283, 7, 0, 42.51%, 4, 0, 7, 425.81, 348797, 173, 68, 0
823, 27, 281, 284, 8, 0, 42.51%, 4, 0, 8, 421.37, 350912, 173, 68, 0
828, 28, 50, 284, 7, 0, 42.51%, 4, 0, 8, 410.43, 352902, 173, 68, 0
834, 28, 202, 284, 7, 0, 42.51%, 4, 0, 8, 433.58, 355179, 173, 72, 0
839, 28, 264, 284, 7, 0, 42.51%, 4, 0, 8, 424.04, 357273, 173, 72, 0
844, 29, 134, 284, 6, 0, 42.51%, 4, 0, 8, 419.36, 359408, 173, 72, 0
849, 29, 206, 284, 6, 0, 42.51%, 4, 0, 8, 388.62, 361398, 173, 74, 0
854, 29, 265, 285, 7, 0, 42.75%, 4, 0, 8, 383.14, 363453, 174, 74, 0
859, 30, 134, 285, 6, 0, 42.75%, 4, 0, 8, 375.47, 365347, 174, 74, 0
864, 30, 203, 285, 6, 0, 42.75%, 4, 0, 8, 420.24, 367461, 174, 77, 0
869, 30, 273, 285, 6, 0, 42.75%, 4, 0, 8, 438.21, 369693, 174, 77, 0
874, 31, 285, 286, 7, 1, 42.75%, 4, 0, 8, 440.06, 371886, 174, 77, 0
879, 32, 109, 287, 6, 0, 43.00%, 4, 0, 8, 429.23, 374044, 175, 77, 0
884, 32, 198, 287, 6, 0, 43.00%, 4, 0, 8, 417.22, 376098, 175, 83, 0
889, 32, 259, 287, 6, 0, 43.00%, 4, 0, 8, 402.58, 378096, 175, 83, 0
894, 32, 276, 287, 6, 0, 43.00%, 4, 0, 8, 433.24, 380263, 175, 83, 0
899, 32, 277, 287, 6, 0, 43.00%, 4, 0, 8, 397.51, 382175, 175, 83, 0
905, 33, 134, 287, 5, 0, 43.00%, 4, 0, 8, 397.08, 384236, 175, 84, 0
906, 33, 160, 287, 5, 0, 43.00%, 4, 0, 8, 406.17, 384996, 175, 88, 0
