# relative_time, cycles_done, cur_item, corpus_count, pending_total, pending_favs, map_size, saved_crashes, saved_hangs, max_depth, execs_per_sec, total_execs, edges_found, total_crashes, servers_count
61, 0, 9, 68, 63, 2, 30.47%, 0, 0, 2, 459.20, 27372, 124, 0, 0
66, 0, 9, 69, 64, 2, 30.47%, 0, 0, 2, 454.27, 29665, 124, 0, 0
71, 0, 9, 69, 64, 2, 30.47%, 0, 0, 2, 455.80, 31924, 124, 0, 0
76, 0, 9, 69, 64, 2, 30.47%, 0, 0, 2, 454.07, 34255, 124, 0, 0
81, 0, 9, 69, 64, 2, 30.47%, 0, 0, 2, 441.30, 36452, 124, 0, 0
86, 0, 9, 71, 66, 2, 30.71%, 0, 0, 2, 424.65, 38586, 125, 0, 0
91, 0, 9, 72, 67, 2, 30.71%, 0, 0, 2, 415.64, 40673, 125, 0, 0
96, 0, 9, 72, 67, 2, 30.71%, 0, 0, 2, 434.04, 42937, 125, 0, 0
101, 0, 9, 73, 68, 2, 30.71%, 0, 0, 2, 414.27, 45024, 125, 0, 0
106, 0, 9, 75, 70, 2, 30.71%, 0, 0, 2, 442.63, 47222, 125, 0, 0
111, 0, 9, 75, 70, 2, 30.71%, 0, 0, 2, 453.64, 49566, 125, 0, 0
116, 0, 9, 75, 70, 2, 30.71%, 0, 0, 2, 460.07, 51902, 125, 0, 0
122, 0, 9, 75, 70, 2, 30.71%, 0, 0, 2, 456.08, 54179, 125, 0, 0
127, 0, 80, 96, 83, 24, 34.64%, 0, 0, 3, 436.46, 56370, 141, 0, 0
132, 0, 74, 109, 95, 23, 34.64%, 0, 0, 3, 459.26, 58720, 141, 0, 0
137, 0, 74, 112, 98, 23, 34.64%, 0, 0, 3, 435.63, 60862, 141, 0, 0
142, 0, 74, 113, 99, 23, 34.89%, 0, 0, 3, 450.61, 63149, 142, 0, 0
147, 0, 74, 114, 100, 23, 34.89%, 0, 0, 3, 427.98, 65316, 142, 0, 0
152, 0, 78, 115, 100, 23, 34.89%, 0, 0, 3, 442.93, 67531, 142, 0, 0
157, 0, 78, 127, 112, 23, 36.36%, 1, 0, 3, 450.12, 69791, 148, 1, 0
162, 0, 27, 127, 108, 21, 36.36%, 1, 0, 3, 439.08, 72045, 148, 1, 0
167, 0, 106, 128, 106, 18, 36.36%, 1, 0, 4, 443.05, 74356, 148, 1, 0
172, 0, 117, 129, 103, 14, 36.36%, 1, 0, 4, 482.94, 76784, 148, 1, 0
177, 0, 92, 129, 100, 12, 36.36%, 1, 0, 4, 444.56, 79002, 148, 1, 0
182, 0, 92, 129, 100, 12, 36.36%, 1, 0, 4, 409.80, 81049, 148, 1, 0
187, 0, 92, 129, 100, 12, 36.36%, 1, 0, 4, 399.01, 83073, 148, 1, 0
192, 0, 127, 129, 99, 11, 36.36%, 1, 0, 4, 405.15, 85096, 148, 1, 0
197, 0, 127, 135, 105, 11, 36.36%, 1, 0, 5, 438.97, 87407, 148, 1, 0
203, 0, 127, 140, 110, 11, 36.36%, 1, 0, 5, 432.52, 89594, 148, 1, 0
208, 0, 127, 142, 112, 11, 36.36%, 1, 0, 5, 432.47, 91792, 148, 1, 0
213, 0, 127, 143, 113, 11, 36.36%, 1, 0, 5, 435.32, 94048, 148, 1, 0
218, 0, 127, 145, 115, 11, 36.36%, 1, 0, 5, 417.91, 96150, 148, 1, 0
223, 0, 127, 146, 116, 11, 36.36%, 1, 0, 5, 451.72, 98493, 148, 1, 0
228, 0, 127, 146, 116, 11, 36.36%, 1, 0, 5, 454.23, 100809, 148, 1, 0
233, 0, 127, 147, 117, 11, 36.36%, 1, 0, 5, 440.19, 103020, 148, 1, 0
238, 0, 127, 148, 118, 11, 36.36%, 1, 0, 5, 435.51, 105171, 148, 1, 0
243, 0, 127, 149, 119, 11, 36.36%, 1, 0, 5, 442.91, 107418, 148, 1, 0
248, 0, 127, 150, 120, 11, 36.36%, 1, 0, 5, 449.91, 109711, 148, 1, 0
253, 0, 127, 151, 121, 11, 36.36%, 1, 0, 5, 473.96, 112076, 148, 1, 0
258, 0, 127, 151, 121, 11, 36.36%, 1, 0, 5, 439.61, 114240, 148, 1, 0
263, 0, 127, 152, 122, 11, 36.36%, 1, 0, 5, 424.95, 116375, 148, 1, 0
269, 0, 127, 152, 122, 11, 36.36%, 1, 0, 5, 459.24, 118824, 148, 1, 0
274, 0, 127, 152, 122, 11, 36.36%, 1, 0, 5, 428.48, 121031, 148, 1, 0
279, 0, 127, 153, 123, 11, 36.36%, 1, 0, 5, 446.51, 123278, 148, 1, 0
284, 0, 139, 153, 120, 9, 36.36%, 1, 0, 5, 453.42, 125553, 148, 1, 0
289, 0, 133, 154, 120, 8, 36.36%, 1, 0, 6, 420.91, 127684, 148, 1, 0
294, 0, 32, 156, 118, 6, 36.61%, 1, 0, 6, 436.88, 129882, 149, 1, 0
299, 0, 90, 156, 116, 4, 36.61%, 1, 0, 6, 431.47, 132073, 149, 1, 0
304, 0, 118, 158, 115, 3, 36.61%, 1, 0, 6, 426.31, 134204, 149, 1, 0
309, 0, 158, 159, 115, 3, 36.61%, 1, 0, 6, 447.47, 136447, 149, 1, 0
314, 0, 68, 161, 111, 0, 36.86%, 1, 0, 6, 467.08, 138862, 150, 1, 0
320, 0, 129, 164, 112, 0, 36.86%, 1, 0, 6, 460.67, 141187, 150, 1, 0
325, 0, 3, 164, 110, 0, 36.86%, 1, 0, 6, 450.22, 143499, 150, 1, 0
330, 0, 112, 165, 108, 0, 36.86%, 1, 0, 6, 440.07, 145703, 150, 1, 0
335, 0, 88, 165, 106, 0, 36.86%, 1, 0, 6, 444.48, 147985, 150, 1, 0
340, 0, 27, 169, 106, 0, 37.84%, 1, 0, 6, 433.20, 150182, 154, 1, 0
345, 0, 168, 179, 116, 1, 37.84%, 1, 0, 6, 429.90, 152366, 154, 1, 0
350, 0, 168, 184, 121, 1, 37.84%, 1, 0, 6, 454.00, 154683, 154, 1, 0
355, 0, 168, 187, 124, 1, 38.57%, 1, 0, 6, 447.72, 156902, 157, 1, 0
360, 0, 168, 189, 126, 1, 38.57%, 1, 0, 6, 446.83, 159173, 157, 1, 0
365, 0, 168, 190, 127, 1, 38.57%, 1, 0, 6, 435.85, 161371, 157, 1, 0
370, 0, 168, 191, 128, 1, 38.57%, 1, 0, 6, 462.72, 163741, 157, 1, 0
375, 0, 168, 191, 128, 1, 38.57%, 1, 0, 6, 461.95, 166081, 157, 1, 0
380, 0, 168, 192, 129, 1, 38.57%, 1, 0, 6, 460.77, 168356, 157, 1, 0
385, 0, 168, 192, 129, 1, 38.57%, 1, 0, 6, 434.64, 170465, 157, 1, 0
391, 0, 168, 192, 129, 1, 38.57%, 1, 0, 6, 477.05, 173036, 157, 1, 0
396, 0, 168, 192, 129, 1, 38.57%, 1, 0, 6, 455.46, 175367, 157, 1, 0
401, 0, 168, 192, 129, 1, 38.57%, 1, 0, 6, 422.19, 177489, 157, 1, 0
406, 0, 168, 192, 129, 1, 38.57%, 1, 0, 6, 442.14, 179745, 157, 1, 0
411, 0, 168, 192, 129, 1, 38.57%, 1, 0, 6, 469.15, 182153, 157, 1, 0
416, 0, 168, 192, 129, 1, 38.57%, 1, 0, 6, 447.60, 184433, 157, 1, 0
421, 0, 168, 192, 129, 1, 38.57%, 1, 0, 6, 433.86, 186593, 157, 1, 0
426, 0, 168, 192, 129, 1, 38.57%, 1, 0, 6, 425.00, 188721, 157, 1, 0
431, 0, 168, 193, 130, 1, 38.57%, 1, 0, 6, 448.39, 190980, 157, 1, 0
436, 0, 168, 193, 130, 1, 38.57%, 1, 0, 6, 440.15, 193192, 157, 1, 0
441, 0, 168, 193, 130, 1, 38.57%, 1, 0, 6, 436.62, 195376, 157, 1, 0
447, 0, 168, 193, 130, 1, 38.57%, 1, 0, 6, 449.81, 197720, 157, 1, 0
452, 0, 168, 193, 130, 1, 38.57%, 1, 0, 6, 436.97, 200001, 157, 1, 0
457, 0, 168, 193, 130, 1, 38.57%, 1, 0, 6, 430.89, 202209, 157, 1, 0
462, 0, 186, 195, 128, 1, 38.57%, 1, 0, 6, 443.17, 204448, 157, 1, 0
467, 0, 62, 195, 124, 0, 38.57%, 1, 0, 6, 433.59, 206650, 157, 1, 0
472, 0, 32, 197, 123, 0, 38.57%, 1, 0, 6, 449.41, 208945, 157, 1, 0
477, 0, 175, 197, 123, 0, 38.57%, 1, 0, 6, 421.54, 211061, 157, 1, 0
482, 0, 195, 197, 120, 0, 38.57%, 1, 0, 6, 428.16, 213305, 157, 1, 0
487, 0, 0, 197, 117, 0, 38.57%, 1, 0, 6, 431.60, 215563, 157, 1, 0
492, 0, 161, 198, 114, 0, 39.07%, 1, 0, 6, 491.37, 218059, 159, 1, 0
497, 0, 121, 198, 112, 0, 39.07%, 1, 0, 6, 456.52, 220347, 159, 1, 0
502, 0, 96, 198, 110, 0, 39.07%, 1, 0, 6, 448.66, 222579, 159, 1, 0
507, 0, 156, 198, 107, 0, 39.07%, 1, 0, 6, 463.41, 224967, 159, 1, 0
513, 0, 36, 198, 104, 0, 39.07%, 1, 0, 6, 469.71, 227377, 159, 1, 0
518, 1, 122, 198, 100, 0, 39.07%, 1, 0, 6, 447.81, 229645, 159, 1, 0
523, 1, 60, 201, 100, 0, 39.07%, 1, 0, 6, 452.87, 231960, 159, 1, 0
528, 1, 71, 202, 94, 0, 39.07%, 1, 0, 6, 468.28, 234361, 159, 1, 0
533, 1, 81, 202, 89, 0, 39.07%, 1, 0, 6, 469.71, 236713, 159, 1, 0
538, 1, 75, 202, 84, 0, 39.07%, 1, 0, 6, 464.16, 239081, 159, 1, 0
543, 1, 185, 203, 82, 0, 39.07%, 1, 0, 6, 445.17, 241316, 159, 1, 0
548, 1, 7, 203, 79, 0, 39.07%, 1, 0, 6, 450.61, 243526, 159, 1, 0
553, 1, 69, 203, 76, 0, 39.07%, 1, 0, 6, 464.25, 245838, 159, 1, 0
558, 1, 145, 203, 69, 0, 39.07%, 1, 0, 6, 439.47, 248030, 159, 1, 0
563, 1, 72, 203, 65, 0, 39.07%, 1, 0, 6, 459.64, 250367, 159, 1, 0
568, 1, 167, 203, 63, 0, 39.07%, 1, 0, 6, 452.24, 252591, 159, 1, 0
573, 1, 203, 204, 62, 1, 39.31%, 1, 0, 6, 441.81, 254833, 160, 1, 0
578, 1, 204, 208, 64, 2, 40.05%, 1, 0, 6, 463.72, 257245, 163, 1, 0
583, 1, 204, 216, 72, 2, 40.29%, 1, 0, 6, 459.10, 259536, 164, 1, 0
589, 1, 206, 216, 71, 2, 40.29%, 1, 0, 6, 435.59, 261697, 164, 1, 0
594, 1, 216, 217, 70, 2, 40.54%, 1, 0, 6, 439.05, 263867, 165, 1, 0
599, 1, 205, 219, 68, 0, 40.79%, 1, 0, 6, 482.91, 266367, 166, 1, 0
604, 1, 144, 220, 66, 0, 40.79%, 1, 0, 6, 449.05, 268621, 166, 1, 0
609, 1, 57, 222, 66, 0, 41.03%, 1, 0, 6, 438.48, 270745, 167, 1, 0
614, 1, 214, 225, 68, 0, 41.03%, 1, 0, 6, 440.74, 272966, 167, 1, 0
619, 1, 214, 227, 70, 0, 41.03%, 1, 0, 6, 427.58, 275116, 167, 1, 0
624, 1, 214, 227, 70, 0, 41.03%, 1, 0, 6, 435.79, 277364, 167, 1, 0
629, 1, 214, 227, 70, 0, 41.03%, 1, 0, 6, 419.83, 279524, 167, 1, 0
634, 1, 8, 228, 69, 0, 41.03%, 1, 0, 6, 439.45, 281845, 167, 1, 0
639, 1, 52, 228, 67, 0, 41.03%, 1, 0, 6, 447.18, 284145, 167, 1, 0
644, 1, 207, 228, 66, 0, 41.03%, 1, 0, 6, 476.13, 286541, 167, 1, 0
649, 1, 119, 228, 65, 0, 41.03%, 1, 0, 6, 458.15, 288806, 167, 1, 0
655, 1, 186, 228, 63, 0, 41.03%, 1, 0, 6, 457.64, 291243, 167, 1, 0
660, 1, 77, 228, 61, 0, 41.03%, 1, 0, 6, 428.41, 293437, 167, 1, 0
665, 1, 198, 228, 57, 0, 41.03%, 1, 0, 6, 443.52, 295702, 167, 1, 0
670, 1, 73, 228, 54, 0, 41.03%, 1, 0, 6, 471.93, 298143, 167, 1, 0
675, 1, 94, 228, 51, 0, 41.03%, 1, 0, 6, 465.58, 300467, 167, 1, 0
680, 1, 227, 228, 49, 0, 41.03%, 1, 0, 6, 458.64, 302765, 167, 1, 0
685, 1, 210, 228, 44, 0, 41.03%, 1, 0, 6, 444.58, 305036, 167, 1, 0
690, 1, 220, 228, 41, 0, 41.03%, 1, 0, 6, 455.80, 307365, 167, 1, 0
695, 1, 140, 229, 40, 0, 41.03%, 1, 0, 6, 420.84, 309413, 167, 1, 0
700, 1, 221, 229, 37, 0, 41.03%, 1, 0, 6, 430.17, 311620, 167, 1, 0
705, 1, 209, 229, 34, 0, 41.03%, 1, 0, 6, 436.28, 313802, 167, 1, 0
711, 1, 188, 229, 32, 0, 41.03%, 1, 0, 6, 465.32, 316234, 167, 1, 0
716, 2, 271, 300, 101, 14, 50.86%, 1, 0, 6, 461.38, 318552, 207, 1, 0
721, 2, 296, 300, 100, 13, 50.86%, 1, 0, 6, 459.69, 320870, 207, 1, 0
726, 2, 296, 302, 102, 13, 50.86%, 1, 0, 6, 439.90, 323145, 207, 1, 0
731, 2, 289, 302, 100, 11, 50.86%, 1, 0, 6, 436.78, 325328, 207, 1, 0
736, 2, 303, 317, 114, 11, 50.86%, 1, 0, 6, 350.97, 327006, 207, 1, 0
741, 2, 280, 317, 112, 9, 50.86%, 1, 0, 6, 431.82, 329304, 207, 1, 0
746, 2, 322, 323, 116, 9, 51.11%, 1, 0, 6, 464.84, 331694, 208, 1, 0
751, 2, 324, 328, 120, 9, 51.11%, 1, 0, 6, 471.17, 334137, 208, 1, 0
756, 2, 317, 328, 118, 7, 51.11%, 1, 0, 6, 460.72, 336482, 208, 1, 0
761, 2, 327, 328, 115, 4, 51.11%, 1, 0, 6, 448.47, 338744, 208, 1, 0
766, 2, 247, 329, 113, 2, 51.11%, 1, 0, 6, 448.93, 340919, 208, 1, 0
772, 2, 247, 329, 111, 0, 51.11%, 1, 0, 6, 437.07, 343112, 208, 1, 0
777, 2, 212, 329, 109, 0, 51.11%, 1, 0, 6, 472.65, 345470, 208, 1, 0
782, 2, 298, 330, 107, 0, 51.11%, 1, 0, 6, 448.97, 347762, 208, 1, 0
787, 2, 257, 330, 105, 0, 51.11%, 1, 0, 6, 428.45, 349937, 208, 1, 0
792, 2, 93, 330, 103, 0, 51.11%, 1, 0, 6, 425.12, 352136, 208, 1, 0
797, 2, 320, 330, 102, 0, 51.11%, 1, 0, 6, 417.99, 354184, 208, 1, 0
802, 2, 236, 330, 100, 0, 51.11%, 1, 0, 6, 424.82, 356364, 208, 1, 0
807, 2, 234, 330, 97, 0, 51.11%, 1, 0, 6, 448.58, 358703, 208, 1, 0
812, 2, 247, 332, 96, 0, 51.11%, 1, 0, 6, 428.97, 360891, 208, 1, 0
817, 2, 309, 332, 95, 0, 51.11%, 1, 0, 6, 419.03, 363065, 208, 1, 0
822, 2, 256, 332, 93, 0, 51.11%, 1, 0, 6, 418.52, 365208, 208, 1, 0
828, 2, 253, 332, 91, 0, 51.11%, 1, 0, 6, 450.01, 367521, 208, 1, 0
833, 2, 300, 332, 88, 0, 51.11%, 1, 0, 6, 464.32, 369890, 208, 1, 0
838, 2, 206, 332, 85, 0, 51.11%, 1, 0, 6, 455.47, 372201, 208, 1, 0
843, 2, 284, 332, 83, 0, 51.11%, 1, 0, 6, 454.43, 374561, 208, 1, 0
848, 2, 319, 332, 81, 0, 51.11%, 1, 0, 6, 433.35, 376696, 208, 1, 0
853, 2, 297, 332, 78, 0, 51.11%, 2, 0, 6, 444.53, 378951, 208, 2, 0
858, 2, 235, 332, 75, 0, 51.11%, 2, 0, 6, 446.71, 381249, 208, 2, 0
863, 2, 213, 332, 73, 0, 51.11%, 2, 0, 6, 429.94, 383488, 208, 2, 0
868, 2, 267, 332, 72, 0, 51.11%, 2, 0, 6, 421.19, 385639, 208, 2, 0
873, 2, 276, 332, 71, 0, 51.11%, 2, 0, 6, 427.25, 387852, 208, 2, 0
878, 2, 245, 332, 69, 0, 51.11%, 2, 0, 6, 450.07, 390133, 208, 2, 0
883, 2, 279, 332, 67, 0, 51.11%, 2, 0, 6, 448.76, 392412, 208, 2, 0
888, 2, 279, 343, 78, 0, 51.11%, 2, 0, 6, 450.03, 394734, 208, 2, 0
893, 2, 279, 346, 81, 0, 51.11%, 2, 0, 6, 435.72, 396907, 208, 2, 0
899, 2, 279, 347, 82, 0, 51.11%, 2, 0, 6, 443.83, 399146, 208, 2, 0
904, 2, 279, 350, 85, 0, 51.35%, 2, 0, 6, 430.83, 401327, 209, 2, 0
909, 2, 279, 351, 86, 0, 51.60%, 2, 0, 6, 441.81, 403550, 210, 2, 0
914, 2, 349, 351, 85, 2, 51.60%, 2, 0, 6, 452.12, 405847, 210, 2, 0
919, 2, 351, 352, 85, 2, 51.60%, 2, 0, 6, 438.38, 408043, 210, 2, 0
924, 2, 347, 352, 83, 1, 51.60%, 2, 0, 6, 441.91, 410295, 210, 2, 0
929, 2, 350, 356, 86, 1, 51.60%, 2, 0, 6, 469.01, 412629, 210, 2, 0
934, 2, 242, 356, 83, 0, 51.60%, 2, 0, 6, 431.56, 414772, 210, 2, 0
939, 2, 355, 356, 82, 0, 51.60%, 2, 0, 6, 447.62, 417020, 210, 2, 0
944, 2, 95, 357, 80, 0, 51.60%, 2, 0, 6, 447.65, 419299, 210, 2, 0
949, 2, 211, 357, 78, 0, 51.60%, 2, 0, 6, 429.14, 421467, 210, 2, 0
954, 2, 354, 357, 77, 0, 51.60%, 2, 0, 6, 426.66, 423664, 210, 2, 0
959, 2, 337, 357, 74, 0, 51.60%, 2, 0, 6, 443.28, 425987, 210, 2, 0
964, 2, 231, 357, 72, 0, 51.60%, 2, 0, 6, 450.02, 428271, 210, 2, 0
969, 2, 273, 357, 70, 0, 51.60%, 2, 0, 6, 434.32, 430426, 210, 2, 0
974, 2, 342, 358, 69, 0, 51.60%, 2, 0, 6, 449.89, 432637, 210, 2, 0
979, 2, 232, 358, 67, 0, 51.60%, 3, 0, 6, 444.61, 434826, 210, 3, 0
984, 2, 277, 358, 66, 0, 51.60%, 3, 0, 6, 450.07, 437087, 210, 3, 0
990, 2, 258, 358, 64, 0, 51.60%, 3, 0, 6, 442.16, 439317, 210, 3, 0
995, 2, 216, 358, 61, 0, 51.60%, 3, 0, 6, 447.43, 441579, 210, 3, 0
1000, 2, 346, 358, 60, 0, 51.60%, 3, 0, 6, 442.45, 443843, 210, 3, 0
1005, 2, 356, 358, 57, 0, 51.60%, 3, 0, 6, 431.01, 445990, 210, 3, 0
1010, 2, 121, 359, 56, 0, 51.60%, 3, 0, 6, 452.92, 448353, 210, 3, 0
1015, 2, 293, 359, 55, 0, 51.60%, 3, 0, 6, 443.87, 450573, 210, 3, 0
1020, 2, 324, 359, 53, 0, 51.60%, 3, 0, 6, 448.77, 452813, 210, 3, 0
1025, 2, 161, 359, 51, 0, 51.60%, 3, 0, 6, 416.22, 454977, 210, 3, 0
1030, 2, 241, 359, 50, 0, 51.60%, 3, 0, 6, 416.11, 457137, 210, 3, 0
1035, 2, 200, 359, 48, 0, 51.60%, 3, 0, 6, 426.06, 459232, 210, 3, 0
1040, 2, 345, 359, 48, 0, 51.60%, 3, 0, 6, 432.80, 461424, 210, 3, 0
1045, 2, 111, 359, 46, 0, 51.60%, 3, 0, 6, 447.91, 463709, 210, 3, 0
1050, 2, 358, 359, 44, 0, 51.60%, 3, 0, 6, 444.76, 466011, 210, 3, 0
1055, 2, 176, 359, 42, 0, 51.60%, 3, 0, 6, 423.51, 468124, 210, 3, 0
1060, 2, 271, 359, 41, 0, 51.60%, 3, 0, 6, 449.30, 470458, 210, 3, 0
1066, 2, 260, 359, 40, 0, 51.60%, 3, 0, 6, 453.85, 472874, 210, 3, 0
1071, 2, 340, 359, 38, 0, 51.60%, 3, 0, 6, 454.27, 475209, 210, 3, 0
1076, 3, 382, 386, 63, 3, 51.84%, 3, 0, 6, 442.67, 477415, 211, 3, 0
1081, 3, 378, 386, 62, 2, 51.84%, 3, 0, 6, 443.94, 479683, 211, 3, 0
1086, 3, 185, 386, 59, 0, 51.84%, 3, 0, 6, 429.25, 481813, 211, 5, 0
1091, 3, 281, 386, 58, 0, 51.84%, 3, 0, 6, 436.00, 484032, 211, 5, 0
1096, 3, 311, 386, 56, 0, 51.84%, 3, 0, 6, 430.37, 486224, 211, 5, 0
1101, 3, 367, 386, 55, 0, 51.84%, 3, 0, 6, 448.46, 488469, 211, 5, 0
1106, 3, 224, 386, 53, 0, 51.84%, 3, 0, 6, 432.39, 490644, 211, 5, 0
1111, 3, 247, 386, 51, 0, 51.84%, 3, 0, 6, 431.08, 492873, 211, 5, 0
1116, 3, 99, 386, 49, 0, 51.84%, 3, 0, 6, 447.71, 495246, 211, 6, 0
1121, 3, 371, 386, 47, 0, 51.84%, 4, 0, 6, 443.24, 497517, 211, 7, 0
1126, 3, 306, 386, 45, 0, 51.84%, 4, 0, 6, 450.45, 499773, 211, 7, 0
1131, 3, 249, 386, 43, 0, 51.84%, 4, 0, 6, 467.34, 502158, 211, 7, 0
1137, 3, 173, 386, 42, 0, 51.84%, 4, 0, 6, 453.55, 504486, 211, 7, 0
1142, 3, 329, 386, 40, 0, 51.84%, 4, 0, 6, 434.70, 506727, 211, 7, 0
1147, 3, 369, 386, 38, 0, 51.84%, 4, 0, 6, 458.04, 509079, 211, 7, 0
1152, 3, 379, 386, 37, 0, 51.84%, 4, 0, 6, 464.66, 511424, 211, 7, 0
1157, 3, 33, 386, 35, 0, 51.84%, 4, 0, 6, 437.54, 513566, 211, 7, 0
1162, 3, 133, 386, 34, 0, 51.84%, 4, 0, 6, 436.96, 515789, 211, 8, 0
1167, 3, 348, 386, 34, 0, 51.84%, 4, 0, 6, 462.56, 518112, 211, 8, 0
1172, 3, 237, 386, 32, 0, 51.84%, 4, 0, 6, 419.26, 520248, 211, 8, 0
1177, 3, 301, 386, 30, 0, 51.84%, 4, 0, 6, 438.88, 522505, 211, 8, 0
1182, 3, 180, 386, 29, 0, 51.84%, 4, 0, 6, 456.31, 524819, 211, 8, 0
1187, 3, 111, 386, 28, 0, 51.84%, 4, 0, 6, 463.33, 527145, 211, 8, 0
1193, 3, 161, 386, 26, 0, 51.84%, 4, 0, 6, 466.77, 529597, 211, 8, 0
1198, 3, 344, 386, 26, 0, 51.84%, 4, 0, 6, 476.35, 531956, 211, 8, 0
1203, 3, 214, 386, 24, 0, 51.84%, 4, 0, 6, 485.54, 534436, 211, 8, 0
1208, 3, 84, 386, 24, 0, 51.84%, 4, 0, 6, 438.66, 536626, 211, 8, 0
1213, 3, 328, 386, 23, 0, 51.84%, 4, 0, 6, 466.09, 538977, 211, 8, 0
1218, 3, 159, 386, 22, 0, 51.84%, 4, 0, 6, 457.11, 541331, 211, 8, 0
1223, 3, 374, 386, 22, 0, 51.84%, 4, 0, 6, 428.69, 543431, 211, 8, 0
1228, 3, 15, 386, 20, 0, 51.84%, 4, 0, 6, 435.20, 545709, 211, 8, 0
1233, 3, 33, 386, 19, 0, 51.84%, 4, 0, 6, 445.30, 548014, 211, 8, 0
1238, 3, 204, 386, 19, 0, 51.84%, 4, 0, 6, 454.56, 550284, 211, 8, 0
1243, 3, 33, 386, 18, 0, 51.84%, 4, 0, 6, 462.28, 552628, 211, 8, 0
1248, 3, 25, 387, 18, 0, 51.84%, 4, 0, 6, 466.02, 555043, 211, 8, 0
1253, 3, 215, 387, 17, 0, 51.84%, 4, 0, 6, 463.77, 557388, 211, 8, 0
1258, 3, 301, 387, 16, 0, 51.84%, 4, 0, 6, 420.19, 559538, 211, 8, 0
1263, 3, 366, 387, 15, 0, 51.84%, 4, 0, 6, 440.71, 561855, 211, 9, 0
1268, 3, 133, 387, 13, 0, 51.84%, 4, 0, 6, 439.57, 564082, 211, 9, 0
1273, 3, 215, 387, 13, 0, 51.84%, 4, 0, 6, 459.69, 566442, 211, 9, 0
1279, 3, 383, 387, 13, 0, 51.84%, 4, 0, 6, 445.56, 568715, 211, 9, 0
1284, 3, 384, 387, 12, 0, 51.84%, 4, 0, 6, 467.34, 571028, 211, 9, 0
1289, 4, 139, 392, 16, 0, 51.84%, 4, 0, 6, 423.19, 573098, 211, 9, 0
1294, 4, 65, 392, 15, 0, 51.84%, 5, 0, 6, 449.88, 575417, 211, 10, 0
1299, 4, 344, 392, 14, 0, 51.84%, 5, 0, 6, 456.98, 577770, 211, 10, 0
1304, 4, 161, 392, 14, 0, 51.84%, 5, 0, 6, 463.64, 580066, 211, 10, 0
1309, 4, 301, 392, 13, 0, 51.84%, 5, 0, 6, 451.68, 582321, 211, 11, 0
1314, 4, 389, 392, 13, 0, 51.84%, 5, 0, 6, 480.00, 584828, 211, 11, 0
1319, 4, 329, 392, 12, 0, 51.84%, 5, 0, 6, 458.30, 587182, 211, 11, 0
1324, 4, 388, 392, 12, 0, 51.84%, 5, 0, 6, 456.04, 589452, 211, 11, 0
1329, 4, 133, 392, 10, 0, 51.84%, 5, 0, 6, 460.61, 591734, 211, 11, 0
1334, 4, 161, 392, 9, 0, 51.84%, 5, 0, 6, 460.39, 594070, 211, 11, 0
1339, 4, 133, 392, 8, 0, 51.84%, 5, 0, 6, 467.74, 596391, 211, 11, 0
1344, 4, 328, 392, 8, 0, 51.84%, 5, 0, 6, 474.17, 598799, 211, 11, 0
1349, 4, 216, 392, 8, 0, 51.84%, 5, 0, 6, 450.21, 601063, 211, 11, 0
1354, 4, 49, 392, 8, 0, 51.84%, 5, 0, 6, 460.11, 603371, 211, 11, 0
1360, 4, 167, 392, 8, 0, 51.84%, 5, 0, 6, 470.87, 605830, 211, 11, 0
1365, 4, 301, 392, 7, 0, 51.84%, 5, 0, 6, 440.90, 608061, 211, 11, 0
1370, 4, 123, 392, 7, 0, 51.84%, 5, 0, 6, 444.97, 610328, 211, 11, 0
1375, 4, 158, 392, 7, 0, 51.84%, 5, 0, 6, 440.99, 612589, 211, 11, 0
1380, 4, 186, 392, 7, 0, 51.84%, 5, 0, 6, 425.92, 614762, 211, 12, 0
1385, 4, 384, 392, 7, 0, 51.84%, 5, 0, 6, 421.51, 616910, 211, 12, 0
1390, 4, 102, 392, 7, 0, 51.84%, 5, 0, 6, 437.44, 619080, 211, 12, 0
1395, 4, 177, 392, 7, 0, 51.84%, 5, 0, 6, 444.72, 621409, 211, 12, 0
1400, 4, 49, 392, 6, 0, 51.84%, 5, 0, 6, 432.66, 623640, 211, 12, 0
1405, 4, 102, 392, 6, 0, 51.84%, 5, 0, 6, 434.00, 625840, 211, 12, 0
1410, 4, 92, 392, 6, 0, 51.84%, 5, 0, 6, 450.63, 628155, 211, 12, 0
1415, 4, 303, 392, 6, 0, 51.84%, 5, 0, 6, 423.64, 630319, 211, 12, 0
1421, 4, 220, 392, 6, 0, 51.84%, 5, 0, 6, 454.39, 632632, 211, 13, 0
1426, 4, 49, 392, 6, 0, 51.84%, 5, 0, 6, 478.98, 635074, 211, 13, 0
1431, 4, 382, 392, 6, 0, 51.84%, 5, 0, 6, 473.85, 637395, 211, 13, 0
1436, 5, 393, 395, 9, 1, 53.07%, 5, 0, 6, 464.10, 639714, 216, 13, 0
1441, 5, 205, 395, 7, 0, 53.07%, 5, 0, 6, 451.83, 641931, 216, 13, 0
1446, 5, 259, 395, 6, 0, 53.07%, 5, 0, 6, 433.82, 644172, 216, 13, 0
1451, 5, 133, 395, 6, 0, 53.07%, 5, 0, 6, 449.33, 646498, 216, 13, 0
1456, 5, 205, 395, 6, 0, 53.07%, 5, 0, 6, 435.71, 648722, 216, 13, 0
1461, 5, 236, 395, 6, 0, 53.07%, 5, 0, 6, 420.04, 650866, 216, 13, 0
1466, 5, 382, 395, 6, 0, 53.07%, 5, 0, 6, 443.02, 653129, 216, 13, 0
1472, 5, 393, 395, 6, 0, 53.07%, 5, 0, 6, 458.77, 655512, 216, 13, 0
1477, 5, 215, 395, 6, 0, 53.07%, 5, 0, 6, 452.02, 657795, 216, 13, 0
1482, 5, 133, 395, 6, 0, 53.07%, 5, 0, 6, 439.32, 660080, 216, 13, 0
1487, 5, 57, 395, 6, 0, 53.07%, 5, 0, 6, 440.81, 662233, 216, 14, 0
1492, 5, 317, 395, 6, 0, 53.07%, 5, 0, 6, 458.75, 664543, 216, 14, 0
1497, 5, 216, 395, 6, 0, 53.07%, 5, 0, 6, 421.96, 666693, 216, 14, 0
1502, 5, 271, 395, 6, 0, 53.07%, 5, 0, 6, 439.40, 668992, 216, 14, 0
1507, 5, 133, 395, 6, 0, 53.07%, 6, 0, 6, 423.28, 671104, 216, 16, 0
1512, 5, 11, 395, 6, 0, 53.07%, 6, 0, 6, 409.82, 673196, 216, 16, 0
1517, 5, 10, 395, 6, 0, 53.07%, 6, 0, 6, 449.93, 675475, 216, 17, 0
1522, 5, 102, 395, 6, 0, 53.07%, 6, 0, 6, 410.87, 677508, 216, 19, 0
1527, 5, 137, 395, 6, 0, 53.07%, 6, 0, 6, 487.63, 680072, 216, 19, 0
1532, 5, 158, 395, 6, 0, 53.07%, 8, 0, 6, 420.15, 682111, 216, 22, 0
1537, 5, 133, 395, 5, 0, 53.07%, 8, 0, 6, 436.17, 684353, 216, 22, 0
1542, 5, 25, 395, 5, 0, 53.07%, 8, 0, 6, 429.36, 686515, 216, 22, 0
1547, 5, 254, 395, 4, 0, 53.07%, 8, 0, 6, 449.75, 688765, 216, 24, 0
1553, 5, 197, 395, 4, 0, 53.07%, 8, 0, 6, 431.63, 690959, 216, 25, 0
1558, 5, 133, 395, 4, 0, 53.07%, 8, 0, 6, 421.28, 693031, 216, 25, 0
1563, 5, 186, 395, 4, 0, 53.07%, 8, 0, 6, 416.60, 695133, 216, 25, 0
1568, 5, 139, 395, 4, 0, 53.07%, 8, 0, 6, 447.17, 697382, 216, 25, 0
1573, 5, 384, 395, 4, 0, 53.07%, 8, 0, 6, 437.49, 699524, 216, 25, 0
1578, 6, 446, 462, 71, 12, 63.39%, 8, 0, 6, 431.27, 701725, 258, 26, 0
1583, 6, 456, 462, 70, 11, 63.39%, 8, 0, 6, 433.07, 703912, 258, 26, 0
1588, 6, 429, 462, 69, 10, 63.39%, 8, 0, 6, 443.64, 706158, 258, 26, 0
1593, 6, 423, 462, 67, 8, 63.39%, 8, 0, 6, 442.97, 708415, 258, 26, 0
1598, 6, 458, 463, 67, 7, 63.39%, 8, 0, 6, 421.38, 710598, 258, 26, 0
1603, 6, 458, 465, 69, 7, 63.39%, 8, 0, 6, 426.04, 712715, 258, 26, 0
1608, 6, 458, 469, 73, 7, 63.39%, 8, 0, 6, 404.30, 714703, 258, 26, 0
1613, 6, 458, 469, 73, 7, 63.39%, 8, 0, 6, 442.26, 716983, 258, 26, 0
1618, 6, 458, 469, 73, 7, 63.39%, 8, 0, 6, 448.67, 719279, 258, 26, 0
1624, 6, 458, 469, 73, 7, 63.39%, 8, 0, 6, 441.77, 721503, 258, 26, 0
1629, 6, 458, 469, 73, 7, 63.39%, 8, 0, 6, 429.49, 723623, 258, 26, 0
1634, 6, 458, 469, 73, 7, 63.39%, 8, 0, 6, 446.66, 725871, 258, 26, 0
1639, 6, 458, 469, 73, 7, 63.39%, 8, 0, 6, 438.95, 728095, 258, 26, 0
1644, 6, 458, 469, 73, 7, 63.39%, 8, 0, 6, 423.30, 730183, 258, 26, 0
1649, 6, 458, 469, 73, 7, 63.39%, 8, 0, 6, 457.47, 732491, 258, 26, 0
1654, 6, 458, 469, 73, 7, 63.39%, 8, 0, 6, 423.67, 734623, 258, 26, 0
1659, 6, 458, 469, 73, 7, 63.39%, 8, 0, 6, 451.38, 736919, 258, 26, 0
1664, 6, 457, 469, 71, 6, 63.39%, 8, 0, 6, 462.58, 739212, 258, 26, 0
1669, 6, 420, 469, 70, 5, 63.39%, 8, 0, 6, 457.42, 741469, 258, 26, 0
1674, 6, 424, 469, 69, 4, 63.39%, 8, 0, 6, 459.11, 743776, 258, 26, 0
1679, 6, 397, 470, 69, 3, 63.39%, 8, 0, 6, 406.02, 745687, 258, 26, 0
1684, 6, 259, 470, 66, 0, 63.39%, 8, 0, 6, 446.24, 747996, 258, 26, 0
1689, 6, 407, 470, 66, 0, 63.39%, 8, 0, 6, 447.39, 750285, 258, 26, 0
1694, 6, 464, 471, 65, 0, 63.64%, 8, 0, 6, 441.54, 752487, 259, 26, 0
1699, 6, 434, 472, 65, 0, 63.64%, 8, 0, 6, 441.31, 754758, 259, 26, 0
1705, 6, 134, 474, 66, 0, 63.64%, 8, 0, 6, 431.61, 756943, 259, 26, 0
1710, 6, 437, 474, 65, 0, 63.64%, 8, 0, 6, 466.59, 759311, 259, 26, 0
1715, 6, 414, 474, 62, 0, 63.64%, 8, 0, 6, 439.63, 761565, 259, 26, 0
1720, 6, 462, 474, 61, 0, 63.64%, 8, 0, 6, 439.09, 763765, 259, 26, 0
1725, 6, 434, 474, 59, 0, 63.64%, 8, 0, 6, 480.94, 766186, 259, 26, 0
1730, 6, 438, 474, 59, 0, 63.64%, 8, 0, 6, 452.07, 768426, 259, 26, 0
1735, 6, 425, 474, 57, 0, 63.64%, 8, 0, 6, 452.45, 770749, 259, 26, 0
1740, 6, 453, 474, 56, 0, 63.64%, 8, 0, 6, 444.31, 773086, 259, 26, 0
1745, 6, 444, 474, 54, 0, 63.64%, 8, 0, 6, 448.43, 775405, 259, 26, 0
1750, 6, 454, 474, 53, 0, 63.64%, 8, 0, 6, 457.83, 777711, 259, 26, 0
1755, 6, 161, 474, 52, 0, 63.64%, 8, 0, 6, 446.02, 779973, 259, 26, 0
1761, 6, 439, 474, 51, 0, 63.64%, 8, 0, 6, 458.07, 782292, 259, 26, 0
1766, 6, 421, 474, 50, 0, 63.64%, 8, 0, 6, 456.72, 784599, 259, 26, 0
1771, 6, 133, 474, 48, 0, 63.64%, 8, 0, 6, 437.35, 786837, 259, 26, 0
1776, 6, 205, 474, 47, 0, 63.64%, 8, 0, 6, 442.90, 789057, 259, 26, 0
1781, 6, 431, 474, 46, 0, 63.64%, 8, 0, 6, 444.05, 791279, 259, 26, 0
1786, 6, 428, 474, 45, 0, 63.64%, 8, 0, 6, 425.92, 793458, 259, 26, 0
1791, 6, 473, 474, 43, 0, 63.64%, 8, 0, 6, 448.81, 795773, 259, 26, 0
1796, 6, 133, 474, 42, 0, 63.64%, 8, 0, 6, 433.47, 797928, 259, 28, 0
1800, 6, 412, 474, 42, 0, 63.64%, 8, 0, 6, 415.50, 799663, 259, 28, 0
