# relative_time, cycles_done, cur_item, corpus_count, pending_total, pending_favs, map_size, saved_crashes, saved_hangs, max_depth, execs_per_sec, total_execs, edges_found, total_crashes, servers_count
60, 0, 9, 88, 83, 4, 30.96%, 0, 0, 2, 445.26, 27709, 126, 0, 0
65, 0, 9, 88, 83, 4, 30.96%, 0, 0, 2, 430.93, 29917, 126, 0, 0
70, 0, 9, 89, 84, 4, 30.96%, 0, 0, 2, 457.98, 32212, 126, 0, 0
76, 0, 9, 92, 87, 4, 30.96%, 0, 0, 2, 423.31, 34353, 126, 0, 0
81, 0, 9, 93, 88, 4, 30.96%, 0, 0, 2, 406.76, 36368, 126, 0, 0
86, 0, 9, 93, 88, 4, 30.96%, 0, 0, 2, 416.73, 38488, 126, 0, 0
91, 0, 9, 93, 88, 4, 30.96%, 0, 0, 2, 443.19, 40673, 126, 0, 0
96, 0, 9, 93, 88, 4, 30.96%, 0, 0, 2, 458.22, 43019, 126, 0, 0
101, 0, 9, 96, 91, 4, 31.94%, 0, 0, 2, 434.16, 45190, 130, 0, 0
106, 0, 9, 96, 91, 4, 31.94%, 0, 0, 2, 430.61, 47390, 130, 0, 0
111, 0, 9, 98, 93, 4, 31.94%, 0, 0, 2, 432.49, 49589, 130, 0, 0
116, 0, 9, 101, 96, 4, 32.19%, 0, 0, 2, 432.46, 51770, 131, 0, 0
121, 0, 9, 101, 96, 4, 32.19%, 0, 0, 2, 416.00, 53866, 131, 0, 0
127, 0, 23, 138, 131, 33, 44.72%, 0, 0, 2, 401.27, 55924, 182, 0, 0
132, 0, 115, 139, 122, 24, 44.96%, 0, 0, 3, 422.55, 58143, 183, 0, 0
137, 0, 136, 140, 122, 23, 44.96%, 0, 0, 3, 404.90, 60199, 183, 0, 0
142, 0, 136, 154, 136, 23, 45.21%, 0, 0, 3, 417.07, 62345, 184, 0, 0
147, 0, 3, 156, 137, 25, 45.45%, 0, 0, 3, 447.84, 64607, 185, 0, 0
152, 0, 156, 160, 140, 27, 48.65%, 0, 0, 3, 441.11, 66806, 198, 0, 0
157, 0, 156, 175, 155, 27, 53.81%, 0, 0, 3, 411.68, 68890, 219, 0, 0
162, 0, 156, 176, 156, 27, 53.81%, 0, 0, 3, 431.48, 71087, 219, 0, 0
167, 0, 156, 177, 157, 27, 53.81%, 0, 0, 3, 390.60, 73034, 219, 0, 0
172, 0, 156, 179, 159, 27, 54.05%, 0, 0, 3, 383.09, 74959, 220, 0, 0
177, 0, 156, 179, 159, 27, 54.05%, 0, 0, 3, 410.46, 77060, 220, 0, 0
182, 0, 156, 180, 160, 27, 54.05%, 0, 0, 3, 394.31, 79047, 220, 0, 0
187, 0, 156, 180, 160, 27, 54.05%, 0, 0, 3, 399.67, 81107, 220, 0, 0
192, 0, 156, 181, 161, 27, 54.05%, 0, 0, 3, 417.57, 83242, 220, 0, 0
197, 0, 156, 183, 163, 27, 54.05%, 0, 0, 3, 407.76, 85319, 220, 0, 0
203, 0, 156, 183, 163, 27, 54.05%, 0, 0, 3, 403.37, 87400, 220, 0, 0
208, 0, 156, 184, 164, 27, 54.05%, 0, 0, 3, 407.69, 89511, 220, 0, 0
213, 0, 156, 184, 164, 27, 54.05%, 0, 0, 3, 424.06, 91616, 220, 0, 0
218, 0, 156, 185, 165, 27, 54.05%, 0, 0, 3, 423.59, 93767, 220, 0, 0
223, 0, 156, 185, 165, 27, 54.05%, 0, 0, 3, 415.31, 95815, 220, 0, 0
228, 0, 156, 185, 165, 27, 54.05%, 0, 0, 3, 420.64, 97983, 220, 0, 0
233, 0, 156, 185, 165, 27, 54.05%, 0, 0, 3, 405.04, 99957, 220, 0, 0
238, 0, 156, 185, 165, 27, 54.05%, 0, 0, 3, 422.43, 102095, 220, 0, 0
243, 0, 156, 185, 165, 27, 54.05%, 0, 0, 3, 420.04, 104223, 220, 0, 0
248, 0, 156, 185, 165, 27, 54.05%, 0, 0, 3, 412.11, 106327, 220, 0, 0
253, 0, 156, 185, 165, 27, 54.05%, 0, 0, 3, 434.84, 108511, 220, 0, 0
258, 0, 156, 185, 165, 27, 54.05%, 0, 0, 3, 426.31, 110647, 220, 0, 0
263, 0, 156, 186, 166, 27, 54.05%, 0, 0, 3, 416.75, 112758, 220, 0, 0
268, 0, 156, 186, 166, 27, 54.05%, 0, 0, 3, 424.01, 114966, 220, 0, 0
273, 0, 156, 186, 166, 27, 54.05%, 0, 0, 3, 423.76, 117126, 220, 0, 0
279, 0, 171, 186, 165, 32, 54.05%, 0, 0, 3, 416.56, 119278, 220, 0, 0
284, 0, 166, 191, 169, 31, 54.05%, 0, 0, 4, 415.57, 121371, 220, 0, 0
289, 0, 78, 208, 184, 31, 54.30%, 0, 0, 4, 449.53, 123683, 221, 0, 0
294, 0, 78, 213, 189, 31, 54.30%, 0, 0, 4, 411.58, 125749, 221, 0, 0
299, 0, 78, 215, 191, 31, 54.30%, 0, 0, 4, 409.60, 127828, 221, 0, 0
304, 0, 78, 217, 193, 31, 54.30%, 0, 0, 4, 429.51, 130130, 221, 0, 0
309, 0, 78, 217, 193, 31, 54.30%, 0, 0, 4, 462.98, 132572, 221, 0, 0
314, 0, 183, 218, 193, 31, 54.30%, 0, 0, 4, 416.79, 134670, 221, 0, 0
319, 0, 116, 226, 199, 30, 54.30%, 0, 0, 4, 437.80, 136721, 221, 0, 0
325, 0, 116, 235, 208, 30, 55.28%, 1, 0, 4, 415.70, 138805, 225, 1, 0
330, 0, 116, 237, 210, 30, 55.28%, 1, 0, 4, 423.50, 141028, 225, 1, 0
335, 0, 116, 240, 213, 30, 55.28%, 1, 0, 4, 425.44, 143178, 225, 1, 0
340, 0, 116, 244, 217, 30, 55.28%, 1, 0, 4, 454.71, 145512, 225, 1, 0
345, 0, 116, 244, 217, 30, 55.28%, 1, 0, 4, 448.16, 147814, 225, 1, 0
350, 0, 116, 245, 218, 30, 55.28%, 1, 0, 4, 428.85, 149997, 225, 1, 0
355, 0, 116, 245, 218, 30, 55.28%, 1, 0, 4, 447.38, 152269, 225, 1, 0
360, 0, 116, 245, 218, 30, 55.28%, 1, 0, 4, 426.98, 154357, 225, 1, 0
365, 0, 116, 246, 219, 30, 55.28%, 1, 0, 4, 414.41, 156452, 225, 1, 0
370, 0, 116, 247, 220, 30, 55.28%, 1, 0, 4, 481.18, 158952, 225, 1, 0
376, 0, 116, 247, 220, 30, 55.28%, 1, 0, 4, 440.01, 161083, 225, 1, 0
381, 0, 116, 247, 220, 30, 55.28%, 1, 0, 4, 428.28, 163180, 225, 1, 0
386, 0, 116, 247, 220, 30, 55.28%, 1, 0, 4, 401.93, 165203, 225, 1, 0
391, 0, 116, 247, 220, 30, 55.28%, 1, 0, 4, 435.77, 167420, 225, 1, 0
396, 0, 116, 248, 221, 30, 55.28%, 1, 0, 4, 445.47, 169635, 225, 1, 0
401, 0, 116, 248, 221, 30, 55.28%, 1, 0, 4, 432.18, 171763, 225, 1, 0
406, 0, 116, 248, 221, 30, 55.28%, 1, 0, 4, 415.91, 173867, 225, 1, 0
411, 0, 116, 248, 221, 30, 55.28%, 1, 0, 4, 410.87, 175947, 225, 1, 0
416, 0, 116, 248, 221, 30, 55.28%, 1, 0, 4, 528.02, 178133, 225, 1, 0
421, 0, 116, 248, 221, 30, 55.28%, 1, 0, 4, 445.34, 180267, 225, 1, 0
426, 0, 116, 248, 221, 30, 55.28%, 1, 0, 4, 410.31, 182323, 225, 1, 0
431, 0, 116, 249, 222, 30, 55.28%, 1, 0, 4, 423.09, 184450, 225, 1, 0
436, 0, 116, 249, 222, 30, 55.28%, 1, 0, 4, 456.64, 186813, 225, 1, 0
441, 0, 116, 249, 222, 30, 55.28%, 1, 0, 4, 426.20, 188962, 225, 1, 0
446, 0, 117, 249, 220, 29, 55.28%, 1, 0, 4, 420.05, 191070, 225, 1, 0
451, 0, 177, 249, 218, 27, 55.28%, 1, 0, 4, 427.03, 193213, 225, 1, 0
457, 0, 248, 252, 219, 25, 55.28%, 1, 0, 4, 430.49, 195460, 225, 1, 0
462, 0, 246, 252, 217, 24, 55.28%, 1, 0, 4, 418.22, 197606, 225, 1, 0
467, 0, 161, 252, 215, 22, 55.28%, 1, 0, 4, 437.78, 199893, 225, 1, 0
472, 0, 94, 255, 217, 21, 55.28%, 1, 0, 4, 407.54, 201992, 225, 1, 0
477, 0, 77, 256, 216, 20, 55.28%, 1, 0, 4, 420.32, 204169, 225, 1, 0
482, 0, 77, 261, 221, 20, 55.28%, 1, 0, 4, 453.92, 206556, 225, 1, 0
488, 0, 77, 262, 222, 20, 55.28%, 1, 0, 4, 395.21, 208544, 225, 1, 0
493, 0, 77, 264, 224, 20, 55.28%, 1, 0, 4, 438.08, 210910, 225, 1, 0
498, 0, 77, 264, 224, 20, 55.28%, 1, 0, 4, 432.87, 213070, 225, 1, 0
503, 0, 77, 265, 225, 20, 55.28%, 1, 0, 4, 432.03, 215253, 225, 1, 0
508, 0, 77, 265, 225, 20, 55.28%, 1, 0, 4, 430.38, 217397, 225, 1, 0
513, 0, 77, 266, 226, 20, 55.28%, 1, 0, 4, 391.31, 219404, 225, 1, 0
518, 0, 77, 266, 226, 20, 55.28%, 1, 0, 4, 417.89, 221532, 225, 1, 0
523, 0, 77, 266, 226, 20, 55.28%, 1, 0, 4, 447.22, 223884, 225, 1, 0
528, 0, 77, 266, 226, 20, 55.28%, 1, 0, 4, 420.50, 226028, 225, 1, 0
533, 0, 77, 266, 226, 20, 55.28%, 1, 0, 4, 435.29, 228244, 225, 1, 0
538, 0, 77, 266, 226, 20, 55.28%, 1, 0, 4, 440.92, 230452, 225, 1, 0
544, 0, 77, 266, 226, 20, 55.28%, 1, 0, 4, 422.00, 232564, 225, 1, 0
549, 0, 171, 266, 224, 19, 55.28%, 1, 0, 4, 418.72, 234711, 225, 1, 0
554, 0, 154, 266, 222, 18, 55.28%, 1, 0, 4, 427.23, 236840, 225, 1, 0
559, 0, 120, 266, 221, 17, 55.28%, 1, 0, 4, 396.05, 238863, 225, 1, 0
564, 0, 120, 266, 221, 17, 55.28%, 1, 0, 4, 386.29, 240819, 225, 1, 0
569, 0, 30, 267, 221, 16, 55.28%, 1, 0, 4, 370.86, 242648, 225, 1, 0
574, 0, 128, 267, 218, 13, 55.28%, 1, 0, 4, 403.01, 244721, 225, 1, 0
579, 0, 270, 271, 221, 13, 55.28%, 1, 0, 4, 414.91, 246824, 225, 1, 0
584, 0, 146, 271, 219, 11, 55.28%, 1, 0, 4, 396.54, 248765, 225, 1, 0
589, 0, 146, 271, 219, 11, 55.28%, 1, 0, 4, 381.35, 250666, 225, 1, 0
594, 0, 92, 272, 218, 10, 55.53%, 1, 0, 4, 400.75, 252681, 226, 1, 0
599, 0, 211, 275, 219, 8, 55.53%, 1, 0, 4, 404.33, 254763, 226, 1, 0
604, 0, 263, 279, 220, 5, 55.53%, 1, 0, 4, 393.08, 256754, 226, 1, 0
609, 0, 263, 280, 221, 5, 55.53%, 1, 0, 4, 411.16, 258884, 226, 1, 0
614, 0, 263, 280, 221, 5, 55.53%, 1, 0, 4, 422.21, 261052, 226, 1, 0
619, 0, 263, 281, 222, 5, 55.53%, 1, 0, 4, 436.60, 263275, 226, 1, 0
624, 0, 263, 281, 222, 5, 55.53%, 1, 0, 4, 443.58, 265507, 226, 1, 0
630, 0, 113, 286, 225, 4, 56.27%, 1, 0, 4, 464.10, 267836, 229, 1, 0
635, 0, 285, 292, 230, 5, 56.27%, 1, 0, 4, 410.42, 269925, 229, 1, 0
640, 0, 285, 293, 231, 5, 56.27%, 1, 0, 4, 436.38, 272156, 229, 1, 0
645, 0, 285, 294, 232, 5, 56.27%, 1, 0, 4, 462.21, 274473, 229, 1, 0
650, 0, 285, 294, 232, 5, 56.27%, 1, 0, 4, 450.95, 276747, 229, 1, 0
655, 0, 285, 295, 233, 5, 56.27%, 1, 0, 4, 420.30, 278890, 229, 1, 0
660, 0, 285, 297, 235, 5, 56.27%, 1, 0, 4, 427.10, 281056, 229, 1, 0
665, 0, 283, 297, 232, 3, 56.27%, 1, 0, 4, 425.72, 283180, 229, 1, 0
671, 0, 283, 298, 233, 3, 56.27%, 1, 0, 4, 449.97, 285452, 229, 1, 0
676, 0, 49, 298, 229, 0, 56.27%, 1, 0, 4, 422.98, 287640, 229, 1, 0
681, 0, 83, 298, 225, 0, 56.27%, 1, 0, 4, 418.58, 289793, 229, 1, 0
686, 0, 147, 300, 226, 0, 56.27%, 1, 0, 4, 437.23, 291943, 229, 1, 0
691, 0, 147, 301, 227, 0, 56.27%, 1, 0, 4, 429.21, 294174, 229, 1, 0
696, 0, 147, 303, 229, 0, 56.27%, 1, 0, 4, 419.00, 296260, 229, 1, 0
701, 0, 147, 304, 230, 0, 56.27%, 1, 0, 4, 433.86, 298483, 229, 1, 0
706, 0, 203, 304, 227, 0, 56.27%, 1, 0, 4, 453.71, 300752, 229, 1, 0
711, 0, 251, 304, 225, 0, 56.27%, 1, 0, 4, 425.35, 302916, 229, 1, 0
716, 0, 178, 306, 227, 0, 56.27%, 1, 0, 4, 402.38, 305009, 229, 1, 0
721, 0, 206, 307, 226, 0, 56.27%, 1, 0, 5, 431.76, 307221, 229, 1, 0
727, 0, 289, 308, 226, 0, 56.27%, 1, 0, 5, 435.84, 309330, 229, 1, 0
732, 0, 53, 310, 226, 0, 56.27%, 1, 0, 5, 456.09, 311641, 229, 1, 0
737, 0, 100, 310, 222, 0, 56.27%, 1, 0, 5, 415.55, 313694, 229, 1, 0
742, 0, 92, 312, 223, 0, 56.27%, 1, 0, 5, 424.25, 315890, 229, 1, 0
747, 0, 85, 312, 221, 0, 56.27%, 1, 0, 5, 408.44, 317926, 229, 1, 0
752, 0, 302, 312, 220, 0, 56.27%, 1, 0, 5, 437.71, 320047, 229, 1, 0
757, 0, 302, 342, 250, 0, 56.27%, 1, 0, 5, 440.45, 322403, 229, 1, 0
762, 0, 302, 343, 251, 0, 56.27%, 1, 0, 5, 434.18, 324666, 229, 1, 0
767, 0, 302, 343, 251, 0, 56.27%, 1, 0, 5, 445.56, 326938, 229, 1, 0
772, 0, 302, 343, 251, 0, 56.27%, 1, 0, 5, 442.12, 329154, 229, 1, 0
777, 0, 83, 343, 249, 0, 56.27%, 1, 0, 5, 431.68, 331333, 229, 1, 0
782, 0, 238, 348, 254, 0, 56.27%, 1, 0, 5, 446.27, 333568, 229, 1, 0
787, 0, 238, 349, 255, 0, 56.27%, 1, 0, 5, 440.10, 335823, 229, 1, 0
792, 0, 327, 349, 253, 0, 56.27%, 1, 0, 5, 443.50, 338053, 229, 1, 0
798, 0, 219, 349, 252, 0, 56.27%, 1, 0, 5, 53.16, 340223, 229, 1, 0
803, 0, 200, 349, 250, 0, 56.27%, 1, 0, 5, 373.29, 342147, 229, 1, 0
808, 0, 186, 351, 251, 0, 56.27%, 1, 0, 5, 416.51, 344305, 229, 1, 0
813, 0, 334, 351, 249, 0, 56.27%, 1, 0, 5, 410.28, 346393, 229, 1, 0
818, 0, 110, 351, 248, 0, 56.27%, 1, 0, 5, 435.88, 348678, 229, 1, 0
823, 0, 293, 351, 243, 0, 56.27%, 1, 0, 5, 429.08, 350797, 229, 1, 0
828, 0, 318, 352, 242, 0, 56.27%, 1, 0, 5, 446.35, 353032, 229, 1, 0
833, 0, 225, 352, 240, 0, 56.27%, 1, 0, 5, 434.35, 355260, 229, 1, 0
838, 0, 221, 352, 239, 0, 56.27%, 1, 0, 5, 437.01, 357524, 229, 1, 0
843, 0, 159, 352, 237, 0, 56.27%, 1, 0, 5, 417.71, 359609, 229, 1, 0
848, 0, 263, 352, 236, 0, 56.27%, 1, 0, 5, 398.58, 361642, 229, 1, 0
854, 0, 145, 352, 235, 0, 56.27%, 1, 0, 5, 394.28, 363675, 229, 1, 0
859, 0, 92, 353, 234, 0, 56.51%, 1, 0, 5, 407.87, 365803, 230, 1, 0
864, 0, 249, 353, 232, 0, 56.51%, 1, 0, 5, 413.40, 367909, 230, 1, 0
869, 0, 290, 353, 230, 0, 56.51%, 1, 0, 5, 417.73, 370060, 230, 1, 0
874, 0, 251, 357, 233, 0, 56.76%, 1, 0, 5, 431.20, 372240, 231, 1, 0
879, 0, 251, 361, 237, 0, 56.76%, 1, 0, 5, 413.11, 374218, 231, 1, 0
884, 0, 251, 364, 240, 0, 56.76%, 1, 0, 5, 400.58, 376273, 231, 1, 0
889, 0, 251, 364, 240, 0, 56.76%, 1, 0, 5, 386.89, 378285, 231, 1, 0
894, 0, 251, 365, 241, 0, 56.76%, 1, 0, 5, 421.44, 380480, 231, 1, 0
899, 0, 363, 365, 240, 1, 56.76%, 1, 0, 5, 391.48, 382455, 231, 1, 0
904, 0, 365, 366, 239, 1, 56.76%, 1, 0, 5, 393.76, 384487, 231, 1, 0
