# relative_time, cycles_done, cur_item, corpus_count, pending_total, pending_favs, map_size, saved_crashes, saved_hangs, max_depth, execs_per_sec, total_execs, edges_found, total_crashes, servers_count
61, 0, 40, 114, 108, 26, 37.84%, 0, 0, 2, 415.01, 27514, 154, 0, 0
66, 0, 40, 114, 108, 26, 37.84%, 0, 0, 2, 430.99, 29874, 154, 0, 0
71, 0, 40, 114, 108, 26, 37.84%, 0, 0, 2, 436.27, 32131, 154, 0, 0
76, 0, 40, 116, 110, 26, 38.08%, 0, 0, 2, 414.51, 34201, 155, 0, 0
81, 0, 40, 117, 111, 26, 38.08%, 0, 0, 2, 418.84, 36416, 155, 0, 0
86, 0, 40, 118, 112, 26, 38.08%, 0, 0, 2, 437.37, 38655, 155, 0, 0
91, 0, 40, 118, 112, 26, 38.08%, 0, 0, 2, 430.45, 40879, 155, 0, 0
96, 0, 40, 118, 112, 26, 38.08%, 0, 0, 2, 422.25, 42959, 155, 0, 0
101, 0, 40, 118, 112, 26, 38.08%, 0, 0, 2, 450.56, 45247, 155, 0, 0
106, 0, 40, 118, 112, 26, 38.08%, 0, 0, 2, 436.45, 47335, 155, 0, 0
111, 0, 40, 119, 113, 26, 38.08%, 0, 0, 2, 444.90, 49550, 155, 0, 0
116, 0, 40, 119, 113, 26, 38.08%, 0, 0, 2, 448.65, 51775, 155, 0, 0
121, 0, 40, 121, 115, 26, 38.08%, 0, 0, 2, 428.31, 53908, 155, 0, 0
127, 0, 40, 122, 116, 26, 38.33%, 0, 0, 2, 388.81, 55870, 156, 0, 0
132, 0, 91, 128, 121, 28, 38.33%, 0, 0, 3, 415.55, 58065, 156, 0, 0
137, 0, 91, 130, 123, 28, 38.33%, 0, 0, 3, 421.07, 60255, 156, 0, 0
142, 0, 91, 132, 125, 28, 38.33%, 0, 0, 3, 445.46, 62581, 156, 0, 0
147, 0, 91, 133, 126, 28, 38.33%, 0, 0, 3, 414.99, 64692, 156, 0, 0
152, 0, 91, 134, 127, 28, 38.33%, 0, 0, 3, 415.06, 66836, 156, 0, 0
157, 0, 91, 136, 129, 28, 38.33%, 0, 0, 3, 382.81, 68711, 156, 0, 0
162, 0, 25, 138, 124, 23, 39.31%, 0, 0, 3, 394.87, 70733, 160, 0, 0
167, 0, 18, 147, 132, 27, 44.47%, 0, 0, 3, 449.18, 73030, 181, 0, 0
173, 0, 3, 151, 134, 26, 44.47%, 0, 0, 3, 482.38, 75528, 181, 0, 0
178, 0, 109, 155, 137, 25, 44.47%, 0, 0, 3, 468.21, 77877, 181, 0, 0
183, 0, 107, 155, 135, 24, 44.47%, 0, 0, 3, 418.50, 79927, 181, 0, 0
188, 0, 141, 157, 134, 20, 44.47%, 0, 0, 3, 424.54, 82121, 181, 0, 0
193, 0, 95, 166, 142, 19, 44.47%, 0, 0, 3, 448.41, 84348, 181, 0, 0
198, 0, 95, 170, 146, 19, 44.47%, 0, 0, 3, 420.72, 86472, 181, 0, 0
203, 0, 95, 170, 146, 19, 44.47%, 0, 0, 3, 413.18, 88585, 181, 0, 0
208, 0, 95, 170, 146, 19, 44.47%, 0, 0, 3, 402.73, 90753, 181, 0, 0
213, 0, 95, 170, 146, 19, 44.47%, 0, 0, 3, 412.35, 92865, 181, 0, 0
218, 0, 95, 170, 146, 19, 44.47%, 0, 0, 3, 421.72, 95041, 181, 0, 0
224, 0, 95, 171, 147, 19, 44.47%, 0, 0, 3, 416.05, 97208, 181, 0, 0
229, 0, 95, 171, 147, 19, 44.47%, 0, 0, 3, 434.20, 99400, 181, 0, 0
234, 0, 95, 172, 148, 19, 44.47%, 0, 0, 3, 409.45, 101455, 181, 0, 0
239, 0, 95, 172, 148, 19, 44.47%, 0, 0, 3, 409.59, 103543, 181, 0, 0
244, 0, 95, 172, 148, 19, 44.47%, 0, 0, 3, 437.08, 105751, 181, 0, 0
249, 0, 95, 172, 148, 19, 44.47%, 0, 0, 3, 458.71, 108055, 181, 0, 0
254, 0, 95, 172, 148, 19, 44.47%, 0, 0, 3, 469.82, 110449, 181, 0, 0
259, 0, 144, 172, 147, 17, 44.47%, 0, 0, 3, 459.46, 112780, 181, 0, 0
264, 0, 197, 206, 180, 19, 44.96%, 0, 0, 3, 378.08, 114589, 183, 0, 0
269, 0, 15, 212, 184, 17, 45.70%, 1, 0, 3, 417.31, 116753, 186, 1, 0
274, 0, 138, 212, 183, 18, 45.70%, 1, 0, 3, 403.69, 118818, 186, 1, 0
279, 0, 208, 213, 183, 17, 45.70%, 1, 0, 4, 416.76, 120963, 186, 1, 0
284, 0, 121, 215, 182, 16, 45.95%, 1, 0, 4, 454.16, 123373, 187, 1, 0
290, 0, 203, 221, 185, 13, 45.95%, 1, 0, 4, 455.91, 125683, 187, 1, 0
295, 0, 19, 222, 185, 12, 45.95%, 1, 0, 4, 457.51, 127972, 187, 1, 0
300, 0, 19, 229, 192, 12, 45.95%, 1, 0, 4, 435.23, 130209, 187, 1, 0
305, 0, 19, 231, 194, 12, 45.95%, 1, 0, 4, 434.01, 132367, 187, 1, 0
310, 0, 19, 237, 200, 12, 45.95%, 1, 0, 4, 459.60, 134796, 187, 1, 0
315, 0, 19, 239, 202, 12, 45.95%, 1, 0, 4, 435.12, 136983, 187, 1, 0
320, 0, 16, 239, 199, 10, 45.95%, 1, 0, 4, 447.73, 139163, 187, 1, 0
325, 0, 136, 242, 199, 8, 45.95%, 1, 0, 4, 446.74, 141571, 187, 1, 0
330, 0, 21, 242, 195, 4, 45.95%, 1, 0, 4, 439.39, 143753, 187, 1, 0
335, 0, 207, 242, 192, 2, 45.95%, 1, 0, 4, 428.66, 145897, 187, 1, 0
341, 0, 216, 244, 190, 1, 45.95%, 1, 0, 4, 445.81, 148122, 187, 1, 0
346, 0, 212, 244, 186, 1, 45.95%, 1, 0, 4, 438.70, 150361, 187, 1, 0
351, 0, 106, 248, 188, 0, 45.95%, 1, 0, 4, 435.01, 152554, 187, 1, 0
356, 0, 81, 248, 186, 0, 45.95%, 1, 0, 4, 414.62, 154631, 187, 1, 0
361, 0, 250, 251, 187, 1, 45.95%, 1, 0, 4, 367.20, 156435, 187, 1, 0
366, 0, 190, 252, 187, 0, 45.95%, 1, 0, 5, 418.26, 158535, 187, 1, 0
371, 0, 75, 254, 187, 0, 45.95%, 1, 0, 5, 420.54, 160615, 187, 1, 0
376, 0, 237, 260, 193, 0, 45.95%, 1, 0, 5, 416.75, 162733, 187, 1, 0
381, 0, 237, 260, 193, 0, 45.95%, 1, 0, 5, 402.81, 164797, 187, 1, 0
386, 0, 225, 262, 192, 0, 45.95%, 1, 0, 5, 441.45, 167068, 187, 1, 0
391, 0, 250, 264, 190, 0, 45.95%, 1, 0, 5, 431.46, 169238, 187, 1, 0
396, 0, 139, 264, 188, 0, 45.95%, 1, 0, 5, 423.47, 171421, 187, 1, 0
401, 0, 264, 266, 189, 1, 46.19%, 1, 0, 5, 424.28, 173626, 188, 1, 0
406, 0, 197, 269, 189, 0, 46.19%, 1, 0, 5, 383.68, 175558, 188, 1, 0
411, 0, 197, 270, 190, 0, 46.19%, 1, 0, 5, 318.90, 176984, 188, 1, 0
417, 0, 197, 271, 191, 0, 46.19%, 1, 0, 5, 320.41, 178647, 188, 1, 0
422, 0, 197, 271, 191, 0, 46.19%, 1, 0, 5, 302.56, 180165, 188, 1, 0
427, 0, 270, 271, 191, 0, 46.19%, 1, 0, 5, 345.19, 181867, 188, 1, 0
432, 0, 95, 272, 189, 0, 46.19%, 1, 0, 5, 405.03, 184009, 188, 1, 0
437, 0, 25, 273, 188, 0, 46.19%, 1, 0, 5, 419.12, 186194, 188, 1, 0
442, 0, 267, 274, 188, 0, 46.19%, 1, 0, 5, 432.76, 188391, 188, 1, 0
447, 0, 16, 276, 188, 0, 46.19%, 1, 0, 5, 445.54, 190599, 188, 1, 0
452, 0, 16, 277, 187, 0, 46.19%, 1, 0, 5, 411.59, 192653, 188, 1, 0
457, 0, 250, 278, 185, 0, 46.19%, 1, 0, 5, 416.41, 194771, 188, 1, 0
462, 0, 53, 279, 185, 0, 46.19%, 1, 0, 5, 435.25, 197002, 188, 1, 0
467, 0, 257, 279, 182, 0, 46.19%, 1, 0, 5, 430.91, 199190, 188, 1, 0
472, 0, 30, 279, 180, 0, 46.19%, 1, 0, 5, 424.53, 201369, 188, 1, 0
477, 0, 258, 279, 178, 0, 46.19%, 1, 0, 5, 406.43, 203401, 188, 1, 0
482, 0, 50, 279, 177, 0, 46.19%, 1, 0, 5, 419.17, 205494, 188, 1, 0
488, 0, 258, 282, 179, 0, 46.19%, 1, 0, 5, 398.19, 207514, 188, 1, 0
493, 0, 261, 283, 179, 0, 46.19%, 1, 0, 5, 425.51, 209726, 188, 1, 0
498, 0, 187, 284, 178, 0, 46.19%, 1, 0, 5, 420.18, 211755, 188, 1, 0
503, 0, 91, 284, 177, 0, 46.19%, 1, 0, 5, 436.98, 214056, 188, 1, 0
508, 0, 95, 284, 175, 0, 46.19%, 1, 0, 5, 410.08, 216065, 188, 1, 0
513, 0, 284, 285, 175, 1, 46.19%, 1, 0, 5, 423.23, 218177, 188, 1, 0
518, 0, 287, 288, 176, 1, 46.19%, 1, 0, 5, 395.93, 220197, 188, 1, 0
523, 0, 244, 289, 175, 0, 46.19%, 1, 0, 5, 387.60, 222173, 188, 1, 0
528, 0, 75, 289, 175, 0, 46.19%, 1, 0, 5, 383.83, 224113, 188, 1, 0
533, 0, 197, 289, 174, 0, 46.19%, 1, 0, 5, 402.61, 226277, 188, 1, 0
538, 0, 143, 290, 174, 0, 46.19%, 1, 0, 5, 399.17, 228238, 188, 1, 0
543, 0, 276, 290, 172, 0, 46.19%, 1, 0, 5, 430.36, 230377, 188, 1, 0
548, 0, 276, 294, 176, 0, 46.19%, 1, 0, 5, 426.11, 232567, 188, 1, 0
553, 0, 269, 294, 175, 0, 46.19%, 1, 0, 5, 420.99, 234739, 188, 1, 0
558, 0, 257, 296, 176, 0, 46.19%, 1, 0, 5, 398.96, 236711, 188, 1, 0
564, 0, 292, 298, 177, 0, 46.19%, 1, 0, 5, 433.56, 238966, 188, 1, 0
569, 0, 219, 298, 175, 0, 46.19%, 1, 0, 5, 385.59, 240952, 188, 1, 0
574, 1, 210, 303, 178, 0, 46.19%, 1, 0, 5, 402.49, 243035, 188, 1, 0
579, 1, 210, 308, 183, 0, 46.93%, 1, 0, 5, 435.51, 245206, 191, 1, 0
584, 1, 210, 308, 183, 0, 46.93%, 1, 0, 5, 421.05, 247350, 191, 1, 0
589, 1, 210, 309, 184, 0, 46.93%, 1, 0, 5, 444.73, 249677, 191, 1, 0
594, 1, 304, 310, 184, 1, 46.93%, 1, 0, 5, 438.59, 251884, 191, 1, 0
599, 1, 170, 311, 183, 0, 46.93%, 1, 0, 5, 413.67, 254000, 191, 1, 0
605, 1, 205, 312, 180, 0, 47.17%, 1, 0, 5, 409.73, 256134, 192, 1, 0
610, 1, 72, 313, 179, 0, 47.17%, 1, 0, 5, 433.24, 258271, 192, 1, 0
615, 1, 303, 316, 178, 0, 47.17%, 1, 0, 5, 434.11, 260536, 192, 1, 0
620, 1, 158, 316, 176, 0, 47.17%, 1, 0, 5, 399.26, 262518, 192, 1, 0
625, 1, 316, 321, 179, 1, 47.91%, 1, 0, 5, 389.76, 264582, 195, 1, 0
630, 1, 227, 321, 176, 0, 47.91%, 1, 0, 5, 434.18, 266747, 195, 1, 0
635, 1, 0, 321, 173, 0, 47.91%, 1, 0, 5, 405.85, 268720, 195, 1, 0
640, 1, 92, 322, 171, 0, 48.40%, 1, 0, 5, 428.08, 270927, 197, 1, 0
645, 1, 291, 323, 169, 0, 48.40%, 1, 0, 5, 416.52, 273031, 197, 1, 0
650, 1, 283, 324, 166, 0, 48.40%, 1, 0, 6, 430.57, 275245, 197, 1, 0
655, 1, 312, 326, 167, 0, 48.40%, 1, 0, 6, 398.14, 277291, 197, 1, 0
660, 1, 312, 331, 172, 0, 48.40%, 1, 0, 6, 403.52, 279318, 197, 1, 0
665, 1, 312, 333, 174, 0, 48.40%, 1, 0, 6, 400.98, 281348, 197, 1, 0
671, 1, 312, 335, 176, 0, 48.40%, 1, 0, 6, 406.34, 283418, 197, 1, 0
676, 1, 312, 335, 176, 0, 48.40%, 1, 0, 6, 400.62, 285410, 197, 1, 0
681, 1, 312, 335, 176, 0, 48.40%, 1, 0, 6, 421.17, 287626, 197, 1, 0
686, 1, 312, 335, 176, 0, 48.40%, 1, 0, 6, 435.95, 289930, 197, 1, 0
691, 1, 295, 335, 173, 0, 48.40%, 1, 0, 6, 422.72, 292066, 197, 1, 0
696, 1, 328, 335, 171, 0, 48.40%, 1, 0, 6, 432.74, 294213, 197, 1, 0
701, 1, 324, 336, 169, 0, 48.40%, 1, 0, 6, 427.17, 296374, 197, 1, 0
706, 1, 334, 336, 166, 0, 48.40%, 1, 0, 6, 453.74, 298731, 197, 1, 0
711, 1, 78, 338, 165, 0, 48.40%, 1, 0, 6, 431.00, 300863, 197, 1, 0
716, 1, 333, 338, 160, 0, 48.40%, 1, 0, 6, 443.32, 303171, 197, 1, 0
721, 1, 284, 338, 158, 0, 48.40%, 1, 0, 6, 405.08, 305253, 197, 1, 0
727, 1, 32, 339, 158, 0, 48.40%, 1, 0, 6, 431.58, 307513, 197, 1, 0
732, 1, 256, 339, 156, 0, 48.40%, 1, 0, 6, 446.79, 309820, 197, 1, 0
737, 1, 48, 339, 153, 0, 48.40%, 1, 0, 6, 462.74, 312161, 197, 1, 0
742, 1, 278, 339, 151, 0, 48.40%, 1, 0, 6, 440.21, 314293, 197, 1, 0
747, 1, 185, 341, 149, 0, 48.40%, 1, 0, 6, 427.39, 316498, 197, 1, 0
752, 1, 268, 341, 147, 0, 48.40%, 1, 0, 6, 413.42, 318610, 197, 1, 0
757, 1, 306, 341, 145, 0, 48.40%, 1, 0, 6, 416.89, 320646, 197, 1, 0
762, 1, 45, 342, 144, 0, 48.40%, 1, 0, 6, 407.58, 322704, 197, 1, 0
767, 1, 287, 342, 141, 0, 48.40%, 1, 0, 6, 406.93, 324784, 197, 1, 0
772, 1, 176, 342, 139, 0, 48.40%, 1, 0, 6, 393.77, 326732, 197, 1, 0
777, 1, 339, 342, 136, 0, 48.40%, 1, 0, 6, 437.35, 328988, 197, 1, 0
782, 1, 46, 342, 133, 0, 48.40%, 1, 0, 6, 442.34, 331246, 197, 1, 0
787, 1, 23, 342, 131, 0, 48.40%, 1, 0, 6, 437.97, 333460, 197, 1, 0
793, 1, 331, 342, 129, 0, 48.40%, 1, 0, 6, 448.37, 335718, 197, 1, 0
798, 1, 342, 343, 128, 1, 48.40%, 1, 0, 6, 439.37, 337884, 197, 1, 0
803, 1, 160, 343, 124, 0, 48.40%, 1, 0, 6, 459.38, 340285, 197, 1, 0
808, 1, 52, 343, 123, 0, 48.40%, 1, 0, 6, 447.17, 342568, 197, 1, 0
813, 1, 305, 343, 121, 0, 48.40%, 1, 0, 6, 487.81, 345129, 197, 1, 0
818, 1, 221, 344, 120, 0, 48.40%, 1, 0, 6, 455.43, 347405, 197, 1, 0
823, 1, 182, 344, 118, 0, 48.40%, 1, 0, 6, 429.87, 349519, 197, 1, 0
828, 1, 118, 344, 115, 0, 48.40%, 1, 0, 6, 433.67, 351696, 197, 1, 0
833, 1, 201, 344, 112, 0, 48.40%, 1, 0, 6, 412.33, 353727, 197, 1, 0
838, 1, 64, 344, 110, 0, 48.40%, 1, 0, 6, 419.34, 355797, 197, 1, 0
844, 1, 181, 344, 108, 0, 48.40%, 1, 0, 6, 423.59, 358010, 197, 1, 0
849, 1, 25, 344, 104, 0, 48.40%, 1, 0, 6, 410.86, 360123, 197, 1, 0
854, 1, 91, 344, 102, 0, 48.40%, 1, 0, 6, 428.49, 362336, 197, 1, 0
859, 1, 101, 345, 102, 0, 48.65%, 1, 0, 6, 402.51, 364385, 198, 1, 0
864, 1, 300, 345, 99, 0, 48.65%, 1, 0, 6, 410.35, 366470, 198, 1, 0
869, 1, 172, 345, 97, 0, 48.65%, 1, 0, 6, 427.57, 368678, 198, 1, 0
874, 1, 224, 345, 95, 0, 48.65%, 1, 0, 6, 390.62, 370563, 198, 1, 0
879, 1, 290, 345, 91, 0, 48.65%, 1, 0, 6, 420.62, 372669, 198, 1, 0
884, 1, 234, 346, 90, 0, 48.65%, 1, 0, 6, 417.26, 374813, 198, 1, 0
889, 1, 175, 346, 87, 0, 48.65%, 1, 0, 6, 410.31, 376996, 198, 1, 0
894, 1, 8, 346, 85, 0, 48.65%, 1, 0, 6, 419.11, 379133, 198, 1, 0
899, 1, 259, 346, 81, 0, 48.65%, 1, 0, 6, 436.75, 381403, 198, 1, 0
902, 1, 29, 346, 80, 0, 48.65%, 1, 0, 6, 447.11, 382735, 198, 1, 0
