# relative_time, cycles_done, cur_item, corpus_count, pending_total, pending_favs, map_size, saved_crashes, saved_hangs, max_depth, execs_per_sec, total_execs, edges_found, total_crashes, servers_count
61, 0, 9, 59, 54, 4, 29.73%, 0, 0, 2, 116.23, 7261, 121, 0, 0
66, 0, 9, 59, 54, 4, 29.73%, 0, 0, 2, 126.33, 7917, 121, 0, 0
71, 0, 9, 61, 56, 4, 29.98%, 0, 0, 2, 116.26, 8521, 122, 0, 0
76, 0, 9, 63, 58, 4, 29.98%, 0, 0, 2, 137.40, 9245, 122, 0, 0
81, 0, 9, 65, 60, 4, 30.22%, 0, 0, 2, 124.07, 9845, 123, 0, 0
87, 0, 9, 65, 60, 4, 30.22%, 0, 0, 2, 130.59, 10505, 123, 0, 0
92, 0, 9, 65, 60, 4, 30.22%, 0, 0, 2, 118.21, 11075, 123, 0, 0
97, 0, 9, 66, 61, 4, 30.22%, 0, 0, 2, 119.16, 11702, 123, 0, 0
102, 0, 9, 67, 62, 4, 30.22%, 0, 0, 2, 123.11, 12353, 123, 0, 0
107, 0, 9, 67, 62, 4, 30.22%, 0, 0, 2, 116.87, 12991, 123, 0, 0
112, 0, 9, 67, 62, 4, 30.22%, 0, 0, 2, 113.37, 13546, 123, 0, 0
117, 0, 9, 68, 63, 4, 30.22%, 0, 0, 2, 120.33, 14179, 123, 0, 0
122, 0, 9, 70, 65, 4, 30.22%, 0, 0, 2, 118.69, 14819, 123, 0, 0
128, 0, 9, 71, 66, 4, 30.22%, 0, 0, 2, 105.12, 15316, 123, 0, 0
133, 0, 9, 73, 68, 4, 30.47%, 0, 0, 2, 118.58, 15912, 124, 0, 0
138, 0, 9, 73, 68, 4, 30.47%, 0, 0, 2, 117.43, 16501, 124, 0, 0
143, 0, 9, 73, 68, 4, 30.47%, 0, 0, 2, 129.06, 17147, 124, 0, 0
148, 0, 9, 74, 69, 4, 30.47%, 0, 0, 2, 118.89, 17752, 124, 0, 0
153, 0, 9, 74, 69, 4, 30.47%, 0, 0, 2, 121.98, 18384, 124, 0, 0
158, 0, 9, 74, 69, 4, 30.47%, 0, 0, 2, 130.50, 19024, 124, 0, 0
163, 0, 9, 75, 70, 4, 30.47%, 0, 0, 2, 120.17, 19609, 124, 0, 0
169, 0, 9, 77, 72, 4, 30.47%, 0, 0, 2, 130.37, 20295, 124, 0, 0
174, 0, 9, 78, 73, 4, 30.47%, 0, 0, 2, 119.14, 20926, 124, 0, 0
179, 0, 9, 78, 73, 4, 30.47%, 0, 0, 2, 128.66, 21602, 124, 0, 0
184, 0, 9, 78, 73, 4, 30.47%, 0, 0, 2, 121.29, 22221, 124, 0, 0
189, 0, 9, 78, 73, 4, 30.47%, 0, 0, 2, 127.20, 22877, 124, 0, 0
194, 0, 9, 79, 74, 4, 30.47%, 0, 0, 2, 124.63, 23502, 124, 0, 0
199, 0, 9, 79, 74, 4, 30.47%, 0, 0, 2, 134.65, 24182, 124, 0, 0
204, 0, 9, 80, 75, 4, 30.47%, 0, 0, 2, 127.43, 24807, 124, 0, 0
209, 0, 9, 80, 75, 4, 30.47%, 0, 0, 2, 136.60, 25511, 124, 0, 0
214, 0, 9, 81, 76, 4, 30.47%, 0, 0, 2, 76.98, 26129, 124, 0, 0
219, 0, 9, 81, 76, 4, 30.47%, 0, 0, 2, 109.77, 26730, 124, 0, 0
225, 0, 9, 81, 76, 4, 30.47%, 0, 0, 2, 124.95, 27390, 124, 0, 0
230, 0, 9, 81, 76, 4, 30.47%, 0, 0, 2, 114.63, 27932, 124, 0, 0
235, 0, 9, 81, 76, 4, 30.47%, 0, 0, 2, 133.78, 28620, 124, 0, 0
240, 0, 9, 82, 77, 4, 30.47%, 0, 0, 2, 106.13, 29153, 124, 0, 0
245, 0, 9, 82, 77, 4, 30.47%, 0, 0, 2, 131.42, 29853, 124, 0, 0
250, 0, 9, 82, 77, 4, 30.47%, 0, 0, 2, 125.54, 30493, 124, 0, 0
255, 0, 9, 83, 78, 4, 30.71%, 0, 0, 2, 126.68, 31146, 125, 0, 0
260, 0, 9, 83, 78, 4, 30.71%, 0, 0, 2, 142.51, 31860, 125, 0, 0
265, 0, 9, 84, 79, 4, 30.71%, 0, 0, 2, 124.48, 32505, 125, 0, 0
271, 0, 9, 84, 79, 4, 30.71%, 0, 0, 2, 119.38, 33131, 125, 0, 0
276, 0, 9, 84, 79, 4, 30.71%, 0, 0, 2, 111.04, 33707, 125, 0, 0
281, 0, 9, 84, 79, 4, 30.71%, 0, 0, 2, 117.72, 34273, 125, 0, 0
286, 0, 9, 84, 79, 4, 30.71%, 0, 0, 2, 113.03, 34843, 125, 0, 0
291, 0, 9, 84, 79, 4, 30.71%, 0, 0, 2, 122.73, 35477, 125, 0, 0
296, 0, 9, 84, 79, 4, 30.71%, 0, 0, 2, 117.69, 36063, 125, 0, 0
301, 0, 9, 84, 79, 4, 30.71%, 0, 0, 2, 115.09, 36667, 125, 0, 0
306, 0, 9, 84, 79, 4, 30.71%, 0, 0, 2, 120.28, 37255, 125, 0, 0
311, 0, 9, 84, 79, 4, 30.71%, 0, 0, 2, 115.26, 37855, 125, 0, 0
316, 0, 9, 84, 79, 4, 30.71%, 0, 0, 2, 122.72, 38501, 125, 0, 0
321, 0, 9, 84, 79, 4, 30.71%, 0, 0, 2, 120.03, 39077, 125, 0, 0
326, 0, 9, 84, 79, 4, 30.71%, 0, 0, 2, 126.14, 39731, 125, 0, 0
332, 0, 9, 84, 79, 4, 30.71%, 0, 0, 2, 115.29, 40291, 125, 0, 0
337, 0, 9, 84, 79, 4, 30.71%, 0, 0, 2, 118.74, 40899, 125, 0, 0
342, 0, 9, 84, 79, 4, 30.71%, 0, 0, 2, 121.48, 41525, 125, 0, 0
347, 0, 9, 84, 79, 4, 30.71%, 0, 0, 2, 114.65, 42101, 125, 0, 0
352, 0, 9, 85, 80, 4, 30.71%, 0, 0, 2, 122.11, 42758, 125, 0, 0
357, 0, 9, 86, 81, 4, 30.71%, 0, 0, 2, 113.59, 43337, 125, 0, 0
362, 0, 9, 87, 82, 4, 30.71%, 0, 0, 2, 120.03, 43978, 125, 0, 0
368, 0, 9, 87, 82, 4, 30.71%, 0, 0, 2, 119.54, 44616, 125, 0, 0
373, 0, 9, 87, 82, 4, 30.71%, 0, 0, 2, 114.30, 45196, 125, 0, 0
378, 0, 9, 87, 82, 4, 30.71%, 0, 0, 2, 109.94, 45750, 125, 0, 0
383, 0, 9, 87, 82, 4, 30.71%, 0, 0, 2, 106.73, 46328, 125, 0, 0
388, 0, 9, 88, 83, 4, 30.71%, 0, 0, 2, 110.41, 46887, 125, 0, 0
393, 0, 9, 88, 83, 4, 30.71%, 0, 0, 2, 133.39, 47567, 125, 0, 0
398, 0, 9, 88, 83, 4, 30.71%, 0, 0, 2, 118.43, 48165, 125, 0, 0
403, 0, 9, 88, 83, 4, 30.71%, 0, 0, 2, 128.39, 48859, 125, 0, 0
408, 0, 9, 88, 83, 4, 30.71%, 0, 0, 2, 118.78, 49447, 125, 0, 0
414, 0, 9, 88, 83, 4, 30.71%, 0, 0, 2, 103.66, 50005, 125, 0, 0
419, 0, 9, 88, 83, 4, 30.71%, 0, 0, 2, 117.66, 50619, 125, 0, 0
424, 0, 9, 88, 83, 4, 30.71%, 0, 0, 2, 122.38, 51245, 125, 0, 0
429, 0, 9, 88, 83, 4, 30.71%, 0, 0, 2, 121.95, 51863, 125, 0, 0
434, 0, 9, 88, 83, 4, 30.71%, 0, 0, 2, 114.69, 52449, 125, 0, 0
439, 0, 9, 88, 83, 4, 30.71%, 0, 0, 2, 111.72, 53005, 125, 0, 0
444, 0, 9, 88, 83, 4, 30.71%, 0, 0, 2, 116.82, 53607, 125, 0, 0
449, 0, 9, 90, 85, 4, 30.71%, 0, 0, 2, 107.72, 54118, 125, 0, 0
454, 0, 60, 120, 114, 31, 35.14%, 0, 0, 2, 109.84, 54713, 143, 0, 0
459, 0, 60, 121, 115, 31, 35.14%, 0, 0, 3, 105.60, 55224, 143, 0, 0
465, 0, 12, 123, 114, 30, 35.63%, 0, 0, 3, 119.40, 55828, 145, 0, 0
470, 0, 122, 123, 110, 26, 35.63%, 0, 0, 3, 112.46, 56382, 145, 0, 0
475, 0, 20, 123, 109, 25, 35.63%, 0, 0, 3, 124.33, 57016, 145, 0, 0
480, 0, 94, 123, 108, 24, 35.63%, 0, 0, 3, 111.67, 57576, 145, 0, 0
485, 0, 94, 127, 112, 24, 36.36%, 0, 0, 3, 96.72, 58097, 148, 0, 0
490, 0, 94, 129, 114, 24, 36.36%, 1, 0, 3, 110.38, 58679, 148, 1, 0
495, 0, 91, 129, 113, 25, 36.36%, 1, 0, 3, 117.27, 59291, 148, 1, 0
501, 0, 91, 129, 113, 25, 36.36%, 1, 0, 3, 138.30, 59995, 148, 1, 0
506, 0, 23, 129, 112, 24, 36.36%, 1, 0, 3, 133.26, 60665, 148, 1, 0
511, 0, 63, 129, 111, 23, 36.36%, 1, 0, 3, 128.47, 61311, 148, 1, 0
516, 0, 63, 133, 115, 23, 36.36%, 1, 0, 3, 121.12, 61922, 148, 1, 0
521, 0, 63, 134, 116, 23, 36.36%, 1, 0, 3, 136.29, 62527, 148, 1, 0
526, 0, 63, 134, 116, 23, 36.36%, 1, 0, 3, 118.57, 63107, 148, 1, 0
531, 0, 63, 134, 116, 23, 36.36%, 1, 0, 3, 107.09, 63651, 148, 1, 0
536, 0, 63, 135, 117, 23, 36.36%, 1, 0, 3, 115.65, 64282, 148, 1, 0
542, 0, 63, 135, 117, 23, 36.36%, 1, 0, 3, 106.41, 64840, 148, 1, 0
547, 0, 63, 137, 119, 23, 36.36%, 1, 0, 3, 125.45, 65518, 148, 1, 0
552, 0, 63, 138, 120, 23, 36.36%, 1, 0, 3, 120.00, 66141, 148, 1, 0
557, 0, 63, 139, 121, 23, 36.36%, 1, 0, 3, 129.01, 66794, 148, 1, 0
562, 0, 63, 140, 122, 23, 36.36%, 1, 0, 3, 107.54, 67289, 148, 1, 0
567, 0, 63, 140, 122, 23, 36.36%, 1, 0, 3, 109.04, 67857, 148, 1, 0
572, 0, 63, 140, 122, 23, 36.36%, 1, 0, 3, 114.02, 68433, 148, 1, 0
577, 0, 63, 141, 123, 23, 36.36%, 1, 0, 3, 115.61, 69028, 148, 1, 0
582, 0, 63, 141, 123, 23, 36.36%, 1, 0, 3, 111.80, 69620, 148, 1, 0
587, 0, 63, 141, 123, 23, 36.36%, 1, 0, 3, 109.24, 70158, 148, 1, 0
593, 0, 63, 141, 123, 23, 36.36%, 1, 0, 3, 133.85, 70836, 148, 1, 0
598, 0, 63, 141, 123, 23, 36.36%, 1, 0, 3, 111.33, 71378, 148, 1, 0
603, 0, 63, 142, 124, 23, 36.36%, 1, 0, 3, 114.59, 71965, 148, 1, 0
608, 0, 63, 142, 124, 23, 36.36%, 1, 0, 3, 113.25, 72513, 148, 1, 0
613, 0, 63, 142, 124, 23, 36.36%, 1, 0, 3, 125.19, 73151, 148, 1, 0
618, 0, 63, 143, 125, 23, 36.36%, 1, 0, 3, 124.46, 73760, 148, 1, 0
623, 0, 3, 143, 124, 23, 36.36%, 1, 0, 3, 119.96, 74352, 148, 1, 0
628, 0, 3, 143, 124, 23, 36.36%, 1, 0, 3, 119.42, 74968, 148, 1, 0
633, 0, 126, 143, 123, 22, 36.36%, 1, 0, 3, 120.54, 75478, 148, 1, 0
639, 0, 126, 143, 123, 22, 36.36%, 1, 0, 3, 125.85, 76130, 148, 1, 0
644, 0, 126, 146, 126, 22, 36.36%, 1, 0, 3, 125.33, 76767, 148, 1, 0
649, 0, 126, 154, 134, 22, 37.10%, 1, 0, 3, 108.88, 77296, 151, 1, 0
654, 0, 126, 157, 137, 22, 37.10%, 1, 0, 3, 119.55, 77917, 151, 1, 0
659, 0, 126, 159, 139, 22, 37.10%, 1, 0, 3, 124.33, 78554, 151, 1, 0
664, 0, 126, 159, 139, 22, 37.10%, 1, 0, 3, 116.16, 79131, 151, 1, 0
669, 0, 126, 159, 139, 22, 37.10%, 1, 0, 3, 126.02, 79771, 151, 1, 0
674, 0, 126, 159, 139, 22, 37.10%, 1, 0, 3, 121.16, 80373, 151, 1, 0
679, 0, 126, 160, 140, 22, 37.10%, 1, 0, 3, 121.26, 80994, 151, 1, 0
685, 0, 126, 161, 141, 22, 37.10%, 1, 0, 3, 124.80, 81625, 151, 1, 0
690, 0, 126, 161, 141, 22, 37.10%, 1, 0, 3, 125.98, 82269, 151, 1, 0
695, 0, 126, 161, 141, 22, 37.10%, 1, 0, 3, 132.33, 82973, 151, 1, 0
700, 0, 126, 161, 141, 22, 37.10%, 1, 0, 3, 122.50, 83581, 151, 1, 0
705, 0, 126, 161, 141, 22, 37.10%, 1, 0, 3, 115.59, 84149, 151, 1, 0
710, 0, 126, 161, 141, 22, 37.10%, 1, 0, 3, 119.57, 84799, 151, 1, 0
715, 0, 126, 161, 141, 22, 37.10%, 1, 0, 3, 202.76, 85719, 151, 1, 0
720, 0, 126, 161, 141, 22, 37.10%, 1, 0, 3, 468.81, 88551, 151, 1, 0
726, 0, 126, 161, 141, 22, 37.10%, 1, 0, 3, 484.30, 90981, 151, 1, 0
731, 0, 126, 162, 142, 22, 37.10%, 1, 0, 3, 476.28, 93364, 151, 1, 0
736, 0, 126, 163, 143, 22, 37.10%, 1, 0, 3, 484.50, 95846, 151, 1, 0
741, 0, 126, 163, 143, 22, 37.10%, 1, 0, 3, 498.18, 98333, 151, 1, 0
746, 0, 126, 163, 143, 22, 37.10%, 1, 0, 3, 468.89, 100652, 151, 1, 0
751, 0, 126, 163, 143, 22, 37.10%, 1, 0, 3, 488.11, 103145, 151, 1, 0
756, 0, 126, 164, 144, 22, 37.10%, 1, 0, 3, 465.29, 105531, 151, 1, 0
761, 0, 126, 165, 145, 22, 38.82%, 1, 0, 3, 471.48, 107893, 158, 1, 0
766, 0, 126, 166, 146, 22, 39.07%, 1, 0, 3, 472.99, 110258, 159, 1, 0
771, 0, 126, 167, 147, 22, 39.07%, 1, 0, 3, 463.39, 112605, 159, 1, 0
776, 0, 126, 168, 148, 22, 39.07%, 1, 0, 3, 478.59, 115006, 159, 1, 0
781, 0, 170, 171, 149, 20, 39.31%, 1, 0, 4, 495.82, 117541, 160, 1, 0
786, 0, 0, 172, 148, 18, 39.31%, 1, 0, 4, 509.30, 120255, 160, 1, 0
792, 0, 69, 176, 149, 15, 39.31%, 1, 0, 4, 490.24, 122670, 160, 1, 0
797, 0, 69, 178, 151, 15, 39.31%, 1, 0, 4, 483.39, 125195, 160, 1, 0
802, 0, 69, 179, 152, 15, 39.31%, 1, 0, 4, 471.23, 127605, 160, 1, 0
807, 0, 69, 180, 153, 15, 39.31%, 1, 0, 4, 488.63, 130042, 160, 1, 0
812, 0, 178, 181, 152, 14, 39.31%, 1, 0, 4, 474.06, 132428, 160, 1, 0
817, 0, 164, 186, 156, 13, 39.31%, 1, 0, 4, 492.23, 134931, 160, 1, 0
822, 0, 164, 190, 160, 13, 39.31%, 1, 0, 4, 464.49, 137308, 160, 1, 0
827, 0, 164, 190, 160, 13, 39.31%, 1, 0, 4, 469.93, 139738, 160, 1, 0
833, 0, 164, 193, 163, 13, 39.31%, 1, 0, 4, 470.27, 142171, 160, 1, 0
838, 0, 164, 194, 164, 13, 39.31%, 1, 0, 4, 485.06, 144653, 160, 1, 0
843, 0, 164, 197, 167, 13, 39.31%, 1, 0, 4, 495.17, 147204, 160, 1, 0
848, 0, 164, 199, 169, 13, 39.31%, 1, 0, 4, 432.26, 149358, 160, 1, 0
853, 0, 164, 200, 170, 13, 39.31%, 1, 0, 4, 436.17, 151581, 160, 1, 0
858, 0, 164, 201, 171, 13, 39.31%, 1, 0, 4, 455.10, 153891, 160, 1, 0
863, 0, 164, 202, 172, 13, 39.31%, 1, 0, 4, 463.18, 156193, 160, 1, 0
868, 0, 164, 202, 172, 13, 39.31%, 1, 0, 4, 497.75, 158713, 160, 1, 0
873, 0, 164, 203, 173, 13, 39.31%, 1, 0, 4, 482.30, 161186, 160, 1, 0
878, 0, 164, 203, 173, 13, 39.31%, 1, 0, 4, 466.17, 163517, 160, 1, 0
883, 0, 164, 205, 175, 13, 39.31%, 1, 0, 4, 472.76, 165916, 160, 1, 0
888, 0, 164, 206, 176, 13, 39.80%, 1, 0, 4, 499.53, 168479, 162, 1, 0
893, 0, 164, 208, 178, 13, 39.80%, 1, 0, 4, 470.40, 170869, 162, 1, 0
898, 0, 164, 209, 179, 13, 39.80%, 1, 0, 4, 460.56, 173207, 162, 1, 0
900, 0, 164, 209, 179, 13, 39.80%, 1, 0, 4, 434.91, 173695, 162, 1, 0
