# relative_time, cycles_done, cur_item, corpus_count, pending_total, pending_favs, map_size, saved_crashes, saved_hangs, max_depth, execs_per_sec, total_execs, edges_found, total_crashes, servers_count
61, 0, 9, 85, 80, 4, 30.71%, 0, 0, 2, 441.24, 28547, 125, 0, 0
66, 0, 9, 86, 81, 4, 30.71%, 0, 0, 2, 418.94, 30538, 125, 0, 0
71, 0, 9, 87, 82, 4, 30.71%, 0, 0, 2, 432.10, 32713, 125, 0, 0
76, 0, 9, 87, 82, 4, 30.71%, 0, 0, 2, 418.11, 34841, 125, 0, 0
81, 0, 9, 88, 83, 4, 30.71%, 0, 0, 2, 427.97, 37016, 125, 0, 0
86, 0, 9, 88, 83, 4, 30.71%, 0, 0, 2, 414.35, 39136, 125, 0, 0
91, 0, 9, 88, 83, 4, 30.71%, 0, 0, 2, 418.06, 41312, 125, 0, 0
96, 0, 9, 88, 83, 4, 30.71%, 0, 0, 2, 428.19, 43504, 125, 0, 0
101, 0, 9, 89, 84, 4, 30.71%, 0, 0, 2, 391.31, 45489, 125, 0, 0
106, 0, 9, 89, 84, 4, 30.71%, 0, 0, 2, 401.26, 47543, 125, 0, 0
112, 0, 9, 90, 85, 4, 30.71%, 0, 0, 2, 393.87, 49584, 125, 0, 0
117, 0, 9, 90, 85, 4, 30.71%, 0, 0, 2, 414.47, 51758, 125, 0, 0
122, 0, 9, 90, 85, 4, 30.71%, 0, 0, 2, 436.02, 53966, 125, 0, 0
127, 0, 22, 126, 120, 26, 32.19%, 0, 0, 3, 397.48, 55969, 131, 0, 0
132, 0, 3, 128, 114, 19, 32.92%, 0, 0, 3, 420.02, 58065, 134, 0, 0
137, 0, 96, 128, 112, 18, 32.92%, 0, 0, 3, 424.43, 60204, 134, 0, 0
142, 0, 0, 129, 111, 17, 32.92%, 0, 0, 3, 417.40, 62324, 134, 0, 0
147, 0, 27, 130, 108, 14, 33.91%, 0, 0, 3, 419.55, 64544, 138, 0, 0
152, 0, 29, 136, 113, 13, 33.91%, 0, 0, 3, 412.16, 66544, 138, 0, 0
157, 0, 120, 136, 109, 9, 33.91%, 0, 0, 3, 424.43, 68708, 138, 0, 0
162, 0, 90, 137, 107, 6, 33.91%, 0, 0, 3, 424.83, 70854, 138, 0, 0
167, 0, 90, 137, 107, 6, 33.91%, 0, 0, 3, 398.79, 72878, 138, 0, 0
173, 0, 129, 137, 106, 5, 33.91%, 0, 0, 3, 398.06, 74949, 138, 0, 0
178, 0, 102, 139, 103, 1, 34.15%, 0, 0, 3, 424.25, 77103, 139, 0, 0
183, 0, 110, 143, 105, 0, 34.89%, 0, 0, 3, 437.52, 79295, 142, 0, 0
188, 0, 110, 145, 107, 0, 34.89%, 0, 0, 3, 453.95, 81653, 142, 0, 0
193, 0, 110, 145, 107, 0, 34.89%, 0, 0, 3, 428.44, 83805, 142, 0, 0
198, 0, 110, 145, 107, 0, 34.89%, 0, 0, 3, 443.82, 86109, 142, 0, 0
203, 0, 110, 145, 107, 0, 34.89%, 0, 0, 3, 415.77, 88133, 142, 0, 0
208, 0, 146, 150, 109, 1, 34.89%, 0, 0, 4, 469.27, 90492, 142, 0, 0
213, 0, 146, 158, 117, 1, 34.89%, 0, 0, 4, 437.59, 92643, 142, 0, 0
218, 0, 146, 160, 119, 1, 34.89%, 0, 0, 4, 435.17, 94817, 142, 0, 0
223, 0, 146, 162, 121, 1, 35.14%, 0, 0, 4, 431.06, 96943, 143, 0, 0
228, 0, 146, 162, 121, 1, 35.14%, 0, 0, 4, 428.43, 99119, 143, 0, 0
233, 0, 146, 163, 122, 1, 35.14%, 0, 0, 4, 421.78, 101222, 143, 0, 0
238, 0, 160, 164, 122, 1, 35.14%, 0, 0, 4, 421.44, 103394, 143, 0, 0
244, 0, 117, 168, 124, 0, 35.14%, 0, 0, 4, 436.82, 105718, 143, 0, 0
249, 0, 117, 169, 125, 0, 35.14%, 0, 0, 4, 405.54, 107725, 143, 0, 0
254, 0, 117, 170, 126, 0, 35.14%, 0, 0, 4, 443.85, 110060, 143, 0, 0
259, 0, 117, 170, 126, 0, 35.14%, 0, 0, 4, 461.13, 112401, 143, 0, 0
264, 0, 63, 170, 124, 0, 35.14%, 0, 0, 4, 460.67, 114708, 143, 0, 0
269, 0, 70, 171, 121, 0, 35.63%, 0, 0, 4, 462.31, 117074, 145, 0, 0
274, 0, 155, 172, 117, 0, 35.63%, 0, 0, 4, 450.00, 119377, 145, 0, 0
279, 0, 47, 173, 115, 0, 35.63%, 0, 0, 4, 445.49, 121580, 145, 0, 0
284, 0, 143, 174, 111, 0, 35.63%, 0, 0, 4, 424.00, 123667, 145, 0, 0
289, 0, 173, 176, 111, 0, 35.63%, 0, 0, 5, 421.39, 125746, 145, 0, 0
295, 0, 16, 177, 110, 0, 35.63%, 0, 0, 5, 430.74, 127984, 145, 0, 0
300, 0, 47, 177, 106, 0, 35.63%, 0, 0, 5, 431.08, 130123, 145, 0, 0
305, 0, 153, 178, 104, 0, 35.63%, 0, 0, 5, 419.01, 132305, 145, 0, 0
310, 0, 98, 179, 104, 0, 35.63%, 0, 0, 5, 415.99, 134395, 145, 0, 0
315, 1, 170, 180, 99, 0, 35.63%, 0, 0, 5, 418.37, 136534, 145, 0, 0
320, 1, 124, 180, 96, 0, 35.63%, 0, 0, 5, 410.90, 138611, 145, 0, 0
325, 1, 94, 180, 92, 0, 35.63%, 0, 0, 5, 360.10, 140544, 145, 0, 0
330, 1, 137, 183, 91, 0, 35.63%, 0, 0, 6, 389.46, 142550, 145, 0, 0
335, 1, 157, 184, 86, 0, 35.63%, 0, 0, 6, 401.36, 144644, 145, 0, 0
340, 1, 157, 186, 88, 0, 35.63%, 0, 0, 6, 401.16, 146682, 145, 0, 0
345, 1, 20, 186, 84, 0, 35.63%, 0, 0, 6, 443.28, 148886, 145, 0, 0
350, 1, 99, 186, 81, 0, 35.63%, 0, 0, 6, 447.02, 151166, 145, 0, 0
355, 1, 183, 186, 79, 0, 35.63%, 0, 0, 6, 429.04, 153318, 145, 0, 0
360, 1, 152, 186, 73, 0, 35.63%, 0, 0, 6, 431.49, 155508, 145, 0, 0
366, 1, 28, 186, 69, 0, 35.63%, 0, 0, 6, 414.31, 157639, 145, 0, 0
371, 1, 7, 187, 67, 0, 35.87%, 0, 0, 6, 425.55, 159831, 146, 0, 0
376, 1, 187, 189, 67, 2, 36.61%, 0, 0, 6, 433.30, 161958, 149, 0, 0
381, 1, 60, 189, 62, 0, 36.61%, 0, 0, 6, 425.46, 164082, 149, 0, 0
386, 1, 140, 190, 58, 0, 36.61%, 0, 0, 6, 429.98, 166233, 149, 0, 0
391, 1, 190, 191, 53, 1, 36.61%, 0, 0, 6, 476.13, 168582, 149, 0, 0
396, 1, 63, 194, 54, 0, 36.61%, 0, 0, 6, 427.84, 170683, 149, 0, 0
401, 1, 192, 194, 52, 0, 36.61%, 0, 0, 6, 441.06, 172921, 149, 0, 0
406, 1, 144, 195, 49, 0, 36.61%, 0, 0, 6, 498.54, 175604, 149, 0, 0
412, 1, 164, 195, 43, 0, 36.61%, 0, 0, 6, 456.24, 177822, 149, 0, 0
417, 1, 124, 196, 40, 0, 36.61%, 0, 0, 6, 472.71, 180144, 149, 0, 0
422, 1, 89, 196, 37, 0, 36.61%, 0, 0, 6, 466.21, 182642, 149, 0, 0
427, 1, 8, 196, 34, 0, 36.61%, 0, 0, 6, 481.01, 185187, 149, 0, 0
432, 1, 31, 196, 31, 0, 36.61%, 0, 0, 6, 502.00, 187580, 149, 0, 0
437, 2, 230, 248, 82, 13, 41.28%, 0, 0, 6, 517.18, 190120, 168, 0, 0
442, 2, 218, 248, 79, 10, 41.28%, 0, 0, 6, 546.29, 192940, 168, 0, 0
447, 2, 245, 248, 76, 8, 41.28%, 0, 0, 6, 493.55, 195262, 168, 0, 0
452, 2, 235, 248, 74, 6, 41.28%, 0, 0, 6, 467.95, 197495, 168, 0, 0
457, 2, 216, 248, 70, 3, 41.28%, 0, 0, 6, 465.90, 199887, 168, 0, 0
462, 2, 225, 248, 68, 1, 41.28%, 0, 0, 6, 431.86, 202084, 168, 0, 0
467, 2, 210, 248, 66, 0, 41.28%, 0, 0, 6, 418.80, 204168, 168, 0, 0
472, 2, 233, 248, 62, 0, 41.28%, 0, 0, 6, 416.27, 206261, 168, 0, 0
478, 2, 15, 248, 59, 0, 41.28%, 0, 0, 6, 450.18, 208604, 168, 0, 0
483, 2, 222, 248, 57, 0, 41.28%, 0, 0, 6, 412.15, 210663, 168, 0, 0
488, 2, 212, 250, 58, 0, 41.52%, 0, 0, 6, 385.58, 212626, 169, 0, 0
493, 2, 228, 250, 57, 0, 41.52%, 0, 0, 6, 408.28, 214743, 169, 0, 0
498, 2, 193, 250, 55, 0, 41.52%, 0, 0, 6, 426.84, 216942, 169, 0, 0
503, 2, 244, 250, 53, 0, 41.52%, 0, 0, 6, 435.48, 219120, 169, 0, 0
508, 2, 248, 250, 51, 0, 41.52%, 0, 0, 6, 443.30, 221402, 169, 0, 0
513, 2, 101, 250, 49, 0, 41.52%, 0, 0, 6, 457.09, 223695, 169, 0, 0
518, 2, 202, 250, 48, 0, 41.52%, 0, 0, 6, 408.34, 225698, 169, 0, 0
523, 2, 212, 250, 44, 0, 41.52%, 0, 0, 6, 430.35, 227890, 169, 0, 0
528, 2, 239, 250, 43, 0, 41.52%, 0, 0, 6, 431.65, 230064, 169, 0, 0
533, 2, 211, 250, 42, 0, 41.52%, 0, 0, 6, 403.20, 232102, 169, 0, 0
538, 2, 78, 250, 38, 0, 41.52%, 0, 0, 6, 422.07, 234283, 169, 0, 0
544, 2, 245, 250, 35, 0, 41.52%, 0, 0, 6, 411.20, 236340, 169, 0, 0
549, 2, 226, 250, 32, 0, 41.52%, 0, 0, 6, 415.35, 238491, 169, 0, 0
554, 2, 204, 250, 31, 0, 41.52%, 0, 0, 6, 411.21, 240583, 169, 0, 0
559, 2, 227, 250, 28, 0, 41.52%, 0, 0, 6, 412.54, 242743, 169, 0, 0
564, 2, 249, 250, 26, 0, 41.52%, 0, 0, 6, 434.62, 244945, 169, 0, 0
569, 2, 197, 251, 24, 0, 41.52%, 0, 0, 6, 442.63, 247210, 169, 0, 0
574, 2, 241, 251, 23, 0, 41.52%, 0, 0, 6, 457.44, 249551, 169, 0, 0
579, 2, 103, 251, 21, 0, 41.52%, 0, 0, 6, 429.85, 251747, 169, 0, 0
584, 2, 245, 251, 19, 0, 41.52%, 0, 0, 6, 431.29, 253903, 169, 0, 0
589, 2, 54, 251, 19, 0, 41.52%, 0, 0, 6, 403.10, 255887, 169, 0, 0
595, 2, 247, 251, 18, 0, 41.52%, 0, 0, 6, 421.44, 258023, 169, 0, 0
600, 2, 213, 251, 15, 0, 41.52%, 0, 0, 6, 406.46, 260088, 169, 0, 0
605, 2, 212, 252, 13, 0, 41.52%, 1, 0, 6, 387.50, 262026, 169, 1, 0
610, 2, 216, 252, 12, 0, 41.52%, 1, 0, 6, 411.30, 264145, 169, 1, 0
615, 2, 209, 252, 12, 0, 41.52%, 1, 0, 6, 405.68, 266178, 169, 1, 0
620, 3, 253, 261, 19, 0, 41.77%, 1, 0, 6, 420.51, 268365, 170, 1, 0
625, 3, 212, 261, 17, 0, 41.77%, 1, 0, 6, 433.15, 270520, 170, 1, 0
630, 3, 212, 261, 15, 0, 41.77%, 1, 0, 6, 406.47, 272554, 170, 1, 0
635, 3, 260, 261, 15, 0, 41.77%, 1, 0, 6, 404.08, 274619, 170, 1, 0
640, 3, 256, 261, 13, 0, 41.77%, 1, 0, 6, 427.94, 276754, 170, 1, 0
645, 3, 234, 262, 11, 0, 41.77%, 1, 0, 6, 411.94, 278788, 170, 1, 0
650, 3, 252, 262, 11, 0, 41.77%, 1, 0, 6, 416.96, 280857, 170, 1, 0
655, 3, 235, 262, 10, 0, 41.77%, 2, 0, 6, 430.22, 283055, 170, 2, 0
661, 3, 251, 262, 10, 0, 41.77%, 3, 0, 6, 439.11, 285334, 170, 4, 0
666, 3, 11, 262, 9, 0, 41.77%, 3, 0, 6, 439.16, 287500, 170, 4, 0
671, 3, 207, 262, 9, 0, 41.77%, 3, 0, 6, 413.89, 289582, 170, 4, 0
676, 3, 95, 262, 8, 0, 41.77%, 3, 0, 6, 424.18, 291790, 170, 4, 0
681, 3, 249, 262, 7, 0, 41.77%, 3, 0, 6, 445.22, 294008, 170, 4, 0
686, 3, 221, 262, 7, 0, 41.77%, 3, 0, 6, 424.54, 296167, 170, 4, 0
691, 3, 212, 262, 6, 0, 41.77%, 3, 0, 6, 414.53, 298288, 170, 4, 0
696, 3, 237, 262, 6, 0, 41.77%, 3, 0, 6, 412.54, 300389, 170, 4, 0
701, 3, 245, 262, 6, 0, 41.77%, 3, 0, 6, 391.00, 302374, 170, 4, 0
706, 3, 33, 262, 5, 0, 41.77%, 3, 0, 6, 413.60, 304478, 170, 4, 0
711, 3, 235, 262, 4, 0, 41.77%, 3, 0, 6, 390.05, 306473, 170, 4, 0
717, 3, 239, 262, 4, 0, 41.77%, 3, 0, 6, 408.60, 308590, 170, 4, 0
722, 3, 126, 262, 4, 0, 41.77%, 3, 0, 6, 430.43, 310822, 170, 4, 0
727, 4, 261, 270, 12, 0, 42.51%, 3, 0, 6, 418.79, 312949, 173, 4, 0
732, 4, 224, 270, 9, 0, 42.51%, 3, 0, 6, 428.56, 315162, 173, 4, 0
737, 4, 266, 270, 8, 0, 42.51%, 3, 0, 6, 439.32, 317402, 173, 4, 0
742, 4, 53, 270, 6, 0, 42.51%, 3, 0, 6, 419.91, 319461, 173, 4, 0
747, 4, 3, 270, 5, 0, 42.51%, 3, 0, 6, 431.11, 321612, 173, 4, 0
752, 4, 53, 270, 5, 0, 42.51%, 3, 0, 6, 432.10, 323836, 173, 4, 0
757, 4, 139, 270, 4, 0, 42.51%, 3, 0, 6, 426.37, 326042, 173, 5, 0
762, 4, 245, 270, 4, 0, 42.51%, 3, 0, 6, 417.71, 328169, 173, 5, 0
768, 4, 235, 270, 3, 0, 42.51%, 3, 0, 6, 433.72, 330370, 173, 6, 0
773, 4, 212, 270, 3, 0, 42.51%, 3, 0, 6, 404.24, 332479, 173, 6, 0
778, 4, 50, 270, 3, 0, 42.51%, 3, 0, 6, 429.70, 334736, 173, 6, 0
783, 4, 197, 270, 3, 0, 42.51%, 3, 0, 6, 409.25, 336813, 173, 9, 0
788, 4, 197, 270, 2, 0, 42.51%, 3, 0, 6, 421.17, 338834, 173, 10, 0
793, 4, 106, 270, 2, 0, 42.51%, 3, 0, 6, 414.30, 340932, 173, 10, 0
798, 4, 266, 270, 2, 0, 42.51%, 3, 0, 6, 402.07, 342980, 173, 11, 0
803, 4, 15, 270, 2, 0, 42.51%, 3, 0, 6, 404.53, 345075, 173, 11, 0
808, 4, 245, 270, 2, 0, 42.51%, 3, 0, 6, 393.09, 347035, 173, 11, 0
813, 4, 144, 270, 2, 0, 42.51%, 3, 0, 6, 428.73, 349241, 173, 11, 0
818, 5, 274, 279, 10, 0, 42.51%, 3, 0, 6, 403.45, 351264, 173, 11, 0
824, 5, 201, 279, 9, 0, 42.51%, 3, 0, 6, 404.21, 353265, 173, 11, 0
829, 5, 273, 279, 9, 0, 42.51%, 3, 0, 6, 407.85, 355381, 173, 11, 0
834, 5, 277, 279, 8, 0, 42.51%, 3, 0, 6, 399.22, 357416, 173, 11, 0
839, 5, 266, 279, 7, 0, 42.51%, 3, 0, 6, 395.31, 359417, 173, 11, 0
844, 5, 99, 279, 6, 0, 42.51%, 3, 0, 6, 419.20, 361555, 173, 11, 0
849, 5, 239, 279, 6, 0, 42.51%, 3, 0, 6, 438.72, 363701, 173, 11, 0
854, 5, 270, 279, 6, 0, 42.51%, 3, 0, 6, 398.21, 365641, 173, 11, 0
859, 5, 162, 279, 5, 0, 42.51%, 3, 0, 6, 395.44, 367576, 173, 11, 0
864, 5, 237, 279, 5, 0, 42.51%, 3, 0, 6, 411.72, 369650, 173, 11, 0
869, 5, 92, 280, 5, 0, 42.51%, 3, 0, 6, 425.54, 371881, 173, 11, 0
875, 5, 266, 280, 4, 0, 42.51%, 3, 0, 6, 409.25, 373997, 173, 11, 0
880, 5, 216, 280, 4, 0, 42.51%, 3, 0, 6, 394.68, 375966, 173, 11, 0
885, 5, 280, 281, 5, 1, 42.75%, 3, 0, 6, 407.01, 378008, 174, 11, 0
890, 5, 225, 281, 4, 0, 42.75%, 3, 0, 6, 404.35, 380034, 174, 17, 0
895, 5, 216, 281, 4, 0, 42.75%, 3, 0, 6, 423.56, 382246, 174, 17, 0
900, 5, 231, 281, 3, 0, 42.75%, 3, 0, 6, 442.55, 384514, 174, 17, 0
904, 5, 36, 281, 3, 0, 42.75%, 3, 0, 6, 66.67, 386343, 174, 17, 0
