# relative_time, cycles_done, cur_item, corpus_count, pending_total, pending_favs, map_size, saved_crashes, saved_hangs, max_depth, execs_per_sec, total_execs, edges_found, total_crashes, servers_count
60, 0, 9, 69, 64, 4, 30.71%, 0, 0, 2, 459.76, 27846, 125, 0, 0
65, 0, 9, 70, 65, 4, 31.70%, 0, 0, 2, 453.83, 30166, 129, 0, 0
71, 0, 9, 70, 65, 4, 31.70%, 0, 0, 2, 422.83, 32217, 129, 0, 0
76, 0, 9, 73, 68, 4, 31.70%, 0, 0, 2, 432.80, 34414, 129, 0, 0
81, 0, 9, 74, 69, 4, 31.70%, 0, 0, 2, 442.92, 36693, 129, 0, 0
86, 0, 9, 74, 69, 4, 31.70%, 0, 0, 2, 443.81, 38949, 129, 0, 0
91, 0, 9, 75, 70, 4, 31.70%, 0, 0, 2, 445.08, 41173, 129, 0, 0
96, 0, 9, 76, 71, 4, 31.70%, 0, 0, 2, 437.88, 43428, 129, 0, 0
101, 0, 9, 77, 72, 4, 31.70%, 0, 0, 2, 470.64, 45795, 129, 0, 0
106, 0, 9, 77, 72, 4, 31.70%, 0, 0, 2, 424.22, 47947, 129, 0, 0
111, 0, 9, 78, 73, 4, 31.70%, 0, 0, 2, 445.56, 50210, 129, 0, 0
116, 0, 9, 79, 74, 4, 31.70%, 0, 0, 2, 464.96, 52541, 129, 0, 0
121, 0, 9, 129, 123, 3, 37.84%, 0, 0, 2, 444.28, 54723, 154, 0, 0
126, 0, 102, 137, 124, 26, 38.08%, 0, 0, 3, 433.73, 56916, 155, 0, 0
131, 0, 7, 139, 123, 24, 38.33%, 0, 0, 3, 435.67, 59057, 156, 0, 0
137, 0, 73, 141, 123, 22, 38.33%, 0, 0, 3, 460.03, 61466, 156, 0, 0
142, 0, 81, 142, 123, 21, 38.33%, 0, 0, 3, 444.58, 63684, 156, 0, 0
147, 0, 81, 158, 139, 21, 45.45%, 0, 0, 3, 437.36, 65873, 185, 0, 0
152, 0, 155, 158, 138, 24, 45.45%, 0, 0, 3, 400.93, 67849, 185, 0, 0
157, 0, 157, 166, 145, 23, 45.70%, 0, 0, 3, 431.82, 70082, 186, 0, 0
162, 0, 165, 166, 142, 22, 45.70%, 0, 0, 3, 451.12, 72374, 186, 0, 0
167, 0, 166, 167, 142, 22, 45.95%, 0, 0, 4, 463.36, 74701, 187, 0, 0
172, 0, 156, 173, 147, 21, 46.19%, 0, 0, 4, 448.00, 76961, 188, 0, 0
177, 0, 156, 178, 152, 21, 46.19%, 0, 0, 4, 431.52, 79117, 188, 0, 0
182, 0, 156, 183, 157, 21, 46.19%, 0, 0, 4, 430.68, 81305, 188, 0, 0
187, 0, 156, 185, 159, 21, 46.19%, 0, 0, 4, 438.60, 83519, 188, 0, 0
192, 0, 156, 186, 160, 21, 46.19%, 0, 0, 4, 466.53, 85891, 188, 0, 0
197, 0, 156, 188, 162, 21, 46.19%, 0, 0, 4, 441.58, 88060, 188, 0, 0
202, 0, 156, 188, 162, 21, 46.19%, 0, 0, 4, 444.67, 90316, 188, 0, 0
208, 0, 156, 188, 162, 21, 46.19%, 0, 0, 4, 430.24, 92500, 188, 0, 0
213, 0, 156, 188, 162, 21, 46.19%, 0, 0, 4, 426.30, 94676, 188, 0, 0
218, 0, 156, 188, 162, 21, 46.19%, 0, 0, 4, 452.01, 96964, 188, 0, 0
223, 0, 156, 188, 162, 21, 46.19%, 0, 0, 4, 430.06, 99124, 188, 0, 0
228, 0, 156, 188, 162, 21, 46.19%, 0, 0, 4, 469.43, 101565, 188, 0, 0
233, 0, 156, 189, 163, 21, 46.19%, 0, 0, 4, 448.18, 103885, 188, 0, 0
238, 0, 156, 189, 163, 21, 46.19%, 0, 0, 4, 436.79, 106099, 188, 0, 0
243, 0, 156, 189, 163, 21, 46.19%, 0, 0, 4, 419.79, 108203, 188, 0, 0
248, 0, 156, 189, 163, 21, 46.19%, 0, 0, 4, 447.63, 110475, 188, 0, 0
253, 0, 156, 189, 163, 21, 46.19%, 0, 0, 4, 428.53, 112611, 188, 0, 0
258, 0, 156, 189, 163, 21, 46.19%, 0, 0, 4, 439.95, 114835, 188, 0, 0
263, 0, 150, 189, 161, 21, 46.19%, 0, 0, 4, 416.55, 116935, 188, 0, 0
269, 0, 167, 189, 159, 19, 46.19%, 0, 0, 4, 432.74, 119185, 188, 0, 0
274, 0, 110, 189, 158, 18, 46.19%, 0, 0, 4, 440.80, 121404, 188, 0, 0
279, 0, 99, 189, 155, 15, 46.19%, 0, 0, 4, 446.86, 123779, 188, 0, 0
284, 0, 99, 196, 162, 15, 46.19%, 0, 0, 4, 445.21, 125993, 188, 0, 0
289, 0, 99, 197, 163, 15, 46.19%, 0, 0, 4, 428.73, 128096, 188, 0, 0
294, 0, 99, 201, 167, 15, 46.19%, 0, 0, 4, 470.93, 130446, 188, 0, 0
299, 0, 99, 202, 168, 15, 46.19%, 0, 0, 4, 450.51, 132703, 188, 0, 0
304, 0, 99, 202, 168, 15, 46.19%, 0, 0, 4, 454.44, 134989, 188, 0, 0
309, 0, 99, 204, 170, 15, 46.19%, 0, 0, 4, 460.98, 137317, 188, 0, 0
314, 0, 99, 204, 170, 15, 46.19%, 0, 0, 4, 435.15, 139522, 188, 0, 0
320, 0, 99, 204, 170, 15, 46.19%, 0, 0, 4, 417.54, 141610, 188, 0, 0
325, 0, 99, 204, 170, 15, 46.19%, 0, 0, 4, 440.92, 143946, 188, 0, 0
330, 0, 99, 204, 170, 15, 46.19%, 0, 0, 4, 451.27, 146200, 188, 0, 0
335, 0, 99, 204, 170, 15, 46.19%, 0, 0, 4, 435.79, 148394, 188, 0, 0
340, 0, 99, 205, 171, 15, 46.19%, 0, 0, 4, 442.44, 150633, 188, 0, 0
345, 0, 99, 205, 171, 15, 46.19%, 0, 0, 4, 457.10, 152984, 188, 0, 0
350, 0, 77, 207, 171, 13, 46.19%, 0, 0, 4, 450.11, 155226, 188, 0, 0
355, 0, 64, 208, 171, 12, 46.19%, 0, 0, 4, 435.01, 157401, 188, 0, 0
360, 0, 69, 221, 183, 11, 46.93%, 0, 0, 4, 441.37, 159674, 191, 0, 0
365, 0, 69, 222, 184, 11, 46.93%, 0, 0, 4, 478.17, 162086, 191, 0, 0
370, 0, 69, 225, 187, 11, 46.93%, 0, 0, 4, 430.34, 164294, 191, 0, 0
375, 0, 69, 226, 188, 11, 46.93%, 0, 0, 4, 472.81, 166691, 191, 0, 0
380, 0, 69, 227, 189, 11, 46.93%, 0, 0, 4, 464.77, 169020, 191, 0, 0
386, 0, 69, 228, 190, 11, 46.93%, 0, 0, 4, 434.69, 171259, 191, 0, 0
391, 0, 69, 228, 190, 11, 46.93%, 0, 0, 4, 442.88, 173491, 191, 0, 0
396, 0, 69, 229, 191, 11, 46.93%, 0, 0, 4, 454.10, 175883, 191, 0, 0
401, 0, 69, 229, 191, 11, 46.93%, 0, 0, 4, 435.17, 178106, 191, 0, 0
406, 0, 69, 229, 191, 11, 46.93%, 0, 0, 4, 436.74, 180298, 191, 0, 0
411, 0, 69, 231, 193, 11, 46.93%, 0, 0, 4, 442.28, 182568, 191, 0, 0
416, 0, 69, 231, 193, 11, 46.93%, 0, 0, 4, 433.44, 184664, 191, 0, 0
421, 0, 69, 231, 193, 11, 46.93%, 0, 0, 4, 428.11, 186784, 191, 0, 0
426, 0, 69, 231, 193, 11, 46.93%, 0, 0, 4, 476.49, 189307, 191, 0, 0
432, 0, 69, 231, 193, 11, 46.93%, 0, 0, 4, 504.98, 191932, 191, 0, 0
437, 0, 69, 231, 193, 11, 46.93%, 0, 0, 4, 458.28, 194113, 191, 0, 0
442, 0, 69, 231, 193, 11, 46.93%, 0, 0, 4, 445.11, 196448, 191, 0, 0
447, 0, 69, 231, 193, 11, 46.93%, 0, 0, 4, 449.87, 198739, 191, 0, 0
452, 0, 69, 231, 193, 11, 46.93%, 0, 0, 4, 440.56, 201104, 191, 0, 0
457, 0, 69, 232, 194, 11, 46.93%, 0, 0, 4, 445.94, 203295, 191, 0, 0
462, 0, 69, 232, 194, 11, 46.93%, 0, 0, 4, 448.45, 205523, 191, 0, 0
467, 0, 69, 232, 194, 11, 46.93%, 0, 0, 4, 452.15, 207836, 191, 0, 0
472, 0, 216, 232, 193, 12, 46.93%, 0, 0, 4, 446.75, 210099, 191, 0, 0
477, 0, 30, 235, 192, 9, 46.93%, 0, 0, 4, 418.26, 212187, 191, 0, 0
482, 0, 106, 235, 187, 5, 46.93%, 0, 0, 4, 427.37, 214371, 191, 0, 0
487, 0, 113, 241, 192, 6, 47.67%, 1, 0, 4, 443.97, 216670, 194, 1, 0
493, 0, 113, 241, 192, 6, 47.67%, 1, 0, 4, 431.12, 218838, 194, 1, 0
498, 0, 235, 242, 192, 5, 47.67%, 1, 0, 4, 438.86, 221022, 194, 1, 0
503, 0, 238, 242, 190, 4, 47.67%, 1, 0, 4, 433.44, 223216, 194, 1, 0
508, 0, 238, 250, 198, 4, 47.67%, 1, 0, 4, 454.03, 225568, 194, 1, 0
513, 0, 238, 251, 199, 4, 47.67%, 1, 0, 4, 449.07, 227795, 194, 1, 0
518, 0, 238, 252, 200, 4, 47.67%, 1, 0, 4, 459.62, 230163, 194, 1, 0
523, 0, 238, 252, 200, 4, 47.67%, 1, 0, 4, 432.71, 232290, 194, 1, 0
528, 0, 238, 254, 202, 4, 48.16%, 1, 0, 4, 462.75, 234605, 196, 1, 0
533, 0, 238, 256, 204, 4, 48.16%, 1, 0, 4, 436.01, 236798, 196, 1, 0
538, 0, 238, 256, 204, 4, 48.16%, 1, 0, 4, 463.07, 239119, 196, 1, 0
543, 0, 238, 256, 204, 4, 48.16%, 1, 0, 4, 474.72, 241513, 196, 1, 0
548, 0, 238, 256, 204, 4, 48.16%, 1, 0, 4, 468.23, 243871, 196, 1, 0
553, 0, 238, 256, 204, 4, 48.16%, 1, 0, 4, 452.50, 246130, 196, 1, 0
558, 0, 238, 256, 204, 4, 48.16%, 1, 0, 4, 444.73, 248374, 196, 1, 0
563, 0, 238, 257, 205, 4, 48.16%, 1, 0, 4, 463.57, 250763, 196, 1, 0
569, 0, 253, 258, 205, 5, 48.16%, 1, 0, 4, 459.05, 253056, 196, 1, 0
574, 0, 247, 259, 204, 3, 48.16%, 1, 0, 4, 418.66, 255115, 196, 1, 0
579, 0, 172, 259, 201, 0, 48.16%, 1, 0, 4, 447.09, 257497, 196, 1, 0
584, 0, 41, 260, 199, 0, 48.16%, 1, 0, 4, 440.98, 259757, 196, 1, 0
589, 0, 24, 260, 196, 0, 48.16%, 1, 0, 4, 442.74, 262031, 196, 1, 0
594, 0, 253, 260, 192, 0, 48.16%, 1, 0, 4, 422.56, 264152, 196, 1, 0
599, 0, 240, 260, 188, 0, 48.16%, 1, 0, 4, 444.34, 266456, 196, 1, 0
604, 0, 180, 262, 188, 0, 48.16%, 1, 0, 4, 424.07, 268614, 196, 1, 0
609, 0, 187, 263, 188, 0, 48.16%, 1, 0, 4, 463.66, 270998, 196, 1, 0
614, 0, 166, 264, 185, 0, 48.16%, 1, 0, 5, 443.13, 273218, 196, 1, 0
619, 0, 55, 264, 180, 0, 48.16%, 1, 0, 5, 449.11, 275466, 196, 1, 0
625, 0, 262, 264, 176, 0, 48.16%, 1, 0, 5, 436.82, 277741, 196, 1, 0
630, 0, 110, 265, 174, 0, 48.16%, 1, 0, 5, 422.18, 279852, 196, 1, 0
635, 0, 170, 272, 181, 0, 48.16%, 1, 0, 5, 412.34, 281957, 196, 1, 0
640, 0, 170, 273, 182, 0, 48.16%, 1, 0, 5, 440.04, 284180, 196, 1, 0
645, 0, 170, 274, 183, 0, 48.16%, 1, 0, 5, 429.06, 286323, 196, 1, 0
650, 0, 170, 274, 183, 0, 48.16%, 1, 0, 5, 425.81, 288563, 196, 1, 0
655, 0, 191, 275, 182, 0, 48.16%, 1, 0, 5, 421.17, 290689, 196, 1, 0
660, 0, 193, 276, 181, 0, 48.16%, 1, 0, 5, 415.17, 292819, 196, 1, 0
665, 0, 99, 276, 178, 0, 48.16%, 1, 0, 5, 438.90, 295101, 196, 1, 0
670, 0, 263, 301, 203, 0, 48.16%, 1, 0, 6, 451.64, 297362, 196, 1, 0
675, 0, 263, 303, 205, 0, 48.16%, 1, 0, 6, 442.61, 299560, 196, 1, 0
680, 0, 263, 304, 206, 0, 48.16%, 1, 0, 6, 460.24, 301928, 196, 1, 0
685, 0, 247, 305, 206, 0, 48.16%, 1, 0, 6, 443.25, 304143, 196, 1, 0
690, 0, 201, 305, 202, 0, 48.16%, 1, 0, 6, 440.71, 306364, 196, 1, 0
696, 0, 184, 305, 198, 0, 48.16%, 1, 0, 6, 449.06, 308665, 196, 1, 0
701, 0, 166, 305, 197, 0, 48.16%, 1, 0, 6, 414.66, 310770, 196, 1, 0
706, 0, 11, 305, 194, 0, 48.16%, 1, 0, 6, 437.22, 313088, 196, 1, 0
711, 0, 265, 309, 198, 0, 48.16%, 1, 0, 6, 444.02, 315311, 196, 1, 0
716, 0, 265, 310, 199, 0, 48.16%, 1, 0, 6, 423.37, 317502, 196, 1, 0
721, 0, 109, 310, 198, 0, 48.16%, 1, 0, 6, 411.69, 319565, 196, 1, 0
726, 0, 30, 313, 198, 0, 48.16%, 1, 0, 6, 428.81, 321780, 196, 1, 0
731, 0, 267, 313, 196, 0, 48.16%, 1, 0, 6, 425.63, 323968, 196, 1, 0
736, 0, 118, 313, 194, 0, 48.16%, 1, 0, 6, 419.23, 326093, 196, 1, 0
741, 0, 314, 315, 193, 1, 48.16%, 1, 0, 6, 445.81, 328409, 196, 1, 0
746, 0, 260, 315, 191, 0, 48.16%, 1, 0, 6, 427.87, 330567, 196, 1, 0
751, 0, 257, 315, 188, 0, 48.16%, 1, 0, 6, 451.61, 332875, 196, 1, 0
756, 0, 108, 317, 188, 0, 48.16%, 1, 0, 7, 435.09, 335040, 196, 1, 0
761, 0, 186, 317, 187, 0, 48.16%, 1, 0, 7, 427.35, 337219, 196, 1, 0
766, 0, 102, 318, 186, 0, 48.16%, 1, 0, 7, 433.84, 339464, 196, 1, 0
772, 0, 42, 318, 184, 0, 48.16%, 1, 0, 7, 441.18, 341673, 196, 1, 0
777, 0, 301, 318, 183, 0, 48.16%, 1, 0, 7, 451.99, 343942, 196, 1, 0
782, 0, 245, 318, 178, 0, 48.16%, 1, 0, 7, 456.12, 346193, 196, 1, 0
787, 0, 163, 318, 176, 0, 48.16%, 1, 0, 7, 471.00, 348593, 196, 1, 0
792, 1, 246, 318, 173, 0, 48.16%, 1, 0, 7, 460.66, 350887, 196, 1, 0
797, 1, 318, 320, 173, 1, 48.40%, 1, 0, 7, 431.23, 353008, 197, 1, 0
802, 1, 270, 321, 173, 0, 48.40%, 1, 0, 7, 408.42, 355098, 197, 1, 0
807, 1, 270, 325, 177, 0, 48.40%, 1, 0, 7, 429.42, 357242, 197, 1, 0
812, 1, 270, 326, 178, 0, 48.40%, 1, 0, 7, 436.87, 359449, 197, 1, 0
817, 1, 270, 326, 178, 0, 48.40%, 1, 0, 7, 421.74, 361545, 197, 1, 0
822, 1, 270, 326, 178, 0, 48.40%, 1, 0, 7, 451.31, 363897, 197, 1, 0
827, 1, 322, 326, 177, 0, 48.40%, 1, 0, 7, 444.36, 366171, 197, 1, 0
832, 1, 326, 327, 177, 1, 48.65%, 1, 0, 7, 436.48, 368295, 198, 1, 0
838, 1, 158, 328, 174, 0, 48.89%, 1, 0, 7, 440.15, 370550, 199, 1, 0
843, 1, 308, 328, 169, 0, 48.89%, 1, 0, 7, 458.09, 372884, 199, 1, 0
848, 1, 34, 328, 167, 0, 48.89%, 1, 0, 7, 454.51, 375143, 199, 1, 0
853, 1, 269, 328, 163, 0, 48.89%, 1, 0, 7, 456.09, 377529, 199, 1, 0
858, 1, 321, 328, 161, 0, 48.89%, 1, 0, 7, 445.30, 379789, 199, 1, 0
863, 1, 178, 328, 159, 0, 48.89%, 1, 0, 7, 458.05, 382103, 199, 1, 0
868, 1, 314, 333, 163, 0, 48.89%, 1, 0, 7, 451.25, 384478, 199, 1, 0
873, 1, 314, 334, 164, 0, 48.89%, 1, 0, 7, 462.11, 386771, 199, 1, 0
878, 1, 314, 336, 166, 0, 48.89%, 1, 0, 7, 448.60, 389000, 199, 1, 0
883, 1, 304, 336, 165, 0, 48.89%, 1, 0, 7, 441.80, 391171, 199, 1, 0
888, 1, 144, 336, 163, 0, 48.89%, 1, 0, 7, 452.59, 393491, 199, 1, 0
893, 1, 185, 336, 159, 0, 48.89%, 1, 0, 7, 458.96, 395807, 199, 1, 0
899, 1, 299, 336, 157, 0, 48.89%, 1, 0, 7, 458.05, 398108, 199, 1, 0
904, 1, 255, 336, 155, 0, 48.89%, 1, 0, 7, 453.14, 400413, 199, 1, 0
909, 1, 62, 337, 151, 0, 48.89%, 1, 0, 7, 445.95, 402712, 199, 1, 0
914, 1, 181, 337, 148, 0, 48.89%, 1, 0, 7, 444.44, 404887, 199, 1, 0
919, 1, 168, 338, 148, 0, 48.89%, 1, 0, 7, 436.96, 407095, 199, 1, 0
924, 1, 171, 338, 146, 0, 48.89%, 1, 0, 7, 443.05, 409425, 199, 1, 0
929, 1, 338, 339, 144, 1, 49.14%, 1, 0, 7, 438.78, 411630, 200, 1, 0
934, 1, 340, 343, 146, 1, 49.63%, 1, 0, 7, 477.76, 414054, 202, 1, 0
939, 1, 280, 343, 145, 0, 49.63%, 1, 0, 7, 452.47, 416304, 202, 1, 0
944, 1, 319, 343, 142, 0, 49.63%, 1, 0, 7, 474.22, 418690, 202, 1, 0
949, 1, 39, 343, 140, 0, 49.63%, 1, 0, 7, 419.04, 420834, 202, 1, 0
954, 1, 307, 343, 137, 0, 49.63%, 1, 0, 7, 427.36, 423010, 202, 1, 0
959, 1, 8, 343, 134, 0, 49.63%, 1, 0, 7, 456.40, 425401, 202, 1, 0
965, 1, 266, 343, 133, 0, 49.63%, 1, 0, 7, 440.85, 427644, 202, 1, 0
970, 1, 61, 343, 130, 0, 49.63%, 1, 0, 7, 432.91, 429877, 202, 1, 0
975, 1, 285, 343, 129, 0, 49.63%, 1, 0, 7, 467.22, 432304, 202, 1, 0
980, 1, 332, 344, 128, 0, 49.63%, 1, 0, 7, 452.03, 434586, 202, 1, 0
985, 1, 296, 344, 126, 0, 49.63%, 1, 0, 7, 446.42, 436830, 202, 1, 0
990, 1, 28, 344, 121, 0, 49.63%, 1, 0, 7, 451.21, 439137, 202, 1, 0
995, 1, 143, 344, 120, 0, 49.63%, 1, 0, 7, 455.04, 441506, 202, 1, 0
1000, 1, 71, 345, 118, 0, 49.88%, 1, 0, 7, 470.71, 443909, 203, 1, 0
1005, 1, 343, 345, 116, 0, 49.88%, 1, 0, 7, 446.66, 446204, 203, 1, 0
1010, 1, 44, 345, 111, 0, 49.88%, 1, 0, 7, 446.02, 448459, 203, 1, 0
1015, 1, 189, 345, 107, 0, 49.88%, 1, 0, 7, 452.96, 450791, 203, 1, 0
1020, 1, 345, 346, 105, 1, 50.12%, 1, 0, 7, 441.98, 453037, 204, 1, 0
1026, 1, 37, 346, 101, 0, 50.12%, 1, 0, 7, 475.11, 455502, 204, 1, 0
1031, 1, 205, 346, 98, 0, 50.12%, 1, 0, 7, 448.49, 457712, 204, 1, 0
1036, 1, 153, 346, 96, 0, 50.12%, 1, 0, 7, 439.52, 459991, 204, 1, 0
1041, 1, 274, 346, 90, 0, 50.12%, 1, 0, 7, 425.37, 462129, 204, 1, 0
1046, 1, 173, 346, 88, 0, 50.12%, 1, 0, 7, 441.43, 464451, 204, 1, 0
1051, 1, 142, 346, 86, 0, 50.12%, 1, 0, 7, 448.41, 466735, 204, 1, 0
1056, 1, 271, 346, 84, 0, 50.12%, 1, 0, 7, 433.93, 468891, 204, 1, 0
1061, 1, 105, 346, 81, 0, 50.12%, 1, 0, 7, 462.96, 471232, 204, 1, 0
1066, 1, 148, 346, 79, 0, 50.12%, 1, 0, 7, 435.60, 473441, 204, 1, 0
1071, 1, 277, 346, 76, 0, 50.12%, 1, 0, 7, 438.30, 475623, 204, 1, 0
1076, 1, 20, 346, 74, 0, 50.12%, 1, 0, 7, 444.31, 477906, 204, 1, 0
1081, 1, 292, 346, 70, 0, 50.12%, 1, 0, 7, 437.09, 480132, 204, 1, 0
1087, 1, 290, 346, 67, 0, 50.12%, 1, 0, 7, 429.48, 482293, 204, 1, 0
1092, 1, 286, 346, 65, 0, 50.12%, 1, 0, 7, 445.22, 484547, 204, 1, 0
1097, 1, 243, 346, 63, 0, 50.12%, 1, 0, 7, 425.06, 486775, 204, 1, 0
1102, 1, 93, 346, 61, 0, 50.12%, 1, 0, 7, 458.19, 489177, 204, 1, 0
1107, 1, 254, 346, 59, 0, 50.12%, 1, 0, 7, 462.33, 491498, 204, 1, 0
1112, 1, 114, 346, 56, 0, 50.12%, 1, 0, 7, 453.13, 493729, 204, 1, 0
1117, 1, 340, 347, 55, 0, 50.12%, 1, 0, 7, 434.37, 495873, 204, 1, 0
1122, 1, 309, 347, 54, 0, 50.12%, 1, 0, 7, 425.14, 498063, 204, 1, 0
1127, 1, 77, 347, 52, 0, 50.12%, 1, 0, 7, 448.97, 500345, 204, 1, 0
1132, 1, 329, 347, 51, 0, 50.12%, 1, 0, 7, 435.02, 502539, 204, 1, 0
1137, 1, 60, 347, 49, 0, 50.12%, 1, 0, 7, 469.76, 504963, 204, 1, 0
1143, 1, 25, 347, 47, 0, 50.12%, 1, 0, 7, 451.46, 507179, 204, 1, 0
1148, 1, 288, 347, 44, 0, 50.12%, 1, 0, 7, 472.38, 509525, 204, 1, 0
1153, 1, 67, 347, 40, 0, 50.12%, 1, 0, 7, 446.09, 511741, 204, 1, 0
1158, 2, 369, 395, 85, 11, 52.83%, 1, 0, 7, 480.34, 514223, 215, 1, 0
1163, 2, 388, 395, 84, 10, 52.83%, 1, 0, 7, 473.41, 516600, 215, 1, 0
1168, 2, 377, 395, 82, 8, 52.83%, 1, 0, 7, 444.55, 518811, 215, 1, 0
1173, 2, 383, 395, 80, 6, 52.83%, 1, 0, 7, 445.45, 521058, 215, 1, 0
1178, 2, 370, 395, 79, 5, 52.83%, 1, 0, 7, 426.35, 523231, 215, 1, 0
1183, 2, 361, 395, 77, 3, 52.83%, 1, 0, 7, 439.30, 525553, 215, 1, 0
1188, 2, 343, 395, 75, 1, 52.83%, 1, 0, 7, 431.21, 527736, 215, 1, 0
1193, 2, 356, 395, 73, 0, 52.83%, 2, 0, 7, 454.44, 529980, 215, 2, 0
1198, 2, 382, 395, 68, 0, 52.83%, 2, 0, 7, 467.00, 532336, 215, 2, 0
1204, 2, 3, 395, 66, 0, 52.83%, 5, 0, 7, 442.51, 534550, 215, 7, 0
1209, 2, 320, 395, 64, 0, 52.83%, 5, 0, 7, 459.37, 536861, 215, 7, 0
1214, 2, 394, 395, 61, 0, 52.83%, 5, 0, 7, 451.11, 539118, 215, 8, 0
1219, 2, 386, 395, 58, 0, 52.83%, 6, 0, 7, 455.96, 541364, 215, 9, 0
1224, 2, 82, 395, 56, 0, 52.83%, 7, 0, 7, 453.00, 543630, 215, 15, 0
1229, 2, 365, 395, 54, 0, 52.83%, 7, 0, 7, 450.20, 545928, 215, 16, 0
1234, 2, 318, 395, 51, 0, 52.83%, 7, 0, 7, 480.64, 548379, 215, 16, 0
1239, 2, 371, 395, 49, 0, 52.83%, 7, 0, 7, 472.84, 550726, 215, 16, 0
1244, 2, 354, 395, 47, 0, 52.83%, 7, 0, 7, 455.45, 552994, 215, 16, 0
1249, 2, 362, 395, 43, 0, 52.83%, 7, 0, 7, 452.54, 555267, 215, 16, 0
1254, 2, 149, 395, 41, 0, 52.83%, 7, 0, 7, 438.11, 557438, 215, 17, 0
1259, 2, 112, 395, 40, 0, 52.83%, 7, 0, 7, 431.10, 559595, 215, 17, 0
1264, 2, 166, 395, 38, 0, 52.83%, 7, 0, 7, 421.04, 561718, 215, 17, 0
1270, 2, 358, 395, 36, 0, 52.83%, 7, 0, 7, 450.90, 564062, 215, 17, 0
1275, 2, 314, 395, 33, 0, 52.83%, 7, 0, 7, 422.55, 566176, 215, 17, 0
1280, 2, 15, 395, 32, 0, 52.83%, 7, 0, 7, 425.55, 568330, 215, 17, 0
1285, 2, 375, 395, 31, 0, 52.83%, 7, 0, 7, 431.62, 570474, 215, 17, 0
1290, 2, 166, 395, 30, 0, 52.83%, 7, 0, 7, 447.13, 572764, 215, 17, 0
1295, 2, 324, 395, 28, 0, 52.83%, 7, 0, 7, 441.84, 574923, 215, 17, 0
1300, 2, 62, 395, 26, 0, 52.83%, 7, 0, 7, 433.32, 577065, 215, 17, 0
1305, 2, 347, 395, 24, 0, 52.83%, 7, 0, 7, 449.18, 579321, 215, 17, 0
1310, 2, 383, 395, 23, 0, 52.83%, 7, 0, 7, 435.91, 581644, 215, 17, 0
1315, 2, 175, 395, 22, 0, 52.83%, 7, 0, 7, 453.01, 583958, 215, 17, 0
1320, 2, 352, 395, 20, 0, 52.83%, 7, 0, 7, 421.85, 586105, 215, 17, 0
1325, 2, 390, 395, 19, 0, 52.83%, 7, 0, 7, 441.13, 588369, 215, 17, 0
1330, 2, 350, 395, 18, 0, 52.83%, 7, 0, 7, 417.36, 590441, 215, 17, 0
1336, 2, 151, 395, 17, 0, 52.83%, 7, 0, 7, 434.93, 592663, 215, 19, 0
1341, 2, 388, 395, 15, 0, 52.83%, 7, 0, 7, 448.08, 594941, 215, 19, 0
1346, 2, 10, 395, 14, 0, 52.83%, 7, 0, 7, 462.15, 597258, 215, 19, 0
1351, 2, 391, 395, 14, 0, 52.83%, 7, 0, 7, 439.66, 599398, 215, 20, 0
1356, 2, 366, 395, 13, 0, 52.83%, 7, 0, 7, 439.97, 601635, 215, 20, 0
1361, 2, 360, 395, 12, 0, 52.83%, 7, 0, 7, 455.21, 603917, 215, 20, 0
1366, 2, 340, 395, 12, 0, 52.83%, 7, 0, 7, 440.96, 606230, 215, 21, 0
1371, 2, 340, 395, 12, 0, 52.83%, 8, 0, 7, 447.86, 608551, 215, 27, 0
1376, 3, 397, 400, 17, 1, 53.07%, 8, 0, 7, 424.09, 610718, 216, 29, 0
1381, 3, 374, 400, 16, 0, 53.07%, 8, 0, 7, 438.03, 612930, 216, 29, 0
1386, 3, 348, 400, 13, 0, 53.07%, 8, 0, 7, 460.47, 615296, 216, 29, 0
1391, 3, 395, 400, 13, 0, 53.07%, 9, 0, 7, 460.76, 617649, 216, 34, 0
1397, 3, 366, 400, 12, 0, 53.07%, 9, 0, 7, 452.37, 620007, 216, 34, 0
1402, 3, 360, 400, 10, 0, 53.07%, 9, 0, 7, 422.55, 622060, 216, 34, 0
1407, 3, 397, 400, 9, 0, 53.07%, 9, 0, 7, 441.84, 624331, 216, 34, 0
1412, 3, 326, 400, 9, 0, 53.07%, 9, 0, 7, 406.44, 626384, 216, 34, 0
1417, 3, 342, 400, 9, 0, 53.07%, 9, 0, 7, 408.24, 628434, 216, 37, 0
1422, 3, 398, 400, 8, 0, 53.07%, 9, 0, 7, 411.65, 630592, 216, 37, 0
1427, 3, 348, 400, 7, 0, 53.07%, 9, 0, 7, 415.38, 632729, 216, 37, 0
1432, 3, 268, 400, 7, 0, 53.07%, 9, 0, 7, 414.99, 634820, 216, 37, 0
1437, 3, 216, 400, 6, 0, 53.07%, 9, 0, 7, 434.17, 637041, 216, 41, 0
1442, 3, 23, 400, 6, 0, 53.07%, 9, 0, 7, 430.57, 639266, 216, 46, 0
1447, 3, 61, 400, 6, 0, 53.07%, 9, 0, 7, 435.99, 641416, 216, 46, 0
1452, 3, 340, 400, 6, 0, 53.07%, 9, 0, 7, 433.58, 643631, 216, 57, 0
1457, 3, 370, 400, 6, 0, 53.07%, 9, 0, 7, 443.31, 645922, 216, 73, 0
1462, 3, 152, 400, 5, 0, 53.07%, 9, 0, 7, 442.46, 648169, 216, 73, 0
1468, 3, 340, 400, 5, 0, 53.07%, 9, 0, 7, 460.14, 650506, 216, 78, 0
1473, 3, 216, 400, 5, 0, 53.07%, 9, 0, 7, 453.03, 652788, 216, 80, 0
1478, 3, 368, 400, 5, 0, 53.07%, 9, 0, 7, 450.29, 655038, 216, 83, 0
1483, 3, 99, 400, 5, 0, 53.07%, 9, 0, 7, 448.41, 657292, 216, 83, 0
1488, 3, 210, 400, 5, 0, 53.07%, 9, 0, 7, 419.66, 659407, 216, 86, 0
1493, 3, 340, 400, 5, 0, 53.07%, 9, 0, 7, 444.53, 661674, 216, 92, 0
1498, 3, 166, 400, 5, 0, 53.07%, 9, 0, 7, 432.41, 663832, 216, 96, 0
1503, 3, 326, 400, 5, 0, 53.07%, 9, 0, 7, 414.75, 665818, 216, 96, 0
1508, 3, 388, 400, 5, 0, 53.07%, 9, 0, 7, 446.19, 668147, 216, 97, 0
1513, 4, 436, 454, 58, 7, 58.23%, 9, 0, 7, 443.33, 670396, 237, 97, 0
1518, 4, 436, 454, 58, 7, 58.23%, 9, 0, 7, 446.61, 672632, 237, 97, 0
1523, 4, 403, 454, 56, 5, 58.23%, 9, 0, 7, 410.76, 674715, 237, 97, 0
1528, 4, 448, 454, 55, 5, 58.23%, 9, 0, 7, 442.24, 676992, 237, 97, 0
1533, 4, 405, 454, 53, 3, 58.23%, 9, 0, 7, 449.98, 679261, 237, 97, 0
1538, 4, 402, 454, 51, 1, 58.23%, 9, 0, 7, 475.94, 681727, 237, 97, 0
1543, 4, 454, 455, 50, 1, 58.48%, 9, 0, 7, 466.64, 684050, 238, 97, 0
1548, 4, 342, 455, 48, 0, 58.48%, 9, 0, 7, 457.61, 686325, 238, 100, 0
1554, 4, 400, 455, 47, 0, 58.48%, 9, 0, 7, 440.77, 688528, 238, 101, 0
1559, 4, 369, 455, 45, 0, 58.48%, 9, 0, 7, 459.98, 690887, 238, 101, 0
1564, 4, 441, 455, 44, 0, 58.48%, 9, 0, 7, 447.56, 693109, 238, 101, 0
1569, 4, 445, 455, 42, 0, 58.48%, 9, 0, 7, 449.71, 695446, 238, 105, 0
1574, 4, 437, 455, 40, 0, 58.48%, 9, 0, 7, 464.13, 697781, 238, 106, 0
1579, 4, 446, 455, 38, 0, 58.48%, 9, 0, 7, 464.23, 700129, 238, 106, 0
1584, 4, 421, 455, 36, 0, 58.48%, 9, 0, 7, 437.37, 702328, 238, 106, 0
1589, 4, 401, 455, 35, 0, 58.48%, 9, 0, 7, 456.51, 704653, 238, 107, 0
1594, 4, 407, 455, 33, 0, 58.48%, 9, 0, 7, 479.39, 707078, 238, 107, 0
1599, 4, 430, 455, 31, 0, 58.48%, 9, 0, 7, 487.63, 709554, 238, 107, 0
1604, 4, 410, 455, 29, 0, 58.48%, 9, 0, 7, 458.08, 711866, 238, 107, 0
1609, 4, 253, 456, 27, 0, 58.48%, 9, 0, 7, 440.84, 714088, 238, 107, 0
1614, 4, 453, 456, 26, 0, 58.48%, 9, 0, 7, 450.83, 716421, 238, 107, 0
1619, 4, 411, 456, 25, 0, 58.48%, 9, 0, 7, 430.87, 718569, 238, 114, 0
1624, 4, 442, 456, 24, 0, 58.48%, 9, 0, 7, 436.62, 720827, 238, 114, 0
1629, 4, 166, 456, 22, 0, 58.48%, 9, 0, 7, 446.73, 723070, 238, 114, 0
1634, 4, 296, 456, 20, 0, 58.48%, 9, 0, 7, 443.35, 725355, 238, 114, 0
1640, 4, 455, 456, 19, 0, 58.48%, 9, 0, 7, 440.84, 727660, 238, 114, 0
1645, 4, 409, 456, 18, 0, 58.48%, 9, 0, 7, 432.48, 729809, 238, 114, 0
1650, 4, 428, 456, 16, 0, 58.48%, 9, 0, 7, 480.25, 732297, 238, 114, 0
1655, 4, 159, 456, 14, 0, 58.48%, 9, 0, 7, 453.92, 734606, 238, 114, 0
1660, 4, 314, 456, 13, 0, 58.48%, 9, 0, 7, 458.43, 736922, 238, 114, 0
1665, 4, 427, 456, 12, 0, 58.48%, 9, 0, 7, 463.16, 739328, 238, 114, 0
1670, 4, 433, 456, 11, 0, 58.48%, 9, 0, 7, 449.57, 741617, 238, 114, 0
1675, 4, 443, 456, 10, 0, 58.48%, 9, 0, 7, 425.20, 743767, 238, 114, 0
1680, 4, 440, 456, 9, 0, 58.48%, 9, 0, 7, 440.41, 746024, 238, 114, 0
1685, 4, 314, 456, 8, 0, 58.48%, 9, 0, 7, 416.73, 748106, 238, 115, 0
1690, 4, 424, 456, 8, 0, 58.48%, 9, 0, 7, 435.63, 750348, 238, 122, 0
1696, 4, 167, 456, 7, 0, 58.48%, 9, 0, 7, 449.94, 752610, 238, 126, 0
1701, 4, 46, 456, 6, 0, 58.48%, 9, 0, 7, 453.97, 754890, 238, 126, 0
1706, 4, 344, 456, 6, 0, 58.48%, 9, 0, 7, 466.12, 757348, 238, 134, 0
1711, 4, 360, 456, 6, 0, 58.48%, 9, 0, 7, 468.66, 759687, 238, 137, 0
1716, 4, 448, 456, 6, 0, 58.48%, 9, 0, 7, 461.31, 762035, 238, 142, 0
1721, 4, 260, 456, 6, 0, 58.48%, 9, 0, 7, 443.59, 764292, 238, 142, 0
1726, 4, 363, 456, 6, 0, 58.48%, 9, 0, 7, 430.03, 766474, 238, 144, 0
1731, 4, 388, 456, 5, 0, 58.48%, 9, 0, 7, 418.03, 768537, 238, 144, 0
1736, 4, 73, 456, 5, 0, 58.48%, 9, 0, 7, 448.97, 770868, 238, 148, 0
1741, 4, 165, 456, 5, 0, 58.48%, 11, 0, 7, 462.31, 773200, 238, 164, 0
1746, 4, 216, 456, 5, 0, 58.48%, 11, 0, 7, 455.45, 775512, 238, 169, 0
1751, 4, 270, 456, 5, 0, 58.48%, 11, 0, 7, 406.73, 777576, 238, 169, 0
1756, 4, 326, 456, 5, 0, 58.48%, 11, 0, 7, 415.42, 779664, 238, 169, 0
1761, 5, 462, 463, 11, 1, 60.20%, 11, 0, 7, 422.34, 781842, 245, 169, 0
1766, 5, 462, 465, 13, 1, 60.20%, 11, 0, 7, 423.38, 783983, 245, 169, 0
1772, 5, 412, 465, 12, 0, 60.20%, 11, 0, 7, 440.72, 786306, 245, 169, 0
1777, 5, 397, 465, 11, 0, 60.20%, 11, 0, 7, 442.42, 788465, 245, 169, 0
1782, 5, 464, 465, 11, 0, 60.20%, 11, 0, 7, 438.34, 790669, 245, 178, 0
1787, 5, 261, 465, 10, 0, 60.20%, 11, 0, 7, 442.13, 792878, 245, 181, 0
1792, 5, 342, 465, 9, 0, 60.20%, 11, 0, 7, 440.81, 795088, 245, 183, 0
1797, 5, 342, 465, 9, 0, 60.20%, 11, 0, 7, 446.01, 797328, 245, 184, 0
1802, 5, 388, 465, 8, 0, 60.20%, 11, 0, 7, 438.89, 799599, 245, 186, 0
1804, 5, 324, 465, 8, 0, 60.20%, 11, 0, 7, 428.51, 800675, 245, 186, 0
