# relative_time, cycles_done, cur_item, corpus_count, pending_total, pending_favs, map_size, saved_crashes, saved_hangs, max_depth, execs_per_sec, total_execs, edges_found, total_crashes, servers_count
60, 0, 40, 98, 91, 28, 35.63%, 0, 0, 2, 445.27, 26770, 145, 0, 0
66, 0, 40, 100, 93, 28, 35.87%, 0, 0, 2, 432.50, 28960, 146, 0, 0
71, 0, 40, 101, 94, 28, 35.87%, 0, 0, 2, 444.03, 31181, 146, 0, 0
76, 0, 40, 103, 96, 28, 35.87%, 0, 0, 2, 440.32, 33397, 146, 0, 0
81, 0, 40, 105, 98, 28, 36.61%, 0, 0, 2, 445.75, 35683, 149, 0, 0
86, 0, 40, 106, 99, 28, 36.61%, 0, 0, 2, 434.55, 37843, 149, 0, 0
91, 0, 40, 106, 99, 28, 36.61%, 0, 0, 2, 427.49, 40011, 149, 0, 0
96, 0, 40, 110, 103, 28, 36.86%, 0, 0, 2, 477.06, 42459, 150, 0, 0
101, 0, 13, 113, 102, 29, 37.10%, 0, 0, 3, 506.72, 45217, 151, 0, 0
106, 0, 0, 117, 100, 24, 37.10%, 0, 0, 3, 486.20, 47758, 151, 0, 0
112, 0, 107, 118, 99, 23, 38.57%, 0, 0, 3, 451.42, 49993, 157, 0, 0
117, 0, 119, 121, 100, 24, 38.82%, 0, 0, 3, 451.08, 52308, 158, 0, 0
122, 0, 51, 122, 99, 22, 38.82%, 0, 0, 3, 431.73, 54580, 158, 0, 0
127, 0, 109, 126, 100, 20, 38.82%, 0, 0, 3, 483.29, 57052, 158, 0, 0
132, 0, 109, 129, 103, 20, 38.82%, 0, 0, 3, 454.65, 59350, 158, 0, 0
137, 0, 109, 135, 109, 20, 38.82%, 0, 0, 3, 442.86, 61581, 158, 0, 0
142, 0, 109, 135, 109, 20, 38.82%, 0, 0, 3, 456.49, 63919, 158, 0, 0
147, 0, 109, 135, 109, 20, 38.82%, 0, 0, 3, 443.98, 66157, 158, 0, 0
152, 0, 109, 136, 110, 20, 38.82%, 0, 0, 3, 425.12, 68292, 158, 0, 0
157, 0, 109, 136, 110, 20, 38.82%, 0, 0, 3, 414.66, 70316, 158, 0, 0
162, 0, 109, 136, 110, 20, 38.82%, 0, 0, 3, 390.83, 72259, 158, 0, 0
167, 0, 109, 136, 110, 20, 38.82%, 0, 0, 3, 431.63, 74452, 158, 0, 0
172, 0, 109, 136, 110, 20, 38.82%, 0, 0, 3, 432.12, 76660, 158, 0, 0
178, 0, 109, 136, 110, 20, 38.82%, 0, 0, 3, 418.55, 78796, 158, 0, 0
183, 0, 109, 136, 110, 20, 38.82%, 0, 0, 3, 409.63, 80884, 158, 0, 0
188, 0, 109, 136, 110, 20, 38.82%, 0, 0, 3, 413.36, 83020, 158, 0, 0
193, 0, 109, 136, 110, 20, 38.82%, 0, 0, 3, 437.43, 85276, 158, 0, 0
198, 0, 109, 136, 110, 20, 38.82%, 0, 0, 3, 440.96, 87500, 158, 0, 0
203, 0, 109, 136, 110, 20, 38.82%, 0, 0, 3, 439.45, 89700, 158, 0, 0
208, 0, 109, 136, 110, 20, 38.82%, 0, 0, 3, 421.47, 91836, 158, 0, 0
213, 0, 109, 136, 110, 20, 38.82%, 0, 0, 3, 421.65, 93996, 158, 0, 0
218, 0, 120, 136, 109, 21, 38.82%, 0, 0, 3, 458.41, 96324, 158, 0, 0
223, 0, 118, 143, 114, 19, 38.82%, 0, 0, 4, 421.81, 98493, 158, 0, 0
228, 0, 118, 145, 116, 19, 38.82%, 0, 0, 4, 418.38, 100595, 158, 0, 0
233, 0, 118, 146, 117, 19, 38.82%, 0, 0, 4, 447.69, 102818, 158, 0, 0
238, 0, 118, 146, 117, 19, 38.82%, 0, 0, 4, 424.17, 104850, 158, 0, 0
244, 0, 104, 147, 117, 18, 38.82%, 0, 0, 4, 433.48, 107026, 158, 0, 0
249, 0, 92, 150, 117, 16, 39.07%, 0, 0, 4, 415.01, 109091, 159, 0, 0
254, 0, 92, 154, 121, 16, 39.07%, 0, 0, 4, 435.42, 111351, 159, 0, 0
259, 0, 92, 155, 122, 16, 39.07%, 0, 0, 4, 445.84, 113602, 159, 0, 0
264, 0, 92, 159, 126, 16, 39.07%, 0, 0, 4, 422.43, 115786, 159, 0, 0
269, 0, 92, 159, 126, 16, 39.07%, 0, 0, 4, 427.22, 118018, 159, 0, 0
274, 0, 92, 159, 126, 16, 39.07%, 0, 0, 4, 443.44, 120267, 159, 0, 0
279, 0, 18, 159, 123, 13, 39.07%, 0, 0, 4, 425.30, 122414, 159, 0, 0
284, 0, 58, 159, 122, 12, 39.07%, 0, 0, 4, 434.10, 124647, 159, 0, 0
289, 0, 58, 159, 122, 12, 39.07%, 0, 0, 4, 397.48, 126552, 159, 0, 0
294, 0, 55, 163, 125, 11, 39.31%, 0, 0, 4, 396.19, 128618, 160, 0, 0
299, 0, 55, 170, 132, 11, 39.31%, 1, 0, 4, 440.37, 130890, 160, 1, 0
304, 0, 55, 172, 134, 11, 39.31%, 1, 0, 4, 457.94, 133211, 160, 1, 0
310, 0, 55, 172, 134, 11, 39.31%, 1, 0, 4, 494.26, 135758, 160, 1, 0
315, 0, 55, 172, 134, 11, 39.31%, 1, 0, 4, 474.80, 138134, 160, 1, 0
320, 0, 55, 173, 135, 11, 39.31%, 1, 0, 4, 462.06, 140463, 160, 1, 0
325, 0, 55, 173, 135, 11, 39.31%, 1, 0, 4, 444.54, 142704, 160, 1, 0
330, 0, 55, 173, 135, 11, 39.31%, 1, 0, 4, 380.60, 144567, 160, 1, 0
335, 0, 55, 174, 136, 11, 39.31%, 1, 0, 4, 407.42, 146679, 160, 1, 0
340, 0, 55, 174, 136, 11, 39.31%, 1, 0, 4, 451.37, 148959, 160, 1, 0
345, 0, 55, 175, 137, 11, 39.31%, 1, 0, 4, 435.23, 151126, 160, 1, 0
350, 0, 55, 176, 138, 11, 39.31%, 1, 0, 4, 422.73, 153253, 160, 1, 0
355, 0, 55, 176, 138, 11, 39.31%, 1, 0, 4, 435.24, 155445, 160, 1, 0
360, 0, 55, 176, 138, 11, 39.31%, 1, 0, 4, 431.93, 157653, 160, 1, 0
365, 0, 55, 176, 138, 11, 39.31%, 1, 0, 4, 395.29, 159610, 160, 1, 0
370, 0, 55, 176, 138, 11, 39.31%, 1, 0, 4, 396.55, 161697, 160, 1, 0
375, 0, 55, 176, 138, 11, 39.31%, 1, 0, 4, 449.55, 164038, 160, 1, 0
380, 0, 55, 177, 139, 11, 39.31%, 1, 0, 4, 428.17, 166165, 160, 1, 0
385, 0, 55, 177, 139, 11, 39.31%, 1, 0, 4, 439.07, 168413, 160, 1, 0
391, 0, 55, 177, 139, 11, 39.31%, 1, 0, 4, 414.96, 170637, 160, 1, 0
396, 0, 55, 178, 140, 11, 39.31%, 1, 0, 4, 436.37, 172916, 160, 1, 0
401, 0, 55, 178, 140, 11, 39.31%, 1, 0, 4, 441.09, 175148, 160, 1, 0
406, 0, 55, 178, 140, 11, 39.31%, 1, 0, 4, 443.47, 177436, 160, 1, 0
411, 0, 55, 178, 140, 11, 39.31%, 1, 0, 4, 464.57, 179766, 160, 1, 0
416, 0, 88, 183, 144, 12, 39.31%, 1, 0, 4, 447.46, 182074, 160, 1, 0
421, 0, 88, 185, 146, 12, 39.31%, 1, 0, 4, 427.70, 184234, 160, 1, 0
426, 0, 88, 186, 147, 12, 39.31%, 1, 0, 4, 421.23, 186361, 160, 1, 0
431, 0, 88, 186, 147, 12, 39.31%, 1, 0, 4, 451.26, 188701, 160, 1, 0
436, 0, 88, 186, 147, 12, 39.31%, 1, 0, 4, 447.17, 190924, 160, 1, 0
441, 0, 88, 187, 148, 12, 39.31%, 1, 0, 4, 421.12, 193008, 160, 1, 0
446, 0, 88, 187, 148, 12, 39.31%, 1, 0, 4, 430.94, 195168, 160, 1, 0
451, 0, 88, 187, 148, 12, 39.31%, 1, 0, 4, 424.27, 197312, 160, 1, 0
457, 0, 88, 188, 149, 12, 39.31%, 1, 0, 4, 410.70, 199431, 160, 1, 0
462, 0, 88, 188, 149, 12, 39.31%, 1, 0, 4, 441.33, 201687, 160, 1, 0
467, 0, 88, 188, 149, 12, 39.31%, 1, 0, 4, 456.98, 204195, 160, 1, 0
472, 0, 88, 188, 149, 12, 39.31%, 1, 0, 4, 431.67, 206383, 160, 1, 0
477, 0, 88, 188, 149, 12, 39.31%, 1, 0, 4, 420.23, 208599, 160, 1, 0
482, 0, 88, 188, 149, 12, 39.31%, 1, 0, 4, 451.19, 210891, 160, 1, 0
487, 0, 88, 189, 150, 12, 39.31%, 1, 0, 4, 459.12, 213222, 160, 1, 0
492, 0, 88, 189, 150, 12, 39.31%, 1, 0, 4, 475.85, 215623, 160, 1, 0
497, 0, 88, 190, 151, 12, 39.31%, 1, 0, 4, 456.62, 217909, 160, 1, 0
502, 0, 16, 190, 149, 11, 39.31%, 1, 0, 4, 446.28, 220223, 160, 1, 0
507, 0, 153, 191, 145, 6, 39.31%, 1, 0, 4, 438.51, 222453, 160, 1, 0
513, 0, 52, 194, 146, 4, 39.80%, 1, 0, 4, 418.29, 224654, 162, 1, 0
518, 0, 169, 197, 148, 5, 39.80%, 1, 0, 4, 413.14, 226717, 162, 1, 0
523, 0, 169, 200, 151, 5, 39.80%, 1, 0, 4, 429.51, 228882, 162, 1, 0
528, 0, 169, 201, 152, 5, 40.54%, 1, 0, 4, 440.24, 231129, 165, 1, 0
533, 0, 169, 202, 153, 5, 40.54%, 1, 0, 4, 454.37, 233496, 165, 1, 0
538, 0, 200, 202, 152, 5, 40.54%, 1, 0, 4, 471.74, 235851, 165, 1, 0
543, 0, 202, 205, 154, 7, 41.52%, 1, 0, 4, 441.22, 238013, 169, 1, 0
548, 0, 204, 213, 160, 6, 41.52%, 1, 0, 5, 470.33, 240485, 169, 1, 0
553, 0, 192, 214, 160, 5, 41.52%, 1, 0, 5, 453.74, 242791, 169, 1, 0
558, 0, 160, 214, 157, 2, 41.52%, 1, 0, 5, 475.24, 245177, 169, 1, 0
564, 0, 211, 214, 155, 0, 41.52%, 1, 0, 5, 456.63, 247421, 169, 1, 0
569, 0, 61, 217, 157, 0, 41.52%, 1, 0, 5, 448.56, 249739, 169, 1, 0
574, 0, 133, 217, 152, 0, 41.52%, 1, 0, 5, 438.89, 251859, 169, 1, 0
579, 0, 218, 225, 159, 1, 47.42%, 1, 0, 5, 454.27, 254117, 193, 1, 0
584, 0, 218, 229, 163, 1, 48.65%, 1, 0, 5, 437.75, 256392, 198, 1, 0
589, 0, 220, 229, 161, 2, 48.65%, 1, 0, 5, 423.37, 258640, 198, 1, 0
594, 0, 220, 232, 164, 2, 48.65%, 1, 0, 6, 447.51, 260985, 198, 1, 0
599, 0, 139, 233, 162, 1, 48.65%, 1, 0, 6, 454.73, 263266, 198, 1, 0
604, 0, 228, 234, 159, 1, 48.65%, 1, 0, 6, 462.40, 265629, 198, 1, 0
609, 0, 240, 241, 165, 1, 48.89%, 1, 0, 6, 455.91, 267845, 199, 1, 0
614, 0, 120, 241, 160, 0, 48.89%, 1, 0, 6, 427.05, 270027, 199, 1, 0
619, 0, 231, 261, 180, 0, 48.89%, 1, 0, 7, 413.00, 272155, 199, 1, 0
624, 0, 231, 271, 190, 0, 48.89%, 1, 0, 7, 419.91, 274305, 199, 1, 0
630, 0, 231, 277, 196, 0, 49.39%, 1, 0, 7, 425.22, 276523, 201, 1, 0
635, 0, 231, 278, 197, 0, 49.39%, 1, 0, 7, 428.70, 278666, 201, 1, 0
640, 0, 231, 278, 197, 0, 49.39%, 1, 0, 7, 409.87, 280738, 201, 1, 0
645, 0, 271, 279, 196, 2, 49.39%, 1, 0, 7, 427.89, 282917, 201, 1, 0
650, 0, 272, 279, 195, 1, 49.39%, 1, 0, 7, 413.74, 284962, 201, 1, 0
655, 0, 272, 292, 208, 1, 49.39%, 1, 0, 8, 452.39, 287279, 201, 1, 0
660, 0, 142, 294, 207, 0, 49.39%, 1, 0, 8, 440.51, 289490, 201, 1, 0
665, 0, 182, 294, 205, 0, 49.39%, 1, 0, 8, 418.18, 291581, 201, 1, 0
670, 0, 236, 294, 202, 0, 49.39%, 1, 0, 8, 410.58, 293665, 201, 1, 0
675, 0, 267, 294, 200, 0, 49.39%, 1, 0, 8, 463.62, 296047, 201, 1, 0
680, 0, 294, 296, 201, 0, 49.39%, 1, 0, 9, 418.36, 298165, 201, 1, 0
685, 0, 243, 297, 200, 0, 49.39%, 1, 0, 9, 410.31, 300180, 201, 1, 0
690, 0, 209, 297, 199, 0, 49.39%, 1, 0, 9, 402.47, 302189, 201, 1, 0
695, 0, 193, 301, 202, 0, 49.39%, 1, 0, 9, 441.29, 304379, 201, 1, 0
701, 0, 300, 301, 202, 1, 49.39%, 1, 0, 9, 462.24, 306721, 201, 1, 0
706, 0, 240, 302, 201, 0, 49.63%, 1, 0, 9, 477.08, 309058, 202, 1, 0
711, 0, 0, 302, 200, 0, 49.63%, 1, 0, 9, 434.13, 311134, 202, 1, 0
716, 0, 228, 302, 197, 0, 49.63%, 1, 0, 9, 443.14, 313355, 202, 1, 0
721, 0, 207, 302, 196, 0, 49.63%, 1, 0, 9, 435.74, 315514, 202, 1, 0
726, 0, 284, 302, 195, 0, 49.63%, 1, 0, 9, 405.34, 317542, 202, 1, 0
731, 0, 284, 306, 199, 0, 49.63%, 1, 0, 9, 418.51, 319666, 202, 1, 0
736, 0, 225, 307, 197, 0, 49.63%, 1, 0, 10, 428.09, 321931, 202, 1, 0
741, 0, 96, 308, 197, 0, 49.63%, 1, 0, 10, 434.32, 324114, 202, 1, 0
746, 0, 177, 308, 194, 0, 49.63%, 1, 0, 10, 408.69, 326164, 202, 1, 0
752, 0, 69, 308, 191, 0, 49.63%, 1, 0, 10, 435.59, 328347, 202, 1, 0
757, 0, 204, 308, 188, 0, 49.63%, 1, 0, 10, 453.64, 330610, 202, 1, 0
762, 0, 212, 308, 188, 0, 49.63%, 1, 0, 10, 78.51, 332582, 202, 1, 0
767, 0, 179, 308, 185, 0, 49.63%, 1, 0, 10, 437.89, 334764, 202, 1, 0
772, 0, 245, 308, 182, 0, 49.63%, 1, 0, 10, 445.99, 337044, 202, 1, 0
777, 0, 216, 308, 180, 0, 49.63%, 1, 0, 10, 428.09, 339114, 202, 1, 0
782, 0, 305, 309, 180, 0, 49.63%, 1, 0, 10, 404.10, 341147, 202, 1, 0
787, 0, 211, 309, 179, 0, 49.63%, 1, 0, 10, 410.89, 343224, 202, 1, 0
792, 0, 290, 313, 183, 0, 49.63%, 1, 0, 10, 410.93, 345320, 202, 1, 0
797, 0, 290, 316, 186, 0, 49.63%, 1, 0, 10, 422.20, 347429, 202, 1, 0
802, 0, 290, 320, 190, 0, 49.63%, 1, 0, 10, 438.78, 349625, 202, 1, 0
807, 0, 290, 320, 190, 0, 49.63%, 1, 0, 10, 433.33, 351801, 202, 1, 0
812, 0, 202, 320, 187, 0, 49.63%, 1, 0, 10, 423.16, 353951, 202, 1, 0
817, 0, 318, 323, 189, 0, 49.63%, 1, 0, 10, 420.34, 356034, 202, 1, 0
822, 0, 118, 323, 188, 0, 49.63%, 1, 0, 10, 414.20, 358158, 202, 1, 0
827, 0, 211, 323, 186, 0, 49.63%, 1, 0, 10, 441.39, 360386, 202, 1, 0
833, 1, 285, 323, 186, 0, 49.63%, 1, 0, 10, 444.17, 362541, 202, 1, 0
838, 1, 312, 323, 184, 0, 49.63%, 1, 0, 10, 418.04, 364561, 202, 1, 0
843, 1, 105, 323, 181, 0, 49.63%, 1, 0, 10, 400.43, 366567, 202, 1, 0
848, 1, 238, 323, 178, 0, 49.63%, 1, 0, 10, 434.31, 368789, 202, 1, 0
853, 1, 89, 323, 175, 0, 49.63%, 1, 0, 10, 417.89, 370886, 202, 1, 0
858, 1, 108, 323, 173, 0, 49.63%, 1, 0, 10, 440.30, 373184, 202, 1, 0
863, 1, 315, 324, 173, 0, 49.63%, 1, 0, 10, 436.31, 375431, 202, 1, 0
868, 1, 276, 325, 173, 0, 49.63%, 1, 0, 10, 403.02, 377333, 202, 1, 0
873, 1, 37, 325, 171, 0, 49.63%, 1, 0, 10, 414.67, 379429, 202, 1, 0
878, 1, 168, 325, 170, 0, 49.63%, 1, 0, 10, 409.83, 381523, 202, 1, 0
883, 1, 77, 326, 169, 0, 49.63%, 1, 0, 10, 415.35, 383583, 202, 1, 0
888, 1, 81, 327, 167, 0, 49.63%, 1, 0, 10, 403.63, 385694, 202, 1, 0
893, 1, 57, 327, 164, 0, 49.63%, 1, 0, 10, 425.48, 387833, 202, 1, 0
899, 1, 328, 329, 165, 1, 49.88%, 1, 0, 10, 331.65, 389548, 203, 1, 0
900, 1, 215, 329, 164, 0, 49.88%, 1, 0, 10, 332.23, 390146, 203, 1, 0
