# relative_time, cycles_done, cur_item, corpus_count, pending_total, pending_favs, map_size, saved_crashes, saved_hangs, max_depth, execs_per_sec, total_execs, edges_found, total_crashes, servers_count
60, 0, 9, 70, 65, 4, 30.71%, 0, 0, 2, 429.26, 26496, 125, 0, 0
65, 0, 9, 71, 66, 4, 30.71%, 0, 0, 2, 425.97, 28575, 125, 0, 0
70, 0, 9, 72, 67, 4, 30.71%, 0, 0, 2, 449.19, 30934, 125, 0, 0
76, 0, 9, 74, 69, 4, 30.96%, 0, 0, 2, 428.70, 33092, 126, 0, 0
81, 0, 9, 75, 70, 4, 30.96%, 0, 0, 2, 431.35, 35267, 126, 0, 0
86, 0, 9, 75, 70, 4, 30.96%, 0, 0, 2, 445.94, 37555, 126, 0, 0
91, 0, 9, 76, 71, 4, 30.96%, 0, 0, 2, 453.11, 39861, 126, 0, 0
96, 0, 9, 76, 71, 4, 30.96%, 0, 0, 2, 434.15, 42043, 126, 0, 0
101, 0, 9, 77, 72, 4, 30.96%, 0, 0, 2, 407.50, 44066, 126, 0, 0
106, 0, 9, 78, 73, 4, 30.96%, 0, 0, 2, 395.56, 46128, 126, 0, 0
111, 0, 9, 80, 75, 4, 30.96%, 0, 0, 2, 426.95, 48455, 126, 0, 0
116, 0, 9, 80, 75, 4, 30.96%, 0, 0, 2, 432.05, 50647, 126, 0, 0
121, 0, 9, 81, 76, 4, 30.96%, 0, 0, 2, 446.82, 52958, 126, 0, 0
126, 0, 28, 129, 123, 32, 43.49%, 0, 0, 2, 401.35, 54996, 177, 0, 0
132, 0, 75, 134, 124, 29, 43.73%, 0, 0, 3, 395.74, 57045, 178, 0, 0
137, 0, 75, 142, 132, 29, 43.73%, 0, 0, 3, 427.14, 59213, 178, 0, 0
142, 0, 75, 149, 139, 29, 43.73%, 0, 0, 3, 415.24, 61271, 178, 0, 0
147, 0, 75, 149, 139, 29, 43.73%, 0, 0, 3, 446.55, 63535, 178, 0, 0
152, 0, 75, 151, 141, 29, 43.73%, 0, 0, 3, 424.53, 65717, 178, 0, 0
157, 0, 75, 152, 142, 29, 43.73%, 0, 0, 3, 434.12, 67901, 178, 0, 0
162, 0, 137, 153, 138, 24, 43.73%, 0, 0, 3, 421.75, 70028, 178, 0, 0
167, 0, 153, 155, 138, 24, 44.72%, 0, 0, 3, 458.65, 72436, 182, 0, 0
172, 0, 94, 162, 143, 22, 45.95%, 1, 0, 3, 489.74, 74987, 187, 1, 0
177, 0, 159, 162, 141, 24, 45.95%, 1, 0, 3, 470.23, 77406, 187, 1, 0
182, 0, 158, 163, 140, 23, 45.95%, 1, 0, 3, 459.26, 79677, 187, 1, 0
188, 0, 87, 163, 138, 21, 45.95%, 1, 0, 3, 437.30, 81862, 187, 1, 0
193, 0, 109, 163, 137, 20, 45.95%, 1, 0, 3, 432.09, 84017, 187, 1, 0
198, 0, 166, 176, 149, 20, 45.95%, 1, 0, 3, 432.01, 86292, 187, 1, 0
203, 0, 106, 176, 146, 17, 45.95%, 1, 0, 3, 417.45, 88374, 187, 1, 0
208, 0, 71, 176, 144, 15, 45.95%, 1, 0, 3, 433.49, 90557, 187, 1, 0
213, 0, 128, 181, 147, 13, 46.68%, 1, 0, 4, 407.02, 92635, 190, 1, 0
218, 0, 179, 187, 152, 13, 46.68%, 1, 0, 4, 439.14, 94908, 190, 1, 0
223, 0, 179, 189, 154, 13, 46.68%, 1, 0, 4, 474.70, 97427, 190, 1, 0
228, 0, 179, 192, 157, 13, 47.17%, 1, 0, 4, 435.81, 99567, 192, 1, 0
233, 0, 179, 195, 160, 13, 47.17%, 1, 0, 4, 431.69, 101764, 192, 1, 0
239, 0, 179, 195, 160, 13, 47.17%, 1, 0, 4, 434.41, 103924, 192, 1, 0
244, 0, 179, 197, 162, 13, 47.17%, 1, 0, 4, 429.23, 105978, 192, 1, 0
249, 0, 179, 197, 162, 13, 47.17%, 1, 0, 4, 408.76, 108034, 192, 1, 0
254, 0, 179, 197, 162, 13, 47.17%, 1, 0, 4, 416.64, 110178, 192, 1, 0
259, 0, 179, 197, 162, 13, 47.17%, 1, 0, 4, 442.64, 112410, 192, 1, 0
264, 0, 179, 197, 162, 13, 47.17%, 1, 0, 4, 430.00, 114626, 192, 1, 0
269, 0, 179, 198, 163, 13, 47.17%, 1, 0, 4, 466.11, 116903, 192, 1, 0
274, 0, 179, 198, 163, 13, 47.17%, 1, 0, 4, 457.75, 119162, 192, 1, 0
279, 0, 179, 198, 163, 13, 47.17%, 1, 0, 4, 468.69, 121565, 192, 1, 0
284, 0, 179, 199, 164, 13, 47.17%, 1, 0, 4, 413.57, 123672, 192, 1, 0
289, 0, 179, 199, 164, 13, 47.17%, 1, 0, 4, 408.96, 125832, 192, 1, 0
294, 0, 179, 199, 164, 13, 47.17%, 1, 0, 4, 435.28, 128088, 192, 1, 0
300, 0, 179, 199, 164, 13, 47.17%, 1, 0, 4, 436.84, 130280, 192, 1, 0
305, 0, 179, 199, 164, 13, 47.17%, 1, 0, 4, 453.34, 132520, 192, 1, 0
310, 0, 179, 199, 164, 13, 47.17%, 1, 0, 4, 443.14, 134784, 192, 1, 0
315, 0, 179, 199, 164, 13, 47.17%, 1, 0, 4, 484.89, 137214, 192, 1, 0
320, 0, 179, 202, 167, 13, 47.17%, 1, 0, 4, 467.32, 139539, 192, 1, 0
325, 0, 179, 203, 168, 13, 47.17%, 1, 0, 4, 432.34, 141708, 192, 1, 0
330, 0, 179, 204, 169, 13, 47.17%, 1, 0, 4, 481.17, 144107, 192, 1, 0
335, 0, 15, 204, 165, 12, 47.17%, 1, 0, 4, 441.36, 146238, 192, 1, 0
340, 0, 97, 204, 163, 10, 47.17%, 1, 0, 4, 446.10, 148550, 192, 1, 0
345, 0, 100, 204, 162, 9, 47.17%, 1, 0, 4, 399.46, 150635, 192, 1, 0
350, 0, 100, 204, 162, 9, 47.17%, 1, 0, 4, 398.66, 152730, 192, 1, 0
356, 0, 100, 207, 165, 9, 47.17%, 1, 0, 4, 395.83, 154718, 192, 1, 0
361, 0, 100, 208, 166, 9, 47.17%, 1, 0, 4, 400.89, 156783, 192, 1, 0
366, 0, 100, 208, 166, 9, 47.17%, 1, 0, 4, 397.45, 158855, 192, 1, 0
371, 0, 100, 208, 166, 9, 47.17%, 1, 0, 4, 390.39, 160864, 192, 1, 0
376, 0, 127, 209, 163, 6, 47.17%, 1, 0, 4, 408.42, 163005, 192, 1, 0
381, 0, 189, 211, 161, 3, 48.65%, 1, 0, 4, 458.38, 165374, 198, 1, 0
386, 0, 158, 211, 157, 0, 48.65%, 1, 0, 4, 447.37, 167673, 198, 1, 0
392, 0, 206, 211, 157, 0, 48.65%, 1, 0, 4, 2.21, 168259, 198, 1, 0
397, 0, 206, 211, 157, 0, 48.65%, 1, 0, 4, 27.61, 168305, 198, 1, 0
402, 0, 206, 211, 157, 0, 48.65%, 1, 0, 4, 123.17, 168920, 198, 1, 0
407, 0, 82, 211, 155, 0, 48.65%, 1, 0, 4, 116.87, 169502, 198, 1, 0
412, 0, 175, 211, 153, 0, 48.65%, 1, 0, 4, 122.25, 170136, 198, 1, 0
417, 0, 175, 211, 153, 0, 48.65%, 1, 0, 4, 108.81, 170638, 198, 1, 0
422, 0, 175, 211, 153, 0, 48.65%, 1, 0, 4, 102.73, 171132, 198, 1, 0
427, 0, 168, 211, 152, 0, 48.65%, 1, 0, 4, 112.68, 171714, 198, 1, 0
432, 0, 168, 211, 152, 0, 48.65%, 1, 0, 4, 128.50, 172372, 198, 1, 0
438, 0, 176, 212, 151, 0, 48.65%, 1, 0, 4, 121.43, 172974, 198, 1, 0
443, 0, 199, 213, 152, 0, 48.65%, 1, 0, 4, 118.20, 173568, 198, 1, 0
448, 0, 55, 213, 152, 0, 48.65%, 1, 0, 4, 106.42, 174106, 198, 1, 0
453, 0, 163, 213, 151, 0, 48.65%, 1, 0, 4, 124.74, 174730, 198, 1, 0
458, 0, 163, 213, 151, 0, 48.65%, 1, 0, 4, 132.01, 175384, 198, 1, 0
463, 0, 163, 215, 153, 0, 48.65%, 1, 0, 4, 115.36, 175930, 198, 1, 0
468, 0, 163, 215, 153, 0, 48.65%, 1, 0, 4, 110.83, 176506, 198, 1, 0
473, 0, 213, 215, 151, 0, 48.65%, 1, 0, 4, 112.09, 177084, 198, 1, 0
478, 0, 213, 215, 151, 0, 48.65%, 1, 0, 4, 130.55, 177775, 198, 1, 0
484, 0, 208, 216, 151, 0, 48.65%, 1, 0, 4, 112.25, 178362, 198, 1, 0
489, 0, 36, 216, 150, 0, 48.65%, 1, 0, 4, 109.61, 178930, 198, 1, 0
494, 0, 111, 216, 150, 0, 48.65%, 1, 0, 4, 106.94, 179474, 198, 1, 0
499, 0, 18, 216, 150, 0, 48.65%, 1, 0, 4, 120.21, 180082, 198, 1, 0
504, 0, 8, 216, 149, 0, 48.65%, 1, 0, 4, 114.17, 180648, 198, 1, 0
509, 0, 8, 216, 149, 0, 48.65%, 1, 0, 4, 113.55, 181250, 198, 1, 0
514, 0, 186, 216, 148, 0, 48.65%, 1, 0, 4, 117.94, 181860, 198, 1, 0
520, 0, 103, 216, 147, 0, 48.65%, 1, 0, 4, 116.18, 182454, 198, 1, 0
525, 0, 103, 216, 147, 0, 48.65%, 1, 0, 4, 111.18, 183040, 198, 1, 0
530, 0, 176, 216, 146, 0, 48.65%, 1, 0, 4, 122.23, 183633, 198, 1, 0
535, 0, 26, 216, 145, 0, 48.65%, 1, 0, 4, 118.50, 184237, 198, 1, 0
540, 0, 176, 216, 145, 0, 48.65%, 1, 0, 4, 121.49, 184836, 198, 1, 0
545, 0, 210, 217, 146, 0, 48.65%, 1, 0, 5, 106.01, 185355, 198, 1, 0
550, 0, 210, 217, 146, 0, 48.65%, 1, 0, 5, 113.73, 185939, 198, 1, 0
555, 0, 165, 217, 146, 0, 48.65%, 1, 0, 5, 107.40, 186517, 198, 1, 0
560, 0, 165, 217, 146, 0, 48.65%, 1, 0, 5, 117.74, 187127, 198, 1, 0
565, 0, 78, 217, 145, 0, 48.65%, 1, 0, 5, 118.61, 187717, 198, 1, 0
570, 0, 17, 217, 144, 0, 48.65%, 1, 0, 5, 112.78, 188266, 198, 1, 0
576, 0, 0, 217, 142, 0, 48.65%, 1, 0, 5, 113.67, 188874, 198, 1, 0
581, 0, 127, 217, 140, 0, 48.65%, 1, 0, 5, 115.76, 189492, 198, 1, 0
586, 0, 207, 217, 140, 0, 48.65%, 1, 0, 5, 122.32, 190152, 198, 1, 0
591, 0, 207, 218, 141, 0, 48.65%, 1, 0, 5, 105.97, 190711, 198, 1, 0
596, 0, 207, 220, 143, 0, 48.65%, 1, 0, 5, 100.53, 191219, 198, 1, 0
601, 0, 207, 220, 143, 0, 48.65%, 1, 0, 5, 93.22, 191712, 198, 1, 0
606, 0, 137, 221, 142, 0, 48.65%, 1, 0, 5, 121.93, 192334, 198, 1, 0
611, 0, 137, 222, 143, 0, 48.65%, 1, 0, 5, 108.41, 192863, 198, 1, 0
617, 0, 137, 222, 143, 0, 48.65%, 1, 0, 5, 104.49, 193435, 198, 1, 0
622, 0, 137, 223, 144, 0, 48.65%, 1, 0, 5, 99.11, 193972, 198, 1, 0
627, 0, 137, 223, 144, 0, 48.65%, 1, 0, 5, 118.79, 194600, 198, 1, 0
632, 0, 137, 223, 144, 0, 48.65%, 1, 0, 5, 107.27, 195132, 198, 1, 0
637, 0, 122, 223, 144, 0, 48.65%, 1, 0, 5, 122.86, 195800, 198, 1, 0
643, 0, 83, 223, 143, 0, 48.65%, 1, 0, 5, 117.19, 196335, 198, 1, 0
648, 0, 37, 223, 142, 0, 48.65%, 1, 0, 5, 121.61, 196976, 198, 1, 0
653, 0, 96, 223, 142, 0, 48.65%, 1, 0, 5, 124.02, 197584, 198, 1, 0
658, 0, 96, 225, 144, 0, 48.65%, 1, 0, 5, 112.92, 198144, 198, 1, 0
663, 0, 96, 227, 146, 0, 48.65%, 1, 0, 5, 128.21, 198802, 198, 1, 0
668, 0, 96, 227, 146, 0, 48.65%, 1, 0, 5, 115.45, 199366, 198, 1, 0
673, 0, 225, 227, 145, 0, 48.65%, 1, 0, 5, 126.41, 199878, 198, 1, 0
679, 0, 140, 229, 146, 0, 48.65%, 1, 0, 5, 124.03, 200509, 198, 1, 0
684, 0, 166, 229, 145, 0, 48.65%, 1, 0, 5, 110.33, 201054, 198, 1, 0
689, 0, 166, 231, 147, 0, 48.65%, 1, 0, 5, 124.80, 201698, 198, 1, 0
694, 0, 166, 237, 153, 0, 48.65%, 1, 0, 5, 81.94, 202260, 198, 1, 0
699, 0, 166, 240, 156, 0, 48.65%, 1, 0, 5, 110.45, 202871, 198, 1, 0
704, 0, 166, 241, 157, 0, 48.65%, 1, 0, 5, 114.16, 203462, 198, 1, 0
709, 0, 166, 242, 158, 0, 48.65%, 1, 0, 5, 117.64, 204053, 198, 1, 0
715, 0, 166, 243, 159, 0, 48.89%, 1, 0, 5, 110.39, 204620, 199, 1, 0
720, 0, 166, 243, 159, 0, 48.89%, 1, 0, 5, 119.71, 205212, 199, 1, 0
725, 0, 166, 245, 161, 0, 48.89%, 1, 0, 5, 116.54, 205804, 199, 1, 0
730, 0, 166, 245, 161, 0, 48.89%, 1, 0, 5, 109.39, 206364, 199, 1, 0
735, 0, 166, 245, 161, 0, 48.89%, 1, 0, 5, 118.41, 206968, 199, 1, 0
740, 0, 166, 246, 162, 0, 48.89%, 1, 0, 5, 113.15, 207549, 199, 1, 0
745, 0, 166, 246, 162, 0, 48.89%, 1, 0, 5, 114.45, 208163, 199, 1, 0
751, 0, 242, 246, 162, 1, 48.89%, 1, 0, 5, 124.24, 208821, 199, 1, 0
756, 0, 242, 246, 162, 1, 48.89%, 1, 0, 5, 123.63, 209426, 199, 1, 0
761, 0, 242, 246, 162, 1, 48.89%, 1, 0, 5, 121.79, 210052, 199, 1, 0
766, 0, 242, 246, 162, 1, 48.89%, 1, 0, 5, 102.26, 210547, 199, 1, 0
771, 0, 242, 246, 162, 1, 48.89%, 1, 0, 5, 102.48, 211068, 199, 1, 0
776, 0, 160, 247, 162, 0, 48.89%, 1, 0, 5, 107.77, 211641, 199, 1, 0
781, 0, 160, 249, 164, 0, 48.89%, 1, 0, 5, 111.34, 212233, 199, 1, 0
786, 0, 160, 249, 164, 0, 48.89%, 1, 0, 5, 114.91, 212843, 199, 1, 0
791, 0, 160, 250, 165, 0, 48.89%, 1, 0, 5, 110.80, 213430, 199, 1, 0
796, 0, 160, 250, 165, 0, 48.89%, 1, 0, 5, 107.28, 213966, 199, 1, 0
802, 0, 160, 250, 165, 0, 48.89%, 1, 0, 5, 125.64, 214590, 199, 1, 0
807, 0, 160, 250, 165, 0, 48.89%, 1, 0, 5, 124.63, 215216, 199, 1, 0
812, 0, 160, 251, 166, 0, 48.89%, 1, 0, 5, 109.53, 215771, 199, 1, 0
817, 0, 160, 252, 167, 0, 48.89%, 1, 0, 5, 114.33, 216378, 199, 1, 0
822, 0, 160, 252, 167, 0, 48.89%, 1, 0, 5, 113.40, 216978, 199, 1, 0
827, 0, 160, 252, 167, 0, 48.89%, 1, 0, 5, 122.24, 217592, 199, 1, 0
832, 0, 160, 252, 167, 0, 48.89%, 1, 0, 5, 117.36, 218166, 199, 1, 0
837, 0, 160, 253, 168, 0, 48.89%, 1, 0, 5, 114.53, 218741, 199, 1, 0
842, 0, 160, 253, 168, 0, 48.89%, 1, 0, 5, 115.90, 219323, 199, 1, 0
847, 0, 160, 253, 168, 0, 48.89%, 1, 0, 5, 115.68, 219901, 199, 1, 0
853, 0, 160, 253, 168, 0, 48.89%, 1, 0, 5, 121.64, 220539, 199, 1, 0
858, 0, 160, 253, 168, 0, 48.89%, 1, 0, 5, 111.97, 221095, 199, 1, 0
863, 0, 70, 253, 168, 0, 48.89%, 1, 0, 5, 104.91, 221606, 199, 1, 0
868, 0, 137, 253, 167, 0, 48.89%, 1, 0, 5, 103.94, 222144, 199, 1, 0
873, 0, 248, 253, 167, 0, 48.89%, 1, 0, 5, 121.49, 222782, 199, 1, 0
878, 0, 137, 253, 166, 0, 48.89%, 1, 0, 5, 129.53, 223463, 199, 1, 0
883, 0, 75, 253, 166, 0, 48.89%, 1, 0, 5, 109.44, 223990, 199, 1, 0
888, 0, 137, 253, 166, 0, 48.89%, 1, 0, 5, 93.92, 224478, 199, 1, 0
893, 0, 7, 253, 166, 0, 48.89%, 1, 0, 5, 111.83, 225068, 199, 1, 0
898, 0, 253, 254, 166, 1, 49.14%, 1, 0, 5, 114.50, 225624, 200, 1, 0
900, 0, 253, 254, 166, 1, 49.14%, 1, 0, 5, 113.07, 225847, 200, 1, 0
