# relative_time, cycles_done, cur_item, corpus_count, pending_total, pending_favs, map_size, saved_crashes, saved_hangs, max_depth, execs_per_sec, total_execs, edges_found, total_crashes, servers_count
61, 0, 9, 70, 65, 3, 31.45%, 0, 0, 2, 449.06, 27391, 128, 0, 0
66, 0, 9, 70, 65, 3, 31.45%, 0, 0, 2, 446.74, 29637, 128, 0, 0
71, 0, 9, 71, 66, 3, 31.45%, 0, 0, 2, 452.71, 31930, 128, 0, 0
76, 0, 9, 71, 66, 3, 31.45%, 0, 0, 2, 443.92, 34174, 128, 0, 0
81, 0, 9, 71, 66, 3, 31.45%, 0, 0, 2, 447.27, 36382, 128, 0, 0
86, 0, 9, 71, 66, 3, 31.45%, 0, 0, 2, 433.13, 38558, 128, 0, 0
91, 0, 9, 71, 66, 3, 31.45%, 0, 0, 2, 431.41, 40766, 128, 0, 0
96, 0, 9, 72, 67, 3, 31.45%, 0, 0, 2, 450.68, 43097, 128, 0, 0
101, 0, 9, 72, 67, 3, 31.45%, 0, 0, 2, 435.35, 45293, 128, 0, 0
107, 0, 9, 72, 67, 3, 31.45%, 0, 0, 2, 460.46, 47615, 128, 0, 0
112, 0, 9, 72, 67, 3, 31.45%, 0, 0, 2, 443.55, 49845, 128, 0, 0
117, 0, 9, 72, 67, 3, 31.45%, 0, 0, 2, 455.82, 52079, 128, 0, 0
122, 0, 9, 72, 67, 3, 31.45%, 0, 0, 2, 424.91, 54141, 128, 0, 0
127, 0, 64, 104, 98, 30, 35.87%, 0, 0, 3, 461.26, 56452, 146, 0, 0
132, 0, 64, 106, 100, 30, 35.87%, 0, 0, 3, 443.14, 58647, 146, 0, 0
137, 0, 64, 108, 102, 30, 36.12%, 0, 0, 3, 426.59, 60734, 147, 0, 0
142, 0, 64, 112, 106, 30, 36.12%, 0, 0, 3, 451.50, 63134, 147, 0, 0
147, 0, 64, 113, 107, 30, 36.12%, 0, 0, 3, 446.15, 65338, 147, 0, 0
152, 0, 64, 114, 108, 30, 36.12%, 0, 0, 3, 430.62, 67457, 147, 0, 0
157, 0, 64, 116, 110, 30, 36.12%, 0, 0, 3, 444.35, 69719, 147, 0, 0
162, 0, 64, 118, 112, 30, 36.12%, 0, 0, 3, 460.01, 72059, 147, 0, 0
167, 0, 64, 120, 114, 30, 36.12%, 0, 0, 3, 455.85, 74305, 147, 0, 0
173, 0, 64, 120, 114, 30, 36.12%, 0, 0, 3, 438.56, 76563, 147, 0, 0
178, 0, 64, 120, 114, 30, 36.12%, 0, 0, 3, 458.61, 78868, 147, 0, 0
183, 0, 64, 122, 116, 30, 36.12%, 0, 0, 3, 441.01, 81137, 147, 0, 0
188, 0, 64, 122, 116, 30, 36.12%, 0, 0, 3, 440.81, 83394, 147, 0, 0
193, 0, 64, 122, 116, 30, 36.12%, 0, 0, 3, 463.34, 85768, 147, 0, 0
198, 0, 64, 123, 117, 30, 36.12%, 0, 0, 3, 450.74, 88034, 147, 0, 0
203, 0, 64, 123, 117, 30, 36.12%, 0, 0, 3, 451.90, 90329, 147, 0, 0
208, 0, 64, 123, 117, 30, 36.12%, 0, 0, 3, 452.43, 92687, 147, 0, 0
213, 0, 64, 124, 118, 30, 36.12%, 0, 0, 3, 452.15, 94944, 147, 0, 0
218, 0, 64, 124, 118, 30, 36.12%, 0, 0, 3, 431.71, 97152, 147, 0, 0
224, 0, 64, 124, 118, 30, 36.12%, 0, 0, 3, 452.05, 99453, 147, 0, 0
229, 0, 64, 124, 118, 30, 36.12%, 0, 0, 3, 447.92, 101838, 147, 0, 0
234, 0, 64, 125, 119, 30, 36.12%, 0, 0, 3, 421.73, 103903, 147, 0, 0
239, 0, 64, 125, 119, 30, 36.12%, 0, 0, 3, 419.78, 106031, 147, 0, 0
244, 0, 76, 126, 113, 20, 36.36%, 0, 0, 3, 432.54, 108223, 148, 0, 0
249, 0, 75, 128, 112, 18, 36.86%, 0, 0, 3, 417.36, 110213, 150, 0, 0
254, 0, 75, 141, 125, 18, 38.08%, 1, 0, 3, 417.15, 112328, 155, 1, 0
259, 0, 75, 145, 129, 18, 38.08%, 1, 0, 3, 441.49, 114660, 155, 1, 0
264, 0, 75, 146, 130, 18, 38.08%, 1, 0, 3, 429.22, 116795, 155, 1, 0
269, 0, 75, 148, 132, 18, 38.08%, 1, 0, 3, 438.97, 118961, 155, 1, 0
274, 0, 75, 149, 133, 18, 38.08%, 1, 0, 3, 445.95, 121276, 155, 1, 0
279, 0, 75, 150, 134, 18, 38.08%, 1, 0, 3, 425.82, 123463, 155, 1, 0
285, 0, 75, 151, 135, 18, 38.08%, 1, 0, 3, 422.51, 125614, 155, 1, 0
290, 0, 75, 152, 136, 18, 38.82%, 1, 0, 3, 435.20, 127789, 158, 1, 0
295, 0, 75, 153, 137, 18, 38.82%, 1, 0, 3, 440.63, 129980, 158, 1, 0
300, 0, 75, 153, 137, 18, 38.82%, 1, 0, 3, 450.37, 132293, 158, 1, 0
305, 0, 75, 153, 137, 18, 38.82%, 1, 0, 3, 418.29, 134412, 158, 1, 0
310, 0, 75, 153, 137, 18, 38.82%, 1, 0, 3, 427.23, 136620, 158, 1, 0
315, 0, 75, 153, 137, 18, 38.82%, 1, 0, 3, 451.08, 138926, 158, 1, 0
320, 0, 0, 154, 137, 19, 38.82%, 1, 0, 3, 435.22, 141091, 158, 1, 0
325, 0, 105, 158, 139, 17, 38.82%, 1, 0, 4, 449.76, 143374, 158, 1, 0
330, 0, 105, 160, 141, 17, 38.82%, 1, 0, 4, 440.25, 145579, 158, 1, 0
335, 0, 105, 161, 142, 17, 38.82%, 1, 0, 4, 409.07, 147674, 158, 1, 0
340, 0, 120, 163, 143, 16, 38.82%, 1, 0, 4, 433.71, 149878, 158, 1, 0
345, 0, 164, 172, 150, 15, 38.82%, 1, 0, 6, 429.75, 152063, 158, 1, 0
350, 0, 164, 176, 154, 15, 38.82%, 1, 0, 6, 439.19, 154307, 158, 1, 0
355, 0, 164, 177, 155, 15, 38.82%, 1, 0, 6, 434.09, 156490, 158, 1, 0
361, 0, 164, 179, 157, 15, 38.82%, 1, 0, 6, 434.26, 158712, 158, 1, 0
366, 0, 164, 182, 160, 15, 38.82%, 1, 0, 6, 432.24, 160885, 158, 1, 0
371, 0, 164, 183, 161, 15, 38.82%, 1, 0, 6, 401.41, 162932, 158, 1, 0
376, 0, 163, 183, 157, 14, 38.82%, 1, 0, 6, 433.71, 165210, 158, 1, 0
381, 0, 131, 183, 152, 9, 38.82%, 1, 0, 6, 476.37, 167699, 158, 1, 0
386, 0, 103, 183, 151, 8, 38.82%, 1, 0, 6, 464.33, 170014, 158, 1, 0
391, 0, 180, 187, 154, 7, 38.82%, 1, 0, 7, 448.30, 172273, 158, 1, 0
396, 0, 78, 187, 152, 6, 38.82%, 1, 0, 7, 461.48, 174544, 158, 1, 0
401, 0, 74, 187, 148, 3, 38.82%, 1, 0, 7, 456.34, 176873, 158, 1, 0
406, 0, 140, 188, 148, 2, 38.82%, 1, 0, 7, 466.33, 179246, 158, 1, 0
411, 0, 178, 191, 149, 2, 38.82%, 1, 0, 7, 469.97, 181583, 158, 1, 0
416, 0, 178, 191, 149, 2, 38.82%, 1, 0, 7, 456.95, 183860, 158, 1, 0
421, 0, 178, 193, 151, 2, 38.82%, 1, 0, 7, 440.04, 186047, 158, 1, 0
427, 0, 178, 194, 152, 2, 38.82%, 1, 0, 7, 425.43, 188158, 158, 1, 0
432, 0, 178, 194, 152, 2, 38.82%, 1, 0, 7, 435.19, 190358, 158, 1, 0
437, 0, 178, 194, 152, 2, 38.82%, 1, 0, 7, 448.28, 192670, 158, 1, 0
442, 0, 178, 194, 152, 2, 38.82%, 1, 0, 7, 455.77, 194960, 158, 1, 0
447, 0, 178, 195, 153, 2, 38.82%, 1, 0, 7, 454.41, 197244, 158, 1, 0
452, 0, 178, 196, 154, 2, 38.82%, 1, 0, 7, 466.78, 199618, 158, 1, 0
457, 0, 178, 196, 154, 2, 38.82%, 1, 0, 7, 464.94, 201985, 158, 1, 0
462, 0, 178, 197, 155, 2, 38.82%, 1, 0, 7, 469.29, 204377, 158, 1, 0
467, 0, 178, 197, 155, 2, 38.82%, 1, 0, 7, 462.93, 206735, 158, 1, 0
472, 0, 178, 198, 156, 2, 38.82%, 1, 0, 7, 453.44, 209018, 158, 1, 0
477, 0, 178, 198, 156, 2, 38.82%, 1, 0, 7, 463.20, 211332, 158, 1, 0
482, 0, 178, 198, 156, 2, 38.82%, 1, 0, 7, 455.61, 213654, 158, 1, 0
487, 0, 178, 198, 156, 2, 38.82%, 1, 0, 7, 478.82, 216039, 158, 1, 0
492, 0, 178, 198, 156, 2, 38.82%, 1, 0, 7, 431.48, 218114, 158, 1, 0
498, 0, 152, 200, 154, 1, 38.82%, 1, 0, 8, 471.18, 220549, 158, 1, 0
503, 0, 114, 200, 151, 0, 38.82%, 1, 0, 8, 476.61, 223081, 158, 1, 0
508, 0, 105, 200, 148, 0, 38.82%, 1, 0, 8, 437.48, 225270, 158, 1, 0
513, 0, 147, 200, 147, 0, 38.82%, 1, 0, 8, 439.25, 227516, 158, 1, 0
518, 0, 197, 200, 144, 0, 38.82%, 1, 0, 8, 411.05, 229578, 158, 1, 0
523, 0, 87, 201, 142, 0, 38.82%, 1, 0, 8, 415.87, 231663, 158, 1, 0
528, 0, 119, 202, 141, 0, 38.82%, 1, 0, 8, 424.29, 233863, 158, 1, 0
533, 0, 131, 206, 142, 0, 38.82%, 1, 0, 8, 424.95, 236063, 158, 1, 0
538, 0, 185, 206, 142, 0, 38.82%, 1, 0, 8, 437.83, 238304, 158, 1, 0
543, 0, 148, 206, 140, 0, 38.82%, 1, 0, 8, 448.47, 240502, 158, 1, 0
548, 0, 151, 206, 136, 0, 38.82%, 1, 0, 8, 423.34, 242687, 158, 1, 0
554, 0, 84, 206, 134, 0, 38.82%, 1, 0, 8, 463.96, 245087, 158, 1, 0
559, 0, 26, 207, 132, 0, 38.82%, 1, 0, 8, 433.55, 247221, 158, 1, 0
564, 0, 185, 207, 129, 0, 38.82%, 1, 0, 8, 428.10, 249379, 158, 1, 0
569, 0, 68, 207, 125, 0, 38.82%, 1, 0, 8, 447.25, 251661, 158, 1, 0
574, 0, 73, 207, 121, 0, 38.82%, 1, 0, 8, 457.40, 254004, 158, 1, 0
579, 0, 130, 207, 120, 0, 38.82%, 1, 0, 8, 427.53, 256187, 158, 1, 0
584, 0, 106, 207, 118, 0, 38.82%, 1, 0, 8, 412.90, 258310, 158, 1, 0
589, 0, 142, 210, 120, 0, 38.82%, 1, 0, 8, 434.11, 260594, 158, 1, 0
594, 0, 77, 211, 120, 0, 38.82%, 1, 0, 8, 459.48, 262857, 158, 1, 0
599, 1, 75, 211, 118, 0, 38.82%, 1, 0, 8, 444.98, 265203, 158, 1, 0
604, 1, 88, 211, 114, 0, 38.82%, 1, 0, 8, 439.23, 267384, 158, 1, 0
609, 1, 211, 212, 114, 1, 39.07%, 1, 0, 8, 425.90, 269551, 159, 1, 0
614, 1, 211, 212, 114, 1, 39.07%, 1, 0, 8, 451.89, 271820, 159, 1, 0
619, 1, 211, 212, 114, 1, 39.07%, 1, 0, 8, 422.40, 273905, 159, 1, 0
624, 1, 211, 212, 114, 1, 39.07%, 1, 0, 8, 423.38, 276017, 159, 1, 0
629, 1, 57, 212, 112, 0, 39.07%, 1, 0, 8, 447.17, 278358, 159, 1, 0
634, 1, 128, 216, 114, 0, 39.07%, 1, 0, 8, 432.25, 280515, 159, 1, 0
639, 1, 217, 218, 113, 1, 39.07%, 1, 0, 8, 459.07, 282872, 159, 1, 0
645, 1, 136, 220, 113, 0, 39.07%, 1, 0, 8, 434.14, 285062, 159, 1, 0
650, 1, 99, 221, 111, 0, 39.07%, 1, 0, 8, 431.87, 287239, 159, 1, 0
655, 1, 202, 221, 107, 0, 39.07%, 1, 0, 8, 456.97, 289501, 159, 1, 0
660, 1, 111, 221, 105, 0, 39.07%, 1, 0, 8, 467.11, 291889, 159, 1, 0
665, 1, 155, 221, 101, 0, 39.07%, 1, 0, 8, 462.17, 294236, 159, 1, 0
670, 1, 215, 221, 96, 0, 39.07%, 1, 0, 8, 462.42, 296581, 159, 1, 0
675, 1, 63, 221, 94, 0, 39.07%, 1, 0, 8, 442.44, 298816, 159, 1, 0
680, 1, 199, 223, 93, 0, 39.31%, 1, 0, 9, 446.88, 301061, 160, 1, 0
685, 1, 105, 224, 92, 0, 39.31%, 1, 0, 9, 444.68, 303342, 160, 1, 0
690, 1, 223, 224, 91, 0, 39.31%, 1, 0, 9, 453.18, 305643, 160, 1, 0
695, 1, 145, 224, 88, 0, 39.31%, 1, 0, 9, 460.05, 307945, 160, 1, 0
700, 1, 90, 224, 85, 0, 39.31%, 1, 0, 9, 441.78, 310196, 160, 1, 0
705, 1, 204, 228, 85, 0, 39.31%, 1, 0, 9, 488.76, 312751, 160, 1, 0
710, 1, 204, 230, 87, 0, 39.31%, 1, 0, 9, 465.88, 315078, 160, 1, 0
715, 1, 204, 230, 87, 0, 39.31%, 1, 0, 9, 426.04, 317148, 160, 1, 0
720, 1, 204, 231, 88, 0, 39.31%, 1, 0, 9, 462.13, 319495, 160, 1, 0
725, 1, 204, 232, 89, 0, 39.31%, 1, 0, 9, 438.91, 321770, 160, 1, 0
730, 1, 191, 232, 85, 0, 39.31%, 1, 0, 9, 457.07, 324072, 160, 1, 0
736, 1, 192, 232, 83, 0, 39.31%, 1, 0, 9, 466.48, 326433, 160, 1, 0
741, 1, 226, 232, 79, 0, 39.31%, 1, 0, 9, 451.95, 328767, 160, 1, 0
746, 1, 124, 232, 75, 0, 39.31%, 1, 0, 9, 444.60, 331020, 160, 1, 0
751, 1, 124, 232, 70, 0, 39.31%, 1, 0, 9, 457.26, 333367, 160, 1, 0
756, 1, 232, 233, 69, 1, 39.56%, 1, 0, 9, 443.25, 335597, 161, 1, 0
761, 1, 213, 233, 65, 0, 39.56%, 1, 0, 9, 451.38, 337896, 161, 1, 0
766, 1, 67, 233, 61, 0, 39.56%, 1, 0, 9, 472.63, 340292, 161, 1, 0
771, 1, 7, 233, 58, 0, 39.56%, 1, 0, 9, 438.69, 342522, 161, 1, 0
776, 1, 206, 233, 54, 0, 39.56%, 1, 0, 9, 448.11, 344723, 161, 1, 0
781, 1, 155, 233, 52, 0, 39.56%, 1, 0, 9, 430.55, 346955, 161, 1, 0
786, 1, 71, 234, 50, 0, 39.56%, 1, 0, 9, 451.85, 349245, 161, 1, 0
791, 1, 80, 234, 47, 0, 39.56%, 1, 0, 9, 471.99, 351672, 161, 1, 0
796, 1, 97, 234, 43, 0, 39.56%, 1, 0, 9, 446.70, 353859, 161, 1, 0
801, 1, 185, 234, 41, 0, 39.56%, 1, 0, 9, 458.81, 356236, 161, 1, 0
807, 1, 197, 235, 40, 0, 39.56%, 1, 0, 9, 467.35, 358583, 161, 1, 0
812, 1, 224, 235, 36, 0, 39.56%, 1, 0, 9, 455.84, 360825, 161, 1, 0
817, 1, 233, 237, 36, 0, 39.56%, 1, 0, 9, 440.53, 363056, 161, 1, 0
822, 1, 233, 238, 37, 0, 39.56%, 1, 0, 9, 454.19, 365409, 161, 1, 0
827, 1, 233, 238, 37, 0, 39.56%, 1, 0, 9, 445.79, 367639, 161, 1, 0
832, 1, 15, 239, 37, 0, 39.56%, 1, 0, 9, 443.53, 369800, 161, 1, 0
837, 1, 239, 240, 35, 1, 39.56%, 1, 0, 9, 438.36, 372035, 161, 1, 0
842, 1, 217, 240, 34, 0, 39.56%, 1, 0, 9, 426.06, 374168, 161, 1, 0
847, 1, 238, 252, 45, 0, 40.79%, 1, 0, 9, 437.23, 376379, 166, 1, 0
852, 2, 245, 338, 129, 16, 51.60%, 1, 0, 9, 433.06, 378544, 210, 1, 0
857, 2, 243, 338, 127, 15, 51.60%, 1, 0, 9, 434.01, 380781, 210, 1, 0
862, 2, 244, 338, 126, 14, 51.60%, 1, 0, 9, 448.25, 383061, 210, 1, 0
867, 2, 321, 338, 124, 12, 51.60%, 1, 0, 9, 462.64, 385389, 210, 1, 0
872, 2, 334, 338, 122, 10, 51.60%, 1, 0, 9, 445.36, 387590, 210, 1, 0
877, 2, 263, 338, 121, 9, 51.60%, 1, 0, 9, 431.99, 389829, 210, 1, 0
883, 2, 258, 338, 119, 7, 51.60%, 1, 0, 9, 427.36, 392022, 210, 1, 0
888, 2, 302, 338, 117, 5, 51.60%, 1, 0, 9, 430.14, 394168, 210, 1, 0
893, 2, 310, 338, 116, 4, 51.60%, 1, 0, 9, 471.56, 396567, 210, 1, 0
898, 2, 335, 338, 115, 3, 51.60%, 1, 0, 9, 439.75, 398764, 210, 1, 0
903, 2, 328, 338, 113, 1, 51.60%, 1, 0, 9, 467.08, 401081, 210, 1, 0
908, 2, 263, 338, 111, 0, 51.60%, 1, 0, 9, 467.43, 403411, 210, 1, 0
913, 2, 279, 338, 110, 0, 51.60%, 1, 0, 9, 462.45, 405718, 210, 1, 0
918, 2, 266, 339, 109, 0, 51.60%, 1, 0, 9, 452.69, 407984, 210, 1, 0
923, 2, 338, 339, 107, 0, 51.60%, 1, 0, 9, 446.09, 410279, 210, 1, 0
928, 2, 113, 339, 104, 0, 51.60%, 1, 0, 9, 444.51, 412531, 210, 1, 0
933, 2, 325, 339, 102, 0, 51.60%, 1, 0, 9, 445.09, 414805, 210, 1, 0
938, 2, 318, 339, 99, 0, 51.60%, 1, 0, 9, 427.92, 416942, 210, 1, 0
943, 2, 337, 339, 96, 0, 51.60%, 1, 0, 9, 461.78, 419280, 210, 1, 0
948, 2, 320, 339, 94, 0, 51.60%, 1, 0, 9, 438.93, 421527, 210, 1, 0
953, 2, 307, 339, 92, 0, 51.60%, 1, 0, 9, 430.03, 423749, 210, 1, 0
959, 2, 330, 339, 88, 0, 51.60%, 1, 0, 9, 435.10, 425943, 210, 1, 0
964, 2, 245, 339, 86, 0, 51.60%, 1, 0, 9, 445.03, 428169, 210, 1, 0
969, 2, 294, 339, 85, 0, 51.60%, 1, 0, 9, 423.64, 430354, 210, 1, 0
974, 2, 260, 339, 83, 0, 51.60%, 1, 0, 9, 435.35, 432514, 210, 1, 0
979, 2, 212, 339, 80, 0, 51.60%, 1, 0, 9, 416.35, 434656, 210, 1, 0
984, 2, 120, 339, 78, 0, 51.60%, 1, 0, 9, 431.50, 436881, 210, 1, 0
989, 2, 313, 339, 77, 0, 51.60%, 1, 0, 9, 424.40, 439022, 210, 1, 0
994, 2, 287, 339, 75, 0, 51.60%, 1, 0, 9, 447.90, 441427, 210, 1, 0
999, 2, 91, 339, 73, 0, 51.60%, 1, 0, 9, 442.99, 443702, 210, 1, 0
1004, 2, 268, 339, 71, 0, 51.60%, 1, 0, 9, 429.67, 445847, 210, 1, 0
1009, 2, 310, 339, 69, 0, 51.60%, 1, 0, 9, 446.45, 448080, 210, 1, 0
1015, 2, 45, 339, 68, 0, 51.60%, 2, 0, 9, 428.24, 450304, 210, 2, 0
1020, 2, 339, 340, 66, 1, 51.84%, 2, 0, 9, 441.54, 452530, 211, 2, 0
1025, 2, 299, 340, 64, 0, 51.84%, 2, 0, 9, 434.99, 454706, 211, 2, 0
1030, 2, 82, 340, 63, 0, 51.84%, 2, 0, 9, 433.13, 456894, 211, 2, 0
1035, 2, 103, 340, 60, 0, 51.84%, 2, 0, 9, 443.72, 459163, 211, 2, 0
1040, 2, 116, 340, 59, 0, 51.84%, 2, 0, 9, 435.46, 461409, 211, 2, 0
1045, 2, 95, 341, 58, 0, 52.09%, 2, 0, 9, 447.08, 463638, 212, 2, 0
1050, 2, 236, 341, 56, 0, 52.09%, 2, 0, 9, 412.93, 465686, 212, 2, 0
1055, 2, 237, 341, 55, 0, 52.09%, 2, 0, 9, 427.48, 467859, 212, 2, 0
1060, 2, 196, 341, 52, 0, 52.09%, 2, 0, 9, 450.86, 470175, 212, 2, 0
1065, 2, 254, 341, 50, 0, 52.09%, 2, 0, 9, 416.53, 472305, 212, 2, 0
1070, 2, 301, 341, 48, 0, 52.09%, 2, 0, 9, 434.28, 474538, 212, 2, 0
1075, 2, 329, 341, 47, 0, 52.09%, 2, 0, 9, 424.93, 476688, 212, 2, 0
1080, 2, 239, 341, 45, 0, 52.09%, 2, 0, 9, 447.15, 478971, 212, 2, 0
1085, 2, 273, 341, 44, 0, 52.09%, 2, 0, 9, 456.64, 481268, 212, 2, 0
1090, 2, 300, 341, 43, 0, 52.09%, 2, 0, 9, 415.16, 483345, 212, 2, 0
1095, 2, 319, 341, 42, 0, 52.09%, 2, 0, 9, 431.43, 485516, 212, 2, 0
1100, 2, 308, 341, 41, 0, 52.09%, 2, 0, 9, 466.88, 487866, 212, 2, 0
1106, 2, 282, 341, 39, 0, 52.09%, 2, 0, 9, 424.84, 489948, 212, 2, 0
1111, 2, 285, 341, 38, 0, 52.09%, 2, 0, 9, 420.22, 492076, 212, 2, 0
1116, 2, 311, 342, 38, 0, 52.09%, 2, 0, 9, 413.32, 494138, 212, 2, 0
1121, 2, 255, 342, 36, 0, 52.09%, 2, 0, 9, 447.50, 496485, 212, 2, 0
1126, 2, 159, 342, 34, 0, 52.09%, 2, 0, 9, 433.50, 498685, 212, 2, 0
1131, 2, 289, 342, 32, 0, 52.09%, 2, 0, 9, 454.67, 500991, 212, 2, 0
1136, 2, 290, 342, 30, 0, 52.09%, 2, 0, 9, 435.02, 503165, 212, 2, 0
1141, 2, 341, 342, 28, 0, 52.09%, 2, 0, 9, 436.66, 505420, 212, 2, 0
1146, 2, 120, 342, 25, 0, 52.09%, 2, 0, 9, 430.80, 507607, 212, 2, 0
1151, 2, 26, 342, 24, 0, 52.09%, 2, 0, 9, 446.61, 509839, 212, 2, 0
1156, 2, 281, 342, 24, 0, 52.09%, 2, 0, 9, 410.08, 511888, 212, 2, 0
1161, 2, 198, 342, 22, 0, 52.09%, 2, 0, 9, 429.69, 514071, 212, 2, 0
1166, 2, 222, 343, 23, 0, 52.09%, 2, 0, 9, 435.17, 516246, 212, 2, 0
1172, 2, 198, 343, 21, 0, 52.09%, 2, 0, 9, 443.02, 518471, 212, 2, 0
1177, 2, 198, 343, 21, 0, 52.09%, 2, 0, 9, 452.40, 520794, 212, 2, 0
1182, 3, 73, 410, 87, 0, 61.18%, 2, 0, 9, 439.17, 523043, 249, 2, 0
1187, 3, 372, 412, 89, 12, 61.18%, 2, 0, 9, 437.92, 525264, 249, 2, 0
1192, 3, 378, 415, 91, 11, 61.18%, 2, 0, 9, 442.65, 527566, 249, 2, 0
1197, 3, 378, 418, 94, 11, 61.18%, 2, 0, 9, 470.36, 529971, 249, 2, 0
1202, 3, 365, 418, 92, 10, 61.18%, 2, 0, 9, 472.17, 532309, 249, 2, 0
1207, 3, 369, 429, 102, 9, 61.18%, 2, 0, 9, 458.01, 534578, 249, 2, 0
1212, 3, 369, 431, 104, 9, 61.18%, 2, 0, 9, 427.19, 536732, 249, 2, 0
1217, 3, 369, 431, 104, 9, 61.18%, 2, 0, 9, 417.83, 538844, 249, 2, 0
1222, 3, 369, 431, 104, 9, 61.18%, 2, 0, 9, 428.97, 540988, 249, 2, 0
1227, 3, 369, 432, 105, 9, 61.18%, 2, 0, 9, 419.75, 543147, 249, 2, 0
1232, 3, 369, 434, 107, 9, 61.18%, 2, 0, 9, 429.11, 545361, 249, 2, 0
1237, 3, 369, 434, 107, 9, 61.18%, 2, 0, 9, 431.32, 547521, 249, 2, 0
1242, 3, 369, 434, 107, 9, 61.18%, 2, 0, 9, 443.85, 549786, 249, 2, 0
1248, 3, 369, 434, 107, 9, 61.18%, 2, 0, 9, 451.84, 552068, 249, 2, 0
1253, 3, 369, 434, 107, 9, 61.18%, 2, 0, 9, 443.52, 554242, 249, 2, 0
1258, 3, 369, 434, 107, 9, 61.18%, 2, 0, 9, 446.00, 556474, 249, 2, 0
1263, 3, 369, 434, 107, 9, 61.18%, 2, 0, 9, 449.38, 558730, 249, 2, 0
1268, 3, 369, 434, 107, 9, 61.18%, 2, 0, 9, 439.03, 560938, 249, 2, 0
1273, 3, 369, 434, 107, 9, 61.18%, 2, 0, 9, 431.11, 563090, 249, 2, 0
1278, 3, 369, 434, 107, 9, 61.18%, 2, 0, 9, 425.68, 565226, 249, 2, 0
1283, 3, 369, 434, 107, 9, 61.18%, 2, 0, 9, 445.12, 567482, 249, 2, 0
1288, 3, 369, 434, 107, 9, 61.18%, 2, 0, 9, 418.47, 569611, 249, 2, 0
1293, 3, 369, 434, 107, 9, 61.18%, 2, 0, 9, 426.29, 571739, 249, 2, 0
1298, 3, 369, 434, 107, 9, 61.18%, 2, 0, 9, 419.64, 573851, 249, 2, 0
1303, 3, 369, 434, 107, 9, 61.18%, 2, 0, 9, 407.17, 576019, 249, 2, 0
1308, 3, 369, 434, 107, 9, 61.18%, 2, 0, 9, 446.30, 578275, 249, 2, 0
1313, 3, 369, 434, 107, 9, 61.18%, 2, 0, 9, 441.41, 580435, 249, 2, 0
1318, 3, 369, 434, 107, 9, 61.18%, 2, 0, 9, 428.25, 582635, 249, 2, 0
1323, 3, 369, 434, 107, 9, 61.18%, 2, 0, 9, 418.07, 584803, 249, 2, 0
1328, 3, 426, 434, 106, 9, 61.18%, 2, 0, 9, 409.90, 586871, 249, 2, 0
1334, 3, 402, 434, 103, 6, 61.18%, 2, 0, 9, 451.94, 589186, 249, 2, 0
1339, 3, 408, 434, 101, 4, 61.18%, 2, 0, 9, 453.39, 591485, 249, 2, 0
1344, 3, 345, 434, 99, 2, 61.18%, 2, 0, 9, 469.97, 593883, 249, 2, 0
1349, 3, 349, 434, 98, 1, 61.18%, 2, 0, 9, 456.90, 596148, 249, 2, 0
1354, 3, 302, 434, 96, 0, 61.18%, 2, 0, 9, 471.54, 598511, 249, 2, 0
1359, 3, 90, 434, 94, 0, 61.18%, 2, 0, 9, 478.39, 600946, 249, 2, 0
1364, 3, 366, 434, 93, 0, 61.18%, 2, 0, 9, 450.96, 603267, 249, 2, 0
1369, 3, 343, 434, 90, 0, 61.18%, 2, 0, 9, 446.07, 605568, 249, 2, 0
1374, 3, 390, 434, 88, 0, 61.18%, 2, 0, 9, 424.70, 607734, 249, 2, 0
1379, 3, 415, 434, 86, 0, 61.18%, 2, 0, 9, 456.70, 610167, 249, 2, 0
1384, 3, 332, 434, 84, 0, 61.18%, 2, 0, 9, 461.80, 612509, 249, 2, 0
1389, 3, 425, 434, 83, 0, 61.18%, 2, 0, 9, 433.60, 614734, 249, 2, 0
1394, 3, 418, 435, 82, 0, 61.18%, 2, 0, 9, 451.93, 617061, 249, 2, 0
1400, 3, 175, 435, 80, 0, 61.18%, 2, 0, 9, 441.30, 619329, 249, 2, 0
1405, 3, 355, 435, 79, 0, 61.18%, 2, 0, 9, 443.84, 621584, 249, 2, 0
1410, 3, 356, 435, 77, 0, 61.18%, 2, 0, 9, 436.78, 623812, 249, 2, 0
1415, 3, 118, 435, 75, 0, 61.18%, 2, 0, 9, 439.96, 626065, 249, 2, 0
1420, 3, 363, 435, 73, 0, 61.18%, 2, 0, 9, 440.66, 628279, 249, 2, 0
1425, 3, 160, 435, 72, 0, 61.18%, 2, 0, 9, 440.43, 630497, 249, 2, 0
1430, 3, 199, 435, 71, 0, 61.18%, 2, 0, 9, 431.09, 632692, 249, 2, 0
1435, 3, 251, 435, 70, 0, 61.18%, 2, 0, 9, 470.14, 635043, 249, 2, 0
1440, 3, 371, 435, 69, 0, 61.18%, 2, 0, 9, 448.86, 637283, 249, 2, 0
1445, 3, 348, 435, 68, 0, 61.18%, 2, 0, 9, 438.96, 639462, 249, 2, 0
1450, 3, 432, 435, 66, 0, 61.18%, 2, 0, 9, 436.50, 641597, 249, 2, 0
1455, 3, 424, 435, 64, 0, 61.18%, 2, 0, 9, 440.08, 643777, 249, 2, 0
1460, 3, 346, 435, 63, 0, 61.18%, 2, 0, 9, 437.34, 646001, 249, 3, 0
1465, 3, 352, 435, 61, 0, 61.18%, 2, 0, 9, 455.75, 648277, 249, 3, 0
1470, 3, 241, 435, 59, 0, 61.18%, 2, 0, 9, 450.11, 650484, 249, 3, 0
1475, 3, 377, 435, 57, 0, 61.18%, 2, 0, 9, 449.99, 652769, 249, 3, 0
1480, 3, 413, 435, 55, 0, 61.18%, 2, 0, 9, 430.51, 654938, 249, 3, 0
1486, 3, 407, 435, 54, 0, 61.18%, 2, 0, 9, 434.88, 657145, 249, 3, 0
1491, 3, 401, 435, 53, 0, 61.18%, 2, 0, 9, 442.52, 659409, 249, 3, 0
1496, 3, 360, 435, 51, 0, 61.18%, 2, 0, 9, 441.53, 661639, 249, 3, 0
1501, 3, 344, 435, 50, 0, 61.18%, 2, 0, 9, 434.41, 663828, 249, 3, 0
1506, 3, 350, 435, 49, 0, 61.18%, 2, 0, 9, 438.53, 666040, 249, 3, 0
1511, 3, 198, 435, 48, 0, 61.18%, 2, 0, 9, 413.34, 668164, 249, 3, 0
1516, 3, 349, 436, 48, 0, 61.18%, 2, 0, 9, 439.13, 670406, 249, 3, 0
1521, 3, 393, 436, 47, 0, 61.18%, 2, 0, 9, 431.49, 672573, 249, 3, 0
1526, 3, 191, 436, 46, 0, 61.18%, 2, 0, 9, 405.83, 674599, 249, 3, 0
1531, 3, 269, 436, 45, 0, 61.18%, 2, 0, 9, 423.74, 676784, 249, 3, 0
1536, 3, 359, 436, 43, 0, 61.18%, 2, 0, 9, 446.83, 679097, 249, 3, 0
1541, 3, 386, 436, 42, 0, 61.18%, 2, 0, 9, 449.73, 681323, 249, 3, 0
1547, 3, 405, 437, 40, 0, 61.18%, 2, 0, 9, 461.73, 683689, 249, 3, 0
1552, 3, 353, 437, 38, 0, 61.18%, 2, 0, 9, 424.81, 685724, 249, 3, 0
1557, 3, 164, 437, 37, 0, 61.18%, 2, 0, 9, 447.86, 688002, 249, 3, 0
1562, 3, 272, 437, 37, 0, 61.18%, 2, 0, 9, 441.56, 690212, 249, 3, 0
1567, 3, 394, 437, 34, 0, 61.18%, 2, 0, 9, 440.64, 692431, 249, 3, 0
1572, 3, 384, 437, 33, 0, 61.18%, 2, 0, 9, 439.16, 694608, 249, 3, 0
1577, 3, 398, 437, 32, 0, 61.18%, 2, 0, 9, 426.75, 696734, 249, 3, 0
1582, 3, 361, 437, 31, 0, 61.18%, 2, 0, 9, 452.26, 699026, 249, 3, 0
1587, 3, 403, 437, 30, 0, 61.18%, 2, 0, 9, 468.78, 701383, 249, 3, 0
1592, 3, 384, 437, 29, 0, 61.18%, 2, 0, 9, 413.71, 703443, 249, 3, 0
1597, 3, 239, 438, 29, 0, 61.18%, 2, 0, 9, 418.54, 705569, 249, 3, 0
1602, 3, 364, 438, 28, 0, 61.18%, 2, 0, 9, 442.26, 707847, 249, 3, 0
1607, 3, 76, 438, 27, 0, 61.18%, 2, 0, 9, 440.22, 710061, 249, 3, 0
1612, 3, 125, 438, 26, 0, 61.18%, 2, 0, 9, 462.07, 712471, 249, 3, 0
1617, 3, 170, 438, 24, 0, 61.18%, 2, 0, 9, 468.63, 714825, 249, 3, 0
1622, 3, 360, 438, 23, 0, 61.18%, 2, 0, 9, 456.34, 717126, 249, 3, 0
1628, 3, 239, 438, 22, 0, 61.18%, 2, 0, 9, 452.90, 719443, 249, 3, 0
1633, 3, 305, 438, 22, 0, 61.18%, 2, 0, 9, 479.24, 721942, 249, 3, 0
1638, 3, 375, 438, 20, 0, 61.18%, 2, 0, 9, 449.11, 724183, 249, 3, 0
1643, 3, 310, 438, 19, 0, 61.18%, 2, 0, 9, 440.73, 726463, 249, 3, 0
1648, 4, 352, 453, 32, 1, 61.18%, 2, 0, 9, 422.38, 728621, 249, 3, 0
1653, 4, 302, 453, 30, 0, 61.18%, 2, 0, 9, 448.88, 730885, 249, 3, 0
1658, 4, 248, 453, 30, 0, 61.18%, 2, 0, 9, 418.31, 733020, 249, 3, 0
1663, 4, 442, 453, 28, 0, 61.18%, 2, 0, 9, 407.90, 735140, 249, 3, 0
1668, 4, 215, 453, 27, 0, 61.18%, 2, 0, 9, 421.15, 737276, 249, 3, 0
1673, 4, 347, 453, 26, 0, 61.18%, 2, 0, 9, 431.17, 739463, 249, 3, 0
1678, 4, 182, 453, 24, 0, 61.18%, 2, 0, 9, 438.72, 741632, 249, 3, 0
1683, 4, 451, 453, 23, 0, 61.18%, 2, 0, 9, 470.76, 744039, 249, 3, 0
1688, 4, 103, 453, 22, 0, 61.18%, 2, 0, 9, 443.52, 746248, 249, 3, 0
1693, 4, 342, 453, 21, 0, 61.18%, 2, 0, 9, 438.84, 748429, 249, 3, 0
1698, 4, 423, 453, 20, 0, 61.18%, 2, 0, 9, 427.88, 750566, 249, 3, 0
1704, 4, 439, 453, 18, 0, 61.18%, 2, 0, 9, 409.11, 752654, 249, 3, 0
1709, 4, 416, 453, 17, 0, 61.18%, 2, 0, 9, 445.89, 754947, 249, 3, 0
1714, 4, 215, 453, 15, 0, 61.18%, 2, 0, 9, 436.99, 757106, 249, 3, 0
1719, 4, 245, 453, 15, 0, 61.18%, 2, 0, 9, 443.63, 759334, 249, 3, 0
1724, 4, 239, 453, 15, 0, 61.18%, 2, 0, 9, 414.30, 761404, 249, 3, 0
1729, 4, 185, 453, 14, 0, 61.18%, 2, 0, 9, 418.08, 763659, 249, 3, 0
1734, 4, 103, 453, 14, 0, 61.18%, 2, 0, 9, 419.52, 765842, 249, 3, 0
1739, 4, 215, 453, 14, 0, 61.18%, 2, 0, 9, 402.85, 767927, 249, 3, 0
1744, 4, 317, 453, 13, 0, 61.18%, 2, 0, 9, 451.81, 770261, 249, 3, 0
1749, 4, 452, 453, 12, 0, 61.18%, 2, 0, 9, 433.99, 772477, 249, 3, 0
1754, 4, 198, 453, 12, 0, 61.18%, 2, 0, 9, 441.48, 774683, 249, 3, 0
1759, 4, 185, 453, 12, 0, 61.18%, 3, 0, 9, 445.41, 776969, 249, 4, 0
1764, 4, 103, 453, 12, 0, 61.18%, 3, 0, 9, 454.68, 779260, 249, 4, 0
1769, 4, 373, 453, 11, 0, 61.18%, 3, 0, 9, 425.45, 781397, 249, 4, 0
1775, 4, 239, 453, 10, 0, 61.18%, 3, 0, 9, 395.15, 783415, 249, 4, 0
1780, 4, 103, 453, 10, 0, 61.18%, 3, 0, 9, 401.78, 785433, 249, 4, 0
1785, 4, 232, 453, 10, 0, 61.18%, 4, 0, 9, 431.82, 787695, 249, 5, 0
1790, 4, 103, 453, 8, 0, 61.18%, 4, 0, 9, 448.96, 789932, 249, 5, 0
1795, 4, 67, 453, 8, 0, 61.18%, 4, 0, 9, 432.94, 792111, 249, 6, 0
1800, 4, 105, 453, 8, 0, 61.18%, 4, 0, 9, 422.05, 794186, 249, 6, 0
1802, 4, 310, 453, 8, 0, 61.18%, 4, 0, 9, 430.03, 795162, 249, 6, 0
