# relative_time, cycles_done, cur_item, corpus_count, pending_total, pending_favs, map_size, saved_crashes, saved_hangs, max_depth, execs_per_sec, total_execs, edges_found, total_crashes, servers_count
60, 0, 9, 74, 69, 4, 30.47%, 0, 0, 2, 426.53, 26703, 124, 0, 0
65, 0, 9, 74, 69, 4, 30.47%, 0, 0, 2, 427.97, 28863, 124, 0, 0
70, 0, 9, 74, 69, 4, 30.47%, 0, 0, 2, 437.54, 31031, 124, 0, 0
75, 0, 9, 76, 71, 4, 30.47%, 0, 0, 2, 417.26, 33101, 124, 0, 0
80, 0, 9, 76, 71, 4, 30.47%, 0, 0, 2, 444.88, 35381, 124, 0, 0
85, 0, 9, 76, 71, 4, 30.47%, 0, 0, 2, 443.46, 37590, 124, 0, 0
90, 0, 9, 76, 71, 4, 30.47%, 0, 0, 2, 456.74, 39929, 124, 0, 0
96, 0, 9, 76, 71, 4, 30.47%, 0, 0, 2, 431.09, 42070, 124, 0, 0
101, 0, 9, 77, 72, 4, 30.47%, 0, 0, 2, 426.52, 44238, 124, 0, 0
106, 0, 9, 77, 72, 4, 30.47%, 0, 0, 2, 425.25, 46398, 124, 0, 0
111, 0, 9, 77, 72, 4, 30.47%, 0, 0, 2, 435.55, 48574, 124, 0, 0
116, 0, 9, 78, 73, 4, 30.47%, 0, 0, 2, 424.24, 50709, 124, 0, 0
121, 0, 9, 78, 73, 4, 30.47%, 0, 0, 2, 437.50, 52981, 124, 0, 0
126, 0, 45, 141, 135, 32, 41.77%, 0, 0, 2, 415.07, 55125, 170, 0, 0
131, 0, 87, 142, 129, 26, 42.01%, 0, 0, 3, 402.22, 57163, 171, 0, 0
136, 0, 101, 143, 125, 23, 42.26%, 0, 0, 3, 437.64, 59435, 172, 0, 0
141, 0, 101, 157, 139, 23, 42.51%, 0, 0, 3, 436.41, 61692, 173, 0, 0
146, 0, 101, 159, 141, 23, 42.51%, 0, 0, 3, 409.61, 63755, 173, 0, 0
151, 0, 27, 159, 139, 23, 42.51%, 0, 0, 3, 417.91, 65935, 173, 0, 0
156, 0, 99, 159, 136, 20, 42.51%, 0, 0, 3, 417.60, 68049, 173, 0, 0
162, 0, 7, 165, 141, 19, 44.72%, 0, 0, 3, 391.65, 69981, 182, 0, 0
167, 0, 162, 165, 140, 23, 44.72%, 0, 0, 3, 197.24, 70741, 182, 0, 0
172, 0, 102, 165, 139, 22, 44.72%, 0, 0, 3, 132.13, 71329, 182, 0, 0
177, 0, 126, 165, 138, 21, 44.72%, 0, 0, 3, 121.56, 71961, 182, 0, 0
182, 0, 126, 166, 139, 21, 44.72%, 0, 0, 3, 122.93, 72591, 182, 0, 0
187, 0, 126, 166, 139, 21, 44.72%, 0, 0, 3, 111.29, 73161, 182, 0, 0
193, 0, 0, 166, 138, 19, 44.72%, 0, 0, 3, 107.93, 73705, 182, 0, 0
198, 0, 0, 166, 138, 19, 44.72%, 0, 0, 3, 103.70, 74217, 182, 0, 0
203, 0, 78, 166, 137, 18, 44.72%, 0, 0, 3, 114.52, 74811, 182, 0, 0
208, 0, 98, 166, 136, 17, 44.72%, 0, 0, 3, 116.42, 75409, 182, 0, 0
213, 0, 98, 166, 136, 17, 44.72%, 0, 0, 3, 123.89, 76055, 182, 0, 0
218, 0, 100, 166, 135, 16, 44.72%, 0, 0, 3, 118.14, 76652, 182, 0, 0
223, 0, 100, 166, 135, 16, 44.72%, 0, 0, 3, 121.62, 77278, 182, 0, 0
228, 0, 100, 168, 137, 16, 45.21%, 0, 0, 3, 115.85, 77847, 184, 0, 0
233, 0, 167, 168, 136, 17, 45.21%, 0, 0, 3, 517.55, 78832, 184, 0, 0
238, 0, 168, 169, 135, 16, 45.45%, 0, 0, 3, 468.08, 80968, 185, 0, 0
244, 0, 24, 169, 133, 14, 45.45%, 0, 0, 3, 464.95, 83275, 185, 0, 0
249, 0, 161, 180, 143, 13, 47.91%, 1, 0, 3, 471.70, 85708, 195, 1, 0
254, 0, 161, 185, 148, 13, 47.91%, 1, 0, 3, 440.02, 87884, 195, 1, 0
259, 0, 161, 188, 151, 13, 47.91%, 1, 0, 3, 444.76, 90073, 195, 1, 0
264, 0, 161, 188, 151, 13, 47.91%, 1, 0, 3, 436.52, 92305, 195, 1, 0
269, 0, 161, 191, 154, 13, 47.91%, 1, 0, 3, 426.13, 94454, 195, 1, 0
274, 0, 161, 191, 154, 13, 47.91%, 1, 0, 3, 431.01, 96622, 195, 1, 0
279, 0, 161, 191, 154, 13, 47.91%, 1, 0, 3, 429.74, 98718, 195, 1, 0
284, 0, 161, 194, 157, 13, 47.91%, 1, 0, 3, 444.50, 100947, 195, 1, 0
289, 0, 161, 196, 159, 13, 47.91%, 1, 0, 3, 424.89, 103025, 195, 1, 0
294, 0, 161, 197, 160, 13, 47.91%, 1, 0, 3, 450.89, 105313, 195, 1, 0
299, 0, 161, 199, 162, 13, 47.91%, 1, 0, 3, 452.70, 107595, 195, 1, 0
304, 0, 161, 199, 162, 13, 47.91%, 1, 0, 3, 454.23, 109845, 195, 1, 0
309, 0, 161, 201, 164, 13, 47.91%, 1, 0, 3, 411.66, 111980, 195, 1, 0
314, 0, 161, 203, 166, 13, 47.91%, 1, 0, 3, 434.97, 114202, 195, 1, 0
320, 0, 139, 205, 166, 12, 47.91%, 1, 0, 4, 435.77, 116486, 195, 1, 0
325, 0, 149, 207, 167, 11, 47.91%, 1, 0, 4, 414.84, 118593, 195, 1, 0
330, 0, 188, 208, 167, 10, 47.91%, 1, 0, 4, 411.58, 120700, 195, 1, 0
335, 0, 80, 213, 171, 10, 48.65%, 1, 0, 4, 414.43, 122777, 198, 1, 0
340, 0, 210, 213, 168, 7, 48.65%, 1, 0, 4, 445.33, 125059, 198, 1, 0
345, 0, 97, 213, 167, 6, 48.65%, 1, 0, 4, 413.55, 127160, 198, 1, 0
350, 0, 173, 214, 166, 4, 48.65%, 1, 0, 4, 412.00, 129229, 198, 1, 0
355, 0, 173, 227, 179, 4, 48.65%, 1, 0, 4, 438.84, 131465, 198, 1, 0
360, 0, 173, 230, 182, 4, 48.89%, 1, 0, 4, 459.69, 133815, 199, 2, 0
365, 0, 173, 235, 187, 4, 48.89%, 1, 0, 4, 451.56, 136082, 199, 2, 0
370, 0, 173, 236, 188, 4, 48.89%, 1, 0, 4, 437.57, 138208, 199, 2, 0
375, 0, 173, 236, 188, 4, 48.89%, 1, 0, 4, 444.83, 140440, 199, 2, 0
380, 0, 173, 236, 188, 4, 48.89%, 1, 0, 4, 459.27, 142728, 199, 2, 0
385, 0, 173, 239, 191, 4, 48.89%, 1, 0, 4, 471.70, 145119, 199, 2, 0
390, 0, 173, 239, 191, 4, 48.89%, 1, 0, 4, 463.66, 147369, 199, 2, 0
396, 0, 173, 240, 192, 4, 48.89%, 1, 0, 4, 445.41, 149604, 199, 2, 0
401, 0, 173, 241, 193, 4, 48.89%, 1, 0, 4, 454.85, 151946, 199, 2, 0
406, 0, 173, 243, 195, 4, 48.89%, 1, 0, 4, 466.17, 154273, 199, 2, 0
411, 0, 173, 245, 197, 4, 48.89%, 1, 0, 4, 449.98, 156573, 199, 2, 0
416, 0, 173, 246, 198, 4, 48.89%, 1, 0, 4, 463.16, 158920, 199, 2, 0
421, 0, 197, 246, 196, 5, 48.89%, 1, 0, 4, 467.01, 161261, 199, 2, 0
426, 0, 152, 255, 204, 4, 48.89%, 1, 0, 4, 416.13, 163299, 199, 2, 0
431, 0, 152, 266, 215, 4, 48.89%, 1, 0, 4, 460.46, 165653, 199, 2, 0
436, 0, 152, 266, 215, 4, 48.89%, 1, 0, 4, 434.84, 167863, 199, 2, 0
441, 0, 152, 268, 217, 4, 48.89%, 1, 0, 4, 438.15, 170157, 199, 2, 0
446, 0, 152, 270, 219, 4, 48.89%, 1, 0, 4, 440.40, 172307, 199, 2, 0
451, 0, 230, 270, 217, 6, 48.89%, 1, 0, 4, 432.36, 174521, 199, 2, 0
456, 0, 231, 271, 216, 4, 48.89%, 1, 0, 4, 432.33, 176728, 199, 2, 0
461, 0, 170, 271, 213, 1, 48.89%, 1, 0, 4, 426.74, 178909, 199, 2, 0
467, 0, 197, 272, 213, 0, 48.89%, 1, 0, 4, 477.54, 181390, 199, 2, 0
472, 0, 94, 272, 212, 0, 48.89%, 1, 0, 4, 465.93, 183705, 199, 2, 0
477, 0, 90, 272, 210, 0, 48.89%, 1, 0, 4, 454.30, 185955, 199, 2, 0
482, 0, 179, 272, 208, 0, 48.89%, 1, 0, 4, 467.28, 188346, 199, 2, 0
487, 0, 168, 272, 203, 0, 48.89%, 1, 0, 4, 465.98, 190694, 199, 2, 0
492, 0, 111, 272, 201, 0, 48.89%, 1, 0, 4, 443.17, 192912, 199, 2, 0
497, 0, 51, 272, 199, 0, 48.89%, 1, 0, 4, 413.55, 194860, 199, 2, 0
502, 0, 111, 272, 197, 0, 48.89%, 1, 0, 4, 454.64, 197163, 199, 2, 0
507, 0, 171, 272, 196, 0, 48.89%, 1, 0, 4, 436.89, 199337, 199, 2, 0
512, 0, 171, 278, 202, 0, 48.89%, 1, 0, 4, 418.46, 201435, 199, 2, 0
517, 0, 171, 279, 203, 0, 49.14%, 2, 0, 4, 425.49, 203602, 200, 3, 0
522, 0, 171, 280, 204, 0, 49.14%, 2, 0, 4, 435.35, 205809, 200, 3, 0
527, 0, 239, 280, 201, 0, 49.14%, 2, 0, 4, 428.33, 207967, 200, 3, 0
532, 0, 176, 287, 207, 0, 49.14%, 2, 0, 4, 447.10, 210299, 200, 3, 0
537, 0, 176, 288, 208, 0, 49.14%, 2, 0, 4, 473.78, 212754, 200, 3, 0
542, 0, 176, 290, 210, 0, 49.14%, 2, 0, 4, 466.46, 215036, 200, 3, 0
548, 0, 176, 290, 210, 0, 49.14%, 2, 0, 4, 450.24, 217367, 200, 3, 0
553, 0, 139, 290, 209, 0, 49.14%, 2, 0, 4, 458.99, 219706, 200, 3, 0
558, 0, 217, 290, 207, 0, 49.14%, 2, 0, 4, 469.69, 222130, 200, 3, 0
563, 0, 285, 290, 205, 0, 49.14%, 2, 0, 4, 438.16, 224341, 200, 3, 0
568, 0, 218, 291, 204, 0, 49.14%, 2, 0, 5, 467.46, 226680, 200, 3, 0
573, 0, 251, 291, 202, 0, 49.14%, 2, 0, 5, 446.99, 228867, 200, 3, 0
578, 0, 234, 291, 200, 0, 49.14%, 2, 0, 5, 461.67, 231282, 200, 3, 0
583, 0, 230, 292, 199, 0, 49.14%, 2, 0, 5, 487.01, 233647, 200, 3, 0
588, 0, 160, 292, 198, 0, 49.14%, 2, 0, 5, 464.27, 235951, 200, 3, 0
593, 0, 279, 294, 198, 0, 49.14%, 2, 0, 5, 435.40, 238208, 200, 3, 0
598, 0, 279, 297, 201, 0, 49.39%, 2, 0, 5, 398.25, 240137, 201, 4, 0
603, 0, 279, 297, 201, 0, 49.39%, 2, 0, 5, 412.05, 242222, 201, 4, 0
609, 0, 279, 299, 203, 0, 49.39%, 2, 0, 5, 424.59, 244420, 201, 4, 0
614, 0, 295, 300, 203, 1, 49.39%, 2, 0, 6, 430.47, 246645, 201, 4, 0
619, 0, 16, 301, 201, 0, 49.39%, 2, 0, 7, 425.99, 248807, 201, 4, 0
624, 0, 299, 303, 200, 0, 49.39%, 2, 0, 7, 424.96, 250999, 201, 4, 0
629, 0, 260, 303, 198, 0, 49.39%, 2, 0, 7, 444.12, 253286, 201, 4, 0
634, 0, 232, 303, 194, 0, 49.39%, 2, 0, 7, 471.12, 255709, 201, 4, 0
639, 0, 163, 303, 193, 0, 49.39%, 2, 0, 7, 468.81, 258119, 201, 4, 0
644, 0, 289, 303, 191, 0, 49.39%, 2, 0, 7, 429.27, 260303, 201, 4, 0
649, 0, 230, 303, 189, 0, 49.39%, 2, 0, 7, 430.97, 262459, 201, 4, 0
654, 0, 75, 304, 188, 0, 49.39%, 2, 0, 7, 424.69, 264569, 201, 4, 0
659, 0, 73, 304, 186, 0, 49.39%, 2, 0, 7, 424.31, 266753, 201, 4, 0
664, 0, 196, 304, 182, 0, 49.39%, 2, 0, 7, 441.61, 269067, 201, 4, 0
670, 0, 230, 304, 181, 0, 49.39%, 2, 0, 7, 447.50, 271351, 201, 4, 0
675, 0, 75, 304, 179, 0, 49.39%, 2, 0, 7, 438.74, 273578, 201, 4, 0
680, 0, 69, 304, 177, 0, 49.39%, 2, 0, 7, 432.15, 275763, 201, 4, 0
685, 1, 44, 304, 175, 0, 49.39%, 2, 0, 7, 436.82, 278055, 201, 4, 0
690, 1, 306, 307, 176, 1, 49.88%, 2, 0, 7, 462.84, 280395, 203, 4, 0
695, 1, 151, 309, 175, 0, 50.12%, 2, 0, 7, 458.19, 282664, 204, 4, 0
700, 1, 250, 309, 173, 0, 50.12%, 2, 0, 7, 458.35, 284950, 204, 4, 0
705, 1, 294, 309, 170, 0, 50.12%, 2, 0, 7, 463.63, 287303, 204, 4, 0
710, 1, 175, 309, 166, 0, 50.12%, 2, 0, 7, 453.35, 289592, 204, 4, 0
715, 1, 215, 310, 164, 0, 50.12%, 2, 0, 7, 441.42, 291885, 204, 4, 0
720, 1, 185, 310, 161, 0, 50.12%, 2, 0, 7, 435.57, 294124, 204, 4, 0
725, 1, 310, 311, 160, 1, 50.12%, 2, 0, 7, 455.80, 296442, 204, 4, 0
730, 1, 147, 314, 162, 0, 50.12%, 2, 0, 7, 434.75, 298536, 204, 4, 0
735, 1, 257, 314, 157, 0, 50.12%, 2, 0, 7, 436.16, 300801, 204, 4, 0
741, 1, 156, 314, 153, 0, 50.12%, 2, 0, 7, 420.45, 302953, 204, 4, 0
746, 1, 238, 314, 151, 0, 50.12%, 2, 0, 7, 467.04, 305409, 204, 4, 0
751, 1, 226, 314, 147, 0, 50.12%, 2, 0, 7, 441.08, 307574, 204, 4, 0
756, 1, 58, 314, 145, 0, 50.12%, 2, 0, 7, 428.32, 309741, 204, 4, 0
761, 1, 258, 314, 142, 0, 50.12%, 2, 0, 7, 413.62, 311813, 204, 4, 0
766, 1, 276, 315, 141, 0, 50.12%, 2, 0, 7, 445.07, 314201, 204, 4, 0
771, 1, 95, 316, 139, 0, 50.12%, 2, 0, 7, 435.84, 316324, 204, 4, 0
776, 1, 274, 316, 137, 0, 50.12%, 2, 0, 7, 438.55, 318573, 204, 4, 0
781, 1, 93, 316, 136, 0, 50.12%, 2, 0, 7, 446.53, 320807, 204, 4, 0
786, 1, 186, 317, 134, 0, 50.12%, 2, 0, 7, 434.04, 323015, 204, 4, 0
791, 1, 317, 318, 133, 1, 50.12%, 2, 0, 7, 438.50, 325231, 204, 4, 0
797, 1, 92, 318, 127, 0, 50.12%, 2, 0, 7, 430.40, 327373, 204, 4, 0
802, 1, 302, 319, 126, 0, 50.37%, 2, 0, 7, 446.15, 329673, 205, 4, 0
807, 1, 306, 321, 127, 0, 50.37%, 2, 0, 8, 442.67, 331930, 205, 4, 0
812, 1, 54, 321, 127, 0, 50.37%, 2, 0, 8, 456.45, 334250, 205, 4, 0
817, 1, 206, 321, 123, 0, 50.37%, 2, 0, 8, 439.43, 336497, 205, 4, 0
822, 1, 145, 321, 120, 0, 50.37%, 2, 0, 8, 428.69, 338671, 205, 4, 0
827, 1, 259, 321, 118, 0, 50.37%, 2, 0, 8, 456.18, 340965, 205, 4, 0
832, 1, 229, 321, 116, 0, 50.37%, 2, 0, 8, 443.37, 343191, 205, 4, 0
837, 1, 310, 321, 114, 0, 50.37%, 2, 0, 8, 439.59, 345448, 205, 4, 0
842, 1, 297, 321, 112, 0, 50.37%, 2, 0, 8, 428.97, 347605, 205, 4, 0
848, 1, 224, 321, 109, 0, 50.37%, 2, 0, 8, 445.07, 349928, 205, 4, 0
853, 1, 143, 321, 107, 0, 50.37%, 2, 0, 8, 439.92, 352127, 205, 4, 0
858, 1, 207, 321, 104, 0, 50.37%, 2, 0, 8, 456.73, 354436, 205, 4, 0
863, 1, 242, 321, 102, 0, 50.37%, 2, 0, 8, 419.41, 356517, 205, 4, 0
868, 1, 321, 322, 102, 1, 50.61%, 2, 0, 8, 439.66, 358767, 206, 4, 0
873, 1, 83, 322, 98, 0, 50.61%, 2, 0, 8, 442.73, 361015, 206, 4, 0
878, 1, 29, 323, 96, 0, 50.61%, 2, 0, 8, 444.09, 363246, 206, 4, 0
883, 1, 254, 323, 92, 0, 50.61%, 2, 0, 8, 434.35, 365505, 206, 4, 0
888, 1, 199, 323, 90, 0, 50.61%, 2, 0, 8, 461.65, 367901, 206, 4, 0
893, 1, 209, 323, 88, 0, 50.61%, 2, 0, 8, 424.14, 370052, 206, 4, 0
898, 1, 314, 323, 84, 0, 50.61%, 2, 0, 8, 422.86, 372189, 206, 4, 0
903, 1, 315, 323, 82, 0, 50.61%, 2, 0, 8, 442.54, 374408, 206, 4, 0
908, 1, 248, 323, 80, 0, 50.61%, 2, 0, 8, 443.32, 376721, 206, 4, 0
913, 1, 249, 323, 78, 0, 50.61%, 2, 0, 8, 432.55, 378881, 206, 4, 0
918, 1, 319, 323, 73, 0, 50.61%, 2, 0, 8, 442.61, 381153, 206, 4, 0
924, 1, 219, 323, 70, 0, 50.61%, 2, 0, 8, 459.98, 383554, 206, 4, 0
929, 1, 307, 323, 68, 0, 50.61%, 2, 0, 8, 434.98, 385804, 206, 4, 0
934, 1, 322, 323, 66, 0, 50.61%, 2, 0, 8, 441.78, 388028, 206, 4, 0
939, 1, 312, 323, 62, 0, 50.61%, 2, 0, 8, 448.39, 390292, 206, 4, 0
944, 1, 301, 323, 61, 0, 50.61%, 2, 0, 8, 492.34, 392803, 206, 4, 0
949, 1, 221, 323, 58, 0, 50.61%, 2, 0, 8, 458.75, 395095, 206, 4, 0
954, 1, 269, 323, 56, 0, 50.61%, 2, 0, 8, 467.50, 397445, 206, 4, 0
959, 1, 91, 323, 54, 0, 50.61%, 2, 0, 8, 451.10, 399734, 206, 4, 0
964, 1, 228, 323, 52, 0, 50.61%, 2, 0, 8, 448.68, 401949, 206, 4, 0
969, 1, 154, 323, 50, 0, 50.61%, 2, 0, 8, 462.63, 404309, 206, 4, 0
975, 1, 194, 323, 47, 0, 50.61%, 2, 0, 8, 448.06, 406556, 206, 4, 0
980, 1, 214, 323, 43, 0, 50.61%, 2, 0, 8, 454.18, 408851, 206, 4, 0
985, 1, 284, 323, 41, 0, 50.61%, 2, 0, 8, 440.22, 411079, 206, 4, 0
990, 1, 119, 323, 39, 0, 50.61%, 2, 0, 8, 461.54, 413434, 206, 4, 0
995, 1, 82, 324, 37, 0, 50.61%, 2, 0, 8, 455.17, 415713, 206, 4, 0
1000, 1, 292, 324, 34, 0, 50.61%, 2, 0, 8, 433.53, 417877, 206, 4, 0
1005, 1, 230, 335, 44, 0, 50.86%, 2, 0, 8, 457.79, 420180, 207, 4, 0
1010, 2, 336, 372, 79, 8, 52.09%, 2, 0, 8, 448.24, 422395, 212, 4, 0
1015, 2, 366, 372, 77, 6, 52.09%, 2, 0, 8, 419.59, 424545, 212, 4, 0
1020, 2, 350, 372, 75, 4, 52.09%, 2, 0, 8, 469.70, 426894, 212, 4, 0
1025, 2, 344, 372, 72, 1, 52.09%, 2, 0, 8, 465.24, 429299, 212, 4, 0
1030, 2, 351, 372, 70, 0, 52.09%, 2, 0, 8, 436.46, 431516, 212, 4, 0
1035, 2, 19, 372, 69, 0, 52.09%, 2, 0, 8, 430.58, 433724, 212, 4, 0
1040, 2, 337, 372, 67, 0, 52.09%, 3, 0, 8, 451.60, 436008, 212, 6, 0
1046, 2, 342, 372, 63, 0, 52.09%, 3, 0, 8, 456.92, 438381, 212, 6, 0
1051, 2, 310, 372, 61, 0, 52.09%, 3, 0, 8, 439.63, 440628, 212, 6, 0
1056, 2, 362, 372, 59, 0, 52.09%, 3, 0, 8, 444.40, 442870, 212, 6, 0
1061, 2, 66, 372, 57, 0, 52.09%, 3, 0, 8, 457.18, 445209, 212, 6, 0
1066, 2, 325, 372, 54, 0, 52.09%, 3, 0, 8, 439.23, 447370, 212, 6, 0
1071, 2, 327, 372, 52, 0, 52.09%, 3, 0, 8, 447.27, 449608, 212, 6, 0
1076, 2, 365, 372, 51, 0, 52.09%, 3, 0, 8, 436.62, 451797, 212, 6, 0
1081, 2, 125, 373, 50, 0, 52.33%, 3, 0, 8, 430.63, 454064, 213, 6, 0
1086, 2, 356, 373, 47, 0, 52.33%, 3, 0, 8, 422.12, 456158, 213, 6, 0
1091, 2, 208, 373, 44, 0, 52.33%, 3, 0, 8, 459.14, 458510, 213, 6, 0
1096, 2, 197, 373, 42, 0, 52.33%, 4, 0, 8, 442.32, 460746, 213, 9, 0
1101, 2, 174, 373, 41, 0, 52.33%, 4, 0, 8, 440.13, 462975, 213, 9, 0
1106, 2, 126, 373, 39, 0, 52.33%, 4, 0, 8, 440.43, 465195, 213, 9, 0
1112, 2, 370, 373, 39, 0, 52.33%, 4, 0, 8, 420.24, 467311, 213, 9, 0
1117, 2, 15, 373, 36, 0, 52.33%, 4, 0, 8, 431.00, 469534, 213, 9, 0
1122, 2, 335, 373, 35, 0, 52.33%, 4, 0, 8, 457.67, 471864, 213, 9, 0
1127, 2, 230, 373, 33, 0, 52.33%, 4, 0, 8, 469.87, 474202, 213, 10, 0
1132, 2, 344, 373, 32, 0, 52.33%, 4, 0, 8, 471.48, 476534, 213, 10, 0
1137, 2, 273, 373, 31, 0, 52.33%, 4, 0, 8, 443.28, 478746, 213, 10, 0
1142, 2, 334, 373, 30, 0, 52.33%, 4, 0, 8, 453.39, 481065, 213, 10, 0
1147, 2, 287, 373, 27, 0, 52.33%, 4, 0, 8, 434.24, 483243, 213, 10, 0
1152, 2, 146, 373, 27, 0, 52.33%, 4, 0, 8, 437.78, 485504, 213, 10, 0
1157, 2, 157, 373, 25, 0, 52.33%, 4, 0, 8, 419.36, 487629, 213, 10, 0
1162, 2, 357, 373, 24, 0, 52.33%, 4, 0, 8, 450.10, 489910, 213, 10, 0
1167, 2, 230, 373, 23, 0, 52.33%, 4, 0, 8, 441.41, 492148, 213, 10, 0
1172, 2, 168, 373, 23, 0, 52.33%, 4, 0, 8, 435.15, 494365, 213, 10, 0
1177, 2, 182, 374, 23, 0, 52.33%, 4, 0, 8, 450.37, 496625, 213, 10, 0
1182, 2, 373, 375, 22, 0, 52.33%, 4, 0, 8, 448.34, 498934, 213, 10, 0
1187, 2, 317, 375, 20, 0, 52.33%, 4, 0, 8, 428.01, 501159, 213, 10, 0
1192, 2, 306, 375, 19, 0, 52.33%, 4, 0, 8, 452.02, 503459, 213, 10, 0
1197, 2, 356, 375, 18, 0, 52.33%, 4, 0, 8, 438.47, 505671, 213, 11, 0
1203, 2, 111, 375, 18, 0, 52.33%, 4, 0, 8, 406.47, 507671, 213, 12, 0
1208, 2, 278, 375, 18, 0, 52.33%, 4, 0, 8, 421.67, 509828, 213, 13, 0
1213, 2, 317, 375, 17, 0, 52.33%, 4, 0, 8, 439.38, 512076, 213, 13, 0
1218, 2, 72, 375, 17, 0, 52.33%, 4, 0, 8, 430.33, 514216, 213, 13, 0
1223, 2, 329, 376, 18, 0, 52.33%, 4, 0, 8, 437.78, 516470, 213, 14, 0
1228, 2, 283, 376, 16, 0, 52.33%, 4, 0, 8, 451.30, 518740, 213, 14, 0
1233, 2, 324, 376, 15, 0, 52.33%, 4, 0, 8, 433.51, 520928, 213, 14, 0
1238, 3, 229, 378, 15, 0, 52.58%, 4, 0, 8, 442.78, 523165, 214, 14, 0
1243, 3, 27, 378, 14, 0, 52.58%, 4, 0, 8, 438.19, 525397, 214, 14, 0
1248, 3, 197, 378, 12, 0, 52.58%, 4, 0, 8, 459.55, 527691, 214, 14, 0
1253, 3, 362, 378, 11, 0, 52.58%, 4, 0, 8, 450.70, 530007, 214, 15, 0
1258, 3, 306, 378, 11, 0, 52.58%, 4, 0, 8, 460.23, 532244, 214, 15, 0
1263, 3, 375, 378, 11, 0, 52.58%, 4, 0, 8, 446.24, 534463, 214, 15, 0
1268, 3, 142, 378, 10, 0, 52.58%, 4, 0, 8, 448.94, 536783, 214, 15, 0
1273, 3, 126, 378, 10, 0, 52.58%, 4, 0, 8, 458.67, 539115, 214, 15, 0
1278, 3, 71, 378, 10, 0, 52.58%, 4, 0, 8, 450.86, 541313, 214, 15, 0
1284, 3, 345, 379, 11, 0, 52.58%, 4, 0, 8, 450.79, 543600, 214, 16, 0
1289, 3, 377, 379, 10, 0, 52.58%, 4, 0, 8, 436.30, 545765, 214, 16, 0
1294, 3, 376, 379, 9, 0, 52.58%, 4, 0, 8, 459.14, 548084, 214, 16, 0
1299, 3, 336, 379, 8, 0, 52.58%, 4, 0, 8, 444.07, 550346, 214, 16, 0
1304, 3, 134, 379, 8, 0, 52.58%, 4, 0, 8, 432.67, 552482, 214, 16, 0
1309, 3, 310, 379, 7, 0, 52.58%, 4, 0, 8, 439.66, 554731, 214, 16, 0
1314, 3, 376, 379, 7, 0, 52.58%, 4, 0, 8, 453.52, 557027, 214, 16, 0
1319, 3, 151, 379, 7, 0, 52.58%, 4, 0, 8, 438.99, 559214, 214, 16, 0
1324, 3, 354, 379, 7, 0, 52.58%, 4, 0, 8, 445.69, 561478, 214, 16, 0
1329, 3, 230, 379, 7, 0, 52.58%, 4, 0, 8, 454.75, 563775, 214, 16, 0
1334, 3, 197, 379, 7, 0, 52.58%, 4, 0, 8, 429.31, 565905, 214, 16, 0
1339, 3, 170, 379, 6, 0, 52.58%, 4, 0, 8, 452.07, 568152, 214, 17, 0
1344, 3, 63, 379, 6, 0, 52.58%, 4, 0, 8, 456.19, 570429, 214, 19, 0
1349, 3, 307, 379, 6, 0, 52.58%, 4, 0, 8, 470.70, 572807, 214, 19, 0
1354, 3, 317, 379, 5, 0, 52.58%, 4, 0, 8, 437.81, 575025, 214, 19, 0
1359, 3, 314, 379, 4, 0, 52.58%, 4, 0, 8, 411.91, 577091, 214, 19, 0
1364, 3, 336, 379, 4, 0, 52.58%, 4, 0, 8, 440.92, 579393, 214, 21, 0
1370, 3, 106, 379, 3, 0, 52.58%, 4, 0, 8, 427.78, 581523, 214, 21, 0
1375, 4, 299, 380, 4, 0, 52.58%, 4, 0, 8, 451.75, 583778, 214, 21, 0
1380, 4, 265, 380, 4, 0, 52.58%, 4, 0, 8, 431.74, 585996, 214, 21, 0
1385, 4, 307, 380, 4, 0, 52.58%, 4, 0, 8, 458.40, 588326, 214, 22, 0
1390, 4, 168, 380, 4, 0, 52.58%, 4, 0, 8, 423.72, 590465, 214, 22, 0
1395, 4, 126, 380, 4, 0, 52.58%, 4, 0, 8, 442.04, 592808, 214, 22, 0
1400, 4, 306, 380, 4, 0, 52.58%, 4, 0, 8, 440.84, 595043, 214, 22, 0
1405, 4, 321, 380, 4, 0, 52.58%, 4, 0, 8, 297.03, 596837, 214, 22, 0
1410, 4, 186, 380, 4, 0, 52.58%, 4, 0, 8, 385.96, 598960, 214, 22, 0
1415, 4, 162, 380, 4, 0, 52.58%, 4, 0, 8, 394.84, 600985, 214, 22, 0
1421, 4, 194, 380, 4, 0, 52.58%, 4, 0, 8, 434.29, 603167, 214, 22, 0
1426, 4, 170, 380, 4, 0, 52.58%, 4, 0, 8, 418.50, 605226, 214, 22, 0
1431, 4, 379, 380, 4, 0, 52.58%, 4, 0, 8, 421.35, 607324, 214, 22, 0
1436, 4, 317, 380, 3, 0, 52.58%, 4, 0, 8, 432.47, 609523, 214, 22, 0
1441, 4, 85, 380, 3, 0, 52.58%, 4, 0, 8, 431.27, 611732, 214, 22, 0
1446, 4, 317, 380, 3, 0, 52.58%, 4, 0, 8, 422.84, 613861, 214, 22, 0
1451, 4, 317, 380, 3, 0, 52.58%, 4, 0, 8, 444.73, 616136, 214, 22, 0
1456, 4, 149, 380, 3, 0, 52.58%, 4, 0, 8, 454.82, 618450, 214, 24, 0
1461, 4, 366, 380, 3, 0, 52.58%, 4, 0, 8, 433.00, 620653, 214, 24, 0
1466, 4, 307, 380, 3, 0, 52.58%, 4, 0, 8, 464.14, 623034, 214, 26, 0
1471, 4, 306, 380, 3, 0, 52.58%, 4, 0, 8, 428.34, 625128, 214, 27, 0
1476, 4, 168, 380, 3, 0, 52.58%, 4, 0, 8, 425.61, 627333, 214, 27, 0
1481, 4, 69, 380, 3, 0, 52.58%, 4, 0, 8, 396.94, 629328, 214, 27, 0
1486, 4, 162, 380, 3, 0, 52.58%, 4, 0, 8, 410.61, 631436, 214, 27, 0
1492, 4, 111, 380, 3, 0, 52.58%, 4, 0, 8, 418.16, 633616, 214, 28, 0
1497, 4, 264, 380, 3, 0, 52.58%, 4, 0, 8, 438.58, 635861, 214, 29, 0
1502, 5, 392, 394, 17, 7, 57.74%, 4, 0, 8, 434.45, 638031, 235, 29, 0
1507, 5, 392, 404, 27, 7, 57.74%, 4, 0, 8, 441.65, 640254, 235, 29, 0
1512, 5, 392, 405, 28, 7, 57.74%, 4, 0, 8, 441.78, 642470, 235, 29, 0
1517, 5, 392, 406, 29, 7, 57.74%, 4, 0, 8, 448.07, 644741, 235, 29, 0
1522, 5, 392, 406, 29, 7, 57.74%, 4, 0, 8, 469.91, 647135, 235, 29, 0
1527, 5, 392, 406, 29, 7, 57.74%, 4, 0, 8, 459.18, 649439, 235, 29, 0
1532, 5, 392, 406, 29, 7, 57.74%, 4, 0, 8, 438.69, 651669, 235, 29, 0
1537, 5, 392, 406, 29, 7, 57.74%, 4, 0, 8, 415.63, 653781, 235, 29, 0
1542, 5, 392, 406, 29, 7, 57.74%, 4, 0, 8, 442.30, 656021, 235, 29, 0
1547, 5, 392, 406, 29, 7, 57.74%, 4, 0, 8, 414.37, 658085, 235, 29, 0
1552, 5, 392, 406, 29, 7, 57.74%, 4, 0, 8, 446.10, 660389, 235, 29, 0
1557, 5, 392, 406, 29, 7, 57.74%, 4, 0, 8, 461.59, 662660, 235, 29, 0
1563, 5, 392, 406, 29, 7, 57.74%, 4, 0, 8, 447.98, 664877, 235, 29, 0
1568, 5, 392, 406, 29, 7, 57.74%, 4, 0, 8, 454.22, 667160, 235, 29, 0
1573, 5, 392, 406, 29, 7, 57.74%, 4, 0, 8, 459.54, 669410, 235, 29, 0
1578, 5, 392, 406, 29, 7, 57.74%, 4, 0, 8, 462.72, 671733, 235, 29, 0
1583, 5, 392, 406, 29, 7, 57.74%, 4, 0, 8, 440.84, 673910, 235, 29, 0
1588, 5, 392, 406, 29, 7, 57.74%, 4, 0, 8, 432.68, 676039, 235, 29, 0
1593, 5, 396, 407, 29, 6, 57.74%, 4, 0, 8, 445.43, 678278, 235, 29, 0
1598, 5, 381, 408, 29, 5, 57.74%, 4, 0, 8, 440.71, 680489, 235, 29, 0
1603, 5, 383, 426, 46, 5, 57.74%, 4, 0, 8, 428.37, 682656, 235, 29, 0
1608, 5, 252, 426, 44, 4, 57.74%, 4, 0, 8, 434.76, 684820, 235, 29, 0
1613, 5, 413, 427, 44, 4, 57.99%, 4, 0, 8, 466.07, 687285, 236, 29, 0
1618, 5, 380, 427, 42, 3, 57.99%, 4, 0, 8, 458.87, 689594, 236, 29, 0
1623, 5, 427, 428, 41, 2, 58.23%, 4, 0, 8, 461.62, 691924, 237, 29, 0
1628, 5, 426, 428, 40, 1, 58.23%, 4, 0, 8, 410.57, 693949, 237, 29, 0
1633, 5, 102, 428, 38, 0, 58.23%, 4, 0, 8, 452.77, 696309, 237, 29, 0
1638, 5, 299, 428, 37, 0, 58.23%, 4, 0, 8, 478.93, 698858, 237, 29, 0
1644, 5, 408, 428, 36, 0, 58.23%, 4, 0, 8, 445.10, 701108, 237, 29, 0
1649, 5, 367, 428, 34, 0, 58.23%, 4, 0, 8, 465.88, 703480, 237, 29, 0
1654, 5, 427, 428, 32, 0, 58.23%, 4, 0, 8, 440.78, 705718, 237, 29, 0
1659, 5, 197, 428, 32, 0, 58.23%, 4, 0, 8, 429.40, 707846, 237, 29, 0
1664, 5, 389, 428, 31, 0, 58.23%, 4, 0, 8, 422.53, 710019, 237, 29, 0
1669, 5, 410, 428, 29, 0, 58.23%, 4, 0, 8, 423.11, 712216, 237, 29, 0
1674, 5, 357, 428, 27, 0, 58.23%, 4, 0, 8, 449.27, 714551, 237, 30, 0
1679, 5, 278, 428, 26, 0, 58.23%, 4, 0, 8, 461.15, 716862, 237, 30, 0
1684, 5, 428, 429, 27, 1, 58.48%, 4, 0, 8, 449.58, 719146, 238, 32, 0
1689, 5, 390, 429, 26, 0, 58.48%, 4, 0, 8, 469.34, 721487, 238, 32, 0
1694, 5, 399, 429, 25, 0, 58.48%, 4, 0, 8, 479.78, 723862, 238, 32, 0
1699, 5, 386, 429, 23, 0, 58.48%, 4, 0, 8, 452.38, 726118, 238, 32, 0
1704, 5, 397, 429, 22, 0, 58.48%, 4, 0, 8, 436.38, 728331, 238, 32, 0
1709, 5, 197, 429, 21, 0, 58.48%, 4, 0, 8, 450.43, 730609, 238, 32, 0
1715, 5, 398, 429, 20, 0, 58.48%, 4, 0, 8, 453.73, 732957, 238, 32, 0
1720, 5, 402, 429, 19, 0, 58.48%, 4, 0, 8, 461.23, 735282, 238, 32, 0
1725, 5, 278, 429, 17, 0, 58.48%, 4, 0, 8, 455.50, 737590, 238, 32, 0
1730, 5, 409, 429, 16, 0, 58.48%, 4, 0, 8, 435.22, 739809, 238, 32, 0
1735, 5, 400, 429, 15, 0, 58.48%, 4, 0, 8, 423.77, 741982, 238, 32, 0
1740, 5, 425, 429, 14, 0, 58.48%, 4, 0, 8, 448.68, 744279, 238, 32, 0
1745, 5, 371, 429, 12, 0, 58.48%, 4, 0, 8, 445.88, 746521, 238, 32, 0
1750, 5, 382, 429, 11, 0, 58.48%, 4, 0, 8, 458.29, 748834, 238, 32, 0
1755, 5, 395, 429, 10, 0, 58.48%, 4, 0, 8, 444.56, 751122, 238, 32, 0
1760, 5, 278, 429, 9, 0, 58.48%, 4, 0, 8, 449.71, 753383, 238, 32, 0
1765, 5, 197, 429, 9, 0, 58.48%, 4, 0, 8, 437.97, 755589, 238, 34, 0
1770, 5, 97, 429, 9, 0, 58.48%, 4, 0, 8, 458.87, 758016, 238, 34, 0
1776, 5, 326, 429, 9, 0, 58.48%, 4, 0, 8, 457.94, 760282, 238, 34, 0
1781, 5, 98, 429, 9, 0, 58.48%, 4, 0, 8, 473.96, 762688, 238, 34, 0
1786, 5, 391, 429, 8, 0, 58.48%, 4, 0, 8, 460.58, 765091, 238, 34, 0
1791, 5, 350, 429, 6, 0, 58.48%, 4, 0, 8, 461.65, 767389, 238, 34, 0
1796, 5, 416, 429, 6, 0, 58.48%, 4, 0, 8, 466.48, 769713, 238, 34, 0
1801, 5, 421, 429, 5, 0, 58.48%, 4, 0, 8, 433.88, 771854, 238, 34, 0
1804, 5, 336, 429, 5, 0, 58.48%, 4, 0, 8, 441.63, 773233, 238, 34, 0
