# relative_time, cycles_done, cur_item, corpus_count, pending_total, pending_favs, map_size, saved_crashes, saved_hangs, max_depth, execs_per_sec, total_execs, edges_found, total_crashes, servers_count
60, 0, 53, 67, 59, 25, 34.89%, 0, 0, 2, 429.62, 25990, 142, 0, 0
65, 0, 53, 67, 59, 25, 34.89%, 0, 0, 2, 392.52, 27897, 142, 0, 0
70, 0, 53, 67, 59, 25, 34.89%, 0, 0, 2, 392.75, 29864, 142, 0, 0
75, 0, 53, 67, 59, 25, 34.89%, 0, 0, 2, 379.72, 31740, 142, 0, 0
80, 0, 53, 67, 59, 25, 34.89%, 0, 0, 2, 402.33, 33784, 142, 0, 0
85, 0, 53, 67, 59, 25, 34.89%, 0, 0, 2, 409.72, 35774, 142, 0, 0
91, 0, 53, 67, 59, 25, 34.89%, 0, 0, 2, 357.66, 37536, 142, 0, 0
96, 0, 53, 67, 59, 25, 34.89%, 0, 0, 2, 419.05, 39686, 142, 0, 0
101, 0, 53, 67, 59, 25, 34.89%, 0, 0, 2, 373.91, 41547, 142, 0, 0
106, 0, 53, 67, 59, 25, 34.89%, 0, 0, 2, 397.25, 43563, 142, 0, 0
111, 0, 53, 67, 59, 25, 34.89%, 0, 0, 2, 395.41, 45607, 142, 0, 0
116, 0, 53, 67, 59, 25, 34.89%, 0, 0, 2, 396.68, 47686, 142, 0, 0
121, 0, 53, 67, 59, 25, 34.89%, 0, 0, 2, 395.85, 49695, 142, 0, 0
126, 0, 53, 67, 59, 25, 34.89%, 0, 0, 2, 389.37, 51606, 142, 0, 0
131, 0, 53, 67, 59, 25, 34.89%, 0, 0, 2, 394.92, 53713, 142, 0, 0
136, 0, 53, 67, 59, 25, 34.89%, 0, 0, 2, 405.06, 55758, 142, 0, 0
141, 0, 53, 68, 60, 25, 35.87%, 0, 0, 2, 390.44, 57801, 146, 0, 0
147, 0, 53, 68, 60, 25, 35.87%, 0, 0, 2, 380.89, 59705, 146, 0, 0
152, 0, 53, 68, 60, 25, 35.87%, 0, 0, 2, 360.02, 61518, 146, 0, 0
157, 0, 53, 68, 60, 25, 35.87%, 0, 0, 2, 345.53, 63215, 146, 0, 0
162, 0, 53, 68, 60, 25, 35.87%, 0, 0, 2, 370.25, 65158, 146, 0, 0
167, 0, 34, 74, 59, 20, 41.03%, 0, 0, 3, 439.87, 67406, 167, 0, 0
172, 0, 34, 80, 65, 20, 41.28%, 0, 0, 3, 458.66, 69780, 168, 0, 0
177, 0, 34, 81, 66, 20, 41.28%, 0, 0, 3, 428.00, 71921, 168, 0, 0
182, 0, 34, 81, 66, 20, 41.28%, 0, 0, 3, 424.19, 74105, 168, 0, 0
187, 0, 34, 81, 66, 20, 41.28%, 0, 0, 3, 395.12, 76120, 168, 0, 0
192, 0, 34, 82, 67, 20, 41.28%, 0, 0, 3, 408.18, 78233, 168, 0, 0
198, 0, 34, 82, 67, 20, 41.28%, 0, 0, 3, 421.35, 80425, 168, 0, 0
203, 0, 34, 82, 67, 20, 41.28%, 0, 0, 3, 427.21, 82586, 168, 0, 0
208, 0, 34, 82, 67, 20, 41.28%, 0, 0, 3, 421.02, 84698, 168, 0, 0
213, 0, 19, 82, 66, 23, 41.28%, 0, 0, 3, 411.44, 86818, 168, 0, 0
218, 0, 25, 88, 71, 22, 41.52%, 0, 0, 3, 406.40, 88890, 169, 0, 0
223, 0, 25, 96, 79, 22, 42.01%, 1, 0, 3, 450.25, 91292, 171, 1, 0
228, 0, 25, 100, 83, 22, 42.01%, 2, 0, 3, 418.31, 93405, 171, 2, 0
233, 0, 25, 102, 85, 22, 42.01%, 2, 0, 3, 414.37, 95531, 171, 2, 0
238, 0, 25, 103, 86, 22, 42.01%, 2, 0, 3, 445.77, 97850, 171, 2, 0
243, 0, 25, 108, 91, 22, 43.00%, 2, 0, 3, 452.97, 100117, 175, 2, 0
248, 0, 25, 109, 92, 22, 43.00%, 2, 0, 3, 452.12, 102382, 175, 2, 0
253, 0, 25, 110, 93, 22, 43.00%, 2, 0, 3, 454.33, 104684, 175, 2, 0
259, 0, 25, 112, 95, 22, 43.00%, 2, 0, 3, 429.42, 106961, 175, 2, 0
264, 0, 25, 114, 97, 22, 43.24%, 2, 0, 3, 459.57, 109223, 176, 2, 0
269, 0, 25, 114, 97, 22, 43.24%, 2, 0, 3, 421.37, 111343, 176, 2, 0
274, 0, 25, 114, 97, 22, 43.24%, 2, 0, 3, 427.30, 113503, 176, 2, 0
279, 0, 25, 116, 99, 22, 43.24%, 2, 0, 3, 455.44, 115832, 176, 2, 0
284, 0, 25, 116, 99, 22, 43.24%, 2, 0, 3, 422.31, 118021, 176, 2, 0
289, 0, 25, 116, 99, 22, 43.24%, 2, 0, 3, 437.70, 120205, 176, 2, 0
294, 0, 25, 116, 99, 22, 43.24%, 2, 0, 3, 450.86, 122474, 176, 2, 0
299, 0, 25, 116, 99, 22, 43.24%, 2, 0, 3, 423.80, 124637, 176, 2, 0
304, 0, 25, 117, 100, 22, 43.24%, 2, 0, 3, 449.32, 126900, 176, 2, 0
309, 0, 25, 117, 100, 22, 43.24%, 2, 0, 3, 449.94, 129285, 176, 2, 0
314, 0, 25, 117, 100, 22, 43.24%, 2, 0, 3, 441.33, 131524, 176, 2, 0
319, 0, 25, 117, 100, 22, 43.24%, 2, 0, 3, 475.22, 133875, 176, 2, 0
324, 0, 25, 118, 101, 22, 43.24%, 2, 0, 3, 430.35, 136003, 176, 2, 0
329, 0, 25, 118, 101, 22, 43.24%, 2, 0, 3, 428.83, 138163, 176, 2, 0
335, 0, 25, 118, 101, 22, 43.24%, 2, 0, 3, 434.61, 140444, 176, 2, 0
340, 0, 18, 118, 99, 25, 43.24%, 2, 0, 3, 407.63, 142467, 176, 2, 0
345, 0, 79, 120, 99, 24, 43.49%, 2, 0, 3, 435.44, 144746, 177, 2, 0
350, 0, 74, 137, 115, 23, 43.73%, 2, 0, 3, 413.77, 146751, 178, 2, 0
355, 0, 74, 140, 118, 23, 43.73%, 2, 0, 3, 419.51, 148876, 178, 2, 0
360, 0, 74, 141, 119, 23, 43.73%, 2, 0, 3, 414.76, 151019, 178, 2, 0
365, 0, 74, 142, 120, 23, 43.73%, 2, 0, 3, 434.13, 153138, 178, 2, 0
370, 0, 74, 142, 120, 23, 43.73%, 2, 0, 3, 440.49, 155314, 178, 2, 0
375, 0, 74, 142, 120, 23, 43.73%, 2, 0, 3, 414.88, 157386, 178, 2, 0
380, 0, 74, 142, 120, 23, 43.73%, 2, 0, 3, 420.79, 159522, 178, 2, 0
385, 0, 74, 143, 121, 23, 43.73%, 2, 0, 3, 435.92, 161849, 178, 2, 0
390, 0, 74, 143, 121, 23, 43.73%, 2, 0, 3, 433.07, 164041, 178, 2, 0
395, 0, 74, 143, 121, 23, 43.73%, 2, 0, 3, 446.50, 166265, 178, 2, 0
401, 0, 74, 143, 121, 23, 43.73%, 2, 0, 3, 450.95, 168559, 178, 2, 0
406, 0, 74, 143, 121, 23, 43.73%, 2, 0, 3, 447.96, 170836, 178, 2, 0
411, 0, 74, 145, 123, 23, 43.98%, 2, 0, 3, 465.27, 173145, 179, 2, 0
416, 0, 74, 145, 123, 23, 43.98%, 2, 0, 3, 412.05, 175199, 179, 2, 0
421, 0, 74, 145, 123, 23, 43.98%, 2, 0, 3, 391.37, 177178, 179, 2, 0
426, 0, 74, 145, 123, 23, 43.98%, 2, 0, 3, 427.08, 179351, 179, 2, 0
431, 0, 74, 145, 123, 23, 43.98%, 2, 0, 3, 442.77, 181583, 179, 2, 0
436, 0, 74, 145, 123, 23, 43.98%, 2, 0, 3, 429.88, 183703, 179, 2, 0
441, 0, 132, 145, 122, 25, 43.98%, 2, 0, 3, 416.67, 185839, 179, 2, 0
446, 0, 22, 145, 119, 22, 43.98%, 2, 0, 3, 430.24, 188009, 179, 2, 0
451, 0, 69, 146, 118, 21, 44.47%, 2, 0, 3, 430.10, 190210, 181, 2, 0
456, 0, 150, 156, 127, 21, 44.47%, 2, 0, 3, 398.35, 192171, 181, 2, 0
461, 0, 31, 158, 128, 20, 44.47%, 2, 0, 3, 421.46, 194295, 181, 2, 0
467, 0, 55, 158, 126, 18, 44.47%, 2, 0, 3, 434.16, 196515, 181, 2, 0
472, 0, 67, 158, 124, 18, 44.47%, 2, 0, 3, 422.27, 198609, 181, 2, 0
477, 0, 67, 170, 136, 18, 45.21%, 2, 0, 3, 399.24, 200607, 184, 2, 0
482, 0, 67, 174, 140, 18, 45.21%, 2, 0, 3, 380.69, 202577, 184, 2, 0
487, 0, 67, 175, 141, 18, 45.21%, 2, 0, 3, 389.88, 204551, 184, 2, 0
492, 0, 67, 178, 144, 18, 45.21%, 2, 0, 3, 388.66, 206553, 184, 2, 0
497, 0, 67, 180, 146, 18, 45.21%, 2, 0, 3, 428.80, 208725, 184, 2, 0
502, 0, 67, 180, 146, 18, 45.21%, 2, 0, 3, 379.18, 210585, 184, 2, 0
507, 0, 67, 180, 146, 18, 45.21%, 2, 0, 3, 377.03, 212524, 184, 2, 0
513, 0, 67, 180, 146, 18, 45.21%, 2, 0, 3, 375.91, 214414, 184, 2, 0
518, 0, 67, 180, 146, 18, 45.21%, 2, 0, 3, 393.91, 216381, 184, 2, 0
523, 0, 67, 181, 147, 18, 45.21%, 2, 0, 3, 383.09, 218307, 184, 2, 0
528, 0, 67, 181, 147, 18, 45.21%, 2, 0, 3, 403.77, 220337, 184, 2, 0
533, 0, 67, 181, 147, 18, 45.21%, 2, 0, 3, 385.51, 222325, 184, 2, 0
538, 0, 67, 182, 148, 18, 45.21%, 2, 0, 3, 381.02, 224215, 184, 2, 0
543, 0, 67, 182, 148, 18, 45.21%, 2, 0, 3, 400.74, 226294, 184, 2, 0
548, 0, 67, 182, 148, 18, 45.21%, 2, 0, 3, 384.87, 228282, 184, 2, 0
553, 0, 67, 182, 148, 18, 45.21%, 2, 0, 3, 390.01, 230305, 184, 2, 0
558, 0, 67, 182, 148, 18, 45.21%, 2, 0, 3, 397.89, 232340, 184, 2, 0
564, 0, 67, 182, 148, 18, 45.21%, 2, 0, 3, 403.37, 234476, 184, 2, 0
569, 0, 67, 182, 148, 18, 45.21%, 2, 0, 3, 370.75, 236304, 184, 2, 0
574, 0, 67, 182, 148, 18, 45.21%, 2, 0, 3, 372.96, 238166, 184, 2, 0
579, 0, 67, 182, 148, 18, 45.21%, 2, 0, 3, 411.52, 240260, 184, 2, 0
584, 0, 67, 182, 148, 18, 45.21%, 2, 0, 3, 424.97, 242412, 184, 2, 0
589, 0, 67, 183, 149, 18, 45.21%, 2, 0, 3, 419.92, 244539, 184, 2, 0
594, 0, 67, 183, 149, 18, 45.21%, 2, 0, 3, 389.68, 246510, 184, 2, 0
599, 0, 67, 183, 149, 18, 45.21%, 2, 0, 3, 398.30, 248617, 184, 2, 0
604, 0, 67, 183, 149, 18, 45.21%, 2, 0, 3, 366.93, 250437, 184, 2, 0
609, 0, 177, 183, 147, 17, 45.21%, 2, 0, 3, 461.76, 252857, 184, 2, 0
615, 0, 107, 183, 144, 15, 45.21%, 2, 0, 3, 426.44, 255052, 184, 2, 0
620, 0, 16, 184, 144, 14, 45.70%, 2, 0, 3, 426.68, 257218, 186, 2, 0
625, 0, 84, 185, 143, 12, 45.70%, 2, 0, 4, 404.88, 259307, 186, 2, 0
630, 0, 182, 186, 142, 10, 45.70%, 2, 0, 4, 398.76, 261330, 186, 2, 0
635, 0, 186, 190, 144, 11, 47.17%, 2, 0, 4, 436.30, 263578, 192, 2, 0
640, 0, 106, 199, 152, 10, 47.91%, 2, 0, 4, 397.09, 265499, 195, 2, 0
645, 0, 106, 207, 160, 10, 47.91%, 2, 0, 4, 425.41, 267657, 195, 2, 0
650, 0, 106, 209, 162, 10, 48.16%, 2, 0, 4, 419.78, 269791, 196, 2, 0
655, 0, 106, 212, 165, 10, 48.16%, 2, 0, 4, 391.81, 271826, 196, 2, 0
660, 0, 106, 212, 165, 10, 48.16%, 2, 0, 4, 374.02, 273751, 196, 2, 0
665, 0, 106, 212, 165, 10, 48.16%, 2, 0, 4, 394.82, 275817, 196, 2, 0
670, 0, 106, 214, 167, 10, 48.16%, 2, 0, 4, 402.12, 277875, 196, 2, 0
675, 0, 106, 217, 170, 10, 48.16%, 2, 0, 4, 417.96, 279968, 196, 2, 0
681, 0, 106, 217, 170, 10, 48.16%, 2, 0, 4, 406.24, 282008, 196, 2, 0
686, 0, 106, 217, 170, 10, 48.16%, 2, 0, 4, 432.73, 284208, 196, 2, 0
691, 0, 106, 217, 170, 10, 48.16%, 2, 0, 4, 410.10, 286288, 196, 2, 0
696, 0, 106, 217, 170, 10, 48.16%, 3, 0, 4, 420.29, 288416, 196, 3, 0
701, 0, 106, 217, 170, 10, 48.16%, 3, 0, 4, 412.83, 290584, 196, 4, 0
706, 0, 106, 217, 170, 10, 48.16%, 3, 0, 4, 411.10, 292728, 196, 5, 0
711, 0, 106, 218, 171, 10, 48.16%, 3, 0, 4, 428.96, 294863, 196, 5, 0
716, 0, 106, 218, 171, 10, 48.16%, 3, 0, 4, 434.84, 297039, 196, 5, 0
721, 0, 106, 218, 171, 10, 48.16%, 3, 0, 4, 443.47, 299159, 196, 5, 0
726, 0, 106, 218, 171, 10, 48.16%, 3, 0, 4, 426.47, 301375, 196, 5, 0
731, 0, 106, 218, 171, 10, 48.16%, 3, 0, 4, 437.38, 303591, 196, 5, 0
736, 0, 189, 227, 179, 12, 48.16%, 3, 0, 5, 429.67, 305771, 196, 5, 0
741, 0, 183, 235, 186, 11, 48.16%, 3, 0, 5, 448.77, 308056, 196, 5, 0
747, 0, 183, 246, 197, 11, 48.16%, 3, 0, 5, 440.32, 310280, 196, 5, 0
752, 0, 183, 247, 198, 11, 48.16%, 3, 0, 5, 401.47, 312224, 196, 5, 0
757, 0, 183, 247, 198, 11, 48.16%, 3, 0, 5, 421.60, 314407, 196, 5, 0
762, 0, 183, 247, 198, 11, 48.16%, 3, 0, 5, 391.87, 316431, 196, 5, 0
767, 0, 183, 247, 198, 11, 48.16%, 3, 0, 5, 406.46, 318575, 196, 5, 0
772, 0, 183, 248, 199, 11, 48.16%, 3, 0, 5, 419.43, 320782, 196, 5, 0
777, 0, 183, 249, 200, 11, 48.16%, 3, 0, 5, 454.91, 323085, 196, 5, 0
782, 0, 183, 252, 203, 11, 48.16%, 3, 0, 5, 411.57, 325146, 196, 5, 0
787, 0, 183, 252, 203, 11, 48.16%, 3, 0, 5, 429.47, 327370, 196, 5, 0
792, 0, 183, 252, 203, 11, 48.16%, 3, 0, 5, 455.50, 329658, 196, 5, 0
797, 0, 183, 253, 204, 11, 48.16%, 3, 0, 5, 502.27, 332113, 196, 5, 0
803, 0, 183, 253, 204, 11, 48.16%, 3, 0, 5, 459.95, 334435, 196, 5, 0
808, 0, 183, 254, 205, 11, 48.16%, 3, 0, 5, 477.11, 336827, 196, 5, 0
813, 0, 183, 254, 205, 11, 48.16%, 3, 0, 5, 456.82, 339149, 196, 5, 0
818, 0, 183, 254, 205, 11, 48.16%, 3, 0, 5, 420.25, 341352, 196, 5, 0
823, 0, 183, 254, 205, 11, 48.16%, 3, 0, 5, 447.81, 343680, 196, 5, 0
828, 0, 183, 254, 205, 11, 48.16%, 3, 0, 5, 414.49, 345792, 196, 5, 0
833, 0, 252, 254, 203, 9, 48.16%, 3, 0, 5, 406.34, 347869, 196, 5, 0
838, 0, 207, 256, 204, 8, 48.16%, 3, 0, 5, 402.33, 349930, 196, 5, 0
843, 0, 207, 258, 206, 8, 48.16%, 3, 0, 5, 406.79, 352016, 196, 5, 0
848, 0, 207, 258, 206, 8, 48.16%, 3, 0, 5, 410.53, 354072, 196, 5, 0
853, 0, 207, 258, 206, 8, 48.16%, 3, 0, 5, 411.48, 356160, 196, 5, 0
859, 0, 207, 259, 207, 8, 48.16%, 3, 0, 5, 410.49, 358231, 196, 5, 0
864, 0, 207, 259, 207, 8, 48.16%, 3, 0, 5, 414.11, 360311, 196, 5, 0
869, 0, 207, 259, 207, 8, 48.16%, 3, 0, 5, 399.13, 362391, 196, 5, 0
874, 0, 117, 259, 206, 7, 48.16%, 3, 0, 5, 390.65, 364400, 196, 6, 0
879, 0, 198, 261, 207, 6, 48.16%, 3, 0, 5, 429.13, 366595, 196, 6, 0
884, 0, 89, 261, 204, 3, 48.16%, 3, 0, 5, 406.57, 368643, 196, 6, 0
889, 0, 21, 261, 201, 1, 48.16%, 3, 0, 5, 407.63, 370702, 196, 6, 0
894, 0, 253, 263, 202, 1, 48.16%, 3, 0, 5, 429.91, 372883, 196, 6, 0
899, 0, 253, 265, 204, 1, 48.16%, 3, 0, 5, 418.35, 374985, 196, 6, 0
900, 0, 253, 265, 204, 1, 48.16%, 3, 0, 5, 396.34, 375328, 196, 6, 0
