# relative_time, cycles_done, cur_item, corpus_count, pending_total, pending_favs, map_size, saved_crashes, saved_hangs, max_depth, execs_per_sec, total_execs, edges_found, total_crashes, servers_count
61, 0, 9, 57, 52, 4, 29.98%, 0, 0, 2, 118.09, 7377, 122, 0, 0
66, 0, 9, 60, 55, 4, 29.98%, 0, 0, 2, 122.86, 7996, 122, 0, 0
71, 0, 9, 61, 56, 4, 29.98%, 0, 0, 2, 123.30, 8632, 122, 0, 0
76, 0, 9, 62, 57, 4, 29.98%, 0, 0, 2, 122.02, 9228, 122, 0, 0
81, 0, 9, 63, 58, 4, 30.22%, 0, 0, 2, 126.69, 9873, 123, 0, 0
86, 0, 9, 64, 59, 4, 30.22%, 0, 0, 2, 129.92, 10528, 123, 0, 0
91, 0, 9, 64, 59, 4, 30.22%, 0, 0, 2, 112.61, 11076, 123, 0, 0
96, 0, 9, 65, 60, 4, 30.22%, 0, 0, 2, 113.06, 11649, 123, 0, 0
102, 0, 9, 66, 61, 4, 30.22%, 0, 0, 2, 121.57, 12264, 123, 0, 0
107, 0, 9, 66, 61, 4, 30.22%, 0, 0, 2, 117.43, 12868, 123, 0, 0
112, 0, 9, 67, 62, 4, 30.47%, 0, 0, 2, 117.16, 13473, 124, 0, 0
117, 0, 9, 68, 63, 4, 30.47%, 0, 0, 2, 132.48, 14136, 124, 0, 0
122, 0, 9, 68, 63, 4, 30.47%, 0, 0, 2, 123.55, 14774, 124, 0, 0
127, 0, 9, 69, 64, 4, 30.71%, 0, 0, 2, 106.58, 15307, 125, 0, 0
132, 0, 9, 69, 64, 4, 30.71%, 0, 0, 2, 110.53, 15895, 125, 0, 0
137, 0, 9, 69, 64, 4, 30.71%, 0, 0, 2, 118.55, 16539, 125, 0, 0
143, 0, 9, 69, 64, 4, 30.71%, 0, 0, 2, 123.40, 17161, 125, 0, 0
148, 0, 9, 69, 64, 4, 30.71%, 0, 0, 2, 119.59, 17762, 125, 0, 0
153, 0, 9, 69, 64, 4, 30.71%, 0, 0, 2, 113.86, 18342, 125, 0, 0
158, 0, 9, 69, 64, 4, 30.71%, 0, 0, 2, 115.57, 18926, 125, 0, 0
163, 0, 9, 70, 65, 4, 30.71%, 0, 0, 2, 117.09, 19515, 125, 0, 0
168, 0, 9, 70, 65, 4, 30.71%, 0, 0, 2, 124.89, 20127, 125, 0, 0
173, 0, 9, 70, 65, 4, 30.71%, 0, 0, 2, 126.96, 20775, 125, 0, 0
178, 0, 9, 70, 65, 4, 30.71%, 0, 0, 2, 119.93, 21347, 125, 0, 0
183, 0, 9, 72, 67, 4, 30.71%, 0, 0, 2, 118.80, 21959, 125, 0, 0
188, 0, 9, 73, 68, 4, 30.71%, 0, 0, 2, 118.54, 22562, 125, 0, 0
193, 0, 9, 73, 68, 4, 30.71%, 0, 0, 2, 127.94, 23214, 125, 0, 0
198, 0, 9, 74, 69, 4, 30.71%, 0, 0, 2, 130.41, 23865, 125, 0, 0
204, 0, 9, 75, 70, 4, 30.71%, 0, 0, 2, 126.54, 24496, 125, 0, 0
209, 0, 9, 75, 70, 4, 30.71%, 0, 0, 2, 132.54, 25154, 125, 0, 0
214, 0, 9, 75, 70, 4, 30.71%, 0, 0, 2, 136.84, 25840, 125, 0, 0
219, 0, 9, 75, 70, 4, 30.71%, 0, 0, 2, 130.84, 26412, 125, 0, 0
224, 0, 9, 75, 70, 4, 30.71%, 0, 0, 2, 129.33, 27050, 125, 0, 0
229, 0, 9, 75, 70, 4, 30.71%, 0, 0, 2, 111.45, 27593, 125, 0, 0
234, 0, 9, 75, 70, 4, 30.71%, 0, 0, 2, 111.78, 28171, 125, 0, 0
239, 0, 9, 75, 70, 4, 30.71%, 0, 0, 2, 120.64, 28803, 125, 0, 0
244, 0, 9, 75, 70, 4, 30.71%, 0, 0, 2, 119.18, 29411, 125, 0, 0
249, 0, 9, 75, 70, 4, 30.71%, 0, 0, 2, 121.68, 30039, 125, 0, 0
255, 0, 9, 75, 70, 4, 30.71%, 0, 0, 2, 127.73, 30709, 125, 0, 0
260, 0, 9, 75, 70, 4, 30.71%, 0, 0, 2, 135.72, 31385, 125, 0, 0
265, 0, 9, 76, 71, 4, 30.71%, 0, 0, 2, 135.01, 32106, 125, 0, 0
270, 0, 9, 76, 71, 4, 30.71%, 0, 0, 2, 116.73, 32696, 125, 0, 0
275, 0, 9, 76, 71, 4, 30.71%, 0, 0, 2, 117.38, 33280, 125, 0, 0
280, 0, 9, 76, 71, 4, 30.71%, 0, 0, 2, 115.27, 33872, 125, 0, 0
286, 0, 9, 76, 71, 4, 30.71%, 0, 0, 2, 121.47, 34484, 125, 0, 0
291, 0, 9, 76, 71, 4, 30.71%, 0, 0, 2, 119.21, 35078, 125, 0, 0
296, 0, 9, 77, 72, 4, 30.71%, 0, 0, 2, 116.06, 35655, 125, 0, 0
301, 0, 9, 77, 72, 4, 30.71%, 0, 0, 2, 106.00, 36187, 125, 0, 0
306, 0, 9, 77, 72, 4, 30.71%, 0, 0, 2, 104.54, 36727, 125, 0, 0
311, 0, 9, 77, 72, 4, 30.71%, 0, 0, 2, 104.03, 37263, 125, 0, 0
316, 0, 9, 78, 73, 4, 30.71%, 0, 0, 2, 116.65, 37886, 125, 0, 0
321, 0, 9, 78, 73, 4, 30.71%, 0, 0, 2, 108.77, 38450, 125, 0, 0
327, 0, 9, 78, 73, 4, 30.71%, 0, 0, 2, 117.97, 39042, 125, 0, 0
332, 0, 9, 79, 74, 4, 30.71%, 0, 0, 2, 122.58, 39713, 125, 0, 0
337, 0, 9, 79, 74, 4, 30.71%, 0, 0, 2, 113.32, 40259, 125, 0, 0
342, 0, 9, 80, 75, 4, 30.71%, 0, 0, 2, 116.94, 40880, 125, 0, 0
347, 0, 9, 81, 76, 4, 30.71%, 0, 0, 2, 109.05, 41429, 125, 0, 0
352, 0, 9, 81, 76, 4, 30.71%, 0, 0, 2, 106.48, 41987, 125, 0, 0
358, 0, 9, 81, 76, 4, 30.71%, 0, 0, 2, 113.18, 42571, 125, 0, 0
363, 0, 9, 81, 76, 4, 30.71%, 0, 0, 2, 123.30, 43189, 125, 0, 0
368, 0, 9, 81, 76, 4, 30.71%, 0, 0, 2, 119.20, 43819, 125, 0, 0
373, 0, 9, 81, 76, 4, 30.71%, 0, 0, 2, 113.37, 44411, 125, 0, 0
378, 0, 9, 81, 76, 4, 30.71%, 0, 0, 2, 119.33, 45049, 125, 0, 0
383, 0, 9, 82, 77, 4, 30.71%, 0, 0, 2, 104.84, 45572, 125, 0, 0
388, 0, 9, 82, 77, 4, 30.71%, 0, 0, 2, 111.05, 46144, 125, 0, 0
393, 0, 9, 83, 78, 4, 30.71%, 0, 0, 2, 122.95, 46771, 125, 0, 0
398, 0, 9, 85, 80, 4, 30.71%, 0, 0, 2, 124.31, 47411, 125, 0, 0
403, 0, 9, 85, 80, 4, 30.71%, 0, 0, 2, 125.18, 48031, 125, 0, 0
408, 0, 9, 85, 80, 4, 30.71%, 0, 0, 2, 125.20, 48687, 125, 0, 0
413, 0, 9, 85, 80, 4, 30.71%, 0, 0, 2, 132.37, 49377, 125, 0, 0
419, 0, 9, 85, 80, 4, 30.71%, 0, 0, 2, 124.22, 50001, 125, 0, 0
424, 0, 9, 85, 80, 4, 30.71%, 0, 0, 2, 118.34, 50613, 125, 0, 0
429, 0, 9, 85, 80, 4, 30.71%, 0, 0, 2, 119.63, 51195, 125, 0, 0
434, 0, 9, 85, 80, 4, 30.71%, 0, 0, 2, 129.16, 51879, 125, 0, 0
439, 0, 9, 85, 80, 4, 30.71%, 0, 0, 2, 126.90, 52531, 125, 0, 0
444, 0, 9, 85, 80, 4, 30.71%, 0, 0, 2, 117.54, 53125, 125, 0, 0
449, 0, 9, 85, 80, 4, 30.71%, 0, 0, 2, 124.91, 53727, 125, 0, 0
454, 0, 9, 85, 80, 4, 30.71%, 0, 0, 2, 109.66, 54245, 125, 0, 0
459, 0, 75, 117, 111, 30, 35.14%, 0, 0, 2, 105.31, 54771, 143, 0, 0
464, 0, 75, 119, 113, 30, 35.14%, 0, 0, 3, 113.60, 55354, 143, 0, 0
470, 0, 113, 119, 112, 29, 35.14%, 0, 0, 3, 116.65, 55962, 143, 0, 0
475, 0, 113, 123, 116, 29, 35.14%, 0, 0, 3, 118.63, 56561, 143, 0, 0
480, 0, 113, 124, 117, 29, 35.14%, 0, 0, 3, 105.05, 57092, 143, 0, 0
485, 0, 113, 124, 117, 29, 35.14%, 0, 0, 3, 124.43, 57730, 143, 0, 0
490, 0, 113, 125, 118, 29, 35.14%, 0, 0, 3, 103.67, 58191, 143, 0, 0
495, 0, 113, 126, 119, 29, 35.14%, 0, 0, 3, 114.49, 58760, 143, 0, 0
500, 0, 113, 127, 120, 29, 35.14%, 0, 0, 3, 117.08, 59363, 143, 0, 0
505, 0, 113, 127, 120, 29, 35.14%, 0, 0, 3, 147.10, 60129, 143, 0, 0
510, 0, 113, 128, 121, 29, 35.14%, 0, 0, 3, 133.89, 60778, 143, 0, 0
515, 0, 113, 129, 122, 29, 35.14%, 0, 0, 3, 134.93, 61433, 143, 0, 0
521, 0, 113, 130, 123, 29, 35.14%, 0, 0, 3, 118.77, 62052, 143, 0, 0
526, 0, 113, 130, 123, 29, 35.14%, 0, 0, 3, 112.54, 62648, 143, 0, 0
531, 0, 113, 131, 124, 29, 35.14%, 0, 0, 3, 112.82, 63237, 143, 0, 0
536, 0, 113, 131, 124, 29, 35.14%, 0, 0, 3, 119.24, 63873, 143, 0, 0
541, 0, 113, 133, 126, 29, 35.14%, 0, 0, 3, 114.93, 64459, 143, 0, 0
546, 0, 113, 134, 127, 29, 35.14%, 0, 0, 3, 118.58, 65090, 143, 0, 0
551, 0, 10, 134, 126, 26, 35.14%, 0, 0, 3, 127.32, 65734, 143, 0, 0
556, 0, 86, 135, 121, 21, 35.38%, 0, 0, 3, 126.97, 66360, 144, 0, 0
561, 0, 86, 135, 121, 21, 35.38%, 0, 0, 3, 113.29, 66936, 144, 0, 0
566, 0, 86, 135, 121, 21, 35.38%, 0, 0, 3, 106.43, 67457, 144, 0, 0
571, 0, 89, 136, 120, 20, 35.63%, 0, 0, 3, 106.00, 67997, 145, 0, 0
577, 0, 89, 136, 120, 20, 35.63%, 0, 0, 3, 117.98, 68652, 145, 0, 0
582, 0, 89, 142, 126, 20, 36.36%, 1, 0, 3, 123.57, 69254, 148, 1, 0
587, 0, 89, 142, 126, 20, 36.36%, 1, 0, 3, 115.74, 69855, 148, 1, 0
592, 0, 89, 142, 126, 20, 36.36%, 1, 0, 3, 122.17, 70464, 148, 1, 0
597, 0, 89, 142, 126, 20, 36.36%, 1, 0, 3, 123.56, 71112, 148, 1, 0
602, 0, 0, 142, 125, 21, 36.36%, 1, 0, 3, 117.50, 71680, 148, 1, 0
607, 0, 0, 142, 125, 21, 36.36%, 1, 0, 3, 111.59, 72242, 148, 1, 0
612, 0, 15, 142, 124, 20, 36.36%, 1, 0, 3, 120.09, 72844, 148, 1, 0
618, 0, 57, 142, 122, 18, 36.36%, 1, 0, 3, 117.89, 73444, 148, 1, 0
623, 0, 76, 142, 121, 17, 36.36%, 1, 0, 3, 123.75, 74114, 148, 1, 0
628, 0, 28, 145, 123, 16, 37.35%, 1, 0, 3, 125.08, 74754, 152, 1, 0
633, 0, 28, 145, 123, 16, 37.35%, 1, 0, 3, 110.01, 75310, 152, 1, 0
638, 0, 143, 147, 124, 16, 38.08%, 1, 0, 4, 128.40, 75985, 155, 1, 0
643, 0, 143, 150, 127, 16, 38.08%, 1, 0, 4, 128.00, 76620, 155, 1, 0
648, 0, 143, 151, 128, 16, 38.08%, 1, 0, 4, 102.70, 77119, 155, 1, 0
653, 0, 143, 154, 131, 16, 38.08%, 1, 0, 4, 117.93, 77702, 155, 1, 0
659, 0, 143, 154, 131, 16, 38.08%, 1, 0, 4, 111.07, 78278, 155, 1, 0
664, 0, 143, 154, 131, 16, 38.08%, 1, 0, 4, 116.45, 78874, 155, 1, 0
669, 0, 143, 157, 134, 16, 38.08%, 1, 0, 4, 122.97, 79489, 155, 1, 0
674, 0, 143, 157, 134, 16, 38.08%, 1, 0, 4, 129.06, 80157, 155, 1, 0
679, 0, 143, 157, 134, 16, 38.08%, 1, 0, 4, 125.83, 80781, 155, 1, 0
684, 0, 143, 157, 134, 16, 38.08%, 1, 0, 4, 117.53, 81399, 155, 1, 0
689, 0, 143, 158, 135, 16, 38.08%, 1, 0, 4, 128.38, 82098, 155, 1, 0
694, 0, 143, 159, 136, 16, 38.08%, 1, 0, 4, 133.41, 82737, 155, 1, 0
699, 0, 143, 159, 136, 16, 38.08%, 1, 0, 4, 125.62, 83305, 155, 1, 0
705, 0, 143, 159, 136, 16, 38.08%, 1, 0, 4, 114.55, 83891, 155, 1, 0
710, 0, 143, 160, 137, 16, 38.08%, 1, 0, 4, 125.88, 84536, 155, 1, 0
715, 0, 143, 160, 137, 16, 38.08%, 1, 0, 4, 123.40, 85152, 155, 1, 0
720, 0, 143, 161, 138, 16, 38.08%, 1, 0, 4, 389.67, 87120, 155, 1, 0
725, 0, 143, 162, 139, 16, 38.08%, 1, 0, 4, 482.78, 89741, 155, 1, 0
730, 0, 143, 163, 140, 16, 38.08%, 1, 0, 4, 476.51, 92205, 155, 1, 0
735, 0, 143, 163, 140, 16, 38.08%, 1, 0, 4, 495.61, 94815, 155, 1, 0
740, 0, 143, 163, 140, 16, 38.08%, 1, 0, 4, 478.20, 97272, 155, 1, 0
745, 0, 143, 163, 140, 16, 38.08%, 1, 0, 4, 502.32, 99828, 155, 1, 0
751, 0, 143, 164, 141, 16, 38.08%, 1, 0, 4, 499.01, 102322, 155, 1, 0
756, 0, 143, 164, 141, 16, 38.08%, 1, 0, 4, 515.59, 105002, 155, 1, 0
761, 0, 143, 164, 141, 16, 38.08%, 1, 0, 4, 470.49, 107296, 155, 1, 0
766, 0, 143, 164, 141, 16, 38.08%, 1, 0, 4, 486.22, 109852, 155, 1, 0
771, 0, 143, 165, 142, 16, 38.08%, 1, 0, 4, 492.97, 112379, 155, 1, 0
776, 0, 143, 165, 142, 16, 38.08%, 1, 0, 4, 471.09, 114710, 155, 1, 0
781, 0, 143, 165, 142, 16, 38.08%, 1, 0, 4, 487.63, 117203, 155, 1, 0
786, 0, 143, 165, 142, 16, 38.08%, 1, 0, 4, 530.23, 119839, 155, 1, 0
791, 0, 143, 166, 143, 16, 38.08%, 1, 0, 4, 498.47, 122394, 155, 1, 0
796, 0, 143, 166, 143, 16, 38.08%, 1, 0, 4, 490.61, 124878, 155, 1, 0
801, 0, 143, 166, 143, 16, 38.08%, 1, 0, 4, 462.29, 127137, 155, 1, 0
806, 0, 66, 170, 145, 15, 38.08%, 1, 0, 4, 449.48, 129485, 155, 1, 0
811, 0, 66, 171, 146, 15, 38.08%, 1, 0, 4, 494.23, 132012, 155, 1, 0
816, 0, 66, 172, 147, 15, 38.08%, 1, 0, 4, 509.97, 134614, 155, 1, 0
822, 0, 66, 174, 149, 15, 38.08%, 1, 0, 4, 486.29, 137037, 155, 1, 0
827, 0, 66, 174, 149, 15, 38.08%, 1, 0, 4, 474.39, 139341, 155, 1, 0
832, 0, 66, 175, 150, 15, 38.08%, 1, 0, 4, 463.90, 141733, 155, 1, 0
837, 0, 66, 176, 151, 15, 38.08%, 1, 0, 4, 478.55, 144215, 155, 1, 0
842, 0, 66, 176, 151, 15, 38.08%, 1, 0, 4, 510.38, 146753, 155, 1, 0
847, 0, 66, 178, 153, 15, 38.08%, 1, 0, 4, 479.29, 149152, 155, 1, 0
852, 0, 66, 178, 153, 15, 38.08%, 1, 0, 4, 442.45, 151354, 155, 1, 0
857, 0, 66, 178, 153, 15, 38.08%, 1, 0, 4, 467.58, 153697, 155, 1, 0
862, 0, 66, 179, 154, 15, 38.08%, 1, 0, 4, 472.84, 156089, 155, 1, 0
867, 0, 66, 179, 154, 15, 38.08%, 1, 0, 4, 502.13, 158623, 155, 1, 0
872, 0, 66, 180, 155, 15, 38.08%, 1, 0, 4, 484.67, 161046, 155, 1, 0
877, 0, 66, 180, 155, 15, 38.08%, 1, 0, 4, 451.54, 163386, 155, 1, 0
882, 0, 66, 180, 155, 15, 38.08%, 1, 0, 4, 474.07, 165753, 155, 1, 0
887, 0, 173, 185, 159, 15, 38.08%, 1, 0, 4, 522.75, 168365, 155, 1, 0
892, 0, 94, 185, 158, 14, 38.08%, 1, 0, 4, 452.04, 170668, 155, 1, 0
897, 0, 94, 185, 158, 14, 38.08%, 1, 0, 4, 431.84, 172859, 155, 1, 0
902, 0, 139, 185, 156, 12, 38.08%, 1, 0, 4, 463.44, 174901, 155, 1, 0
