# relative_time, cycles_done, cur_item, corpus_count, pending_total, pending_favs, map_size, saved_crashes, saved_hangs, max_depth, execs_per_sec, total_execs, edges_found, total_crashes, servers_count
61, 0, 8, 62, 54, 24, 33.66%, 0, 0, 2, 365.50, 25132, 137, 0, 0
66, 0, 8, 62, 54, 24, 33.66%, 0, 0, 2, 381.43, 27085, 137, 0, 0
71, 0, 8, 62, 54, 24, 33.66%, 0, 0, 2, 397.73, 29059, 137, 0, 0
76, 0, 8, 62, 54, 24, 33.66%, 0, 0, 2, 383.99, 30970, 137, 0, 0
81, 0, 8, 62, 54, 24, 33.66%, 0, 0, 2, 397.92, 33001, 137, 0, 0
86, 0, 8, 62, 54, 24, 33.66%, 0, 0, 2, 378.64, 34898, 137, 0, 0
91, 0, 8, 62, 54, 24, 33.66%, 0, 0, 2, 399.48, 36896, 137, 0, 0
96, 0, 8, 62, 54, 24, 33.66%, 0, 0, 2, 390.98, 38860, 137, 0, 0
101, 0, 8, 62, 54, 24, 33.66%, 0, 0, 2, 378.07, 40743, 137, 0, 0
106, 0, 8, 62, 54, 24, 33.66%, 0, 0, 2, 356.86, 42602, 137, 0, 0
111, 0, 8, 62, 54, 24, 33.66%, 0, 0, 2, 355.82, 44355, 137, 0, 0
116, 0, 8, 62, 54, 24, 33.66%, 0, 0, 2, 396.45, 46336, 137, 0, 0
122, 0, 8, 62, 54, 24, 33.66%, 0, 0, 2, 393.81, 48282, 137, 0, 0
126, 0, 9, 62, 54, 24, 33.66%, 0, 0, 2, 379.90, 50079, 137, 0, 0
