# relative_time, cycles_done, cur_item, corpus_count, pending_total, pending_favs, map_size, saved_crashes, saved_hangs, max_depth, execs_per_sec, total_execs, edges_found, total_crashes, servers_count
60, 0, 20, 71, 54, 13, 31.70%, 0, 0, 2, 450.80, 26293, 129, 0, 0
66, 0, 20, 74, 57, 13, 31.70%, 0, 0, 2, 526.98, 29076, 129, 0, 0
71, 0, 20, 78, 61, 13, 31.94%, 0, 0, 2, 465.81, 31406, 130, 0, 0
76, 0, 20, 78, 61, 13, 31.94%, 0, 0, 2, 450.26, 33759, 130, 0, 0
81, 0, 20, 78, 61, 13, 31.94%, 0, 0, 2, 424.03, 35895, 130, 0, 0
86, 0, 20, 80, 63, 13, 32.43%, 0, 0, 2, 436.26, 38213, 132, 0, 0
91, 0, 20, 80, 63, 13, 32.43%, 0, 0, 2, 456.22, 40717, 132, 0, 0
96, 0, 20, 81, 64, 13, 32.43%, 0, 0, 2, 464.02, 43073, 132, 0, 0
101, 0, 20, 81, 64, 13, 32.43%, 0, 0, 2, 405.25, 45077, 132, 0, 0
106, 0, 20, 81, 64, 13, 32.43%, 0, 0, 2, 423.39, 47229, 132, 0, 0
111, 0, 20, 82, 65, 13, 32.43%, 0, 0, 2, 446.17, 49462, 132, 0, 0
116, 0, 24, 82, 64, 14, 32.43%, 0, 0, 2, 444.05, 51733, 132, 0, 0
121, 0, 27, 89, 70, 13, 33.42%, 0, 0, 2, 434.83, 53901, 136, 0, 0
126, 0, 27, 97, 78, 13, 33.42%, 0, 0, 2, 423.44, 56054, 136, 0, 0
132, 0, 27, 100, 81, 13, 33.42%, 0, 0, 2, 418.72, 58219, 136, 0, 0
137, 0, 27, 105, 86, 13, 33.42%, 0, 0, 2, 431.87, 60446, 136, 0, 0
142, 0, 27, 107, 88, 13, 33.42%, 0, 0, 2, 457.99, 62842, 136, 0, 0
147, 0, 27, 110, 91, 13, 33.42%, 0, 0, 2, 481.55, 65311, 136, 0, 0
152, 0, 27, 112, 93, 13, 33.42%, 0, 0, 2, 456.76, 67612, 136, 0, 0
157, 0, 27, 112, 93, 13, 33.42%, 0, 0, 2, 452.50, 69988, 136, 0, 0
162, 0, 27, 113, 94, 13, 33.66%, 0, 0, 2, 420.77, 72159, 137, 0, 0
167, 0, 27, 117, 98, 13, 33.66%, 0, 0, 2, 441.13, 74411, 137, 0, 0
173, 0, 27, 117, 98, 13, 33.66%, 0, 0, 2, 442.24, 76635, 137, 0, 0
178, 0, 27, 117, 98, 13, 33.66%, 0, 0, 2, 426.40, 78771, 137, 0, 0
183, 0, 27, 117, 98, 13, 33.66%, 0, 0, 2, 410.51, 80875, 137, 0, 0
188, 0, 27, 118, 99, 13, 33.66%, 0, 0, 2, 415.49, 83018, 137, 0, 0
193, 0, 27, 119, 100, 13, 33.66%, 0, 0, 2, 410.84, 85145, 137, 0, 0
198, 0, 27, 119, 100, 13, 33.66%, 0, 0, 2, 416.29, 87225, 137, 0, 0
203, 0, 27, 121, 102, 13, 33.91%, 0, 0, 2, 438.16, 89471, 138, 0, 0
208, 0, 29, 126, 106, 17, 34.15%, 0, 0, 2, 451.27, 91863, 139, 0, 0
213, 0, 29, 128, 108, 17, 34.15%, 0, 0, 2, 423.08, 93984, 139, 0, 0
218, 0, 29, 131, 111, 17, 34.15%, 0, 0, 2, 426.37, 96157, 139, 0, 0
223, 0, 29, 131, 111, 17, 34.15%, 0, 0, 2, 433.61, 98397, 139, 0, 0
228, 0, 29, 133, 113, 17, 34.15%, 0, 0, 2, 419.14, 100451, 139, 0, 0
234, 0, 67, 135, 109, 12, 34.15%, 0, 0, 2, 402.14, 102538, 139, 0, 0
239, 0, 76, 140, 112, 10, 34.15%, 0, 0, 3, 430.11, 104787, 139, 0, 0
244, 0, 76, 141, 113, 10, 34.15%, 0, 0, 3, 468.51, 107198, 139, 0, 0
249, 0, 76, 141, 113, 10, 34.15%, 0, 0, 3, 427.22, 109323, 139, 0, 0
254, 0, 76, 141, 113, 10, 34.15%, 0, 0, 3, 384.86, 111214, 139, 0, 0
259, 0, 81, 142, 113, 9, 34.15%, 0, 0, 3, 422.43, 113395, 139, 0, 0
264, 0, 82, 145, 115, 8, 34.89%, 0, 0, 3, 443.36, 115669, 142, 0, 0
269, 0, 103, 147, 115, 7, 34.89%, 0, 0, 3, 458.84, 117979, 142, 0, 0
274, 0, 130, 151, 115, 4, 34.89%, 0, 0, 3, 446.32, 120215, 142, 0, 0
280, 0, 130, 154, 118, 4, 34.89%, 0, 0, 3, 436.98, 122404, 142, 0, 0
285, 0, 130, 156, 120, 4, 34.89%, 0, 0, 3, 438.12, 124674, 142, 0, 0
290, 0, 130, 157, 121, 4, 34.89%, 0, 0, 3, 452.23, 127028, 142, 0, 0
295, 0, 130, 158, 122, 4, 34.89%, 0, 0, 3, 433.05, 129200, 142, 0, 0
300, 0, 130, 159, 123, 4, 34.89%, 0, 0, 3, 430.81, 131271, 142, 0, 0
305, 0, 130, 160, 124, 4, 34.89%, 0, 0, 3, 429.73, 133470, 142, 0, 0
310, 0, 130, 160, 124, 4, 34.89%, 0, 0, 3, 413.48, 135646, 142, 0, 0
315, 0, 130, 160, 124, 4, 34.89%, 0, 0, 3, 442.88, 137814, 142, 0, 0
320, 0, 130, 160, 124, 4, 34.89%, 0, 0, 3, 446.23, 140038, 142, 0, 0
325, 0, 130, 161, 125, 4, 34.89%, 0, 0, 3, 452.52, 142428, 142, 0, 0
330, 0, 130, 162, 126, 4, 34.89%, 0, 0, 3, 417.80, 144492, 142, 0, 0
336, 0, 130, 163, 127, 4, 34.89%, 0, 0, 3, 448.16, 146731, 142, 0, 0
341, 0, 130, 163, 127, 4, 34.89%, 0, 0, 3, 439.03, 148827, 142, 0, 0
346, 0, 130, 163, 127, 4, 34.89%, 0, 0, 3, 436.50, 151003, 142, 0, 0
351, 0, 130, 163, 127, 4, 34.89%, 0, 0, 3, 429.60, 153195, 142, 0, 0
356, 0, 130, 164, 128, 4, 34.89%, 0, 0, 3, 448.21, 155466, 142, 0, 0
361, 0, 130, 164, 128, 4, 34.89%, 0, 0, 3, 429.09, 157618, 142, 0, 0
366, 0, 133, 167, 130, 4, 34.89%, 0, 0, 3, 438.14, 159814, 142, 0, 0
371, 0, 133, 170, 133, 4, 34.89%, 0, 0, 3, 434.45, 162052, 142, 0, 0
376, 0, 133, 172, 135, 4, 34.89%, 0, 0, 3, 456.99, 164330, 142, 0, 0
381, 0, 133, 172, 135, 4, 34.89%, 0, 0, 3, 470.40, 166661, 142, 0, 0
386, 0, 133, 172, 135, 4, 34.89%, 0, 0, 3, 441.37, 168882, 142, 0, 0
392, 0, 133, 174, 137, 4, 34.89%, 0, 0, 3, 428.09, 171072, 142, 0, 0
397, 0, 133, 175, 138, 4, 34.89%, 0, 0, 3, 427.80, 173327, 142, 0, 0
402, 0, 133, 175, 138, 4, 34.89%, 0, 0, 3, 435.79, 175519, 142, 0, 0
407, 0, 133, 175, 138, 4, 34.89%, 0, 0, 3, 430.17, 177647, 142, 0, 0
412, 0, 133, 176, 139, 4, 34.89%, 0, 0, 3, 447.23, 179937, 142, 0, 0
417, 0, 133, 177, 140, 4, 34.89%, 0, 0, 3, 461.30, 182275, 142, 0, 0
422, 0, 133, 177, 140, 4, 34.89%, 0, 0, 3, 428.25, 184429, 142, 0, 0
427, 0, 133, 177, 140, 4, 34.89%, 0, 0, 3, 437.35, 186709, 142, 0, 0
432, 0, 133, 179, 142, 4, 34.89%, 0, 0, 3, 401.43, 188811, 142, 0, 0
437, 0, 133, 180, 143, 4, 34.89%, 0, 0, 3, 427.42, 191074, 142, 0, 0
442, 0, 133, 180, 143, 4, 34.89%, 0, 0, 3, 435.34, 193338, 142, 0, 0
448, 0, 133, 180, 143, 4, 34.89%, 0, 0, 3, 420.69, 195426, 142, 0, 0
453, 0, 133, 180, 143, 4, 34.89%, 0, 0, 3, 435.30, 197578, 142, 0, 0
458, 0, 133, 180, 143, 4, 34.89%, 0, 0, 3, 431.60, 199818, 142, 0, 0
463, 0, 133, 180, 143, 4, 34.89%, 0, 0, 3, 451.65, 202162, 142, 0, 0
468, 0, 133, 181, 144, 4, 34.89%, 0, 0, 3, 409.94, 204225, 142, 0, 0
473, 0, 133, 181, 144, 4, 34.89%, 0, 0, 3, 415.37, 206377, 142, 0, 0
478, 0, 133, 181, 144, 4, 34.89%, 0, 0, 3, 414.49, 208505, 142, 0, 0
483, 0, 144, 182, 144, 4, 34.89%, 0, 0, 3, 422.13, 210657, 142, 0, 0
488, 1, 26, 182, 139, 0, 34.89%, 0, 0, 3, 457.21, 212968, 142, 0, 0
493, 1, 72, 183, 128, 0, 34.89%, 0, 0, 3, 426.22, 215066, 142, 0, 0
499, 1, 112, 185, 123, 0, 34.89%, 0, 0, 3, 442.34, 217354, 142, 0, 0
504, 1, 144, 188, 116, 0, 34.89%, 0, 0, 3, 408.54, 219485, 142, 0, 0
509, 1, 190, 213, 134, 0, 44.47%, 0, 0, 4, 399.22, 221504, 181, 0, 0
514, 2, 205, 285, 202, 20, 50.12%, 0, 0, 4, 431.63, 223703, 204, 0, 0
519, 2, 227, 285, 196, 14, 50.12%, 0, 0, 4, 439.89, 225973, 204, 0, 0
524, 2, 243, 285, 193, 11, 50.12%, 0, 0, 4, 397.24, 227952, 204, 0, 0
529, 2, 263, 285, 191, 9, 50.12%, 0, 0, 4, 412.84, 230017, 204, 0, 0
534, 2, 269, 285, 187, 5, 50.12%, 0, 0, 4, 441.57, 232317, 204, 0, 0
539, 2, 269, 287, 189, 5, 50.12%, 0, 0, 4, 403.06, 234360, 204, 0, 0
544, 2, 278, 287, 187, 3, 50.12%, 0, 0, 4, 393.30, 236338, 204, 0, 0
549, 3, 288, 290, 183, 1, 50.12%, 0, 0, 4, 399.51, 238315, 204, 0, 0
554, 4, 72, 290, 173, 0, 50.12%, 0, 0, 4, 414.47, 240421, 204, 0, 0
559, 4, 111, 290, 164, 0, 50.12%, 0, 0, 4, 414.92, 242583, 204, 0, 0
564, 4, 189, 290, 151, 0, 50.12%, 0, 0, 4, 415.84, 244714, 204, 0, 0
570, 4, 220, 290, 145, 0, 50.12%, 0, 0, 4, 408.41, 246720, 204, 0, 0
575, 4, 244, 291, 142, 0, 50.12%, 0, 0, 4, 407.96, 248865, 204, 0, 0
580, 5, 291, 295, 143, 1, 50.37%, 0, 0, 4, 417.70, 251028, 205, 0, 0
585, 5, 293, 297, 143, 0, 50.37%, 0, 0, 4, 433.97, 253242, 205, 0, 0
590, 5, 296, 299, 143, 0, 50.37%, 0, 0, 4, 440.64, 255440, 205, 0, 0
595, 5, 296, 301, 145, 0, 50.37%, 0, 0, 4, 430.71, 257590, 205, 0, 0
600, 6, 25, 303, 146, 0, 50.37%, 0, 0, 4, 428.59, 259832, 205, 0, 0
605, 6, 96, 303, 140, 0, 50.37%, 0, 0, 4, 435.18, 261991, 205, 0, 0
610, 6, 188, 303, 130, 0, 50.37%, 0, 0, 4, 426.07, 264178, 205, 0, 0
615, 6, 234, 303, 123, 0, 50.37%, 0, 0, 4, 422.39, 266356, 205, 0, 0
620, 6, 270, 303, 117, 0, 50.37%, 0, 0, 4, 450.94, 268681, 205, 0, 0
626, 6, 298, 303, 113, 0, 50.37%, 0, 0, 4, 411.70, 270754, 205, 0, 0
631, 6, 302, 306, 114, 0, 50.37%, 0, 0, 4, 439.37, 273059, 205, 0, 0
636, 6, 302, 308, 116, 0, 50.37%, 0, 0, 4, 415.63, 275153, 205, 0, 0
641, 6, 302, 309, 117, 0, 50.37%, 0, 0, 4, 408.13, 277192, 205, 0, 0
646, 6, 302, 309, 117, 0, 50.37%, 0, 0, 4, 408.40, 279248, 205, 0, 0
651, 6, 302, 309, 117, 0, 50.37%, 0, 0, 4, 407.31, 281320, 205, 0, 0
656, 6, 307, 310, 115, 0, 50.61%, 0, 0, 4, 426.69, 283539, 206, 0, 0
661, 7, 9, 314, 117, 0, 50.61%, 0, 0, 4, 395.10, 285394, 206, 0, 0
666, 7, 81, 314, 114, 0, 50.61%, 0, 0, 4, 407.65, 287493, 206, 0, 0
671, 7, 147, 314, 107, 0, 50.61%, 0, 0, 4, 421.17, 289635, 206, 0, 0
677, 7, 222, 314, 100, 0, 50.61%, 1, 0, 4, 431.56, 291824, 206, 2, 0
682, 7, 255, 314, 93, 0, 50.61%, 1, 0, 4, 420.64, 293935, 206, 2, 0
687, 8, 67, 315, 87, 0, 50.86%, 1, 0, 4, 448.13, 296246, 207, 2, 0
692, 8, 160, 315, 85, 0, 50.86%, 1, 0, 4, 452.80, 298559, 207, 2, 0
697, 8, 252, 315, 80, 0, 50.86%, 1, 0, 4, 444.26, 300762, 207, 2, 0
702, 8, 300, 315, 78, 0, 50.86%, 1, 0, 4, 439.35, 302944, 207, 2, 0
707, 9, 20, 315, 77, 0, 50.86%, 1, 0, 4, 430.92, 305067, 207, 2, 0
712, 9, 89, 315, 74, 0, 50.86%, 1, 0, 4, 436.25, 307237, 207, 2, 0
717, 9, 315, 318, 75, 1, 51.35%, 3, 0, 4, 479.08, 309698, 209, 5, 0
722, 9, 315, 318, 75, 1, 51.35%, 4, 0, 4, 429.85, 311824, 209, 17, 0
727, 9, 316, 318, 74, 2, 51.35%, 5, 0, 4, 432.67, 314046, 209, 32, 0
732, 9, 316, 318, 74, 2, 51.35%, 5, 0, 4, 426.22, 316206, 209, 51, 0
737, 9, 317, 319, 74, 1, 51.35%, 5, 0, 5, 421.11, 318293, 209, 63, 0
742, 9, 317, 319, 74, 1, 51.35%, 5, 0, 5, 423.56, 320453, 209, 89, 0
747, 10, 72, 320, 72, 0, 51.35%, 6, 0, 5, 411.75, 322579, 209, 99, 0
752, 10, 154, 320, 67, 0, 51.35%, 6, 0, 5, 465.59, 324852, 209, 99, 0
757, 10, 227, 320, 59, 0, 51.35%, 6, 0, 5, 469.06, 327168, 209, 99, 0
762, 10, 273, 320, 55, 0, 51.35%, 6, 0, 5, 433.81, 329283, 209, 99, 0
767, 10, 294, 320, 53, 0, 51.35%, 6, 0, 5, 422.11, 331451, 209, 99, 0
773, 10, 311, 320, 50, 0, 51.35%, 6, 0, 5, 388.87, 333428, 209, 99, 0
778, 10, 316, 320, 48, 0, 51.35%, 6, 0, 5, 468.05, 335865, 209, 104, 0
783, 10, 316, 320, 48, 0, 51.35%, 6, 0, 5, 459.72, 338151, 209, 123, 0
788, 10, 317, 320, 48, 0, 51.35%, 6, 0, 5, 454.71, 340491, 209, 151, 0
793, 11, 320, 324, 51, 4, 52.09%, 6, 0, 5, 440.41, 342661, 212, 169, 0
798, 11, 322, 324, 49, 2, 52.09%, 6, 0, 5, 424.53, 344765, 212, 169, 0
803, 11, 324, 325, 48, 1, 52.33%, 6, 0, 5, 435.38, 347018, 213, 169, 0
808, 12, 15, 327, 48, 0, 52.33%, 6, 0, 5, 456.65, 349282, 213, 169, 0
813, 12, 89, 327, 44, 0, 52.33%, 6, 0, 5, 449.70, 351560, 213, 169, 0
818, 12, 196, 327, 38, 0, 52.33%, 7, 0, 5, 453.44, 353847, 213, 174, 0
823, 12, 283, 328, 39, 0, 52.33%, 7, 0, 5, 425.30, 356085, 213, 174, 0
828, 12, 316, 328, 38, 0, 52.33%, 7, 0, 5, 439.07, 358338, 213, 177, 0
834, 12, 320, 328, 38, 0, 52.33%, 7, 0, 5, 463.75, 360685, 213, 194, 0
839, 12, 324, 328, 38, 0, 52.33%, 7, 0, 5, 443.00, 362954, 213, 194, 0
844, 14, 14, 329, 37, 0, 52.33%, 7, 0, 5, 460.72, 365132, 213, 194, 0
849, 14, 106, 329, 37, 0, 52.33%, 7, 0, 5, 479.10, 367679, 213, 194, 0
854, 14, 215, 329, 34, 0, 52.33%, 7, 0, 5, 438.31, 369887, 213, 194, 0
859, 14, 288, 329, 31, 0, 52.33%, 7, 0, 5, 463.63, 372275, 213, 194, 0
864, 14, 320, 329, 30, 0, 52.33%, 7, 0, 5, 455.77, 374589, 213, 202, 0
869, 15, 302, 331, 31, 1, 52.83%, 7, 0, 5, 504.20, 377093, 215, 202, 0
874, 16, 72, 331, 29, 0, 52.83%, 8, 0, 5, 436.76, 379232, 215, 207, 0
879, 16, 196, 331, 28, 0, 52.83%, 8, 0, 5, 429.20, 381496, 215, 207, 0
884, 16, 269, 331, 26, 0, 52.83%, 8, 0, 5, 438.91, 383689, 215, 207, 0
889, 16, 317, 331, 24, 0, 52.83%, 8, 0, 5, 425.25, 385814, 215, 211, 0
895, 16, 328, 331, 24, 0, 52.83%, 8, 0, 5, 420.12, 387958, 215, 214, 0
900, 17, 43, 331, 24, 0, 52.83%, 9, 0, 5, 418.46, 390077, 215, 218, 0
905, 17, 130, 331, 22, 0, 52.83%, 10, 0, 5, 424.98, 392224, 215, 219, 0
906, 17, 161, 331, 21, 0, 52.83%, 10, 0, 5, 422.29, 392907, 215, 219, 0
