# relative_time, cycles_done, cur_item, corpus_count, pending_total, pending_favs, map_size, saved_crashes, saved_hangs, max_depth, execs_per_sec, total_execs, edges_found, total_crashes, servers_count
61, 0, 9, 69, 64, 4, 30.47%, 0, 0, 2, 414.08, 26827, 124, 0, 0
66, 0, 9, 69, 64, 4, 30.47%, 0, 0, 2, 448.82, 29287, 124, 0, 0
71, 0, 9, 69, 64, 4, 30.47%, 0, 0, 2, 459.65, 31564, 124, 0, 0
76, 0, 9, 69, 64, 4, 30.47%, 0, 0, 2, 421.87, 33651, 124, 0, 0
81, 0, 9, 70, 65, 4, 30.47%, 0, 0, 2, 430.42, 35843, 124, 0, 0
86, 0, 9, 71, 66, 4, 30.47%, 0, 0, 2, 443.29, 38178, 124, 0, 0
91, 0, 9, 72, 67, 4, 30.71%, 0, 0, 2, 406.76, 40265, 125, 0, 0
96, 0, 9, 72, 67, 4, 30.71%, 0, 0, 2, 412.40, 42353, 125, 0, 0
102, 0, 9, 73, 68, 4, 30.71%, 0, 0, 2, 436.92, 44672, 125, 0, 0
107, 0, 9, 73, 68, 4, 30.71%, 0, 0, 2, 407.52, 46768, 125, 0, 0
112, 0, 9, 74, 69, 4, 30.71%, 0, 0, 2, 395.76, 48732, 125, 0, 0
117, 0, 9, 76, 71, 4, 30.71%, 0, 0, 2, 416.24, 50838, 125, 0, 0
122, 0, 9, 76, 71, 4, 30.71%, 0, 0, 2, 421.37, 52982, 125, 0, 0
127, 0, 16, 121, 113, 29, 35.87%, 0, 0, 3, 431.57, 55137, 146, 0, 0
132, 0, 80, 121, 111, 27, 35.87%, 0, 0, 3, 416.74, 57259, 146, 0, 0
137, 0, 0, 122, 106, 21, 35.87%, 0, 0, 3, 424.96, 59339, 146, 0, 0
142, 0, 3, 122, 104, 19, 35.87%, 0, 0, 3, 396.19, 61368, 146, 0, 0
147, 0, 77, 125, 105, 19, 37.10%, 0, 0, 3, 414.00, 63447, 151, 0, 0
152, 0, 83, 125, 103, 18, 37.10%, 0, 0, 3, 410.78, 65523, 151, 0, 0
157, 0, 125, 135, 112, 18, 43.73%, 0, 0, 3, 425.34, 67796, 178, 0, 0
163, 0, 105, 141, 115, 17, 43.73%, 0, 0, 3, 456.12, 70069, 178, 0, 0
168, 0, 105, 149, 123, 17, 43.73%, 0, 0, 3, 445.28, 72317, 178, 0, 0
173, 0, 105, 152, 126, 17, 43.73%, 0, 0, 3, 408.75, 74314, 178, 0, 0
178, 0, 105, 155, 129, 17, 43.73%, 0, 0, 3, 413.33, 76367, 178, 0, 0
183, 0, 105, 158, 132, 17, 43.73%, 0, 0, 3, 377.19, 78344, 178, 0, 0
188, 0, 105, 158, 132, 17, 43.73%, 0, 0, 3, 404.80, 80421, 178, 0, 0
193, 0, 105, 159, 133, 17, 43.73%, 0, 0, 3, 420.03, 82556, 178, 0, 0
198, 0, 105, 159, 133, 17, 43.73%, 0, 0, 3, 416.70, 84676, 178, 0, 0
203, 0, 105, 159, 133, 17, 43.73%, 0, 0, 3, 422.98, 86804, 178, 0, 0
208, 0, 105, 159, 133, 17, 43.73%, 0, 0, 3, 398.36, 88844, 178, 0, 0
213, 0, 105, 160, 134, 17, 43.73%, 0, 0, 3, 454.56, 91241, 178, 0, 0
218, 0, 105, 161, 135, 17, 43.73%, 0, 0, 3, 416.71, 93314, 178, 0, 0
223, 0, 105, 161, 135, 17, 43.73%, 0, 0, 3, 408.48, 95362, 178, 0, 0
229, 0, 105, 162, 136, 17, 43.73%, 0, 0, 3, 410.02, 97513, 178, 0, 0
234, 0, 105, 163, 137, 17, 43.73%, 0, 0, 3, 402.54, 99624, 178, 0, 0
239, 0, 105, 164, 138, 17, 43.73%, 0, 0, 3, 431.61, 101807, 178, 0, 0
244, 0, 105, 164, 138, 17, 43.73%, 0, 0, 3, 431.40, 103959, 178, 0, 0
249, 0, 105, 166, 140, 17, 43.73%, 0, 0, 3, 413.46, 106037, 178, 0, 0
254, 0, 105, 166, 140, 17, 43.73%, 0, 0, 3, 428.91, 108293, 178, 0, 0
259, 0, 105, 167, 141, 17, 43.73%, 0, 0, 3, 440.23, 110492, 178, 0, 0
264, 0, 105, 167, 141, 17, 43.73%, 0, 0, 3, 443.73, 112700, 178, 0, 0
269, 0, 105, 167, 141, 17, 43.73%, 0, 0, 3, 430.94, 114868, 178, 0, 0
274, 0, 105, 167, 141, 17, 43.73%, 0, 0, 3, 411.41, 116948, 178, 0, 0
280, 0, 105, 168, 142, 17, 43.73%, 0, 0, 3, 460.75, 119323, 178, 0, 0
285, 0, 105, 168, 142, 17, 43.73%, 0, 0, 3, 432.09, 121547, 178, 0, 0
290, 0, 61, 168, 139, 15, 43.73%, 0, 0, 3, 410.43, 123690, 178, 0, 0
295, 0, 100, 173, 142, 13, 44.47%, 0, 0, 3, 418.09, 125817, 181, 0, 0
300, 0, 100, 180, 149, 13, 44.47%, 0, 0, 3, 438.86, 128075, 181, 0, 0
305, 0, 100, 183, 152, 13, 44.47%, 0, 0, 3, 412.03, 130161, 181, 0, 0
310, 0, 100, 187, 156, 13, 44.47%, 0, 0, 3, 426.42, 132357, 181, 0, 0
315, 0, 100, 188, 157, 13, 44.47%, 0, 0, 3, 442.93, 134618, 181, 0, 0
320, 0, 100, 189, 158, 13, 44.47%, 0, 0, 3, 437.97, 136779, 181, 0, 0
325, 0, 100, 190, 159, 13, 44.47%, 0, 0, 3, 393.48, 138894, 181, 0, 0
331, 0, 100, 192, 161, 13, 44.47%, 0, 0, 3, 438.74, 141153, 181, 0, 0
336, 0, 100, 193, 162, 13, 44.47%, 0, 0, 3, 435.52, 143376, 181, 0, 0
341, 0, 100, 194, 163, 13, 44.47%, 0, 0, 3, 457.76, 145704, 181, 0, 0
346, 0, 100, 194, 163, 13, 44.47%, 0, 0, 3, 425.43, 147879, 181, 0, 0
351, 0, 100, 195, 164, 13, 44.47%, 0, 0, 3, 417.88, 149998, 181, 0, 0
356, 0, 100, 196, 165, 13, 44.47%, 0, 0, 3, 436.92, 152213, 181, 0, 0
361, 0, 100, 197, 166, 13, 44.47%, 0, 0, 3, 440.80, 154444, 181, 0, 0
366, 0, 100, 197, 166, 13, 44.47%, 0, 0, 3, 454.92, 156732, 181, 0, 0
371, 0, 100, 198, 167, 13, 44.47%, 0, 0, 3, 386.34, 158662, 181, 0, 0
376, 0, 100, 198, 167, 13, 44.47%, 0, 0, 3, 435.97, 160875, 181, 0, 0
381, 0, 100, 198, 167, 13, 44.47%, 0, 0, 3, 418.62, 163075, 181, 0, 0
386, 0, 170, 198, 166, 13, 44.47%, 0, 0, 3, 416.71, 165159, 181, 0, 0
392, 0, 99, 199, 162, 8, 44.47%, 0, 0, 3, 417.73, 167379, 181, 0, 0
397, 0, 175, 200, 160, 6, 44.47%, 0, 0, 3, 431.50, 169620, 181, 0, 0
402, 0, 111, 200, 159, 5, 44.47%, 0, 0, 3, 389.92, 171603, 181, 0, 0
407, 0, 111, 200, 159, 5, 44.47%, 0, 0, 3, 358.35, 173325, 181, 0, 0
412, 0, 111, 200, 159, 5, 44.47%, 0, 0, 3, 374.87, 175215, 181, 0, 0
417, 0, 111, 204, 163, 5, 44.72%, 0, 0, 3, 392.04, 177219, 182, 0, 0
422, 0, 111, 205, 164, 5, 44.72%, 0, 0, 3, 377.07, 179102, 182, 0, 0
427, 0, 158, 211, 169, 5, 44.72%, 0, 0, 3, 393.70, 181083, 182, 0, 0
432, 0, 106, 211, 167, 3, 44.72%, 0, 0, 3, 386.45, 183069, 182, 0, 0
437, 0, 175, 212, 164, 0, 44.72%, 0, 0, 3, 430.78, 185345, 182, 0, 0
442, 0, 131, 212, 160, 0, 44.72%, 0, 0, 3, 437.41, 187611, 182, 0, 0
448, 0, 150, 212, 157, 0, 44.72%, 0, 0, 3, 421.53, 189696, 182, 0, 0
453, 0, 79, 212, 156, 0, 44.72%, 0, 0, 3, 434.87, 191914, 182, 0, 0
458, 0, 157, 212, 152, 0, 44.72%, 0, 0, 3, 458.27, 194269, 182, 0, 0
463, 0, 213, 214, 151, 1, 44.96%, 0, 0, 4, 439.08, 196457, 183, 0, 0
468, 0, 135, 215, 151, 0, 44.96%, 0, 0, 4, 434.48, 198630, 183, 0, 0
473, 0, 135, 221, 157, 0, 45.45%, 0, 0, 4, 431.87, 200856, 185, 0, 0
478, 0, 135, 222, 158, 0, 45.45%, 0, 0, 4, 428.41, 202983, 185, 0, 0
483, 0, 135, 223, 159, 0, 45.45%, 0, 0, 4, 419.54, 205166, 185, 0, 0
488, 0, 135, 224, 160, 0, 45.45%, 0, 0, 4, 440.49, 207365, 185, 0, 0
493, 0, 215, 224, 159, 2, 45.45%, 0, 0, 4, 434.68, 209528, 185, 0, 0
498, 0, 219, 224, 158, 1, 45.45%, 0, 0, 4, 399.03, 211524, 185, 0, 0
503, 0, 205, 224, 154, 0, 45.45%, 0, 0, 4, 417.97, 213631, 185, 0, 0
508, 0, 126, 224, 149, 0, 45.45%, 0, 0, 4, 422.94, 215753, 185, 0, 0
514, 0, 113, 225, 148, 0, 45.45%, 0, 0, 4, 412.55, 217833, 185, 0, 0
519, 0, 222, 225, 146, 0, 45.45%, 0, 0, 4, 406.19, 219878, 185, 0, 0
524, 0, 3, 225, 142, 0, 45.45%, 0, 0, 4, 441.04, 222139, 185, 0, 0
529, 0, 219, 226, 137, 0, 45.45%, 0, 0, 5, 427.51, 224235, 185, 0, 0
534, 0, 107, 227, 137, 0, 45.70%, 0, 0, 5, 421.35, 226364, 186, 0, 0
539, 0, 111, 227, 134, 0, 45.70%, 0, 0, 5, 427.49, 228601, 186, 0, 0
544, 0, 221, 227, 132, 0, 45.70%, 0, 0, 5, 402.21, 230587, 186, 0, 0
550, 0, 170, 228, 130, 0, 45.70%, 0, 0, 5, 401.47, 232702, 186, 0, 0
555, 0, 150, 228, 128, 0, 45.70%, 0, 0, 5, 404.72, 234747, 186, 0, 0
560, 0, 133, 228, 124, 0, 45.70%, 0, 0, 5, 384.44, 236676, 186, 0, 0
565, 0, 217, 230, 125, 0, 45.70%, 0, 0, 5, 418.49, 238828, 186, 0, 0
570, 0, 80, 231, 124, 0, 45.70%, 0, 0, 5, 406.88, 240953, 186, 0, 0
575, 0, 215, 231, 123, 0, 45.70%, 0, 0, 5, 405.41, 242958, 186, 0, 0
580, 0, 233, 234, 126, 1, 45.70%, 0, 0, 5, 406.31, 245035, 186, 0, 0
585, 0, 3, 234, 124, 0, 45.70%, 0, 0, 5, 439.47, 247184, 186, 0, 0
590, 0, 3, 236, 125, 0, 45.70%, 0, 0, 6, 407.97, 249183, 186, 0, 0
595, 0, 236, 261, 150, 1, 53.56%, 0, 0, 6, 443.91, 251494, 218, 0, 0
600, 0, 260, 263, 151, 6, 53.56%, 0, 0, 6, 448.11, 253777, 218, 0, 0
605, 0, 264, 268, 155, 6, 53.56%, 0, 0, 6, 436.29, 255913, 218, 0, 0
610, 0, 247, 268, 153, 4, 53.56%, 0, 0, 6, 430.75, 258068, 218, 0, 0
615, 0, 254, 277, 161, 4, 53.81%, 0, 0, 6, 441.05, 260279, 219, 0, 0
621, 0, 254, 309, 193, 4, 54.05%, 0, 0, 6, 377.23, 262118, 220, 0, 0
626, 0, 254, 311, 195, 4, 54.30%, 0, 0, 6, 327.09, 263736, 221, 0, 0
631, 0, 309, 311, 194, 6, 54.30%, 0, 0, 6, 337.50, 265466, 221, 0, 0
636, 0, 276, 311, 192, 4, 54.30%, 0, 0, 6, 398.16, 267612, 221, 0, 0
641, 0, 244, 312, 192, 3, 54.30%, 0, 0, 6, 403.00, 269715, 221, 0, 0
646, 0, 41, 312, 188, 2, 54.30%, 0, 0, 6, 399.97, 271864, 221, 0, 0
651, 0, 305, 312, 186, 1, 54.30%, 0, 0, 6, 381.70, 273824, 221, 0, 0
656, 0, 232, 313, 185, 0, 54.30%, 0, 0, 6, 412.70, 276013, 221, 0, 0
661, 0, 301, 314, 185, 0, 54.30%, 0, 0, 6, 409.22, 278094, 221, 0, 0
666, 0, 78, 314, 183, 0, 54.30%, 0, 0, 6, 404.66, 280110, 221, 0, 0
672, 0, 286, 314, 182, 0, 54.30%, 0, 0, 6, 426.51, 282304, 221, 0, 0
677, 0, 246, 314, 179, 0, 54.30%, 0, 0, 6, 398.30, 284278, 221, 0, 0
682, 0, 250, 314, 178, 0, 54.30%, 0, 0, 6, 396.41, 286336, 221, 0, 0
687, 0, 314, 315, 178, 1, 54.30%, 0, 0, 6, 425.64, 288533, 221, 0, 0
692, 0, 182, 315, 176, 0, 54.30%, 0, 0, 6, 421.96, 290641, 221, 0, 0
697, 0, 61, 315, 174, 0, 54.30%, 0, 0, 6, 427.20, 292838, 221, 0, 0
702, 1, 253, 315, 171, 0, 54.30%, 0, 0, 6, 401.08, 294849, 221, 0, 0
707, 1, 244, 315, 168, 0, 54.30%, 0, 0, 6, 430.42, 297126, 221, 0, 0
712, 1, 315, 317, 169, 1, 55.04%, 0, 0, 6, 423.35, 299237, 224, 0, 0
717, 1, 275, 317, 166, 0, 55.04%, 0, 0, 6, 394.43, 301280, 224, 0, 0
722, 1, 248, 317, 164, 0, 55.04%, 0, 0, 6, 389.97, 303255, 224, 0, 0
727, 1, 287, 317, 161, 0, 55.04%, 0, 0, 6, 391.12, 305293, 224, 0, 0
732, 1, 235, 317, 160, 0, 55.04%, 0, 0, 6, 394.30, 307283, 224, 0, 0
738, 1, 262, 317, 157, 0, 55.04%, 0, 0, 6, 376.91, 309205, 224, 0, 0
743, 1, 292, 317, 155, 0, 55.04%, 0, 0, 6, 418.15, 311314, 224, 0, 0
748, 1, 228, 317, 152, 0, 55.04%, 0, 0, 6, 430.17, 313459, 224, 0, 0
753, 1, 254, 317, 149, 0, 55.04%, 0, 0, 6, 366.25, 315311, 224, 0, 0
758, 1, 261, 317, 148, 0, 55.04%, 0, 0, 6, 379.61, 317311, 224, 0, 0
763, 1, 281, 320, 149, 0, 55.04%, 0, 0, 6, 398.04, 319347, 224, 0, 0
768, 1, 319, 320, 148, 0, 55.04%, 0, 0, 6, 415.78, 321450, 224, 0, 0
773, 1, 132, 324, 151, 0, 55.04%, 0, 0, 6, 444.36, 323677, 224, 0, 0
778, 1, 213, 324, 149, 0, 55.04%, 0, 0, 6, 405.00, 325704, 224, 0, 0
783, 1, 318, 324, 147, 0, 55.04%, 0, 0, 6, 383.40, 327627, 224, 0, 0
788, 1, 195, 326, 147, 0, 55.04%, 0, 0, 6, 378.65, 329528, 224, 0, 0
793, 1, 291, 326, 145, 0, 55.04%, 0, 0, 6, 366.43, 331367, 224, 0, 0
798, 1, 303, 326, 144, 0, 55.04%, 0, 0, 6, 391.81, 333357, 224, 0, 0
803, 1, 175, 332, 149, 0, 55.28%, 0, 0, 6, 404.96, 335470, 225, 0, 0
808, 1, 175, 333, 150, 0, 55.28%, 0, 0, 6, 425.58, 337669, 225, 0, 0
814, 1, 175, 335, 152, 0, 55.28%, 0, 0, 6, 414.79, 339779, 225, 0, 0
819, 1, 175, 335, 152, 0, 55.28%, 0, 0, 6, 396.15, 341753, 225, 0, 0
824, 1, 26, 335, 151, 0, 55.28%, 0, 0, 6, 407.53, 343793, 225, 0, 0
829, 1, 240, 335, 149, 0, 55.28%, 0, 0, 6, 419.04, 345937, 225, 0, 0
834, 1, 216, 335, 146, 0, 55.28%, 0, 0, 6, 408.32, 347973, 225, 0, 0
839, 1, 110, 335, 145, 0, 55.28%, 0, 0, 6, 426.03, 350117, 225, 0, 0
844, 1, 265, 337, 145, 0, 55.28%, 0, 0, 6, 405.50, 352194, 225, 0, 0
849, 1, 259, 337, 141, 0, 55.28%, 0, 0, 6, 396.19, 354194, 225, 0, 0
854, 1, 271, 337, 139, 0, 55.28%, 0, 0, 6, 374.31, 356041, 225, 0, 0
859, 1, 338, 339, 139, 1, 55.53%, 0, 0, 6, 414.59, 358289, 226, 0, 0
864, 1, 339, 340, 139, 1, 55.77%, 0, 0, 6, 385.98, 360277, 227, 0, 0
869, 1, 150, 341, 138, 0, 55.77%, 0, 0, 6, 379.08, 362196, 227, 0, 0
875, 1, 128, 341, 136, 0, 55.77%, 0, 0, 6, 406.38, 364297, 227, 0, 0
880, 1, 274, 341, 133, 0, 55.77%, 0, 0, 6, 413.46, 366374, 227, 0, 0
885, 1, 227, 341, 131, 0, 55.77%, 0, 0, 6, 411.86, 368429, 227, 0, 0
890, 1, 214, 343, 133, 0, 55.77%, 0, 0, 6, 397.74, 370436, 227, 0, 0
895, 1, 257, 343, 131, 0, 55.77%, 0, 0, 6, 406.53, 372550, 227, 0, 0
900, 1, 211, 344, 130, 0, 55.77%, 0, 0, 6, 406.01, 374609, 227, 0, 0
902, 1, 331, 344, 128, 0, 55.77%, 0, 0, 6, 379.65, 375417, 227, 0, 0
