# relative_time, cycles_done, cur_item, corpus_count, pending_total, pending_favs, map_size, saved_crashes, saved_hangs, max_depth, execs_per_sec, total_execs, edges_found, total_crashes, servers_count
60, 0, 9, 68, 63, 4, 30.22%, 0, 0, 2, 455.27, 27373, 123, 0, 0
66, 0, 9, 69, 64, 4, 30.22%, 0, 0, 2, 430.41, 29468, 123, 0, 0
71, 0, 9, 69, 64, 4, 30.22%, 0, 0, 2, 459.71, 31716, 123, 0, 0
76, 0, 9, 72, 67, 4, 30.47%, 0, 0, 2, 446.53, 33881, 124, 0, 0
81, 0, 9, 74, 69, 4, 30.47%, 0, 0, 2, 524.17, 36517, 124, 0, 0
86, 0, 9, 75, 70, 4, 30.47%, 0, 0, 2, 476.41, 38816, 124, 0, 0
91, 0, 9, 76, 71, 4, 30.47%, 0, 0, 2, 433.30, 41085, 124, 0, 0
96, 0, 9, 78, 73, 4, 30.47%, 0, 0, 2, 462.73, 43436, 124, 0, 0
101, 0, 9, 79, 74, 4, 30.47%, 0, 0, 2, 463.84, 45792, 124, 0, 0
106, 0, 9, 79, 74, 4, 30.47%, 0, 0, 2, 444.47, 47988, 124, 0, 0
111, 0, 9, 80, 75, 4, 31.45%, 0, 0, 2, 421.94, 50089, 128, 0, 0
116, 0, 9, 81, 76, 4, 31.70%, 0, 0, 2, 394.60, 52112, 129, 0, 0
121, 0, 9, 81, 76, 4, 31.70%, 0, 0, 2, 382.81, 54030, 129, 0, 0
127, 0, 67, 108, 101, 26, 35.63%, 0, 0, 3, 400.38, 56057, 145, 0, 0
132, 0, 67, 120, 113, 26, 35.63%, 0, 0, 3, 424.30, 58190, 145, 0, 0
137, 0, 67, 125, 118, 26, 35.63%, 0, 0, 3, 408.96, 60169, 145, 0, 0
142, 0, 67, 127, 120, 26, 35.63%, 0, 0, 3, 444.42, 62423, 145, 0, 0
147, 0, 67, 133, 126, 26, 35.63%, 0, 0, 3, 436.60, 64625, 145, 0, 0
152, 0, 67, 134, 127, 26, 35.63%, 0, 0, 3, 441.86, 66818, 145, 0, 0
157, 0, 67, 135, 128, 26, 35.63%, 0, 0, 3, 441.86, 69081, 145, 0, 0
162, 0, 67, 138, 131, 26, 35.63%, 0, 0, 3, 454.14, 71383, 145, 0, 0
167, 0, 67, 138, 131, 26, 35.63%, 0, 0, 3, 420.40, 73534, 145, 0, 0
172, 0, 67, 140, 133, 26, 35.63%, 0, 0, 3, 410.29, 75628, 145, 0, 0
178, 0, 67, 140, 133, 26, 35.63%, 0, 0, 3, 408.02, 77700, 145, 0, 0
183, 0, 67, 141, 134, 26, 35.63%, 0, 0, 3, 379.54, 79643, 145, 0, 0
188, 0, 67, 142, 135, 26, 35.63%, 0, 0, 3, 399.91, 81680, 145, 0, 0
193, 0, 67, 142, 135, 26, 35.63%, 0, 0, 3, 386.57, 83738, 145, 0, 0
198, 0, 67, 142, 135, 26, 35.63%, 0, 0, 3, 430.73, 86026, 145, 0, 0
203, 0, 67, 145, 138, 26, 35.63%, 0, 0, 3, 423.32, 88167, 145, 0, 0
208, 0, 67, 145, 138, 26, 35.63%, 0, 0, 3, 418.47, 90255, 145, 0, 0
213, 0, 67, 146, 139, 26, 35.63%, 0, 0, 3, 431.00, 92374, 145, 0, 0
218, 0, 12, 149, 139, 23, 35.87%, 0, 0, 3, 432.43, 94556, 146, 0, 0
223, 0, 116, 151, 135, 17, 35.87%, 0, 0, 4, 435.49, 96788, 146, 0, 0
228, 0, 83, 152, 135, 16, 35.87%, 0, 0, 4, 414.51, 98854, 146, 0, 0
233, 0, 85, 158, 139, 17, 36.61%, 1, 0, 4, 448.96, 101149, 149, 1, 0
238, 0, 85, 169, 150, 17, 37.35%, 1, 0, 4, 453.95, 103469, 152, 1, 0
244, 0, 79, 171, 149, 17, 37.35%, 1, 0, 4, 446.51, 105708, 152, 1, 0
249, 0, 136, 172, 149, 17, 38.08%, 1, 0, 4, 431.06, 107846, 155, 1, 0
254, 0, 171, 174, 148, 15, 38.33%, 1, 0, 4, 433.39, 110070, 156, 1, 0
259, 0, 62, 177, 149, 14, 38.57%, 1, 0, 4, 434.33, 112360, 157, 1, 0
264, 0, 30, 183, 153, 12, 38.57%, 1, 0, 4, 427.90, 114560, 157, 1, 0
269, 0, 100, 184, 152, 11, 38.57%, 1, 0, 4, 446.70, 116806, 157, 1, 0
274, 0, 108, 187, 154, 10, 38.57%, 1, 0, 4, 452.91, 119157, 157, 1, 0
279, 0, 183, 187, 152, 9, 38.57%, 1, 0, 4, 439.83, 121362, 157, 1, 0
284, 0, 185, 191, 153, 7, 38.57%, 1, 0, 5, 471.57, 123746, 157, 1, 0
289, 0, 154, 191, 151, 6, 38.57%, 1, 0, 5, 446.43, 125958, 157, 1, 0
294, 0, 126, 193, 152, 6, 38.57%, 1, 0, 5, 444.78, 128195, 157, 1, 0
300, 0, 167, 193, 148, 2, 38.57%, 1, 0, 5, 441.37, 130571, 157, 1, 0
305, 0, 189, 193, 145, 0, 38.57%, 1, 0, 5, 424.85, 132712, 157, 1, 0
310, 0, 150, 194, 145, 0, 38.57%, 1, 0, 5, 437.51, 134930, 157, 1, 0
315, 0, 126, 196, 145, 0, 38.57%, 1, 0, 5, 467.91, 137256, 157, 1, 0
320, 0, 100, 200, 148, 0, 38.57%, 1, 0, 5, 441.80, 139533, 157, 1, 0
325, 0, 124, 201, 147, 0, 38.57%, 1, 0, 5, 465.00, 141847, 157, 1, 0
330, 0, 13, 202, 145, 0, 38.57%, 1, 0, 5, 433.46, 143976, 157, 1, 0
335, 0, 202, 205, 147, 1, 38.82%, 1, 0, 5, 445.37, 146322, 158, 1, 0
340, 0, 81, 206, 145, 0, 38.82%, 1, 0, 5, 438.05, 148560, 158, 1, 0
346, 0, 193, 207, 145, 0, 38.82%, 1, 0, 5, 475.89, 151113, 158, 1, 0
351, 0, 79, 211, 148, 0, 38.82%, 1, 0, 6, 455.48, 153336, 158, 1, 0
356, 0, 143, 212, 149, 0, 38.82%, 1, 0, 6, 441.22, 155515, 158, 1, 0
361, 0, 96, 212, 145, 0, 38.82%, 1, 0, 6, 445.12, 157742, 158, 1, 0
366, 0, 162, 212, 144, 0, 38.82%, 1, 0, 6, 429.65, 159923, 158, 1, 0
371, 0, 208, 214, 143, 0, 38.82%, 1, 0, 6, 426.62, 162139, 158, 1, 0
376, 0, 73, 214, 138, 0, 38.82%, 1, 0, 6, 441.56, 164376, 158, 1, 0
381, 0, 57, 214, 133, 0, 38.82%, 1, 0, 6, 418.02, 166469, 158, 1, 0
386, 0, 3, 214, 130, 0, 38.82%, 1, 0, 6, 426.75, 168633, 158, 1, 0
391, 0, 12, 215, 128, 0, 39.31%, 1, 0, 6, 414.65, 170801, 160, 1, 0
396, 0, 126, 217, 128, 0, 39.31%, 1, 0, 6, 427.32, 172965, 160, 1, 0
402, 0, 188, 217, 125, 0, 39.31%, 1, 0, 6, 465.30, 175374, 160, 1, 0
407, 0, 145, 217, 123, 0, 39.31%, 1, 0, 6, 442.30, 177477, 160, 1, 0
412, 1, 206, 217, 120, 0, 39.31%, 1, 0, 6, 425.18, 179635, 160, 1, 0
417, 1, 169, 219, 119, 0, 39.31%, 1, 0, 6, 435.25, 181827, 160, 1, 0
422, 1, 161, 219, 117, 0, 39.31%, 1, 0, 6, 409.30, 183880, 160, 1, 0
427, 1, 165, 219, 111, 0, 39.31%, 1, 0, 6, 407.09, 185942, 160, 1, 0
432, 1, 193, 222, 112, 0, 39.31%, 1, 0, 6, 428.64, 188110, 160, 1, 0
437, 1, 193, 222, 112, 0, 39.31%, 1, 0, 6, 424.28, 190286, 160, 1, 0
442, 1, 191, 222, 108, 0, 39.31%, 1, 0, 6, 430.54, 192522, 160, 1, 0
447, 1, 88, 222, 104, 0, 39.31%, 1, 0, 6, 411.50, 194592, 160, 1, 0
453, 1, 151, 222, 102, 0, 39.31%, 1, 0, 6, 375.99, 196497, 160, 1, 0
458, 1, 99, 222, 98, 0, 39.31%, 1, 0, 6, 431.87, 198814, 160, 1, 0
463, 1, 204, 223, 94, 0, 39.31%, 1, 0, 6, 441.33, 201059, 160, 1, 0
468, 1, 92, 226, 96, 0, 39.31%, 1, 0, 6, 363.72, 202875, 160, 1, 0
473, 1, 227, 229, 97, 2, 39.80%, 1, 0, 6, 424.27, 205003, 162, 1, 0
478, 1, 184, 229, 93, 0, 39.80%, 1, 0, 6, 436.21, 207281, 162, 1, 0
483, 1, 91, 229, 90, 0, 39.80%, 1, 0, 6, 415.91, 209324, 162, 1, 0
488, 1, 131, 229, 86, 0, 39.80%, 1, 0, 6, 447.18, 211590, 162, 1, 0
493, 1, 185, 229, 82, 0, 39.80%, 1, 0, 6, 449.64, 213857, 162, 1, 0
498, 1, 193, 229, 81, 0, 39.80%, 1, 0, 6, 420.90, 215925, 162, 1, 0
504, 1, 149, 229, 78, 0, 39.80%, 1, 0, 6, 442.24, 218214, 162, 1, 0
509, 1, 101, 229, 73, 0, 39.80%, 1, 0, 6, 423.06, 220347, 162, 1, 0
514, 1, 152, 230, 71, 0, 39.80%, 1, 0, 6, 399.45, 222382, 162, 1, 0
519, 1, 178, 230, 69, 0, 39.80%, 1, 0, 6, 409.25, 224529, 162, 1, 0
524, 1, 72, 231, 69, 0, 39.80%, 1, 0, 6, 402.26, 226549, 162, 1, 0
529, 1, 137, 231, 66, 0, 39.80%, 1, 0, 6, 419.30, 228671, 162, 1, 0
534, 1, 116, 231, 62, 0, 39.80%, 1, 0, 6, 407.19, 230674, 162, 1, 0
539, 1, 94, 231, 58, 0, 39.80%, 1, 0, 6, 424.07, 232815, 162, 1, 0
544, 1, 203, 231, 56, 0, 39.80%, 1, 0, 6, 436.67, 234988, 162, 1, 0
549, 1, 178, 232, 54, 0, 39.80%, 1, 0, 6, 442.07, 237208, 162, 1, 0
554, 1, 19, 232, 52, 0, 39.80%, 1, 0, 6, 437.00, 239403, 162, 1, 0
559, 1, 178, 232, 49, 0, 39.80%, 1, 0, 6, 462.30, 241714, 162, 1, 0
564, 1, 33, 232, 49, 0, 39.80%, 1, 0, 6, 451.09, 243982, 162, 1, 0
569, 1, 138, 232, 45, 0, 39.80%, 1, 0, 6, 428.56, 246133, 162, 1, 0
574, 1, 231, 232, 39, 0, 39.80%, 1, 0, 6, 441.42, 248367, 162, 1, 0
580, 1, 14, 287, 93, 0, 46.19%, 1, 0, 6, 442.64, 250609, 188, 1, 0
585, 2, 328, 332, 137, 14, 49.88%, 1, 0, 6, 469.05, 253103, 203, 1, 0
590, 2, 328, 332, 137, 14, 49.88%, 1, 0, 6, 446.92, 255328, 203, 1, 0
595, 2, 318, 332, 134, 11, 49.88%, 1, 0, 6, 463.19, 257669, 203, 1, 0
600, 2, 249, 332, 131, 9, 49.88%, 1, 0, 6, 458.52, 260007, 203, 1, 0
605, 2, 243, 334, 132, 8, 49.88%, 1, 0, 6, 421.65, 262133, 203, 1, 0
610, 2, 308, 334, 130, 7, 49.88%, 1, 0, 6, 441.84, 264377, 203, 1, 0
615, 2, 254, 334, 128, 5, 49.88%, 1, 0, 6, 423.72, 266520, 203, 1, 0
620, 2, 238, 334, 126, 3, 49.88%, 1, 0, 6, 425.85, 268712, 203, 1, 0
625, 2, 296, 336, 127, 4, 50.37%, 1, 0, 6, 474.71, 271202, 205, 1, 0
631, 2, 334, 336, 125, 2, 50.37%, 1, 0, 6, 426.33, 273353, 205, 1, 0
636, 2, 278, 336, 122, 0, 50.37%, 3, 0, 6, 441.63, 275634, 205, 4, 0
641, 2, 253, 336, 120, 0, 50.37%, 3, 0, 6, 426.35, 277756, 205, 4, 0
646, 2, 38, 336, 117, 0, 50.37%, 3, 0, 6, 404.35, 279813, 205, 4, 0
651, 2, 285, 337, 117, 0, 50.37%, 3, 0, 6, 455.47, 282183, 205, 4, 0
656, 2, 294, 337, 115, 0, 50.37%, 3, 0, 6, 403.70, 284193, 205, 4, 0
661, 2, 307, 337, 113, 0, 50.37%, 3, 0, 6, 430.43, 286385, 205, 4, 0
666, 2, 147, 337, 111, 0, 50.37%, 3, 0, 6, 427.26, 288553, 205, 4, 0
671, 2, 233, 337, 107, 0, 50.37%, 3, 0, 6, 427.82, 290731, 205, 4, 0
676, 2, 304, 337, 105, 0, 50.37%, 3, 0, 6, 416.58, 292779, 205, 4, 0
681, 2, 301, 337, 103, 0, 50.37%, 3, 0, 6, 439.59, 295017, 205, 4, 0
686, 2, 297, 337, 101, 0, 50.37%, 3, 0, 6, 441.30, 297204, 205, 4, 0
691, 2, 331, 337, 99, 0, 50.37%, 3, 0, 6, 417.57, 299237, 205, 4, 0
696, 2, 329, 337, 96, 0, 50.37%, 3, 0, 6, 410.22, 301284, 205, 4, 0
702, 2, 276, 339, 96, 0, 50.37%, 3, 0, 6, 406.81, 303350, 205, 4, 0
707, 2, 235, 339, 94, 0, 50.37%, 3, 0, 6, 412.60, 305403, 205, 4, 0
712, 2, 311, 339, 91, 0, 50.37%, 5, 0, 6, 422.20, 307531, 205, 8, 0
717, 2, 261, 341, 91, 0, 50.37%, 5, 0, 6, 405.63, 309588, 205, 8, 0
722, 2, 197, 342, 90, 0, 50.37%, 5, 0, 6, 414.12, 311672, 205, 8, 0
727, 2, 281, 342, 88, 0, 50.37%, 5, 0, 6, 402.81, 313671, 205, 8, 0
732, 2, 211, 343, 87, 0, 50.37%, 5, 0, 6, 401.34, 315694, 205, 8, 0
737, 2, 324, 343, 85, 0, 50.37%, 5, 0, 6, 412.37, 317836, 205, 10, 0
742, 2, 300, 344, 84, 0, 50.37%, 5, 0, 6, 431.64, 320131, 205, 12, 0
747, 2, 310, 344, 83, 0, 50.37%, 5, 0, 6, 411.33, 322172, 205, 12, 0
752, 2, 250, 344, 81, 0, 50.37%, 5, 0, 6, 412.27, 324304, 205, 12, 0
757, 2, 237, 346, 81, 0, 50.37%, 5, 0, 6, 421.02, 326497, 205, 12, 0
762, 2, 210, 346, 80, 0, 50.37%, 5, 0, 6, 424.82, 328655, 205, 12, 0
768, 2, 262, 346, 76, 0, 50.37%, 5, 0, 6, 419.89, 330767, 205, 12, 0
773, 2, 330, 346, 73, 0, 50.37%, 5, 0, 6, 427.66, 332949, 205, 15, 0
778, 2, 152, 346, 71, 0, 50.37%, 5, 0, 6, 438.76, 335221, 205, 15, 0
783, 2, 225, 346, 70, 0, 50.37%, 5, 0, 6, 418.98, 337357, 205, 15, 0
788, 2, 291, 346, 68, 0, 50.37%, 5, 0, 6, 410.27, 339479, 205, 15, 0
793, 2, 345, 346, 66, 0, 50.37%, 5, 0, 6, 436.91, 341775, 205, 15, 0
798, 2, 166, 347, 65, 0, 50.37%, 5, 0, 6, 419.36, 343921, 205, 15, 0
803, 2, 246, 347, 63, 0, 50.37%, 5, 0, 6, 465.12, 346221, 205, 15, 0
808, 2, 302, 347, 61, 0, 50.37%, 5, 0, 6, 435.54, 348394, 205, 15, 0
813, 2, 37, 347, 58, 0, 50.37%, 5, 0, 6, 444.37, 350592, 205, 15, 0
818, 2, 341, 347, 56, 0, 50.37%, 5, 0, 6, 428.96, 352700, 205, 15, 0
823, 2, 114, 347, 54, 0, 50.37%, 5, 0, 6, 425.98, 354812, 205, 15, 0
828, 2, 258, 347, 52, 0, 50.37%, 5, 0, 6, 501.24, 357273, 205, 15, 0
834, 2, 338, 347, 51, 0, 50.37%, 5, 0, 6, 441.13, 359438, 205, 15, 0
839, 2, 123, 347, 49, 0, 50.37%, 5, 0, 6, 410.65, 361488, 205, 15, 0
844, 2, 274, 347, 46, 0, 50.37%, 5, 0, 6, 410.50, 363587, 205, 15, 0
849, 2, 264, 347, 44, 0, 50.37%, 5, 0, 6, 421.46, 365750, 205, 15, 0
854, 2, 272, 348, 43, 0, 50.37%, 5, 0, 6, 412.59, 367807, 205, 15, 0
859, 2, 19, 348, 42, 0, 50.37%, 5, 0, 6, 413.16, 369973, 205, 15, 0
864, 2, 326, 348, 41, 0, 50.37%, 5, 0, 6, 429.07, 372147, 205, 15, 0
869, 2, 286, 348, 40, 0, 50.37%, 5, 0, 6, 424.68, 374235, 205, 15, 0
874, 2, 287, 348, 38, 0, 50.37%, 5, 0, 6, 388.12, 376233, 205, 15, 0
879, 2, 152, 348, 37, 0, 50.37%, 5, 0, 6, 456.42, 378602, 205, 17, 0
884, 2, 273, 348, 36, 0, 50.37%, 5, 0, 6, 433.61, 380786, 205, 17, 0
889, 2, 265, 348, 35, 0, 50.37%, 5, 0, 6, 409.97, 382819, 205, 17, 0
894, 2, 346, 348, 32, 0, 50.37%, 5, 0, 6, 417.42, 384883, 205, 17, 0
899, 2, 185, 348, 31, 0, 50.37%, 5, 0, 6, 416.96, 387026, 205, 17, 0
900, 2, 334, 348, 31, 0, 50.37%, 5, 0, 6, 421.92, 387338, 205, 17, 0
