# relative_time, cycles_done, cur_item, corpus_count, pending_total, pending_favs, map_size, saved_crashes, saved_hangs, max_depth, execs_per_sec, total_execs, edges_found, total_crashes, servers_count
60, 0, 9, 84, 79, 5, 30.96%, 0, 0, 2, 451.42, 26925, 126, 0, 0
66, 0, 9, 85, 80, 5, 30.96%, 0, 0, 2, 437.71, 29178, 126, 0, 0
71, 0, 9, 85, 80, 5, 30.96%, 0, 0, 2, 434.69, 31451, 126, 0, 0
76, 0, 9, 85, 80, 5, 30.96%, 0, 0, 2, 427.79, 33620, 126, 0, 0
81, 0, 9, 85, 80, 5, 30.96%, 0, 0, 2, 438.15, 35828, 126, 0, 0
86, 0, 9, 85, 80, 5, 30.96%, 0, 0, 2, 477.32, 38175, 126, 0, 0
91, 0, 9, 86, 81, 5, 30.96%, 0, 0, 2, 441.12, 40395, 126, 0, 0
96, 0, 9, 87, 82, 5, 30.96%, 0, 0, 2, 407.22, 42426, 126, 0, 0
101, 0, 9, 88, 83, 5, 30.96%, 0, 0, 2, 418.16, 44537, 126, 0, 0
106, 0, 9, 90, 85, 5, 30.96%, 0, 0, 2, 434.27, 46735, 126, 0, 0
111, 0, 9, 91, 86, 5, 30.96%, 0, 0, 2, 465.94, 49062, 126, 0, 0
116, 0, 9, 91, 86, 5, 30.96%, 0, 0, 2, 471.96, 51438, 126, 0, 0
121, 0, 9, 91, 86, 5, 30.96%, 0, 0, 2, 457.19, 53724, 126, 0, 0
126, 0, 48, 146, 138, 36, 44.96%, 0, 0, 2, 437.92, 55912, 183, 0, 0
131, 0, 96, 152, 136, 30, 45.21%, 0, 0, 3, 443.70, 58170, 184, 0, 0
137, 0, 143, 153, 136, 29, 45.21%, 0, 0, 3, 459.38, 60493, 184, 0, 0
142, 0, 94, 154, 135, 28, 45.70%, 0, 0, 3, 466.66, 62883, 186, 0, 0
147, 0, 116, 163, 143, 27, 45.95%, 0, 0, 3, 431.79, 64986, 187, 0, 0
152, 0, 116, 167, 147, 27, 45.95%, 0, 0, 3, 424.88, 67158, 187, 0, 0
157, 0, 116, 170, 150, 27, 46.68%, 0, 0, 3, 404.55, 69179, 190, 0, 0
162, 0, 116, 172, 152, 27, 46.68%, 0, 0, 3, 431.13, 71347, 190, 0, 0
167, 0, 169, 172, 151, 28, 46.68%, 0, 0, 3, 425.70, 73487, 190, 0, 0
172, 0, 0, 173, 149, 25, 46.68%, 0, 0, 3, 434.71, 75759, 190, 0, 0
177, 0, 110, 174, 147, 23, 46.93%, 0, 0, 3, 432.26, 77950, 191, 0, 0
182, 0, 108, 174, 145, 21, 46.93%, 0, 0, 3, 422.62, 80086, 191, 0, 0
187, 0, 107, 174, 144, 20, 46.93%, 0, 0, 3, 413.23, 82159, 191, 0, 0
192, 0, 31, 174, 142, 18, 46.93%, 0, 0, 3, 429.53, 84397, 191, 0, 0
197, 0, 71, 177, 142, 15, 46.93%, 0, 0, 3, 438.05, 86549, 191, 0, 0
202, 0, 101, 177, 138, 11, 46.93%, 0, 0, 3, 436.88, 88727, 191, 0, 0
207, 0, 101, 177, 138, 11, 46.93%, 0, 0, 3, 401.04, 90742, 191, 0, 0
213, 0, 101, 177, 138, 11, 46.93%, 0, 0, 3, 380.11, 92654, 191, 0, 0
218, 0, 38, 177, 134, 8, 46.93%, 0, 0, 3, 416.71, 94823, 191, 0, 0
223, 0, 141, 179, 133, 5, 46.93%, 0, 0, 3, 435.14, 97062, 191, 0, 0
228, 0, 141, 183, 137, 5, 46.93%, 0, 0, 3, 430.00, 99242, 191, 0, 0
233, 0, 141, 184, 138, 5, 46.93%, 0, 0, 3, 420.18, 101385, 191, 0, 0
238, 0, 141, 184, 138, 5, 46.93%, 0, 0, 3, 401.60, 103401, 191, 0, 0
243, 0, 141, 185, 139, 5, 46.93%, 0, 0, 3, 430.08, 105576, 191, 0, 0
248, 0, 141, 185, 139, 5, 46.93%, 0, 0, 3, 433.70, 107776, 191, 0, 0
253, 0, 141, 186, 140, 5, 47.67%, 0, 0, 3, 389.77, 109728, 194, 0, 0
259, 0, 32, 186, 137, 4, 47.67%, 0, 0, 3, 400.49, 111851, 194, 0, 0
264, 0, 126, 191, 140, 3, 47.67%, 0, 0, 4, 387.55, 113821, 194, 0, 0
269, 0, 128, 192, 140, 2, 47.67%, 0, 0, 4, 404.72, 115927, 194, 0, 0
274, 0, 7, 193, 137, 1, 47.67%, 0, 0, 4, 409.39, 117999, 194, 0, 0
279, 0, 110, 194, 134, 0, 47.67%, 0, 0, 4, 404.14, 120089, 194, 0, 0
284, 0, 196, 199, 137, 1, 47.67%, 0, 0, 5, 442.37, 122326, 194, 0, 0
289, 0, 190, 199, 132, 0, 47.67%, 0, 0, 5, 432.43, 124461, 194, 0, 0
294, 0, 198, 200, 130, 0, 47.67%, 0, 0, 6, 423.00, 126523, 194, 0, 0
299, 0, 193, 202, 131, 0, 47.67%, 0, 0, 6, 415.91, 128629, 194, 0, 0
304, 0, 197, 202, 129, 0, 47.67%, 0, 0, 6, 419.12, 130737, 194, 0, 0
309, 0, 192, 204, 129, 0, 47.67%, 0, 0, 6, 408.75, 132750, 194, 0, 0
314, 0, 102, 205, 128, 0, 47.67%, 0, 0, 6, 426.54, 134917, 194, 0, 0
320, 0, 16, 207, 128, 0, 47.67%, 0, 0, 6, 420.30, 137079, 194, 0, 0
325, 0, 185, 208, 126, 0, 47.67%, 0, 0, 6, 452.21, 139490, 194, 0, 0
330, 0, 169, 208, 125, 0, 47.67%, 0, 0, 6, 410.00, 141512, 194, 0, 0
335, 0, 196, 211, 127, 0, 47.67%, 0, 0, 6, 412.26, 143579, 194, 0, 0
340, 0, 185, 211, 124, 0, 47.67%, 0, 0, 6, 411.06, 145642, 194, 0, 0
345, 0, 8, 211, 122, 0, 47.67%, 0, 0, 6, 402.50, 147712, 194, 0, 0
350, 0, 108, 217, 127, 0, 47.67%, 0, 0, 6, 419.89, 149865, 194, 0, 0
355, 0, 108, 221, 131, 0, 47.91%, 0, 0, 6, 419.93, 151973, 195, 0, 0
360, 0, 108, 221, 131, 0, 47.91%, 0, 0, 6, 370.61, 153850, 195, 0, 0
365, 0, 108, 223, 133, 0, 47.91%, 0, 0, 6, 410.07, 156003, 195, 0, 0
371, 0, 108, 226, 136, 0, 47.91%, 0, 0, 6, 402.23, 158036, 195, 0, 0
376, 0, 220, 226, 135, 1, 47.91%, 0, 0, 6, 423.45, 160246, 195, 0, 0
381, 0, 220, 226, 135, 1, 47.91%, 0, 0, 6, 376.67, 162074, 195, 0, 0
386, 0, 25, 227, 133, 0, 47.91%, 0, 0, 6, 399.92, 164123, 195, 0, 0
391, 0, 191, 229, 133, 0, 47.91%, 0, 0, 6, 388.20, 166080, 195, 0, 0
396, 0, 28, 229, 130, 0, 47.91%, 0, 0, 6, 406.68, 168166, 195, 0, 0
401, 0, 227, 231, 129, 0, 47.91%, 0, 0, 6, 427.77, 170343, 195, 0, 0
406, 0, 178, 232, 129, 0, 47.91%, 0, 0, 6, 436.61, 172613, 195, 0, 0
411, 0, 196, 233, 127, 0, 47.91%, 0, 0, 6, 429.41, 174769, 195, 0, 0
416, 1, 213, 233, 126, 0, 47.91%, 0, 0, 6, 432.98, 176934, 195, 0, 0
421, 1, 58, 233, 121, 0, 47.91%, 0, 0, 6, 412.73, 178989, 195, 0, 0
427, 1, 218, 233, 118, 0, 47.91%, 0, 0, 6, 341.21, 180681, 195, 0, 0
432, 1, 234, 235, 118, 1, 48.16%, 0, 0, 6, 387.80, 182707, 196, 0, 0
437, 1, 235, 236, 118, 1, 48.40%, 0, 0, 6, 410.06, 184819, 197, 0, 0
442, 1, 105, 238, 118, 0, 48.40%, 0, 0, 6, 410.18, 186909, 197, 0, 0
447, 1, 181, 238, 115, 0, 48.40%, 0, 0, 6, 459.68, 189257, 197, 0, 0
452, 1, 237, 254, 129, 0, 48.40%, 0, 0, 6, 453.12, 191549, 197, 0, 0
457, 1, 237, 275, 150, 0, 48.40%, 0, 0, 6, 427.65, 193688, 197, 0, 0
462, 1, 237, 281, 156, 0, 48.40%, 0, 0, 6, 483.92, 196148, 197, 0, 0
467, 1, 237, 281, 156, 0, 48.40%, 0, 0, 6, 425.42, 198305, 197, 0, 0
472, 1, 237, 283, 158, 0, 48.40%, 0, 0, 6, 424.96, 200455, 197, 0, 0
478, 1, 237, 286, 161, 0, 48.40%, 0, 0, 6, 428.42, 202628, 197, 0, 0
483, 1, 265, 287, 161, 1, 48.40%, 0, 0, 6, 409.41, 204659, 197, 0, 0
488, 1, 254, 289, 161, 0, 48.40%, 0, 0, 6, 421.45, 206801, 197, 0, 0
493, 1, 169, 289, 158, 0, 48.40%, 0, 0, 6, 407.71, 208814, 197, 0, 0
498, 1, 277, 292, 161, 0, 48.40%, 0, 0, 6, 425.21, 210945, 197, 0, 0
503, 1, 277, 292, 161, 0, 48.40%, 0, 0, 6, 419.11, 213065, 197, 0, 0
508, 1, 236, 292, 160, 0, 48.40%, 0, 0, 6, 415.66, 215145, 197, 0, 0
513, 1, 196, 292, 158, 0, 48.40%, 0, 0, 6, 429.68, 217403, 197, 0, 0
518, 1, 217, 292, 155, 0, 48.40%, 0, 0, 6, 420.69, 219474, 197, 0, 0
523, 1, 165, 293, 153, 0, 48.40%, 0, 0, 7, 445.51, 221754, 197, 0, 0
528, 1, 87, 294, 151, 0, 48.40%, 1, 0, 7, 437.13, 223963, 197, 1, 0
533, 1, 115, 296, 151, 0, 48.40%, 1, 0, 7, 450.51, 226278, 197, 1, 0
538, 1, 245, 296, 149, 0, 48.40%, 1, 0, 7, 422.93, 228324, 197, 1, 0
543, 1, 285, 296, 147, 0, 48.40%, 1, 0, 7, 431.07, 230509, 197, 1, 0
549, 1, 222, 296, 144, 0, 48.40%, 1, 0, 7, 417.83, 232685, 197, 1, 0
554, 1, 22, 296, 141, 0, 48.40%, 1, 0, 7, 427.71, 234865, 197, 1, 0
559, 1, 140, 297, 139, 0, 48.40%, 1, 0, 7, 430.56, 237016, 197, 1, 0
564, 1, 212, 297, 137, 0, 48.40%, 1, 0, 7, 421.77, 239150, 197, 1, 0
569, 1, 250, 299, 137, 0, 48.40%, 1, 0, 7, 418.69, 241282, 197, 1, 0
574, 1, 182, 299, 135, 0, 48.40%, 1, 0, 7, 354.19, 243074, 197, 1, 0
579, 1, 138, 299, 133, 0, 48.40%, 1, 0, 7, 390.15, 245042, 197, 1, 0
584, 1, 154, 299, 131, 0, 48.40%, 1, 0, 7, 413.50, 247245, 197, 1, 0
589, 1, 92, 299, 129, 0, 48.40%, 1, 0, 7, 424.67, 249344, 197, 1, 0
594, 1, 291, 299, 128, 0, 48.40%, 1, 0, 7, 427.50, 251560, 197, 1, 0
600, 1, 267, 299, 126, 0, 48.40%, 1, 0, 7, 442.93, 253803, 197, 1, 0
605, 1, 63, 299, 124, 0, 48.40%, 1, 0, 7, 433.48, 256063, 197, 1, 0
610, 1, 66, 300, 122, 0, 48.40%, 1, 0, 7, 420.85, 258185, 197, 1, 0
615, 1, 204, 300, 117, 0, 48.40%, 1, 0, 7, 424.37, 260329, 197, 1, 0
620, 1, 242, 301, 115, 0, 48.40%, 1, 0, 7, 434.40, 262544, 197, 1, 0
625, 1, 94, 301, 109, 0, 48.40%, 1, 0, 7, 426.64, 264751, 197, 1, 0
630, 1, 265, 301, 107, 0, 48.40%, 1, 0, 7, 431.94, 266914, 197, 1, 0
635, 1, 301, 302, 106, 1, 48.65%, 1, 0, 7, 463.10, 269301, 198, 1, 0
640, 1, 241, 302, 103, 0, 48.65%, 1, 0, 7, 452.41, 271519, 198, 1, 0
645, 1, 177, 302, 101, 0, 48.65%, 1, 0, 7, 427.87, 273695, 198, 1, 0
650, 1, 243, 302, 99, 0, 48.65%, 1, 0, 7, 442.32, 275934, 198, 1, 0
656, 1, 211, 302, 97, 0, 48.65%, 1, 0, 7, 402.44, 277906, 198, 1, 0
661, 1, 100, 303, 95, 0, 48.65%, 1, 0, 7, 402.64, 280011, 198, 1, 0
666, 1, 303, 304, 95, 1, 48.89%, 1, 0, 7, 400.19, 282043, 199, 1, 0
671, 1, 304, 309, 99, 1, 49.63%, 1, 0, 7, 402.84, 284051, 202, 1, 0
676, 1, 305, 309, 97, 2, 49.63%, 1, 0, 7, 416.28, 286182, 202, 1, 0
681, 1, 232, 310, 96, 0, 49.63%, 1, 0, 7, 430.53, 288427, 202, 1, 0
686, 1, 65, 311, 94, 0, 49.63%, 1, 0, 7, 429.46, 290562, 202, 1, 0
691, 1, 259, 311, 92, 0, 49.63%, 1, 0, 7, 417.53, 292678, 202, 1, 0
696, 1, 199, 311, 89, 0, 49.63%, 1, 0, 7, 409.65, 294717, 202, 1, 0
701, 1, 261, 312, 88, 0, 49.63%, 1, 0, 7, 431.15, 296970, 202, 1, 0
706, 1, 136, 314, 88, 0, 49.63%, 1, 0, 7, 443.49, 299175, 202, 1, 0
711, 1, 56, 314, 86, 0, 49.63%, 1, 0, 7, 413.65, 301197, 202, 1, 0
716, 1, 88, 314, 84, 0, 49.63%, 1, 0, 7, 393.85, 303172, 202, 1, 0
722, 1, 297, 314, 82, 0, 49.63%, 1, 0, 7, 405.95, 305270, 202, 1, 0
727, 1, 266, 314, 80, 0, 49.63%, 1, 0, 7, 393.91, 307286, 202, 1, 0
732, 1, 275, 314, 76, 0, 49.63%, 1, 0, 7, 420.64, 309439, 202, 1, 0
737, 1, 205, 315, 76, 0, 49.63%, 1, 0, 7, 428.70, 311680, 202, 1, 0
742, 1, 288, 316, 75, 0, 49.63%, 1, 0, 7, 422.03, 313783, 202, 1, 0
747, 1, 179, 316, 73, 0, 49.63%, 1, 0, 7, 415.65, 315845, 202, 1, 0
752, 1, 152, 316, 71, 0, 49.63%, 1, 0, 7, 395.15, 317849, 202, 1, 0
757, 1, 228, 318, 71, 0, 49.63%, 1, 0, 7, 425.32, 320106, 202, 1, 0
762, 1, 228, 322, 75, 0, 49.63%, 1, 0, 7, 418.34, 322182, 202, 1, 0
768, 1, 228, 325, 78, 0, 49.63%, 1, 0, 7, 390.03, 324149, 202, 1, 0
773, 1, 228, 325, 78, 0, 49.63%, 1, 0, 7, 425.00, 326323, 202, 1, 0
778, 1, 228, 325, 78, 0, 49.63%, 1, 0, 7, 399.02, 328403, 202, 1, 0
783, 1, 273, 325, 76, 0, 49.63%, 1, 0, 7, 414.40, 330577, 202, 1, 0
788, 1, 268, 325, 75, 0, 49.63%, 1, 0, 7, 415.43, 332653, 202, 1, 0
793, 1, 206, 325, 72, 0, 49.63%, 1, 0, 7, 424.25, 334861, 202, 1, 0
798, 1, 324, 328, 73, 0, 49.63%, 1, 0, 7, 426.28, 337043, 202, 1, 0
803, 1, 324, 330, 75, 0, 49.63%, 1, 0, 7, 414.41, 339169, 202, 1, 0
808, 1, 324, 330, 75, 0, 49.63%, 1, 0, 7, 421.96, 341313, 202, 1, 0
813, 1, 324, 330, 75, 0, 49.63%, 1, 0, 7, 394.63, 343279, 202, 1, 0
818, 1, 306, 330, 72, 0, 49.63%, 1, 0, 7, 405.28, 345349, 202, 1, 0
823, 1, 262, 330, 69, 0, 49.63%, 1, 0, 7, 421.68, 347433, 202, 1, 0
828, 1, 202, 330, 66, 0, 49.63%, 1, 0, 7, 420.61, 349567, 202, 1, 0
834, 1, 59, 330, 64, 0, 49.63%, 1, 0, 7, 426.72, 351756, 202, 1, 0
839, 1, 230, 330, 61, 0, 49.63%, 1, 0, 7, 412.25, 353832, 202, 1, 0
844, 1, 230, 331, 61, 0, 49.63%, 1, 0, 7, 412.04, 355939, 202, 1, 0
849, 1, 328, 331, 60, 0, 49.63%, 1, 0, 7, 443.09, 358261, 202, 1, 0
854, 1, 130, 332, 59, 0, 49.63%, 1, 0, 7, 430.67, 360433, 202, 1, 0
859, 1, 331, 334, 58, 0, 49.63%, 1, 0, 7, 419.71, 362588, 202, 1, 0
864, 1, 80, 334, 56, 0, 49.63%, 1, 0, 7, 399.41, 364615, 202, 1, 0
869, 1, 307, 334, 53, 0, 49.63%, 1, 0, 7, 434.88, 366784, 202, 1, 0
874, 1, 278, 334, 52, 0, 49.63%, 1, 0, 7, 448.15, 369050, 202, 1, 0
879, 1, 244, 334, 50, 0, 49.63%, 1, 0, 7, 422.00, 371164, 202, 1, 0
884, 2, 365, 383, 97, 12, 51.60%, 1, 0, 7, 445.66, 373404, 210, 1, 0
889, 2, 376, 383, 95, 10, 51.60%, 1, 0, 7, 425.76, 375503, 210, 1, 0
894, 2, 363, 383, 93, 8, 51.60%, 1, 0, 7, 422.81, 377688, 210, 1, 0
899, 2, 366, 383, 91, 6, 51.60%, 1, 0, 7, 402.51, 379732, 210, 1, 0
902, 2, 349, 383, 90, 5, 51.60%, 1, 0, 7, 438.17, 381046, 210, 1, 0
