# relative_time, cycles_done, cur_item, corpus_count, pending_total, pending_favs, map_size, saved_crashes, saved_hangs, max_depth, execs_per_sec, total_execs, edges_found, total_crashes, servers_count
60, 0, 9, 77, 72, 5, 30.71%, 0, 0, 2, 458.82, 29921, 125, 0, 0
65, 0, 9, 78, 73, 5, 30.71%, 0, 0, 2, 462.88, 32286, 125, 0, 0
71, 0, 9, 78, 73, 5, 30.71%, 0, 0, 2, 443.83, 34509, 125, 0, 0
76, 0, 9, 80, 75, 5, 30.71%, 0, 0, 2, 431.27, 36635, 125, 0, 0
81, 0, 9, 82, 77, 5, 30.71%, 0, 0, 2, 471.18, 39029, 125, 0, 0
86, 0, 9, 82, 77, 5, 30.71%, 0, 0, 2, 466.56, 41432, 125, 0, 0
91, 0, 9, 82, 77, 5, 30.71%, 0, 0, 2, 465.67, 43772, 125, 0, 0
96, 0, 9, 82, 77, 5, 30.71%, 0, 0, 2, 465.21, 46085, 125, 0, 0
101, 0, 9, 83, 78, 5, 30.71%, 0, 0, 2, 445.94, 48384, 125, 0, 0
106, 0, 9, 84, 79, 5, 30.71%, 0, 0, 2, 443.56, 50655, 125, 0, 0
111, 0, 9, 84, 79, 5, 30.71%, 0, 0, 2, 440.80, 52847, 125, 0, 0
116, 0, 84, 102, 95, 27, 33.42%, 0, 0, 2, 436.89, 55051, 136, 0, 0
121, 0, 62, 111, 103, 26, 33.42%, 0, 0, 3, 444.92, 57286, 136, 0, 0
126, 0, 62, 114, 106, 26, 33.42%, 0, 0, 3, 432.59, 59419, 136, 0, 0
131, 0, 62, 116, 108, 26, 33.66%, 0, 0, 3, 457.17, 61750, 137, 0, 0
136, 0, 62, 117, 109, 26, 33.66%, 0, 0, 3, 459.16, 64151, 137, 0, 0
142, 0, 62, 118, 110, 26, 33.66%, 0, 0, 3, 396.98, 66152, 137, 0, 0
147, 0, 62, 119, 111, 26, 33.66%, 0, 0, 3, 402.25, 68161, 137, 0, 0
152, 0, 62, 121, 113, 26, 33.66%, 0, 0, 3, 400.55, 70171, 137, 0, 0
157, 0, 62, 122, 114, 26, 33.66%, 0, 0, 3, 445.44, 72452, 137, 0, 0
162, 0, 62, 123, 115, 26, 33.66%, 0, 0, 3, 423.61, 74572, 137, 0, 0
167, 0, 62, 124, 116, 26, 33.66%, 0, 0, 3, 422.94, 76691, 137, 0, 0
172, 0, 62, 124, 116, 26, 33.66%, 0, 0, 3, 427.61, 78851, 137, 0, 0
177, 0, 62, 124, 116, 26, 33.66%, 0, 0, 3, 430.86, 81027, 137, 0, 0
182, 0, 62, 124, 116, 26, 33.66%, 0, 0, 3, 424.67, 83211, 137, 0, 0
187, 0, 62, 124, 116, 26, 33.66%, 0, 0, 3, 425.36, 85387, 137, 0, 0
192, 0, 62, 124, 116, 26, 33.66%, 0, 0, 3, 433.86, 87579, 137, 0, 0
197, 0, 62, 124, 116, 26, 33.66%, 0, 0, 3, 438.67, 89755, 137, 0, 0
202, 0, 62, 124, 116, 26, 33.66%, 0, 0, 3, 446.07, 92043, 137, 0, 0
207, 0, 62, 124, 116, 26, 33.66%, 0, 0, 3, 456.68, 94352, 137, 0, 0
212, 0, 87, 125, 110, 21, 33.91%, 0, 0, 3, 438.10, 96584, 138, 0, 0
217, 0, 3, 127, 110, 21, 34.89%, 0, 0, 3, 441.42, 98850, 142, 0, 0
223, 0, 133, 139, 121, 24, 38.08%, 0, 0, 3, 455.98, 101160, 155, 0, 0
228, 0, 133, 153, 135, 24, 43.24%, 0, 0, 3, 443.88, 103426, 176, 0, 0
233, 0, 133, 153, 135, 24, 43.24%, 0, 0, 3, 419.34, 105513, 176, 0, 0
238, 0, 133, 153, 135, 24, 43.24%, 0, 0, 3, 433.92, 107746, 176, 0, 0
243, 0, 141, 162, 143, 29, 43.24%, 0, 0, 4, 400.82, 109796, 176, 0, 0
248, 0, 64, 163, 141, 26, 43.24%, 0, 0, 4, 445.13, 112021, 176, 0, 0
253, 0, 64, 170, 148, 26, 43.24%, 0, 0, 4, 432.69, 114142, 176, 0, 0
258, 0, 64, 175, 153, 26, 43.24%, 0, 0, 4, 446.69, 116458, 176, 0, 0
263, 0, 64, 179, 157, 26, 43.24%, 0, 0, 4, 461.72, 118808, 176, 0, 0
268, 0, 64, 180, 158, 26, 43.24%, 0, 0, 4, 448.55, 121020, 176, 0, 0
273, 0, 64, 181, 159, 26, 43.24%, 0, 0, 4, 442.51, 123221, 176, 0, 0
278, 0, 64, 184, 162, 26, 43.24%, 0, 0, 4, 433.33, 125402, 176, 0, 0
283, 0, 64, 185, 163, 26, 43.24%, 0, 0, 4, 431.19, 127593, 176, 0, 0
288, 0, 64, 185, 163, 26, 43.24%, 0, 0, 4, 425.66, 129705, 176, 0, 0
293, 0, 64, 185, 163, 26, 43.24%, 0, 0, 4, 411.13, 131761, 176, 0, 0
299, 0, 64, 188, 166, 26, 44.23%, 0, 0, 4, 428.18, 133990, 180, 0, 0
304, 0, 64, 189, 167, 26, 44.23%, 0, 0, 4, 403.46, 136005, 180, 0, 0
309, 0, 64, 189, 167, 26, 44.23%, 0, 0, 4, 448.33, 138285, 180, 0, 0
314, 0, 64, 191, 169, 26, 44.23%, 0, 0, 4, 407.10, 140291, 180, 0, 0
319, 0, 152, 191, 168, 24, 44.23%, 0, 0, 4, 416.29, 142417, 180, 0, 0
324, 0, 145, 200, 176, 23, 44.47%, 0, 0, 4, 450.80, 144745, 181, 0, 0
329, 0, 145, 200, 176, 23, 44.47%, 0, 0, 4, 432.16, 146946, 181, 0, 0
334, 0, 145, 201, 177, 23, 44.47%, 0, 0, 4, 451.08, 149233, 181, 0, 0
339, 0, 145, 203, 179, 23, 44.47%, 0, 0, 4, 445.84, 151527, 181, 0, 0
344, 0, 145, 204, 180, 23, 44.47%, 0, 0, 4, 455.56, 153836, 181, 0, 0
349, 0, 145, 207, 183, 23, 44.47%, 0, 0, 4, 449.70, 156099, 181, 0, 0
354, 0, 145, 207, 183, 23, 44.47%, 0, 0, 4, 465.86, 158447, 181, 0, 0
359, 0, 145, 209, 185, 23, 44.47%, 0, 0, 4, 454.22, 160756, 181, 0, 0
364, 0, 145, 210, 186, 23, 44.47%, 0, 0, 4, 462.80, 163121, 181, 0, 0
369, 0, 145, 210, 186, 23, 44.47%, 0, 0, 4, 449.93, 165398, 181, 0, 0
374, 0, 145, 211, 187, 23, 44.47%, 0, 0, 4, 442.06, 167607, 181, 0, 0
379, 0, 145, 211, 187, 23, 44.47%, 0, 0, 4, 462.40, 169941, 181, 0, 0
385, 0, 145, 212, 188, 23, 44.72%, 0, 0, 4, 451.98, 172198, 182, 0, 0
390, 0, 145, 212, 188, 23, 44.72%, 0, 0, 4, 438.84, 174390, 182, 0, 0
395, 0, 145, 213, 189, 23, 44.72%, 0, 0, 4, 466.65, 176705, 182, 0, 0
400, 0, 145, 213, 189, 23, 44.72%, 0, 0, 4, 442.53, 178933, 182, 0, 0
405, 0, 145, 213, 189, 23, 44.72%, 0, 0, 4, 423.46, 181021, 182, 0, 0
410, 0, 142, 213, 188, 24, 44.72%, 0, 0, 4, 443.10, 183285, 182, 0, 0
415, 0, 217, 226, 200, 25, 44.96%, 0, 0, 4, 415.36, 185299, 183, 0, 0
420, 0, 225, 226, 197, 22, 44.96%, 0, 0, 4, 457.23, 187641, 183, 0, 0
425, 0, 190, 231, 201, 21, 44.96%, 0, 0, 4, 451.26, 189904, 183, 0, 0
430, 0, 190, 232, 202, 21, 44.96%, 0, 0, 4, 436.07, 192089, 183, 0, 0
435, 0, 198, 232, 201, 20, 44.96%, 0, 0, 4, 459.64, 194414, 183, 0, 0
440, 0, 15, 232, 198, 17, 44.96%, 0, 0, 4, 446.73, 196659, 183, 0, 0
445, 0, 85, 233, 196, 14, 45.21%, 0, 0, 4, 442.40, 198926, 184, 0, 0
450, 0, 140, 239, 201, 17, 45.95%, 1, 0, 4, 439.91, 201137, 187, 1, 0
455, 0, 76, 242, 202, 15, 45.95%, 1, 0, 4, 405.50, 203196, 187, 1, 0
460, 0, 181, 244, 202, 14, 45.95%, 1, 0, 4, 430.49, 205397, 187, 1, 0
465, 0, 237, 246, 200, 10, 45.95%, 1, 0, 4, 427.11, 207545, 187, 1, 0
470, 0, 237, 254, 208, 10, 45.95%, 1, 0, 4, 432.61, 209802, 187, 1, 0
476, 0, 237, 254, 208, 10, 45.95%, 1, 0, 4, 427.92, 211946, 187, 1, 0
481, 0, 237, 256, 210, 10, 45.95%, 1, 0, 4, 448.06, 214232, 187, 1, 0
486, 0, 237, 257, 211, 10, 45.95%, 1, 0, 4, 449.41, 216522, 187, 1, 0
491, 0, 91, 257, 210, 10, 45.95%, 1, 0, 4, 449.58, 218791, 187, 1, 0
496, 0, 91, 257, 210, 10, 45.95%, 1, 0, 4, 426.39, 220919, 187, 1, 0
501, 0, 89, 258, 206, 6, 45.95%, 1, 0, 4, 464.63, 223268, 187, 1, 0
506, 0, 234, 258, 204, 4, 45.95%, 1, 0, 4, 420.47, 225338, 187, 1, 0
511, 0, 255, 258, 201, 3, 45.95%, 1, 0, 4, 428.11, 227462, 187, 1, 0
516, 0, 236, 258, 199, 1, 45.95%, 1, 0, 4, 414.25, 229535, 187, 1, 0
521, 0, 259, 262, 202, 1, 46.68%, 1, 0, 4, 438.86, 231800, 190, 1, 0
526, 0, 139, 265, 203, 0, 46.68%, 1, 0, 4, 427.13, 233915, 190, 1, 0
531, 0, 28, 266, 202, 0, 46.68%, 1, 0, 4, 402.72, 235990, 190, 1, 0
536, 0, 8, 266, 201, 0, 46.68%, 1, 0, 4, 445.34, 238232, 190, 1, 0
541, 0, 260, 266, 199, 0, 46.68%, 1, 0, 4, 400.63, 240309, 190, 1, 0
546, 0, 204, 266, 197, 0, 46.68%, 1, 0, 4, 431.25, 242459, 190, 1, 0
552, 0, 254, 266, 195, 0, 46.68%, 1, 0, 4, 436.69, 244681, 190, 1, 0
557, 0, 18, 266, 193, 0, 46.68%, 1, 0, 4, 437.58, 246854, 190, 1, 0
562, 0, 90, 266, 189, 0, 46.68%, 1, 0, 4, 441.67, 249110, 190, 1, 0
567, 0, 205, 267, 187, 0, 46.68%, 1, 0, 4, 471.32, 251492, 190, 1, 0
572, 0, 148, 267, 183, 0, 46.68%, 1, 0, 4, 455.48, 253793, 190, 1, 0
577, 0, 152, 267, 181, 0, 46.68%, 1, 0, 4, 427.22, 255932, 190, 1, 0
582, 0, 49, 267, 177, 0, 46.68%, 1, 0, 4, 444.80, 258200, 190, 1, 0
587, 0, 233, 269, 177, 0, 46.68%, 1, 0, 4, 432.65, 260374, 190, 1, 0
592, 0, 257, 269, 175, 0, 46.68%, 1, 0, 4, 429.77, 262573, 190, 1, 0
597, 0, 116, 270, 173, 0, 46.68%, 1, 0, 4, 405.21, 264641, 190, 1, 0
602, 0, 225, 271, 167, 0, 46.68%, 1, 0, 4, 425.16, 266807, 190, 1, 0
607, 0, 125, 271, 166, 0, 46.68%, 1, 0, 4, 407.11, 268889, 190, 1, 0
612, 0, 238, 271, 164, 0, 46.68%, 1, 0, 4, 412.03, 271018, 190, 1, 0
618, 0, 152, 272, 160, 0, 46.68%, 1, 0, 4, 403.20, 273033, 190, 1, 0
623, 0, 272, 277, 163, 1, 46.68%, 1, 0, 5, 424.38, 275209, 190, 1, 0
628, 0, 272, 280, 166, 1, 46.68%, 1, 0, 5, 433.41, 277390, 190, 1, 0
633, 0, 272, 282, 168, 1, 46.93%, 1, 0, 5, 448.27, 279660, 191, 1, 0
638, 0, 272, 283, 169, 1, 46.93%, 1, 0, 5, 445.57, 281891, 191, 1, 0
643, 0, 272, 284, 170, 1, 46.93%, 1, 0, 5, 423.58, 284042, 191, 1, 0
648, 0, 272, 286, 172, 1, 46.93%, 1, 0, 5, 452.69, 286360, 191, 1, 0
653, 0, 281, 288, 172, 1, 46.93%, 1, 0, 6, 443.96, 288597, 191, 1, 0
658, 0, 219, 288, 168, 0, 46.93%, 1, 0, 6, 444.21, 290864, 191, 1, 0
663, 0, 229, 288, 164, 0, 46.93%, 1, 0, 6, 446.57, 293134, 191, 1, 0
668, 0, 277, 289, 161, 0, 46.93%, 1, 0, 6, 461.29, 295548, 191, 1, 0
673, 0, 225, 290, 160, 0, 46.93%, 1, 0, 6, 429.02, 297674, 191, 1, 0
678, 0, 209, 290, 158, 0, 46.93%, 1, 0, 6, 441.83, 299920, 191, 1, 0
684, 0, 262, 292, 158, 0, 46.93%, 1, 0, 6, 449.65, 302285, 191, 1, 0
689, 0, 262, 293, 159, 0, 46.93%, 1, 0, 6, 447.93, 304560, 191, 1, 0
694, 0, 28, 293, 159, 0, 46.93%, 1, 0, 6, 450.89, 306756, 191, 1, 0
699, 0, 56, 295, 159, 0, 46.93%, 1, 0, 6, 423.96, 308855, 191, 1, 0
704, 0, 223, 297, 160, 0, 46.93%, 1, 0, 6, 433.37, 311056, 191, 1, 0
709, 0, 274, 297, 157, 0, 46.93%, 1, 0, 6, 451.85, 313369, 191, 1, 0
714, 1, 33, 297, 155, 0, 46.93%, 1, 0, 6, 462.32, 315729, 191, 1, 0
719, 1, 227, 297, 146, 0, 46.93%, 1, 0, 6, 467.05, 318047, 191, 1, 0
724, 1, 297, 298, 145, 1, 47.17%, 1, 0, 6, 443.03, 320308, 192, 1, 0
729, 1, 168, 298, 141, 0, 47.17%, 1, 0, 6, 454.45, 322616, 192, 1, 0
734, 1, 210, 298, 139, 0, 47.17%, 1, 0, 6, 452.62, 324956, 192, 1, 0
740, 1, 197, 298, 133, 0, 47.17%, 1, 0, 6, 414.27, 327057, 192, 1, 0
745, 1, 200, 298, 130, 0, 47.17%, 1, 0, 6, 439.25, 329261, 192, 1, 0
750, 1, 262, 300, 128, 0, 47.17%, 1, 0, 6, 438.69, 331539, 192, 1, 0
755, 1, 192, 301, 128, 0, 47.17%, 1, 0, 6, 419.12, 333651, 192, 1, 0
760, 1, 300, 301, 126, 0, 47.17%, 1, 0, 6, 454.28, 335970, 192, 1, 0
765, 1, 299, 302, 122, 0, 47.17%, 1, 0, 6, 426.31, 338112, 192, 1, 0
770, 1, 135, 302, 120, 0, 47.17%, 1, 0, 6, 437.52, 340329, 192, 1, 0
775, 1, 141, 302, 116, 0, 47.17%, 1, 0, 6, 426.72, 342438, 192, 1, 0
780, 1, 14, 303, 115, 0, 47.17%, 1, 0, 6, 415.15, 344607, 192, 1, 0
785, 1, 288, 303, 110, 0, 47.17%, 1, 0, 6, 415.48, 346706, 192, 1, 0
790, 1, 296, 304, 108, 0, 47.17%, 1, 0, 6, 443.77, 348908, 192, 1, 0
795, 1, 307, 308, 109, 1, 47.67%, 1, 0, 6, 409.03, 350951, 194, 1, 0
800, 1, 159, 308, 107, 0, 47.67%, 1, 0, 6, 421.16, 353135, 194, 1, 0
805, 1, 294, 308, 103, 0, 47.67%, 1, 0, 6, 435.71, 355382, 194, 1, 0
811, 1, 215, 308, 101, 0, 47.67%, 1, 0, 6, 28.99, 357455, 194, 1, 0
817, 1, 107, 308, 99, 0, 47.67%, 1, 0, 6, 403.50, 359141, 194, 1, 0
822, 1, 195, 308, 95, 0, 47.67%, 1, 0, 6, 436.16, 361408, 194, 1, 0
827, 1, 222, 308, 94, 0, 47.67%, 1, 0, 6, 433.08, 363642, 194, 1, 0
832, 1, 261, 308, 92, 0, 47.67%, 1, 0, 6, 438.22, 365866, 194, 1, 0
837, 1, 128, 309, 92, 0, 47.67%, 1, 0, 6, 437.11, 368045, 194, 1, 0
842, 1, 143, 309, 89, 0, 47.67%, 1, 0, 6, 426.62, 370223, 194, 1, 0
847, 1, 35, 309, 84, 0, 47.67%, 1, 0, 6, 417.00, 372243, 194, 1, 0
852, 1, 129, 309, 82, 0, 47.67%, 1, 0, 6, 434.19, 374498, 194, 1, 0
857, 1, 79, 310, 79, 0, 47.67%, 1, 0, 6, 454.19, 376805, 194, 1, 0
862, 1, 134, 311, 77, 0, 47.67%, 1, 0, 6, 440.63, 379017, 194, 1, 0
867, 1, 203, 311, 74, 0, 47.67%, 1, 0, 6, 423.52, 381205, 194, 1, 0
872, 1, 201, 311, 72, 0, 47.67%, 1, 0, 6, 423.16, 383349, 194, 1, 0
877, 1, 136, 311, 70, 0, 47.67%, 1, 0, 6, 438.47, 385517, 194, 1, 0
882, 1, 105, 312, 69, 0, 47.91%, 1, 0, 6, 429.96, 387705, 195, 1, 0
888, 1, 263, 313, 69, 0, 47.91%, 1, 0, 6, 3.74, 388947, 195, 1, 0
893, 1, 202, 313, 68, 0, 47.91%, 1, 0, 6, 111.58, 389519, 195, 1, 0
898, 1, 202, 313, 68, 0, 47.91%, 1, 0, 6, 138.96, 390240, 195, 1, 0
904, 1, 305, 314, 68, 0, 47.91%, 1, 0, 6, 131.92, 390903, 195, 1, 0
909, 1, 308, 314, 68, 0, 47.91%, 1, 0, 6, 136.98, 391579, 195, 1, 0
914, 1, 308, 316, 70, 0, 47.91%, 1, 0, 6, 137.56, 392265, 195, 1, 0
919, 1, 308, 317, 71, 0, 47.91%, 1, 0, 6, 129.88, 392912, 195, 1, 0
924, 1, 308, 318, 72, 0, 47.91%, 1, 0, 6, 133.93, 393609, 195, 1, 0
929, 1, 308, 318, 72, 0, 47.91%, 1, 0, 6, 135.09, 394295, 195, 1, 0
934, 1, 308, 320, 74, 0, 47.91%, 1, 0, 6, 138.75, 394993, 195, 1, 0
939, 1, 308, 320, 74, 0, 47.91%, 1, 0, 6, 123.59, 395615, 195, 1, 0
944, 1, 308, 320, 74, 0, 47.91%, 1, 0, 6, 117.36, 396219, 195, 1, 0
949, 1, 308, 321, 75, 0, 47.91%, 1, 0, 6, 128.07, 396868, 195, 1, 0
954, 1, 308, 321, 75, 0, 47.91%, 1, 0, 6, 136.14, 397604, 195, 1, 0
960, 1, 308, 322, 76, 0, 47.91%, 1, 0, 6, 126.17, 398243, 195, 1, 0
965, 1, 308, 322, 76, 0, 47.91%, 1, 0, 6, 124.27, 398877, 195, 1, 0
970, 1, 308, 322, 76, 0, 47.91%, 1, 0, 6, 137.77, 399611, 195, 1, 0
975, 1, 308, 322, 76, 0, 47.91%, 1, 0, 6, 136.22, 400301, 195, 1, 0
980, 1, 308, 322, 76, 0, 47.91%, 1, 0, 6, 132.66, 400953, 195, 1, 0
985, 1, 308, 322, 76, 0, 47.91%, 1, 0, 6, 135.90, 401645, 195, 1, 0
990, 1, 308, 322, 76, 0, 47.91%, 1, 0, 6, 135.31, 402359, 195, 1, 0
995, 1, 308, 322, 76, 0, 47.91%, 1, 0, 6, 126.87, 402993, 195, 1, 0
1000, 1, 308, 322, 76, 0, 47.91%, 1, 0, 6, 129.10, 403647, 195, 1, 0
1006, 1, 308, 322, 76, 0, 47.91%, 1, 0, 6, 135.13, 404371, 195, 1, 0
1011, 1, 99, 322, 75, 0, 47.91%, 1, 0, 6, 119.09, 404981, 195, 1, 0
1016, 1, 99, 322, 75, 0, 47.91%, 1, 0, 6, 119.16, 405585, 195, 1, 0
1021, 1, 262, 322, 74, 0, 47.91%, 1, 0, 6, 123.74, 406219, 195, 1, 0
1026, 1, 317, 322, 74, 0, 47.91%, 1, 0, 6, 133.46, 406927, 195, 1, 0
1031, 1, 321, 322, 73, 0, 47.91%, 1, 0, 6, 140.30, 407639, 195, 1, 0
1036, 1, 321, 322, 73, 0, 47.91%, 1, 0, 6, 133.02, 408325, 195, 1, 0
1041, 1, 132, 322, 72, 0, 47.91%, 1, 0, 6, 142.87, 409062, 195, 1, 0
1046, 1, 132, 322, 72, 0, 47.91%, 1, 0, 6, 131.53, 409714, 195, 1, 0
1051, 1, 3, 322, 71, 0, 47.91%, 1, 0, 6, 130.18, 410374, 195, 1, 0
1056, 1, 203, 323, 72, 0, 47.91%, 1, 0, 6, 143.19, 411104, 195, 1, 0
1062, 1, 203, 326, 75, 0, 47.91%, 1, 0, 6, 130.26, 411773, 195, 1, 0
1067, 1, 203, 326, 75, 0, 47.91%, 1, 0, 6, 134.85, 412467, 195, 1, 0
1072, 1, 203, 326, 75, 0, 47.91%, 1, 0, 6, 137.20, 413149, 195, 1, 0
1077, 1, 203, 326, 75, 0, 47.91%, 1, 0, 6, 130.77, 413799, 195, 1, 0
1082, 1, 203, 326, 75, 0, 47.91%, 1, 0, 6, 126.32, 414447, 195, 1, 0
1087, 1, 203, 326, 75, 0, 47.91%, 1, 0, 6, 126.43, 415077, 195, 1, 0
1092, 1, 221, 326, 74, 0, 47.91%, 1, 0, 6, 157.17, 415909, 195, 1, 0
1097, 1, 221, 326, 74, 0, 47.91%, 1, 0, 6, 145.84, 416632, 195, 1, 0
1102, 1, 318, 326, 73, 0, 47.91%, 1, 0, 6, 145.34, 417354, 195, 1, 0
1107, 1, 283, 326, 72, 0, 47.91%, 1, 0, 6, 137.89, 418025, 195, 1, 0
1113, 1, 268, 326, 71, 0, 47.91%, 1, 0, 6, 141.22, 418765, 195, 1, 0
1118, 1, 145, 326, 70, 0, 47.91%, 1, 0, 6, 134.49, 419451, 195, 1, 0
1123, 1, 293, 326, 70, 0, 47.91%, 1, 0, 6, 133.24, 420103, 195, 1, 0
1128, 1, 293, 326, 70, 0, 47.91%, 1, 0, 6, 131.42, 420754, 195, 1, 0
1133, 1, 217, 326, 68, 0, 47.91%, 1, 0, 6, 127.98, 421431, 195, 1, 0
1138, 1, 288, 326, 67, 0, 47.91%, 1, 0, 6, 125.48, 422056, 195, 1, 0
1143, 1, 83, 326, 67, 0, 47.91%, 1, 0, 6, 123.88, 422682, 195, 1, 0
1148, 1, 155, 326, 67, 0, 47.91%, 1, 0, 6, 141.58, 423422, 195, 1, 0
1154, 1, 84, 326, 66, 0, 47.91%, 1, 0, 6, 142.87, 424140, 195, 1, 0
1159, 1, 218, 326, 65, 0, 47.91%, 1, 0, 6, 141.94, 424850, 195, 1, 0
1164, 1, 59, 326, 64, 0, 47.91%, 1, 0, 6, 135.73, 425536, 195, 1, 0
1169, 1, 315, 326, 64, 0, 47.91%, 1, 0, 6, 136.31, 426214, 195, 1, 0
1174, 1, 140, 326, 63, 0, 47.91%, 1, 0, 6, 125.34, 426833, 195, 1, 0
1179, 1, 141, 326, 63, 0, 47.91%, 1, 0, 6, 128.80, 427479, 195, 1, 0
1184, 1, 256, 326, 63, 0, 47.91%, 1, 0, 6, 135.22, 428177, 195, 1, 0
1189, 1, 275, 326, 62, 0, 47.91%, 1, 0, 6, 134.81, 428851, 195, 1, 0
1194, 1, 14, 326, 60, 0, 47.91%, 1, 0, 6, 134.58, 429519, 195, 1, 0
1199, 1, 319, 326, 59, 0, 47.91%, 1, 0, 6, 130.63, 430194, 195, 1, 0
1205, 1, 22, 327, 59, 0, 47.91%, 1, 0, 6, 128.43, 430844, 195, 1, 0
1210, 1, 305, 327, 58, 0, 47.91%, 1, 0, 6, 133.06, 431526, 195, 1, 0
1215, 1, 271, 327, 57, 0, 47.91%, 1, 0, 6, 140.64, 432245, 195, 1, 0
1220, 1, 314, 327, 56, 0, 47.91%, 1, 0, 6, 139.02, 432947, 195, 1, 0
1225, 1, 149, 327, 55, 0, 47.91%, 1, 0, 6, 146.99, 433689, 195, 1, 0
1230, 1, 210, 327, 54, 0, 47.91%, 1, 0, 6, 140.37, 434394, 195, 1, 0
1235, 1, 246, 327, 54, 0, 47.91%, 1, 0, 6, 142.04, 435113, 195, 1, 0
1240, 1, 199, 327, 53, 0, 47.91%, 1, 0, 6, 134.37, 435784, 195, 1, 0
1245, 1, 147, 327, 53, 0, 47.91%, 1, 0, 6, 130.01, 436448, 195, 1, 0
1250, 1, 147, 327, 53, 0, 47.91%, 1, 0, 6, 127.29, 437092, 195, 1, 0
1256, 1, 253, 327, 52, 0, 47.91%, 1, 0, 6, 133.08, 437791, 195, 1, 0
1261, 1, 107, 327, 51, 0, 47.91%, 1, 0, 6, 130.84, 438503, 195, 1, 0
1266, 1, 28, 327, 50, 0, 47.91%, 1, 0, 6, 148.35, 439269, 195, 1, 0
1271, 1, 281, 327, 49, 0, 47.91%, 1, 0, 6, 146.45, 440032, 195, 1, 0
1276, 1, 249, 327, 49, 0, 47.91%, 1, 0, 6, 139.06, 440744, 195, 1, 0
1281, 1, 291, 327, 48, 0, 47.91%, 1, 0, 6, 130.77, 441386, 195, 1, 0
1286, 1, 291, 327, 48, 0, 47.91%, 1, 0, 6, 135.09, 442082, 195, 1, 0
1292, 1, 217, 327, 47, 0, 47.91%, 1, 0, 6, 125.78, 442719, 195, 1, 0
1297, 1, 226, 327, 47, 0, 47.91%, 1, 0, 6, 128.04, 443388, 195, 1, 0
1302, 1, 34, 328, 47, 0, 47.91%, 1, 0, 6, 133.11, 444076, 195, 1, 0
1307, 1, 326, 328, 47, 0, 47.91%, 1, 0, 6, 135.12, 444769, 195, 1, 0
1312, 1, 84, 328, 45, 0, 47.91%, 1, 0, 6, 133.31, 445446, 195, 1, 0
1317, 1, 313, 328, 45, 0, 47.91%, 1, 0, 6, 112.56, 445954, 195, 1, 0
1322, 1, 288, 335, 51, 0, 49.63%, 1, 0, 6, 118.58, 446582, 202, 1, 0
1327, 2, 350, 375, 91, 12, 52.83%, 1, 0, 6, 128.23, 447244, 215, 1, 0
1333, 2, 350, 375, 91, 12, 52.83%, 1, 0, 6, 122.25, 447870, 215, 1, 0
1338, 2, 350, 375, 91, 12, 52.83%, 1, 0, 6, 119.48, 448456, 215, 1, 0
1343, 2, 350, 375, 91, 12, 52.83%, 1, 0, 6, 121.06, 449080, 215, 1, 0
1348, 2, 350, 375, 91, 12, 52.83%, 1, 0, 6, 127.96, 449742, 215, 1, 0
1353, 2, 332, 375, 90, 11, 52.83%, 1, 0, 6, 130.30, 450410, 215, 1, 0
1358, 2, 331, 375, 89, 10, 52.83%, 1, 0, 6, 130.62, 451078, 215, 1, 0
1363, 2, 331, 375, 89, 10, 52.83%, 1, 0, 6, 131.94, 451724, 215, 1, 0
1368, 2, 333, 375, 88, 9, 52.83%, 1, 0, 6, 137.16, 452435, 215, 1, 0
1373, 2, 333, 375, 88, 9, 52.83%, 1, 0, 6, 135.08, 453105, 215, 1, 0
1378, 2, 338, 375, 86, 7, 52.83%, 1, 0, 6, 134.36, 453783, 215, 1, 0
1383, 2, 338, 375, 86, 7, 52.83%, 1, 0, 6, 132.08, 454448, 215, 1, 0
1388, 2, 372, 375, 85, 6, 52.83%, 1, 0, 6, 114.71, 455024, 215, 1, 0
1394, 2, 372, 375, 85, 6, 52.83%, 1, 0, 6, 121.85, 455642, 215, 1, 0
1399, 2, 339, 375, 84, 5, 52.83%, 1, 0, 6, 125.89, 456296, 215, 1, 0
1404, 2, 339, 375, 84, 5, 52.83%, 1, 0, 6, 124.16, 456900, 215, 1, 0
1409, 2, 359, 375, 83, 4, 52.83%, 1, 0, 6, 120.90, 457518, 215, 1, 0
1414, 2, 309, 375, 81, 2, 52.83%, 1, 0, 6, 122.49, 458154, 215, 1, 0
1419, 2, 304, 375, 80, 2, 52.83%, 2, 0, 6, 123.53, 458749, 215, 2, 0
1424, 2, 329, 375, 79, 2, 52.83%, 2, 0, 6, 117.74, 459331, 215, 2, 0
1429, 2, 329, 375, 79, 2, 52.83%, 2, 0, 6, 128.65, 459998, 215, 2, 0
1434, 2, 344, 375, 78, 1, 52.83%, 2, 0, 6, 136.03, 460708, 215, 2, 0
1439, 2, 365, 375, 77, 1, 52.83%, 2, 0, 6, 119.60, 461312, 215, 2, 0
1445, 2, 374, 375, 76, 0, 52.83%, 2, 0, 6, 129.19, 461998, 215, 2, 0
1450, 2, 374, 375, 76, 0, 52.83%, 2, 0, 6, 129.66, 462654, 215, 2, 0
1455, 2, 373, 375, 75, 0, 52.83%, 2, 0, 6, 128.00, 463294, 215, 2, 0
1460, 2, 356, 375, 74, 0, 52.83%, 2, 0, 6, 129.83, 463971, 215, 2, 0
1465, 2, 356, 375, 74, 0, 52.83%, 2, 0, 6, 130.54, 464617, 215, 2, 0
1470, 2, 320, 375, 73, 0, 52.83%, 2, 0, 6, 132.95, 465261, 215, 2, 0
1475, 2, 211, 375, 72, 0, 52.83%, 2, 0, 6, 142.37, 465972, 215, 2, 0
1480, 2, 373, 375, 72, 0, 52.83%, 2, 0, 6, 126.74, 466618, 215, 2, 0
1485, 2, 306, 375, 71, 0, 52.83%, 3, 0, 6, 125.31, 467279, 215, 3, 0
1490, 2, 79, 375, 69, 0, 52.83%, 3, 0, 6, 134.46, 467961, 215, 3, 0
1495, 2, 269, 375, 68, 0, 52.83%, 3, 0, 6, 125.81, 468603, 215, 3, 0
1500, 2, 269, 375, 68, 0, 52.83%, 3, 0, 6, 130.41, 469259, 215, 3, 0
1505, 2, 34, 375, 67, 0, 52.83%, 3, 0, 6, 128.98, 469894, 215, 3, 0
1511, 2, 342, 375, 66, 0, 52.83%, 3, 0, 6, 134.92, 470620, 215, 3, 0
1516, 2, 342, 376, 67, 0, 52.83%, 3, 0, 6, 116.57, 471218, 215, 3, 0
1521, 2, 325, 376, 65, 0, 52.83%, 3, 0, 6, 139.37, 471919, 215, 3, 0
1526, 2, 325, 376, 65, 0, 52.83%, 3, 0, 6, 134.43, 472597, 215, 3, 0
1531, 2, 363, 376, 64, 0, 52.83%, 3, 0, 6, 134.58, 473277, 215, 3, 0
1536, 2, 349, 376, 63, 0, 52.83%, 3, 0, 6, 141.65, 473976, 215, 3, 0
1541, 2, 323, 376, 62, 0, 52.83%, 3, 0, 6, 131.53, 474625, 215, 3, 0
1546, 2, 323, 376, 62, 0, 52.83%, 3, 0, 6, 135.74, 475323, 215, 3, 0
1551, 2, 277, 376, 61, 0, 52.83%, 3, 0, 6, 129.22, 475971, 215, 3, 0
1556, 2, 277, 376, 61, 0, 52.83%, 3, 0, 6, 141.49, 476719, 215, 3, 0
1562, 2, 277, 376, 61, 0, 52.83%, 3, 0, 6, 136.47, 477391, 215, 3, 0
1567, 2, 289, 376, 61, 0, 52.83%, 3, 0, 6, 132.97, 478098, 215, 3, 0
1572, 2, 339, 376, 59, 0, 52.83%, 4, 0, 6, 125.82, 478749, 215, 5, 0
1577, 2, 337, 376, 59, 0, 52.83%, 4, 0, 6, 129.03, 479411, 215, 5, 0
1582, 2, 161, 376, 58, 0, 52.83%, 4, 0, 6, 128.52, 480088, 215, 5, 0
1587, 2, 161, 376, 58, 0, 52.83%, 4, 0, 6, 124.01, 480722, 215, 5, 0
1593, 2, 262, 376, 57, 0, 52.83%, 4, 0, 6, 136.84, 481420, 215, 5, 0
1598, 2, 7, 376, 56, 0, 52.83%, 4, 0, 6, 136.20, 482133, 215, 5, 0
1603, 2, 173, 376, 55, 0, 52.83%, 4, 0, 6, 144.59, 482877, 215, 5, 0
1608, 2, 336, 376, 53, 0, 52.83%, 4, 0, 6, 138.67, 483581, 215, 5, 0
1613, 2, 216, 376, 52, 0, 52.83%, 4, 0, 6, 143.53, 484341, 215, 5, 0
1618, 2, 216, 376, 52, 0, 52.83%, 4, 0, 6, 133.39, 485023, 215, 5, 0
1623, 2, 369, 376, 51, 0, 52.83%, 4, 0, 6, 127.89, 485667, 215, 5, 0
1628, 2, 305, 376, 50, 0, 52.83%, 5, 0, 6, 143.89, 486404, 215, 6, 0
1633, 2, 225, 376, 50, 0, 52.83%, 5, 0, 6, 139.21, 487098, 215, 6, 0
1639, 2, 262, 376, 50, 0, 52.83%, 5, 0, 6, 129.32, 487762, 215, 6, 0
1644, 2, 213, 376, 50, 0, 52.83%, 5, 0, 6, 134.09, 488470, 215, 6, 0
1649, 2, 316, 376, 49, 0, 52.83%, 5, 0, 6, 121.44, 489082, 215, 6, 0
1654, 2, 316, 376, 49, 0, 52.83%, 5, 0, 6, 132.25, 489780, 215, 6, 0
1659, 2, 122, 376, 48, 0, 52.83%, 5, 0, 6, 127.35, 490433, 215, 6, 0
1664, 2, 350, 376, 47, 0, 52.83%, 5, 0, 6, 152.28, 491178, 215, 6, 0
1669, 2, 158, 376, 47, 0, 52.83%, 5, 0, 6, 137.40, 491870, 215, 6, 0
1674, 2, 158, 376, 47, 0, 52.83%, 5, 0, 6, 126.82, 492506, 215, 6, 0
1679, 2, 310, 376, 46, 0, 52.83%, 6, 0, 6, 129.43, 493201, 215, 7, 0
1684, 2, 292, 376, 45, 0, 52.83%, 6, 0, 6, 130.90, 493886, 215, 7, 0
1689, 2, 292, 376, 45, 0, 52.83%, 6, 0, 6, 141.09, 494638, 215, 7, 0
1695, 2, 330, 376, 44, 0, 52.83%, 6, 0, 6, 136.05, 495338, 215, 7, 0
1700, 2, 324, 376, 42, 0, 52.83%, 6, 0, 6, 135.40, 496029, 215, 7, 0
1705, 2, 324, 376, 42, 0, 52.83%, 6, 0, 6, 133.39, 496707, 215, 7, 0
1710, 2, 364, 376, 40, 0, 52.83%, 6, 0, 6, 138.37, 497425, 215, 7, 0
1715, 2, 28, 376, 39, 0, 52.83%, 6, 0, 6, 150.17, 498189, 215, 7, 0
1720, 2, 140, 376, 38, 0, 52.83%, 6, 0, 6, 139.39, 498887, 215, 7, 0
1725, 2, 264, 376, 38, 0, 52.83%, 6, 0, 6, 130.94, 499551, 215, 7, 0
1730, 2, 158, 376, 37, 0, 52.83%, 6, 0, 6, 127.95, 500229, 215, 7, 0
1735, 2, 354, 376, 36, 0, 52.83%, 6, 0, 6, 147.63, 500987, 215, 7, 0
1741, 2, 44, 376, 35, 0, 52.83%, 6, 0, 6, 135.85, 501697, 215, 7, 0
1746, 2, 92, 376, 35, 0, 52.83%, 6, 0, 6, 144.17, 502441, 215, 7, 0
1751, 2, 92, 376, 35, 0, 52.83%, 6, 0, 6, 139.55, 503162, 215, 7, 0
1756, 2, 239, 376, 34, 0, 52.83%, 7, 0, 6, 127.86, 503809, 215, 8, 0
1761, 2, 262, 376, 34, 0, 52.83%, 7, 0, 6, 140.75, 504564, 215, 8, 0
1766, 2, 211, 376, 34, 0, 52.83%, 7, 0, 6, 135.18, 505244, 215, 8, 0
1771, 2, 299, 376, 34, 0, 52.83%, 7, 0, 6, 137.30, 505949, 215, 8, 0
1776, 2, 312, 376, 34, 0, 52.83%, 7, 0, 6, 144.38, 506669, 215, 8, 0
1781, 2, 348, 376, 33, 0, 52.83%, 7, 0, 6, 140.26, 507341, 215, 8, 0
1787, 2, 348, 376, 33, 0, 52.83%, 7, 0, 6, 144.46, 508107, 215, 8, 0
1792, 2, 351, 376, 32, 0, 52.83%, 7, 0, 6, 143.13, 508825, 215, 8, 0
1797, 2, 341, 376, 31, 0, 52.83%, 7, 0, 6, 144.47, 509566, 215, 8, 0
1802, 2, 44, 376, 30, 0, 52.83%, 7, 0, 6, 144.32, 510307, 215, 8, 0
1807, 2, 361, 376, 30, 0, 52.83%, 7, 0, 6, 148.40, 511061, 215, 8, 0
1812, 2, 287, 376, 29, 0, 52.83%, 7, 0, 6, 147.12, 511806, 215, 8, 0
1817, 2, 234, 376, 28, 0, 52.83%, 7, 0, 6, 138.92, 512492, 215, 8, 0
1822, 2, 353, 376, 28, 0, 52.83%, 7, 0, 6, 141.00, 513184, 215, 8, 0
1828, 2, 346, 376, 27, 0, 52.83%, 7, 0, 6, 141.88, 513914, 215, 8, 0
1833, 2, 233, 376, 25, 0, 52.83%, 7, 0, 6, 134.22, 514601, 215, 8, 0
1838, 2, 368, 376, 25, 0, 52.83%, 7, 0, 6, 129.02, 515270, 215, 8, 0
1843, 2, 368, 376, 25, 0, 52.83%, 7, 0, 6, 133.76, 515960, 215, 8, 0
1848, 2, 26, 376, 24, 0, 52.83%, 7, 0, 6, 127.03, 516596, 215, 8, 0
1853, 2, 339, 376, 24, 0, 52.83%, 7, 0, 6, 145.54, 517350, 215, 8, 0
1858, 2, 358, 376, 23, 0, 52.83%, 7, 0, 6, 135.63, 518037, 215, 8, 0
1863, 2, 358, 376, 23, 0, 52.83%, 7, 0, 6, 128.72, 518687, 215, 8, 0
1868, 2, 335, 376, 21, 0, 52.83%, 7, 0, 6, 145.09, 519457, 215, 8, 0
1873, 2, 127, 376, 20, 0, 52.83%, 7, 0, 6, 156.02, 520256, 215, 8, 0
1878, 2, 153, 376, 20, 0, 52.83%, 7, 0, 6, 141.11, 520970, 215, 8, 0
1884, 2, 334, 376, 20, 0, 52.83%, 7, 0, 6, 142.10, 521706, 215, 8, 0
1889, 2, 139, 376, 19, 0, 52.83%, 7, 0, 6, 145.01, 522442, 215, 8, 0
1894, 2, 107, 376, 19, 0, 52.83%, 7, 0, 6, 149.39, 523232, 215, 8, 0
1899, 2, 262, 376, 19, 0, 52.83%, 7, 0, 6, 142.69, 523965, 215, 8, 0
1904, 2, 232, 376, 19, 0, 52.83%, 7, 0, 6, 157.31, 524775, 215, 8, 0
1909, 2, 262, 376, 19, 0, 52.83%, 7, 0, 6, 137.94, 525476, 215, 8, 0
1914, 2, 371, 376, 19, 0, 52.83%, 7, 0, 6, 142.46, 526230, 215, 8, 0
1920, 2, 125, 376, 18, 0, 52.83%, 7, 0, 6, 138.16, 526931, 215, 8, 0
1925, 2, 237, 376, 18, 0, 52.83%, 7, 0, 6, 139.96, 527628, 215, 8, 0
1930, 2, 89, 376, 18, 0, 52.83%, 7, 0, 6, 143.18, 528364, 215, 11, 0
1935, 2, 34, 376, 18, 0, 52.83%, 7, 0, 6, 142.05, 529077, 215, 11, 0
1940, 2, 212, 376, 18, 0, 52.83%, 7, 0, 6, 146.01, 529808, 215, 11, 0
1945, 2, 212, 376, 18, 0, 52.83%, 7, 0, 6, 139.86, 530516, 215, 11, 0
1950, 2, 141, 376, 16, 0, 52.83%, 7, 0, 6, 134.85, 531210, 215, 14, 0
1955, 2, 16, 376, 16, 0, 52.83%, 7, 0, 6, 128.08, 531855, 215, 14, 0
1960, 2, 15, 376, 16, 0, 52.83%, 8, 0, 6, 124.90, 532517, 215, 15, 0
1965, 2, 217, 376, 16, 0, 52.83%, 8, 0, 6, 127.26, 533173, 215, 15, 0
1970, 2, 225, 376, 16, 0, 52.83%, 8, 0, 6, 143.34, 533907, 215, 15, 0
1975, 2, 347, 376, 16, 0, 52.83%, 8, 0, 6, 132.26, 534565, 215, 16, 0
1980, 2, 3, 376, 16, 0, 52.83%, 8, 0, 6, 127.04, 535198, 215, 16, 0
1986, 2, 234, 376, 16, 0, 52.83%, 8, 0, 6, 140.49, 535954, 215, 16, 0
1991, 2, 107, 376, 16, 0, 52.83%, 8, 0, 6, 129.85, 536612, 215, 17, 0
1996, 2, 64, 376, 16, 0, 52.83%, 8, 0, 6, 131.09, 537286, 215, 17, 0
2001, 2, 196, 376, 16, 0, 52.83%, 8, 0, 6, 130.80, 537966, 215, 17, 0
2006, 2, 196, 376, 16, 0, 52.83%, 8, 0, 6, 136.55, 538650, 215, 17, 0
2011, 2, 234, 376, 15, 0, 52.83%, 8, 0, 6, 136.13, 539326, 215, 17, 0
2016, 2, 15, 376, 15, 0, 52.83%, 8, 0, 6, 129.88, 539995, 215, 17, 0
2021, 2, 211, 376, 14, 0, 52.83%, 8, 0, 6, 134.80, 540700, 215, 17, 0
2027, 2, 217, 376, 14, 0, 52.83%, 8, 0, 6, 125.01, 541345, 215, 17, 0
2032, 2, 34, 376, 14, 0, 52.83%, 8, 0, 6, 125.61, 541997, 215, 17, 0
2037, 2, 305, 376, 14, 0, 52.83%, 8, 0, 6, 144.59, 542725, 215, 18, 0
2042, 2, 277, 376, 14, 0, 52.83%, 9, 0, 6, 131.77, 543375, 215, 20, 0
2047, 2, 93, 376, 13, 0, 52.83%, 9, 0, 6, 138.60, 544071, 215, 20, 0
2052, 2, 93, 376, 13, 0, 52.83%, 9, 0, 6, 138.56, 544763, 215, 20, 0
2057, 2, 350, 376, 12, 0, 52.83%, 9, 0, 6, 134.77, 545460, 215, 20, 0
2062, 2, 362, 376, 12, 0, 52.83%, 9, 0, 6, 137.90, 546151, 215, 20, 0
2067, 2, 362, 376, 12, 0, 52.83%, 9, 0, 6, 130.55, 546833, 215, 20, 0
2072, 2, 87, 376, 11, 0, 52.83%, 9, 0, 6, 139.25, 547563, 215, 20, 0
2077, 2, 16, 376, 11, 0, 52.83%, 9, 0, 6, 142.57, 548326, 215, 20, 0
2083, 2, 322, 376, 11, 0, 52.83%, 9, 0, 6, 140.85, 549041, 215, 20, 0
2088, 2, 322, 376, 11, 0, 52.83%, 9, 0, 6, 143.72, 549811, 215, 20, 0
2093, 2, 328, 376, 10, 0, 52.83%, 9, 0, 6, 141.80, 550530, 215, 20, 0
2098, 2, 141, 376, 9, 0, 52.83%, 9, 0, 6, 137.78, 551242, 215, 20, 0
2103, 2, 28, 376, 9, 0, 52.83%, 9, 0, 6, 143.34, 551981, 215, 20, 0
2108, 2, 262, 376, 9, 0, 52.83%, 9, 0, 6, 133.61, 552661, 215, 20, 0
2114, 2, 262, 376, 9, 0, 52.83%, 9, 0, 6, 139.96, 553381, 215, 20, 0
2119, 2, 145, 376, 9, 0, 52.83%, 9, 0, 6, 131.17, 554039, 215, 20, 0
2124, 2, 217, 376, 9, 0, 52.83%, 9, 0, 6, 138.53, 554790, 215, 20, 0
2129, 2, 366, 376, 9, 0, 52.83%, 9, 0, 6, 157.12, 555534, 215, 20, 0
2134, 2, 217, 376, 8, 0, 52.83%, 9, 0, 6, 339.42, 557249, 215, 20, 0
2139, 3, 365, 378, 10, 0, 52.83%, 9, 0, 6, 435.44, 559673, 215, 20, 0
2144, 3, 365, 378, 9, 0, 52.83%, 9, 0, 6, 465.60, 562083, 215, 20, 0
2149, 3, 350, 378, 9, 0, 52.83%, 9, 0, 6, 442.73, 564299, 215, 20, 0
2154, 3, 279, 378, 9, 0, 52.83%, 9, 0, 6, 442.96, 566585, 215, 23, 0
2160, 3, 350, 379, 9, 0, 52.83%, 9, 0, 6, 460.17, 568972, 215, 23, 0
2165, 3, 343, 379, 9, 0, 52.83%, 9, 0, 6, 460.89, 571288, 215, 25, 0
2170, 3, 0, 379, 8, 0, 52.83%, 9, 0, 6, 484.97, 573722, 215, 26, 0
2175, 3, 225, 380, 9, 0, 52.83%, 9, 0, 6, 446.99, 575957, 215, 28, 0
2180, 3, 28, 380, 9, 0, 52.83%, 9, 0, 6, 466.57, 578223, 215, 31, 0
2185, 3, 378, 380, 9, 0, 52.83%, 9, 0, 6, 441.97, 580457, 215, 33, 0
2190, 3, 34, 380, 8, 0, 52.83%, 9, 0, 6, 453.83, 582774, 215, 34, 0
2195, 3, 11, 380, 8, 0, 52.83%, 9, 0, 6, 457.00, 585157, 215, 34, 0
2200, 3, 45, 380, 8, 0, 52.83%, 9, 0, 6, 478.07, 587568, 215, 35, 0
2205, 3, 16, 380, 8, 0, 52.83%, 9, 0, 6, 475.91, 589971, 215, 35, 0
2210, 3, 140, 380, 7, 0, 52.83%, 9, 0, 6, 475.25, 592343, 215, 35, 0
2215, 3, 91, 380, 7, 0, 52.83%, 9, 0, 6, 468.46, 594683, 215, 42, 0
2220, 3, 204, 380, 7, 0, 52.83%, 9, 0, 6, 450.67, 596976, 215, 42, 0
2225, 3, 211, 380, 7, 0, 52.83%, 9, 0, 6, 442.58, 599221, 215, 43, 0
2230, 3, 127, 381, 7, 0, 52.83%, 9, 0, 6, 479.00, 601688, 215, 44, 0
2236, 3, 34, 381, 7, 0, 52.83%, 9, 0, 6, 465.14, 604051, 215, 46, 0
2241, 3, 140, 381, 6, 0, 52.83%, 9, 0, 6, 472.76, 606434, 215, 46, 0
2246, 3, 277, 381, 6, 0, 52.83%, 9, 0, 6, 471.55, 608753, 215, 47, 0
2251, 3, 139, 381, 6, 0, 52.83%, 9, 0, 6, 460.97, 611142, 215, 49, 0
2256, 3, 239, 382, 6, 0, 52.83%, 9, 0, 6, 447.89, 613483, 215, 50, 0
2261, 3, 305, 382, 6, 0, 52.83%, 9, 0, 6, 458.05, 615805, 215, 51, 0
2266, 3, 233, 382, 6, 0, 52.83%, 9, 0, 6, 466.68, 618138, 215, 56, 0
2271, 3, 225, 382, 5, 0, 52.83%, 9, 0, 6, 447.87, 620351, 215, 56, 0
2276, 3, 340, 382, 5, 0, 52.83%, 9, 0, 6, 440.45, 622541, 215, 58, 0
2281, 3, 339, 382, 4, 0, 52.83%, 9, 0, 6, 476.99, 624970, 215, 60, 0
2286, 3, 26, 395, 17, 0, 61.43%, 9, 0, 6, 456.00, 627317, 250, 60, 0
2291, 4, 400, 456, 78, 5, 61.92%, 9, 0, 6, 458.96, 629693, 252, 60, 0
2296, 4, 400, 463, 85, 5, 61.92%, 9, 0, 6, 434.30, 631886, 252, 60, 0
2302, 4, 400, 464, 86, 5, 61.92%, 9, 0, 6, 455.52, 634179, 252, 60, 0
2307, 4, 400, 465, 87, 5, 61.92%, 9, 0, 6, 445.78, 636445, 252, 60, 0
2312, 4, 400, 466, 88, 5, 61.92%, 9, 0, 6, 433.23, 638643, 252, 60, 0
2317, 4, 400, 466, 88, 5, 61.92%, 9, 0, 6, 454.66, 641006, 252, 60, 0
2322, 4, 400, 466, 88, 5, 61.92%, 9, 0, 6, 436.08, 643187, 252, 60, 0
2327, 4, 400, 466, 88, 5, 61.92%, 9, 0, 6, 443.17, 645435, 252, 60, 0
2332, 4, 400, 467, 89, 5, 62.16%, 9, 0, 6, 432.65, 647626, 253, 60, 0
2337, 4, 400, 467, 89, 5, 62.16%, 9, 0, 6, 458.90, 649950, 253, 60, 0
2342, 4, 400, 468, 90, 5, 62.41%, 9, 0, 6, 467.44, 652270, 254, 60, 0
2347, 4, 400, 468, 90, 5, 62.41%, 9, 0, 6, 463.75, 654601, 254, 60, 0
2352, 4, 400, 468, 90, 5, 62.41%, 9, 0, 6, 450.52, 656857, 254, 60, 0
2357, 4, 400, 468, 90, 5, 62.41%, 9, 0, 6, 452.12, 659137, 254, 60, 0
2362, 4, 400, 468, 90, 5, 62.41%, 9, 0, 6, 463.20, 661441, 254, 60, 0
2367, 4, 400, 468, 90, 5, 62.41%, 9, 0, 6, 465.97, 663736, 254, 60, 0
2372, 4, 400, 468, 90, 5, 62.41%, 9, 0, 6, 471.73, 666094, 254, 60, 0
2378, 4, 400, 468, 90, 5, 62.41%, 9, 0, 6, 433.86, 668257, 254, 60, 0
2383, 4, 466, 468, 88, 6, 62.41%, 9, 0, 6, 475.16, 670684, 254, 60, 0
2388, 4, 453, 468, 86, 4, 62.41%, 9, 0, 6, 483.05, 673057, 254, 60, 0
2393, 4, 446, 468, 85, 4, 62.41%, 9, 0, 6, 455.95, 675330, 254, 60, 0
2398, 4, 390, 468, 84, 3, 62.41%, 9, 0, 6, 451.78, 677643, 254, 60, 0
2403, 4, 398, 471, 86, 2, 62.65%, 9, 0, 6, 460.71, 679950, 255, 60, 0
2408, 4, 471, 472, 85, 3, 62.90%, 9, 0, 6, 484.17, 682391, 256, 60, 0
2413, 4, 436, 472, 83, 2, 62.90%, 9, 0, 6, 452.71, 684674, 256, 61, 0
2418, 4, 420, 472, 81, 1, 62.90%, 9, 0, 6, 486.89, 687164, 256, 61, 0
2423, 4, 384, 472, 79, 0, 62.90%, 9, 0, 6, 473.45, 689553, 256, 61, 0
2428, 4, 383, 472, 77, 0, 62.90%, 9, 0, 6, 461.19, 691910, 256, 61, 0
2433, 4, 429, 472, 75, 0, 62.90%, 9, 0, 6, 462.90, 694272, 256, 61, 0
2438, 4, 225, 472, 74, 0, 62.90%, 9, 0, 6, 456.37, 696608, 256, 61, 0
2443, 4, 468, 472, 73, 0, 62.90%, 9, 0, 6, 468.23, 698986, 256, 61, 0
2448, 4, 408, 472, 71, 0, 62.90%, 9, 0, 6, 452.12, 701202, 256, 61, 0
2454, 4, 405, 472, 69, 0, 62.90%, 9, 0, 6, 442.52, 703490, 256, 61, 0
2459, 4, 198, 472, 67, 0, 62.90%, 10, 0, 6, 456.08, 705866, 256, 64, 0
2464, 4, 423, 472, 66, 0, 62.90%, 10, 0, 6, 480.05, 708274, 256, 64, 0
2469, 4, 437, 472, 64, 0, 62.90%, 10, 0, 6, 464.44, 710548, 256, 64, 0
2474, 4, 467, 472, 62, 0, 62.90%, 10, 0, 6, 456.36, 712969, 256, 64, 0
2479, 4, 445, 472, 61, 0, 62.90%, 10, 0, 6, 455.51, 715211, 256, 64, 0
2484, 4, 425, 472, 59, 0, 62.90%, 10, 0, 6, 449.44, 717517, 256, 66, 0
2489, 4, 34, 472, 57, 0, 62.90%, 10, 0, 6, 440.45, 719745, 256, 66, 0
2494, 4, 427, 473, 58, 0, 62.90%, 10, 0, 6, 478.93, 722182, 256, 66, 0
2500, 4, 338, 473, 56, 0, 62.90%, 10, 0, 6, 448.12, 724487, 256, 66, 0
2505, 4, 399, 473, 55, 0, 62.90%, 10, 0, 6, 454.22, 726842, 256, 66, 0
2510, 4, 332, 473, 53, 0, 62.90%, 10, 0, 6, 472.48, 729212, 256, 66, 0
2515, 4, 471, 473, 52, 0, 62.90%, 10, 0, 6, 471.22, 731573, 256, 66, 0
2520, 4, 416, 473, 52, 0, 62.90%, 10, 0, 6, 442.22, 733750, 256, 68, 0
2525, 4, 440, 473, 51, 0, 62.90%, 10, 0, 6, 433.85, 735942, 256, 68, 0
2530, 4, 412, 473, 49, 0, 62.90%, 10, 0, 6, 488.52, 738421, 256, 69, 0
2535, 4, 452, 473, 48, 0, 62.90%, 10, 0, 6, 459.79, 740682, 256, 69, 0
2540, 4, 34, 473, 46, 0, 62.90%, 10, 0, 6, 442.94, 742935, 256, 69, 0
2545, 4, 451, 473, 45, 0, 62.90%, 10, 0, 6, 454.60, 745276, 256, 69, 0
2550, 4, 145, 473, 44, 0, 62.90%, 10, 0, 6, 447.63, 747487, 256, 69, 0
2555, 4, 447, 473, 43, 0, 62.90%, 10, 0, 6, 449.88, 749790, 256, 69, 0
2560, 4, 411, 473, 42, 0, 62.90%, 10, 0, 6, 473.09, 752166, 256, 70, 0
2565, 4, 125, 473, 40, 0, 62.90%, 10, 0, 6, 466.31, 754503, 256, 70, 0
2570, 4, 284, 473, 39, 0, 62.90%, 10, 0, 6, 478.61, 756970, 256, 70, 0
2575, 4, 18, 473, 38, 0, 62.90%, 10, 0, 6, 469.90, 759333, 256, 70, 0
2580, 4, 418, 473, 37, 0, 62.90%, 10, 0, 6, 469.20, 761702, 256, 70, 0
2585, 4, 28, 473, 35, 0, 62.90%, 10, 0, 6, 462.54, 764038, 256, 70, 0
2590, 4, 397, 473, 34, 0, 62.90%, 10, 0, 6, 455.66, 766352, 256, 70, 0
2596, 4, 459, 473, 32, 0, 62.90%, 10, 0, 6, 460.45, 768743, 256, 71, 0
2601, 4, 419, 473, 31, 0, 62.90%, 10, 0, 6, 449.77, 771017, 256, 71, 0
2606, 4, 462, 473, 30, 0, 62.90%, 10, 0, 6, 451.03, 773340, 256, 71, 0
2611, 4, 424, 473, 28, 0, 62.90%, 10, 0, 6, 457.68, 775739, 256, 71, 0
2616, 4, 458, 473, 26, 0, 62.90%, 10, 0, 6, 452.38, 778080, 256, 71, 0
2621, 4, 91, 473, 25, 0, 62.90%, 10, 0, 6, 457.24, 780351, 256, 71, 0
2626, 4, 198, 473, 25, 0, 62.90%, 10, 0, 6, 429.57, 782586, 256, 71, 0
2631, 4, 387, 473, 25, 0, 62.90%, 10, 0, 6, 419.11, 784679, 256, 71, 0
2636, 4, 422, 473, 23, 0, 62.90%, 10, 0, 6, 431.17, 786848, 256, 71, 0
2641, 4, 457, 473, 22, 0, 62.90%, 10, 0, 6, 476.00, 789341, 256, 71, 0
2646, 4, 394, 473, 21, 0, 62.90%, 10, 0, 6, 476.43, 791754, 256, 72, 0
2652, 4, 130, 473, 19, 0, 62.90%, 10, 0, 6, 466.14, 794135, 256, 72, 0
2657, 4, 217, 473, 18, 0, 62.90%, 10, 0, 6, 442.13, 796373, 256, 75, 0
2662, 4, 410, 473, 17, 0, 62.90%, 10, 0, 6, 462.57, 798756, 256, 75, 0
2667, 4, 469, 473, 16, 0, 62.90%, 10, 0, 6, 421.97, 800895, 256, 75, 0
2672, 4, 225, 473, 15, 0, 62.90%, 10, 0, 6, 441.35, 803151, 256, 75, 0
2677, 4, 415, 473, 15, 0, 62.90%, 10, 0, 6, 445.65, 805423, 256, 75, 0
2682, 4, 442, 473, 13, 0, 62.90%, 10, 0, 6, 459.31, 807695, 256, 75, 0
2687, 4, 435, 473, 12, 0, 62.90%, 10, 0, 6, 438.63, 809900, 256, 75, 0
2692, 4, 307, 473, 10, 0, 62.90%, 10, 0, 6, 475.32, 812435, 256, 75, 0
2697, 4, 140, 473, 10, 0, 62.90%, 10, 0, 6, 472.66, 814848, 256, 80, 0
2702, 4, 9, 473, 9, 0, 62.90%, 10, 0, 6, 461.91, 817257, 256, 80, 0
2707, 4, 307, 473, 9, 0, 62.90%, 10, 0, 6, 462.06, 819604, 256, 81, 0
2713, 4, 141, 473, 8, 0, 62.90%, 10, 0, 6, 453.85, 821883, 256, 81, 0
2718, 5, 477, 484, 18, 5, 64.37%, 10, 0, 6, 466.61, 824276, 262, 81, 0
2723, 5, 474, 484, 17, 4, 64.37%, 10, 0, 6, 453.01, 826589, 262, 81, 0
2728, 5, 481, 484, 16, 3, 64.37%, 10, 0, 6, 451.89, 828831, 262, 81, 0
2733, 5, 483, 484, 14, 1, 64.37%, 10, 0, 6, 430.63, 830978, 262, 81, 0
2738, 5, 443, 484, 13, 0, 64.37%, 10, 0, 6, 466.98, 833488, 262, 81, 0
2743, 5, 297, 484, 12, 0, 64.37%, 10, 0, 6, 457.26, 835835, 262, 83, 0
2748, 5, 232, 484, 11, 0, 64.37%, 10, 0, 6, 462.71, 838109, 262, 85, 0
2753, 5, 474, 484, 11, 0, 64.37%, 10, 0, 6, 474.53, 840507, 262, 86, 0
2758, 5, 331, 484, 11, 0, 64.37%, 10, 0, 6, 452.59, 842825, 262, 86, 0
2763, 5, 379, 484, 11, 0, 64.37%, 10, 0, 6, 448.33, 845094, 262, 87, 0
2768, 5, 262, 484, 10, 0, 64.37%, 10, 0, 6, 445.75, 847321, 262, 87, 0
2773, 5, 10, 484, 10, 0, 64.37%, 10, 0, 6, 447.06, 849592, 262, 87, 0
2778, 5, 478, 484, 10, 0, 64.37%, 10, 0, 6, 455.96, 851900, 262, 88, 0
2783, 5, 58, 484, 9, 0, 64.37%, 10, 0, 6, 466.41, 854240, 262, 88, 0
2788, 5, 476, 484, 8, 0, 64.37%, 10, 0, 6, 457.74, 856584, 262, 89, 0
2794, 5, 299, 484, 8, 0, 64.37%, 10, 0, 6, 464.81, 858897, 262, 93, 0
2799, 5, 455, 484, 8, 0, 64.37%, 10, 0, 6, 472.02, 861330, 262, 93, 0
2804, 5, 34, 484, 8, 0, 64.37%, 10, 0, 6, 442.12, 863455, 262, 94, 0
2809, 5, 438, 484, 8, 0, 64.37%, 10, 0, 6, 448.42, 865663, 262, 94, 0
2814, 5, 232, 484, 6, 0, 64.37%, 10, 0, 6, 478.72, 868137, 262, 94, 0
2819, 5, 16, 484, 6, 0, 64.37%, 10, 0, 6, 492.28, 870654, 262, 98, 0
2824, 5, 469, 484, 6, 0, 64.37%, 10, 0, 6, 462.05, 872963, 262, 98, 0
2829, 5, 79, 484, 6, 0, 64.37%, 10, 0, 6, 467.28, 875276, 262, 98, 0
2834, 5, 87, 484, 6, 0, 64.37%, 10, 0, 6, 464.86, 877624, 262, 100, 0
2839, 5, 463, 484, 6, 0, 64.37%, 10, 0, 6, 451.41, 879840, 262, 100, 0
2844, 5, 455, 484, 4, 0, 64.37%, 10, 0, 6, 458.74, 882192, 262, 100, 0
2849, 5, 91, 484, 3, 0, 64.37%, 10, 0, 6, 453.76, 884458, 262, 100, 0
2854, 5, 400, 484, 3, 0, 64.37%, 10, 0, 6, 452.11, 886700, 262, 101, 0
2859, 5, 211, 484, 3, 0, 64.37%, 10, 0, 6, 462.12, 889053, 262, 101, 0
2864, 5, 199, 484, 3, 0, 64.37%, 10, 0, 6, 454.62, 891344, 262, 101, 0
2870, 5, 13, 484, 3, 0, 64.37%, 10, 0, 6, 480.54, 893795, 262, 101, 0
2875, 5, 299, 484, 3, 0, 64.37%, 10, 0, 6, 457.94, 896125, 262, 101, 0
2880, 5, 262, 484, 3, 0, 64.37%, 10, 0, 6, 427.26, 898325, 262, 104, 0
2885, 5, 95, 484, 3, 0, 64.37%, 10, 0, 6, 409.81, 900477, 262, 105, 0
2890, 5, 211, 484, 3, 0, 64.37%, 10, 0, 6, 472.99, 902898, 262, 109, 0
2895, 5, 44, 484, 3, 0, 64.37%, 10, 0, 6, 440.43, 905100, 262, 109, 0
2900, 5, 480, 484, 3, 0, 64.37%, 11, 0, 6, 444.58, 907319, 262, 118, 0
2905, 6, 34, 484, 2, 0, 64.37%, 11, 0, 6, 443.54, 909518, 262, 118, 0
2910, 6, 355, 484, 2, 0, 64.37%, 11, 0, 6, 437.29, 911694, 262, 119, 0
2915, 6, 262, 484, 2, 0, 64.37%, 11, 0, 6, 459.64, 914015, 262, 119, 0
2920, 6, 107, 485, 2, 0, 64.37%, 11, 0, 6, 427.00, 916106, 262, 119, 0
2925, 6, 277, 485, 2, 0, 64.37%, 11, 0, 6, 465.31, 918490, 262, 119, 0
2930, 6, 277, 485, 2, 0, 64.37%, 11, 0, 6, 445.67, 920717, 262, 119, 0
2936, 6, 127, 485, 2, 0, 64.37%, 11, 0, 6, 467.24, 923171, 262, 120, 0
2941, 6, 297, 485, 2, 0, 64.37%, 11, 0, 6, 470.61, 925587, 262, 120, 0
2946, 6, 307, 485, 2, 0, 64.37%, 11, 0, 6, 447.41, 927758, 262, 121, 0
2951, 6, 333, 485, 2, 0, 64.37%, 11, 0, 6, 453.99, 930012, 262, 125, 0
2956, 6, 0, 485, 2, 0, 64.37%, 11, 0, 6, 448.16, 932284, 262, 129, 0
2961, 6, 126, 485, 2, 0, 64.37%, 11, 0, 6, 445.38, 934513, 262, 129, 0
2966, 6, 455, 485, 2, 0, 64.37%, 11, 0, 6, 471.77, 936919, 262, 129, 0
2971, 6, 262, 486, 3, 0, 64.37%, 11, 0, 6, 460.87, 939249, 262, 129, 0
2976, 6, 283, 486, 3, 0, 64.37%, 11, 0, 6, 461.54, 941563, 262, 129, 0
2981, 6, 446, 486, 3, 0, 64.37%, 11, 0, 6, 437.29, 943728, 262, 130, 0
2986, 6, 371, 486, 2, 0, 64.37%, 11, 0, 6, 437.28, 945974, 262, 130, 0
2991, 6, 107, 486, 2, 0, 64.37%, 11, 0, 6, 441.14, 948252, 262, 130, 0
2996, 6, 211, 486, 2, 0, 64.37%, 12, 0, 6, 456.63, 950643, 262, 131, 0
3001, 6, 455, 486, 2, 0, 64.37%, 12, 0, 6, 450.29, 952910, 262, 135, 0
3007, 6, 308, 486, 2, 0, 64.37%, 12, 0, 6, 443.05, 955157, 262, 135, 0
3012, 6, 87, 486, 2, 0, 64.37%, 12, 0, 6, 476.97, 957634, 262, 137, 0
3017, 6, 211, 486, 2, 0, 64.37%, 12, 0, 6, 464.46, 959946, 262, 137, 0
3022, 6, 64, 486, 2, 0, 64.37%, 12, 0, 6, 447.03, 962142, 262, 137, 0
3027, 6, 156, 486, 2, 0, 64.37%, 12, 0, 6, 467.14, 964603, 262, 138, 0
3032, 6, 127, 486, 2, 0, 64.37%, 12, 0, 6, 478.38, 967049, 262, 138, 0
3037, 6, 214, 486, 2, 0, 64.37%, 12, 0, 6, 468.58, 969389, 262, 143, 0
3042, 6, 239, 486, 2, 0, 64.37%, 12, 0, 6, 445.97, 971612, 262, 144, 0
3047, 6, 211, 486, 2, 0, 64.37%, 12, 0, 6, 462.21, 973956, 262, 144, 0
3052, 7, 455, 487, 3, 0, 64.37%, 12, 0, 6, 478.51, 976417, 262, 146, 0
3057, 7, 483, 487, 3, 0, 64.37%, 12, 0, 6, 452.20, 978695, 262, 146, 0
3063, 7, 225, 487, 3, 0, 64.37%, 12, 0, 6, 455.48, 981113, 262, 146, 0
3068, 7, 0, 487, 3, 0, 64.37%, 12, 0, 6, 435.43, 983367, 262, 147, 0
3073, 7, 299, 487, 3, 0, 64.37%, 12, 0, 6, 440.30, 985583, 262, 149, 0
3078, 7, 222, 487, 3, 0, 64.37%, 12, 0, 6, 464.55, 988007, 262, 149, 0
3083, 7, 471, 487, 3, 0, 64.37%, 12, 0, 6, 447.78, 990221, 262, 149, 0
3088, 7, 481, 487, 3, 0, 64.37%, 12, 0, 6, 465.92, 992514, 262, 153, 0
3093, 7, 257, 487, 3, 0, 64.37%, 12, 0, 6, 455.86, 994820, 262, 156, 0
3098, 7, 277, 487, 3, 0, 64.37%, 12, 0, 6, 464.73, 997144, 262, 156, 0
3103, 7, 125, 487, 3, 0, 64.37%, 12, 0, 6, 469.78, 999523, 262, 156, 0
3108, 7, 474, 487, 2, 0, 64.37%, 12, 0, 6, 456.12, 1001826, 262, 156, 0
3113, 7, 262, 487, 2, 0, 64.37%, 12, 0, 6, 447.12, 1004108, 262, 157, 0
3118, 7, 396, 487, 2, 0, 64.37%, 12, 0, 6, 459.14, 1006480, 262, 157, 0
3123, 7, 446, 487, 1, 0, 64.37%, 12, 0, 6, 455.01, 1008762, 262, 158, 0
3128, 7, 44, 487, 1, 0, 64.37%, 12, 0, 6, 452.12, 1011025, 262, 158, 0
3134, 7, 262, 487, 1, 0, 64.37%, 12, 0, 6, 424.44, 1013156, 262, 158, 0
3139, 7, 485, 487, 1, 0, 64.37%, 12, 0, 6, 453.08, 1015416, 262, 158, 0
3144, 7, 0, 487, 0, 0, 64.37%, 12, 0, 6, 474.92, 1017894, 262, 158, 0
3149, 7, 454, 487, 0, 0, 64.37%, 12, 0, 6, 461.82, 1020251, 262, 158, 0
3154, 7, 3, 487, 0, 0, 64.37%, 12, 0, 6, 440.23, 1022504, 262, 158, 0
3159, 7, 329, 487, 0, 0, 64.37%, 12, 0, 6, 441.91, 1024733, 262, 159, 0
3164, 7, 16, 487, 0, 0, 64.37%, 12, 0, 6, 451.45, 1027045, 262, 159, 0
3169, 7, 400, 487, 0, 0, 64.37%, 12, 0, 6, 456.33, 1029402, 262, 159, 0
3174, 7, 305, 487, 0, 0, 64.37%, 12, 0, 6, 442.10, 1031630, 262, 160, 0
3179, 7, 277, 487, 0, 0, 64.37%, 12, 0, 6, 459.80, 1033942, 262, 160, 0
3185, 7, 382, 487, 0, 0, 64.37%, 12, 0, 6, 446.58, 1036203, 262, 161, 0
3190, 7, 474, 487, 0, 0, 64.37%, 12, 0, 6, 433.04, 1038457, 262, 161, 0
3195, 7, 469, 487, 0, 0, 64.37%, 12, 0, 6, 438.94, 1040705, 262, 165, 0
3200, 7, 400, 487, 0, 0, 64.37%, 12, 0, 6, 429.81, 1042871, 262, 167, 0
3205, 7, 150, 487, 0, 0, 64.37%, 12, 0, 6, 466.60, 1045297, 262, 168, 0
3210, 7, 477, 487, 0, 0, 64.37%, 12, 0, 6, 453.63, 1047562, 262, 168, 0
3215, 8, 28, 488, 1, 0, 64.37%, 12, 0, 6, 456.95, 1049860, 262, 168, 0
3220, 8, 400, 488, 1, 0, 64.37%, 12, 0, 6, 438.56, 1052024, 262, 168, 0
3225, 8, 469, 488, 0, 0, 64.37%, 12, 0, 6, 426.03, 1054171, 262, 168, 0
3230, 8, 297, 488, 0, 0, 64.37%, 12, 0, 6, 457.19, 1056548, 262, 168, 0
3235, 8, 277, 488, 0, 0, 64.37%, 12, 0, 6, 451.05, 1058877, 262, 168, 0
3240, 8, 446, 488, 0, 0, 64.37%, 12, 0, 6, 456.80, 1061174, 262, 168, 0
3245, 8, 455, 488, 0, 0, 64.37%, 12, 0, 6, 466.22, 1063525, 262, 168, 0
3250, 8, 476, 488, 0, 0, 64.37%, 12, 0, 6, 455.20, 1065855, 262, 168, 0
3256, 8, 141, 488, 0, 0, 64.37%, 12, 0, 6, 436.62, 1068046, 262, 168, 0
3261, 8, 277, 488, 0, 0, 64.37%, 12, 0, 6, 443.24, 1070328, 262, 168, 0
3266, 8, 338, 488, 0, 0, 64.37%, 12, 0, 6, 460.10, 1072614, 262, 170, 0
3271, 8, 124, 488, 0, 0, 64.37%, 12, 0, 6, 454.42, 1074852, 262, 170, 0
3276, 8, 145, 488, 0, 0, 64.37%, 12, 0, 6, 460.51, 1077159, 262, 171, 0
3281, 8, 141, 488, 0, 0, 64.37%, 12, 0, 6, 449.90, 1079408, 262, 171, 0
3286, 8, 338, 488, 0, 0, 64.37%, 12, 0, 6, 445.73, 1081653, 262, 174, 0
3291, 8, 219, 488, 0, 0, 64.37%, 12, 0, 6, 448.46, 1083920, 262, 176, 0
3296, 8, 365, 488, 0, 0, 64.37%, 12, 0, 6, 421.05, 1086002, 262, 177, 0
3301, 8, 400, 488, 0, 0, 64.37%, 12, 0, 6, 429.66, 1088162, 262, 177, 0
3306, 8, 145, 488, 0, 0, 64.37%, 12, 0, 6, 443.32, 1090402, 262, 178, 0
3311, 8, 239, 488, 0, 0, 64.37%, 12, 0, 6, 421.46, 1092506, 262, 179, 0
3316, 8, 471, 488, 0, 0, 64.37%, 12, 0, 6, 418.90, 1094633, 262, 179, 0
3321, 8, 33, 488, 0, 0, 64.37%, 12, 0, 6, 438.21, 1096905, 262, 179, 0
3326, 8, 381, 488, 0, 0, 64.37%, 12, 0, 6, 443.98, 1099146, 262, 180, 0
3331, 8, 301, 488, 0, 0, 64.37%, 12, 0, 6, 452.88, 1101436, 262, 180, 0
3336, 8, 466, 488, 0, 0, 64.37%, 12, 0, 6, 483.65, 1103854, 262, 180, 0
3341, 8, 239, 488, 0, 0, 64.37%, 12, 0, 6, 469.87, 1106208, 262, 183, 0
3347, 8, 477, 488, 0, 0, 64.37%, 12, 0, 6, 451.86, 1108444, 262, 184, 0
3352, 8, 191, 488, 0, 0, 64.37%, 12, 0, 6, 451.40, 1110709, 262, 184, 0
3357, 8, 330, 488, 0, 0, 64.37%, 12, 0, 6, 438.37, 1112956, 262, 186, 0
3362, 8, 138, 488, 0, 0, 64.37%, 12, 0, 6, 462.63, 1115312, 262, 190, 0
3367, 8, 89, 488, 0, 0, 64.37%, 12, 0, 6, 454.16, 1117599, 262, 190, 0
3372, 9, 140, 490, 1, 0, 64.37%, 13, 0, 6, 459.52, 1119916, 262, 197, 0
3377, 9, 145, 490, 1, 0, 64.37%, 13, 0, 6, 453.09, 1122275, 262, 200, 0
3382, 9, 455, 490, 1, 0, 64.37%, 13, 0, 6, 468.00, 1124694, 262, 202, 0
3387, 9, 10, 490, 1, 0, 64.37%, 13, 0, 6, 468.96, 1127088, 262, 202, 0
3392, 9, 347, 490, 1, 0, 64.37%, 13, 0, 6, 437.55, 1129176, 262, 205, 0
3397, 9, 488, 490, 1, 0, 64.37%, 13, 0, 6, 460.65, 1131500, 262, 205, 0
3402, 9, 211, 490, 0, 0, 64.37%, 13, 0, 6, 437.02, 1133777, 262, 205, 0
3407, 9, 145, 490, 0, 0, 64.37%, 13, 0, 6, 486.51, 1136251, 262, 205, 0
3413, 9, 489, 490, 0, 0, 64.37%, 13, 0, 6, 444.36, 1138465, 262, 205, 0
3418, 9, 365, 490, 0, 0, 64.37%, 13, 0, 6, 461.97, 1140865, 262, 205, 0
3423, 9, 277, 490, 0, 0, 64.37%, 13, 0, 6, 491.77, 1143356, 262, 205, 0
3428, 9, 474, 490, 0, 0, 64.37%, 13, 0, 6, 495.03, 1145802, 262, 205, 0
3433, 9, 262, 490, 0, 0, 64.37%, 13, 0, 6, 477.10, 1148170, 262, 205, 0
3438, 9, 125, 490, 0, 0, 64.37%, 13, 0, 6, 468.30, 1150463, 262, 207, 0
3443, 9, 54, 490, 0, 0, 64.37%, 13, 0, 6, 448.95, 1152725, 262, 210, 0
3448, 9, 470, 490, 0, 0, 64.37%, 13, 0, 6, 468.69, 1155116, 262, 211, 0
3453, 9, 44, 490, 0, 0, 64.37%, 13, 0, 6, 439.87, 1157325, 262, 211, 0
3458, 9, 34, 490, 0, 0, 64.37%, 13, 0, 6, 435.96, 1159429, 262, 212, 0
3463, 9, 87, 490, 0, 0, 64.37%, 13, 0, 6, 427.20, 1161623, 262, 213, 0
3468, 9, 382, 490, 0, 0, 64.37%, 13, 0, 6, 462.65, 1163981, 262, 213, 0
3473, 9, 390, 490, 0, 0, 64.37%, 13, 0, 6, 447.91, 1166202, 262, 213, 0
3478, 9, 307, 490, 0, 0, 64.37%, 13, 0, 6, 437.41, 1168415, 262, 217, 0
3483, 9, 34, 490, 0, 0, 64.37%, 13, 0, 6, 420.35, 1170551, 262, 218, 0
3488, 9, 400, 490, 0, 0, 64.37%, 13, 0, 6, 432.20, 1172750, 262, 218, 0
3493, 9, 130, 490, 0, 0, 64.37%, 13, 0, 6, 463.82, 1175127, 262, 218, 0
3498, 9, 469, 490, 0, 0, 64.37%, 13, 0, 6, 440.18, 1177300, 262, 218, 0
3503, 9, 482, 490, 0, 0, 64.37%, 13, 0, 6, 447.97, 1179540, 262, 218, 0
3508, 9, 141, 490, 0, 0, 64.37%, 13, 0, 6, 449.57, 1181772, 262, 221, 0
3514, 9, 16, 490, 0, 0, 64.37%, 13, 0, 6, 440.03, 1184088, 262, 221, 0
3519, 9, 402, 490, 0, 0, 64.37%, 13, 0, 6, 448.01, 1186411, 262, 221, 0
3524, 10, 44, 491, 0, 0, 64.37%, 13, 0, 6, 440.55, 1188635, 262, 221, 0
3529, 10, 262, 491, 0, 0, 64.37%, 14, 0, 6, 453.98, 1190955, 262, 228, 0
3534, 10, 239, 491, 0, 0, 64.37%, 14, 0, 6, 423.04, 1193054, 262, 228, 0
3539, 10, 262, 491, 0, 0, 64.37%, 14, 0, 6, 450.89, 1195413, 262, 229, 0
3544, 10, 249, 491, 0, 0, 64.37%, 14, 0, 6, 451.77, 1197641, 262, 229, 0
3549, 10, 307, 491, 0, 0, 64.37%, 14, 0, 6, 433.95, 1199836, 262, 229, 0
3554, 10, 481, 491, 0, 0, 64.37%, 14, 0, 6, 458.37, 1202239, 262, 229, 0
3559, 10, 107, 491, 0, 0, 64.37%, 14, 0, 6, 478.07, 1204680, 262, 231, 0
3564, 10, 262, 491, 0, 0, 64.37%, 14, 0, 6, 460.20, 1206942, 262, 231, 0
3569, 10, 35, 491, 0, 0, 64.37%, 14, 0, 6, 468.56, 1209332, 262, 231, 0
3574, 10, 309, 491, 0, 0, 64.37%, 14, 0, 6, 466.38, 1211683, 262, 232, 0
3579, 10, 339, 491, 0, 0, 64.37%, 14, 0, 6, 465.79, 1214043, 262, 232, 0
3584, 10, 307, 491, 0, 0, 64.37%, 14, 0, 6, 448.13, 1216320, 262, 239, 0
3589, 10, 111, 491, 0, 0, 64.37%, 14, 0, 6, 471.19, 1218612, 262, 239, 0
3595, 10, 277, 491, 0, 0, 64.37%, 14, 0, 6, 477.34, 1221101, 262, 240, 0
3600, 10, 286, 491, 0, 0, 64.37%, 14, 0, 6, 474.27, 1223571, 262, 240, 0
3605, 10, 338, 491, 0, 0, 64.37%, 14, 0, 6, 456.13, 1225875, 262, 242, 0
3610, 10, 208, 491, 0, 0, 64.37%, 14, 0, 6, 476.39, 1228278, 262, 243, 0
3615, 10, 259, 491, 0, 0, 64.37%, 14, 0, 6, 436.73, 1230483, 262, 247, 0
3620, 10, 64, 491, 0, 0, 64.37%, 14, 0, 6, 452.28, 1232839, 262, 247, 0
3625, 10, 34, 491, 0, 0, 64.37%, 14, 0, 6, 464.89, 1235221, 262, 247, 0
3630, 10, 44, 491, 0, 0, 64.37%, 14, 0, 6, 450.67, 1237435, 262, 249, 0
3635, 10, 181, 491, 0, 0, 64.37%, 14, 0, 6, 451.36, 1239695, 262, 251, 0
3640, 10, 476, 491, 0, 0, 64.37%, 14, 0, 6, 471.58, 1242062, 262, 251, 0
3646, 10, 170, 491, 0, 0, 64.37%, 14, 0, 6, 469.75, 1244447, 262, 251, 0
3651, 10, 206, 491, 0, 0, 64.37%, 14, 0, 6, 471.20, 1246850, 262, 253, 0
3656, 10, 483, 491, 0, 0, 64.37%, 14, 0, 6, 446.54, 1249149, 262, 253, 0
3661, 10, 26, 491, 0, 0, 64.37%, 14, 0, 6, 432.34, 1251289, 262, 255, 0
3666, 10, 141, 491, 0, 0, 64.37%, 14, 0, 6, 441.28, 1253578, 262, 255, 0
3671, 10, 201, 491, 0, 0, 64.37%, 14, 0, 6, 446.99, 1255858, 262, 255, 0
3676, 11, 198, 494, 2, 0, 64.37%, 14, 0, 6, 433.21, 1258081, 262, 263, 0
3681, 11, 242, 494, 2, 0, 64.37%, 14, 0, 6, 448.14, 1260359, 262, 263, 0
3686, 11, 484, 494, 2, 0, 64.37%, 14, 0, 6, 427.45, 1262508, 262, 264, 0
3692, 11, 145, 494, 2, 0, 64.37%, 14, 0, 6, 421.48, 1264654, 262, 264, 0
3697, 11, 262, 494, 2, 0, 64.37%, 14, 0, 6, 457.70, 1267025, 262, 265, 0
3702, 11, 491, 494, 2, 0, 64.37%, 14, 0, 6, 463.12, 1269337, 262, 267, 0
3707, 11, 492, 494, 2, 0, 64.37%, 14, 0, 6, 447.63, 1271617, 262, 271, 0
3712, 11, 0, 495, 2, 0, 64.37%, 14, 0, 6, 453.78, 1273910, 262, 271, 0
3717, 11, 197, 495, 2, 0, 64.37%, 14, 0, 6, 454.98, 1276223, 262, 271, 0
3722, 11, 262, 495, 2, 0, 64.37%, 14, 0, 6, 450.05, 1278451, 262, 278, 0
3727, 11, 15, 495, 2, 0, 64.37%, 14, 0, 6, 426.66, 1280641, 262, 278, 0
3732, 11, 264, 495, 2, 0, 64.37%, 14, 0, 6, 449.78, 1282957, 262, 278, 0
3737, 11, 91, 495, 2, 0, 64.37%, 14, 0, 6, 450.38, 1285157, 262, 278, 0
3742, 11, 198, 495, 2, 0, 64.37%, 14, 0, 6, 441.84, 1287459, 262, 278, 0
3747, 11, 217, 495, 2, 0, 64.37%, 14, 0, 6, 445.43, 1289783, 262, 278, 0
3752, 11, 446, 495, 2, 0, 64.37%, 14, 0, 6, 446.37, 1292088, 262, 278, 0
3757, 11, 198, 495, 2, 0, 64.37%, 14, 0, 6, 433.34, 1294184, 262, 282, 0
3762, 11, 494, 495, 2, 0, 64.37%, 14, 0, 6, 432.48, 1296388, 262, 282, 0
3767, 11, 239, 495, 1, 0, 64.37%, 14, 0, 6, 433.24, 1298661, 262, 287, 0
3772, 11, 44, 495, 1, 0, 64.37%, 14, 0, 6, 451.22, 1300925, 262, 288, 0
3778, 11, 35, 495, 1, 0, 64.37%, 14, 0, 6, 437.38, 1303118, 262, 288, 0
3783, 11, 493, 495, 1, 0, 64.37%, 14, 0, 6, 437.30, 1305389, 262, 288, 0
3788, 11, 125, 495, 0, 0, 64.37%, 14, 0, 6, 422.66, 1307533, 262, 289, 0
3793, 11, 211, 495, 0, 0, 64.37%, 14, 0, 6, 416.82, 1309575, 262, 289, 0
3798, 11, 307, 495, 0, 0, 64.37%, 14, 0, 6, 452.02, 1311894, 262, 291, 0
3803, 11, 297, 495, 0, 0, 64.37%, 14, 0, 6, 436.67, 1314045, 262, 296, 0
3808, 11, 381, 495, 0, 0, 64.37%, 14, 0, 6, 442.96, 1316316, 262, 301, 0
3813, 11, 198, 495, 0, 0, 64.37%, 14, 0, 6, 433.80, 1318486, 262, 301, 0
3818, 11, 44, 495, 0, 0, 64.37%, 14, 0, 6, 442.56, 1320747, 262, 301, 0
3823, 11, 262, 495, 0, 0, 64.37%, 14, 0, 6, 464.05, 1323134, 262, 303, 0
3828, 11, 261, 495, 0, 0, 64.37%, 14, 0, 6, 447.88, 1325395, 262, 305, 0
3833, 11, 220, 495, 0, 0, 64.37%, 14, 0, 6, 444.92, 1327594, 262, 305, 0
3839, 11, 62, 495, 0, 0, 64.37%, 14, 0, 6, 435.08, 1329787, 262, 307, 0
3844, 11, 295, 495, 0, 0, 64.37%, 14, 0, 6, 450.19, 1332144, 262, 307, 0
3849, 12, 234, 495, 0, 0, 64.37%, 14, 0, 6, 446.74, 1334380, 262, 316, 0
3854, 12, 471, 495, 0, 0, 64.37%, 14, 0, 6, 448.93, 1336685, 262, 316, 0
3859, 12, 400, 495, 0, 0, 64.37%, 14, 0, 6, 443.88, 1338905, 262, 322, 0
3864, 12, 228, 495, 0, 0, 64.37%, 14, 0, 6, 456.64, 1341157, 262, 331, 0
3869, 12, 476, 495, 0, 0, 64.37%, 14, 0, 6, 472.68, 1343564, 262, 331, 0
3874, 12, 16, 495, 0, 0, 64.37%, 14, 0, 6, 437.63, 1345692, 262, 332, 0
3879, 12, 233, 495, 0, 0, 64.37%, 14, 0, 6, 451.65, 1347952, 262, 332, 0
3884, 12, 129, 495, 0, 0, 64.37%, 14, 0, 6, 450.01, 1350252, 262, 332, 0
3889, 12, 91, 495, 0, 0, 64.37%, 14, 0, 6, 413.59, 1352316, 262, 334, 0
3894, 12, 147, 495, 0, 0, 64.37%, 14, 0, 6, 412.50, 1354415, 262, 337, 0
3899, 12, 212, 495, 0, 0, 64.37%, 14, 0, 6, 457.83, 1356799, 262, 341, 0
3904, 12, 263, 495, 0, 0, 64.37%, 14, 0, 6, 412.53, 1358876, 262, 341, 0
3909, 12, 277, 495, 0, 0, 64.37%, 14, 0, 6, 431.39, 1361077, 262, 344, 0
3915, 12, 102, 495, 0, 0, 64.37%, 14, 0, 6, 424.84, 1363225, 262, 345, 0
3920, 12, 474, 495, 0, 0, 64.37%, 14, 0, 6, 480.33, 1365675, 262, 345, 0
3925, 12, 15, 495, 0, 0, 64.37%, 14, 0, 6, 446.38, 1367914, 262, 345, 0
3930, 12, 385, 495, 0, 0, 64.37%, 14, 0, 6, 440.31, 1370124, 262, 346, 0
3935, 12, 228, 495, 0, 0, 64.37%, 14, 0, 6, 418.82, 1372241, 262, 346, 0
3940, 12, 262, 495, 0, 0, 64.37%, 14, 0, 6, 422.31, 1374346, 262, 346, 0
3945, 12, 307, 495, 0, 0, 64.37%, 14, 0, 6, 455.14, 1376659, 262, 346, 0
3950, 12, 215, 495, 0, 0, 64.37%, 14, 0, 6, 453.05, 1378993, 262, 351, 0
3955, 12, 274, 495, 0, 0, 64.37%, 14, 0, 6, 453.91, 1381311, 262, 351, 0
3960, 12, 262, 495, 0, 0, 64.37%, 14, 0, 6, 424.57, 1383421, 262, 352, 0
3965, 12, 44, 495, 0, 0, 64.37%, 14, 0, 6, 447.18, 1385740, 262, 352, 0
3970, 12, 138, 495, 0, 0, 64.37%, 14, 0, 6, 450.14, 1388075, 262, 352, 0
3976, 12, 225, 495, 0, 0, 64.37%, 14, 0, 6, 448.86, 1390334, 262, 352, 0
3981, 12, 198, 495, 0, 0, 64.37%, 14, 0, 6, 494.47, 1392819, 262, 354, 0
3986, 12, 455, 495, 0, 0, 64.37%, 14, 0, 6, 441.45, 1395005, 262, 357, 0
3991, 12, 234, 495, 0, 0, 64.37%, 14, 0, 6, 447.49, 1397227, 262, 357, 0
3996, 12, 145, 495, 0, 0, 64.37%, 14, 0, 6, 451.57, 1399513, 262, 357, 0
4001, 12, 138, 495, 0, 0, 64.37%, 14, 0, 6, 446.66, 1401723, 262, 357, 0
4006, 13, 400, 495, 0, 0, 64.37%, 14, 0, 6, 437.59, 1403901, 262, 357, 0
4011, 13, 26, 495, 0, 0, 64.37%, 14, 0, 6, 447.05, 1406156, 262, 357, 0
4016, 13, 262, 495, 0, 0, 64.37%, 14, 0, 6, 445.43, 1408468, 262, 357, 0
4021, 13, 117, 495, 0, 0, 64.37%, 14, 0, 6, 440.96, 1410644, 262, 364, 0
4026, 13, 87, 495, 0, 0, 64.37%, 14, 0, 6, 463.11, 1412956, 262, 368, 0
4031, 13, 400, 495, 0, 0, 64.37%, 14, 0, 6, 472.05, 1415367, 262, 368, 0
4036, 13, 15, 495, 0, 0, 64.37%, 14, 0, 6, 444.19, 1417556, 262, 368, 0
4041, 13, 206, 495, 0, 0, 64.37%, 14, 0, 6, 440.87, 1419718, 262, 368, 0
4046, 13, 495, 496, 1, 1, 64.37%, 14, 0, 6, 488.63, 1422316, 262, 368, 0
4051, 13, 469, 496, 0, 0, 64.37%, 14, 0, 6, 451.45, 1424536, 262, 373, 0
4057, 13, 485, 496, 0, 0, 64.37%, 14, 0, 6, 462.85, 1426894, 262, 373, 0
4062, 13, 145, 496, 0, 0, 64.37%, 14, 0, 6, 445.82, 1428998, 262, 374, 0
4067, 13, 159, 496, 0, 0, 64.37%, 14, 0, 6, 452.87, 1431219, 262, 374, 0
4072, 13, 107, 496, 0, 0, 64.37%, 14, 0, 6, 438.39, 1433430, 262, 374, 0
4077, 13, 495, 496, 0, 0, 64.37%, 14, 0, 6, 458.34, 1435705, 262, 375, 0
4082, 13, 342, 496, 0, 0, 64.37%, 14, 0, 6, 427.88, 1437892, 262, 375, 0
4087, 13, 324, 497, 1, 0, 64.37%, 14, 0, 6, 421.48, 1440030, 262, 375, 0
4092, 13, 141, 497, 1, 0, 64.37%, 14, 0, 6, 445.35, 1442347, 262, 375, 0
4097, 13, 466, 497, 1, 0, 64.37%, 14, 0, 6, 421.00, 1444449, 262, 375, 0
4102, 13, 44, 497, 1, 0, 64.37%, 14, 0, 6, 436.36, 1446685, 262, 375, 0
4107, 13, 141, 497, 1, 0, 64.37%, 14, 0, 6, 422.13, 1448831, 262, 375, 0
4112, 13, 83, 497, 1, 0, 64.37%, 14, 0, 6, 467.88, 1451289, 262, 377, 0
4117, 13, 277, 497, 1, 0, 64.37%, 14, 0, 6, 430.07, 1453486, 262, 377, 0
4122, 13, 237, 497, 1, 0, 64.37%, 14, 0, 6, 454.02, 1455860, 262, 379, 0
4127, 13, 483, 497, 1, 0, 64.37%, 14, 0, 6, 443.86, 1458046, 262, 379, 0
4133, 13, 91, 497, 1, 0, 64.37%, 14, 0, 6, 452.10, 1460356, 262, 379, 0
4138, 13, 239, 497, 1, 0, 64.37%, 14, 0, 6, 421.80, 1462488, 262, 381, 0
4143, 13, 358, 497, 1, 0, 64.37%, 14, 0, 6, 431.69, 1464659, 262, 384, 0
4148, 13, 262, 497, 1, 0, 64.37%, 14, 0, 6, 454.77, 1466995, 262, 384, 0
4153, 13, 107, 497, 1, 0, 64.37%, 14, 0, 6, 443.48, 1469199, 262, 384, 0
4158, 13, 495, 497, 1, 0, 64.37%, 14, 0, 6, 450.14, 1471475, 262, 384, 0
4163, 13, 64, 497, 1, 0, 64.37%, 14, 0, 6, 436.42, 1473643, 262, 384, 0
4168, 13, 476, 497, 1, 0, 64.37%, 14, 0, 6, 431.54, 1475785, 262, 384, 0
4173, 14, 483, 498, 2, 0, 64.37%, 14, 0, 6, 456.36, 1478145, 262, 386, 0
4178, 14, 497, 499, 3, 0, 64.37%, 14, 0, 6, 461.93, 1480507, 262, 388, 0
4183, 14, 225, 499, 2, 0, 64.37%, 14, 0, 6, 457.34, 1482835, 262, 389, 0
4188, 14, 262, 499, 2, 0, 64.37%, 14, 0, 6, 444.60, 1485097, 262, 390, 0
4194, 14, 278, 499, 2, 0, 64.37%, 14, 0, 6, 426.53, 1487275, 262, 390, 0
4199, 14, 233, 499, 2, 0, 64.37%, 14, 0, 6, 442.53, 1489565, 262, 390, 0
4204, 14, 347, 499, 2, 0, 64.37%, 14, 0, 6, 432.41, 1491752, 262, 390, 0
4209, 14, 498, 499, 2, 0, 64.37%, 14, 0, 6, 440.62, 1493982, 262, 394, 0
4214, 14, 381, 499, 1, 0, 64.37%, 14, 0, 6, 445.48, 1496179, 262, 397, 0
4219, 14, 467, 499, 1, 0, 64.37%, 14, 0, 6, 479.31, 1498646, 262, 397, 0
4224, 14, 455, 499, 1, 0, 64.37%, 14, 0, 6, 429.46, 1500784, 262, 401, 0
4229, 14, 442, 499, 1, 0, 64.37%, 14, 0, 6, 447.54, 1503103, 262, 401, 0
4234, 14, 258, 499, 1, 0, 64.37%, 14, 0, 6, 442.06, 1505348, 262, 401, 0
4239, 14, 474, 499, 1, 0, 64.37%, 14, 0, 6, 441.64, 1507568, 262, 404, 0
4244, 14, 211, 499, 1, 0, 64.37%, 14, 0, 6, 434.16, 1509801, 262, 404, 0
4249, 14, 64, 499, 1, 0, 64.37%, 14, 0, 6, 446.54, 1512035, 262, 405, 0
4254, 14, 470, 499, 1, 0, 64.37%, 14, 0, 6, 428.99, 1514209, 262, 405, 0
4259, 14, 385, 499, 1, 0, 64.37%, 14, 0, 6, 460.78, 1516571, 262, 406, 0
4264, 14, 439, 499, 1, 0, 64.37%, 14, 0, 6, 458.39, 1518901, 262, 407, 0
4269, 14, 331, 499, 1, 0, 64.37%, 14, 0, 6, 457.51, 1521157, 262, 407, 0
4275, 14, 477, 499, 1, 0, 64.37%, 14, 0, 6, 460.92, 1523549, 262, 407, 0
4280, 14, 277, 499, 1, 0, 64.37%, 14, 0, 6, 434.75, 1525723, 262, 407, 0
4285, 14, 234, 499, 1, 0, 64.37%, 14, 0, 6, 428.62, 1527878, 262, 407, 0
4290, 14, 262, 499, 1, 0, 64.37%, 14, 0, 6, 413.17, 1529941, 262, 407, 0
4295, 14, 34, 499, 0, 0, 64.37%, 14, 0, 6, 430.83, 1532136, 262, 407, 0
4300, 14, 482, 499, 0, 0, 64.37%, 14, 0, 6, 428.30, 1534311, 262, 408, 0
4305, 14, 289, 499, 0, 0, 64.37%, 14, 0, 6, 435.21, 1536527, 262, 412, 0
4310, 14, 109, 499, 0, 0, 64.37%, 14, 0, 6, 432.95, 1538707, 262, 412, 0
4315, 14, 347, 499, 0, 0, 64.37%, 14, 0, 6, 445.63, 1540960, 262, 412, 0
4320, 14, 483, 499, 0, 0, 64.37%, 14, 0, 6, 450.22, 1543212, 262, 412, 0
4325, 14, 0, 499, 0, 0, 64.37%, 14, 0, 6, 446.36, 1545576, 262, 412, 0
4331, 14, 26, 502, 3, 0, 64.62%, 14, 0, 6, 462.29, 1547987, 263, 414, 0
4336, 15, 28, 502, 2, 0, 64.62%, 14, 0, 6, 478.81, 1550464, 263, 414, 0
4341, 15, 191, 502, 2, 0, 64.62%, 14, 0, 6, 476.11, 1552806, 263, 415, 0
4346, 15, 502, 503, 2, 1, 64.62%, 14, 0, 6, 474.69, 1555153, 263, 415, 0
4351, 15, 277, 503, 1, 0, 64.62%, 14, 0, 6, 463.06, 1557464, 263, 416, 0
4356, 15, 307, 503, 1, 0, 64.62%, 14, 0, 6, 450.88, 1559739, 263, 418, 0
4361, 15, 500, 503, 1, 0, 64.62%, 14, 0, 6, 450.88, 1562038, 263, 423, 0
4366, 15, 499, 503, 1, 0, 64.62%, 14, 0, 6, 450.45, 1564370, 263, 426, 0
4371, 15, 157, 503, 0, 0, 64.62%, 14, 0, 6, 436.39, 1566525, 263, 426, 0
4376, 15, 140, 503, 0, 0, 64.62%, 14, 0, 6, 451.60, 1568806, 263, 428, 0
4381, 15, 34, 503, 0, 0, 64.62%, 14, 0, 6, 449.72, 1571066, 263, 428, 0
4386, 15, 260, 503, 0, 0, 64.62%, 14, 0, 6, 417.00, 1573181, 263, 433, 0
4391, 15, 234, 503, 0, 0, 64.62%, 14, 0, 6, 420.70, 1575350, 263, 433, 0
4396, 15, 234, 503, 0, 0, 64.62%, 14, 0, 6, 430.96, 1577542, 263, 433, 0
4401, 15, 89, 503, 0, 0, 64.62%, 14, 0, 6, 435.31, 1579745, 263, 433, 0
4406, 15, 262, 503, 0, 0, 64.62%, 14, 0, 6, 444.88, 1582012, 263, 433, 0
4411, 15, 35, 503, 0, 0, 64.62%, 14, 0, 6, 454.97, 1584282, 263, 433, 0
4416, 15, 277, 503, 0, 0, 64.62%, 14, 0, 6, 447.12, 1586466, 263, 436, 0
4421, 15, 277, 503, 0, 0, 64.62%, 14, 0, 6, 421.74, 1588552, 263, 436, 0
4427, 15, 482, 503, 0, 0, 64.62%, 14, 0, 6, 448.69, 1590813, 263, 436, 0
4432, 15, 69, 503, 0, 0, 64.62%, 14, 0, 6, 455.69, 1593214, 263, 439, 0
4437, 15, 502, 503, 0, 0, 64.62%, 14, 0, 6, 456.26, 1595432, 263, 441, 0
4442, 15, 307, 503, 0, 0, 64.62%, 14, 0, 6, 441.74, 1597671, 263, 444, 0
4447, 15, 34, 503, 0, 0, 64.62%, 14, 0, 6, 431.18, 1599874, 263, 444, 0
4452, 15, 297, 503, 0, 0, 64.62%, 14, 0, 6, 440.62, 1602101, 263, 444, 0
4457, 15, 15, 503, 0, 0, 64.62%, 14, 0, 6, 445.60, 1604284, 263, 444, 0
4462, 15, 476, 503, 0, 0, 64.62%, 14, 0, 6, 442.71, 1606493, 263, 444, 0
4467, 15, 145, 503, 0, 0, 64.62%, 14, 0, 6, 453.79, 1608788, 263, 446, 0
4472, 15, 495, 504, 1, 0, 64.62%, 14, 0, 6, 446.68, 1611031, 263, 447, 0
4477, 15, 491, 504, 0, 0, 64.62%, 14, 0, 6, 433.44, 1613180, 263, 451, 0
4482, 15, 262, 504, 0, 0, 64.62%, 14, 0, 6, 432.12, 1615381, 263, 454, 0
4487, 15, 475, 504, 0, 0, 64.62%, 14, 0, 6, 431.99, 1617584, 263, 454, 0
4492, 15, 421, 504, 0, 0, 64.62%, 14, 0, 6, 454.26, 1619897, 263, 456, 0
4497, 15, 331, 504, 0, 0, 64.62%, 14, 0, 6, 452.68, 1622160, 263, 457, 0
4502, 15, 280, 504, 0, 0, 64.62%, 14, 0, 6, 455.86, 1624479, 263, 457, 0
4508, 15, 225, 504, 0, 0, 64.62%, 14, 0, 6, 427.49, 1626708, 263, 457, 0
4513, 16, 467, 505, 1, 0, 64.62%, 14, 0, 6, 436.85, 1628946, 263, 462, 0
4518, 16, 16, 505, 1, 0, 64.62%, 14, 0, 6, 469.84, 1631439, 263, 462, 0
4523, 16, 85, 505, 1, 0, 64.62%, 14, 0, 6, 443.01, 1633663, 263, 462, 0
4528, 16, 107, 505, 1, 0, 64.62%, 14, 0, 6, 436.88, 1635860, 263, 462, 0
4533, 16, 500, 505, 1, 0, 64.62%, 14, 0, 6, 426.86, 1638061, 263, 469, 0
4538, 16, 288, 505, 1, 0, 64.62%, 14, 0, 6, 424.38, 1640274, 263, 469, 0
4543, 16, 466, 505, 1, 0, 64.62%, 14, 0, 6, 443.46, 1642543, 263, 469, 0
4548, 16, 277, 505, 1, 0, 64.62%, 14, 0, 6, 462.80, 1644887, 263, 470, 0
4553, 16, 163, 505, 1, 0, 64.62%, 14, 0, 6, 475.16, 1647270, 263, 470, 0
4558, 16, 333, 505, 1, 0, 64.62%, 14, 0, 6, 430.87, 1649389, 263, 470, 0
4563, 16, 301, 505, 1, 0, 64.62%, 14, 0, 6, 437.44, 1651591, 263, 472, 0
4568, 16, 91, 505, 1, 0, 64.62%, 14, 0, 6, 420.27, 1653725, 263, 472, 0
4573, 16, 469, 505, 1, 0, 64.62%, 14, 0, 6, 430.13, 1655865, 263, 472, 0
4579, 16, 107, 505, 1, 0, 64.62%, 14, 0, 6, 467.84, 1658386, 263, 472, 0
4584, 16, 126, 505, 1, 0, 64.62%, 14, 0, 6, 464.23, 1660668, 263, 472, 0
4589, 16, 491, 505, 1, 0, 64.62%, 14, 0, 6, 481.14, 1663037, 263, 475, 0
4594, 16, 286, 505, 1, 0, 64.62%, 14, 0, 6, 419.28, 1665132, 263, 476, 0
4599, 16, 341, 505, 1, 0, 64.62%, 14, 0, 6, 460.50, 1667478, 263, 476, 0
4604, 16, 402, 505, 1, 0, 64.62%, 14, 0, 6, 417.18, 1669536, 263, 480, 0
4609, 16, 262, 505, 1, 0, 64.62%, 14, 0, 6, 420.76, 1671621, 263, 480, 0
4614, 16, 107, 505, 1, 0, 64.62%, 14, 0, 6, 439.28, 1673926, 263, 482, 0
4619, 16, 302, 505, 1, 0, 64.62%, 14, 0, 6, 440.99, 1676150, 263, 482, 0
4624, 16, 483, 505, 1, 0, 64.62%, 14, 0, 6, 451.33, 1678436, 263, 482, 0
4629, 16, 495, 505, 1, 0, 64.62%, 14, 0, 6, 476.20, 1680925, 263, 487, 0
4634, 16, 476, 505, 1, 0, 64.62%, 14, 0, 6, 445.45, 1683113, 263, 487, 0
4639, 16, 277, 505, 1, 0, 64.62%, 14, 0, 6, 464.26, 1685555, 263, 489, 0
4645, 16, 504, 505, 1, 0, 64.62%, 14, 0, 6, 448.05, 1687855, 263, 489, 0
4650, 16, 35, 505, 0, 0, 64.62%, 14, 0, 6, 437.38, 1690048, 263, 491, 0
4655, 16, 493, 505, 0, 0, 64.62%, 14, 0, 6, 434.91, 1692305, 263, 491, 0
4660, 16, 127, 505, 0, 0, 64.62%, 14, 0, 6, 454.18, 1694700, 263, 491, 0
4665, 16, 455, 505, 0, 0, 64.62%, 14, 0, 6, 470.73, 1697180, 263, 491, 0
4670, 16, 239, 505, 0, 0, 64.62%, 14, 0, 6, 442.82, 1699430, 263, 498, 0
4675, 17, 446, 505, 0, 0, 64.62%, 14, 0, 6, 461.87, 1701723, 263, 498, 0
4680, 17, 141, 505, 0, 0, 64.62%, 14, 0, 6, 450.52, 1703964, 263, 498, 0
4686, 17, 491, 505, 0, 0, 64.62%, 14, 0, 6, 455.59, 1706301, 263, 501, 0
4691, 17, 400, 505, 0, 0, 64.62%, 14, 0, 6, 425.30, 1708423, 263, 504, 0
4696, 17, 502, 505, 0, 0, 64.62%, 14, 0, 6, 424.39, 1710624, 263, 504, 0
4701, 17, 12, 505, 0, 0, 64.62%, 14, 0, 6, 405.78, 1712613, 263, 504, 0
4706, 17, 140, 505, 0, 0, 64.62%, 14, 0, 6, 443.15, 1714952, 263, 504, 0
4711, 17, 287, 505, 0, 0, 64.62%, 14, 0, 6, 442.47, 1717148, 263, 504, 0
4716, 17, 476, 505, 0, 0, 64.62%, 14, 0, 6, 424.96, 1719319, 263, 508, 0
4721, 17, 477, 505, 0, 0, 64.62%, 14, 0, 6, 462.81, 1721783, 263, 510, 0
4726, 17, 141, 505, 0, 0, 64.62%, 14, 0, 6, 444.37, 1723989, 263, 510, 0
4731, 17, 491, 505, 0, 0, 64.62%, 14, 0, 6, 416.44, 1726001, 263, 510, 0
4737, 17, 64, 505, 0, 0, 64.62%, 14, 0, 6, 427.55, 1728215, 263, 510, 0
4742, 17, 481, 505, 0, 0, 64.62%, 14, 0, 6, 429.30, 1730369, 263, 510, 0
4747, 17, 466, 505, 0, 0, 64.62%, 14, 0, 6, 442.29, 1732597, 263, 510, 0
4752, 17, 338, 505, 0, 0, 64.62%, 14, 0, 6, 430.74, 1734751, 263, 511, 0
4757, 17, 89, 505, 0, 0, 64.62%, 14, 0, 6, 437.25, 1736893, 263, 517, 0
4762, 17, 389, 505, 0, 0, 64.62%, 14, 0, 6, 442.47, 1739112, 263, 518, 0
4767, 17, 262, 505, 0, 0, 64.62%, 14, 0, 6, 489.64, 1741599, 263, 524, 0
4772, 17, 91, 505, 0, 0, 64.62%, 14, 0, 6, 458.06, 1743869, 263, 527, 0
4777, 17, 262, 505, 0, 0, 64.62%, 14, 0, 6, 463.99, 1746252, 263, 527, 0
4782, 17, 12, 505, 0, 0, 64.62%, 14, 0, 6, 446.37, 1748474, 263, 528, 0
4787, 17, 504, 505, 0, 0, 64.62%, 14, 0, 6, 469.15, 1750893, 263, 528, 0
4792, 17, 491, 505, 0, 0, 64.62%, 14, 0, 6, 461.95, 1753244, 263, 529, 0
4797, 17, 34, 505, 0, 0, 64.62%, 14, 0, 6, 458.42, 1755543, 263, 532, 0
4802, 17, 343, 505, 0, 0, 64.62%, 14, 0, 6, 426.02, 1757641, 263, 534, 0
4807, 17, 348, 505, 0, 0, 64.62%, 14, 0, 6, 415.44, 1759779, 263, 534, 0
4812, 17, 198, 505, 0, 0, 64.62%, 14, 0, 6, 438.61, 1762052, 263, 534, 0
4817, 17, 482, 505, 0, 0, 64.62%, 14, 0, 6, 433.30, 1764262, 263, 534, 0
4823, 17, 502, 505, 0, 0, 64.62%, 14, 0, 6, 409.20, 1766340, 263, 535, 0
4828, 17, 495, 505, 0, 0, 64.62%, 14, 0, 6, 415.16, 1768468, 263, 535, 0
4833, 17, 14, 505, 0, 0, 64.62%, 14, 0, 6, 429.66, 1770668, 263, 535, 0
4838, 18, 471, 506, 1, 0, 64.62%, 14, 0, 6, 441.05, 1772946, 263, 535, 0
4843, 18, 0, 506, 1, 0, 64.62%, 14, 0, 6, 429.25, 1774989, 263, 535, 0
4848, 18, 262, 506, 1, 0, 64.62%, 14, 0, 6, 419.65, 1777153, 263, 535, 0
4853, 18, 23, 506, 1, 0, 64.62%, 14, 0, 6, 410.59, 1779186, 263, 535, 0
4858, 18, 140, 506, 1, 0, 64.62%, 14, 0, 6, 408.82, 1781283, 263, 537, 0
4863, 18, 130, 506, 1, 0, 64.62%, 14, 0, 6, 416.21, 1783409, 263, 538, 0
4868, 18, 141, 506, 1, 0, 64.62%, 14, 0, 6, 430.46, 1785612, 263, 538, 0
4873, 18, 277, 506, 0, 0, 64.62%, 14, 0, 6, 423.97, 1787760, 263, 538, 0
4879, 18, 466, 506, 0, 0, 64.62%, 14, 0, 6, 441.13, 1790006, 263, 538, 0
4884, 18, 145, 506, 0, 0, 64.62%, 14, 0, 6, 446.36, 1792263, 263, 539, 0
4889, 18, 12, 506, 0, 0, 64.62%, 14, 0, 6, 436.30, 1794451, 263, 539, 0
4894, 18, 28, 506, 0, 0, 64.62%, 14, 0, 6, 436.71, 1796691, 263, 540, 0
4899, 18, 491, 506, 0, 0, 64.62%, 14, 0, 6, 437.84, 1798926, 263, 542, 0
4904, 18, 26, 506, 0, 0, 64.62%, 14, 0, 6, 429.34, 1801080, 263, 542, 0
4909, 18, 466, 506, 0, 0, 64.62%, 14, 0, 6, 419.55, 1803193, 263, 542, 0
4914, 18, 477, 506, 0, 0, 64.62%, 14, 0, 6, 443.63, 1805493, 263, 544, 0
4919, 18, 44, 506, 0, 0, 64.62%, 14, 0, 6, 451.45, 1807853, 263, 545, 0
4924, 18, 211, 506, 0, 0, 64.62%, 14, 0, 6, 438.89, 1810077, 263, 545, 0
4930, 18, 281, 506, 0, 0, 64.62%, 14, 0, 6, 443.01, 1812298, 263, 549, 0
4935, 18, 203, 506, 0, 0, 64.62%, 14, 0, 6, 432.12, 1814509, 263, 551, 0
4940, 18, 234, 506, 0, 0, 64.62%, 14, 0, 6, 437.73, 1816778, 263, 557, 0
4945, 18, 145, 506, 0, 0, 64.62%, 14, 0, 6, 432.33, 1818897, 263, 557, 0
4950, 18, 107, 506, 0, 0, 64.62%, 14, 0, 6, 446.91, 1821244, 263, 560, 0
4955, 18, 470, 506, 0, 0, 64.62%, 14, 0, 6, 425.51, 1823330, 263, 560, 0
4960, 18, 12, 506, 0, 0, 64.62%, 14, 0, 6, 439.31, 1825512, 263, 560, 0
4965, 18, 481, 506, 0, 0, 64.62%, 14, 0, 6, 446.79, 1827800, 263, 560, 0
4970, 18, 225, 506, 0, 0, 64.62%, 14, 0, 6, 407.01, 1829850, 263, 560, 0
4975, 18, 500, 506, 0, 0, 64.62%, 14, 0, 6, 446.94, 1832143, 263, 560, 0
4980, 18, 34, 506, 0, 0, 64.62%, 14, 0, 6, 433.83, 1834376, 263, 560, 0
4985, 18, 493, 506, 0, 0, 64.62%, 14, 0, 6, 424.13, 1836516, 263, 560, 0
4990, 18, 83, 506, 0, 0, 64.62%, 14, 0, 6, 431.06, 1838748, 263, 562, 0
4995, 18, 89, 506, 0, 0, 64.62%, 14, 0, 6, 418.82, 1840832, 263, 564, 0
5001, 19, 277, 508, 2, 0, 64.62%, 14, 0, 6, 435.60, 1843004, 263, 564, 0
5006, 19, 311, 508, 2, 0, 64.62%, 14, 0, 6, 420.66, 1845151, 263, 564, 0
5011, 19, 3, 508, 2, 0, 64.62%, 14, 0, 6, 437.96, 1847372, 263, 565, 0
5016, 19, 307, 508, 2, 0, 64.62%, 14, 0, 6, 429.06, 1849578, 263, 565, 0
5021, 19, 141, 508, 2, 0, 64.62%, 14, 0, 6, 449.86, 1851827, 263, 566, 0
5026, 19, 485, 508, 2, 0, 64.62%, 14, 0, 6, 425.78, 1853950, 263, 568, 0
5031, 19, 353, 508, 2, 0, 64.62%, 14, 0, 6, 474.78, 1856371, 263, 568, 0
5036, 19, 10, 508, 2, 0, 64.62%, 14, 0, 6, 424.77, 1858503, 263, 568, 0
5041, 19, 176, 508, 2, 0, 64.62%, 14, 0, 6, 448.23, 1860828, 263, 568, 0
5046, 19, 3, 508, 2, 0, 64.62%, 14, 0, 6, 425.98, 1862979, 263, 569, 0
5052, 19, 506, 508, 2, 0, 64.62%, 14, 0, 6, 401.43, 1865031, 263, 569, 0
5057, 19, 15, 508, 1, 0, 64.62%, 14, 0, 6, 430.35, 1867242, 263, 569, 0
5062, 19, 87, 508, 1, 0, 64.62%, 14, 0, 6, 443.06, 1869464, 263, 569, 0
5067, 19, 400, 508, 0, 0, 64.62%, 14, 0, 6, 434.93, 1871709, 263, 570, 0
5072, 19, 221, 508, 0, 0, 64.62%, 14, 0, 6, 445.46, 1873991, 263, 570, 0
5077, 19, 34, 509, 1, 0, 64.62%, 14, 0, 6, 454.48, 1876381, 263, 572, 0
5082, 19, 400, 509, 1, 0, 64.62%, 14, 0, 6, 479.75, 1878864, 263, 572, 0
5087, 19, 508, 509, 1, 0, 64.62%, 14, 0, 6, 448.36, 1881102, 263, 572, 0
5092, 19, 291, 509, 0, 0, 64.62%, 14, 0, 6, 452.63, 1883462, 263, 573, 0
5097, 19, 0, 509, 0, 0, 64.62%, 14, 0, 6, 423.56, 1885568, 263, 573, 0
5103, 19, 34, 509, 0, 0, 64.62%, 14, 0, 6, 427.06, 1887795, 263, 577, 0
5108, 19, 262, 509, 0, 0, 64.62%, 14, 0, 6, 448.61, 1890130, 263, 577, 0
5113, 19, 262, 509, 0, 0, 64.62%, 14, 0, 6, 430.08, 1892321, 263, 578, 0
5118, 19, 34, 509, 0, 0, 64.62%, 14, 0, 6, 434.00, 1894438, 263, 581, 0
5123, 19, 211, 509, 0, 0, 64.62%, 14, 0, 6, 449.17, 1896742, 263, 581, 0
5128, 19, 312, 509, 0, 0, 64.62%, 14, 0, 6, 438.67, 1898943, 263, 581, 0
5133, 19, 165, 509, 0, 0, 64.62%, 14, 0, 6, 457.56, 1901223, 263, 582, 0
5138, 19, 332, 509, 0, 0, 64.62%, 14, 0, 6, 455.61, 1903489, 263, 584, 0
5143, 19, 232, 509, 0, 0, 64.62%, 14, 0, 6, 462.44, 1905738, 263, 586, 0
5148, 19, 125, 509, 0, 0, 64.62%, 14, 0, 6, 458.91, 1908080, 263, 588, 0
5153, 19, 505, 509, 0, 0, 64.62%, 14, 0, 6, 455.05, 1910438, 263, 588, 0
5158, 19, 35, 509, 0, 0, 64.62%, 14, 0, 6, 437.03, 1912586, 263, 588, 0
5163, 19, 491, 509, 0, 0, 64.62%, 14, 0, 6, 440.03, 1914792, 263, 594, 0
5168, 20, 277, 509, 0, 0, 64.62%, 14, 0, 6, 440.09, 1916982, 263, 596, 0
5173, 20, 130, 509, 0, 0, 64.62%, 14, 0, 6, 406.83, 1919032, 263, 596, 0
5178, 20, 0, 509, 0, 0, 64.62%, 14, 0, 6, 442.99, 1921346, 263, 596, 0
5183, 20, 3, 509, 0, 0, 64.62%, 14, 0, 6, 427.20, 1923482, 263, 596, 0
5188, 20, 466, 509, 0, 0, 64.62%, 14, 0, 6, 416.74, 1925540, 263, 596, 0
5194, 20, 34, 509, 0, 0, 64.62%, 14, 0, 6, 402.62, 1927612, 263, 597, 0
5199, 20, 481, 509, 0, 0, 64.62%, 14, 0, 6, 434.33, 1929898, 263, 599, 0
5204, 20, 34, 509, 0, 0, 64.62%, 14, 0, 6, 443.04, 1932072, 263, 603, 0
5209, 20, 239, 509, 0, 0, 64.62%, 14, 0, 6, 408.55, 1934074, 263, 605, 0
5214, 20, 307, 509, 0, 0, 64.62%, 14, 0, 6, 449.67, 1936336, 263, 606, 0
5219, 20, 3, 509, 0, 0, 64.62%, 14, 0, 6, 432.57, 1938459, 263, 606, 0
5224, 20, 145, 509, 0, 0, 64.62%, 14, 0, 6, 427.38, 1940628, 263, 609, 0
5229, 20, 471, 509, 0, 0, 64.62%, 14, 0, 6, 450.20, 1942997, 263, 611, 0
5234, 20, 308, 509, 0, 0, 64.62%, 14, 0, 6, 444.53, 1945265, 263, 611, 0
5239, 20, 446, 509, 0, 0, 64.62%, 14, 0, 6, 436.51, 1947480, 263, 612, 0
5244, 20, 37, 509, 0, 0, 64.62%, 14, 0, 6, 409.36, 1949581, 263, 612, 0
5249, 20, 287, 509, 0, 0, 64.62%, 14, 0, 6, 449.11, 1951882, 263, 613, 0
5254, 20, 107, 509, 0, 0, 64.62%, 14, 0, 6, 443.70, 1954117, 263, 614, 0
5259, 20, 331, 509, 0, 0, 64.62%, 14, 0, 6, 444.75, 1956348, 263, 614, 0
5265, 20, 474, 509, 0, 0, 64.62%, 14, 0, 6, 441.19, 1958696, 263, 614, 0
5270, 20, 225, 509, 0, 0, 64.62%, 14, 0, 6, 448.80, 1960952, 263, 614, 0
5275, 20, 141, 509, 0, 0, 64.62%, 14, 0, 6, 427.49, 1963077, 263, 614, 0
5280, 20, 470, 509, 0, 0, 64.62%, 14, 0, 6, 415.02, 1965165, 263, 614, 0
5285, 20, 483, 509, 0, 0, 64.62%, 14, 0, 6, 421.19, 1967314, 263, 615, 0
5290, 20, 338, 509, 0, 0, 64.62%, 14, 0, 6, 443.29, 1969655, 263, 618, 0
5295, 20, 130, 509, 0, 0, 64.62%, 14, 0, 6, 428.38, 1971777, 263, 618, 0
5300, 20, 400, 509, 0, 0, 64.62%, 14, 0, 6, 428.68, 1974000, 263, 622, 0
5305, 20, 26, 509, 0, 0, 64.62%, 14, 0, 6, 428.09, 1976163, 263, 622, 0
5310, 20, 44, 509, 0, 0, 64.62%, 14, 0, 6, 444.41, 1978402, 263, 622, 0
5315, 20, 280, 509, 0, 0, 64.62%, 14, 0, 6, 421.37, 1980496, 263, 622, 0
5320, 20, 383, 509, 0, 0, 64.62%, 14, 0, 6, 437.57, 1982694, 263, 622, 0
5325, 20, 297, 509, 0, 0, 64.62%, 14, 0, 6, 444.32, 1984931, 263, 622, 0
5330, 21, 481, 509, 0, 0, 64.62%, 14, 0, 6, 429.43, 1987070, 263, 622, 0
5336, 21, 448, 509, 0, 0, 64.62%, 14, 0, 6, 419.62, 1989222, 263, 623, 0
5341, 21, 338, 509, 0, 0, 64.62%, 14, 0, 6, 429.53, 1991342, 263, 623, 0
5346, 21, 491, 509, 0, 0, 64.62%, 14, 0, 6, 439.15, 1993562, 263, 624, 0
5351, 21, 482, 509, 0, 0, 64.62%, 14, 0, 6, 434.50, 1995754, 263, 624, 0
5356, 21, 474, 509, 0, 0, 64.62%, 14, 0, 6, 421.49, 1997934, 263, 624, 0
5361, 21, 89, 509, 0, 0, 64.62%, 14, 0, 6, 433.33, 2000233, 263, 624, 0
5366, 21, 64, 509, 0, 0, 64.62%, 14, 0, 6, 433.37, 2002399, 263, 625, 0
5371, 21, 491, 509, 0, 0, 64.62%, 14, 0, 6, 442.10, 2004666, 263, 630, 0
5376, 21, 171, 509, 0, 0, 64.62%, 14, 0, 6, 448.47, 2006867, 263, 630, 0
5381, 21, 239, 509, 0, 0, 64.62%, 14, 0, 6, 439.12, 2009076, 263, 632, 0
5386, 21, 44, 509, 0, 0, 64.62%, 14, 0, 6, 447.93, 2011310, 263, 637, 0
5391, 21, 508, 509, 0, 0, 64.62%, 14, 0, 6, 493.89, 2013887, 263, 638, 0
5396, 21, 238, 509, 0, 0, 64.62%, 14, 0, 6, 451.78, 2016088, 263, 638, 0
5400, 21, 211, 509, 0, 0, 64.62%, 14, 0, 6, 446.80, 2017820, 263, 638, 0
