# relative_time, cycles_done, cur_item, corpus_count, pending_total, pending_favs, map_size, saved_crashes, saved_hangs, max_depth, execs_per_sec, total_execs, edges_found, total_crashes, servers_count
61, 0, 28, 112, 95, 16, 40.54%, 0, 0, 3, 420.06, 26483, 165, 0, 0
66, 0, 28, 117, 100, 16, 40.54%, 0, 0, 3, 458.60, 28802, 165, 0, 0
71, 0, 28, 119, 102, 16, 40.54%, 0, 0, 3, 440.74, 30951, 165, 0, 0
76, 0, 28, 121, 104, 16, 40.79%, 0, 0, 3, 433.24, 33125, 166, 0, 0
81, 0, 28, 125, 108, 16, 41.77%, 0, 0, 3, 461.77, 35531, 170, 0, 0
86, 0, 28, 125, 108, 16, 41.77%, 0, 0, 3, 432.65, 37643, 170, 0, 0
91, 0, 28, 127, 110, 16, 41.77%, 0, 0, 3, 439.59, 39849, 170, 0, 0
96, 0, 28, 129, 112, 16, 41.77%, 0, 0, 3, 409.80, 41815, 170, 0, 0
101, 0, 28, 133, 116, 16, 41.77%, 0, 0, 3, 445.94, 44203, 170, 0, 0
106, 0, 28, 136, 119, 16, 41.77%, 0, 0, 3, 440.94, 46464, 170, 0, 0
111, 0, 28, 136, 119, 16, 41.77%, 0, 0, 3, 441.87, 48800, 170, 0, 0
117, 0, 28, 137, 120, 16, 41.77%, 0, 0, 3, 429.00, 50951, 170, 0, 0
122, 0, 28, 140, 123, 16, 42.01%, 0, 0, 3, 454.36, 53268, 171, 0, 0
127, 0, 48, 142, 121, 15, 42.01%, 0, 0, 3, 440.34, 55494, 171, 0, 0
132, 0, 71, 148, 125, 15, 42.01%, 0, 0, 3, 424.51, 57613, 171, 0, 0
137, 0, 71, 150, 127, 15, 42.01%, 0, 0, 3, 422.47, 59772, 171, 0, 0
142, 0, 71, 150, 127, 15, 42.01%, 0, 0, 3, 416.83, 61844, 171, 0, 0
147, 0, 71, 151, 128, 15, 42.01%, 0, 0, 3, 461.52, 64261, 171, 0, 0
152, 0, 71, 152, 129, 15, 42.01%, 0, 0, 3, 428.78, 66410, 171, 0, 0
157, 0, 71, 153, 130, 15, 42.01%, 0, 0, 3, 451.19, 68694, 171, 0, 0
162, 0, 85, 154, 128, 13, 42.01%, 0, 0, 3, 434.15, 70900, 171, 0, 0
167, 0, 89, 156, 128, 11, 42.26%, 0, 0, 4, 481.22, 73416, 172, 0, 0
172, 0, 92, 178, 148, 12, 42.51%, 0, 0, 4, 447.05, 75725, 173, 0, 0
178, 0, 92, 198, 168, 12, 42.51%, 0, 0, 4, 432.03, 78008, 173, 0, 0
183, 0, 92, 203, 173, 12, 42.51%, 0, 0, 4, 439.07, 80243, 173, 0, 0
188, 0, 92, 207, 177, 12, 42.51%, 0, 0, 4, 429.25, 82423, 173, 0, 0
193, 0, 92, 210, 180, 12, 42.51%, 0, 0, 4, 441.57, 84620, 173, 0, 0
198, 0, 119, 216, 183, 10, 42.51%, 0, 0, 4, 432.19, 86826, 173, 0, 0
203, 0, 119, 220, 187, 10, 42.51%, 0, 0, 4, 422.10, 89004, 173, 0, 0
208, 0, 119, 222, 189, 10, 42.51%, 0, 0, 4, 450.33, 91344, 173, 0, 0
213, 0, 119, 223, 190, 10, 42.51%, 0, 0, 4, 453.03, 93646, 173, 0, 0
218, 0, 119, 225, 192, 10, 42.51%, 0, 0, 4, 461.90, 95910, 173, 0, 0
223, 0, 119, 225, 192, 10, 42.51%, 0, 0, 4, 450.96, 98151, 173, 0, 0
228, 0, 119, 226, 193, 10, 42.51%, 0, 0, 4, 474.56, 100543, 173, 0, 0
234, 0, 119, 227, 194, 10, 42.51%, 0, 0, 4, 457.66, 102908, 173, 0, 0
239, 0, 119, 228, 195, 10, 42.51%, 0, 0, 4, 426.49, 105140, 173, 0, 0
244, 0, 119, 228, 195, 10, 42.51%, 0, 0, 4, 389.38, 107104, 173, 0, 0
249, 0, 119, 229, 196, 10, 42.51%, 0, 0, 4, 449.25, 109427, 173, 0, 0
254, 0, 119, 229, 196, 10, 42.51%, 0, 0, 4, 466.17, 111778, 173, 0, 0
259, 0, 119, 229, 196, 10, 42.51%, 0, 0, 4, 428.30, 113867, 173, 0, 0
264, 0, 155, 231, 192, 7, 42.51%, 0, 0, 4, 470.36, 116259, 173, 0, 0
269, 0, 184, 235, 194, 5, 42.51%, 0, 0, 5, 445.91, 118505, 173, 0, 0
274, 0, 184, 237, 196, 5, 42.51%, 0, 0, 5, 440.51, 120671, 173, 0, 0
279, 0, 184, 239, 198, 5, 42.51%, 0, 0, 5, 403.62, 122789, 173, 0, 0
284, 0, 184, 241, 200, 5, 42.51%, 0, 0, 5, 423.57, 124907, 173, 0, 0
289, 0, 203, 242, 200, 4, 42.51%, 0, 0, 5, 421.95, 127042, 173, 0, 0
295, 1, 24, 242, 193, 0, 42.51%, 0, 0, 5, 396.48, 129058, 173, 0, 0
300, 1, 96, 242, 182, 0, 42.51%, 0, 0, 5, 399.09, 131151, 173, 0, 0
305, 1, 245, 247, 180, 2, 43.24%, 0, 0, 5, 412.82, 133212, 176, 0, 0
310, 1, 245, 254, 187, 2, 43.24%, 0, 0, 5, 418.25, 135397, 176, 0, 0
315, 1, 245, 259, 192, 2, 43.24%, 0, 0, 5, 410.77, 137464, 176, 0, 0
320, 1, 245, 261, 194, 2, 43.24%, 0, 0, 5, 398.37, 139510, 176, 0, 0
325, 1, 245, 263, 196, 2, 43.24%, 0, 0, 5, 404.03, 141583, 176, 0, 0
330, 1, 245, 263, 196, 2, 43.24%, 0, 0, 5, 437.75, 143772, 176, 0, 0
335, 1, 245, 265, 198, 2, 43.24%, 0, 0, 5, 425.65, 145938, 176, 0, 0
340, 1, 264, 267, 198, 1, 43.24%, 0, 0, 5, 418.10, 148032, 176, 0, 0
346, 2, 268, 372, 301, 16, 56.76%, 0, 0, 5, 459.91, 150461, 231, 0, 0
351, 2, 284, 377, 301, 11, 56.76%, 0, 0, 5, 402.26, 152454, 231, 0, 0
356, 2, 310, 379, 301, 9, 56.76%, 0, 0, 5, 436.59, 154622, 231, 0, 0
361, 2, 310, 383, 305, 9, 56.76%, 0, 0, 5, 433.38, 156772, 231, 0, 0
366, 2, 310, 383, 305, 9, 56.76%, 0, 0, 5, 407.48, 158837, 231, 0, 0
371, 2, 310, 383, 305, 9, 56.76%, 0, 0, 5, 413.37, 160957, 231, 0, 0
376, 2, 335, 383, 303, 7, 56.76%, 0, 0, 5, 417.91, 163076, 231, 0, 0
381, 2, 362, 385, 301, 3, 56.76%, 0, 0, 5, 449.19, 165400, 231, 0, 0
386, 2, 371, 389, 303, 5, 57.74%, 0, 0, 5, 444.24, 167752, 235, 0, 0
392, 2, 388, 390, 300, 1, 57.99%, 0, 0, 5, 424.53, 169877, 236, 0, 0
397, 3, 227, 395, 299, 2, 58.48%, 0, 0, 5, 431.22, 172063, 238, 0, 0
402, 3, 390, 395, 297, 2, 58.48%, 0, 0, 5, 404.86, 174155, 238, 0, 0
407, 4, 29, 396, 295, 0, 58.48%, 0, 0, 5, 444.65, 176348, 238, 0, 0
412, 4, 93, 397, 284, 0, 58.48%, 0, 0, 5, 405.59, 178388, 238, 0, 0
417, 4, 156, 397, 275, 0, 58.48%, 0, 0, 5, 398.22, 180393, 238, 0, 0
422, 4, 183, 397, 267, 0, 58.48%, 0, 0, 5, 410.84, 182455, 238, 0, 0
427, 4, 213, 398, 260, 0, 58.48%, 0, 0, 5, 408.03, 184508, 238, 0, 0
432, 4, 251, 398, 255, 0, 58.48%, 0, 0, 5, 414.88, 186706, 238, 0, 0
437, 4, 263, 398, 251, 0, 58.48%, 0, 0, 5, 427.25, 188898, 238, 0, 0
442, 4, 280, 399, 246, 0, 58.48%, 0, 0, 5, 418.13, 191029, 238, 0, 0
447, 4, 313, 399, 240, 0, 58.48%, 0, 0, 5, 422.15, 193115, 238, 0, 0
452, 4, 344, 401, 235, 0, 58.48%, 0, 0, 5, 399.71, 195113, 238, 0, 0
458, 4, 370, 404, 234, 0, 58.48%, 0, 0, 5, 440.38, 197318, 238, 0, 0
463, 4, 370, 406, 236, 0, 58.48%, 0, 0, 5, 428.14, 199452, 238, 0, 0
468, 4, 373, 407, 236, 0, 58.48%, 0, 0, 5, 445.66, 201659, 238, 0, 0
473, 4, 373, 412, 241, 0, 58.48%, 0, 0, 5, 421.00, 203710, 238, 0, 0
478, 4, 373, 414, 243, 0, 58.48%, 0, 0, 5, 425.60, 205756, 238, 0, 0
483, 4, 373, 414, 243, 0, 58.48%, 0, 0, 5, 425.64, 207956, 238, 0, 0
488, 4, 373, 416, 245, 0, 58.48%, 0, 0, 5, 426.33, 210098, 238, 0, 0
493, 4, 373, 416, 245, 0, 58.48%, 0, 0, 5, 421.69, 212187, 238, 0, 0
498, 4, 410, 416, 244, 1, 58.48%, 0, 0, 5, 444.70, 214475, 238, 0, 0
503, 5, 418, 423, 248, 1, 58.48%, 0, 0, 5, 426.80, 216611, 238, 0, 0
508, 6, 42, 423, 242, 0, 58.48%, 0, 0, 5, 439.79, 218782, 238, 0, 0
513, 6, 154, 423, 229, 0, 58.48%, 0, 0, 5, 425.54, 220901, 238, 0, 0
518, 6, 184, 423, 224, 0, 58.48%, 0, 0, 5, 454.70, 223205, 238, 0, 0
523, 6, 221, 423, 217, 0, 58.48%, 0, 0, 5, 436.33, 225502, 238, 0, 0
528, 6, 248, 423, 212, 0, 58.48%, 0, 0, 5, 422.06, 227736, 238, 0, 0
533, 6, 257, 423, 208, 0, 58.48%, 0, 0, 5, 412.56, 229800, 238, 0, 0
539, 6, 279, 423, 203, 0, 58.48%, 0, 0, 5, 425.71, 231981, 238, 0, 0
544, 6, 312, 424, 198, 0, 58.48%, 0, 0, 5, 421.01, 234143, 238, 0, 0
549, 6, 352, 424, 188, 0, 58.48%, 0, 0, 5, 436.97, 236369, 238, 0, 0
554, 6, 380, 426, 185, 0, 58.48%, 0, 0, 5, 418.39, 238513, 238, 0, 0
559, 6, 388, 427, 182, 0, 58.48%, 1, 0, 5, 405.00, 240550, 238, 1, 0
564, 6, 403, 427, 179, 0, 58.48%, 1, 0, 5, 411.96, 242652, 238, 1, 0
569, 6, 408, 432, 182, 0, 58.48%, 1, 0, 5, 403.98, 244727, 238, 1, 0
574, 6, 408, 433, 183, 0, 58.48%, 1, 0, 5, 409.09, 246814, 238, 1, 0
579, 6, 408, 433, 183, 0, 58.48%, 1, 0, 5, 406.08, 248918, 238, 1, 0
584, 6, 408, 433, 183, 0, 58.48%, 1, 0, 5, 406.09, 250982, 238, 1, 0
589, 6, 408, 434, 184, 0, 58.48%, 1, 0, 5, 408.43, 253077, 238, 1, 0
594, 6, 408, 434, 184, 0, 58.48%, 1, 0, 5, 418.52, 255189, 238, 1, 0
599, 6, 424, 434, 181, 0, 58.48%, 1, 0, 5, 431.52, 257357, 238, 1, 0
604, 6, 424, 437, 184, 0, 58.72%, 1, 0, 5, 394.45, 259311, 239, 1, 0
609, 6, 436, 437, 182, 0, 58.72%, 1, 0, 5, 370.69, 261115, 239, 1, 0
614, 7, 41, 447, 189, 0, 58.72%, 1, 0, 5, 425.28, 263211, 239, 2, 0
620, 7, 155, 447, 178, 0, 58.72%, 1, 0, 5, 411.88, 265328, 239, 2, 0
625, 7, 185, 448, 178, 0, 58.72%, 1, 0, 5, 411.39, 267455, 239, 2, 0
630, 7, 245, 448, 173, 0, 58.72%, 2, 0, 5, 427.73, 269576, 239, 3, 0
635, 7, 449, 450, 174, 1, 58.97%, 2, 0, 5, 451.39, 271897, 240, 3, 0
640, 7, 451, 452, 175, 1, 59.21%, 2, 0, 5, 389.12, 273858, 241, 3, 0
645, 8, 457, 458, 177, 1, 59.46%, 2, 0, 5, 430.46, 276120, 242, 3, 0
650, 9, 96, 458, 172, 0, 59.46%, 2, 0, 5, 401.11, 278177, 242, 3, 0
655, 9, 184, 458, 163, 0, 59.46%, 3, 0, 5, 438.99, 280383, 242, 4, 0
660, 9, 247, 458, 158, 0, 59.46%, 3, 0, 5, 447.23, 282690, 242, 4, 0
665, 9, 266, 458, 157, 0, 59.46%, 3, 0, 5, 435.55, 284906, 242, 4, 0
671, 9, 338, 458, 151, 0, 59.46%, 3, 0, 5, 425.88, 287316, 242, 4, 0
676, 9, 388, 459, 146, 0, 59.46%, 3, 0, 5, 430.45, 289477, 242, 4, 0
681, 9, 433, 460, 142, 0, 59.46%, 3, 0, 5, 412.08, 291551, 242, 4, 0
686, 9, 453, 460, 141, 0, 59.46%, 3, 0, 5, 406.37, 293525, 242, 4, 0
691, 9, 459, 462, 141, 0, 59.71%, 3, 0, 6, 405.31, 295570, 243, 4, 0
696, 9, 461, 462, 140, 1, 59.71%, 3, 0, 6, 393.40, 297543, 243, 4, 0
701, 9, 461, 463, 141, 1, 59.71%, 3, 0, 7, 401.41, 299646, 243, 4, 0
706, 9, 462, 463, 140, 1, 59.71%, 3, 0, 7, 414.06, 301736, 243, 4, 0
711, 10, 90, 464, 134, 0, 59.71%, 3, 0, 7, 414.34, 303901, 243, 4, 0
716, 10, 184, 464, 129, 0, 59.71%, 3, 0, 7, 445.07, 306120, 243, 4, 0
721, 10, 246, 464, 121, 0, 59.71%, 3, 0, 7, 435.25, 308344, 243, 4, 0
726, 10, 298, 464, 119, 0, 59.71%, 3, 0, 7, 462.66, 310699, 243, 4, 0
731, 10, 367, 464, 113, 0, 59.71%, 3, 0, 7, 417.48, 312817, 243, 4, 0
737, 10, 406, 464, 110, 0, 59.71%, 3, 0, 7, 442.05, 315107, 243, 4, 0
742, 10, 422, 465, 108, 0, 59.71%, 3, 0, 7, 449.04, 317410, 243, 4, 0
747, 10, 430, 465, 105, 0, 59.71%, 3, 0, 7, 434.28, 319550, 243, 4, 0
752, 11, 17, 467, 105, 0, 59.95%, 3, 0, 7, 404.87, 321580, 244, 4, 0
757, 11, 144, 467, 99, 0, 59.95%, 4, 0, 7, 407.46, 323577, 244, 5, 0
762, 11, 186, 467, 97, 0, 59.95%, 4, 0, 7, 395.40, 325629, 244, 5, 0
767, 11, 243, 467, 94, 0, 59.95%, 4, 0, 7, 402.67, 327674, 244, 5, 0
772, 11, 292, 467, 94, 0, 59.95%, 4, 0, 7, 392.26, 329633, 244, 5, 0
777, 11, 378, 467, 90, 0, 59.95%, 4, 0, 7, 403.51, 331713, 244, 5, 0
782, 11, 428, 467, 89, 0, 59.95%, 4, 0, 7, 404.38, 333727, 244, 5, 0
788, 11, 440, 467, 86, 0, 59.95%, 4, 0, 7, 420.06, 335913, 244, 5, 0
793, 11, 452, 467, 84, 0, 59.95%, 4, 0, 7, 417.09, 338011, 244, 5, 0
798, 11, 465, 467, 81, 0, 59.95%, 4, 0, 7, 425.09, 340112, 244, 5, 0
803, 12, 470, 472, 84, 2, 60.93%, 4, 0, 7, 422.45, 342233, 248, 5, 0
808, 13, 34, 473, 82, 0, 60.93%, 4, 0, 7, 427.73, 344398, 248, 5, 0
813, 13, 154, 473, 79, 0, 60.93%, 5, 0, 7, 417.55, 346544, 248, 6, 0
818, 13, 214, 473, 77, 0, 60.93%, 5, 0, 7, 467.98, 348977, 248, 6, 0
823, 13, 252, 473, 76, 0, 60.93%, 5, 0, 7, 507.27, 351516, 248, 6, 0
828, 13, 299, 473, 73, 0, 60.93%, 5, 0, 7, 446.23, 353696, 248, 6, 0
833, 13, 392, 473, 70, 0, 60.93%, 5, 0, 7, 429.44, 355870, 248, 6, 0
838, 13, 436, 473, 66, 0, 60.93%, 5, 0, 7, 436.46, 358142, 248, 6, 0
843, 13, 444, 474, 65, 0, 60.93%, 5, 0, 7, 415.91, 360257, 248, 6, 0
849, 13, 469, 474, 63, 0, 60.93%, 5, 0, 7, 405.45, 362287, 248, 6, 0
854, 14, 34, 475, 64, 0, 60.93%, 5, 0, 7, 436.53, 364540, 248, 6, 0
859, 14, 155, 475, 60, 0, 60.93%, 5, 0, 7, 422.59, 366661, 248, 6, 0
864, 14, 246, 475, 58, 0, 60.93%, 5, 0, 7, 422.90, 368747, 248, 6, 0
869, 14, 305, 475, 57, 0, 60.93%, 5, 0, 7, 429.86, 370931, 248, 6, 0
874, 14, 388, 475, 53, 0, 60.93%, 5, 0, 7, 373.86, 372821, 248, 6, 0
879, 14, 449, 475, 50, 0, 60.93%, 5, 0, 7, 396.95, 374749, 248, 6, 0
884, 15, 0, 476, 49, 0, 60.93%, 5, 0, 7, 440.89, 377051, 248, 6, 0
889, 15, 151, 476, 49, 0, 60.93%, 5, 0, 7, 433.27, 379375, 248, 6, 0
894, 15, 196, 476, 47, 0, 60.93%, 5, 0, 7, 444.03, 381575, 248, 6, 0
899, 15, 264, 476, 47, 0, 60.93%, 5, 0, 7, 428.29, 383733, 248, 6, 0
904, 15, 324, 476, 45, 0, 60.93%, 5, 0, 7, 424.45, 385854, 248, 6, 0
906, 15, 365, 476, 43, 0, 60.93%, 5, 0, 7, 433.64, 386715, 248, 6, 0
