# relative_time, cycles_done, cur_item, corpus_count, pending_total, pending_favs, map_size, saved_crashes, saved_hangs, max_depth, execs_per_sec, total_execs, edges_found, total_crashes, servers_count
61, 0, 8, 63, 56, 24, 33.66%, 0, 0, 2, 411.62, 26657, 137, 0, 0
66, 0, 8, 63, 56, 24, 33.66%, 0, 0, 2, 398.62, 28674, 137, 0, 0
71, 0, 8, 63, 56, 24, 33.66%, 0, 0, 2, 420.70, 30826, 137, 0, 0
76, 0, 8, 63, 56, 24, 33.66%, 0, 0, 2, 413.36, 32866, 137, 0, 0
81, 0, 8, 63, 56, 24, 33.66%, 0, 0, 2, 388.71, 34875, 137, 0, 0
86, 0, 8, 63, 56, 24, 33.66%, 0, 0, 2, 401.63, 36954, 137, 0, 0
91, 0, 8, 63, 56, 24, 33.66%, 0, 0, 2, 411.02, 39042, 137, 0, 0
96, 0, 8, 64, 57, 24, 33.91%, 0, 0, 2, 415.65, 41073, 138, 0, 0
101, 0, 8, 64, 57, 24, 33.91%, 0, 0, 2, 402.99, 43065, 138, 0, 0
106, 0, 8, 65, 58, 24, 34.89%, 0, 0, 2, 417.34, 45161, 142, 0, 0
111, 0, 8, 65, 58, 24, 34.89%, 0, 0, 2, 404.94, 47257, 142, 0, 0
117, 0, 8, 66, 59, 24, 34.89%, 0, 0, 2, 393.09, 49317, 142, 0, 0
122, 0, 18, 66, 50, 18, 34.89%, 0, 0, 2, 421.67, 51535, 142, 0, 0
127, 0, 20, 75, 58, 17, 34.89%, 0, 0, 2, 420.41, 53675, 142, 0, 0
132, 0, 20, 80, 63, 17, 35.38%, 0, 0, 2, 419.58, 55815, 144, 0, 0
137, 0, 20, 81, 64, 17, 35.38%, 0, 0, 2, 430.83, 58062, 144, 0, 0
142, 0, 20, 82, 65, 17, 35.38%, 0, 0, 2, 450.35, 60355, 144, 0, 0
147, 0, 20, 82, 65, 17, 35.38%, 0, 0, 2, 437.73, 62615, 144, 0, 0
152, 0, 20, 82, 65, 17, 35.38%, 0, 0, 2, 472.80, 65189, 144, 0, 0
157, 0, 20, 85, 68, 17, 35.38%, 0, 0, 2, 459.21, 67523, 144, 0, 0
162, 0, 20, 86, 69, 17, 35.38%, 0, 0, 2, 465.98, 69853, 144, 0, 0
168, 0, 20, 86, 69, 17, 35.38%, 0, 0, 2, 457.10, 72220, 144, 0, 0
173, 0, 20, 88, 71, 17, 35.38%, 0, 0, 2, 445.06, 74474, 144, 0, 0
178, 0, 20, 88, 71, 17, 35.38%, 0, 0, 2, 480.98, 77004, 144, 0, 0
183, 0, 20, 89, 72, 17, 35.38%, 0, 0, 2, 435.33, 79177, 144, 0, 0
188, 0, 20, 89, 72, 17, 35.38%, 0, 0, 2, 435.24, 81377, 144, 0, 0
193, 0, 20, 89, 72, 17, 35.38%, 0, 0, 2, 442.84, 83609, 144, 0, 0
198, 0, 20, 89, 72, 17, 35.38%, 0, 0, 2, 456.70, 85894, 144, 0, 0
203, 0, 20, 89, 72, 17, 35.38%, 0, 0, 2, 464.01, 88216, 144, 0, 0
208, 0, 20, 89, 72, 17, 35.38%, 0, 0, 2, 427.64, 90409, 144, 0, 0
213, 0, 24, 104, 85, 19, 35.87%, 0, 0, 2, 458.29, 92795, 146, 0, 0
218, 0, 24, 108, 89, 19, 35.87%, 0, 0, 2, 458.63, 95102, 146, 0, 0
223, 0, 24, 110, 91, 19, 35.87%, 0, 0, 2, 455.96, 97402, 146, 0, 0
228, 0, 24, 116, 97, 19, 35.87%, 0, 0, 2, 435.07, 99609, 146, 0, 0
234, 0, 24, 117, 98, 19, 35.87%, 0, 0, 2, 421.46, 101744, 146, 0, 0
239, 0, 24, 118, 99, 19, 35.87%, 0, 0, 2, 431.64, 103951, 146, 0, 0
244, 0, 24, 121, 102, 19, 35.87%, 0, 0, 2, 427.93, 106092, 146, 0, 0
249, 0, 24, 123, 104, 19, 35.87%, 0, 0, 2, 417.77, 108251, 146, 0, 0
254, 0, 24, 126, 107, 19, 35.87%, 0, 0, 2, 436.67, 110520, 146, 0, 0
259, 0, 24, 129, 110, 19, 35.87%, 0, 0, 2, 437.72, 112717, 146, 0, 0
264, 0, 24, 131, 112, 19, 35.87%, 0, 0, 2, 435.80, 114923, 146, 0, 0
269, 0, 24, 132, 113, 19, 35.87%, 0, 0, 2, 452.27, 117178, 146, 0, 0
274, 0, 24, 132, 113, 19, 35.87%, 0, 0, 2, 464.07, 119698, 146, 0, 0
279, 0, 24, 132, 113, 19, 35.87%, 0, 0, 2, 428.96, 121843, 146, 0, 0
284, 0, 24, 133, 114, 19, 35.87%, 0, 0, 2, 454.12, 124187, 146, 0, 0
289, 0, 24, 133, 114, 19, 35.87%, 0, 0, 2, 459.27, 126482, 146, 0, 0
294, 0, 24, 133, 114, 19, 35.87%, 0, 0, 2, 455.53, 128795, 146, 0, 0
299, 0, 26, 133, 112, 16, 35.87%, 0, 0, 2, 460.86, 131135, 146, 0, 0
304, 0, 29, 136, 113, 14, 35.87%, 0, 0, 2, 459.94, 133451, 146, 0, 0
310, 0, 35, 145, 120, 13, 35.87%, 0, 0, 3, 436.98, 135641, 146, 0, 0
315, 0, 40, 155, 128, 13, 37.35%, 1, 0, 3, 440.19, 137909, 152, 1, 0
320, 0, 113, 156, 124, 8, 37.35%, 1, 0, 3, 451.56, 140184, 152, 1, 0
325, 0, 113, 158, 126, 8, 37.35%, 1, 0, 3, 418.96, 142252, 152, 1, 0
330, 0, 127, 164, 131, 8, 37.35%, 1, 0, 3, 446.37, 144533, 152, 1, 0
335, 0, 127, 170, 137, 8, 38.08%, 1, 0, 3, 437.90, 146695, 155, 1, 0
340, 0, 127, 170, 137, 8, 38.08%, 1, 0, 3, 429.92, 148855, 155, 1, 0
345, 0, 127, 170, 137, 8, 38.08%, 1, 0, 3, 436.84, 151095, 155, 1, 0
350, 0, 127, 172, 139, 8, 38.08%, 1, 0, 3, 441.04, 153349, 155, 1, 0
355, 0, 127, 172, 139, 8, 38.08%, 1, 0, 3, 460.28, 155731, 155, 1, 0
360, 0, 131, 174, 139, 8, 38.08%, 1, 0, 3, 414.07, 157850, 155, 1, 0
365, 0, 146, 175, 137, 5, 38.08%, 1, 0, 4, 425.20, 160036, 155, 1, 0
370, 0, 158, 179, 138, 4, 38.33%, 1, 0, 4, 435.48, 162279, 156, 1, 0
375, 0, 158, 181, 140, 4, 38.33%, 1, 0, 4, 457.06, 164590, 156, 1, 0
380, 0, 174, 182, 139, 3, 38.33%, 1, 0, 4, 456.74, 166913, 156, 1, 0
385, 0, 176, 188, 143, 1, 38.33%, 1, 0, 5, 432.53, 169007, 156, 1, 0
390, 0, 176, 189, 144, 1, 38.33%, 1, 0, 5, 432.47, 171102, 156, 1, 0
396, 0, 176, 192, 147, 1, 38.33%, 1, 0, 5, 444.72, 173395, 156, 1, 0
401, 0, 176, 192, 147, 1, 38.33%, 1, 0, 5, 461.77, 175713, 156, 1, 0
406, 0, 176, 193, 148, 1, 38.33%, 1, 0, 5, 448.95, 178024, 156, 1, 0
411, 0, 176, 193, 148, 1, 38.33%, 1, 0, 5, 434.12, 180234, 156, 1, 0
416, 1, 28, 194, 145, 0, 38.33%, 1, 0, 5, 437.01, 182441, 156, 1, 0
421, 1, 99, 195, 131, 0, 38.33%, 1, 0, 5, 417.00, 184572, 156, 1, 0
426, 1, 140, 195, 126, 0, 38.33%, 1, 0, 5, 400.97, 186575, 156, 1, 0
431, 1, 176, 196, 121, 0, 38.33%, 1, 0, 5, 429.11, 188829, 156, 1, 0
436, 1, 193, 197, 115, 0, 38.33%, 1, 0, 6, 434.06, 191050, 156, 1, 0
441, 2, 208, 234, 146, 4, 40.54%, 1, 0, 6, 458.19, 193365, 165, 1, 0
446, 2, 232, 235, 142, 1, 40.54%, 1, 0, 6, 442.92, 195575, 165, 1, 0
451, 3, 28, 235, 139, 0, 40.54%, 1, 0, 6, 447.30, 197822, 165, 1, 0
456, 3, 110, 235, 128, 0, 40.54%, 1, 0, 6, 444.88, 200066, 165, 1, 0
461, 3, 157, 236, 123, 0, 40.54%, 1, 0, 6, 434.90, 202268, 165, 1, 0
466, 3, 202, 237, 117, 0, 40.54%, 1, 0, 6, 432.29, 204478, 165, 1, 0
471, 3, 215, 239, 114, 0, 40.54%, 1, 0, 6, 423.22, 206599, 165, 1, 0
476, 3, 234, 240, 110, 0, 40.54%, 1, 0, 6, 458.21, 208955, 165, 1, 0
482, 4, 29, 243, 109, 0, 40.54%, 1, 0, 6, 429.74, 211075, 165, 1, 0
487, 4, 107, 243, 95, 0, 40.54%, 1, 0, 6, 434.44, 213338, 165, 1, 0
492, 4, 169, 243, 92, 0, 40.54%, 1, 0, 6, 431.11, 215507, 165, 1, 0
497, 4, 218, 243, 87, 0, 40.54%, 1, 0, 6, 450.70, 217777, 165, 1, 0
502, 4, 242, 243, 83, 0, 40.54%, 2, 0, 6, 429.00, 219941, 165, 2, 0
507, 5, 73, 243, 77, 0, 40.54%, 2, 0, 6, 450.66, 222237, 165, 2, 0
512, 5, 149, 243, 66, 0, 40.54%, 2, 0, 6, 448.96, 224527, 165, 2, 0
517, 5, 234, 243, 66, 0, 40.54%, 2, 0, 6, 434.50, 226621, 165, 2, 0
522, 6, 52, 243, 64, 0, 40.54%, 2, 0, 6, 467.42, 229039, 165, 2, 0
527, 6, 137, 243, 57, 0, 40.54%, 2, 0, 6, 434.57, 231212, 165, 2, 0
532, 6, 243, 244, 53, 1, 40.79%, 2, 0, 6, 459.30, 233535, 166, 2, 0
537, 7, 84, 244, 50, 0, 40.79%, 2, 0, 6, 465.57, 235832, 166, 2, 0
542, 7, 151, 244, 44, 0, 40.79%, 2, 0, 6, 462.68, 238203, 166, 2, 0
547, 7, 211, 244, 41, 0, 40.79%, 2, 0, 6, 445.72, 240408, 166, 2, 0
553, 8, 15, 244, 35, 0, 40.79%, 2, 0, 6, 428.21, 242561, 166, 2, 0
558, 8, 107, 244, 34, 0, 40.79%, 2, 0, 6, 449.76, 244848, 166, 2, 0
563, 8, 172, 244, 31, 0, 40.79%, 2, 0, 6, 446.12, 247051, 166, 2, 0
568, 8, 235, 244, 29, 0, 40.79%, 2, 0, 6, 444.66, 249320, 166, 2, 0
573, 9, 73, 244, 28, 0, 40.79%, 2, 0, 6, 434.71, 251525, 166, 2, 0
578, 9, 157, 244, 25, 0, 40.79%, 2, 0, 6, 442.48, 253746, 166, 2, 0
583, 9, 239, 244, 23, 0, 40.79%, 2, 0, 6, 428.21, 255940, 166, 2, 0
588, 11, 18, 245, 22, 0, 40.79%, 3, 0, 6, 440.37, 258198, 166, 3, 0
593, 11, 129, 245, 19, 0, 40.79%, 3, 0, 6, 453.62, 260432, 166, 3, 0
598, 11, 209, 245, 17, 0, 40.79%, 3, 0, 6, 447.85, 262725, 166, 3, 0
603, 11, 244, 248, 19, 0, 40.79%, 3, 0, 6, 454.41, 265088, 166, 3, 0
608, 11, 244, 250, 21, 0, 40.79%, 3, 0, 6, 431.86, 267239, 166, 3, 0
613, 11, 244, 251, 22, 0, 40.79%, 3, 0, 6, 413.45, 269294, 166, 3, 0
618, 11, 251, 252, 22, 0, 40.79%, 3, 0, 6, 418.01, 271421, 166, 3, 0
623, 12, 107, 253, 20, 0, 40.79%, 3, 0, 6, 458.23, 273788, 166, 3, 0
628, 12, 199, 253, 18, 0, 40.79%, 4, 0, 6, 452.24, 276100, 166, 5, 0
634, 12, 252, 253, 17, 0, 40.79%, 4, 0, 6, 447.50, 278347, 166, 5, 0
639, 14, 12, 257, 18, 0, 41.28%, 4, 0, 6, 425.48, 280536, 168, 5, 0
644, 14, 157, 257, 16, 0, 41.28%, 4, 0, 6, 448.45, 282788, 168, 5, 0
649, 15, 40, 259, 16, 0, 41.52%, 4, 0, 6, 463.05, 285091, 169, 5, 0
654, 15, 231, 259, 16, 0, 41.52%, 4, 0, 6, 481.03, 287503, 169, 5, 0
659, 15, 254, 260, 14, 0, 41.52%, 4, 0, 6, 450.56, 289731, 169, 5, 0
664, 16, 262, 263, 16, 1, 41.77%, 4, 0, 6, 490.29, 292244, 170, 5, 0
669, 17, 121, 263, 12, 0, 41.77%, 4, 0, 6, 468.48, 294587, 170, 5, 0
674, 17, 239, 263, 10, 0, 41.77%, 5, 0, 6, 461.96, 296904, 170, 9, 0
679, 17, 261, 264, 11, 0, 42.01%, 5, 0, 6, 469.82, 299306, 171, 9, 0
684, 18, 60, 264, 10, 0, 42.01%, 5, 0, 6, 448.60, 301548, 171, 9, 0
689, 18, 223, 264, 10, 0, 42.01%, 6, 0, 6, 464.52, 303903, 171, 11, 0
694, 18, 257, 264, 9, 0, 42.01%, 7, 0, 6, 446.29, 306174, 171, 12, 0
700, 19, 246, 275, 20, 2, 43.73%, 7, 0, 6, 449.13, 308477, 178, 14, 0
705, 20, 12, 275, 18, 0, 43.73%, 7, 0, 6, 430.79, 310732, 178, 14, 0
710, 20, 175, 275, 17, 0, 43.73%, 7, 0, 6, 453.15, 313045, 178, 14, 0
715, 20, 259, 275, 17, 0, 43.73%, 7, 0, 6, 454.53, 315315, 178, 14, 0
720, 20, 271, 275, 14, 0, 43.73%, 8, 0, 6, 454.35, 317626, 178, 15, 0
725, 21, 276, 291, 29, 1, 52.58%, 8, 0, 6, 434.47, 319914, 214, 15, 0
730, 21, 276, 296, 34, 1, 52.58%, 8, 0, 6, 431.17, 322111, 214, 15, 0
735, 21, 276, 298, 36, 1, 52.58%, 8, 0, 6, 421.13, 324269, 214, 15, 0
740, 21, 276, 301, 39, 1, 52.83%, 8, 0, 6, 422.23, 326435, 215, 15, 0
745, 21, 276, 303, 41, 1, 52.83%, 8, 0, 6, 415.31, 328521, 215, 15, 0
750, 21, 276, 306, 44, 1, 52.83%, 8, 0, 6, 434.77, 330726, 215, 15, 0
755, 21, 276, 311, 49, 1, 52.83%, 8, 0, 6, 429.59, 332921, 215, 15, 0
760, 21, 276, 314, 52, 1, 52.83%, 8, 0, 6, 413.17, 334934, 215, 15, 0
765, 21, 276, 315, 53, 1, 52.83%, 8, 0, 6, 410.27, 337005, 215, 15, 0
770, 21, 276, 318, 56, 1, 52.83%, 8, 0, 6, 410.99, 339114, 215, 15, 0
775, 21, 276, 320, 58, 1, 53.07%, 8, 0, 6, 407.36, 341152, 216, 15, 0
780, 21, 276, 321, 59, 1, 53.07%, 8, 0, 6, 408.85, 343207, 216, 15, 0
786, 21, 276, 322, 60, 1, 53.32%, 8, 0, 6, 406.38, 345302, 217, 15, 0
791, 21, 276, 323, 61, 1, 53.32%, 8, 0, 6, 392.60, 347295, 217, 15, 0
796, 21, 276, 324, 62, 1, 53.32%, 8, 0, 6, 394.57, 349297, 217, 15, 0
801, 21, 276, 325, 63, 1, 53.32%, 8, 0, 6, 415.22, 351340, 217, 15, 0
806, 21, 276, 325, 63, 1, 53.32%, 8, 0, 6, 424.01, 353476, 217, 15, 0
811, 21, 276, 326, 64, 1, 53.32%, 8, 0, 6, 412.29, 355556, 217, 15, 0
816, 21, 276, 327, 65, 1, 53.32%, 8, 0, 6, 397.64, 357552, 217, 15, 0
821, 21, 284, 328, 64, 7, 53.32%, 8, 0, 6, 397.10, 359610, 217, 15, 0
826, 21, 286, 335, 69, 6, 53.32%, 8, 0, 6, 441.07, 361900, 217, 15, 0
831, 21, 293, 357, 90, 5, 53.32%, 8, 0, 6, 458.18, 364297, 217, 15, 0
836, 21, 293, 358, 91, 5, 53.32%, 8, 0, 6, 443.06, 366476, 217, 15, 0
841, 21, 293, 359, 92, 5, 53.32%, 8, 0, 6, 456.16, 368784, 217, 15, 0
846, 21, 293, 363, 96, 5, 53.56%, 8, 0, 6, 470.03, 371197, 218, 15, 0
851, 21, 293, 363, 96, 5, 53.56%, 8, 0, 6, 467.50, 373519, 218, 15, 0
857, 21, 293, 363, 96, 5, 53.56%, 8, 0, 6, 431.32, 375631, 218, 15, 0
862, 21, 293, 363, 96, 5, 53.56%, 8, 0, 6, 432.89, 377823, 218, 15, 0
867, 21, 293, 363, 96, 5, 53.56%, 8, 0, 6, 444.55, 380063, 218, 15, 0
872, 21, 293, 363, 96, 5, 53.56%, 8, 0, 6, 452.97, 382447, 218, 15, 0
877, 21, 293, 363, 96, 5, 53.56%, 8, 0, 6, 441.77, 384663, 218, 15, 0
882, 21, 293, 363, 96, 5, 53.56%, 8, 0, 6, 456.23, 386956, 218, 15, 0
887, 21, 293, 363, 96, 5, 53.56%, 8, 0, 6, 443.31, 389215, 218, 15, 0
892, 21, 293, 363, 96, 5, 53.56%, 8, 0, 6, 445.06, 391495, 218, 15, 0
897, 21, 293, 363, 96, 5, 53.56%, 8, 0, 6, 455.88, 393805, 218, 15, 0
902, 21, 293, 363, 96, 5, 53.56%, 8, 0, 6, 436.63, 395959, 218, 15, 0
907, 21, 293, 363, 96, 5, 53.56%, 8, 0, 6, 435.59, 398167, 218, 15, 0
912, 21, 293, 363, 96, 5, 53.56%, 8, 0, 6, 444.05, 400431, 218, 15, 0
917, 21, 298, 365, 97, 7, 54.05%, 8, 0, 6, 435.79, 402647, 220, 15, 0
923, 21, 329, 365, 94, 5, 54.05%, 8, 0, 6, 426.77, 404845, 220, 15, 0
928, 21, 361, 365, 92, 3, 54.05%, 8, 0, 6, 446.63, 407113, 220, 15, 0
933, 21, 361, 366, 93, 3, 54.05%, 8, 0, 6, 445.50, 409385, 220, 15, 0
938, 21, 364, 366, 91, 1, 54.05%, 8, 0, 6, 446.43, 411629, 220, 15, 0
943, 22, 337, 370, 93, 2, 55.53%, 8, 0, 6, 447.09, 413884, 226, 15, 0
948, 22, 368, 374, 95, 2, 55.53%, 8, 0, 6, 440.52, 416127, 226, 15, 0
953, 22, 369, 379, 99, 2, 55.53%, 8, 0, 6, 431.81, 418303, 226, 15, 0
958, 23, 28, 381, 98, 0, 55.53%, 8, 0, 6, 438.74, 420445, 226, 15, 0
963, 23, 199, 381, 98, 0, 55.53%, 8, 0, 6, 432.27, 422648, 226, 21, 0
968, 23, 257, 381, 96, 0, 55.53%, 8, 0, 6, 452.23, 424953, 226, 21, 0
973, 23, 271, 381, 95, 0, 55.53%, 8, 0, 6, 474.72, 427337, 226, 22, 0
978, 23, 286, 381, 94, 0, 55.53%, 8, 0, 6, 434.61, 429472, 226, 22, 0
983, 23, 316, 381, 90, 0, 55.53%, 8, 0, 6, 438.74, 431644, 226, 22, 0
988, 23, 329, 381, 86, 0, 55.53%, 8, 0, 6, 447.92, 433884, 226, 22, 0
994, 23, 336, 381, 85, 0, 55.53%, 8, 0, 6, 423.10, 435956, 226, 22, 0
999, 23, 346, 381, 83, 0, 55.53%, 8, 0, 6, 431.30, 438140, 226, 22, 0
1004, 23, 359, 381, 80, 0, 55.53%, 8, 0, 6, 456.22, 440498, 226, 22, 0
1009, 23, 362, 381, 80, 0, 55.53%, 8, 0, 6, 436.43, 442636, 226, 22, 0
1014, 23, 366, 381, 79, 0, 55.53%, 8, 0, 6, 443.82, 444855, 226, 22, 0
1019, 23, 373, 381, 77, 0, 55.53%, 8, 0, 6, 464.08, 447156, 226, 22, 0
1024, 24, 16, 383, 76, 0, 55.77%, 8, 0, 6, 453.53, 449398, 227, 22, 0
1029, 24, 222, 383, 76, 0, 55.77%, 8, 0, 6, 435.84, 451640, 227, 26, 0
1034, 24, 267, 383, 76, 0, 55.77%, 8, 0, 6, 436.18, 453826, 227, 26, 0
1039, 24, 274, 383, 73, 0, 55.77%, 8, 0, 6, 460.33, 456206, 227, 26, 0
1044, 24, 290, 383, 71, 0, 55.77%, 8, 0, 6, 435.49, 458298, 227, 26, 0
1049, 24, 319, 383, 66, 0, 55.77%, 8, 0, 6, 446.91, 460490, 227, 26, 0
1054, 24, 331, 383, 65, 0, 55.77%, 8, 0, 6, 452.15, 462786, 227, 26, 0
1059, 24, 341, 383, 62, 0, 55.77%, 8, 0, 6, 419.29, 464930, 227, 26, 0
1064, 24, 354, 383, 60, 0, 55.77%, 8, 0, 6, 457.29, 467284, 227, 26, 0
1069, 24, 359, 383, 58, 0, 55.77%, 8, 0, 6, 437.93, 469490, 227, 26, 0
1074, 24, 364, 383, 58, 0, 55.77%, 8, 0, 6, 450.47, 471783, 227, 26, 0
1080, 24, 375, 383, 58, 0, 55.77%, 8, 0, 6, 430.95, 474002, 227, 26, 0
1085, 25, 35, 383, 56, 0, 55.77%, 8, 0, 6, 451.68, 476280, 227, 26, 0
1090, 25, 188, 383, 56, 0, 55.77%, 8, 0, 6, 450.81, 478474, 227, 34, 0
1095, 25, 274, 384, 57, 0, 57.49%, 8, 0, 6, 436.13, 480701, 234, 34, 0
1100, 25, 383, 388, 61, 2, 57.74%, 8, 0, 6, 460.49, 483017, 235, 34, 0
1105, 25, 386, 389, 60, 0, 57.74%, 8, 0, 6, 441.55, 485258, 235, 34, 0
1110, 26, 95, 390, 58, 0, 58.48%, 8, 0, 6, 445.45, 487496, 238, 34, 0
1115, 26, 199, 390, 58, 0, 58.48%, 9, 0, 6, 453.56, 489741, 238, 38, 0
1120, 26, 271, 390, 57, 0, 58.48%, 9, 0, 6, 457.41, 492061, 238, 38, 0
1125, 26, 287, 390, 56, 0, 58.48%, 9, 0, 6, 430.08, 494210, 238, 38, 0
1130, 26, 319, 390, 51, 0, 58.48%, 9, 0, 6, 426.91, 496374, 238, 38, 0
1135, 26, 342, 390, 50, 0, 58.48%, 9, 0, 6, 437.40, 498574, 238, 38, 0
1141, 26, 356, 391, 49, 0, 58.48%, 9, 0, 6, 438.57, 500933, 238, 38, 0
1146, 26, 359, 391, 49, 0, 58.48%, 9, 0, 6, 438.28, 503125, 238, 38, 0
1151, 26, 363, 391, 48, 0, 58.48%, 9, 0, 6, 433.59, 505301, 238, 38, 0
1156, 26, 369, 391, 48, 0, 58.48%, 9, 0, 6, 440.09, 507557, 238, 38, 0
1161, 26, 376, 391, 46, 0, 58.48%, 9, 0, 6, 352.77, 509408, 238, 38, 0
1166, 26, 389, 396, 50, 0, 58.48%, 9, 0, 6, 412.78, 511532, 238, 38, 0
1171, 26, 389, 396, 50, 0, 58.48%, 9, 0, 6, 428.91, 513740, 238, 38, 0
1176, 26, 389, 396, 50, 0, 58.48%, 9, 0, 6, 429.19, 515892, 238, 38, 0
1181, 26, 389, 401, 55, 0, 58.72%, 9, 0, 6, 450.32, 518113, 239, 38, 0
1186, 26, 389, 402, 56, 0, 58.72%, 9, 0, 6, 453.32, 520469, 239, 38, 0
1191, 26, 389, 403, 57, 0, 58.72%, 9, 0, 6, 437.57, 522621, 239, 38, 0
1196, 26, 398, 407, 61, 1, 58.72%, 9, 0, 6, 441.27, 524820, 239, 38, 0
1201, 26, 398, 411, 65, 1, 58.72%, 9, 0, 6, 462.20, 527096, 239, 38, 0
1207, 26, 398, 412, 66, 1, 58.97%, 9, 0, 6, 439.33, 529319, 240, 38, 0
1212, 26, 398, 414, 68, 1, 58.97%, 9, 0, 6, 454.14, 531644, 240, 38, 0
1217, 26, 398, 414, 68, 1, 58.97%, 9, 0, 6, 460.88, 533966, 240, 38, 0
1222, 26, 398, 414, 68, 1, 58.97%, 9, 0, 6, 439.16, 536125, 240, 38, 0
1227, 26, 398, 414, 68, 1, 58.97%, 9, 0, 6, 449.83, 538439, 240, 38, 0
1232, 26, 398, 414, 68, 1, 58.97%, 9, 0, 6, 435.99, 540637, 240, 38, 0
1237, 26, 398, 414, 68, 1, 58.97%, 9, 0, 6, 449.85, 542941, 240, 38, 0
1242, 26, 398, 414, 68, 1, 58.97%, 9, 0, 6, 450.71, 545213, 240, 38, 0
1247, 26, 398, 414, 68, 1, 58.97%, 9, 0, 6, 449.42, 547520, 240, 38, 0
1252, 26, 398, 416, 70, 1, 61.18%, 9, 0, 6, 447.51, 549771, 249, 38, 0
1257, 26, 398, 416, 70, 1, 61.18%, 9, 0, 6, 464.93, 552124, 249, 38, 0
1262, 26, 398, 416, 70, 1, 61.18%, 9, 0, 6, 449.28, 554464, 249, 38, 0
1267, 26, 398, 416, 70, 1, 61.18%, 9, 0, 6, 447.65, 556714, 249, 38, 0
1272, 26, 398, 416, 70, 1, 61.18%, 9, 0, 6, 425.82, 558819, 249, 38, 0
1277, 26, 398, 417, 71, 1, 61.18%, 9, 0, 6, 453.78, 561176, 249, 38, 0
1283, 26, 398, 418, 72, 1, 61.18%, 9, 0, 6, 463.75, 563541, 249, 38, 0
1288, 26, 411, 418, 69, 2, 61.18%, 9, 0, 6, 445.35, 565805, 249, 38, 0
1293, 26, 418, 424, 74, 1, 61.18%, 9, 0, 8, 453.29, 568118, 249, 38, 0
1298, 26, 418, 427, 77, 1, 61.18%, 9, 0, 8, 470.77, 570481, 249, 38, 0
1303, 26, 418, 427, 77, 1, 61.18%, 9, 0, 8, 444.17, 572659, 249, 38, 0
1308, 26, 418, 428, 78, 1, 61.43%, 9, 0, 8, 438.64, 574874, 250, 38, 0
1313, 26, 418, 431, 81, 1, 61.43%, 9, 0, 8, 435.58, 577103, 250, 38, 0
1318, 26, 418, 432, 82, 1, 61.67%, 9, 0, 8, 422.51, 579270, 251, 38, 0
1323, 26, 418, 433, 83, 1, 61.67%, 9, 0, 8, 437.14, 581445, 251, 38, 0
1328, 26, 418, 433, 83, 1, 61.67%, 9, 0, 8, 465.80, 583888, 251, 38, 0
1333, 26, 418, 433, 83, 1, 61.67%, 9, 0, 8, 461.44, 586174, 251, 38, 0
1338, 26, 418, 433, 83, 1, 61.67%, 9, 0, 8, 421.79, 588317, 251, 38, 0
1343, 26, 418, 433, 83, 1, 61.67%, 9, 0, 8, 429.04, 590541, 251, 38, 0
1348, 26, 418, 433, 83, 1, 61.67%, 9, 0, 8, 449.81, 592821, 251, 38, 0
1353, 26, 418, 433, 83, 1, 61.67%, 9, 0, 8, 465.28, 595210, 251, 38, 0
1359, 26, 418, 433, 83, 1, 61.67%, 9, 0, 8, 465.17, 597505, 251, 38, 0
1364, 26, 418, 433, 83, 1, 61.67%, 9, 0, 8, 427.83, 599685, 251, 38, 0
1369, 26, 418, 433, 83, 1, 61.67%, 9, 0, 8, 409.99, 601741, 251, 38, 0
1374, 26, 418, 433, 83, 1, 61.67%, 9, 0, 8, 446.18, 604021, 251, 38, 0
1379, 26, 418, 434, 84, 1, 61.67%, 9, 0, 8, 438.03, 606244, 251, 39, 0
1384, 26, 418, 435, 85, 1, 61.67%, 9, 0, 8, 445.45, 608491, 251, 39, 0
1389, 26, 418, 435, 85, 1, 61.67%, 9, 0, 8, 444.12, 610675, 251, 39, 0
1394, 26, 418, 436, 86, 1, 61.67%, 9, 0, 8, 441.23, 612898, 251, 39, 0
1399, 26, 418, 436, 86, 1, 61.67%, 9, 0, 8, 485.04, 615337, 251, 39, 0
1404, 26, 418, 436, 86, 1, 61.67%, 9, 0, 8, 443.57, 617490, 251, 39, 0
1409, 26, 427, 436, 85, 2, 61.67%, 9, 0, 8, 437.34, 619617, 251, 39, 0
1414, 26, 435, 437, 84, 0, 61.67%, 9, 0, 9, 442.86, 621917, 251, 39, 0
1419, 26, 435, 438, 85, 0, 61.67%, 9, 0, 9, 449.18, 624178, 251, 39, 0
1424, 26, 435, 438, 85, 0, 61.67%, 9, 0, 9, 416.50, 626338, 251, 39, 0
1429, 26, 435, 438, 85, 0, 61.67%, 9, 0, 9, 406.90, 628442, 251, 39, 0
1435, 27, 440, 449, 92, 5, 62.16%, 9, 0, 9, 442.70, 630805, 253, 39, 0
1440, 27, 442, 449, 90, 3, 62.16%, 9, 0, 9, 439.31, 633046, 253, 39, 0
1445, 27, 448, 449, 88, 1, 62.16%, 9, 0, 9, 436.35, 635264, 253, 39, 0
1450, 28, 137, 449, 87, 0, 62.16%, 9, 0, 9, 429.93, 637491, 253, 42, 0
1455, 28, 263, 449, 87, 0, 62.16%, 9, 0, 9, 463.13, 639874, 253, 42, 0
1460, 28, 291, 449, 85, 0, 62.16%, 9, 0, 9, 431.63, 642146, 253, 42, 0
1465, 28, 329, 449, 81, 0, 62.16%, 9, 0, 9, 415.79, 644230, 253, 42, 0
1470, 28, 331, 449, 80, 0, 62.16%, 9, 0, 9, 443.72, 646470, 253, 42, 0
1476, 28, 344, 449, 80, 0, 62.16%, 9, 0, 9, 440.26, 648702, 253, 42, 0
1481, 28, 361, 449, 79, 0, 62.16%, 9, 0, 9, 430.97, 650926, 253, 42, 0
1486, 28, 367, 450, 80, 0, 63.39%, 9, 0, 9, 456.59, 653227, 258, 42, 0
1491, 28, 449, 450, 80, 1, 63.39%, 9, 0, 9, 448.48, 655517, 258, 42, 0
1496, 28, 450, 451, 80, 1, 63.39%, 9, 0, 9, 415.68, 657625, 258, 42, 0
1501, 29, 130, 453, 81, 0, 63.64%, 9, 0, 9, 419.26, 659752, 259, 42, 0
1506, 29, 452, 453, 80, 1, 63.64%, 9, 0, 9, 412.33, 661852, 259, 42, 0
1511, 30, 453, 455, 81, 1, 63.64%, 9, 0, 9, 433.94, 664072, 259, 49, 0
1516, 31, 204, 455, 79, 0, 63.64%, 9, 0, 9, 428.09, 666253, 259, 52, 0
1521, 31, 282, 455, 79, 0, 63.64%, 9, 0, 9, 413.63, 668392, 259, 52, 0
1526, 31, 345, 455, 76, 0, 63.64%, 9, 0, 9, 445.69, 670670, 259, 52, 0
1532, 31, 359, 455, 74, 0, 63.64%, 9, 0, 9, 447.77, 672934, 259, 52, 0
1537, 31, 369, 455, 74, 0, 63.64%, 9, 0, 9, 453.22, 675301, 259, 52, 0
1542, 31, 398, 455, 73, 0, 63.64%, 9, 0, 9, 453.45, 677592, 259, 52, 0
1547, 31, 400, 455, 73, 0, 63.64%, 9, 0, 9, 427.43, 679766, 259, 52, 0
1552, 31, 426, 455, 72, 0, 63.64%, 9, 0, 9, 444.99, 682062, 259, 52, 0
1557, 31, 430, 455, 71, 0, 63.64%, 9, 0, 9, 426.45, 684254, 259, 52, 0
1562, 31, 434, 455, 70, 0, 63.64%, 9, 0, 9, 459.46, 686593, 259, 52, 0
1567, 31, 436, 455, 69, 0, 63.64%, 9, 0, 9, 436.68, 688790, 259, 52, 0
1572, 31, 450, 455, 68, 0, 63.64%, 9, 0, 9, 474.10, 691312, 259, 52, 0
1578, 31, 453, 455, 67, 0, 63.64%, 10, 0, 9, 418.36, 693358, 259, 57, 0
1583, 32, 455, 456, 67, 1, 63.64%, 10, 0, 9, 426.46, 695595, 259, 57, 0
1588, 33, 130, 456, 66, 0, 63.64%, 10, 0, 9, 433.67, 697771, 259, 57, 0
1593, 33, 238, 456, 66, 0, 63.64%, 10, 0, 9, 439.27, 699934, 259, 58, 0
1598, 33, 265, 456, 63, 0, 63.64%, 10, 0, 9, 429.59, 702086, 259, 58, 0
1603, 33, 314, 456, 62, 0, 63.64%, 10, 0, 9, 425.22, 704237, 259, 58, 0
1608, 33, 352, 456, 59, 0, 63.64%, 10, 0, 9, 427.95, 706397, 259, 58, 0
1613, 33, 361, 456, 57, 0, 63.64%, 10, 0, 9, 444.42, 708725, 259, 58, 0
1618, 33, 391, 456, 57, 0, 63.64%, 10, 0, 9, 409.76, 710833, 259, 58, 0
1623, 33, 402, 456, 56, 0, 63.64%, 10, 0, 9, 423.00, 712993, 259, 58, 0
1628, 33, 411, 456, 54, 0, 63.64%, 10, 0, 9, 419.54, 715153, 259, 58, 0
1633, 33, 425, 456, 53, 0, 63.64%, 10, 0, 9, 441.42, 717393, 259, 58, 0
1638, 33, 427, 456, 52, 0, 63.64%, 10, 0, 9, 433.52, 719561, 259, 58, 0
1644, 33, 441, 456, 52, 0, 63.64%, 10, 0, 9, 418.49, 721633, 259, 58, 0
1649, 33, 453, 456, 50, 0, 63.64%, 10, 0, 9, 442.12, 723829, 259, 72, 0
1654, 34, 11, 456, 50, 0, 63.64%, 10, 0, 9, 420.23, 725898, 259, 72, 0
1659, 34, 219, 456, 50, 0, 63.64%, 10, 0, 9, 437.36, 728101, 259, 77, 0
1664, 34, 286, 456, 49, 0, 63.64%, 10, 0, 9, 446.05, 730493, 259, 77, 0
1669, 34, 355, 456, 48, 0, 63.64%, 10, 0, 9, 444.03, 732699, 259, 77, 0
1674, 34, 379, 456, 47, 0, 63.64%, 10, 0, 9, 412.40, 734743, 259, 77, 0
1679, 34, 398, 456, 45, 0, 63.64%, 10, 0, 9, 422.43, 736911, 259, 77, 0
1684, 34, 413, 456, 44, 0, 63.64%, 10, 0, 9, 437.44, 739119, 259, 77, 0
1689, 34, 417, 456, 42, 0, 63.64%, 10, 0, 9, 447.47, 741375, 259, 77, 0
1694, 34, 439, 456, 40, 0, 63.64%, 10, 0, 9, 442.94, 743631, 259, 77, 0
1699, 34, 452, 456, 39, 0, 63.64%, 10, 0, 9, 443.56, 745855, 259, 95, 0
1704, 35, 0, 456, 39, 0, 63.64%, 10, 0, 9, 438.95, 747994, 259, 100, 0
1709, 35, 175, 456, 39, 0, 63.64%, 10, 0, 9, 432.11, 750238, 259, 101, 0
1714, 35, 264, 456, 39, 0, 63.64%, 10, 0, 9, 462.46, 752613, 259, 101, 0
1720, 35, 332, 456, 39, 0, 63.64%, 10, 0, 9, 438.28, 754889, 259, 101, 0
1725, 35, 360, 456, 37, 0, 63.64%, 10, 0, 9, 433.61, 757113, 259, 101, 0
1730, 35, 398, 456, 36, 0, 63.64%, 10, 0, 9, 455.25, 759426, 259, 101, 0
1735, 35, 409, 456, 35, 0, 63.64%, 10, 0, 9, 438.88, 761733, 259, 101, 0
1740, 35, 413, 456, 34, 0, 63.64%, 10, 0, 9, 445.23, 763949, 259, 101, 0
1745, 35, 422, 456, 32, 0, 63.64%, 10, 0, 9, 437.98, 766077, 259, 101, 0
1750, 35, 433, 456, 31, 0, 63.64%, 10, 0, 9, 452.35, 768325, 259, 101, 0
1755, 35, 442, 456, 30, 0, 63.64%, 10, 0, 9, 443.91, 770549, 259, 101, 0
1760, 35, 455, 456, 29, 0, 63.64%, 10, 0, 9, 439.28, 772805, 259, 104, 0
1765, 36, 150, 456, 29, 0, 63.64%, 10, 0, 9, 481.85, 775261, 259, 109, 0
1770, 36, 271, 456, 29, 0, 63.64%, 10, 0, 9, 464.36, 777681, 259, 109, 0
1776, 36, 330, 456, 28, 0, 63.64%, 10, 0, 9, 463.93, 780129, 259, 109, 0
1781, 36, 369, 456, 27, 0, 63.64%, 10, 0, 9, 454.45, 782393, 259, 109, 0
1786, 36, 394, 456, 26, 0, 63.64%, 10, 0, 9, 434.46, 784554, 259, 109, 0
1791, 36, 397, 456, 24, 0, 63.64%, 10, 0, 9, 429.52, 786714, 259, 109, 0
1796, 36, 404, 456, 23, 0, 63.64%, 10, 0, 9, 441.94, 788890, 259, 109, 0
1801, 36, 423, 456, 22, 0, 63.64%, 10, 0, 9, 453.71, 791263, 259, 109, 0
1806, 36, 431, 456, 21, 0, 63.64%, 10, 0, 9, 421.26, 793374, 259, 109, 0
1806, 36, 432, 456, 21, 0, 63.64%, 10, 0, 9, 421.98, 793403, 259, 109, 0
