# relative_time, cycles_done, cur_item, corpus_count, pending_total, pending_favs, map_size, saved_crashes, saved_hangs, max_depth, execs_per_sec, total_execs, edges_found, total_crashes, servers_count
61, 0, 16, 64, 49, 9, 34.40%, 1, 0, 3, 402.36, 25460, 140, 1, 0
66, 0, 16, 65, 50, 9, 34.40%, 1, 0, 3, 399.81, 27491, 140, 1, 0
71, 0, 16, 65, 50, 9, 34.40%, 1, 0, 3, 447.02, 29715, 140, 1, 0
76, 0, 16, 66, 51, 9, 34.64%, 1, 0, 3, 414.68, 31810, 141, 1, 0
81, 0, 16, 67, 52, 9, 34.64%, 1, 0, 3, 413.59, 33945, 141, 1, 0
86, 0, 16, 68, 53, 9, 34.64%, 1, 0, 3, 424.49, 36160, 141, 1, 0
91, 0, 16, 68, 53, 9, 34.64%, 1, 0, 3, 451.36, 38496, 141, 1, 0
96, 0, 16, 68, 53, 9, 34.64%, 1, 0, 3, 447.03, 40688, 141, 1, 0
101, 0, 16, 69, 54, 9, 34.64%, 1, 0, 3, 428.93, 42959, 141, 1, 0
107, 0, 16, 69, 54, 9, 34.64%, 1, 0, 3, 432.33, 45199, 141, 1, 0
112, 0, 16, 69, 54, 9, 34.64%, 1, 0, 3, 448.70, 47530, 141, 1, 0
117, 0, 23, 69, 52, 15, 34.64%, 1, 0, 3, 426.78, 49750, 141, 1, 0
122, 0, 51, 79, 60, 14, 37.84%, 1, 0, 4, 416.39, 51863, 154, 1, 0
127, 0, 51, 84, 65, 14, 37.84%, 1, 0, 4, 414.17, 53954, 154, 1, 0
132, 0, 51, 88, 69, 14, 37.84%, 1, 0, 4, 444.10, 56202, 154, 1, 0
137, 0, 51, 91, 72, 14, 37.84%, 1, 0, 4, 432.05, 58363, 154, 1, 0
142, 0, 51, 93, 74, 14, 38.08%, 1, 0, 4, 441.71, 60609, 155, 1, 0
147, 0, 51, 95, 76, 14, 38.08%, 1, 0, 4, 409.79, 62631, 155, 1, 0
152, 0, 51, 96, 77, 14, 38.08%, 1, 0, 4, 429.86, 64870, 155, 1, 0
157, 0, 51, 97, 78, 14, 38.08%, 1, 0, 4, 436.74, 67086, 155, 1, 0
162, 0, 51, 97, 78, 14, 38.08%, 1, 0, 4, 455.69, 69334, 155, 1, 0
167, 0, 51, 97, 78, 14, 38.08%, 1, 0, 4, 424.38, 71470, 155, 1, 0
173, 0, 51, 100, 81, 14, 38.08%, 1, 0, 4, 445.31, 73651, 155, 1, 0
178, 0, 51, 100, 81, 14, 38.08%, 1, 0, 4, 471.95, 76051, 155, 1, 0
183, 0, 51, 102, 83, 14, 38.08%, 1, 0, 4, 472.15, 78603, 155, 1, 0
188, 0, 51, 103, 84, 14, 38.08%, 1, 0, 4, 476.77, 80932, 155, 1, 0
193, 0, 51, 103, 84, 14, 38.08%, 1, 0, 4, 523.96, 83662, 155, 1, 0
198, 0, 51, 104, 85, 14, 38.08%, 1, 0, 4, 488.10, 86060, 155, 1, 0
203, 0, 51, 104, 85, 14, 38.08%, 1, 0, 4, 439.95, 88215, 155, 1, 0
208, 0, 80, 104, 84, 15, 38.08%, 1, 0, 4, 434.07, 90439, 155, 1, 0
213, 0, 56, 113, 92, 14, 39.07%, 1, 0, 4, 425.08, 92576, 159, 1, 0
218, 0, 111, 113, 90, 14, 39.07%, 1, 0, 4, 420.35, 94743, 159, 1, 0
223, 0, 92, 120, 96, 13, 39.31%, 2, 0, 5, 446.77, 97061, 160, 2, 0
228, 0, 92, 123, 99, 13, 39.31%, 2, 0, 5, 423.87, 99234, 160, 2, 0
233, 0, 92, 125, 101, 13, 39.31%, 2, 0, 5, 428.56, 101304, 160, 2, 0
239, 0, 92, 125, 101, 13, 39.31%, 2, 0, 5, 409.16, 103424, 160, 2, 0
244, 0, 92, 126, 102, 13, 39.31%, 2, 0, 5, 439.35, 105695, 160, 2, 0
249, 0, 92, 126, 102, 13, 39.31%, 2, 0, 5, 451.92, 108023, 160, 2, 0
254, 0, 92, 126, 102, 13, 39.31%, 2, 0, 5, 427.28, 110119, 160, 2, 0
259, 0, 92, 126, 102, 13, 39.31%, 2, 0, 5, 402.15, 112200, 160, 2, 0
264, 0, 92, 126, 102, 13, 39.31%, 2, 0, 5, 441.16, 114464, 160, 2, 0
269, 0, 92, 126, 102, 13, 39.31%, 2, 0, 5, 429.87, 116664, 160, 2, 0
274, 0, 92, 126, 102, 13, 39.31%, 2, 0, 5, 414.79, 118776, 160, 2, 0
279, 0, 92, 126, 102, 13, 39.31%, 2, 0, 5, 490.78, 121349, 160, 2, 0
284, 0, 92, 127, 103, 13, 39.31%, 2, 0, 5, 451.90, 123624, 160, 2, 0
289, 0, 92, 127, 103, 13, 39.31%, 2, 0, 5, 446.77, 125863, 160, 2, 0
295, 0, 92, 127, 103, 13, 39.31%, 2, 0, 5, 447.77, 128127, 160, 2, 0
300, 0, 92, 127, 103, 13, 39.31%, 2, 0, 5, 433.39, 130255, 160, 2, 0
305, 0, 92, 127, 103, 13, 39.31%, 2, 0, 5, 435.53, 132463, 160, 2, 0
310, 0, 123, 127, 102, 13, 39.31%, 2, 0, 5, 442.10, 134735, 160, 2, 0
315, 0, 95, 129, 103, 12, 39.31%, 2, 0, 5, 438.68, 137008, 160, 2, 0
320, 0, 95, 135, 109, 12, 39.31%, 2, 0, 5, 434.82, 139176, 160, 2, 0
325, 0, 95, 136, 110, 12, 39.31%, 2, 0, 5, 423.95, 141271, 160, 2, 0
330, 0, 95, 140, 114, 12, 39.31%, 2, 0, 5, 408.24, 143403, 160, 2, 0
335, 0, 95, 141, 115, 12, 39.31%, 2, 0, 5, 431.33, 145618, 160, 2, 0
340, 0, 95, 142, 116, 12, 39.31%, 2, 0, 5, 426.67, 147737, 160, 2, 0
345, 0, 95, 142, 116, 12, 39.31%, 2, 0, 5, 425.13, 149929, 160, 2, 0
351, 0, 95, 143, 117, 12, 39.31%, 2, 0, 5, 422.39, 152128, 160, 3, 0
356, 0, 95, 143, 117, 12, 39.31%, 2, 0, 5, 462.64, 154522, 160, 3, 0
361, 0, 95, 144, 118, 12, 39.31%, 2, 0, 5, 420.06, 156591, 160, 3, 0
366, 0, 95, 144, 118, 12, 39.31%, 2, 0, 5, 428.31, 158863, 160, 3, 0
371, 0, 95, 144, 118, 12, 39.31%, 2, 0, 5, 428.39, 161023, 160, 3, 0
376, 0, 95, 146, 120, 12, 39.31%, 2, 0, 5, 449.32, 163301, 160, 3, 0
381, 0, 95, 147, 121, 12, 39.31%, 2, 0, 5, 480.23, 165782, 160, 3, 0
386, 0, 116, 149, 121, 12, 39.31%, 2, 0, 6, 438.77, 167981, 160, 3, 0
391, 0, 89, 149, 119, 10, 39.31%, 2, 0, 6, 459.46, 170335, 160, 3, 0
396, 0, 121, 153, 121, 8, 39.31%, 2, 0, 6, 436.73, 172481, 160, 3, 0
401, 0, 121, 162, 130, 8, 39.31%, 2, 0, 6, 415.08, 174489, 160, 3, 0
407, 0, 121, 167, 135, 8, 39.31%, 2, 0, 6, 422.59, 176669, 160, 3, 0
412, 0, 121, 167, 135, 8, 39.31%, 2, 0, 6, 438.85, 178917, 160, 3, 0
417, 0, 121, 167, 135, 8, 39.31%, 2, 0, 6, 450.01, 181337, 160, 3, 0
422, 0, 121, 168, 136, 8, 39.31%, 2, 0, 6, 421.93, 183436, 160, 3, 0
427, 0, 121, 168, 136, 8, 39.31%, 3, 0, 6, 428.94, 185660, 160, 4, 0
432, 0, 121, 168, 136, 8, 39.31%, 3, 0, 6, 417.06, 187788, 160, 4, 0
437, 0, 121, 169, 137, 8, 39.31%, 3, 0, 6, 426.51, 189875, 160, 4, 0
442, 0, 121, 169, 137, 8, 39.31%, 3, 0, 6, 416.73, 192027, 160, 4, 0
447, 0, 121, 170, 138, 8, 39.31%, 3, 0, 6, 412.15, 194090, 160, 5, 0
452, 0, 121, 170, 138, 8, 39.31%, 3, 0, 6, 418.59, 196202, 160, 5, 0
457, 0, 121, 170, 138, 8, 39.31%, 3, 0, 6, 474.52, 198665, 160, 5, 0
462, 0, 121, 170, 138, 8, 39.31%, 3, 0, 6, 446.62, 200842, 160, 5, 0
468, 0, 121, 170, 138, 8, 39.31%, 3, 0, 6, 420.32, 202930, 160, 5, 0
473, 0, 121, 171, 139, 8, 39.31%, 3, 0, 6, 429.12, 205010, 160, 5, 0
478, 0, 121, 171, 139, 8, 39.31%, 3, 0, 6, 398.64, 207010, 160, 5, 0
483, 0, 121, 172, 140, 8, 39.31%, 3, 0, 6, 426.81, 209217, 160, 6, 0
488, 0, 164, 172, 139, 7, 39.31%, 3, 0, 6, 409.70, 211273, 160, 6, 0
493, 0, 75, 173, 138, 5, 39.31%, 3, 0, 7, 461.98, 213654, 160, 6, 0
498, 0, 75, 182, 147, 5, 39.56%, 4, 0, 7, 451.94, 215878, 161, 10, 0
503, 0, 177, 182, 145, 5, 39.56%, 4, 0, 7, 445.50, 218186, 161, 11, 0
508, 0, 161, 182, 143, 4, 39.56%, 5, 0, 7, 436.84, 220481, 161, 12, 0
513, 0, 18, 182, 140, 1, 39.56%, 5, 0, 7, 445.57, 222725, 161, 12, 0
518, 0, 103, 183, 139, 0, 39.56%, 5, 0, 7, 433.74, 224881, 161, 12, 0
523, 0, 164, 184, 139, 0, 39.56%, 5, 0, 7, 408.61, 226958, 161, 12, 0
529, 0, 164, 184, 139, 0, 39.56%, 5, 0, 7, 403.17, 229078, 161, 12, 0
534, 0, 164, 184, 139, 0, 39.56%, 5, 0, 7, 408.38, 231126, 161, 12, 0
539, 0, 110, 184, 139, 0, 39.56%, 5, 0, 7, 429.11, 233279, 161, 12, 0
544, 0, 100, 184, 137, 0, 39.56%, 5, 0, 7, 427.26, 235449, 161, 12, 0
549, 0, 171, 184, 134, 0, 39.56%, 5, 0, 7, 428.05, 237602, 161, 12, 0
554, 0, 171, 190, 140, 0, 39.56%, 5, 0, 7, 412.56, 239717, 161, 12, 0
559, 0, 171, 190, 140, 0, 39.56%, 5, 0, 7, 457.82, 242043, 161, 12, 0
564, 0, 171, 190, 140, 0, 39.56%, 5, 0, 7, 431.17, 244173, 161, 12, 0
569, 0, 189, 194, 143, 1, 39.56%, 5, 0, 8, 410.25, 246201, 161, 12, 0
574, 0, 189, 196, 145, 1, 39.56%, 5, 0, 8, 409.55, 248303, 161, 12, 0
579, 0, 189, 196, 145, 1, 39.56%, 5, 0, 8, 413.47, 250415, 161, 12, 0
584, 0, 137, 196, 144, 0, 39.56%, 5, 0, 8, 427.54, 252671, 161, 12, 0
589, 0, 80, 196, 141, 0, 39.56%, 5, 0, 8, 448.18, 254986, 161, 12, 0
595, 0, 122, 197, 142, 0, 39.56%, 5, 0, 8, 429.55, 257215, 161, 12, 0
600, 0, 117, 197, 139, 0, 39.56%, 5, 0, 8, 418.33, 259365, 161, 12, 0
605, 0, 161, 197, 137, 0, 39.56%, 5, 0, 8, 417.44, 261544, 161, 12, 0
610, 0, 142, 197, 136, 0, 39.56%, 5, 0, 8, 418.11, 263664, 161, 12, 0
615, 0, 70, 198, 135, 0, 39.56%, 6, 0, 8, 413.16, 265763, 161, 13, 0
620, 0, 70, 202, 139, 0, 39.80%, 6, 0, 8, 419.55, 267999, 162, 13, 0
625, 0, 201, 202, 138, 1, 39.80%, 6, 0, 8, 423.50, 270105, 162, 13, 0
630, 0, 198, 202, 136, 0, 39.80%, 6, 0, 8, 435.81, 272359, 162, 13, 0
635, 0, 8, 202, 135, 0, 39.80%, 6, 0, 8, 431.85, 274547, 162, 13, 0
640, 0, 32, 202, 133, 0, 39.80%, 6, 0, 8, 437.20, 276739, 162, 13, 0
645, 0, 124, 204, 133, 0, 39.80%, 6, 0, 8, 411.90, 278735, 162, 13, 0
651, 0, 180, 204, 130, 0, 39.80%, 6, 0, 8, 467.15, 281236, 162, 13, 0
656, 0, 180, 205, 130, 0, 39.80%, 6, 0, 8, 461.34, 283539, 162, 13, 0
661, 0, 48, 206, 130, 0, 39.80%, 6, 0, 8, 463.85, 285856, 162, 14, 0
666, 0, 71, 206, 128, 0, 39.80%, 6, 0, 8, 438.51, 288091, 162, 14, 0
671, 0, 78, 206, 125, 0, 39.80%, 6, 0, 8, 417.47, 290179, 162, 14, 0
676, 0, 35, 206, 124, 0, 39.80%, 6, 0, 8, 300.04, 292414, 162, 14, 0
681, 0, 39, 206, 121, 0, 39.80%, 6, 0, 8, 431.69, 294695, 162, 14, 0
686, 0, 76, 206, 119, 0, 39.80%, 6, 0, 8, 438.22, 296872, 162, 14, 0
691, 0, 49, 206, 117, 0, 39.80%, 6, 0, 8, 430.79, 299006, 162, 14, 0
696, 0, 116, 207, 116, 0, 39.80%, 6, 0, 8, 444.71, 301217, 162, 14, 0
701, 0, 185, 207, 115, 0, 39.80%, 6, 0, 8, 453.12, 303513, 162, 14, 0
707, 0, 192, 207, 114, 0, 39.80%, 6, 0, 8, 437.97, 305787, 162, 14, 0
712, 0, 47, 207, 112, 0, 39.80%, 6, 0, 8, 439.53, 308043, 162, 14, 0
717, 0, 10, 208, 110, 0, 39.80%, 6, 0, 8, 428.46, 310236, 162, 14, 0
722, 0, 41, 208, 108, 0, 39.80%, 6, 0, 8, 434.51, 312431, 162, 14, 0
727, 0, 149, 208, 106, 0, 39.80%, 6, 0, 8, 413.49, 314430, 162, 14, 0
732, 0, 37, 208, 105, 0, 39.80%, 6, 0, 8, 429.71, 316652, 162, 14, 0
737, 0, 189, 208, 104, 0, 39.80%, 6, 0, 8, 395.49, 318667, 162, 14, 0
742, 0, 116, 208, 103, 0, 39.80%, 6, 0, 8, 407.31, 320709, 162, 14, 0
747, 0, 189, 208, 102, 0, 39.80%, 6, 0, 8, 423.53, 322846, 162, 14, 0
752, 1, 208, 209, 103, 1, 40.05%, 6, 0, 8, 390.26, 324820, 163, 14, 0
757, 1, 31, 209, 101, 0, 40.05%, 6, 0, 8, 423.81, 326961, 163, 14, 0
762, 1, 120, 209, 99, 0, 40.05%, 6, 0, 8, 423.05, 329115, 163, 14, 0
767, 1, 96, 211, 99, 0, 40.05%, 6, 0, 8, 412.40, 331148, 163, 14, 0
772, 1, 96, 216, 104, 0, 40.05%, 6, 0, 8, 395.42, 333074, 163, 14, 0
777, 1, 96, 217, 105, 0, 40.05%, 6, 0, 8, 441.53, 335294, 163, 14, 0
783, 1, 96, 219, 107, 0, 40.29%, 6, 0, 8, 427.27, 337516, 164, 14, 0
788, 1, 96, 220, 108, 0, 40.29%, 6, 0, 8, 434.91, 339723, 164, 14, 0
793, 1, 96, 222, 110, 0, 40.29%, 6, 0, 8, 432.99, 341953, 164, 14, 0
798, 1, 96, 222, 110, 0, 40.29%, 6, 0, 8, 466.46, 344335, 164, 14, 0
803, 1, 129, 222, 108, 0, 40.29%, 6, 0, 8, 436.65, 346467, 164, 14, 0
808, 1, 190, 223, 108, 0, 40.29%, 6, 0, 8, 422.58, 348600, 164, 14, 0
813, 1, 27, 223, 107, 0, 40.29%, 6, 0, 8, 433.85, 350791, 164, 14, 0
818, 1, 191, 223, 104, 0, 40.29%, 6, 0, 8, 446.26, 353057, 164, 14, 0
823, 1, 182, 223, 103, 0, 40.29%, 6, 0, 8, 430.30, 355232, 164, 14, 0
828, 1, 25, 223, 100, 0, 40.29%, 6, 0, 8, 445.71, 357547, 164, 14, 0
833, 1, 42, 224, 100, 0, 40.29%, 6, 0, 8, 431.94, 359743, 164, 14, 0
838, 1, 179, 224, 98, 0, 40.29%, 6, 0, 8, 442.19, 361982, 164, 14, 0
843, 1, 160, 224, 96, 0, 40.29%, 6, 0, 8, 416.19, 364060, 164, 14, 0
848, 1, 79, 224, 94, 0, 40.29%, 6, 0, 8, 374.98, 365880, 164, 14, 0
853, 1, 203, 224, 91, 0, 40.29%, 6, 0, 8, 394.48, 367921, 164, 14, 0
859, 1, 221, 224, 89, 0, 40.29%, 6, 0, 8, 413.11, 369950, 164, 14, 0
864, 1, 46, 225, 88, 0, 40.29%, 6, 0, 8, 406.00, 371973, 164, 14, 0
869, 1, 167, 227, 88, 0, 40.29%, 6, 0, 8, 411.81, 374073, 164, 14, 0
874, 1, 91, 228, 87, 0, 40.29%, 6, 0, 8, 441.66, 376462, 164, 14, 0
879, 1, 183, 228, 86, 0, 40.29%, 6, 0, 8, 431.53, 378550, 164, 14, 0
884, 1, 151, 228, 84, 0, 40.29%, 6, 0, 8, 391.78, 380481, 164, 14, 0
889, 1, 86, 228, 82, 0, 40.29%, 6, 0, 8, 422.90, 382707, 164, 14, 0
894, 1, 128, 228, 80, 0, 40.29%, 6, 0, 8, 404.24, 384805, 164, 14, 0
899, 1, 123, 228, 78, 0, 40.29%, 6, 0, 8, 426.61, 387060, 164, 15, 0
904, 1, 94, 228, 77, 0, 40.29%, 6, 0, 8, 388.50, 389082, 164, 15, 0
