# relative_time, cycles_done, cur_item, corpus_count, pending_total, pending_favs, map_size, saved_crashes, saved_hangs, max_depth, execs_per_sec, total_execs, edges_found, total_crashes, servers_count
60, 0, 82, 169, 144, 24, 46.19%, 1, 0, 4, 2081.68, 121845, 188, 1, 0
66, 0, 82, 180, 155, 24, 46.93%, 1, 0, 4, 2035.44, 132146, 191, 1, 0
71, 0, 82, 187, 162, 24, 46.93%, 1, 0, 4, 1961.26, 141782, 191, 1, 0
76, 0, 82, 190, 165, 24, 46.93%, 1, 0, 4, 1749.42, 151200, 191, 1, 0
81, 0, 82, 195, 170, 24, 46.93%, 1, 0, 4, 2032.66, 161733, 191, 1, 0
86, 0, 82, 196, 171, 24, 46.93%, 1, 0, 4, 2028.96, 171940, 191, 1, 0
91, 0, 130, 222, 194, 23, 46.93%, 1, 0, 4, 1972.14, 181761, 191, 1, 0
96, 0, 130, 231, 203, 23, 46.93%, 1, 0, 4, 1887.60, 191151, 191, 1, 0
101, 0, 130, 236, 208, 23, 47.17%, 1, 0, 4, 1929.80, 201491, 192, 1, 0
106, 0, 232, 242, 212, 23, 47.17%, 1, 0, 4, 1947.83, 211245, 192, 1, 0
111, 0, 232, 247, 217, 23, 47.17%, 1, 0, 4, 2025.36, 221504, 192, 1, 0
116, 0, 126, 247, 208, 15, 47.17%, 1, 0, 4, 1864.21, 230727, 192, 1, 0
122, 0, 34, 248, 200, 7, 47.17%, 1, 0, 4, 1965.39, 240671, 192, 1, 0
127, 0, 231, 259, 209, 5, 47.42%, 1, 0, 4, 2037.21, 250841, 193, 1, 0
132, 0, 148, 263, 197, 0, 47.67%, 1, 0, 4, 2049.90, 261143, 194, 1, 0
137, 0, 253, 274, 205, 0, 47.91%, 1, 0, 4, 2025.24, 270768, 195, 1, 0
142, 0, 47, 278, 206, 0, 47.91%, 1, 0, 4, 1986.76, 280752, 195, 1, 0
147, 0, 273, 294, 220, 0, 47.91%, 1, 0, 5, 1943.18, 290244, 195, 1, 0
152, 0, 282, 297, 220, 0, 47.91%, 1, 0, 5, 1851.25, 299351, 195, 1, 0
157, 0, 268, 298, 213, 0, 47.91%, 1, 0, 5, 1908.30, 308941, 195, 1, 0
162, 0, 142, 306, 214, 0, 47.91%, 1, 0, 5, 1890.67, 318653, 195, 1, 0
167, 0, 335, 336, 241, 7, 55.28%, 1, 0, 5, 1971.80, 328822, 225, 1, 0
173, 0, 357, 372, 270, 5, 55.77%, 1, 0, 5, 1953.36, 339013, 227, 1, 0
178, 0, 373, 378, 274, 5, 56.02%, 1, 0, 5, 1786.62, 347865, 228, 1, 0
183, 0, 349, 381, 271, 1, 56.27%, 1, 0, 6, 1961.76, 356843, 229, 1, 0
188, 0, 382, 384, 265, 0, 56.27%, 1, 0, 6, 2045.25, 366001, 229, 1, 0
193, 0, 346, 387, 258, 0, 56.27%, 1, 0, 6, 2041.46, 376416, 229, 1, 0
198, 0, 368, 387, 250, 0, 56.27%, 1, 0, 6, 1702.30, 385429, 229, 1, 0
203, 0, 303, 396, 257, 0, 57.00%, 1, 0, 6, 2097.77, 394944, 232, 1, 0
209, 0, 248, 399, 251, 0, 57.00%, 1, 0, 6, 1983.48, 405090, 232, 1, 0
214, 0, 122, 399, 243, 0, 57.00%, 1, 0, 6, 1948.44, 414522, 232, 1, 0
219, 0, 380, 400, 236, 0, 57.00%, 1, 0, 6, 2052.79, 424651, 232, 1, 0
224, 1, 345, 400, 225, 0, 57.00%, 1, 0, 6, 1975.17, 434342, 232, 1, 0
229, 1, 343, 403, 215, 0, 57.00%, 1, 0, 6, 1876.67, 443597, 232, 1, 0
234, 1, 294, 412, 223, 0, 57.00%, 1, 0, 6, 1946.88, 453560, 232, 1, 0
239, 1, 295, 414, 217, 0, 57.00%, 1, 0, 6, 2011.52, 464226, 232, 1, 0
244, 1, 337, 414, 199, 0, 57.00%, 1, 0, 6, 292.18, 473515, 232, 1, 0
249, 1, 0, 415, 187, 0, 57.00%, 1, 0, 6, 1620.25, 483269, 232, 1, 0
254, 1, 309, 417, 177, 0, 57.00%, 1, 0, 6, 1934.29, 493114, 232, 1, 0
260, 1, 316, 419, 169, 0, 57.00%, 1, 0, 6, 1898.17, 502742, 232, 1, 0
265, 1, 178, 420, 158, 0, 57.00%, 1, 0, 7, 2032.98, 513309, 232, 1, 0
270, 1, 311, 420, 148, 0, 57.00%, 1, 0, 7, 1822.96, 522539, 232, 1, 0
275, 1, 132, 421, 138, 0, 57.00%, 1, 0, 7, 1997.61, 532433, 232, 1, 0
280, 1, 331, 422, 125, 0, 57.00%, 1, 0, 7, 1921.20, 542292, 232, 1, 0
285, 1, 250, 424, 115, 0, 57.00%, 1, 0, 7, 1805.86, 551709, 232, 1, 0
290, 1, 291, 424, 106, 0, 57.00%, 1, 0, 7, 1909.81, 560648, 232, 1, 0
296, 1, 150, 424, 97, 0, 57.00%, 1, 0, 7, 1795.06, 569850, 232, 1, 0
301, 1, 314, 424, 85, 0, 57.00%, 1, 0, 7, 1933.00, 579795, 232, 1, 0
306, 1, 366, 424, 74, 0, 57.00%, 1, 0, 7, 1942.72, 589499, 232, 1, 0
311, 1, 417, 424, 64, 0, 57.00%, 1, 0, 7, 1943.83, 599184, 232, 1, 0
316, 1, 304, 435, 74, 0, 57.49%, 1, 0, 7, 1714.16, 607759, 234, 1, 0
321, 1, 426, 437, 72, 0, 57.49%, 1, 0, 7, 1878.07, 617604, 234, 1, 0
326, 1, 148, 439, 65, 0, 57.49%, 1, 0, 7, 1644.32, 625953, 234, 1, 0
331, 1, 349, 441, 58, 0, 57.99%, 1, 0, 7, 1834.27, 635651, 236, 1, 0
337, 2, 461, 504, 113, 9, 60.69%, 2, 0, 7, 1911.78, 645251, 247, 2, 0
342, 2, 482, 504, 105, 1, 60.69%, 2, 0, 7, 1937.97, 655264, 247, 2, 0
347, 2, 495, 504, 97, 0, 60.69%, 2, 0, 7, 1773.07, 664239, 247, 2, 0
352, 2, 285, 504, 87, 0, 60.69%, 2, 0, 7, 1940.72, 674297, 247, 2, 0
357, 2, 471, 504, 79, 0, 60.69%, 2, 0, 7, 1856.61, 683701, 247, 2, 0
362, 2, 462, 504, 71, 0, 60.69%, 2, 0, 7, 1927.02, 693578, 247, 2, 0
367, 2, 330, 504, 61, 0, 60.69%, 2, 0, 7, 2003.95, 704180, 247, 2, 0
372, 2, 215, 504, 52, 0, 60.69%, 2, 0, 7, 2029.00, 714421, 247, 2, 0
377, 2, 476, 504, 42, 0, 60.69%, 2, 0, 7, 1978.71, 724327, 247, 2, 0
382, 2, 96, 504, 34, 0, 60.69%, 2, 0, 7, 2029.31, 734513, 247, 2, 0
387, 2, 305, 504, 25, 0, 60.69%, 2, 0, 7, 1898.80, 743848, 247, 2, 0
392, 2, 126, 504, 17, 0, 60.69%, 2, 0, 7, 1918.44, 753379, 247, 2, 0
398, 2, 399, 504, 12, 0, 60.69%, 2, 0, 7, 1905.26, 762971, 247, 2, 0
403, 3, 506, 511, 15, 1, 60.93%, 2, 0, 7, 1931.99, 772678, 248, 2, 0
408, 3, 27, 511, 12, 0, 60.93%, 2, 0, 7, 1806.27, 781678, 248, 2, 0
413, 3, 497, 511, 10, 0, 60.93%, 2, 0, 7, 1859.93, 791456, 248, 2, 0
418, 3, 28, 512, 10, 0, 60.93%, 2, 0, 7, 1867.35, 800894, 248, 2, 0
423, 3, 506, 512, 7, 0, 60.93%, 2, 0, 7, 1714.86, 809413, 248, 2, 0
428, 3, 249, 513, 6, 0, 60.93%, 2, 0, 7, 1815.35, 819135, 248, 2, 0
433, 3, 504, 513, 5, 0, 60.93%, 2, 0, 7, 1803.75, 828926, 248, 2, 0
438, 4, 408, 515, 6, 0, 60.93%, 2, 0, 7, 1580.19, 836292, 248, 2, 0
443, 4, 497, 515, 6, 0, 60.93%, 2, 0, 7, 1909.70, 846606, 248, 2, 0
449, 4, 386, 516, 5, 0, 60.93%, 2, 0, 7, 1869.17, 856018, 248, 2, 0
454, 4, 381, 516, 4, 0, 60.93%, 2, 0, 7, 1966.64, 864872, 248, 2, 0
459, 4, 271, 516, 3, 0, 60.93%, 2, 0, 7, 1914.54, 874458, 248, 2, 0
464, 4, 479, 516, 3, 0, 60.93%, 2, 0, 7, 1855.38, 883893, 248, 2, 0
469, 5, 10, 517, 4, 0, 60.93%, 2, 0, 7, 1829.12, 893093, 248, 2, 0
474, 5, 36, 517, 4, 0, 60.93%, 2, 0, 7, 1906.32, 902719, 248, 2, 0
479, 5, 271, 517, 4, 0, 60.93%, 2, 0, 7, 1944.60, 912469, 248, 2, 0
484, 5, 313, 517, 3, 0, 60.93%, 2, 0, 7, 1940.10, 921264, 248, 2, 0
489, 5, 506, 517, 2, 0, 60.93%, 2, 0, 7, 1924.37, 930781, 248, 2, 0
495, 5, 472, 517, 2, 0, 60.93%, 2, 0, 7, 1801.22, 939712, 248, 2, 0
500, 5, 464, 517, 2, 0, 60.93%, 2, 0, 7, 1755.85, 948177, 248, 2, 0
505, 6, 28, 517, 2, 0, 60.93%, 2, 0, 7, 1907.26, 957815, 248, 2, 0
510, 6, 377, 517, 2, 0, 60.93%, 2, 0, 7, 1879.88, 967457, 248, 2, 0
515, 6, 96, 517, 2, 0, 60.93%, 2, 0, 7, 1837.48, 976446, 248, 2, 0
520, 6, 32, 517, 2, 0, 60.93%, 2, 0, 7, 1658.27, 984636, 248, 2, 0
525, 6, 461, 517, 2, 0, 60.93%, 2, 0, 7, 1952.21, 994884, 248, 2, 0
530, 7, 14, 517, 2, 0, 60.93%, 2, 0, 7, 1831.96, 1004318, 248, 2, 0
535, 7, 379, 517, 2, 0, 60.93%, 2, 0, 7, 1938.27, 1014447, 248, 2, 0
540, 7, 506, 517, 1, 0, 60.93%, 2, 0, 7, 2005.45, 1024589, 248, 2, 0
545, 7, 75, 517, 1, 0, 60.93%, 2, 0, 7, 1928.18, 1034206, 248, 2, 0
550, 7, 332, 517, 1, 0, 60.93%, 2, 0, 7, 1882.86, 1043431, 248, 2, 0
555, 7, 27, 517, 1, 0, 60.93%, 2, 0, 7, 1825.78, 1052144, 248, 2, 0
561, 8, 450, 524, 5, 0, 62.16%, 2, 0, 7, 1641.18, 1059857, 253, 2, 0
566, 8, 488, 524, 4, 0, 62.16%, 2, 0, 7, 1919.12, 1069871, 253, 2, 0
571, 8, 363, 524, 3, 0, 62.16%, 2, 0, 7, 1912.10, 1080037, 253, 2, 0
576, 8, 327, 524, 3, 0, 62.16%, 2, 0, 7, 1965.28, 1089572, 253, 2, 0
581, 8, 380, 524, 3, 0, 62.16%, 2, 0, 7, 1964.62, 1099635, 253, 2, 0
586, 8, 157, 524, 3, 0, 62.16%, 2, 0, 7, 1980.45, 1109914, 253, 2, 0
591, 9, 477, 524, 2, 0, 62.16%, 2, 0, 7, 1801.95, 1118726, 253, 2, 0
596, 9, 408, 524, 1, 0, 62.16%, 2, 0, 7, 1806.13, 1127996, 253, 2, 0
598, 9, 352, 524, 1, 0, 62.16%, 2, 0, 7, 1872.25, 1131245, 253, 2, 0
