# relative_time, cycles_done, cur_item, corpus_count, pending_total, pending_favs, map_size, saved_crashes, saved_hangs, max_depth, execs_per_sec, total_execs, edges_found, total_crashes, servers_count
60, 0, 9, 73, 68, 3, 31.45%, 0, 0, 2, 414.52, 26920, 128, 0, 0
66, 0, 9, 74, 69, 3, 31.70%, 0, 0, 2, 418.83, 29015, 129, 0, 0
71, 0, 9, 76, 71, 3, 31.70%, 0, 0, 2, 418.43, 31165, 129, 0, 0
76, 0, 9, 77, 72, 3, 31.70%, 0, 0, 2, 430.49, 33460, 129, 0, 0
81, 0, 9, 77, 72, 3, 31.70%, 0, 0, 2, 434.75, 35612, 129, 0, 0
86, 0, 9, 77, 72, 3, 31.70%, 0, 0, 2, 463.00, 37930, 129, 0, 0
91, 0, 9, 77, 72, 3, 31.70%, 0, 0, 2, 443.89, 40162, 129, 0, 0
96, 0, 9, 79, 74, 3, 31.70%, 0, 0, 2, 466.50, 42435, 129, 0, 0
101, 0, 9, 79, 74, 3, 31.70%, 0, 0, 2, 425.72, 44546, 129, 0, 0
106, 0, 9, 79, 74, 3, 31.70%, 0, 0, 2, 437.24, 46730, 129, 0, 0
111, 0, 9, 79, 74, 3, 31.70%, 0, 0, 2, 403.66, 48755, 129, 0, 0
116, 0, 9, 79, 74, 3, 31.70%, 0, 0, 2, 439.28, 51019, 129, 0, 0
121, 0, 9, 79, 74, 3, 31.70%, 0, 0, 2, 430.66, 53203, 129, 0, 0
126, 0, 45, 109, 103, 28, 36.36%, 0, 0, 3, 430.07, 55361, 148, 0, 0
131, 0, 45, 115, 109, 28, 36.36%, 0, 0, 3, 385.93, 57304, 148, 0, 0
136, 0, 45, 118, 112, 28, 36.61%, 0, 0, 3, 418.70, 59409, 149, 0, 0
141, 0, 45, 119, 113, 28, 36.61%, 0, 0, 3, 432.00, 61608, 149, 0, 0
146, 0, 45, 119, 113, 28, 36.61%, 0, 0, 3, 433.78, 63776, 149, 0, 0
151, 0, 45, 120, 114, 28, 36.61%, 0, 0, 3, 427.25, 65887, 149, 0, 0
157, 0, 116, 120, 113, 28, 36.61%, 0, 0, 3, 402.66, 67895, 149, 0, 0
162, 0, 116, 128, 121, 28, 36.86%, 0, 0, 4, 417.67, 70053, 150, 0, 0
167, 0, 116, 132, 125, 28, 36.86%, 0, 0, 4, 432.10, 72214, 150, 0, 0
172, 0, 116, 134, 127, 28, 36.86%, 0, 0, 4, 428.76, 74391, 150, 0, 0
177, 0, 116, 138, 131, 28, 36.86%, 0, 0, 4, 431.77, 76595, 150, 0, 0
182, 0, 116, 140, 133, 28, 36.86%, 0, 0, 4, 438.14, 78761, 150, 0, 0
187, 0, 116, 141, 134, 28, 36.86%, 0, 0, 4, 427.69, 80976, 150, 0, 0
192, 0, 87, 146, 132, 21, 37.59%, 0, 0, 4, 454.70, 83324, 153, 0, 0
197, 0, 87, 153, 139, 21, 39.56%, 0, 0, 4, 433.39, 85497, 161, 0, 0
202, 0, 87, 156, 142, 21, 40.29%, 0, 0, 4, 428.03, 87639, 164, 0, 0
207, 0, 87, 157, 143, 21, 40.29%, 0, 0, 4, 442.44, 89930, 164, 0, 0
213, 0, 87, 158, 144, 21, 40.29%, 0, 0, 4, 441.94, 92109, 164, 0, 0
218, 0, 87, 158, 144, 21, 40.29%, 0, 0, 4, 443.24, 94382, 164, 0, 0
223, 0, 80, 158, 143, 25, 40.29%, 0, 0, 4, 459.83, 96700, 164, 0, 0
228, 0, 157, 159, 141, 22, 40.29%, 0, 0, 4, 441.24, 98947, 164, 0, 0
233, 0, 157, 165, 147, 22, 42.51%, 0, 0, 4, 447.51, 101209, 173, 0, 0
238, 0, 164, 182, 163, 21, 42.75%, 0, 0, 4, 438.67, 103388, 174, 0, 0
243, 0, 144, 182, 161, 20, 42.75%, 0, 0, 4, 398.00, 105381, 174, 0, 0
248, 0, 99, 182, 159, 18, 42.75%, 0, 0, 4, 421.24, 107524, 174, 0, 0
253, 0, 99, 182, 159, 18, 42.75%, 0, 0, 4, 417.25, 109639, 174, 0, 0
258, 0, 99, 182, 159, 18, 42.75%, 0, 0, 4, 394.28, 111601, 174, 0, 0
263, 0, 99, 182, 159, 18, 42.75%, 0, 0, 4, 414.54, 113655, 174, 0, 0
268, 0, 152, 182, 157, 16, 42.75%, 0, 0, 4, 425.49, 115730, 174, 0, 0
273, 0, 178, 182, 156, 15, 42.75%, 0, 0, 4, 441.72, 117986, 174, 0, 0
278, 0, 182, 184, 157, 15, 42.75%, 0, 0, 5, 421.00, 120159, 174, 0, 0
283, 0, 7, 189, 160, 13, 44.72%, 0, 0, 5, 444.61, 122413, 182, 0, 0
288, 0, 136, 193, 162, 15, 44.96%, 0, 0, 5, 461.75, 124803, 183, 0, 0
294, 0, 136, 195, 164, 15, 44.96%, 0, 0, 5, 413.53, 126816, 183, 0, 0
299, 0, 136, 196, 165, 15, 44.96%, 0, 0, 5, 414.68, 128951, 183, 0, 0
304, 0, 136, 196, 165, 15, 44.96%, 0, 0, 5, 423.16, 131239, 183, 0, 0
309, 0, 136, 196, 165, 15, 44.96%, 0, 0, 5, 419.36, 133415, 183, 0, 0
314, 0, 57, 201, 168, 13, 45.70%, 0, 0, 5, 452.31, 135676, 186, 0, 0
319, 0, 57, 205, 172, 13, 45.70%, 0, 0, 5, 409.27, 137712, 186, 0, 0
324, 0, 57, 207, 174, 13, 45.70%, 0, 0, 5, 408.75, 139806, 186, 0, 0
329, 0, 57, 209, 176, 13, 45.95%, 0, 0, 5, 435.82, 142012, 187, 0, 0
335, 0, 57, 210, 177, 13, 45.95%, 0, 0, 5, 450.32, 144379, 187, 0, 0
340, 0, 57, 210, 177, 13, 45.95%, 0, 0, 5, 467.65, 146698, 187, 0, 0
345, 0, 57, 212, 179, 13, 45.95%, 0, 0, 5, 445.58, 148969, 187, 0, 0
350, 0, 57, 214, 181, 13, 45.95%, 0, 0, 5, 437.49, 151208, 187, 0, 0
355, 0, 57, 215, 182, 13, 45.95%, 0, 0, 5, 429.69, 153391, 187, 0, 0
360, 0, 57, 215, 182, 13, 45.95%, 0, 0, 5, 408.21, 155479, 187, 0, 0
365, 0, 57, 217, 184, 13, 45.95%, 0, 0, 5, 417.88, 157557, 187, 0, 0
370, 0, 57, 218, 185, 13, 45.95%, 0, 0, 5, 435.26, 159756, 187, 0, 0
375, 0, 57, 219, 186, 13, 45.95%, 0, 0, 5, 386.74, 161725, 187, 0, 0
380, 0, 57, 221, 188, 13, 46.19%, 0, 0, 5, 406.86, 163833, 188, 0, 0
385, 0, 57, 225, 192, 13, 46.19%, 0, 0, 5, 421.17, 165965, 188, 0, 0
390, 0, 57, 227, 194, 13, 46.19%, 0, 0, 5, 402.68, 167948, 188, 0, 0
395, 0, 57, 227, 194, 13, 46.19%, 0, 0, 5, 413.65, 170051, 188, 0, 0
400, 0, 57, 227, 194, 13, 46.19%, 0, 0, 5, 421.02, 172203, 188, 0, 0
405, 0, 57, 229, 196, 13, 46.19%, 0, 0, 5, 402.25, 174249, 188, 0, 0
411, 0, 57, 231, 198, 13, 46.19%, 0, 0, 5, 436.95, 176463, 188, 0, 0
416, 0, 57, 231, 198, 13, 46.19%, 0, 0, 5, 435.37, 178647, 188, 0, 0
421, 0, 57, 232, 199, 13, 46.19%, 0, 0, 5, 444.92, 180854, 188, 0, 0
426, 0, 57, 234, 201, 13, 46.19%, 0, 0, 5, 448.79, 183052, 188, 0, 0
431, 0, 57, 234, 201, 13, 46.19%, 0, 0, 5, 445.64, 185268, 188, 0, 0
436, 0, 137, 234, 198, 13, 46.19%, 0, 0, 5, 473.92, 187631, 188, 0, 0
441, 0, 132, 237, 200, 12, 46.19%, 0, 0, 5, 452.97, 189941, 188, 0, 0
446, 0, 132, 238, 201, 12, 46.19%, 0, 0, 5, 451.56, 192279, 188, 0, 0
451, 0, 132, 240, 203, 12, 46.19%, 0, 0, 5, 433.72, 194435, 188, 0, 0
456, 0, 132, 240, 203, 12, 46.19%, 0, 0, 5, 419.15, 196563, 188, 0, 0
461, 0, 132, 240, 203, 12, 46.19%, 0, 0, 5, 432.39, 198771, 188, 0, 0
466, 0, 132, 241, 204, 12, 46.19%, 0, 0, 5, 406.30, 200730, 188, 0, 0
471, 0, 132, 242, 205, 12, 46.19%, 0, 0, 5, 403.27, 202761, 188, 0, 0
476, 0, 132, 242, 205, 12, 46.19%, 0, 0, 5, 391.54, 204793, 188, 0, 0
481, 0, 132, 242, 205, 12, 46.19%, 0, 0, 5, 418.55, 206929, 188, 0, 0
487, 0, 132, 242, 205, 12, 46.19%, 0, 0, 5, 433.24, 209161, 188, 0, 0
492, 0, 132, 243, 206, 12, 46.19%, 0, 0, 5, 457.54, 211466, 188, 0, 0
497, 0, 132, 243, 206, 12, 46.19%, 0, 0, 5, 396.82, 213494, 188, 0, 0
502, 0, 132, 243, 206, 12, 46.19%, 0, 0, 5, 392.37, 215601, 188, 0, 0
507, 0, 132, 244, 207, 12, 46.19%, 0, 0, 5, 429.34, 217839, 188, 0, 0
512, 0, 132, 244, 207, 12, 46.19%, 0, 0, 5, 448.99, 220113, 188, 0, 0
517, 0, 132, 245, 208, 12, 46.19%, 0, 0, 5, 462.47, 222505, 188, 0, 0
522, 0, 132, 245, 208, 12, 46.19%, 0, 0, 5, 479.08, 224971, 188, 0, 0
527, 0, 132, 245, 208, 12, 46.19%, 0, 0, 5, 457.23, 227221, 188, 0, 0
532, 0, 79, 245, 203, 7, 46.19%, 0, 0, 5, 430.13, 229417, 188, 0, 0
537, 0, 188, 251, 207, 6, 46.68%, 1, 0, 5, 470.41, 231847, 190, 1, 0
543, 0, 188, 255, 211, 6, 46.68%, 1, 0, 5, 464.49, 234092, 190, 1, 0
548, 0, 188, 255, 211, 6, 46.68%, 1, 0, 5, 446.92, 236258, 190, 1, 0
553, 0, 188, 255, 211, 6, 46.68%, 1, 0, 5, 439.79, 238498, 190, 1, 0
558, 0, 188, 256, 212, 6, 46.68%, 1, 0, 5, 437.10, 240777, 190, 1, 0
563, 0, 188, 257, 213, 6, 46.68%, 1, 0, 5, 446.41, 243080, 190, 1, 0
568, 0, 188, 257, 213, 6, 46.68%, 1, 0, 5, 425.93, 245288, 190, 1, 0
573, 0, 188, 257, 213, 6, 46.68%, 1, 0, 5, 428.90, 247448, 190, 1, 0
578, 0, 188, 257, 213, 6, 46.68%, 1, 0, 5, 443.81, 249688, 190, 1, 0
583, 0, 188, 258, 214, 6, 46.68%, 1, 0, 5, 431.82, 251815, 190, 1, 0
588, 0, 188, 258, 214, 6, 46.68%, 1, 0, 5, 411.38, 253951, 190, 1, 0
593, 0, 188, 258, 214, 6, 46.68%, 1, 0, 5, 444.12, 256151, 190, 1, 0
598, 0, 188, 258, 214, 6, 46.68%, 1, 0, 5, 427.94, 258311, 190, 1, 0
603, 0, 188, 258, 214, 6, 46.68%, 1, 0, 5, 438.49, 260575, 190, 1, 0
608, 0, 188, 258, 214, 6, 46.68%, 1, 0, 5, 416.23, 262663, 190, 1, 0
613, 0, 188, 259, 215, 6, 46.68%, 1, 0, 5, 406.73, 264758, 190, 1, 0
618, 0, 188, 261, 217, 6, 46.68%, 1, 0, 5, 414.54, 266868, 190, 1, 0
623, 0, 188, 261, 217, 6, 46.68%, 1, 0, 5, 398.48, 268932, 190, 1, 0
628, 0, 189, 261, 215, 6, 46.68%, 1, 0, 5, 429.89, 271152, 190, 1, 0
633, 0, 254, 262, 214, 4, 46.68%, 1, 0, 5, 420.25, 273259, 190, 1, 0
638, 0, 185, 262, 211, 1, 46.68%, 1, 0, 5, 435.20, 275450, 190, 1, 0
644, 0, 262, 266, 214, 2, 47.17%, 1, 0, 5, 404.25, 277544, 192, 1, 0
649, 0, 0, 266, 209, 1, 47.17%, 1, 0, 5, 434.53, 279816, 192, 1, 0
654, 0, 263, 267, 208, 1, 47.17%, 1, 0, 5, 460.32, 282217, 192, 1, 0
659, 0, 87, 267, 207, 0, 47.17%, 1, 0, 5, 426.20, 284344, 192, 1, 0
664, 0, 32, 267, 206, 0, 47.17%, 1, 0, 5, 438.92, 286571, 192, 1, 0
669, 0, 178, 268, 204, 0, 47.17%, 1, 0, 6, 415.43, 288702, 192, 1, 0
674, 0, 116, 268, 202, 0, 47.17%, 1, 0, 6, 408.79, 290837, 192, 1, 0
679, 0, 247, 268, 200, 0, 47.17%, 1, 0, 6, 413.87, 292940, 192, 1, 0
685, 0, 254, 269, 199, 0, 47.17%, 1, 0, 6, 402.47, 294979, 192, 1, 0
690, 0, 241, 270, 199, 0, 47.17%, 1, 0, 6, 420.84, 297109, 192, 1, 0
695, 0, 175, 271, 199, 0, 47.17%, 1, 0, 6, 413.01, 299158, 192, 1, 0
700, 0, 19, 273, 199, 0, 47.17%, 1, 0, 6, 417.24, 301276, 192, 1, 0
705, 0, 270, 273, 195, 0, 47.17%, 1, 0, 6, 432.52, 303465, 192, 1, 0
710, 0, 166, 275, 195, 0, 47.17%, 1, 0, 6, 420.67, 305621, 192, 1, 0
715, 0, 209, 275, 192, 0, 47.17%, 1, 0, 6, 434.63, 307838, 192, 1, 0
720, 0, 132, 275, 189, 0, 47.17%, 1, 0, 6, 386.09, 309693, 192, 1, 0
725, 0, 87, 275, 188, 0, 47.17%, 1, 0, 6, 397.88, 311740, 192, 1, 0
730, 0, 33, 275, 186, 0, 47.17%, 1, 0, 6, 407.70, 313783, 192, 1, 0
735, 0, 157, 275, 182, 0, 47.17%, 1, 0, 6, 412.74, 315890, 192, 1, 0
740, 0, 270, 275, 179, 0, 47.17%, 1, 0, 6, 443.62, 318150, 192, 1, 0
745, 0, 256, 276, 178, 0, 47.17%, 1, 0, 6, 412.95, 320251, 192, 1, 0
750, 0, 75, 277, 177, 0, 47.17%, 1, 0, 6, 398.12, 322218, 192, 1, 0
755, 0, 235, 277, 174, 0, 47.17%, 1, 0, 6, 421.08, 324377, 192, 1, 0
760, 0, 142, 277, 173, 0, 47.17%, 1, 0, 6, 398.59, 326362, 192, 1, 0
765, 0, 238, 277, 171, 0, 47.17%, 1, 0, 6, 462.86, 328247, 192, 1, 0
771, 0, 154, 277, 169, 0, 47.17%, 1, 0, 6, 419.34, 330294, 192, 1, 0
776, 0, 236, 277, 166, 0, 47.17%, 1, 0, 6, 437.72, 332460, 192, 1, 0
781, 0, 123, 279, 166, 0, 47.17%, 1, 0, 6, 466.52, 334738, 192, 1, 0
786, 0, 36, 279, 163, 0, 47.17%, 1, 0, 6, 429.65, 336838, 192, 1, 0
791, 0, 117, 279, 161, 0, 47.17%, 1, 0, 6, 416.39, 338927, 192, 1, 0
796, 0, 262, 280, 160, 0, 47.17%, 1, 0, 6, 442.41, 341137, 192, 1, 0
801, 0, 163, 281, 160, 0, 47.17%, 1, 0, 6, 437.05, 343285, 192, 1, 0
806, 0, 102, 281, 157, 0, 47.17%, 1, 0, 6, 403.86, 345322, 192, 1, 0
811, 0, 137, 281, 156, 0, 47.17%, 1, 0, 6, 406.79, 347348, 192, 1, 0
816, 1, 70, 282, 156, 0, 47.17%, 1, 0, 6, 418.19, 349512, 192, 1, 0
821, 1, 176, 284, 155, 0, 47.17%, 1, 0, 6, 428.89, 351664, 192, 1, 0
826, 1, 30, 284, 153, 0, 47.17%, 1, 0, 6, 422.33, 353749, 192, 1, 0
831, 1, 179, 284, 150, 0, 47.17%, 1, 0, 6, 421.84, 355951, 192, 1, 0
836, 1, 96, 284, 149, 0, 47.17%, 1, 0, 6, 407.91, 357990, 192, 1, 0
841, 1, 284, 285, 148, 1, 47.42%, 1, 0, 6, 386.18, 360001, 193, 1, 0
847, 1, 284, 285, 148, 1, 47.42%, 1, 0, 6, 407.75, 362124, 193, 1, 0
852, 1, 284, 285, 148, 1, 47.42%, 1, 0, 6, 406.10, 364204, 193, 1, 0
857, 1, 284, 285, 148, 1, 47.42%, 1, 0, 6, 381.19, 366128, 193, 1, 0
862, 1, 284, 285, 148, 1, 47.42%, 1, 0, 6, 398.34, 368172, 193, 1, 0
867, 1, 143, 285, 146, 0, 47.42%, 1, 0, 6, 415.17, 370336, 193, 1, 0
872, 1, 281, 285, 144, 0, 47.42%, 1, 0, 6, 437.35, 372549, 193, 1, 0
877, 1, 217, 286, 141, 0, 47.67%, 1, 0, 6, 433.24, 374704, 194, 1, 0
882, 1, 151, 286, 136, 0, 47.67%, 1, 0, 6, 431.08, 376940, 194, 1, 0
887, 1, 138, 287, 134, 0, 47.67%, 1, 0, 6, 407.94, 379020, 194, 1, 0
892, 1, 178, 287, 130, 0, 47.67%, 1, 0, 6, 461.66, 381477, 194, 1, 0
897, 1, 148, 287, 127, 0, 47.67%, 1, 0, 6, 443.78, 383676, 194, 1, 0
902, 1, 162, 287, 124, 0, 47.67%, 1, 0, 6, 435.96, 385789, 194, 1, 0
904, 1, 44, 288, 124, 0, 47.67%, 1, 0, 6, 409.66, 386571, 194, 1, 0
