# relative_time, cycles_done, cur_item, corpus_count, pending_total, pending_favs, map_size, saved_crashes, saved_hangs, max_depth, execs_per_sec, total_execs, edges_found, total_crashes, servers_count
61, 0, 9, 65, 60, 4, 30.96%, 0, 0, 2, 422.95, 25784, 126, 0, 0
66, 0, 9, 65, 60, 4, 30.96%, 0, 0, 2, 429.92, 27960, 126, 0, 0
71, 0, 9, 66, 61, 4, 30.96%, 0, 0, 2, 435.49, 30159, 126, 0, 0
76, 0, 9, 67, 62, 4, 31.20%, 0, 0, 2, 393.47, 32113, 127, 0, 0
81, 0, 9, 68, 63, 4, 31.20%, 0, 0, 2, 402.81, 34181, 127, 0, 0
86, 0, 9, 69, 64, 4, 31.20%, 0, 0, 2, 399.44, 36160, 127, 0, 0
91, 0, 9, 69, 64, 4, 31.20%, 0, 0, 2, 400.75, 38141, 127, 0, 0
96, 0, 9, 69, 64, 4, 31.20%, 0, 0, 2, 421.23, 40293, 127, 0, 0
101, 0, 9, 69, 64, 4, 31.20%, 0, 0, 2, 437.95, 42485, 127, 0, 0
106, 0, 9, 69, 64, 4, 31.20%, 0, 0, 2, 425.83, 44621, 127, 0, 0
111, 0, 9, 69, 64, 4, 31.20%, 0, 0, 2, 422.07, 46765, 127, 0, 0
116, 0, 9, 69, 64, 4, 31.20%, 0, 0, 2, 411.89, 48869, 127, 0, 0
121, 0, 9, 69, 64, 4, 31.20%, 0, 0, 2, 429.51, 51150, 127, 0, 0
127, 0, 9, 71, 66, 4, 31.20%, 0, 0, 2, 426.28, 53284, 127, 0, 0
132, 0, 76, 119, 112, 33, 43.98%, 0, 0, 2, 413.18, 55395, 179, 0, 0
137, 0, 110, 120, 106, 27, 44.23%, 0, 0, 3, 422.84, 57551, 180, 0, 0
142, 0, 3, 128, 111, 26, 44.23%, 0, 0, 3, 417.46, 59678, 180, 0, 0
147, 0, 108, 135, 117, 26, 45.45%, 1, 0, 3, 417.78, 61799, 185, 1, 0
152, 0, 75, 135, 116, 27, 45.45%, 1, 0, 3, 427.56, 64017, 185, 1, 0
157, 0, 80, 139, 119, 26, 45.45%, 1, 0, 3, 421.10, 66169, 185, 1, 0
162, 0, 80, 147, 127, 26, 46.44%, 1, 0, 3, 438.28, 68394, 189, 1, 0
167, 0, 80, 148, 128, 26, 46.44%, 1, 0, 3, 402.65, 70417, 189, 1, 0
172, 0, 80, 148, 128, 26, 46.44%, 1, 0, 3, 407.41, 72530, 189, 1, 0
177, 0, 145, 148, 127, 28, 46.44%, 1, 0, 3, 434.33, 74706, 189, 1, 0
183, 0, 54, 149, 126, 26, 46.44%, 1, 0, 3, 436.80, 76860, 189, 1, 0
188, 0, 79, 149, 124, 24, 46.44%, 1, 0, 3, 442.41, 79112, 189, 1, 0
193, 0, 149, 151, 125, 24, 46.44%, 1, 0, 3, 412.82, 81162, 189, 1, 0
198, 0, 70, 151, 123, 22, 46.44%, 1, 0, 3, 402.50, 83189, 189, 1, 0
203, 0, 63, 159, 129, 21, 47.17%, 1, 0, 3, 465.47, 85582, 192, 1, 0
208, 0, 63, 161, 131, 21, 47.17%, 1, 0, 3, 432.72, 87750, 192, 1, 0
213, 0, 63, 164, 134, 21, 47.17%, 1, 0, 3, 426.58, 89939, 192, 1, 0
218, 0, 63, 165, 135, 21, 47.17%, 1, 0, 3, 425.95, 92146, 192, 1, 0
223, 0, 63, 169, 139, 21, 47.17%, 1, 0, 3, 418.25, 94255, 192, 1, 0
228, 0, 63, 171, 141, 21, 47.17%, 1, 0, 3, 401.07, 96245, 192, 1, 0
233, 0, 63, 172, 142, 21, 47.17%, 1, 0, 3, 397.26, 98303, 192, 1, 0
239, 0, 63, 175, 145, 21, 47.17%, 1, 0, 3, 403.42, 100362, 192, 1, 0
244, 0, 63, 177, 147, 21, 47.17%, 1, 0, 3, 420.58, 102448, 192, 1, 0
249, 0, 63, 179, 149, 21, 47.17%, 1, 0, 3, 401.62, 104462, 192, 1, 0
254, 0, 63, 179, 149, 21, 47.17%, 1, 0, 3, 427.43, 106646, 192, 1, 0
259, 0, 63, 181, 151, 21, 47.17%, 1, 0, 3, 434.85, 108884, 192, 1, 0
264, 0, 63, 182, 152, 21, 47.17%, 1, 0, 3, 433.86, 111051, 192, 1, 0
269, 0, 63, 183, 153, 21, 47.17%, 1, 0, 3, 438.95, 113211, 192, 1, 0
274, 0, 63, 183, 153, 21, 47.17%, 1, 0, 3, 425.64, 115403, 192, 1, 0
279, 0, 63, 185, 155, 21, 47.17%, 1, 0, 3, 449.57, 117717, 192, 1, 0
284, 0, 63, 186, 156, 21, 47.17%, 1, 0, 3, 374.91, 119871, 192, 1, 0
289, 0, 63, 186, 156, 21, 47.17%, 1, 0, 3, 427.07, 122160, 192, 1, 0
294, 0, 128, 187, 154, 20, 47.17%, 1, 0, 4, 414.47, 124161, 192, 1, 0
299, 0, 8, 188, 153, 19, 47.42%, 1, 0, 4, 412.60, 126315, 193, 1, 0
304, 0, 8, 188, 153, 19, 47.42%, 1, 0, 4, 376.96, 128212, 193, 1, 0
309, 0, 8, 188, 153, 19, 47.42%, 1, 0, 4, 379.85, 130095, 193, 1, 0
314, 0, 8, 188, 153, 19, 47.42%, 1, 0, 4, 380.79, 132111, 193, 1, 0
320, 0, 8, 193, 158, 19, 47.67%, 1, 0, 4, 401.41, 134183, 194, 1, 0
325, 0, 8, 193, 158, 19, 47.67%, 1, 0, 4, 415.79, 136319, 194, 1, 0
330, 0, 8, 194, 159, 19, 47.67%, 1, 0, 4, 403.18, 138334, 194, 1, 0
335, 0, 31, 196, 159, 18, 47.67%, 1, 0, 4, 435.69, 140512, 194, 1, 0
340, 0, 176, 206, 168, 17, 47.67%, 1, 0, 4, 432.93, 142710, 194, 1, 0
345, 0, 176, 208, 170, 17, 47.67%, 1, 0, 4, 436.52, 144980, 194, 1, 0
350, 0, 176, 209, 171, 17, 47.67%, 1, 0, 4, 432.81, 147139, 194, 1, 0
355, 0, 176, 213, 175, 17, 47.67%, 1, 0, 4, 419.35, 149295, 194, 1, 0
360, 0, 176, 213, 175, 17, 47.67%, 1, 0, 4, 438.25, 151567, 194, 1, 0
365, 0, 176, 213, 175, 17, 47.67%, 1, 0, 4, 420.47, 153631, 194, 1, 0
371, 0, 176, 213, 175, 17, 47.67%, 1, 0, 4, 402.55, 155703, 194, 1, 0
376, 0, 176, 214, 176, 17, 47.67%, 1, 0, 4, 456.68, 158010, 194, 1, 0
381, 0, 176, 215, 177, 17, 47.67%, 1, 0, 4, 429.80, 160101, 194, 1, 0
386, 0, 176, 215, 177, 17, 47.67%, 1, 0, 4, 411.38, 162149, 194, 1, 0
391, 0, 176, 215, 177, 17, 47.67%, 1, 0, 4, 375.38, 164085, 194, 1, 0
396, 0, 176, 216, 178, 17, 47.67%, 1, 0, 4, 402.49, 166122, 194, 1, 0
401, 0, 176, 216, 178, 17, 47.67%, 1, 0, 4, 429.25, 168300, 194, 1, 0
406, 0, 176, 216, 178, 17, 47.67%, 1, 0, 4, 434.36, 170492, 194, 1, 0
411, 0, 176, 216, 178, 17, 47.67%, 1, 0, 4, 436.62, 172708, 194, 1, 0
416, 0, 176, 216, 178, 17, 47.67%, 1, 0, 4, 398.55, 174781, 194, 1, 0
421, 0, 176, 217, 179, 17, 47.67%, 1, 0, 4, 407.96, 176867, 194, 1, 0
426, 0, 176, 217, 179, 17, 47.67%, 1, 0, 4, 414.72, 178947, 194, 1, 0
431, 0, 36, 217, 177, 16, 47.67%, 1, 0, 4, 402.33, 180880, 194, 1, 0
437, 0, 134, 217, 173, 12, 47.67%, 1, 0, 4, 377.29, 182775, 194, 1, 0
442, 0, 134, 225, 181, 12, 48.16%, 1, 0, 4, 412.19, 184943, 196, 1, 0
447, 0, 213, 226, 179, 11, 48.16%, 1, 0, 4, 434.80, 187257, 196, 1, 0
452, 0, 131, 226, 176, 8, 48.16%, 1, 0, 4, 429.24, 189321, 196, 1, 0
457, 0, 130, 227, 175, 7, 48.16%, 1, 0, 4, 407.62, 191387, 196, 1, 0
462, 0, 112, 227, 171, 4, 48.16%, 1, 0, 4, 416.13, 193542, 196, 1, 0
467, 0, 192, 227, 167, 1, 48.16%, 1, 0, 4, 398.01, 195595, 196, 1, 0
472, 0, 212, 227, 165, 0, 48.16%, 1, 0, 4, 415.23, 197712, 196, 1, 0
477, 0, 28, 227, 164, 0, 48.16%, 1, 0, 4, 402.02, 199739, 196, 1, 0
483, 0, 137, 229, 163, 0, 48.16%, 1, 0, 4, 422.65, 201885, 196, 1, 0
488, 0, 228, 229, 160, 0, 48.16%, 1, 0, 4, 432.98, 204055, 196, 1, 0
493, 0, 228, 262, 193, 0, 48.16%, 1, 0, 4, 423.97, 206150, 196, 1, 0
498, 0, 228, 267, 198, 0, 48.16%, 1, 0, 4, 417.55, 208281, 196, 1, 0
503, 0, 228, 272, 203, 0, 48.40%, 1, 0, 4, 415.31, 210388, 197, 1, 0
508, 0, 228, 276, 207, 0, 48.40%, 1, 0, 4, 441.88, 212648, 197, 1, 0
513, 0, 248, 277, 207, 2, 48.40%, 1, 0, 4, 408.45, 214703, 197, 1, 0
518, 0, 11, 277, 205, 0, 48.40%, 1, 0, 4, 407.12, 216775, 197, 1, 0
523, 0, 61, 278, 203, 0, 48.40%, 1, 0, 4, 426.41, 218976, 197, 1, 0
528, 0, 271, 281, 205, 0, 48.40%, 1, 0, 5, 439.18, 221141, 197, 1, 0
533, 0, 119, 282, 205, 0, 48.40%, 1, 0, 5, 426.07, 223263, 197, 1, 0
538, 0, 36, 282, 204, 0, 48.40%, 1, 0, 5, 422.11, 225424, 197, 1, 0
543, 0, 272, 282, 203, 0, 48.40%, 1, 0, 5, 446.14, 227696, 197, 1, 0
548, 0, 272, 287, 208, 0, 48.40%, 1, 0, 5, 430.49, 229829, 197, 1, 0
554, 0, 272, 288, 209, 0, 48.40%, 1, 0, 5, 408.90, 231884, 197, 1, 0
559, 0, 272, 290, 211, 0, 48.40%, 1, 0, 5, 421.12, 234042, 197, 1, 0
564, 0, 272, 292, 213, 0, 48.65%, 1, 0, 5, 408.77, 236072, 198, 1, 0
569, 0, 291, 292, 212, 2, 48.65%, 1, 0, 5, 406.96, 238208, 198, 1, 0
574, 0, 291, 292, 212, 2, 48.65%, 1, 0, 5, 406.44, 240277, 198, 1, 0
579, 0, 289, 292, 211, 1, 48.65%, 1, 0, 5, 404.32, 242290, 198, 1, 0
584, 0, 106, 292, 209, 0, 48.65%, 1, 0, 5, 401.41, 244357, 198, 1, 0
589, 0, 46, 292, 207, 0, 48.65%, 1, 0, 5, 407.99, 246471, 198, 1, 0
594, 0, 36, 292, 205, 0, 48.65%, 1, 0, 5, 403.81, 248563, 198, 1, 0
600, 0, 215, 293, 204, 0, 48.65%, 1, 0, 6, 427.99, 250878, 198, 1, 0
605, 0, 203, 293, 203, 0, 48.65%, 1, 0, 6, 411.46, 252887, 198, 1, 0
610, 0, 198, 293, 201, 0, 48.65%, 1, 0, 6, 406.58, 254974, 198, 1, 0
615, 0, 66, 293, 200, 0, 48.65%, 1, 0, 6, 423.86, 257095, 198, 1, 0
620, 0, 167, 293, 198, 0, 48.65%, 1, 0, 6, 413.84, 259237, 198, 1, 0
625, 0, 265, 294, 199, 0, 48.65%, 1, 0, 6, 391.52, 261281, 198, 1, 0
630, 0, 258, 294, 198, 0, 48.65%, 1, 0, 6, 432.66, 263508, 198, 1, 0
635, 0, 276, 295, 196, 0, 48.65%, 1, 0, 6, 437.72, 265754, 198, 1, 0
640, 0, 291, 295, 194, 0, 48.65%, 1, 0, 6, 425.46, 267697, 198, 1, 0
645, 0, 143, 295, 194, 0, 48.65%, 1, 0, 6, 431.96, 269854, 198, 1, 0
650, 0, 127, 296, 193, 0, 48.65%, 1, 0, 6, 410.61, 271953, 198, 1, 0
655, 0, 234, 296, 189, 0, 48.65%, 1, 0, 6, 425.12, 274133, 198, 1, 0
661, 0, 250, 296, 188, 0, 48.65%, 1, 0, 6, 409.16, 276215, 198, 1, 0
666, 0, 123, 296, 187, 0, 48.65%, 1, 0, 6, 418.15, 278306, 198, 1, 0
671, 0, 33, 296, 186, 0, 48.65%, 1, 0, 6, 413.39, 280400, 198, 1, 0
676, 0, 131, 296, 185, 0, 48.65%, 1, 0, 6, 411.96, 282507, 198, 1, 0
681, 0, 135, 296, 185, 0, 48.65%, 1, 0, 6, 413.84, 284584, 198, 1, 0
686, 0, 23, 296, 181, 0, 48.65%, 1, 0, 6, 424.59, 286674, 198, 1, 0
691, 0, 73, 296, 179, 0, 48.65%, 1, 0, 6, 406.53, 288730, 198, 1, 0
696, 0, 15, 296, 176, 0, 48.65%, 1, 0, 6, 396.81, 290762, 198, 1, 0
701, 1, 7, 296, 175, 0, 48.65%, 1, 0, 6, 398.30, 292846, 198, 1, 0
706, 1, 221, 296, 171, 0, 48.65%, 1, 0, 6, 377.66, 294840, 198, 1, 0
711, 1, 248, 296, 169, 0, 48.65%, 1, 0, 6, 404.54, 296902, 198, 1, 0
716, 1, 232, 296, 167, 0, 48.65%, 1, 0, 6, 399.96, 298918, 198, 1, 0
722, 1, 288, 298, 168, 0, 48.65%, 1, 0, 6, 410.74, 301032, 198, 1, 0
727, 1, 288, 300, 170, 0, 48.65%, 1, 0, 6, 410.09, 303038, 198, 1, 0
732, 1, 288, 301, 171, 0, 48.65%, 1, 0, 6, 387.09, 304969, 198, 1, 0
737, 1, 288, 301, 171, 0, 48.65%, 1, 0, 6, 407.30, 307109, 198, 1, 0
742, 1, 288, 301, 171, 0, 48.65%, 1, 0, 6, 435.65, 309373, 198, 1, 0
747, 1, 215, 301, 169, 0, 48.65%, 1, 0, 6, 415.02, 311482, 198, 1, 0
752, 1, 290, 302, 166, 0, 48.65%, 1, 0, 6, 423.03, 313630, 198, 1, 0
757, 1, 256, 302, 165, 0, 48.65%, 1, 0, 6, 416.15, 315720, 198, 1, 0
762, 1, 299, 302, 161, 0, 48.65%, 1, 0, 6, 416.08, 317774, 198, 1, 0
767, 1, 286, 302, 157, 0, 48.65%, 1, 0, 6, 441.55, 320025, 198, 1, 0
772, 1, 190, 302, 156, 0, 48.65%, 1, 0, 6, 415.67, 322087, 198, 1, 0
777, 1, 275, 303, 156, 0, 48.65%, 1, 0, 6, 370.27, 323975, 198, 1, 0
782, 1, 225, 305, 154, 0, 49.14%, 1, 0, 6, 397.94, 325960, 200, 1, 0
787, 1, 225, 308, 157, 0, 49.88%, 1, 0, 6, 431.50, 328234, 203, 1, 0
793, 1, 225, 308, 157, 0, 49.88%, 1, 0, 6, 420.56, 330338, 203, 1, 0
798, 1, 225, 309, 158, 0, 49.88%, 1, 0, 6, 418.42, 332465, 203, 1, 0
803, 1, 225, 310, 159, 0, 49.88%, 1, 0, 6, 406.62, 334536, 203, 1, 0
808, 1, 174, 311, 159, 3, 49.88%, 1, 0, 6, 428.37, 336748, 203, 1, 0
813, 1, 305, 311, 157, 2, 49.88%, 1, 0, 6, 448.62, 339051, 203, 1, 0
818, 1, 261, 311, 155, 0, 49.88%, 1, 0, 6, 467.93, 341440, 203, 1, 0
823, 1, 237, 311, 154, 0, 49.88%, 1, 0, 6, 419.62, 343564, 203, 1, 0
828, 1, 66, 312, 150, 0, 49.88%, 1, 0, 6, 436.09, 345759, 203, 1, 0
833, 1, 191, 312, 147, 0, 49.88%, 1, 0, 6, 411.10, 347803, 203, 1, 0
838, 1, 74, 320, 154, 0, 49.88%, 1, 0, 6, 420.03, 350004, 203, 1, 0
843, 1, 81, 320, 152, 0, 49.88%, 1, 0, 6, 419.33, 352151, 203, 1, 0
849, 1, 312, 320, 150, 0, 49.88%, 1, 0, 6, 436.43, 354331, 203, 1, 0
854, 1, 140, 320, 145, 0, 49.88%, 1, 0, 6, 429.80, 356431, 203, 1, 0
859, 1, 198, 321, 143, 0, 49.88%, 1, 0, 6, 453.79, 358759, 203, 1, 0
864, 1, 273, 321, 142, 0, 49.88%, 1, 0, 6, 460.07, 361116, 203, 1, 0
869, 1, 61, 321, 139, 0, 49.88%, 1, 0, 6, 425.65, 363244, 203, 1, 0
874, 1, 287, 321, 138, 0, 49.88%, 1, 0, 6, 430.05, 365456, 203, 1, 0
879, 1, 226, 321, 136, 0, 49.88%, 1, 0, 6, 425.80, 367573, 203, 1, 0
884, 1, 117, 321, 133, 0, 49.88%, 1, 0, 6, 405.06, 369592, 203, 1, 0
889, 1, 175, 321, 130, 0, 49.88%, 1, 0, 6, 438.96, 371926, 203, 1, 0
894, 1, 189, 321, 128, 0, 49.88%, 1, 0, 6, 425.42, 374047, 203, 1, 0
899, 1, 292, 321, 124, 0, 49.88%, 1, 0, 6, 438.02, 376239, 203, 1, 0
900, 1, 292, 321, 124, 0, 49.88%, 1, 0, 6, 430.13, 376509, 203, 1, 0
