# relative_time, cycles_done, cur_item, corpus_count, pending_total, pending_favs, map_size, saved_crashes, saved_hangs, max_depth, execs_per_sec, total_execs, edges_found, total_crashes, servers_count
60, 0, 9, 79, 74, 2, 30.71%, 0, 0, 2, 434.74, 27960, 125, 0, 0
65, 0, 9, 81, 76, 2, 30.71%, 0, 0, 2, 452.12, 30252, 125, 0, 0
70, 0, 9, 82, 77, 2, 31.70%, 0, 0, 2, 446.19, 32429, 129, 0, 0
75, 0, 9, 82, 77, 2, 31.70%, 0, 0, 2, 474.39, 34886, 129, 0, 0
80, 0, 9, 82, 77, 2, 31.70%, 0, 0, 2, 434.76, 37079, 129, 0, 0
85, 0, 9, 82, 77, 2, 31.70%, 0, 0, 2, 436.35, 39271, 129, 0, 0
90, 0, 9, 83, 78, 2, 31.70%, 0, 0, 2, 430.69, 41454, 129, 0, 0
95, 0, 9, 84, 79, 2, 31.70%, 0, 0, 2, 417.55, 43573, 129, 0, 0
101, 0, 9, 85, 80, 2, 31.70%, 0, 0, 2, 436.08, 45836, 129, 0, 0
106, 0, 9, 86, 81, 2, 31.70%, 0, 0, 2, 433.62, 48035, 129, 0, 0
111, 0, 9, 88, 83, 2, 31.70%, 0, 0, 2, 436.15, 50305, 129, 0, 0
116, 0, 9, 91, 86, 2, 31.70%, 0, 0, 2, 442.81, 52558, 129, 0, 0
121, 0, 9, 140, 134, 1, 35.87%, 0, 0, 2, 445.92, 54812, 146, 0, 0
126, 0, 115, 145, 130, 17, 36.36%, 0, 0, 3, 453.82, 57141, 148, 0, 0
131, 0, 96, 145, 129, 16, 36.36%, 0, 0, 3, 431.07, 59350, 148, 0, 0
136, 0, 146, 149, 132, 17, 42.51%, 0, 0, 3, 438.00, 61530, 173, 0, 0
141, 0, 98, 161, 143, 16, 42.51%, 0, 0, 3, 431.70, 63723, 173, 0, 0
146, 0, 124, 161, 141, 14, 42.51%, 0, 0, 3, 427.43, 65896, 173, 0, 0
151, 0, 97, 161, 138, 11, 42.51%, 0, 0, 3, 431.27, 68121, 173, 0, 0
156, 0, 138, 162, 136, 8, 42.51%, 0, 0, 3, 427.71, 70221, 173, 0, 0
161, 0, 138, 165, 139, 8, 42.51%, 0, 0, 3, 412.45, 72331, 173, 0, 0
166, 0, 138, 167, 141, 8, 42.51%, 0, 0, 3, 429.22, 74545, 173, 0, 0
171, 0, 138, 168, 142, 8, 42.51%, 0, 0, 3, 450.72, 76869, 173, 0, 0
176, 0, 138, 168, 142, 8, 42.51%, 0, 0, 3, 432.02, 79016, 173, 0, 0
181, 0, 138, 168, 142, 8, 42.51%, 0, 0, 3, 425.42, 81168, 173, 0, 0
186, 0, 138, 168, 142, 8, 42.51%, 0, 0, 3, 448.80, 83601, 173, 0, 0
192, 0, 138, 169, 143, 8, 42.51%, 0, 0, 3, 423.60, 85679, 173, 0, 0
197, 0, 138, 169, 143, 8, 42.51%, 0, 0, 3, 395.22, 87660, 173, 0, 0
202, 0, 138, 169, 143, 8, 42.51%, 0, 0, 3, 423.02, 89855, 173, 0, 0
207, 0, 138, 170, 144, 8, 42.51%, 0, 0, 3, 435.03, 92022, 173, 0, 0
212, 0, 138, 170, 144, 8, 42.51%, 0, 0, 3, 438.90, 94310, 173, 0, 0
217, 0, 138, 170, 144, 8, 42.51%, 0, 0, 3, 435.26, 96558, 173, 0, 0
222, 0, 138, 170, 144, 8, 42.51%, 0, 0, 3, 412.13, 98630, 173, 0, 0
227, 0, 8, 172, 145, 7, 42.51%, 0, 0, 3, 405.61, 100735, 173, 0, 0
232, 0, 8, 172, 145, 7, 42.51%, 0, 0, 3, 393.54, 102744, 173, 0, 0
237, 0, 8, 172, 145, 7, 42.51%, 0, 0, 3, 403.86, 104750, 173, 0, 0
242, 0, 8, 172, 145, 7, 42.51%, 0, 0, 3, 410.63, 106774, 173, 0, 0
247, 0, 30, 174, 144, 6, 42.75%, 0, 0, 3, 410.75, 108786, 174, 0, 0
252, 0, 79, 177, 144, 3, 42.75%, 0, 0, 3, 444.46, 111082, 174, 0, 0
257, 0, 158, 177, 139, 0, 42.75%, 0, 0, 3, 454.95, 113372, 174, 0, 0
262, 0, 158, 197, 159, 0, 43.00%, 0, 0, 4, 432.46, 115514, 175, 0, 0
267, 0, 158, 198, 160, 0, 43.00%, 0, 0, 4, 433.67, 117697, 175, 0, 0
272, 0, 158, 200, 162, 0, 43.00%, 0, 0, 4, 447.79, 119935, 175, 0, 0
277, 0, 194, 200, 161, 1, 43.00%, 0, 0, 4, 444.12, 122111, 175, 0, 0
283, 0, 12, 200, 159, 0, 43.00%, 0, 0, 4, 412.78, 124185, 175, 0, 0
288, 0, 58, 200, 156, 0, 43.00%, 0, 0, 4, 394.18, 126186, 175, 0, 0
293, 0, 81, 201, 151, 0, 43.00%, 0, 0, 4, 425.22, 128372, 175, 0, 0
298, 0, 190, 202, 149, 0, 43.00%, 0, 0, 4, 426.21, 130484, 175, 0, 0
303, 0, 62, 202, 146, 0, 43.00%, 0, 0, 4, 423.51, 132645, 175, 0, 0
308, 0, 155, 202, 142, 0, 43.00%, 0, 0, 4, 422.26, 134774, 175, 0, 0
313, 0, 202, 204, 143, 1, 43.00%, 0, 0, 4, 462.61, 137173, 175, 0, 0
318, 0, 197, 207, 145, 0, 43.00%, 0, 0, 5, 452.16, 139422, 175, 0, 0
323, 0, 119, 207, 143, 0, 43.00%, 0, 0, 5, 437.59, 141634, 175, 0, 0
328, 0, 141, 208, 140, 0, 43.00%, 0, 0, 5, 406.47, 143680, 175, 0, 0
333, 0, 109, 213, 143, 0, 43.00%, 0, 0, 5, 417.32, 145853, 175, 0, 0
339, 0, 109, 217, 147, 0, 43.00%, 0, 0, 5, 418.87, 147929, 175, 0, 0
344, 0, 109, 218, 148, 0, 43.00%, 0, 0, 5, 423.75, 150152, 175, 0, 0
349, 0, 109, 219, 149, 0, 43.00%, 0, 0, 5, 408.18, 152279, 175, 0, 0
354, 0, 109, 221, 151, 0, 43.00%, 0, 0, 5, 420.46, 154430, 175, 0, 0
359, 0, 109, 221, 151, 0, 43.00%, 0, 0, 5, 7.83, 156085, 175, 0, 0
364, 0, 109, 221, 151, 0, 43.00%, 0, 0, 5, 118.59, 156516, 175, 0, 0
369, 0, 109, 221, 151, 0, 43.00%, 0, 0, 5, 142.46, 157250, 175, 0, 0
374, 0, 109, 221, 151, 0, 43.00%, 0, 0, 5, 139.06, 157932, 175, 0, 0
380, 0, 213, 223, 151, 1, 43.73%, 0, 0, 5, 135.68, 158657, 178, 0, 0
385, 0, 64, 223, 149, 0, 43.73%, 0, 0, 5, 133.27, 159309, 178, 0, 0
390, 0, 56, 223, 147, 0, 43.73%, 0, 0, 5, 134.72, 159994, 178, 0, 0
395, 0, 94, 223, 147, 0, 43.73%, 0, 0, 5, 130.88, 160652, 178, 0, 0
400, 0, 94, 223, 147, 0, 43.73%, 0, 0, 5, 135.86, 161360, 178, 0, 0
405, 0, 212, 223, 146, 0, 43.73%, 0, 0, 5, 136.81, 162060, 178, 0, 0
410, 0, 197, 224, 145, 0, 43.73%, 0, 0, 5, 133.42, 162729, 178, 0, 0
415, 0, 60, 224, 145, 0, 43.73%, 0, 0, 5, 123.54, 163343, 178, 0, 0
420, 0, 191, 224, 144, 0, 43.73%, 0, 0, 5, 130.42, 164009, 178, 0, 0
426, 0, 191, 224, 144, 0, 43.73%, 0, 0, 5, 139.21, 164717, 178, 0, 0
431, 0, 184, 224, 143, 0, 43.73%, 0, 0, 5, 153.35, 165493, 178, 0, 0
436, 0, 184, 224, 143, 0, 43.73%, 0, 0, 5, 134.78, 166143, 178, 0, 0
441, 0, 77, 224, 142, 0, 43.73%, 0, 0, 5, 131.98, 166808, 178, 0, 0
446, 0, 196, 224, 141, 0, 43.73%, 0, 0, 5, 133.78, 167506, 178, 0, 0
451, 0, 196, 224, 141, 0, 43.73%, 0, 0, 5, 132.55, 168188, 178, 0, 0
456, 0, 33, 224, 140, 0, 43.73%, 0, 0, 5, 141.63, 168900, 178, 0, 0
461, 0, 221, 225, 140, 0, 43.73%, 0, 0, 5, 154.05, 169694, 178, 0, 0
466, 0, 183, 225, 139, 0, 43.73%, 0, 0, 5, 144.11, 170412, 178, 0, 0
472, 0, 183, 225, 139, 0, 43.73%, 0, 0, 5, 149.42, 171190, 178, 0, 0
477, 0, 202, 225, 138, 0, 43.73%, 0, 0, 5, 135.75, 171846, 178, 0, 0
482, 0, 202, 225, 136, 0, 43.73%, 0, 0, 5, 139.65, 172537, 178, 0, 0
487, 0, 181, 225, 135, 0, 43.73%, 0, 0, 5, 141.06, 173234, 178, 0, 0
492, 0, 181, 225, 135, 0, 43.73%, 0, 0, 5, 145.44, 173998, 178, 0, 0
497, 0, 129, 225, 134, 0, 43.73%, 0, 0, 5, 137.25, 174697, 178, 0, 0
502, 0, 171, 225, 133, 0, 43.73%, 0, 0, 5, 128.36, 175349, 178, 0, 0
507, 0, 171, 225, 133, 0, 43.73%, 0, 0, 5, 131.52, 176009, 178, 0, 0
512, 0, 138, 226, 132, 0, 43.73%, 0, 0, 5, 131.90, 176691, 178, 0, 0
517, 0, 189, 226, 131, 0, 43.73%, 0, 0, 5, 141.64, 177411, 178, 0, 0
523, 0, 189, 226, 131, 0, 43.73%, 0, 0, 5, 143.70, 178145, 178, 0, 0
528, 0, 122, 226, 130, 0, 43.73%, 0, 0, 5, 140.84, 178855, 178, 0, 0
533, 0, 75, 226, 129, 0, 43.73%, 0, 0, 5, 138.80, 179569, 178, 0, 0
538, 0, 14, 227, 129, 0, 43.73%, 0, 0, 5, 131.03, 180236, 178, 0, 0
543, 0, 170, 227, 128, 0, 43.73%, 0, 0, 5, 138.81, 180961, 178, 0, 0
548, 0, 30, 227, 128, 0, 43.73%, 0, 0, 5, 133.88, 181640, 178, 0, 0
553, 0, 203, 227, 128, 0, 43.73%, 0, 0, 5, 132.83, 182328, 178, 0, 0
558, 0, 203, 227, 128, 0, 43.73%, 0, 0, 5, 127.62, 182974, 178, 0, 0
563, 0, 213, 228, 128, 0, 43.73%, 0, 0, 5, 138.19, 183690, 178, 0, 0
568, 0, 107, 230, 130, 0, 43.73%, 0, 0, 5, 130.34, 184334, 178, 0, 0
574, 0, 107, 231, 131, 0, 43.73%, 0, 0, 5, 138.98, 185083, 178, 0, 0
579, 0, 36, 231, 130, 0, 43.73%, 0, 0, 5, 130.65, 185753, 178, 0, 0
584, 0, 154, 231, 130, 0, 43.73%, 0, 0, 5, 135.10, 186432, 178, 0, 0
589, 0, 66, 231, 129, 0, 43.73%, 0, 0, 5, 129.99, 187064, 178, 0, 0
594, 0, 193, 231, 129, 0, 43.73%, 0, 0, 5, 137.09, 187750, 178, 0, 0
599, 0, 193, 231, 129, 0, 43.73%, 0, 0, 5, 137.05, 188472, 178, 0, 0
604, 0, 66, 231, 128, 0, 43.73%, 0, 0, 5, 138.80, 189181, 178, 0, 0
609, 1, 47, 232, 128, 0, 43.73%, 0, 0, 5, 123.41, 189777, 178, 0, 0
614, 1, 223, 233, 128, 0, 43.98%, 0, 0, 5, 141.73, 190532, 179, 0, 0
619, 1, 232, 234, 128, 1, 43.98%, 0, 0, 5, 128.65, 191175, 179, 0, 0
624, 1, 233, 235, 127, 1, 44.23%, 0, 0, 5, 132.79, 191855, 180, 0, 0
630, 1, 138, 235, 125, 0, 44.23%, 0, 0, 5, 129.90, 192527, 180, 0, 0
635, 1, 179, 235, 125, 0, 44.23%, 0, 0, 5, 128.98, 193213, 180, 0, 0
640, 1, 179, 235, 125, 0, 44.23%, 0, 0, 5, 147.92, 193979, 180, 0, 0
645, 1, 7, 235, 123, 0, 44.23%, 0, 0, 5, 149.09, 194738, 180, 0, 0
650, 1, 7, 239, 127, 0, 45.95%, 0, 0, 5, 140.47, 195444, 187, 0, 0
655, 1, 235, 239, 126, 3, 45.95%, 0, 0, 5, 143.26, 196183, 187, 0, 0
660, 1, 236, 239, 125, 2, 45.95%, 0, 0, 5, 142.75, 196937, 187, 0, 0
665, 1, 236, 239, 125, 2, 45.95%, 0, 0, 5, 136.24, 197630, 187, 0, 0
670, 1, 238, 239, 124, 1, 45.95%, 0, 0, 5, 139.72, 198331, 187, 0, 0
675, 1, 238, 239, 124, 1, 45.95%, 0, 0, 5, 143.25, 199043, 187, 0, 0
680, 1, 238, 242, 127, 1, 46.19%, 0, 0, 5, 133.69, 199718, 188, 0, 0
686, 1, 238, 245, 130, 1, 47.17%, 1, 0, 5, 131.74, 200399, 192, 1, 0
691, 1, 242, 249, 133, 3, 47.91%, 1, 0, 5, 127.79, 201068, 195, 1, 0
696, 1, 242, 249, 133, 3, 47.91%, 1, 0, 5, 140.45, 201811, 195, 1, 0
701, 1, 241, 249, 132, 2, 47.91%, 1, 0, 5, 124.67, 202440, 195, 1, 0
706, 1, 241, 249, 132, 2, 47.91%, 1, 0, 5, 126.23, 203087, 195, 1, 0
711, 1, 241, 249, 132, 2, 47.91%, 1, 0, 5, 125.66, 203717, 195, 1, 0
716, 1, 241, 249, 132, 2, 47.91%, 1, 0, 5, 127.86, 204353, 195, 1, 0
721, 1, 245, 249, 131, 1, 47.91%, 1, 0, 5, 132.49, 205047, 195, 1, 0
727, 1, 83, 249, 129, 0, 47.91%, 1, 0, 5, 132.90, 205726, 195, 1, 0
732, 1, 150, 249, 126, 0, 47.91%, 1, 0, 5, 145.55, 206520, 195, 1, 0
737, 1, 150, 249, 126, 0, 47.91%, 1, 0, 5, 128.16, 207152, 195, 1, 0
742, 1, 3, 249, 124, 0, 47.91%, 1, 0, 5, 136.27, 207852, 195, 1, 0
747, 1, 3, 249, 124, 0, 47.91%, 1, 0, 5, 145.15, 208604, 195, 1, 0
752, 1, 217, 250, 123, 0, 48.40%, 1, 0, 5, 135.94, 209309, 197, 1, 0
757, 1, 0, 251, 123, 0, 48.40%, 1, 0, 5, 137.52, 209971, 197, 1, 0
762, 1, 18, 251, 122, 0, 48.40%, 1, 0, 5, 131.36, 210649, 197, 1, 0
767, 1, 48, 251, 120, 0, 48.40%, 1, 0, 5, 128.49, 211286, 197, 1, 0
772, 1, 152, 252, 119, 0, 48.40%, 1, 0, 5, 132.96, 211954, 197, 1, 0
777, 1, 152, 252, 119, 0, 48.40%, 1, 0, 5, 135.78, 212656, 197, 1, 0
783, 1, 93, 252, 118, 0, 48.40%, 1, 0, 5, 156.68, 213493, 197, 1, 0
788, 1, 98, 252, 117, 0, 48.40%, 1, 0, 5, 134.06, 214162, 197, 1, 0
793, 1, 102, 252, 116, 0, 48.40%, 1, 0, 5, 135.28, 214863, 197, 1, 0
798, 1, 250, 254, 117, 0, 48.40%, 1, 0, 5, 133.65, 215571, 197, 1, 0
803, 1, 97, 254, 116, 0, 48.40%, 1, 0, 5, 134.03, 216273, 197, 1, 0
808, 1, 243, 254, 114, 0, 48.40%, 1, 0, 5, 135.44, 216972, 197, 1, 0
813, 1, 36, 254, 113, 0, 48.40%, 1, 0, 5, 135.09, 217664, 197, 1, 0
818, 1, 160, 254, 113, 0, 48.40%, 1, 0, 5, 133.21, 218334, 197, 1, 0
824, 1, 160, 254, 113, 0, 48.40%, 1, 0, 5, 137.85, 219026, 197, 1, 0
829, 1, 180, 254, 112, 0, 48.40%, 1, 0, 5, 137.80, 219710, 197, 1, 0
834, 1, 180, 255, 113, 0, 48.40%, 1, 0, 5, 135.55, 220404, 197, 1, 0
839, 1, 52, 255, 111, 0, 48.40%, 1, 0, 5, 133.72, 221093, 197, 1, 0
844, 1, 46, 256, 110, 0, 48.40%, 1, 0, 5, 142.17, 221816, 197, 1, 0
849, 1, 188, 256, 108, 0, 48.40%, 1, 0, 5, 143.30, 222565, 197, 1, 0
854, 1, 188, 256, 108, 0, 48.40%, 1, 0, 5, 128.29, 223213, 197, 1, 0
859, 1, 253, 256, 107, 0, 48.40%, 1, 0, 5, 128.26, 223883, 197, 1, 0
864, 1, 172, 257, 107, 0, 48.40%, 1, 0, 5, 145.58, 224624, 197, 1, 0
870, 1, 172, 257, 107, 0, 48.40%, 1, 0, 5, 131.55, 225290, 197, 1, 0
875, 1, 175, 259, 108, 0, 48.40%, 1, 0, 5, 132.87, 225981, 197, 1, 0
880, 1, 86, 259, 107, 0, 48.40%, 1, 0, 5, 140.51, 226725, 197, 1, 0
885, 1, 131, 259, 105, 0, 48.40%, 1, 0, 5, 140.36, 227462, 197, 1, 0
890, 1, 138, 260, 105, 0, 48.40%, 1, 0, 5, 147.37, 228230, 197, 1, 0
895, 1, 85, 261, 106, 0, 48.40%, 1, 0, 5, 149.58, 229008, 197, 1, 0
900, 1, 244, 261, 104, 0, 48.40%, 1, 0, 5, 136.70, 229695, 197, 1, 0
906, 1, 16, 261, 103, 0, 48.40%, 1, 0, 5, 142.34, 230415, 197, 1, 0
911, 1, 97, 261, 100, 0, 48.40%, 1, 0, 5, 132.51, 231076, 197, 1, 0
916, 1, 260, 261, 100, 0, 48.40%, 1, 0, 5, 132.17, 231756, 197, 1, 0
921, 1, 237, 261, 99, 0, 48.40%, 1, 0, 5, 141.51, 232490, 197, 1, 0
926, 1, 121, 261, 96, 0, 48.40%, 1, 0, 5, 145.40, 233243, 197, 1, 0
931, 1, 233, 263, 97, 0, 48.65%, 1, 0, 6, 137.35, 233954, 198, 1, 0
936, 1, 233, 263, 97, 0, 48.65%, 1, 0, 6, 133.24, 234624, 198, 1, 0
941, 1, 146, 264, 97, 0, 48.65%, 1, 0, 6, 142.52, 235331, 198, 1, 0
947, 1, 56, 264, 97, 0, 48.65%, 1, 0, 6, 155.56, 236124, 198, 1, 0
952, 1, 199, 264, 95, 0, 48.65%, 1, 0, 6, 140.78, 236814, 198, 1, 0
957, 1, 199, 264, 95, 0, 48.65%, 1, 0, 6, 141.41, 237534, 198, 1, 0
962, 1, 254, 264, 94, 0, 48.65%, 1, 0, 6, 143.37, 238264, 198, 1, 0
967, 1, 254, 264, 94, 0, 48.65%, 1, 0, 6, 140.07, 238992, 198, 1, 0
972, 1, 210, 264, 93, 0, 48.65%, 1, 0, 6, 136.61, 239663, 198, 1, 0
977, 1, 195, 264, 92, 0, 48.65%, 1, 0, 6, 137.73, 240384, 198, 1, 0
982, 1, 195, 264, 92, 0, 48.65%, 1, 0, 6, 145.34, 241122, 198, 1, 0
987, 1, 195, 264, 92, 0, 48.65%, 1, 0, 6, 131.98, 241784, 198, 1, 0
992, 1, 192, 264, 89, 0, 48.65%, 1, 0, 6, 143.09, 242520, 198, 1, 0
997, 1, 192, 264, 89, 0, 48.65%, 1, 0, 6, 148.44, 243260, 198, 1, 0
1003, 1, 182, 264, 88, 0, 48.65%, 1, 0, 6, 143.35, 243999, 198, 1, 0
1008, 1, 182, 264, 88, 0, 48.65%, 1, 0, 6, 134.64, 244669, 198, 1, 0
1013, 1, 201, 264, 87, 0, 48.65%, 1, 0, 6, 138.84, 245355, 198, 1, 0
1018, 1, 149, 264, 86, 0, 48.65%, 1, 0, 6, 139.67, 246062, 198, 1, 0
1023, 1, 149, 264, 86, 0, 48.65%, 1, 0, 6, 136.44, 246760, 198, 1, 0
1028, 1, 257, 264, 85, 0, 48.65%, 1, 0, 6, 133.16, 247434, 198, 1, 0
1033, 1, 264, 265, 85, 0, 48.65%, 1, 0, 6, 127.94, 248062, 198, 1, 0
1039, 1, 264, 265, 85, 0, 48.65%, 1, 0, 6, 137.98, 248764, 198, 1, 0
1044, 1, 264, 269, 89, 0, 48.89%, 1, 0, 6, 134.25, 249441, 199, 1, 0
1049, 1, 264, 269, 89, 0, 48.89%, 1, 0, 6, 129.53, 250077, 199, 1, 0
1054, 1, 264, 269, 89, 0, 48.89%, 1, 0, 6, 143.77, 250823, 199, 1, 0
1059, 1, 264, 270, 90, 0, 48.89%, 1, 0, 6, 123.48, 251402, 199, 1, 0
1064, 1, 264, 270, 90, 0, 48.89%, 1, 0, 6, 125.14, 252040, 199, 1, 0
1069, 1, 264, 270, 90, 0, 48.89%, 1, 0, 6, 123.56, 252668, 199, 1, 0
1074, 1, 264, 270, 90, 0, 48.89%, 1, 0, 6, 129.14, 253308, 199, 1, 0
1079, 1, 264, 270, 90, 0, 48.89%, 1, 0, 6, 117.50, 253874, 199, 1, 0
1084, 1, 264, 270, 90, 0, 48.89%, 1, 0, 6, 124.51, 254516, 199, 1, 0
1089, 1, 264, 270, 90, 0, 48.89%, 1, 0, 6, 128.77, 255174, 199, 1, 0
1095, 1, 267, 270, 89, 1, 48.89%, 1, 0, 6, 123.35, 255800, 199, 1, 0
1100, 1, 267, 270, 89, 1, 48.89%, 1, 0, 6, 136.54, 256510, 199, 1, 0
1105, 1, 267, 270, 89, 1, 48.89%, 1, 0, 6, 141.83, 257230, 199, 1, 0
1110, 1, 267, 270, 89, 1, 48.89%, 1, 0, 6, 133.84, 257904, 199, 1, 0
1115, 1, 267, 270, 89, 1, 48.89%, 1, 0, 6, 128.66, 258556, 199, 1, 0
1120, 1, 267, 270, 89, 1, 48.89%, 1, 0, 6, 124.96, 259196, 199, 1, 0
1125, 1, 267, 270, 89, 1, 48.89%, 1, 0, 6, 131.03, 259878, 199, 1, 0
1130, 1, 267, 270, 89, 1, 48.89%, 1, 0, 6, 131.24, 260520, 199, 1, 0
1135, 1, 267, 270, 89, 1, 48.89%, 1, 0, 6, 142.67, 261264, 199, 1, 0
1141, 1, 267, 270, 89, 1, 48.89%, 1, 0, 6, 134.54, 261950, 199, 1, 0
1146, 1, 267, 270, 89, 1, 48.89%, 1, 0, 6, 132.10, 262606, 199, 1, 0
1151, 1, 267, 270, 89, 1, 48.89%, 1, 0, 6, 134.21, 263312, 199, 1, 0
1156, 1, 267, 270, 89, 1, 48.89%, 1, 0, 6, 136.69, 264008, 199, 1, 0
1161, 1, 222, 270, 87, 0, 48.89%, 1, 0, 6, 139.05, 264717, 199, 1, 0
1166, 1, 151, 270, 86, 0, 48.89%, 1, 0, 6, 128.63, 265385, 199, 1, 0
1171, 1, 151, 270, 86, 0, 48.89%, 1, 0, 6, 120.96, 265999, 199, 1, 0
1176, 1, 151, 270, 86, 0, 48.89%, 1, 0, 6, 129.84, 266647, 199, 1, 0
1181, 1, 213, 270, 84, 0, 48.89%, 1, 0, 6, 142.14, 267404, 199, 1, 0
1186, 1, 218, 270, 83, 0, 48.89%, 1, 0, 6, 132.05, 268066, 199, 1, 0
1191, 1, 248, 270, 82, 0, 48.89%, 1, 0, 6, 136.90, 268782, 199, 1, 0
1197, 1, 146, 270, 80, 0, 48.89%, 1, 0, 6, 134.69, 269440, 199, 1, 0
1202, 1, 177, 270, 80, 0, 48.89%, 1, 0, 6, 138.06, 270168, 199, 1, 0
1207, 1, 177, 270, 80, 0, 48.89%, 1, 0, 6, 148.32, 270938, 199, 1, 0
1212, 1, 177, 270, 80, 0, 48.89%, 1, 0, 6, 138.85, 271632, 199, 1, 0
1217, 1, 146, 271, 80, 0, 49.14%, 1, 0, 6, 141.59, 272338, 200, 1, 0
1222, 1, 270, 271, 80, 1, 49.14%, 1, 0, 6, 137.85, 273038, 200, 1, 0
1227, 1, 270, 271, 80, 1, 49.14%, 1, 0, 6, 139.47, 273750, 200, 1, 0
1232, 1, 270, 271, 80, 1, 49.14%, 1, 0, 6, 139.92, 274476, 200, 1, 0
1237, 1, 270, 271, 80, 1, 49.14%, 1, 0, 6, 132.51, 275164, 200, 1, 0
1242, 1, 269, 271, 79, 0, 49.14%, 1, 0, 6, 132.25, 275848, 200, 1, 0
1248, 1, 269, 271, 79, 0, 49.14%, 1, 0, 6, 129.32, 276510, 200, 1, 0
1253, 1, 190, 271, 78, 0, 49.14%, 1, 0, 6, 122.39, 277135, 200, 1, 0
1258, 1, 170, 271, 77, 0, 49.14%, 1, 0, 6, 124.65, 277818, 200, 1, 0
1263, 1, 156, 271, 77, 0, 49.14%, 1, 0, 6, 142.70, 278553, 200, 1, 0
1268, 1, 247, 271, 76, 0, 49.14%, 1, 0, 6, 132.66, 279224, 200, 1, 0
1273, 1, 262, 272, 76, 0, 49.14%, 1, 0, 7, 140.76, 279913, 200, 1, 0
1278, 1, 262, 273, 77, 0, 49.14%, 1, 0, 7, 131.91, 280576, 200, 1, 0
1284, 1, 272, 273, 76, 1, 49.14%, 1, 0, 7, 128.98, 281247, 200, 1, 0
1289, 1, 272, 274, 77, 1, 49.14%, 1, 0, 8, 141.40, 281984, 200, 1, 0
1294, 1, 272, 274, 77, 1, 49.14%, 1, 0, 8, 140.97, 282696, 200, 1, 0
1299, 1, 27, 274, 76, 0, 49.14%, 1, 0, 8, 133.13, 283364, 200, 1, 0
1304, 1, 142, 274, 74, 0, 49.14%, 1, 0, 8, 130.18, 284038, 200, 1, 0
1309, 1, 112, 274, 73, 0, 49.14%, 1, 0, 8, 134.28, 284706, 200, 1, 0
1314, 1, 146, 274, 72, 0, 49.14%, 1, 0, 8, 134.94, 285407, 200, 1, 0
1319, 1, 114, 274, 72, 0, 49.14%, 1, 0, 8, 128.16, 286063, 200, 1, 0
1324, 1, 114, 274, 72, 0, 49.14%, 1, 0, 8, 129.11, 286727, 200, 1, 0
1329, 1, 198, 274, 71, 0, 49.14%, 1, 0, 8, 131.50, 287394, 200, 1, 0
1334, 1, 198, 274, 71, 0, 49.14%, 1, 0, 8, 137.37, 288104, 200, 1, 0
1340, 1, 182, 274, 70, 0, 49.14%, 1, 0, 8, 141.34, 288820, 200, 1, 0
1345, 1, 13, 275, 71, 0, 49.14%, 1, 0, 8, 130.02, 289472, 200, 1, 0
1350, 1, 275, 314, 110, 7, 50.61%, 1, 0, 8, 119.37, 290082, 206, 1, 0
1355, 1, 275, 314, 110, 7, 50.61%, 1, 0, 8, 140.41, 290842, 206, 1, 0
1360, 1, 298, 314, 109, 6, 50.61%, 1, 0, 8, 134.74, 291505, 206, 1, 0
1365, 1, 298, 314, 109, 6, 50.61%, 1, 0, 8, 137.56, 292207, 206, 1, 0
1370, 1, 297, 314, 108, 5, 50.61%, 1, 0, 8, 135.20, 292879, 206, 1, 0
1375, 1, 297, 314, 108, 5, 50.61%, 1, 0, 8, 136.25, 293566, 206, 1, 0
1380, 1, 281, 314, 107, 4, 50.61%, 1, 0, 8, 144.20, 294311, 206, 1, 0
1385, 1, 281, 314, 107, 4, 50.61%, 1, 0, 8, 134.11, 294967, 206, 1, 0
1390, 1, 281, 314, 107, 4, 50.61%, 1, 0, 8, 127.79, 295593, 206, 1, 0
1396, 1, 303, 314, 106, 3, 50.61%, 1, 0, 8, 137.48, 296302, 206, 1, 0
1401, 1, 303, 314, 106, 3, 50.61%, 1, 0, 8, 122.06, 296909, 206, 1, 0
1406, 1, 306, 314, 104, 2, 50.61%, 1, 0, 8, 127.66, 297552, 206, 1, 0
1411, 1, 205, 314, 103, 1, 50.61%, 1, 0, 8, 142.29, 298272, 206, 1, 0
1416, 1, 205, 314, 103, 1, 50.61%, 1, 0, 8, 141.11, 299014, 206, 1, 0
1421, 1, 205, 314, 103, 1, 50.61%, 1, 0, 8, 132.43, 299659, 206, 1, 0
1426, 1, 296, 314, 102, 1, 50.61%, 1, 0, 8, 134.39, 300339, 206, 1, 0
1431, 1, 146, 314, 101, 0, 50.61%, 1, 0, 8, 136.45, 301046, 206, 1, 0
1436, 1, 116, 314, 101, 0, 50.61%, 1, 0, 8, 132.73, 301731, 206, 1, 0
1441, 1, 275, 314, 98, 0, 50.61%, 1, 0, 8, 137.24, 302425, 206, 1, 0
1446, 1, 206, 314, 98, 0, 50.61%, 1, 0, 8, 133.88, 303078, 206, 1, 0
1451, 1, 206, 314, 98, 0, 50.61%, 1, 0, 8, 128.22, 303734, 206, 1, 0
1457, 1, 170, 314, 97, 0, 50.61%, 1, 0, 8, 134.11, 304446, 206, 1, 0
1462, 1, 124, 314, 96, 0, 50.61%, 1, 0, 8, 128.66, 305085, 206, 1, 0
1467, 1, 99, 314, 94, 0, 50.61%, 1, 0, 8, 130.87, 305742, 206, 1, 0
1472, 1, 99, 314, 94, 0, 50.61%, 1, 0, 8, 133.87, 306418, 206, 1, 0
1477, 1, 295, 314, 93, 0, 50.61%, 1, 0, 8, 124.57, 307040, 206, 1, 0
1482, 1, 135, 314, 91, 0, 50.61%, 1, 0, 8, 140.56, 307795, 206, 1, 0
1487, 1, 213, 315, 90, 0, 50.61%, 1, 0, 8, 142.11, 308536, 206, 1, 0
1492, 1, 55, 315, 88, 0, 50.61%, 1, 0, 8, 136.48, 309234, 206, 1, 0
1497, 1, 277, 315, 87, 0, 50.61%, 1, 0, 8, 144.20, 309964, 206, 1, 0
1503, 1, 36, 315, 86, 0, 50.61%, 1, 0, 8, 146.44, 310724, 206, 1, 0
1508, 1, 207, 315, 86, 0, 50.61%, 1, 0, 8, 131.84, 311377, 206, 1, 0
1513, 1, 231, 315, 85, 0, 50.61%, 1, 0, 8, 133.73, 312067, 206, 1, 0
1518, 1, 32, 315, 82, 0, 50.61%, 1, 0, 8, 133.00, 312739, 206, 1, 0
1523, 1, 106, 315, 80, 0, 50.61%, 1, 0, 8, 137.13, 313461, 206, 1, 0
1528, 1, 307, 315, 79, 0, 50.61%, 1, 0, 8, 146.39, 314185, 206, 1, 0
1533, 1, 307, 315, 79, 0, 50.61%, 1, 0, 8, 142.18, 314911, 206, 1, 0
1539, 1, 300, 315, 78, 0, 50.61%, 1, 0, 8, 135.24, 315603, 206, 1, 0
1544, 1, 308, 315, 76, 0, 50.61%, 1, 0, 8, 139.75, 316328, 206, 1, 0
1549, 1, 146, 315, 76, 0, 50.61%, 1, 0, 8, 140.39, 317033, 206, 1, 0
1554, 1, 146, 315, 75, 0, 50.61%, 1, 0, 8, 132.60, 317713, 206, 1, 0
1559, 1, 124, 315, 75, 0, 50.61%, 1, 0, 8, 138.03, 318401, 206, 1, 0
1564, 1, 73, 315, 75, 0, 50.61%, 1, 0, 8, 149.03, 319178, 206, 1, 0
1569, 1, 272, 315, 74, 0, 50.61%, 1, 0, 8, 133.08, 319829, 206, 1, 0
1574, 1, 113, 315, 74, 0, 50.61%, 1, 0, 8, 127.37, 320475, 206, 1, 0
1579, 1, 96, 315, 73, 0, 50.61%, 1, 0, 8, 129.07, 321123, 206, 1, 0
1585, 1, 279, 315, 73, 0, 50.61%, 1, 0, 8, 127.81, 321781, 206, 1, 0
1590, 1, 239, 315, 72, 0, 50.61%, 1, 0, 8, 126.64, 322434, 206, 1, 0
1595, 1, 213, 315, 71, 0, 50.61%, 1, 0, 8, 139.12, 323154, 206, 1, 0
1600, 1, 288, 315, 71, 0, 50.61%, 1, 0, 8, 131.93, 323826, 206, 1, 0
1605, 1, 61, 315, 70, 0, 50.61%, 1, 0, 8, 135.12, 324509, 206, 1, 0
1610, 1, 301, 315, 69, 0, 50.61%, 1, 0, 8, 137.93, 325207, 206, 1, 0
1615, 1, 124, 315, 68, 0, 50.61%, 1, 0, 8, 132.22, 325868, 206, 1, 0
1620, 1, 287, 315, 68, 0, 50.61%, 1, 0, 8, 130.40, 326516, 206, 1, 0
1625, 1, 187, 315, 67, 0, 50.61%, 1, 0, 8, 150.77, 327302, 206, 1, 0
1631, 1, 187, 315, 67, 0, 50.61%, 1, 0, 8, 145.45, 328012, 206, 1, 0
1636, 1, 187, 315, 67, 0, 50.61%, 1, 0, 8, 143.86, 328748, 206, 1, 0
1641, 1, 246, 315, 66, 0, 50.61%, 1, 0, 8, 134.51, 329420, 206, 1, 0
1646, 1, 290, 315, 65, 0, 50.61%, 1, 0, 8, 141.15, 330171, 206, 1, 0
1651, 1, 44, 315, 64, 0, 50.61%, 1, 0, 8, 137.47, 330870, 206, 1, 0
1656, 1, 305, 315, 63, 0, 50.61%, 1, 0, 8, 125.54, 331495, 206, 1, 0
1661, 1, 268, 315, 62, 0, 50.61%, 1, 0, 8, 136.57, 332182, 206, 1, 0
1666, 1, 268, 315, 62, 0, 50.61%, 1, 0, 8, 132.87, 332872, 206, 1, 0
1671, 1, 312, 315, 60, 0, 50.61%, 1, 0, 8, 145.26, 333614, 206, 1, 0
1677, 1, 283, 315, 59, 0, 50.61%, 1, 0, 8, 140.84, 334327, 206, 1, 0
1682, 1, 283, 315, 59, 0, 50.61%, 1, 0, 8, 134.86, 335013, 206, 1, 0
1687, 1, 225, 315, 58, 0, 50.61%, 1, 0, 8, 128.83, 335673, 206, 1, 0
1692, 1, 225, 315, 58, 0, 50.61%, 1, 0, 8, 127.42, 336347, 206, 1, 0
1697, 1, 153, 315, 57, 0, 50.61%, 1, 0, 8, 122.82, 336991, 206, 1, 0
1702, 1, 153, 315, 57, 0, 50.61%, 1, 0, 8, 125.22, 337635, 206, 1, 0
1707, 1, 282, 315, 56, 0, 50.61%, 1, 0, 8, 123.18, 338283, 206, 1, 0
1712, 1, 214, 315, 55, 0, 50.61%, 1, 0, 8, 128.13, 338945, 206, 1, 0
1718, 1, 82, 315, 53, 0, 50.61%, 1, 0, 8, 131.42, 339618, 206, 1, 0
1723, 1, 286, 315, 53, 0, 50.61%, 1, 0, 8, 127.93, 340266, 206, 1, 0
1728, 1, 64, 315, 52, 0, 50.61%, 1, 0, 8, 135.69, 340970, 206, 1, 0
1733, 2, 124, 315, 52, 0, 50.61%, 2, 0, 8, 142.68, 341714, 206, 2, 0
1738, 2, 177, 315, 51, 0, 50.61%, 2, 0, 8, 136.02, 342420, 206, 3, 0
1743, 2, 146, 315, 51, 0, 50.61%, 2, 0, 8, 140.32, 343106, 206, 3, 0
1748, 2, 36, 315, 50, 0, 50.61%, 2, 0, 8, 130.88, 343750, 206, 3, 0
1753, 2, 138, 315, 49, 0, 50.61%, 2, 0, 8, 137.70, 344455, 206, 3, 0
1758, 2, 178, 315, 49, 0, 50.61%, 2, 0, 8, 134.28, 345125, 206, 3, 0
1764, 2, 178, 316, 50, 0, 50.61%, 2, 0, 8, 146.24, 345874, 206, 3, 0
1769, 2, 262, 316, 49, 0, 50.61%, 2, 0, 8, 153.15, 346697, 206, 3, 0
1774, 2, 316, 317, 50, 1, 50.86%, 3, 0, 8, 137.43, 347404, 207, 4, 0
1779, 2, 316, 317, 50, 1, 50.86%, 3, 0, 8, 144.75, 348150, 207, 4, 0
1784, 2, 159, 317, 48, 0, 50.86%, 3, 0, 8, 142.30, 348873, 207, 4, 0
1789, 2, 159, 317, 48, 0, 50.86%, 3, 0, 8, 147.92, 349639, 207, 4, 0
1795, 2, 285, 317, 46, 0, 50.86%, 3, 0, 8, 145.24, 350393, 207, 4, 0
1800, 2, 285, 317, 46, 0, 50.86%, 3, 0, 8, 145.73, 351098, 207, 4, 0
1805, 2, 33, 317, 44, 0, 50.86%, 3, 0, 8, 139.46, 351805, 207, 4, 0
1810, 2, 299, 317, 44, 0, 50.86%, 3, 0, 8, 146.18, 352553, 207, 4, 0
1815, 2, 299, 317, 44, 0, 50.86%, 3, 0, 8, 140.61, 353281, 207, 4, 0
1820, 2, 273, 318, 44, 0, 50.86%, 3, 0, 8, 129.53, 353905, 207, 4, 0
1825, 2, 196, 318, 43, 0, 50.86%, 3, 0, 8, 142.80, 354629, 207, 4, 0
1830, 2, 227, 318, 43, 0, 50.86%, 3, 0, 8, 140.42, 355339, 207, 4, 0
1835, 2, 146, 318, 40, 0, 50.86%, 3, 0, 8, 136.70, 356054, 207, 4, 0
1840, 2, 306, 318, 40, 0, 50.86%, 3, 0, 8, 137.03, 356740, 207, 4, 0
1846, 2, 238, 318, 39, 0, 50.86%, 4, 0, 8, 135.68, 357443, 207, 9, 0
1851, 2, 148, 318, 39, 0, 50.86%, 4, 0, 8, 140.42, 358198, 207, 9, 0
1856, 2, 11, 318, 38, 0, 50.86%, 4, 0, 8, 136.32, 358894, 207, 9, 0
1861, 2, 170, 318, 37, 0, 50.86%, 4, 0, 8, 130.63, 359532, 207, 9, 0
1866, 2, 215, 318, 36, 0, 50.86%, 4, 0, 8, 131.60, 360186, 207, 9, 0
1871, 2, 33, 318, 35, 0, 50.86%, 4, 0, 8, 135.35, 360916, 207, 9, 0
1876, 2, 272, 318, 35, 0, 50.86%, 5, 0, 8, 137.80, 361660, 207, 12, 0
1881, 2, 138, 318, 35, 0, 50.86%, 5, 0, 8, 137.19, 362352, 207, 12, 0
1886, 2, 218, 318, 35, 0, 50.86%, 5, 0, 8, 140.70, 363060, 207, 14, 0
1892, 2, 68, 318, 35, 0, 50.86%, 5, 0, 8, 132.36, 363742, 207, 14, 0
1897, 2, 64, 318, 34, 0, 50.86%, 5, 0, 8, 123.81, 364381, 207, 14, 0
1902, 2, 82, 318, 34, 0, 50.86%, 5, 0, 8, 139.66, 365088, 207, 14, 0
1907, 2, 202, 318, 33, 0, 50.86%, 5, 0, 8, 130.18, 365723, 207, 14, 0
1912, 2, 317, 318, 33, 0, 50.86%, 5, 0, 8, 141.01, 366433, 207, 14, 0
1917, 2, 317, 318, 33, 0, 50.86%, 5, 0, 8, 129.31, 367099, 207, 14, 0
1922, 2, 272, 319, 33, 0, 50.86%, 5, 0, 8, 147.18, 367838, 207, 14, 0
1927, 2, 270, 319, 33, 0, 50.86%, 5, 0, 8, 140.74, 368529, 207, 18, 0
1932, 2, 306, 319, 33, 0, 50.86%, 5, 0, 8, 141.81, 369270, 207, 19, 0
1937, 2, 202, 319, 33, 0, 50.86%, 6, 0, 8, 128.91, 369914, 207, 20, 0
1942, 2, 289, 319, 33, 0, 50.86%, 6, 0, 8, 136.32, 370630, 207, 20, 0
1947, 2, 202, 319, 32, 0, 50.86%, 6, 0, 8, 143.15, 371362, 207, 20, 0
1953, 2, 240, 319, 32, 0, 50.86%, 6, 0, 8, 143.67, 372094, 207, 20, 0
1958, 2, 281, 319, 31, 0, 50.86%, 6, 0, 8, 144.19, 372838, 207, 20, 0
1963, 2, 266, 319, 30, 0, 50.86%, 6, 0, 8, 135.04, 373545, 207, 20, 0
1968, 2, 266, 319, 30, 0, 50.86%, 6, 0, 8, 125.54, 374201, 207, 20, 0
1973, 2, 318, 319, 29, 0, 50.86%, 6, 0, 8, 130.14, 374882, 207, 20, 0
1978, 2, 318, 319, 29, 0, 50.86%, 6, 0, 8, 136.31, 375610, 207, 20, 0
1983, 2, 157, 319, 28, 0, 50.86%, 6, 0, 8, 124.70, 376217, 207, 20, 0
1988, 2, 230, 319, 27, 0, 50.86%, 6, 0, 8, 132.88, 376912, 207, 20, 0
1993, 2, 296, 319, 27, 0, 50.86%, 6, 0, 8, 132.53, 377571, 207, 20, 0
1998, 2, 86, 319, 26, 0, 50.86%, 6, 0, 8, 134.39, 378242, 207, 20, 0
2003, 2, 140, 319, 26, 0, 50.86%, 6, 0, 8, 138.67, 378946, 207, 20, 0
2009, 2, 31, 319, 26, 0, 50.86%, 6, 0, 8, 139.27, 379679, 207, 20, 0
2014, 2, 43, 319, 25, 0, 50.86%, 6, 0, 8, 135.61, 380360, 207, 20, 0
2019, 2, 124, 319, 25, 0, 50.86%, 7, 0, 8, 136.75, 381060, 207, 21, 0
2024, 2, 221, 319, 25, 0, 50.86%, 7, 0, 8, 120.19, 381659, 207, 21, 0
2029, 2, 138, 319, 25, 0, 50.86%, 7, 0, 8, 127.30, 382333, 207, 21, 0
2034, 2, 151, 319, 25, 0, 50.86%, 7, 0, 8, 140.73, 383074, 207, 21, 0
2039, 2, 241, 319, 25, 0, 50.86%, 7, 0, 8, 129.32, 383752, 207, 21, 0
2044, 2, 12, 319, 25, 0, 50.86%, 7, 0, 8, 124.50, 384387, 207, 21, 0
2050, 2, 213, 319, 25, 0, 50.86%, 7, 0, 8, 140.57, 385117, 207, 24, 0
2055, 2, 169, 319, 24, 0, 50.86%, 7, 0, 8, 140.99, 385817, 207, 24, 0
2060, 2, 146, 319, 23, 0, 50.86%, 7, 0, 8, 145.94, 386597, 207, 24, 0
2065, 2, 33, 319, 23, 0, 50.86%, 7, 0, 8, 134.21, 387280, 207, 24, 0
2070, 2, 47, 319, 22, 0, 50.86%, 7, 0, 8, 131.47, 387961, 207, 24, 0
2075, 2, 278, 319, 22, 0, 50.86%, 7, 0, 8, 126.15, 388631, 207, 24, 0
2080, 2, 310, 319, 21, 0, 50.86%, 7, 0, 8, 126.02, 389282, 207, 24, 0
2085, 2, 311, 319, 21, 0, 50.86%, 7, 0, 8, 137.06, 389994, 207, 24, 0
2091, 2, 302, 319, 20, 0, 50.86%, 7, 0, 8, 139.25, 390680, 207, 24, 0
2096, 2, 302, 319, 20, 0, 50.86%, 7, 0, 8, 134.91, 391350, 207, 24, 0
2101, 2, 72, 319, 19, 0, 50.86%, 7, 0, 8, 150.74, 392154, 207, 24, 0
2106, 2, 138, 319, 18, 0, 50.86%, 7, 0, 8, 141.59, 392869, 207, 24, 0
2111, 2, 30, 319, 18, 0, 50.86%, 7, 0, 8, 136.12, 393540, 207, 24, 0
2116, 2, 39, 319, 18, 0, 50.86%, 7, 0, 8, 138.19, 394273, 207, 24, 0
2121, 2, 19, 319, 18, 0, 50.86%, 7, 0, 8, 139.93, 394984, 207, 24, 0
2126, 2, 313, 319, 17, 0, 50.86%, 7, 0, 8, 138.26, 395686, 207, 24, 0
2131, 2, 118, 319, 16, 0, 50.86%, 7, 0, 8, 128.04, 396319, 207, 24, 0
2136, 2, 26, 319, 16, 0, 50.86%, 7, 0, 8, 129.89, 396989, 207, 24, 0
2142, 2, 170, 319, 16, 0, 50.86%, 7, 0, 8, 130.12, 397685, 207, 24, 0
2147, 2, 66, 319, 16, 0, 50.86%, 7, 0, 8, 130.29, 398358, 207, 24, 0
2152, 2, 49, 319, 16, 0, 50.86%, 7, 0, 8, 120.06, 398961, 207, 24, 0
2157, 2, 245, 319, 15, 0, 50.86%, 7, 0, 8, 136.88, 399712, 207, 24, 0
2162, 2, 276, 319, 15, 0, 50.86%, 7, 0, 8, 133.69, 400398, 207, 24, 0
2167, 2, 194, 319, 14, 0, 50.86%, 7, 0, 8, 145.02, 401113, 207, 24, 0
2172, 2, 265, 319, 14, 0, 50.86%, 7, 0, 8, 133.75, 401779, 207, 24, 0
2177, 2, 265, 319, 14, 0, 50.86%, 7, 0, 8, 122.14, 402403, 207, 24, 0
2182, 2, 316, 319, 13, 0, 50.86%, 7, 0, 8, 132.26, 403078, 207, 24, 0
2188, 2, 304, 319, 13, 0, 50.86%, 7, 0, 8, 144.83, 403835, 207, 24, 0
2193, 2, 304, 319, 13, 0, 50.86%, 7, 0, 8, 135.74, 404521, 207, 24, 0
2198, 2, 64, 319, 11, 0, 50.86%, 7, 0, 8, 127.99, 405159, 207, 24, 0
2203, 2, 272, 319, 11, 0, 50.86%, 7, 0, 8, 139.28, 405907, 207, 25, 0
2208, 2, 272, 319, 11, 0, 50.86%, 7, 0, 8, 137.35, 406621, 207, 28, 0
2213, 2, 270, 319, 11, 0, 50.86%, 7, 0, 8, 139.23, 407316, 207, 29, 0
2218, 2, 306, 319, 10, 0, 50.86%, 8, 0, 8, 145.02, 408052, 207, 30, 0
2223, 2, 202, 319, 10, 0, 50.86%, 8, 0, 8, 153.10, 408810, 207, 30, 0
2229, 2, 146, 319, 10, 0, 50.86%, 8, 0, 8, 151.31, 409591, 207, 30, 0
2234, 2, 203, 319, 10, 0, 50.86%, 8, 0, 8, 141.82, 410298, 207, 30, 0
2239, 2, 146, 319, 10, 0, 50.86%, 8, 0, 8, 131.36, 410937, 207, 30, 0
2244, 2, 52, 319, 9, 0, 50.86%, 8, 0, 8, 140.18, 411650, 207, 30, 0
2249, 2, 182, 319, 9, 0, 50.86%, 8, 0, 8, 134.66, 412336, 207, 30, 0
2254, 2, 146, 319, 9, 0, 50.86%, 8, 0, 8, 127.43, 412962, 207, 30, 0
2259, 3, 319, 323, 13, 2, 51.60%, 9, 0, 8, 128.86, 413608, 210, 33, 0
2264, 3, 319, 323, 13, 2, 51.60%, 9, 0, 8, 135.34, 414289, 210, 33, 0
2269, 3, 204, 323, 12, 1, 51.60%, 9, 0, 8, 134.34, 414966, 210, 33, 0
2274, 3, 204, 323, 12, 1, 51.60%, 9, 0, 8, 132.34, 415627, 210, 33, 0
2279, 3, 194, 323, 11, 1, 51.60%, 9, 0, 8, 118.54, 416225, 210, 33, 0
2285, 3, 38, 323, 11, 1, 51.60%, 9, 0, 8, 114.85, 416833, 210, 33, 0
2290, 3, 87, 323, 11, 1, 51.60%, 9, 0, 8, 125.82, 417498, 210, 33, 0
2295, 3, 321, 323, 11, 1, 51.60%, 9, 0, 8, 124.20, 418145, 210, 35, 0
2300, 3, 321, 323, 11, 1, 51.60%, 9, 0, 8, 127.91, 418791, 210, 35, 0
2305, 3, 189, 323, 10, 1, 51.60%, 9, 0, 8, 133.40, 419471, 210, 35, 0
2310, 3, 322, 323, 10, 1, 51.60%, 9, 0, 8, 136.22, 420164, 210, 35, 0
2315, 3, 322, 324, 11, 1, 51.60%, 9, 0, 8, 131.93, 420828, 210, 35, 0
2320, 3, 298, 324, 10, 0, 51.60%, 9, 0, 8, 131.53, 421476, 210, 35, 0
2326, 3, 245, 324, 10, 0, 51.60%, 9, 0, 8, 134.91, 422148, 210, 35, 0
2331, 3, 213, 324, 10, 0, 51.60%, 9, 0, 8, 141.48, 422870, 210, 35, 0
2336, 3, 138, 324, 10, 0, 51.60%, 9, 0, 8, 136.96, 423562, 210, 35, 0
2341, 3, 202, 324, 9, 0, 51.60%, 9, 0, 8, 135.77, 424274, 210, 35, 0
2346, 3, 324, 325, 10, 1, 51.84%, 9, 0, 8, 129.67, 424913, 211, 35, 0
2351, 3, 202, 325, 9, 0, 51.84%, 10, 0, 8, 132.26, 425586, 211, 37, 0
2356, 3, 30, 325, 9, 0, 51.84%, 10, 0, 8, 131.91, 426246, 211, 37, 0
2361, 3, 64, 325, 9, 0, 51.84%, 10, 0, 8, 134.48, 426918, 211, 37, 0
2366, 3, 186, 325, 9, 0, 51.84%, 10, 0, 8, 142.97, 427661, 211, 37, 0
2372, 3, 96, 325, 9, 0, 51.84%, 10, 0, 8, 137.02, 428371, 211, 37, 0
2377, 3, 308, 325, 9, 0, 51.84%, 10, 0, 8, 141.71, 429052, 211, 38, 0
2382, 3, 124, 325, 9, 0, 51.84%, 10, 0, 8, 137.70, 429744, 211, 39, 0
2387, 3, 272, 325, 9, 0, 51.84%, 10, 0, 8, 140.44, 430452, 211, 43, 0
2392, 3, 216, 325, 9, 0, 51.84%, 10, 0, 8, 132.14, 431130, 211, 45, 0
2397, 3, 215, 325, 8, 0, 51.84%, 10, 0, 8, 131.20, 431812, 211, 46, 0
2402, 3, 238, 325, 8, 0, 51.84%, 10, 0, 8, 134.65, 432517, 211, 46, 0
2407, 3, 272, 325, 8, 0, 51.84%, 10, 0, 8, 134.88, 433250, 211, 47, 0
2413, 3, 30, 325, 8, 0, 51.84%, 10, 0, 8, 125.10, 433880, 211, 51, 0
2418, 3, 272, 325, 8, 0, 51.84%, 10, 0, 8, 131.27, 434527, 211, 52, 0
2423, 3, 36, 325, 8, 0, 51.84%, 10, 0, 8, 141.87, 435245, 211, 56, 0
2428, 3, 195, 325, 8, 0, 51.84%, 10, 0, 8, 127.83, 435907, 211, 56, 0
2433, 3, 124, 325, 8, 0, 51.84%, 10, 0, 8, 129.75, 436555, 211, 56, 0
2438, 3, 71, 325, 8, 0, 51.84%, 10, 0, 8, 136.82, 437251, 211, 58, 0
2443, 3, 267, 325, 8, 0, 51.84%, 10, 0, 8, 132.97, 437941, 211, 58, 0
2448, 3, 47, 325, 8, 0, 51.84%, 10, 0, 8, 125.89, 438591, 211, 58, 0
2454, 3, 270, 325, 8, 0, 51.84%, 10, 0, 8, 132.25, 439285, 211, 58, 0
2459, 3, 205, 325, 8, 0, 51.84%, 10, 0, 8, 139.10, 440000, 211, 58, 0
2464, 3, 289, 325, 8, 0, 51.84%, 10, 0, 8, 143.57, 440727, 211, 58, 0
2469, 3, 197, 325, 8, 0, 51.84%, 10, 0, 8, 143.29, 441452, 211, 58, 0
2474, 3, 202, 325, 7, 0, 51.84%, 10, 0, 8, 142.54, 442167, 211, 58, 0
2479, 3, 82, 325, 7, 0, 51.84%, 10, 0, 8, 149.90, 442932, 211, 58, 0
2484, 3, 47, 325, 7, 0, 51.84%, 10, 0, 8, 143.91, 443644, 211, 58, 0
2489, 3, 245, 325, 7, 0, 51.84%, 10, 0, 8, 137.80, 444335, 211, 58, 0
2494, 3, 195, 325, 7, 0, 51.84%, 10, 0, 8, 132.83, 445028, 211, 58, 0
2499, 3, 50, 325, 7, 0, 51.84%, 10, 0, 8, 139.62, 445728, 211, 58, 0
2505, 3, 272, 325, 7, 0, 51.84%, 10, 0, 8, 131.31, 446401, 211, 60, 0
2510, 3, 11, 325, 7, 0, 51.84%, 10, 0, 8, 136.87, 447078, 211, 62, 0
2515, 3, 202, 325, 7, 0, 51.84%, 10, 0, 8, 151.15, 447954, 211, 62, 0
2520, 3, 30, 325, 7, 0, 51.84%, 10, 0, 8, 152.86, 448757, 211, 62, 0
2525, 3, 138, 325, 7, 0, 51.84%, 10, 0, 8, 137.82, 449438, 211, 62, 0
2530, 3, 238, 325, 7, 0, 51.84%, 10, 0, 8, 138.14, 450153, 211, 62, 0
2535, 3, 119, 325, 7, 0, 51.84%, 10, 0, 8, 134.26, 450824, 211, 62, 0
2540, 3, 96, 325, 7, 0, 51.84%, 10, 0, 8, 133.58, 451496, 211, 62, 0
2546, 3, 298, 325, 7, 0, 51.84%, 10, 0, 8, 141.83, 452243, 211, 62, 0
2551, 3, 16, 325, 7, 0, 51.84%, 10, 0, 8, 135.87, 452911, 211, 62, 0
2556, 3, 281, 325, 7, 0, 51.84%, 10, 0, 8, 137.70, 453622, 211, 63, 0
2561, 3, 47, 325, 7, 0, 51.84%, 10, 0, 8, 132.86, 454293, 211, 63, 0
2566, 3, 33, 325, 7, 0, 51.84%, 10, 0, 8, 122.32, 454911, 211, 63, 0
2571, 3, 11, 325, 7, 0, 51.84%, 10, 0, 8, 135.57, 455643, 211, 63, 0
2576, 3, 138, 325, 7, 0, 51.84%, 10, 0, 8, 143.48, 456368, 211, 63, 0
2581, 3, 96, 325, 7, 0, 51.84%, 10, 0, 8, 137.86, 457054, 211, 63, 0
2586, 3, 245, 325, 7, 0, 51.84%, 10, 0, 8, 131.52, 457723, 211, 63, 0
2591, 3, 272, 325, 7, 0, 51.84%, 10, 0, 8, 147.48, 458478, 211, 63, 0
2597, 3, 272, 325, 7, 0, 51.84%, 10, 0, 8, 145.37, 459188, 211, 66, 0
2602, 3, 115, 325, 7, 0, 51.84%, 10, 0, 8, 134.30, 459846, 211, 70, 0
2607, 3, 64, 325, 7, 0, 51.84%, 10, 0, 8, 139.87, 460573, 211, 70, 0
2612, 3, 221, 325, 7, 0, 51.84%, 10, 0, 8, 140.74, 461253, 211, 71, 0
2617, 3, 151, 325, 7, 0, 51.84%, 10, 0, 8, 140.88, 461945, 211, 71, 0
2622, 3, 47, 325, 7, 0, 51.84%, 10, 0, 8, 121.84, 462545, 211, 71, 0
2627, 3, 124, 325, 7, 0, 51.84%, 10, 0, 8, 137.11, 463257, 211, 72, 0
2632, 3, 140, 325, 7, 0, 51.84%, 10, 0, 8, 134.00, 463934, 211, 74, 0
2637, 3, 47, 325, 7, 0, 51.84%, 10, 0, 8, 137.81, 464643, 211, 74, 0
2642, 3, 72, 325, 7, 0, 51.84%, 10, 0, 8, 139.10, 465343, 211, 74, 0
2648, 3, 263, 325, 7, 0, 51.84%, 10, 0, 8, 133.51, 466035, 211, 74, 0
2653, 3, 272, 325, 6, 0, 51.84%, 10, 0, 8, 130.48, 466726, 211, 74, 0
2658, 3, 10, 325, 6, 0, 51.84%, 10, 0, 8, 126.15, 467366, 211, 82, 0
2663, 3, 247, 325, 6, 0, 51.84%, 10, 0, 8, 132.46, 468057, 211, 82, 0
2668, 3, 66, 325, 6, 0, 51.84%, 10, 0, 8, 139.29, 468763, 211, 82, 0
2673, 3, 115, 325, 6, 0, 51.84%, 10, 0, 8, 128.14, 469433, 211, 82, 0
2678, 3, 215, 325, 6, 0, 51.84%, 10, 0, 8, 134.60, 470136, 211, 84, 0
2684, 3, 30, 325, 6, 0, 51.84%, 10, 0, 8, 131.35, 470797, 211, 84, 0
2689, 4, 11, 326, 7, 0, 51.84%, 10, 0, 8, 134.43, 471490, 211, 84, 0
2694, 4, 188, 326, 7, 0, 51.84%, 10, 0, 8, 134.84, 472185, 211, 84, 0
2699, 4, 33, 326, 7, 0, 51.84%, 10, 0, 8, 145.93, 472943, 211, 84, 0
2704, 4, 213, 326, 7, 0, 51.84%, 10, 0, 8, 130.65, 473580, 211, 84, 0
2709, 4, 215, 326, 7, 0, 51.84%, 10, 0, 8, 140.61, 474266, 211, 84, 0
2714, 4, 64, 326, 6, 0, 51.84%, 10, 0, 8, 125.27, 474924, 211, 84, 0
2719, 4, 201, 326, 6, 0, 51.84%, 10, 0, 8, 127.24, 475578, 211, 84, 0
2724, 4, 315, 326, 6, 0, 51.84%, 10, 0, 8, 131.53, 476251, 211, 84, 0
2730, 4, 315, 326, 6, 0, 51.84%, 10, 0, 8, 132.75, 476933, 211, 84, 0
2735, 4, 64, 326, 5, 0, 51.84%, 10, 0, 8, 143.30, 477658, 211, 84, 0
2740, 4, 306, 326, 5, 0, 51.84%, 10, 0, 8, 147.40, 478378, 211, 84, 0
2745, 4, 21, 326, 4, 0, 51.84%, 10, 0, 8, 139.98, 479092, 211, 84, 0
2750, 4, 86, 326, 4, 0, 51.84%, 10, 0, 8, 148.58, 479856, 211, 84, 0
2755, 4, 92, 326, 4, 0, 51.84%, 10, 0, 8, 152.13, 480648, 211, 84, 0
2760, 4, 15, 326, 4, 0, 51.84%, 10, 0, 8, 142.19, 481362, 211, 84, 0
2765, 4, 119, 327, 5, 0, 51.84%, 10, 0, 8, 137.88, 482083, 211, 84, 0
2771, 4, 325, 327, 5, 0, 51.84%, 10, 0, 8, 133.43, 482773, 211, 84, 0
2776, 4, 325, 327, 5, 0, 51.84%, 10, 0, 8, 129.08, 483427, 211, 84, 0
2781, 4, 198, 327, 4, 0, 51.84%, 10, 0, 8, 139.34, 484183, 211, 84, 0
2786, 4, 324, 327, 4, 0, 51.84%, 10, 0, 8, 143.62, 484916, 211, 84, 0
2791, 4, 272, 327, 4, 0, 51.84%, 10, 0, 8, 133.63, 485586, 211, 86, 0
2796, 4, 124, 327, 4, 0, 51.84%, 10, 0, 8, 134.99, 486310, 211, 87, 0
2801, 4, 146, 327, 4, 0, 51.84%, 10, 0, 8, 133.85, 486990, 211, 88, 0
2806, 4, 115, 327, 4, 0, 51.84%, 10, 0, 8, 136.09, 487664, 211, 88, 0
2811, 4, 179, 327, 4, 0, 51.84%, 10, 0, 8, 147.50, 488409, 211, 88, 0
2817, 4, 272, 327, 4, 0, 51.84%, 10, 0, 8, 137.38, 489124, 211, 88, 0
2822, 4, 140, 327, 4, 0, 51.84%, 10, 0, 8, 146.91, 489841, 211, 90, 0
2827, 4, 124, 327, 4, 0, 51.84%, 10, 0, 8, 140.75, 490555, 211, 90, 0
2832, 4, 64, 327, 4, 0, 51.84%, 10, 0, 8, 131.31, 491198, 211, 91, 0
2837, 4, 33, 327, 4, 0, 51.84%, 10, 0, 8, 136.17, 491884, 211, 91, 0
2842, 4, 238, 327, 4, 0, 51.84%, 10, 0, 8, 155.08, 492695, 211, 92, 0
2847, 4, 86, 327, 4, 0, 51.84%, 10, 0, 8, 148.31, 493479, 211, 92, 0
2852, 4, 215, 327, 4, 0, 51.84%, 10, 0, 8, 148.65, 494222, 211, 96, 0
2857, 4, 15, 327, 4, 0, 51.84%, 10, 0, 8, 138.43, 494904, 211, 96, 0
2863, 4, 97, 327, 4, 0, 51.84%, 10, 0, 8, 131.42, 495573, 211, 96, 0
2868, 4, 33, 327, 4, 0, 51.84%, 10, 0, 8, 126.83, 496230, 211, 96, 0
2873, 4, 138, 327, 4, 0, 51.84%, 10, 0, 8, 151.37, 497015, 211, 96, 0
2878, 4, 146, 327, 4, 0, 51.84%, 10, 0, 8, 139.87, 497708, 211, 98, 0
2883, 4, 202, 327, 4, 0, 51.84%, 10, 0, 8, 140.27, 498436, 211, 98, 0
2888, 4, 194, 327, 4, 0, 51.84%, 10, 0, 8, 140.16, 499179, 211, 98, 0
2893, 4, 242, 327, 4, 0, 51.84%, 10, 0, 8, 144.87, 499924, 211, 98, 0
2899, 4, 146, 327, 4, 0, 51.84%, 10, 0, 8, 145.30, 500669, 211, 98, 0
2904, 4, 26, 327, 4, 0, 51.84%, 10, 0, 8, 149.46, 501428, 211, 99, 0
2909, 4, 272, 327, 4, 0, 51.84%, 10, 0, 8, 147.20, 502149, 211, 100, 0
2914, 4, 272, 327, 4, 0, 51.84%, 10, 0, 8, 149.78, 502904, 211, 103, 0
2919, 4, 30, 327, 4, 0, 51.84%, 10, 0, 8, 144.87, 503655, 211, 104, 0
2924, 4, 326, 327, 4, 0, 51.84%, 10, 0, 8, 143.71, 504402, 211, 104, 0
2929, 4, 238, 327, 3, 0, 51.84%, 10, 0, 8, 151.46, 505190, 211, 104, 0
2934, 4, 33, 327, 3, 0, 51.84%, 10, 0, 8, 146.35, 505912, 211, 104, 0
2939, 4, 30, 327, 3, 0, 51.84%, 10, 0, 8, 137.88, 506609, 211, 104, 0
2944, 4, 26, 327, 3, 0, 51.84%, 10, 0, 8, 140.88, 507296, 211, 104, 0
2950, 4, 150, 327, 3, 0, 51.84%, 10, 0, 8, 139.56, 507989, 211, 104, 0
2955, 4, 66, 327, 3, 0, 51.84%, 10, 0, 8, 128.51, 508642, 211, 104, 0
2960, 4, 267, 327, 3, 0, 51.84%, 10, 0, 8, 134.27, 509332, 211, 104, 0
2965, 4, 297, 327, 3, 0, 51.84%, 10, 0, 8, 139.24, 510060, 211, 108, 0
2970, 4, 146, 327, 3, 0, 51.84%, 10, 0, 8, 139.11, 510762, 211, 110, 0
2975, 4, 98, 327, 3, 0, 51.84%, 10, 0, 8, 131.37, 511457, 211, 110, 0
2980, 4, 24, 327, 3, 0, 51.84%, 10, 0, 8, 126.92, 512108, 211, 110, 0
2985, 4, 281, 327, 3, 0, 51.84%, 10, 0, 8, 127.25, 512742, 211, 112, 0
2990, 4, 170, 327, 3, 0, 51.84%, 10, 0, 8, 126.54, 513384, 211, 112, 0
2995, 4, 241, 327, 3, 0, 51.84%, 10, 0, 8, 135.81, 514078, 211, 112, 0
3001, 4, 138, 327, 3, 0, 51.84%, 10, 0, 8, 136.70, 514780, 211, 112, 0
3006, 4, 98, 327, 3, 0, 51.84%, 10, 0, 8, 132.29, 515432, 211, 112, 0
3011, 4, 180, 327, 3, 0, 51.84%, 10, 0, 8, 130.90, 516104, 211, 112, 0
3016, 4, 33, 327, 3, 0, 51.84%, 10, 0, 8, 130.11, 516776, 211, 112, 0
3021, 4, 242, 327, 3, 0, 51.84%, 10, 0, 8, 134.20, 517470, 211, 112, 0
3026, 4, 327, 328, 4, 1, 52.09%, 10, 0, 8, 137.03, 518160, 212, 112, 0
3031, 4, 254, 328, 3, 0, 52.09%, 10, 0, 8, 130.47, 518805, 212, 112, 0
3036, 4, 97, 328, 3, 0, 52.09%, 10, 0, 8, 136.67, 519501, 212, 112, 0
3041, 4, 26, 328, 3, 0, 52.09%, 10, 0, 8, 140.46, 520193, 212, 112, 0
3047, 4, 79, 328, 3, 0, 52.09%, 10, 0, 8, 136.49, 520908, 212, 112, 0
3052, 4, 327, 328, 3, 0, 52.09%, 10, 0, 8, 141.26, 521638, 212, 112, 0
3057, 4, 327, 329, 4, 0, 52.33%, 10, 0, 8, 138.21, 522337, 213, 112, 0
3062, 4, 328, 329, 4, 1, 52.33%, 10, 0, 8, 135.14, 523007, 213, 112, 0
3067, 4, 328, 329, 4, 1, 52.33%, 10, 0, 8, 138.63, 523740, 213, 112, 0
3072, 4, 36, 329, 3, 0, 52.33%, 10, 0, 8, 122.59, 524362, 213, 112, 0
3077, 4, 252, 329, 3, 0, 52.33%, 10, 0, 8, 144.97, 525096, 213, 112, 0
3082, 5, 82, 330, 4, 0, 52.33%, 10, 0, 8, 133.04, 525805, 213, 114, 0
3087, 5, 92, 330, 4, 0, 52.33%, 10, 0, 8, 132.58, 526491, 213, 114, 0
3092, 5, 92, 330, 4, 0, 52.33%, 10, 0, 8, 137.44, 527193, 213, 114, 0
3098, 5, 329, 330, 4, 0, 52.33%, 10, 0, 8, 130.42, 527866, 213, 114, 0
3103, 5, 33, 330, 3, 0, 52.33%, 10, 0, 8, 349.94, 529654, 213, 114, 0
3108, 5, 138, 330, 3, 0, 52.33%, 10, 0, 8, 475.81, 532299, 213, 114, 0
3113, 5, 327, 331, 4, 0, 52.58%, 10, 0, 8, 561.09, 535273, 214, 116, 0
3118, 5, 30, 331, 3, 0, 52.58%, 10, 0, 8, 526.13, 537735, 214, 116, 0
3123, 5, 124, 331, 3, 0, 52.58%, 10, 0, 8, 506.05, 540356, 214, 116, 0
3128, 5, 215, 331, 3, 0, 52.58%, 10, 0, 8, 489.24, 542758, 214, 118, 0
3133, 5, 111, 331, 3, 0, 52.58%, 10, 0, 8, 480.71, 545136, 214, 124, 0
3138, 5, 97, 331, 2, 0, 52.58%, 10, 0, 8, 480.09, 547575, 214, 126, 0
3144, 5, 135, 331, 2, 0, 52.58%, 10, 0, 8, 445.34, 549848, 214, 127, 0
3149, 5, 64, 331, 2, 0, 52.58%, 10, 0, 8, 471.99, 552308, 214, 127, 0
3154, 5, 82, 331, 1, 0, 52.58%, 10, 0, 8, 471.43, 554656, 214, 130, 0
3159, 5, 156, 331, 1, 0, 52.58%, 10, 0, 8, 499.63, 557382, 214, 130, 0
3164, 5, 78, 331, 1, 0, 52.58%, 10, 0, 8, 445.22, 559610, 214, 132, 0
3169, 5, 272, 331, 1, 0, 52.58%, 10, 0, 8, 459.47, 561975, 214, 139, 0
3174, 5, 241, 331, 1, 0, 52.58%, 10, 0, 8, 453.57, 564362, 214, 139, 0
3180, 5, 148, 331, 1, 0, 52.58%, 10, 0, 8, 466.01, 566716, 214, 141, 0
3185, 5, 327, 331, 0, 0, 52.58%, 10, 0, 8, 470.50, 569149, 214, 144, 0
3190, 5, 213, 331, 0, 0, 52.58%, 10, 0, 8, 440.74, 571313, 214, 144, 0
3195, 5, 238, 331, 0, 0, 52.58%, 10, 0, 8, 448.14, 573655, 214, 144, 0
3200, 5, 242, 331, 0, 0, 52.58%, 10, 0, 8, 438.80, 575848, 214, 147, 0
3205, 6, 331, 341, 10, 3, 52.83%, 10, 0, 8, 442.68, 578122, 215, 147, 0
3210, 6, 207, 341, 7, 0, 52.83%, 10, 0, 8, 456.53, 580473, 215, 147, 0
3215, 6, 334, 341, 6, 0, 52.83%, 10, 0, 8, 437.29, 582658, 215, 147, 0
3220, 6, 47, 341, 5, 0, 52.83%, 10, 0, 8, 442.69, 584908, 215, 147, 0
3225, 6, 138, 341, 5, 0, 52.83%, 10, 0, 8, 469.45, 587369, 215, 162, 0
3230, 6, 245, 341, 5, 0, 52.83%, 10, 0, 8, 436.54, 589615, 215, 162, 0
3235, 6, 180, 341, 4, 0, 52.83%, 10, 0, 8, 456.53, 591941, 215, 162, 0
3240, 6, 131, 341, 3, 0, 52.83%, 10, 0, 8, 447.26, 594176, 215, 162, 0
3245, 6, 128, 341, 3, 0, 52.83%, 10, 0, 8, 453.48, 596500, 215, 165, 0
3251, 6, 335, 341, 3, 0, 52.83%, 10, 0, 8, 489.29, 598990, 215, 170, 0
3256, 6, 316, 341, 1, 0, 52.83%, 10, 0, 8, 504.05, 601499, 215, 173, 0
3261, 6, 312, 341, 1, 0, 52.83%, 10, 0, 8, 488.21, 603915, 215, 173, 0
3266, 6, 339, 341, 1, 0, 52.83%, 10, 0, 8, 484.71, 606356, 215, 175, 0
3271, 6, 328, 341, 0, 0, 52.83%, 10, 0, 8, 470.39, 608768, 215, 177, 0
3276, 6, 96, 341, 0, 0, 52.83%, 10, 0, 8, 488.00, 611268, 215, 177, 0
3281, 6, 247, 341, 0, 0, 52.83%, 10, 0, 8, 444.64, 613455, 215, 177, 0
3286, 6, 36, 341, 0, 0, 52.83%, 10, 0, 8, 454.02, 615783, 215, 178, 0
3291, 6, 146, 341, 0, 0, 52.83%, 10, 0, 8, 456.06, 618059, 215, 178, 0
3296, 6, 138, 341, 0, 0, 52.83%, 10, 0, 8, 443.63, 620284, 215, 178, 0
3301, 6, 198, 341, 0, 0, 52.83%, 10, 0, 8, 459.01, 622651, 215, 185, 0
3306, 6, 170, 341, 0, 0, 52.83%, 10, 0, 8, 451.81, 625005, 215, 189, 0
3311, 6, 9, 341, 0, 0, 52.83%, 10, 0, 8, 452.70, 627293, 215, 190, 0
3316, 6, 97, 341, 0, 0, 52.83%, 10, 0, 8, 451.63, 629619, 215, 194, 0
3321, 6, 82, 341, 0, 0, 52.83%, 10, 0, 8, 459.12, 631958, 215, 194, 0
3327, 7, 326, 342, 1, 0, 52.83%, 10, 0, 8, 489.89, 634542, 215, 194, 0
3332, 7, 341, 342, 1, 0, 52.83%, 10, 0, 8, 428.82, 636675, 215, 194, 0
3337, 7, 238, 342, 0, 0, 52.83%, 10, 0, 8, 420.97, 638804, 215, 194, 0
3342, 7, 47, 342, 0, 0, 52.83%, 10, 0, 8, 453.75, 641099, 215, 196, 0
3347, 7, 146, 342, 0, 0, 52.83%, 10, 0, 8, 441.69, 643306, 215, 196, 0
3352, 7, 15, 342, 0, 0, 52.83%, 10, 0, 8, 445.64, 645555, 215, 196, 0
3357, 7, 272, 342, 0, 0, 52.83%, 10, 0, 8, 461.97, 647950, 215, 198, 0
3362, 7, 215, 342, 0, 0, 52.83%, 10, 0, 8, 446.68, 650161, 215, 198, 0
3367, 7, 177, 342, 0, 0, 52.83%, 10, 0, 8, 460.74, 652476, 215, 199, 0
3372, 7, 308, 342, 0, 0, 52.83%, 10, 0, 8, 448.91, 654839, 215, 201, 0
3377, 7, 210, 342, 0, 0, 52.83%, 10, 0, 8, 415.76, 656888, 215, 201, 0
3383, 7, 26, 342, 0, 0, 52.83%, 10, 0, 8, 429.59, 659088, 215, 205, 0
3388, 7, 202, 342, 0, 0, 52.83%, 10, 0, 8, 437.69, 661355, 215, 208, 0
3393, 7, 332, 342, 0, 0, 52.83%, 10, 0, 8, 427.30, 663554, 215, 208, 0
3398, 7, 33, 342, 0, 0, 52.83%, 10, 0, 8, 433.55, 665765, 215, 209, 0
3403, 7, 296, 342, 0, 0, 52.83%, 10, 0, 8, 419.63, 667845, 215, 209, 0
3408, 7, 238, 342, 0, 0, 52.83%, 10, 0, 8, 459.55, 670246, 215, 210, 0
3413, 7, 33, 342, 0, 0, 52.83%, 10, 0, 8, 464.67, 672550, 215, 215, 0
3418, 7, 238, 342, 0, 0, 52.83%, 10, 0, 8, 451.69, 674812, 215, 216, 0
3423, 7, 298, 342, 0, 0, 52.83%, 10, 0, 8, 442.44, 677052, 215, 216, 0
3428, 7, 33, 342, 0, 0, 52.83%, 10, 0, 8, 460.63, 679391, 215, 217, 0
3433, 7, 330, 342, 0, 0, 52.83%, 10, 0, 8, 473.23, 681798, 215, 217, 0
3438, 7, 33, 342, 0, 0, 52.83%, 10, 0, 8, 449.89, 684057, 215, 222, 0
3443, 8, 413, 427, 85, 0, 61.43%, 10, 0, 8, 455.36, 686343, 250, 224, 0
3448, 8, 351, 427, 84, 10, 61.43%, 10, 0, 8, 449.15, 688604, 250, 224, 0
3453, 8, 351, 427, 84, 10, 61.43%, 10, 0, 8, 453.29, 690937, 250, 224, 0
3459, 8, 381, 427, 83, 9, 61.43%, 10, 0, 8, 446.34, 693195, 250, 224, 0
3464, 8, 394, 427, 82, 8, 61.43%, 10, 0, 8, 460.43, 695546, 250, 224, 0
3469, 8, 373, 427, 81, 7, 61.43%, 10, 0, 8, 522.99, 698282, 250, 224, 0
3474, 8, 393, 427, 79, 5, 61.43%, 10, 0, 8, 470.54, 700620, 250, 224, 0
3479, 8, 345, 427, 78, 4, 61.43%, 10, 0, 8, 463.56, 702863, 250, 224, 0
3484, 8, 353, 428, 77, 3, 61.43%, 10, 0, 8, 449.20, 705191, 250, 224, 0
3489, 8, 427, 428, 75, 1, 61.43%, 10, 0, 8, 457.58, 707490, 250, 224, 0
3494, 8, 265, 428, 73, 0, 61.43%, 10, 0, 8, 439.28, 709686, 250, 227, 0
3499, 8, 138, 428, 72, 0, 61.43%, 10, 0, 8, 431.60, 711839, 250, 227, 0
3504, 8, 410, 428, 71, 0, 61.43%, 10, 0, 8, 436.08, 714066, 250, 227, 0
3509, 8, 398, 428, 69, 0, 61.43%, 10, 0, 8, 463.82, 716460, 250, 229, 0
3515, 8, 15, 428, 67, 0, 61.43%, 10, 0, 8, 429.19, 718660, 250, 229, 0
3520, 8, 411, 428, 66, 0, 61.43%, 10, 0, 8, 428.12, 720848, 250, 229, 0
3525, 8, 30, 428, 64, 0, 61.43%, 10, 0, 8, 439.82, 723078, 250, 229, 0
3530, 8, 424, 428, 63, 0, 61.43%, 10, 0, 8, 444.32, 725334, 250, 232, 0
3535, 8, 346, 428, 62, 0, 61.43%, 10, 0, 8, 440.71, 727539, 250, 232, 0
3540, 8, 425, 428, 61, 0, 61.43%, 10, 0, 8, 469.69, 729882, 250, 233, 0
3545, 8, 350, 428, 58, 0, 61.43%, 10, 0, 8, 463.43, 732185, 250, 233, 0
3550, 8, 401, 428, 57, 0, 61.43%, 10, 0, 8, 458.96, 734441, 250, 236, 0
3555, 8, 379, 428, 55, 0, 61.43%, 10, 0, 8, 457.12, 736771, 250, 236, 0
3560, 8, 407, 428, 53, 0, 61.43%, 10, 0, 8, 453.26, 739082, 250, 236, 0
3565, 8, 403, 428, 51, 0, 61.43%, 10, 0, 8, 452.66, 741441, 250, 236, 0
3570, 8, 371, 428, 49, 0, 61.43%, 10, 0, 8, 444.98, 743686, 250, 236, 0
3576, 8, 376, 428, 48, 0, 61.43%, 10, 0, 8, 437.86, 745870, 250, 236, 0
3581, 8, 348, 428, 46, 0, 61.43%, 10, 0, 8, 462.17, 748209, 250, 236, 0
3586, 8, 170, 428, 44, 0, 61.43%, 10, 0, 8, 450.11, 750482, 250, 236, 0
3591, 8, 400, 428, 43, 0, 61.43%, 10, 0, 8, 456.31, 752795, 250, 238, 0
3596, 8, 395, 428, 42, 0, 61.43%, 10, 0, 8, 459.16, 755124, 250, 238, 0
3601, 8, 393, 428, 41, 0, 61.43%, 10, 0, 8, 449.30, 757377, 250, 238, 0
3606, 8, 98, 429, 41, 0, 61.67%, 10, 0, 8, 452.98, 759716, 251, 238, 0
3611, 8, 372, 429, 41, 0, 61.67%, 10, 0, 8, 467.70, 762072, 251, 238, 0
3616, 8, 238, 429, 38, 0, 61.67%, 10, 0, 8, 486.60, 764530, 251, 238, 0
3621, 8, 375, 429, 37, 0, 61.67%, 10, 0, 8, 467.21, 766878, 251, 238, 0
3626, 8, 146, 429, 35, 0, 61.67%, 10, 0, 8, 486.23, 769409, 251, 238, 0
3631, 8, 359, 429, 34, 0, 61.67%, 10, 0, 8, 456.18, 771770, 251, 238, 0
3636, 8, 356, 429, 33, 0, 61.67%, 10, 0, 8, 476.00, 774209, 251, 238, 0
3642, 8, 349, 429, 31, 0, 61.67%, 10, 0, 8, 459.73, 776519, 251, 238, 0
3647, 8, 399, 429, 29, 0, 61.67%, 10, 0, 8, 459.84, 778812, 251, 238, 0
3652, 8, 15, 429, 28, 0, 61.67%, 10, 0, 8, 465.13, 781223, 251, 240, 0
3657, 8, 394, 429, 27, 0, 61.67%, 10, 0, 8, 473.47, 783628, 251, 240, 0
3662, 8, 138, 429, 27, 0, 61.67%, 10, 0, 8, 442.46, 785825, 251, 240, 0
3667, 8, 388, 429, 26, 0, 61.67%, 10, 0, 8, 448.46, 788014, 251, 240, 0
3672, 8, 363, 429, 24, 0, 61.67%, 10, 0, 8, 477.63, 790420, 251, 240, 0
3677, 8, 408, 429, 22, 0, 61.67%, 10, 0, 8, 479.37, 792838, 251, 240, 0
3682, 8, 98, 429, 20, 0, 61.67%, 10, 0, 8, 467.61, 795202, 251, 240, 0
3687, 8, 233, 429, 19, 0, 61.67%, 10, 0, 8, 448.08, 797425, 251, 243, 0
3692, 8, 26, 429, 19, 0, 61.67%, 10, 0, 8, 432.64, 799595, 251, 249, 0
3697, 8, 97, 429, 19, 0, 61.67%, 10, 0, 8, 443.19, 801875, 251, 255, 0
3702, 8, 272, 429, 19, 0, 61.67%, 10, 0, 8, 444.46, 804091, 251, 259, 0
3707, 8, 308, 429, 18, 0, 61.67%, 10, 0, 8, 456.25, 806415, 251, 266, 0
3712, 8, 373, 429, 17, 0, 61.67%, 10, 0, 8, 458.61, 808736, 251, 266, 0
3717, 8, 138, 429, 16, 0, 61.67%, 10, 0, 8, 444.12, 810955, 251, 266, 0
3722, 8, 352, 431, 18, 0, 61.67%, 10, 0, 8, 472.20, 813341, 251, 266, 0
3728, 8, 353, 431, 17, 0, 61.67%, 10, 0, 8, 469.87, 815706, 251, 266, 0
3733, 8, 124, 431, 17, 0, 61.67%, 10, 0, 8, 460.29, 818012, 251, 271, 0
3738, 8, 420, 431, 17, 0, 61.67%, 10, 0, 8, 475.85, 820495, 251, 274, 0
3743, 8, 146, 431, 15, 0, 61.67%, 10, 0, 8, 452.77, 822762, 251, 274, 0
3748, 8, 272, 431, 14, 0, 61.67%, 10, 0, 8, 494.80, 825253, 251, 275, 0
3753, 8, 394, 431, 13, 0, 61.67%, 10, 0, 8, 475.82, 827646, 251, 278, 0
3758, 9, 432, 439, 20, 1, 61.67%, 10, 0, 8, 465.07, 829964, 251, 279, 0
3763, 9, 409, 439, 19, 0, 61.67%, 10, 0, 8, 463.17, 832330, 251, 279, 0
3768, 9, 404, 439, 18, 0, 61.67%, 10, 0, 8, 420.09, 834492, 251, 279, 0
3773, 9, 438, 439, 17, 0, 61.67%, 10, 0, 8, 437.72, 836714, 251, 285, 0
3778, 9, 115, 439, 16, 0, 61.67%, 10, 0, 8, 436.17, 838914, 251, 285, 0
3783, 9, 30, 439, 15, 0, 61.67%, 10, 0, 8, 454.72, 841199, 251, 285, 0
3789, 9, 374, 439, 15, 0, 61.67%, 10, 0, 8, 453.35, 843510, 251, 285, 0
3794, 9, 10, 439, 13, 0, 61.67%, 10, 0, 8, 467.99, 845909, 251, 285, 0
3799, 9, 55, 439, 12, 0, 61.67%, 10, 0, 8, 469.03, 848274, 251, 285, 0
3804, 9, 393, 439, 12, 0, 61.67%, 10, 0, 8, 468.53, 850629, 251, 285, 0
3809, 9, 393, 439, 11, 0, 61.67%, 10, 0, 8, 481.86, 853091, 251, 285, 0
3814, 9, 392, 440, 11, 0, 61.67%, 10, 0, 8, 473.26, 855454, 251, 285, 0
3819, 9, 429, 440, 10, 0, 61.67%, 10, 0, 8, 446.98, 857675, 251, 285, 0
3824, 9, 202, 440, 8, 0, 61.67%, 10, 0, 8, 445.74, 859891, 251, 285, 0
3829, 9, 36, 440, 8, 0, 61.67%, 10, 0, 8, 458.88, 862279, 251, 285, 0
3834, 9, 146, 440, 8, 0, 61.67%, 10, 0, 8, 416.19, 864338, 251, 285, 0
3839, 9, 439, 440, 8, 0, 61.67%, 10, 0, 8, 429.70, 866441, 251, 285, 0
3844, 9, 146, 440, 7, 0, 61.67%, 10, 0, 8, 449.41, 868733, 251, 288, 0
3849, 9, 272, 440, 7, 0, 61.67%, 10, 0, 8, 453.85, 871061, 251, 292, 0
3854, 9, 380, 440, 7, 0, 61.67%, 10, 0, 8, 444.46, 873240, 251, 292, 0
3859, 9, 146, 440, 6, 0, 61.67%, 10, 0, 8, 447.50, 875489, 251, 292, 0
3864, 9, 306, 440, 6, 0, 61.67%, 10, 0, 8, 440.20, 877750, 251, 292, 0
3870, 9, 97, 440, 6, 0, 61.67%, 10, 0, 8, 457.60, 880119, 251, 293, 0
3875, 9, 328, 440, 6, 0, 61.67%, 10, 0, 8, 428.02, 882332, 251, 293, 0
3880, 9, 330, 440, 6, 0, 61.67%, 10, 0, 8, 442.92, 884611, 251, 298, 0
3885, 9, 215, 440, 6, 0, 61.67%, 10, 0, 8, 463.64, 886972, 251, 298, 0
3890, 9, 107, 440, 6, 0, 61.67%, 10, 0, 8, 470.23, 889346, 251, 314, 0
3895, 9, 215, 440, 6, 0, 61.67%, 10, 0, 8, 447.99, 891655, 251, 318, 0
3900, 9, 215, 440, 6, 0, 61.67%, 10, 0, 8, 432.98, 893823, 251, 318, 0
3905, 9, 272, 440, 6, 0, 61.67%, 10, 0, 8, 437.27, 896088, 251, 318, 0
3910, 9, 433, 440, 6, 0, 61.67%, 10, 0, 8, 455.49, 898371, 251, 321, 0
3915, 9, 351, 440, 5, 0, 61.67%, 10, 0, 8, 447.41, 900591, 251, 321, 0
3920, 9, 237, 440, 5, 0, 61.67%, 10, 0, 8, 422.65, 902725, 251, 321, 0
3925, 9, 394, 440, 4, 0, 61.67%, 10, 0, 8, 439.86, 904965, 251, 321, 0
3930, 9, 338, 440, 3, 0, 61.67%, 10, 0, 8, 470.90, 907337, 251, 321, 0
3935, 9, 427, 440, 3, 0, 61.67%, 10, 0, 8, 429.00, 909450, 251, 321, 0
3940, 9, 98, 440, 3, 0, 61.67%, 10, 0, 8, 448.12, 911694, 251, 322, 0
3945, 10, 394, 443, 5, 0, 61.67%, 10, 0, 8, 438.94, 913959, 251, 324, 0
3950, 10, 330, 443, 5, 0, 61.67%, 10, 0, 8, 465.09, 916253, 251, 324, 0
3956, 10, 386, 443, 5, 0, 61.67%, 10, 0, 8, 438.94, 918507, 251, 326, 0
3961, 10, 353, 443, 4, 0, 61.67%, 10, 0, 8, 446.22, 920748, 251, 327, 0
3966, 10, 55, 443, 4, 0, 61.67%, 10, 0, 8, 472.97, 923103, 251, 328, 0
3971, 10, 98, 443, 3, 0, 61.67%, 10, 0, 8, 407.57, 925128, 251, 329, 0
3976, 10, 332, 443, 3, 0, 61.67%, 10, 0, 8, 438.76, 927382, 251, 336, 0
3981, 10, 124, 443, 3, 0, 61.67%, 10, 0, 8, 460.16, 929767, 251, 338, 0
3986, 10, 440, 443, 3, 0, 61.67%, 10, 0, 8, 456.83, 932013, 251, 340, 0
3991, 10, 393, 443, 2, 0, 61.67%, 10, 0, 8, 433.19, 934238, 251, 340, 0
3996, 10, 132, 443, 2, 0, 61.67%, 10, 0, 8, 427.08, 936378, 251, 340, 0
4001, 10, 392, 443, 2, 0, 61.67%, 10, 0, 8, 453.35, 938745, 251, 341, 0
4006, 10, 357, 443, 2, 0, 61.67%, 10, 0, 8, 462.55, 941077, 251, 341, 0
4011, 10, 96, 443, 1, 0, 61.67%, 10, 0, 8, 423.99, 943191, 251, 341, 0
4016, 10, 138, 443, 1, 0, 61.67%, 10, 0, 8, 447.52, 945426, 251, 342, 0
4022, 10, 124, 443, 1, 0, 61.67%, 10, 0, 8, 425.98, 947523, 251, 342, 0
4027, 10, 138, 443, 1, 0, 61.67%, 10, 0, 8, 450.91, 949937, 251, 342, 0
4032, 10, 170, 443, 1, 0, 61.67%, 10, 0, 8, 428.39, 952123, 251, 344, 0
4037, 10, 215, 443, 1, 0, 61.67%, 10, 0, 8, 448.20, 954477, 251, 345, 0
4042, 10, 393, 443, 1, 0, 61.67%, 10, 0, 8, 416.02, 956579, 251, 347, 0
4047, 10, 115, 443, 1, 0, 61.67%, 10, 0, 8, 439.09, 958845, 251, 347, 0
4052, 10, 92, 443, 1, 0, 61.67%, 10, 0, 8, 448.98, 961089, 251, 347, 0
4057, 10, 245, 443, 1, 0, 61.67%, 10, 0, 8, 440.08, 963305, 251, 348, 0
4062, 10, 146, 443, 1, 0, 61.67%, 10, 0, 8, 420.76, 965439, 251, 348, 0
4067, 10, 140, 443, 1, 0, 61.67%, 10, 0, 8, 460.96, 967828, 251, 349, 0
4073, 10, 215, 443, 1, 0, 61.67%, 10, 0, 8, 459.52, 970142, 251, 349, 0
4078, 10, 96, 443, 1, 0, 61.67%, 10, 0, 8, 466.49, 972465, 251, 355, 0
4083, 10, 66, 443, 1, 0, 61.67%, 10, 0, 8, 451.52, 974764, 251, 360, 0
4088, 10, 330, 443, 1, 0, 61.67%, 10, 0, 8, 425.82, 976983, 251, 360, 0
4093, 10, 353, 443, 1, 0, 61.67%, 10, 0, 8, 457.45, 979270, 251, 364, 0
4098, 10, 427, 443, 1, 0, 61.67%, 10, 0, 8, 482.94, 981874, 251, 364, 0
4103, 10, 373, 443, 1, 0, 61.67%, 10, 0, 8, 479.44, 984302, 251, 366, 0
4108, 11, 445, 449, 7, 3, 62.90%, 10, 0, 8, 478.86, 986668, 256, 366, 0
4113, 11, 446, 449, 6, 2, 62.90%, 10, 0, 8, 458.37, 988872, 256, 366, 0
4118, 11, 47, 449, 4, 0, 62.90%, 10, 0, 8, 450.71, 991165, 256, 366, 0
4123, 11, 115, 449, 3, 0, 62.90%, 10, 0, 8, 458.72, 993438, 256, 366, 0
4128, 11, 115, 449, 2, 0, 62.90%, 10, 0, 8, 473.02, 995797, 256, 366, 0
4133, 11, 353, 449, 2, 0, 62.90%, 10, 0, 8, 470.89, 998171, 256, 368, 0
4138, 11, 373, 449, 2, 0, 62.90%, 10, 0, 8, 462.11, 1000478, 256, 370, 0
4143, 11, 146, 449, 2, 0, 62.90%, 10, 0, 8, 433.39, 1002636, 256, 370, 0
4149, 11, 432, 449, 2, 0, 62.90%, 10, 0, 8, 452.90, 1004922, 256, 373, 0
4154, 11, 33, 449, 2, 0, 62.90%, 10, 0, 8, 477.65, 1007364, 256, 373, 0
4159, 11, 215, 449, 2, 0, 62.90%, 10, 0, 8, 460.62, 1009755, 256, 373, 0
4164, 11, 373, 449, 2, 0, 62.90%, 10, 0, 8, 476.50, 1012170, 256, 373, 0
4169, 11, 351, 449, 2, 0, 62.90%, 10, 0, 8, 453.22, 1014431, 256, 376, 0
4174, 11, 203, 449, 2, 0, 62.90%, 10, 0, 8, 451.09, 1016770, 256, 379, 0
4179, 11, 272, 449, 2, 0, 62.90%, 10, 0, 8, 430.09, 1018911, 256, 380, 0
4184, 11, 227, 449, 2, 0, 62.90%, 10, 0, 8, 460.46, 1021250, 256, 385, 0
4189, 11, 353, 449, 2, 0, 62.90%, 10, 0, 8, 444.45, 1023471, 256, 385, 0
4194, 11, 272, 449, 2, 0, 62.90%, 10, 0, 8, 463.70, 1025760, 256, 387, 0
4199, 11, 82, 449, 2, 0, 62.90%, 10, 0, 8, 452.23, 1028064, 256, 391, 0
4204, 11, 447, 451, 3, 0, 62.90%, 10, 0, 8, 443.81, 1030265, 256, 391, 0
4209, 11, 30, 451, 2, 0, 62.90%, 10, 0, 8, 463.90, 1032677, 256, 392, 0
4214, 11, 392, 451, 2, 0, 62.90%, 10, 0, 8, 459.53, 1035016, 256, 393, 0
4219, 11, 431, 451, 1, 0, 62.90%, 10, 0, 8, 463.99, 1037394, 256, 395, 0
4225, 11, 308, 451, 1, 0, 62.90%, 10, 0, 8, 463.42, 1039811, 256, 400, 0
4230, 11, 215, 451, 1, 0, 62.90%, 10, 0, 8, 459.87, 1042132, 256, 401, 0
4235, 11, 79, 451, 1, 0, 62.90%, 10, 0, 8, 457.88, 1044437, 256, 401, 0
4240, 11, 28, 452, 2, 0, 62.90%, 10, 0, 8, 435.90, 1046556, 256, 404, 0
4245, 11, 429, 452, 2, 0, 62.90%, 10, 0, 8, 448.30, 1048822, 256, 405, 0
4250, 11, 382, 452, 2, 0, 62.90%, 10, 0, 8, 466.72, 1051159, 256, 415, 0
4255, 11, 327, 452, 2, 0, 62.90%, 10, 0, 8, 459.00, 1053457, 256, 415, 0
4260, 11, 215, 452, 2, 0, 62.90%, 10, 0, 8, 463.87, 1055826, 256, 415, 0
4265, 11, 327, 452, 2, 0, 62.90%, 10, 0, 8, 502.48, 1058484, 256, 417, 0
4270, 12, 11, 457, 7, 0, 62.90%, 10, 0, 8, 485.54, 1060851, 256, 417, 0
4275, 12, 455, 458, 8, 1, 62.90%, 10, 0, 8, 456.32, 1063149, 256, 417, 0
4280, 12, 453, 458, 7, 0, 62.90%, 10, 0, 8, 434.25, 1065339, 256, 417, 0
4285, 12, 444, 458, 6, 0, 62.90%, 10, 0, 8, 472.82, 1067697, 256, 417, 0
4290, 12, 86, 458, 6, 0, 62.90%, 10, 0, 8, 447.70, 1069938, 256, 418, 0
4296, 12, 432, 458, 6, 0, 62.90%, 10, 0, 8, 474.92, 1072405, 256, 421, 0
4301, 12, 306, 458, 4, 0, 62.90%, 10, 0, 8, 483.61, 1074933, 256, 421, 0
4306, 12, 115, 458, 3, 0, 62.90%, 10, 0, 8, 461.44, 1077189, 256, 421, 0
4311, 12, 47, 458, 2, 0, 62.90%, 10, 0, 8, 431.62, 1079297, 256, 421, 0
4316, 12, 33, 458, 1, 0, 62.90%, 10, 0, 8, 431.21, 1081413, 256, 421, 0
4321, 12, 394, 458, 1, 0, 62.90%, 10, 0, 8, 450.25, 1083678, 256, 421, 0
4326, 12, 270, 458, 1, 0, 62.90%, 10, 0, 8, 452.69, 1085969, 256, 421, 0
4331, 12, 393, 458, 1, 0, 62.90%, 10, 0, 8, 422.43, 1088091, 256, 423, 0
4336, 12, 115, 458, 1, 0, 62.90%, 10, 0, 8, 438.07, 1090324, 256, 424, 0
4341, 12, 339, 458, 1, 0, 62.90%, 10, 0, 8, 462.04, 1092705, 256, 428, 0
4346, 12, 393, 458, 1, 0, 62.90%, 10, 0, 8, 434.59, 1094875, 256, 432, 0
4351, 12, 351, 458, 1, 0, 62.90%, 10, 0, 8, 434.43, 1097011, 256, 432, 0
4356, 12, 272, 458, 1, 0, 62.90%, 10, 0, 8, 429.10, 1099269, 256, 434, 0
4362, 12, 97, 458, 1, 0, 62.90%, 10, 0, 8, 464.49, 1101722, 256, 437, 0
4367, 12, 97, 458, 1, 0, 62.90%, 10, 0, 8, 450.38, 1103959, 256, 437, 0
4372, 12, 97, 458, 1, 0, 62.90%, 10, 0, 8, 424.63, 1106061, 256, 441, 0
4377, 12, 157, 458, 1, 0, 62.90%, 10, 0, 8, 464.77, 1108468, 256, 441, 0
4382, 12, 168, 458, 1, 0, 62.90%, 10, 0, 8, 447.99, 1110689, 256, 441, 0
4387, 12, 97, 458, 1, 0, 62.90%, 10, 0, 8, 463.43, 1113072, 256, 441, 0
4392, 12, 331, 458, 1, 0, 62.90%, 10, 0, 8, 423.78, 1115235, 256, 441, 0
4397, 12, 338, 458, 0, 0, 62.90%, 10, 0, 8, 410.05, 1117317, 256, 443, 0
4402, 12, 115, 458, 0, 0, 62.90%, 10, 0, 8, 420.64, 1119479, 256, 447, 0
4407, 12, 351, 458, 0, 0, 62.90%, 10, 0, 8, 442.80, 1121691, 256, 447, 0
4412, 12, 324, 458, 0, 0, 62.90%, 10, 0, 8, 449.09, 1123987, 256, 447, 0
4417, 12, 445, 458, 0, 0, 62.90%, 10, 0, 8, 463.09, 1126280, 256, 455, 0
4423, 12, 445, 458, 0, 0, 62.90%, 10, 0, 8, 450.95, 1128539, 256, 456, 0
4428, 12, 328, 458, 0, 0, 62.90%, 10, 0, 8, 436.28, 1130776, 256, 456, 0
4433, 12, 327, 458, 0, 0, 62.90%, 10, 0, 8, 473.01, 1133263, 256, 456, 0
4438, 13, 47, 459, 1, 0, 62.90%, 10, 0, 8, 448.49, 1135473, 256, 461, 0
4443, 13, 382, 459, 1, 0, 62.90%, 10, 0, 8, 442.53, 1137795, 256, 461, 0
4448, 13, 92, 459, 1, 0, 62.90%, 10, 0, 8, 428.03, 1139969, 256, 461, 0
4453, 13, 30, 459, 1, 0, 62.90%, 10, 0, 8, 442.94, 1142274, 256, 461, 0
4458, 13, 328, 459, 1, 0, 62.90%, 10, 0, 8, 448.82, 1144555, 256, 467, 0
4463, 13, 272, 459, 1, 0, 62.90%, 10, 0, 8, 454.69, 1146821, 256, 468, 0
4468, 13, 458, 459, 1, 0, 62.90%, 10, 0, 8, 452.16, 1149108, 256, 472, 0
4473, 13, 146, 459, 0, 0, 62.90%, 10, 0, 8, 439.97, 1151337, 256, 472, 0
4479, 13, 353, 459, 0, 0, 62.90%, 10, 0, 8, 452.23, 1153699, 256, 472, 0
4484, 13, 15, 459, 0, 0, 62.90%, 11, 0, 8, 457.92, 1156003, 256, 473, 0
4489, 13, 116, 459, 0, 0, 62.90%, 11, 0, 8, 439.21, 1158183, 256, 475, 0
4494, 13, 351, 459, 0, 0, 62.90%, 11, 0, 8, 436.11, 1160363, 256, 475, 0
4499, 13, 316, 459, 0, 0, 62.90%, 11, 0, 8, 446.20, 1162650, 256, 475, 0
4504, 13, 202, 459, 0, 0, 62.90%, 11, 0, 8, 432.31, 1164856, 256, 475, 0
4509, 13, 351, 459, 0, 0, 62.90%, 11, 0, 8, 434.40, 1167013, 256, 479, 0
4514, 13, 351, 459, 0, 0, 62.90%, 11, 0, 8, 453.78, 1169258, 256, 479, 0
4519, 13, 26, 459, 0, 0, 62.90%, 11, 0, 8, 468.97, 1171654, 256, 482, 0
4524, 13, 47, 459, 0, 0, 62.90%, 11, 0, 8, 438.96, 1173800, 256, 484, 0
4529, 13, 444, 459, 0, 0, 62.90%, 11, 0, 8, 419.60, 1175949, 256, 484, 0
4534, 13, 124, 459, 0, 0, 62.90%, 11, 0, 8, 464.58, 1178310, 256, 486, 0
4539, 13, 250, 459, 0, 0, 62.90%, 11, 0, 8, 471.17, 1180711, 256, 486, 0
4544, 13, 394, 459, 0, 0, 62.90%, 11, 0, 8, 441.84, 1182940, 256, 491, 0
4549, 13, 393, 459, 0, 0, 62.90%, 11, 0, 8, 447.82, 1185180, 256, 494, 0
4555, 13, 351, 459, 0, 0, 62.90%, 11, 0, 8, 428.26, 1187364, 256, 495, 0
4560, 13, 191, 459, 0, 0, 62.90%, 11, 0, 8, 441.89, 1189609, 256, 498, 0
4565, 13, 416, 459, 0, 0, 62.90%, 11, 0, 8, 467.18, 1192005, 256, 498, 0
4570, 13, 81, 459, 0, 0, 62.90%, 11, 0, 8, 428.07, 1194149, 256, 498, 0
4575, 13, 394, 459, 0, 0, 62.90%, 11, 0, 8, 457.37, 1196471, 256, 502, 0
4580, 13, 124, 459, 0, 0, 62.90%, 11, 0, 8, 480.61, 1198877, 256, 506, 0
4585, 13, 267, 459, 0, 0, 62.90%, 11, 0, 8, 431.57, 1200997, 256, 508, 0
4590, 14, 47, 459, 0, 0, 62.90%, 11, 0, 8, 457.18, 1203350, 256, 514, 0
4595, 14, 373, 459, 0, 0, 62.90%, 11, 0, 8, 455.91, 1205643, 256, 516, 0
4600, 14, 215, 459, 0, 0, 62.90%, 11, 0, 8, 470.61, 1208086, 256, 516, 0
4605, 14, 435, 459, 0, 0, 62.90%, 11, 0, 8, 446.39, 1210348, 256, 516, 0
4610, 14, 68, 459, 0, 0, 62.90%, 11, 0, 8, 477.12, 1212746, 256, 516, 0
4615, 14, 449, 460, 0, 0, 62.90%, 11, 0, 8, 459.72, 1214960, 256, 526, 0
4620, 14, 445, 460, 0, 0, 62.90%, 11, 0, 8, 428.32, 1217060, 256, 526, 0
4625, 14, 181, 460, 0, 0, 62.90%, 11, 0, 8, 431.75, 1219264, 256, 526, 0
4631, 14, 33, 460, 0, 0, 62.90%, 11, 0, 8, 458.56, 1221564, 256, 527, 0
4636, 14, 146, 460, 0, 0, 62.90%, 11, 0, 8, 433.00, 1223777, 256, 527, 0
4641, 14, 459, 460, 0, 0, 62.90%, 11, 0, 8, 415.40, 1225825, 256, 532, 0
4646, 14, 444, 460, 0, 0, 62.90%, 11, 0, 8, 439.14, 1228085, 256, 545, 0
4651, 14, 36, 460, 0, 0, 62.90%, 11, 0, 8, 458.02, 1230374, 256, 545, 0
4656, 14, 94, 460, 0, 0, 62.90%, 11, 0, 8, 480.57, 1232781, 256, 545, 0
4661, 14, 273, 460, 0, 0, 62.90%, 11, 0, 8, 433.84, 1234896, 256, 545, 0
4666, 14, 30, 460, 0, 0, 62.90%, 11, 0, 8, 450.24, 1237115, 256, 545, 0
4671, 14, 270, 460, 0, 0, 62.90%, 11, 0, 8, 459.35, 1239537, 256, 549, 0
4676, 14, 202, 460, 0, 0, 62.90%, 11, 0, 8, 444.95, 1241811, 256, 549, 0
4681, 14, 270, 460, 0, 0, 62.90%, 11, 0, 8, 444.30, 1244093, 256, 549, 0
4686, 14, 339, 460, 0, 0, 62.90%, 11, 0, 8, 465.42, 1246408, 256, 549, 0
4691, 14, 175, 460, 0, 0, 62.90%, 11, 0, 8, 448.53, 1248594, 256, 549, 0
4696, 14, 455, 460, 0, 0, 62.90%, 11, 0, 8, 474.60, 1251069, 256, 550, 0
4702, 14, 33, 460, 0, 0, 62.90%, 11, 0, 8, 456.06, 1253359, 256, 551, 0
4707, 14, 331, 460, 0, 0, 62.90%, 11, 0, 8, 461.13, 1255704, 256, 554, 0
4712, 14, 192, 460, 0, 0, 62.90%, 11, 0, 8, 454.31, 1257986, 256, 554, 0
4717, 14, 432, 460, 0, 0, 62.90%, 11, 0, 8, 449.86, 1260232, 256, 554, 0
4722, 14, 146, 460, 0, 0, 62.90%, 11, 0, 8, 452.80, 1262566, 256, 554, 0
4727, 14, 98, 460, 0, 0, 62.90%, 11, 0, 8, 457.32, 1264864, 256, 554, 0
4732, 14, 26, 460, 0, 0, 62.90%, 11, 0, 8, 455.39, 1267238, 256, 554, 0
4737, 14, 287, 460, 0, 0, 62.90%, 11, 0, 8, 441.23, 1269426, 256, 554, 0
4742, 15, 346, 462, 2, 0, 62.90%, 11, 0, 8, 390.14, 1271244, 256, 554, 0
4747, 15, 459, 462, 2, 0, 62.90%, 11, 0, 8, 414.94, 1273334, 256, 559, 0
4752, 15, 459, 462, 2, 0, 62.90%, 11, 0, 8, 427.88, 1275518, 256, 578, 0
4757, 15, 382, 462, 2, 0, 62.90%, 11, 0, 8, 453.71, 1277785, 256, 579, 0
4762, 15, 459, 462, 2, 0, 62.90%, 11, 0, 8, 458.44, 1280174, 256, 582, 0
4767, 15, 459, 462, 2, 0, 62.90%, 11, 0, 8, 466.89, 1282505, 256, 611, 0
4773, 15, 461, 464, 4, 0, 62.90%, 11, 0, 8, 432.75, 1284706, 256, 613, 0
4778, 15, 233, 464, 3, 0, 62.90%, 11, 0, 8, 452.35, 1286903, 256, 613, 0
4783, 15, 393, 464, 3, 0, 62.90%, 11, 0, 8, 427.54, 1289024, 256, 613, 0
4788, 15, 462, 464, 3, 0, 62.90%, 11, 0, 8, 429.76, 1291255, 256, 613, 0
4793, 15, 170, 464, 2, 0, 62.90%, 11, 0, 8, 442.84, 1293470, 256, 613, 0
4798, 15, 455, 464, 2, 0, 62.90%, 11, 0, 8, 485.63, 1295885, 256, 614, 0
4803, 15, 215, 464, 1, 0, 62.90%, 11, 0, 8, 423.39, 1297955, 256, 614, 0
4808, 15, 98, 464, 1, 0, 62.90%, 11, 0, 8, 445.71, 1300176, 256, 614, 0
4813, 15, 339, 464, 1, 0, 62.90%, 11, 0, 8, 467.09, 1302553, 256, 614, 0
4818, 15, 459, 464, 1, 0, 62.90%, 11, 0, 8, 438.55, 1304734, 256, 626, 0
4823, 15, 146, 464, 1, 0, 62.90%, 11, 0, 8, 413.57, 1306787, 256, 629, 0
4828, 15, 459, 464, 1, 0, 62.90%, 11, 0, 8, 429.25, 1308897, 256, 631, 0
4833, 15, 459, 464, 1, 0, 62.90%, 11, 0, 8, 414.58, 1310943, 256, 643, 0
4838, 15, 445, 464, 1, 0, 62.90%, 11, 0, 8, 421.46, 1313109, 256, 651, 0
4843, 15, 187, 464, 1, 0, 62.90%, 11, 0, 8, 419.32, 1315281, 256, 651, 0
4848, 15, 332, 464, 1, 0, 62.90%, 11, 0, 8, 441.92, 1317510, 256, 651, 0
4854, 15, 36, 464, 1, 0, 62.90%, 11, 0, 8, 472.87, 1319954, 256, 654, 0
4859, 15, 459, 464, 1, 0, 62.90%, 11, 0, 8, 461.56, 1322323, 256, 659, 0
4864, 15, 393, 464, 1, 0, 62.90%, 11, 0, 8, 452.69, 1324601, 256, 667, 0
4869, 15, 106, 464, 1, 0, 62.90%, 11, 0, 8, 445.66, 1326835, 256, 667, 0
4874, 15, 459, 464, 1, 0, 62.90%, 11, 0, 8, 435.37, 1329013, 256, 677, 0
4879, 15, 459, 464, 1, 0, 62.90%, 11, 0, 8, 428.36, 1331211, 256, 678, 0
4884, 15, 382, 464, 1, 0, 62.90%, 11, 0, 8, 463.26, 1333552, 256, 694, 0
4889, 15, 353, 464, 1, 0, 62.90%, 11, 0, 8, 463.66, 1335812, 256, 694, 0
4894, 15, 170, 464, 1, 0, 62.90%, 11, 0, 8, 451.38, 1338091, 256, 694, 0
4899, 15, 93, 464, 1, 0, 62.90%, 11, 0, 8, 460.07, 1340391, 256, 696, 0
4904, 15, 215, 464, 1, 0, 62.90%, 11, 0, 8, 452.51, 1342685, 256, 696, 0
4909, 15, 459, 464, 1, 0, 62.90%, 11, 0, 8, 443.39, 1344894, 256, 698, 0
4914, 15, 393, 464, 1, 0, 62.90%, 11, 0, 8, 432.54, 1347125, 256, 704, 0
4919, 15, 98, 464, 1, 0, 62.90%, 11, 0, 8, 457.71, 1349456, 256, 704, 0
4924, 15, 351, 464, 1, 0, 62.90%, 11, 0, 8, 422.93, 1351577, 256, 704, 0
4930, 16, 393, 464, 1, 0, 62.90%, 11, 0, 8, 426.73, 1353779, 256, 704, 0
4935, 16, 431, 464, 1, 0, 62.90%, 11, 0, 8, 446.26, 1356039, 256, 704, 0
4940, 16, 381, 464, 1, 0, 62.90%, 11, 0, 8, 453.88, 1358282, 256, 706, 0
4945, 16, 394, 464, 1, 0, 62.90%, 11, 0, 8, 440.79, 1360483, 256, 710, 0
4950, 16, 151, 464, 1, 0, 62.90%, 11, 0, 8, 415.29, 1362524, 256, 710, 0
4955, 16, 198, 464, 1, 0, 62.90%, 11, 0, 8, 439.92, 1364795, 256, 710, 0
4960, 16, 47, 464, 1, 0, 62.90%, 11, 0, 8, 426.56, 1366888, 256, 713, 0
4965, 16, 431, 464, 1, 0, 62.90%, 11, 0, 8, 466.74, 1369313, 256, 713, 0
4970, 16, 445, 464, 1, 0, 62.90%, 11, 0, 8, 459.96, 1371669, 256, 713, 0
4975, 16, 92, 464, 1, 0, 62.90%, 11, 0, 8, 426.80, 1373790, 256, 716, 0
4980, 16, 55, 464, 1, 0, 62.90%, 11, 0, 8, 424.57, 1375897, 256, 716, 0
4985, 16, 351, 464, 1, 0, 62.90%, 11, 0, 8, 411.34, 1377993, 256, 716, 0
4990, 16, 455, 464, 1, 0, 62.90%, 11, 0, 8, 421.91, 1380186, 256, 716, 0
4995, 16, 331, 464, 1, 0, 62.90%, 11, 0, 8, 430.34, 1382326, 256, 716, 0
5000, 16, 26, 464, 1, 0, 62.90%, 11, 0, 8, 413.44, 1384453, 256, 716, 0
5006, 16, 459, 464, 1, 0, 62.90%, 11, 0, 8, 450.61, 1386806, 256, 721, 0
5011, 16, 392, 464, 1, 0, 62.90%, 11, 0, 8, 440.67, 1389072, 256, 722, 0
5016, 16, 339, 464, 1, 0, 62.90%, 11, 0, 8, 442.50, 1391314, 256, 722, 0
5021, 16, 373, 464, 1, 0, 62.90%, 11, 0, 8, 427.89, 1393447, 256, 729, 0
5026, 16, 455, 464, 1, 0, 62.90%, 11, 0, 8, 429.18, 1395600, 256, 729, 0
5031, 16, 98, 464, 1, 0, 62.90%, 11, 0, 8, 425.68, 1397754, 256, 729, 0
5036, 16, 459, 464, 1, 0, 62.90%, 11, 0, 8, 425.22, 1399917, 256, 737, 0
5041, 16, 459, 464, 1, 0, 62.90%, 11, 0, 8, 435.95, 1402099, 256, 748, 0
5046, 16, 459, 464, 1, 0, 62.90%, 11, 0, 8, 451.97, 1404411, 256, 759, 0
5051, 16, 371, 464, 1, 0, 62.90%, 11, 0, 8, 445.23, 1406602, 256, 766, 0
5056, 16, 97, 464, 1, 0, 62.90%, 11, 0, 8, 435.63, 1408834, 256, 769, 0
5061, 16, 47, 464, 1, 0, 62.90%, 11, 0, 8, 437.18, 1411056, 256, 769, 0
5066, 16, 459, 464, 1, 0, 62.90%, 11, 0, 8, 448.17, 1413350, 256, 777, 0
5071, 16, 327, 464, 1, 0, 62.90%, 11, 0, 8, 445.59, 1415574, 256, 777, 0
5076, 16, 445, 464, 1, 0, 62.90%, 11, 0, 8, 450.23, 1417831, 256, 777, 0
5081, 16, 30, 464, 1, 0, 62.90%, 11, 0, 8, 445.90, 1420027, 256, 787, 0
5087, 16, 267, 464, 1, 0, 62.90%, 11, 0, 8, 433.78, 1422264, 256, 787, 0
5092, 16, 146, 464, 1, 0, 62.90%, 11, 0, 8, 440.21, 1424504, 256, 787, 0
5097, 16, 392, 464, 1, 0, 62.90%, 11, 0, 8, 441.13, 1426743, 256, 795, 0
5102, 16, 459, 464, 1, 0, 62.90%, 11, 0, 8, 429.66, 1428893, 256, 804, 0
5107, 16, 177, 464, 1, 0, 62.90%, 11, 0, 8, 446.86, 1431191, 256, 807, 0
5112, 17, 97, 464, 1, 0, 62.90%, 11, 0, 8, 456.55, 1433463, 256, 810, 0
5117, 17, 319, 464, 1, 0, 62.90%, 11, 0, 8, 438.69, 1435673, 256, 810, 0
5122, 17, 455, 464, 1, 0, 62.90%, 11, 0, 8, 427.03, 1437825, 256, 823, 0
5127, 17, 82, 464, 1, 0, 62.90%, 11, 0, 8, 436.44, 1439992, 256, 823, 0
5132, 17, 445, 464, 1, 0, 62.90%, 11, 0, 8, 436.79, 1442189, 256, 828, 0
5137, 17, 459, 464, 1, 0, 62.90%, 11, 0, 8, 435.83, 1444371, 256, 842, 0
5142, 17, 202, 464, 1, 0, 62.90%, 11, 0, 8, 425.24, 1446554, 256, 844, 0
5147, 17, 431, 464, 1, 0, 62.90%, 11, 0, 8, 402.84, 1448610, 256, 844, 0
5152, 17, 459, 464, 1, 0, 62.90%, 11, 0, 8, 431.86, 1450792, 256, 856, 0
5157, 17, 202, 464, 1, 0, 62.90%, 11, 0, 8, 451.56, 1453102, 256, 858, 0
5162, 17, 98, 464, 1, 0, 62.90%, 11, 0, 8, 443.56, 1455285, 256, 871, 0
5167, 17, 256, 464, 1, 0, 62.90%, 11, 0, 8, 449.78, 1457518, 256, 871, 0
5173, 17, 373, 464, 1, 0, 62.90%, 11, 0, 8, 455.75, 1459875, 256, 871, 0
5178, 17, 392, 464, 1, 0, 62.90%, 11, 0, 8, 457.12, 1462147, 256, 871, 0
5183, 17, 270, 464, 1, 0, 62.90%, 11, 0, 8, 431.03, 1464271, 256, 871, 0
5188, 17, 82, 464, 1, 0, 62.90%, 11, 0, 8, 453.55, 1466557, 256, 871, 0
5193, 17, 332, 464, 1, 0, 62.90%, 11, 0, 8, 467.33, 1468973, 256, 881, 0
5198, 17, 459, 464, 1, 0, 62.90%, 11, 0, 8, 434.38, 1471167, 256, 891, 0
5203, 17, 140, 464, 1, 0, 62.90%, 11, 0, 8, 455.90, 1473490, 256, 893, 0
5208, 17, 30, 464, 1, 0, 62.90%, 11, 0, 8, 463.70, 1475876, 256, 894, 0
5213, 17, 33, 464, 1, 0, 62.90%, 11, 0, 8, 453.33, 1478162, 256, 894, 0
5218, 17, 327, 464, 1, 0, 62.90%, 11, 0, 8, 469.14, 1480540, 256, 902, 0
5223, 17, 447, 464, 1, 0, 62.90%, 11, 0, 8, 440.10, 1482729, 256, 912, 0
5229, 17, 392, 464, 1, 0, 62.90%, 11, 0, 8, 444.61, 1485073, 256, 912, 0
5234, 17, 30, 464, 1, 0, 62.90%, 11, 0, 8, 439.34, 1487288, 256, 923, 0
5239, 17, 459, 464, 1, 0, 62.90%, 11, 0, 8, 440.30, 1489512, 256, 932, 0
5244, 17, 33, 464, 1, 0, 62.90%, 11, 0, 8, 430.42, 1491746, 256, 935, 0
5249, 17, 170, 464, 1, 0, 62.90%, 11, 0, 8, 443.02, 1494070, 256, 935, 0
5254, 17, 30, 464, 1, 0, 62.90%, 11, 0, 8, 434.97, 1496228, 256, 936, 0
5259, 17, 202, 464, 1, 0, 62.90%, 11, 0, 8, 445.12, 1498500, 256, 944, 0
5264, 17, 36, 464, 1, 0, 62.90%, 11, 0, 8, 435.91, 1500729, 256, 944, 0
5269, 17, 115, 464, 1, 0, 62.90%, 11, 0, 8, 429.67, 1502942, 256, 944, 0
5274, 17, 215, 464, 1, 0, 62.90%, 11, 0, 8, 427.71, 1505243, 256, 944, 0
5279, 17, 146, 464, 1, 0, 62.90%, 11, 0, 8, 431.76, 1507445, 256, 944, 0
5285, 18, 339, 464, 1, 0, 62.90%, 11, 0, 8, 429.53, 1509641, 256, 944, 0
5290, 18, 459, 464, 1, 0, 62.90%, 11, 0, 8, 426.36, 1511789, 256, 953, 0
5295, 18, 459, 464, 1, 0, 62.90%, 11, 0, 8, 432.00, 1513983, 256, 965, 0
5300, 18, 193, 464, 1, 0, 62.90%, 11, 0, 8, 430.30, 1516226, 256, 967, 0
5305, 18, 393, 464, 1, 0, 62.90%, 11, 0, 8, 415.47, 1518357, 256, 967, 0
5310, 18, 202, 464, 1, 0, 62.90%, 11, 0, 8, 429.74, 1520514, 256, 967, 0
5315, 18, 382, 464, 1, 0, 62.90%, 11, 0, 8, 459.17, 1522936, 256, 967, 0
5320, 18, 459, 464, 1, 0, 62.90%, 11, 0, 8, 461.35, 1525293, 256, 969, 0
5325, 18, 459, 464, 1, 0, 62.90%, 11, 0, 8, 410.59, 1527353, 256, 979, 0
5330, 18, 115, 464, 1, 0, 62.90%, 11, 0, 8, 428.58, 1529518, 256, 984, 0
5335, 18, 459, 464, 1, 0, 62.90%, 11, 0, 8, 439.82, 1531731, 256, 994, 0
5340, 18, 324, 464, 1, 0, 62.90%, 11, 0, 8, 441.58, 1533943, 256, 995, 0
5346, 18, 411, 464, 1, 0, 62.90%, 11, 0, 8, 488.27, 1536456, 256, 995, 0
5351, 18, 270, 464, 1, 0, 62.90%, 11, 0, 8, 435.81, 1538645, 256, 995, 0
5356, 18, 270, 464, 1, 0, 62.90%, 11, 0, 8, 459.83, 1541038, 256, 998, 0
5361, 18, 135, 464, 1, 0, 62.90%, 11, 0, 8, 461.62, 1543338, 256, 1003, 0
5366, 18, 270, 464, 1, 0, 62.90%, 11, 0, 8, 422.08, 1545435, 256, 1003, 0
5371, 18, 460, 464, 1, 0, 62.90%, 11, 0, 8, 388.80, 1547405, 256, 1003, 0
5376, 18, 459, 464, 0, 0, 62.90%, 11, 0, 8, 425.34, 1549665, 256, 1007, 0
5381, 18, 33, 464, 0, 0, 62.90%, 11, 0, 8, 441.58, 1551865, 256, 1012, 0
5386, 18, 351, 464, 0, 0, 62.90%, 11, 0, 8, 449.27, 1554162, 256, 1012, 0
5391, 18, 298, 464, 0, 0, 62.90%, 11, 0, 8, 431.94, 1556325, 256, 1012, 0
5396, 18, 445, 464, 0, 0, 62.90%, 11, 0, 8, 436.54, 1558510, 256, 1017, 0
5401, 18, 459, 464, 0, 0, 62.90%, 11, 0, 8, 457.06, 1560758, 256, 1023, 0
5404, 18, 459, 464, 0, 0, 62.90%, 11, 0, 8, 443.67, 1562051, 256, 1031, 0
