# relative_time, cycles_done, cur_item, corpus_count, pending_total, pending_favs, map_size, saved_crashes, saved_hangs, max_depth, execs_per_sec, total_execs, edges_found, total_crashes, servers_count
61, 0, 9, 67, 62, 4, 30.47%, 0, 0, 2, 419.20, 28110, 124, 0, 0
66, 0, 9, 68, 63, 4, 30.47%, 0, 0, 2, 477.25, 30451, 124, 0, 0
71, 0, 9, 68, 63, 4, 30.47%, 0, 0, 2, 456.37, 32764, 124, 0, 0
76, 0, 9, 68, 63, 4, 30.47%, 0, 0, 2, 432.08, 35013, 124, 0, 0
81, 0, 9, 69, 64, 4, 30.47%, 0, 0, 2, 429.81, 37172, 124, 0, 0
86, 0, 9, 70, 65, 4, 30.71%, 0, 0, 2, 459.85, 39492, 125, 0, 0
91, 0, 9, 70, 65, 4, 30.71%, 0, 0, 2, 449.29, 41675, 125, 0, 0
96, 0, 9, 70, 65, 4, 30.71%, 0, 0, 2, 394.77, 43614, 125, 0, 0
101, 0, 9, 71, 66, 4, 30.71%, 0, 0, 2, 433.69, 45842, 125, 0, 0
106, 0, 9, 72, 67, 4, 30.71%, 0, 0, 2, 426.51, 48057, 125, 0, 0
111, 0, 9, 72, 67, 4, 30.71%, 0, 0, 2, 424.68, 50257, 125, 0, 0
116, 0, 9, 72, 67, 4, 30.71%, 0, 0, 2, 425.00, 52410, 125, 0, 0
121, 0, 24, 115, 109, 28, 35.63%, 0, 0, 2, 447.69, 54692, 145, 0, 0
126, 0, 95, 127, 120, 27, 36.36%, 0, 0, 2, 434.31, 56887, 148, 0, 0
132, 0, 95, 131, 124, 27, 36.36%, 0, 0, 2, 424.87, 59059, 148, 0, 0
137, 0, 95, 135, 128, 27, 36.36%, 0, 0, 2, 408.56, 61119, 148, 0, 0
142, 0, 95, 137, 130, 27, 36.61%, 0, 0, 2, 420.21, 63261, 149, 0, 0
147, 0, 95, 138, 131, 27, 36.61%, 0, 0, 2, 396.29, 65251, 149, 0, 0
152, 0, 95, 138, 131, 27, 36.61%, 0, 0, 2, 397.63, 67359, 149, 0, 0
157, 0, 95, 141, 134, 27, 36.61%, 0, 0, 2, 450.53, 69642, 149, 0, 0
162, 0, 95, 146, 139, 27, 36.61%, 0, 0, 2, 448.25, 71950, 149, 0, 0
167, 0, 95, 146, 139, 27, 36.61%, 0, 0, 2, 462.14, 74354, 149, 0, 0
172, 0, 95, 147, 140, 27, 36.61%, 0, 0, 2, 422.84, 76493, 149, 0, 0
178, 0, 95, 147, 140, 27, 36.61%, 0, 0, 2, 415.65, 78613, 149, 0, 0
183, 0, 95, 148, 141, 27, 36.61%, 0, 0, 2, 408.91, 80701, 149, 0, 0
188, 0, 95, 148, 141, 27, 36.61%, 0, 0, 2, 417.23, 82821, 149, 0, 0
193, 0, 95, 148, 141, 27, 36.61%, 0, 0, 2, 439.66, 84957, 149, 0, 0
198, 0, 95, 148, 141, 27, 36.61%, 0, 0, 2, 442.96, 87173, 149, 0, 0
203, 0, 95, 148, 141, 27, 36.61%, 0, 0, 2, 422.45, 89261, 149, 0, 0
208, 0, 95, 150, 143, 27, 36.61%, 0, 0, 2, 424.65, 91444, 149, 0, 0
213, 0, 95, 150, 143, 27, 36.61%, 0, 0, 2, 438.91, 93690, 149, 0, 0
218, 0, 95, 153, 146, 27, 36.61%, 0, 0, 2, 430.51, 95802, 149, 0, 0
223, 0, 95, 154, 147, 27, 36.61%, 0, 0, 2, 447.90, 98038, 149, 0, 0
228, 0, 95, 154, 147, 27, 36.61%, 0, 0, 2, 441.46, 100265, 149, 0, 0
233, 0, 95, 155, 148, 27, 36.61%, 0, 0, 2, 420.41, 102392, 149, 0, 0
238, 0, 95, 156, 149, 27, 36.61%, 0, 0, 2, 438.87, 104607, 149, 0, 0
244, 0, 95, 156, 149, 27, 36.61%, 0, 0, 2, 442.96, 106887, 149, 0, 0
249, 0, 3, 158, 144, 24, 37.35%, 0, 0, 3, 412.69, 108878, 152, 0, 0
254, 0, 74, 160, 143, 24, 38.08%, 0, 0, 3, 419.17, 111048, 155, 0, 0
259, 0, 7, 164, 146, 23, 39.80%, 0, 0, 3, 396.46, 112999, 162, 0, 0
264, 0, 160, 165, 145, 25, 40.05%, 0, 0, 3, 402.34, 115075, 163, 0, 0
269, 0, 161, 171, 150, 26, 40.79%, 1, 0, 3, 407.01, 117116, 166, 1, 0
274, 0, 161, 176, 155, 26, 40.79%, 1, 0, 3, 388.95, 119084, 166, 1, 0
279, 0, 161, 180, 159, 26, 40.79%, 1, 0, 3, 407.43, 121092, 166, 1, 0
284, 0, 161, 181, 160, 26, 40.79%, 1, 0, 3, 425.41, 123283, 166, 1, 0
289, 0, 161, 184, 163, 26, 40.79%, 1, 0, 3, 411.28, 125336, 166, 1, 0
294, 0, 161, 185, 164, 26, 40.79%, 1, 0, 3, 413.08, 127456, 166, 1, 0
299, 0, 79, 187, 164, 22, 40.79%, 1, 0, 4, 420.09, 129573, 166, 1, 0
304, 0, 187, 189, 165, 23, 46.93%, 1, 0, 4, 436.29, 131851, 191, 1, 0
310, 0, 187, 189, 165, 23, 46.93%, 1, 0, 4, 424.18, 133980, 191, 1, 0
315, 0, 188, 203, 177, 21, 46.93%, 1, 0, 4, 454.28, 136325, 191, 1, 0
320, 0, 8, 203, 175, 20, 46.93%, 1, 0, 4, 452.75, 138716, 191, 1, 0
325, 0, 8, 203, 175, 20, 46.93%, 1, 0, 4, 417.32, 140842, 191, 1, 0
330, 0, 8, 203, 175, 20, 46.93%, 1, 0, 4, 382.31, 142715, 191, 1, 0
335, 0, 8, 203, 175, 20, 46.93%, 1, 0, 4, 391.22, 144661, 191, 1, 0
340, 0, 80, 203, 173, 18, 46.93%, 1, 0, 4, 415.53, 146778, 191, 1, 0
345, 0, 152, 205, 173, 16, 46.93%, 1, 0, 4, 428.34, 148972, 191, 1, 0
350, 0, 152, 208, 176, 16, 46.93%, 1, 0, 4, 419.39, 151129, 191, 1, 0
356, 0, 152, 208, 176, 16, 46.93%, 1, 0, 4, 432.27, 153337, 191, 1, 0
361, 0, 152, 209, 177, 16, 46.93%, 1, 0, 4, 414.24, 155464, 191, 1, 0
366, 0, 152, 209, 177, 16, 46.93%, 1, 0, 4, 446.08, 157664, 191, 1, 0
371, 0, 152, 211, 179, 16, 46.93%, 1, 0, 4, 422.46, 159854, 191, 1, 0
376, 0, 152, 211, 179, 16, 46.93%, 1, 0, 4, 435.17, 162046, 191, 1, 0
381, 0, 152, 211, 179, 16, 46.93%, 1, 0, 4, 441.17, 164310, 191, 1, 0
386, 0, 152, 212, 180, 16, 46.93%, 1, 0, 4, 398.99, 166319, 191, 1, 0
391, 0, 152, 212, 180, 16, 46.93%, 1, 0, 4, 458.95, 168750, 191, 1, 0
396, 0, 152, 212, 180, 16, 46.93%, 1, 0, 4, 441.73, 170886, 191, 1, 0
401, 0, 152, 212, 180, 16, 46.93%, 1, 0, 4, 435.27, 173094, 191, 1, 0
406, 0, 152, 212, 180, 16, 46.93%, 1, 0, 4, 399.53, 175110, 191, 1, 0
411, 0, 152, 212, 180, 16, 46.93%, 1, 0, 4, 400.38, 177142, 191, 1, 0
416, 0, 152, 212, 180, 16, 46.93%, 1, 0, 4, 413.74, 179206, 191, 1, 0
422, 0, 152, 212, 180, 16, 46.93%, 1, 0, 4, 427.82, 181494, 191, 1, 0
427, 0, 152, 212, 180, 16, 46.93%, 1, 0, 4, 413.56, 183566, 191, 1, 0
432, 0, 152, 212, 180, 16, 46.93%, 1, 0, 4, 421.73, 185654, 191, 1, 0
437, 0, 110, 213, 180, 15, 46.93%, 1, 0, 4, 418.12, 187760, 191, 1, 0
442, 0, 185, 213, 178, 13, 46.93%, 1, 0, 4, 446.44, 190063, 191, 1, 0
447, 0, 185, 219, 184, 13, 46.93%, 1, 0, 4, 409.39, 192138, 191, 1, 0
452, 0, 185, 220, 185, 13, 46.93%, 2, 0, 4, 430.18, 194433, 191, 2, 0
457, 0, 185, 225, 190, 13, 46.93%, 2, 0, 4, 468.00, 196813, 191, 2, 0
462, 0, 120, 227, 190, 11, 46.93%, 2, 0, 4, 407.28, 198810, 191, 3, 0
467, 0, 136, 230, 189, 8, 46.93%, 2, 0, 4, 416.53, 200976, 191, 3, 0
472, 0, 87, 230, 185, 4, 46.93%, 2, 0, 4, 408.67, 203029, 191, 3, 0
477, 0, 196, 235, 189, 3, 47.67%, 2, 0, 4, 422.94, 205247, 194, 3, 0
483, 0, 196, 239, 193, 3, 47.67%, 2, 0, 4, 428.36, 207467, 194, 3, 0
488, 0, 196, 240, 194, 3, 47.91%, 2, 0, 4, 412.38, 209514, 195, 3, 0
493, 0, 196, 242, 196, 3, 47.91%, 2, 0, 4, 409.75, 211640, 195, 3, 0
498, 0, 196, 247, 201, 3, 47.91%, 2, 0, 4, 417.33, 213763, 195, 3, 0
503, 0, 239, 248, 200, 5, 47.91%, 2, 0, 5, 393.18, 215749, 195, 3, 0
508, 0, 170, 249, 199, 3, 47.91%, 2, 0, 5, 410.77, 217889, 195, 3, 0
513, 0, 103, 249, 198, 2, 47.91%, 2, 0, 5, 389.56, 219934, 195, 3, 0
518, 0, 243, 249, 195, 1, 47.91%, 2, 0, 5, 412.87, 222113, 195, 3, 0
523, 0, 223, 250, 194, 1, 47.91%, 2, 0, 5, 418.35, 224232, 195, 3, 0
528, 0, 223, 255, 199, 1, 47.91%, 2, 0, 5, 410.24, 226308, 195, 3, 0
533, 0, 223, 255, 199, 1, 47.91%, 2, 0, 5, 409.38, 228396, 195, 3, 0
538, 0, 223, 255, 199, 1, 47.91%, 2, 0, 5, 405.25, 230476, 195, 3, 0
543, 0, 77, 255, 196, 1, 47.91%, 2, 0, 5, 415.31, 232670, 195, 3, 0
548, 0, 56, 256, 192, 1, 47.91%, 2, 0, 5, 446.73, 234886, 195, 3, 0
553, 0, 239, 256, 188, 0, 47.91%, 2, 0, 5, 416.06, 236965, 195, 3, 0
559, 0, 239, 258, 190, 0, 47.91%, 2, 0, 5, 421.02, 239153, 195, 3, 0
564, 0, 239, 258, 190, 0, 47.91%, 2, 0, 5, 433.51, 241313, 195, 3, 0
569, 0, 76, 258, 189, 0, 47.91%, 2, 0, 5, 414.98, 243463, 195, 3, 0
574, 0, 220, 258, 187, 0, 47.91%, 2, 0, 5, 405.64, 245628, 195, 3, 0
579, 0, 198, 259, 187, 0, 47.91%, 2, 0, 5, 433.32, 247862, 195, 3, 0
584, 0, 262, 264, 189, 1, 48.16%, 2, 0, 5, 399.47, 249888, 196, 3, 0
589, 0, 259, 264, 188, 0, 48.16%, 2, 0, 5, 416.78, 252069, 196, 3, 0
594, 0, 85, 264, 185, 0, 48.16%, 2, 0, 5, 405.75, 254118, 196, 3, 0
599, 0, 206, 264, 181, 0, 48.16%, 2, 0, 5, 438.00, 256333, 196, 3, 0
604, 0, 191, 264, 177, 0, 48.16%, 2, 0, 5, 425.93, 258478, 196, 3, 0
609, 0, 178, 264, 174, 0, 48.16%, 2, 0, 5, 424.92, 260677, 196, 3, 0
614, 0, 186, 265, 174, 0, 48.16%, 2, 0, 5, 449.99, 263062, 196, 3, 0
619, 0, 255, 265, 172, 0, 48.16%, 2, 0, 5, 455.47, 265416, 196, 3, 0
625, 0, 104, 265, 167, 0, 48.16%, 2, 0, 5, 439.57, 267621, 196, 3, 0
630, 0, 55, 267, 167, 0, 48.16%, 2, 0, 5, 406.16, 269652, 196, 3, 0
635, 0, 267, 268, 167, 1, 48.40%, 2, 0, 5, 398.45, 271699, 197, 3, 0
640, 0, 267, 268, 167, 1, 48.40%, 2, 0, 5, 412.36, 273789, 197, 3, 0
645, 0, 39, 270, 165, 0, 48.40%, 2, 0, 6, 432.44, 276007, 197, 3, 0
650, 0, 253, 272, 165, 0, 48.40%, 2, 0, 6, 423.52, 278086, 197, 3, 0
655, 0, 152, 272, 163, 0, 48.40%, 2, 0, 6, 430.18, 280256, 197, 3, 0
660, 0, 172, 272, 162, 0, 48.40%, 2, 0, 6, 440.52, 282467, 197, 3, 0
665, 0, 169, 272, 158, 0, 48.40%, 2, 0, 6, 415.98, 284527, 197, 3, 0
670, 0, 44, 272, 155, 0, 48.40%, 2, 0, 6, 415.02, 286610, 197, 3, 0
675, 0, 197, 272, 153, 0, 48.40%, 2, 0, 6, 413.08, 288802, 197, 3, 0
680, 0, 164, 272, 150, 0, 48.40%, 2, 0, 6, 427.55, 291024, 197, 3, 0
685, 0, 192, 272, 149, 0, 48.40%, 2, 0, 6, 384.74, 293001, 197, 3, 0
690, 0, 166, 272, 147, 0, 48.40%, 2, 0, 6, 407.64, 295174, 197, 3, 0
696, 0, 117, 273, 148, 0, 48.40%, 2, 0, 6, 416.08, 297348, 197, 3, 0
701, 0, 174, 273, 146, 0, 48.40%, 2, 0, 6, 415.02, 299437, 197, 3, 0
706, 0, 71, 273, 143, 0, 48.40%, 2, 0, 6, 422.94, 301536, 197, 3, 0
711, 0, 239, 274, 142, 0, 48.40%, 2, 0, 6, 420.65, 303663, 197, 3, 0
716, 0, 146, 274, 140, 0, 48.40%, 2, 0, 6, 438.39, 305845, 197, 3, 0
721, 1, 189, 275, 135, 0, 48.40%, 2, 0, 6, 388.30, 307755, 197, 3, 0
726, 1, 246, 275, 134, 0, 48.40%, 2, 0, 6, 410.51, 309874, 197, 3, 0
731, 1, 261, 275, 132, 0, 48.40%, 2, 0, 6, 429.95, 312080, 197, 3, 0
736, 1, 75, 276, 131, 0, 48.40%, 2, 0, 6, 425.88, 314189, 197, 3, 0
741, 1, 87, 277, 129, 0, 48.40%, 2, 0, 6, 414.67, 316295, 197, 3, 0
746, 1, 272, 277, 128, 0, 48.40%, 2, 0, 6, 416.65, 318394, 197, 3, 0
751, 1, 277, 279, 128, 1, 48.65%, 2, 0, 6, 413.46, 320515, 198, 3, 0
756, 1, 105, 279, 123, 0, 48.65%, 2, 0, 6, 451.88, 322866, 198, 3, 0
762, 1, 257, 279, 121, 0, 48.65%, 2, 0, 6, 419.13, 324927, 198, 3, 0
767, 1, 251, 280, 119, 0, 48.65%, 2, 0, 6, 423.41, 327057, 198, 3, 0
772, 1, 120, 280, 115, 0, 48.65%, 2, 0, 6, 432.19, 329231, 198, 3, 0
777, 1, 214, 281, 113, 0, 48.89%, 2, 0, 6, 431.11, 331523, 199, 3, 0
782, 1, 267, 282, 108, 0, 48.89%, 2, 0, 6, 404.58, 333577, 199, 3, 0
787, 1, 265, 282, 106, 0, 48.89%, 2, 0, 6, 423.11, 335771, 199, 3, 0
792, 1, 120, 282, 103, 0, 48.89%, 2, 0, 6, 383.17, 337681, 199, 3, 0
797, 1, 78, 282, 100, 0, 48.89%, 2, 0, 6, 389.12, 339658, 199, 3, 0
802, 1, 236, 283, 99, 0, 48.89%, 2, 0, 6, 424.79, 341787, 199, 3, 0
807, 1, 163, 283, 98, 0, 48.89%, 2, 0, 6, 421.33, 343921, 199, 3, 0
812, 1, 144, 283, 95, 0, 48.89%, 2, 0, 6, 430.38, 346109, 199, 3, 0
817, 1, 117, 284, 92, 0, 48.89%, 2, 0, 6, 402.75, 348183, 199, 3, 0
823, 1, 213, 287, 95, 0, 48.89%, 2, 0, 6, 394.07, 350192, 199, 3, 0
828, 1, 213, 288, 96, 0, 48.89%, 2, 0, 6, 417.90, 352393, 199, 3, 0
833, 1, 213, 289, 97, 0, 48.89%, 2, 0, 6, 411.53, 354440, 199, 3, 0
838, 1, 182, 289, 95, 0, 48.89%, 2, 0, 6, 418.24, 356575, 199, 3, 0
843, 1, 213, 289, 93, 0, 48.89%, 2, 0, 6, 418.91, 358681, 199, 3, 0
848, 1, 115, 290, 93, 0, 48.89%, 2, 0, 6, 400.35, 360712, 199, 3, 0
853, 1, 282, 290, 90, 0, 48.89%, 2, 0, 6, 423.23, 362904, 199, 3, 0
858, 1, 282, 294, 94, 0, 49.14%, 2, 0, 6, 403.96, 364907, 200, 3, 0
863, 1, 282, 295, 95, 0, 49.14%, 2, 0, 6, 418.62, 367131, 200, 3, 0
868, 1, 282, 295, 95, 0, 49.14%, 2, 0, 6, 407.01, 369171, 200, 3, 0
874, 1, 282, 296, 96, 0, 49.14%, 2, 0, 6, 399.53, 371214, 200, 3, 0
879, 1, 293, 296, 95, 1, 49.14%, 2, 0, 6, 391.82, 373206, 200, 3, 0
884, 1, 41, 296, 92, 0, 49.14%, 2, 0, 6, 390.66, 375255, 200, 3, 0
889, 1, 30, 296, 90, 0, 49.14%, 2, 0, 6, 382.15, 377204, 200, 3, 0
894, 1, 170, 296, 87, 0, 49.14%, 2, 0, 6, 413.67, 379340, 200, 3, 0
899, 1, 117, 296, 84, 0, 49.14%, 2, 0, 6, 414.03, 381479, 200, 3, 0
904, 1, 228, 296, 81, 0, 49.14%, 2, 0, 6, 396.38, 383484, 200, 3, 0
904, 1, 136, 296, 81, 0, 49.14%, 2, 0, 6, 390.45, 383541, 200, 3, 0
