# relative_time, cycles_done, cur_item, corpus_count, pending_total, pending_favs, map_size, saved_crashes, saved_hangs, max_depth, execs_per_sec, total_execs, edges_found, total_crashes, servers_count
61, 0, 9, 77, 72, 3, 30.96%, 0, 0, 2, 494.14, 26958, 126, 0, 0
66, 0, 9, 77, 72, 3, 30.96%, 0, 0, 2, 449.14, 29155, 126, 0, 0
71, 0, 9, 78, 73, 3, 30.96%, 0, 0, 2, 451.12, 31515, 126, 0, 0
76, 0, 9, 78, 73, 3, 30.96%, 0, 0, 2, 428.03, 33643, 126, 0, 0
81, 0, 9, 78, 73, 3, 30.96%, 0, 0, 2, 442.92, 35859, 126, 0, 0
86, 0, 9, 79, 74, 3, 30.96%, 0, 0, 2, 433.31, 38043, 126, 0, 0
91, 0, 9, 79, 74, 3, 30.96%, 0, 0, 2, 484.29, 40564, 126, 0, 0
97, 0, 9, 80, 75, 3, 30.96%, 0, 0, 2, 470.48, 42866, 126, 0, 0
102, 0, 9, 81, 76, 3, 30.96%, 0, 0, 2, 517.07, 45587, 126, 0, 0
107, 0, 9, 84, 79, 3, 30.96%, 0, 0, 2, 500.53, 48168, 126, 0, 0
112, 0, 9, 84, 79, 3, 30.96%, 0, 0, 2, 456.59, 50428, 126, 0, 0
117, 0, 9, 84, 79, 3, 30.96%, 0, 0, 2, 447.66, 52655, 126, 0, 0
122, 0, 15, 123, 117, 29, 36.36%, 0, 0, 2, 433.66, 54872, 148, 0, 0
127, 0, 3, 123, 115, 27, 36.36%, 0, 0, 2, 440.32, 57075, 148, 0, 0
132, 0, 90, 129, 120, 26, 37.10%, 1, 0, 2, 459.80, 59475, 151, 1, 0
137, 0, 76, 131, 114, 21, 37.35%, 1, 0, 3, 452.54, 61818, 152, 1, 0
142, 0, 105, 138, 120, 20, 38.08%, 1, 0, 3, 425.92, 63996, 155, 1, 0
147, 0, 105, 139, 121, 20, 38.08%, 1, 0, 3, 435.05, 66331, 155, 1, 0
152, 0, 105, 140, 122, 20, 38.08%, 1, 0, 3, 431.23, 68498, 155, 1, 0
158, 0, 105, 140, 122, 20, 38.08%, 1, 0, 3, 406.74, 70554, 155, 1, 0
163, 0, 137, 141, 122, 21, 38.08%, 1, 0, 3, 444.57, 72810, 155, 1, 0
168, 0, 126, 144, 123, 19, 38.08%, 1, 0, 3, 425.19, 74899, 155, 1, 0
173, 0, 126, 154, 133, 19, 38.08%, 1, 0, 3, 449.08, 77097, 155, 1, 0
178, 0, 126, 158, 137, 19, 38.08%, 1, 0, 3, 425.42, 79245, 155, 1, 0
183, 0, 126, 158, 137, 19, 38.08%, 1, 0, 3, 456.03, 81501, 155, 1, 0
188, 0, 126, 159, 138, 19, 38.08%, 1, 0, 3, 424.62, 83596, 155, 1, 0
193, 0, 126, 159, 138, 19, 38.08%, 1, 0, 3, 444.23, 85820, 155, 1, 0
198, 0, 126, 159, 138, 19, 38.08%, 1, 0, 3, 460.24, 88101, 155, 1, 0
203, 0, 126, 159, 138, 19, 38.08%, 1, 0, 3, 442.30, 90300, 155, 1, 0
208, 0, 126, 159, 138, 19, 38.08%, 1, 0, 3, 469.95, 92709, 155, 1, 0
213, 0, 126, 160, 139, 19, 38.08%, 1, 0, 3, 453.52, 94966, 155, 1, 0
218, 0, 126, 161, 140, 19, 38.08%, 1, 0, 3, 453.57, 97258, 155, 1, 0
223, 0, 126, 161, 140, 19, 38.08%, 1, 0, 3, 428.92, 99466, 155, 1, 0
228, 0, 126, 161, 140, 19, 38.08%, 1, 0, 3, 428.50, 101570, 155, 1, 0
234, 0, 126, 162, 141, 19, 38.08%, 1, 0, 3, 446.85, 103791, 155, 1, 0
239, 0, 126, 163, 142, 19, 38.33%, 1, 0, 3, 407.66, 105864, 156, 1, 0
244, 0, 126, 163, 142, 19, 38.33%, 1, 0, 3, 420.36, 108048, 156, 1, 0
249, 0, 126, 163, 142, 19, 38.33%, 1, 0, 3, 433.51, 110280, 156, 1, 0
254, 0, 126, 164, 143, 19, 38.33%, 1, 0, 3, 447.05, 112487, 156, 1, 0
259, 0, 162, 165, 143, 20, 38.33%, 1, 0, 3, 442.51, 114680, 156, 1, 0
264, 0, 121, 167, 144, 19, 38.33%, 1, 0, 3, 469.97, 117050, 156, 1, 0
269, 0, 8, 167, 142, 17, 38.33%, 1, 0, 3, 458.31, 119347, 156, 1, 0
274, 0, 8, 167, 142, 17, 38.33%, 1, 0, 3, 406.72, 121342, 156, 1, 0
279, 0, 8, 167, 142, 17, 38.33%, 1, 0, 3, 390.03, 123288, 156, 1, 0
284, 0, 8, 167, 142, 17, 38.33%, 1, 0, 3, 388.57, 125192, 156, 1, 0
289, 0, 118, 175, 148, 15, 38.33%, 1, 0, 3, 406.13, 127433, 156, 1, 0
294, 0, 84, 180, 150, 14, 38.57%, 1, 0, 3, 437.77, 129691, 157, 1, 0
300, 0, 154, 181, 147, 11, 38.57%, 1, 0, 4, 449.80, 131953, 157, 1, 0
305, 0, 154, 187, 153, 11, 38.57%, 1, 0, 4, 461.41, 134232, 157, 1, 0
310, 0, 154, 189, 155, 11, 38.57%, 1, 0, 4, 465.45, 136577, 157, 1, 0
315, 0, 154, 189, 155, 11, 38.57%, 1, 0, 4, 460.18, 138881, 157, 1, 0
320, 0, 154, 189, 155, 11, 38.57%, 1, 0, 4, 483.92, 141284, 157, 1, 0
325, 0, 154, 189, 155, 11, 38.57%, 1, 0, 4, 459.34, 143579, 157, 1, 0
330, 0, 154, 193, 159, 11, 38.57%, 1, 0, 4, 406.84, 145719, 157, 1, 0
335, 0, 154, 194, 160, 11, 38.57%, 1, 0, 4, 423.78, 147854, 157, 1, 0
340, 0, 154, 194, 160, 11, 38.57%, 1, 0, 4, 468.92, 150292, 157, 1, 0
345, 0, 154, 194, 160, 11, 38.57%, 1, 0, 4, 445.09, 152510, 157, 1, 0
350, 0, 154, 195, 161, 11, 38.57%, 1, 0, 4, 450.01, 154763, 157, 1, 0
355, 0, 154, 195, 161, 11, 38.57%, 1, 0, 4, 442.23, 156933, 157, 1, 0
361, 0, 154, 198, 164, 11, 38.57%, 1, 0, 4, 454.82, 159274, 157, 1, 0
366, 0, 154, 198, 164, 11, 38.57%, 1, 0, 4, 379.82, 161129, 157, 1, 0
371, 0, 154, 199, 165, 11, 38.82%, 1, 0, 4, 414.04, 163241, 158, 1, 0
376, 0, 154, 199, 165, 11, 38.82%, 1, 0, 4, 429.98, 165322, 158, 1, 0
381, 0, 154, 199, 165, 11, 38.82%, 1, 0, 4, 440.46, 167554, 158, 1, 0
386, 0, 154, 199, 165, 11, 38.82%, 1, 0, 4, 432.42, 169786, 158, 1, 0
391, 0, 198, 200, 165, 10, 38.82%, 1, 0, 4, 428.54, 172057, 158, 1, 0
396, 0, 201, 202, 165, 10, 39.31%, 1, 0, 6, 423.53, 174099, 160, 1, 0
401, 0, 112, 203, 163, 7, 39.31%, 1, 0, 7, 425.05, 176233, 160, 1, 0
406, 0, 187, 203, 158, 1, 39.31%, 1, 0, 7, 434.60, 178434, 160, 1, 0
411, 0, 94, 203, 153, 0, 39.31%, 1, 0, 7, 466.66, 180804, 160, 1, 0
416, 0, 75, 203, 150, 0, 39.31%, 1, 0, 7, 456.39, 183123, 160, 1, 0
421, 0, 192, 205, 151, 0, 39.31%, 1, 0, 7, 423.56, 185258, 160, 1, 0
427, 0, 137, 208, 153, 0, 39.31%, 1, 0, 7, 431.90, 187440, 160, 1, 0
432, 0, 201, 214, 159, 0, 39.31%, 1, 0, 7, 433.48, 189640, 160, 1, 0
437, 0, 201, 216, 161, 0, 39.56%, 1, 0, 7, 446.71, 191936, 161, 1, 0
442, 0, 201, 216, 161, 0, 39.56%, 1, 0, 7, 416.38, 194045, 161, 1, 0
447, 0, 216, 218, 162, 2, 39.80%, 1, 0, 8, 404.84, 196096, 162, 1, 0
452, 0, 217, 219, 160, 1, 39.80%, 1, 0, 8, 427.44, 198257, 162, 1, 0
457, 0, 97, 219, 159, 0, 39.80%, 1, 0, 8, 422.34, 200457, 162, 1, 0
462, 0, 203, 224, 163, 0, 40.05%, 1, 0, 8, 420.69, 202591, 163, 1, 0
467, 0, 203, 227, 166, 0, 40.05%, 1, 0, 8, 474.28, 205007, 163, 1, 0
472, 0, 203, 230, 169, 0, 40.05%, 1, 0, 8, 462.76, 207288, 163, 1, 0
477, 0, 203, 230, 169, 0, 40.05%, 1, 0, 8, 420.54, 209426, 163, 1, 0
482, 0, 203, 230, 169, 0, 40.05%, 1, 0, 8, 423.44, 211594, 163, 1, 0
487, 0, 220, 230, 168, 1, 40.05%, 1, 0, 8, 465.97, 213921, 163, 1, 0
493, 0, 60, 230, 163, 0, 40.05%, 1, 0, 8, 458.35, 216242, 163, 1, 0
498, 0, 137, 231, 160, 0, 40.05%, 1, 0, 8, 459.28, 218587, 163, 1, 0
503, 0, 219, 232, 158, 0, 40.05%, 1, 0, 8, 471.54, 221078, 163, 1, 0
508, 0, 33, 232, 153, 0, 40.05%, 1, 0, 8, 447.11, 223298, 163, 1, 0
513, 0, 169, 233, 152, 0, 40.05%, 1, 0, 8, 426.61, 225502, 163, 1, 0
518, 0, 34, 234, 150, 0, 40.05%, 1, 0, 8, 397.21, 227484, 163, 1, 0
523, 0, 104, 234, 150, 0, 40.05%, 1, 0, 8, 410.53, 229589, 163, 1, 0
528, 0, 220, 234, 146, 0, 40.05%, 1, 0, 8, 435.34, 231782, 163, 1, 0
533, 0, 150, 234, 145, 0, 40.05%, 1, 0, 8, 441.94, 234018, 163, 1, 0
538, 0, 234, 236, 146, 2, 40.54%, 1, 0, 8, 456.24, 236293, 165, 1, 0
543, 0, 235, 241, 149, 1, 40.54%, 1, 0, 8, 429.05, 238460, 165, 1, 0
548, 0, 191, 241, 147, 0, 40.54%, 1, 0, 8, 451.06, 240703, 165, 1, 0
553, 0, 112, 243, 145, 0, 40.54%, 1, 0, 8, 445.26, 242931, 165, 1, 0
559, 0, 110, 243, 143, 0, 40.54%, 1, 0, 8, 412.79, 245045, 165, 1, 0
564, 0, 200, 243, 140, 0, 40.54%, 1, 0, 8, 443.99, 247344, 165, 1, 0
569, 0, 156, 243, 137, 0, 40.54%, 1, 0, 8, 459.43, 249618, 165, 1, 0
574, 0, 103, 243, 134, 0, 40.54%, 1, 0, 8, 410.97, 251703, 165, 1, 0
579, 0, 233, 243, 132, 0, 40.54%, 1, 0, 8, 406.94, 253908, 165, 1, 0
584, 0, 77, 243, 128, 0, 40.54%, 1, 0, 8, 426.14, 256089, 165, 1, 0
589, 0, 216, 243, 126, 0, 40.54%, 1, 0, 8, 434.95, 258272, 165, 1, 0
594, 0, 46, 243, 126, 0, 40.54%, 1, 0, 8, 415.67, 260334, 165, 1, 0
599, 1, 197, 243, 124, 0, 40.54%, 1, 0, 8, 429.94, 262639, 165, 1, 0
604, 1, 231, 244, 124, 0, 40.54%, 1, 0, 8, 440.45, 264898, 165, 1, 0
609, 1, 57, 245, 122, 0, 40.54%, 2, 0, 8, 442.25, 267168, 165, 2, 0
614, 1, 244, 245, 119, 0, 40.54%, 2, 0, 8, 429.97, 269365, 165, 2, 0
620, 1, 194, 245, 117, 0, 40.54%, 2, 0, 8, 389.53, 271340, 165, 2, 0
625, 1, 184, 245, 115, 0, 40.54%, 2, 0, 8, 398.75, 273389, 165, 2, 0
630, 1, 199, 245, 111, 0, 40.54%, 2, 0, 8, 421.52, 275496, 165, 2, 0
635, 1, 199, 248, 114, 0, 40.54%, 2, 0, 8, 428.44, 277653, 165, 2, 0
640, 1, 199, 249, 115, 0, 40.54%, 2, 0, 8, 423.24, 279788, 165, 2, 0
645, 1, 199, 252, 118, 0, 40.54%, 2, 0, 8, 427.23, 281969, 165, 2, 0
650, 1, 102, 252, 116, 0, 40.54%, 2, 0, 8, 410.36, 284053, 165, 2, 0
655, 1, 90, 253, 115, 0, 40.79%, 2, 0, 8, 427.68, 286258, 166, 2, 0
660, 1, 19, 253, 111, 0, 40.79%, 2, 0, 8, 460.43, 288739, 166, 2, 0
665, 1, 28, 254, 109, 0, 40.79%, 2, 0, 8, 441.80, 290974, 166, 2, 0
670, 1, 210, 254, 107, 0, 40.79%, 2, 0, 8, 417.07, 293024, 166, 2, 0
675, 1, 237, 255, 104, 0, 40.79%, 2, 0, 8, 442.59, 295232, 166, 2, 0
680, 1, 208, 255, 101, 0, 40.79%, 2, 0, 8, 418.38, 297391, 166, 2, 0
685, 1, 226, 256, 101, 0, 40.79%, 2, 0, 8, 409.59, 299428, 166, 2, 0
690, 1, 220, 257, 99, 0, 41.03%, 2, 0, 8, 430.35, 301659, 167, 2, 0
695, 1, 254, 257, 97, 0, 41.03%, 2, 0, 8, 421.81, 303794, 167, 2, 0
701, 1, 17, 257, 93, 0, 41.03%, 2, 0, 8, 438.22, 306130, 167, 2, 0
706, 1, 72, 257, 90, 0, 41.03%, 2, 0, 8, 441.82, 308358, 167, 2, 0
711, 1, 251, 257, 88, 0, 41.03%, 2, 0, 8, 427.51, 310582, 167, 2, 0
716, 1, 16, 259, 87, 0, 41.03%, 2, 0, 8, 448.65, 312854, 167, 2, 0
721, 1, 239, 259, 83, 0, 41.03%, 2, 0, 8, 390.54, 314745, 167, 2, 0
726, 1, 76, 259, 82, 0, 41.03%, 2, 0, 8, 419.73, 316863, 167, 2, 0
731, 1, 207, 259, 79, 0, 41.03%, 2, 0, 8, 427.41, 319045, 167, 2, 0
736, 1, 147, 259, 75, 0, 41.03%, 2, 0, 8, 459.94, 321321, 167, 2, 0
741, 1, 193, 259, 73, 0, 41.03%, 2, 0, 8, 429.15, 323395, 167, 2, 0
746, 1, 224, 259, 70, 0, 41.03%, 2, 0, 8, 420.53, 325535, 167, 2, 0
751, 1, 249, 259, 67, 0, 41.03%, 2, 0, 8, 400.45, 327563, 167, 2, 0
756, 1, 238, 259, 65, 0, 41.03%, 2, 0, 8, 431.54, 329778, 167, 2, 0
761, 1, 209, 259, 62, 0, 41.03%, 2, 0, 8, 428.40, 331988, 167, 2, 0
766, 1, 247, 259, 57, 0, 41.03%, 2, 0, 8, 433.00, 334160, 167, 2, 0
772, 1, 259, 260, 57, 1, 41.28%, 2, 0, 8, 448.40, 336442, 168, 2, 0
777, 1, 94, 260, 55, 0, 41.28%, 2, 0, 8, 419.12, 338535, 168, 2, 0
782, 1, 181, 260, 53, 0, 41.28%, 2, 0, 8, 452.30, 340918, 168, 2, 0
787, 1, 87, 260, 50, 0, 41.28%, 2, 0, 8, 412.98, 343008, 168, 2, 0
792, 1, 148, 260, 48, 0, 41.28%, 2, 0, 8, 414.37, 345108, 168, 2, 0
797, 1, 151, 260, 46, 0, 41.28%, 2, 0, 8, 421.33, 347240, 168, 2, 0
802, 1, 246, 260, 43, 0, 41.28%, 2, 0, 8, 440.67, 349490, 168, 2, 0
807, 1, 245, 261, 44, 0, 41.28%, 2, 0, 8, 423.09, 351623, 168, 2, 0
812, 1, 218, 262, 42, 0, 41.28%, 2, 0, 8, 421.46, 353748, 168, 2, 0
817, 1, 235, 262, 41, 0, 41.28%, 2, 0, 8, 411.45, 355774, 168, 2, 0
822, 1, 183, 262, 40, 0, 41.28%, 2, 0, 8, 437.68, 357972, 168, 2, 0
827, 1, 253, 262, 36, 0, 41.28%, 2, 0, 8, 435.26, 360109, 168, 2, 0
832, 1, 216, 262, 33, 0, 41.28%, 2, 0, 8, 439.66, 362365, 168, 2, 0
837, 1, 182, 262, 32, 0, 41.28%, 2, 0, 8, 421.14, 364440, 168, 2, 0
843, 1, 40, 385, 154, 0, 59.46%, 2, 0, 8, 406.00, 366527, 242, 2, 0
848, 2, 342, 459, 227, 22, 60.69%, 2, 0, 8, 401.34, 368515, 247, 2, 0
853, 2, 352, 459, 226, 21, 60.69%, 2, 0, 8, 412.34, 370603, 247, 2, 0
858, 2, 448, 459, 225, 20, 60.69%, 2, 0, 8, 445.26, 372933, 247, 2, 0
863, 2, 330, 459, 223, 18, 60.69%, 2, 0, 8, 438.24, 375134, 247, 2, 0
868, 2, 277, 459, 221, 16, 60.69%, 2, 0, 8, 405.11, 377159, 247, 2, 0
873, 2, 277, 459, 221, 16, 60.69%, 2, 0, 8, 388.71, 379119, 247, 2, 0
878, 2, 284, 459, 220, 15, 60.69%, 2, 0, 8, 407.58, 381107, 247, 2, 0
883, 2, 274, 459, 218, 13, 60.69%, 2, 0, 8, 411.46, 383153, 247, 2, 0
888, 2, 437, 459, 216, 11, 60.69%, 2, 0, 8, 439.04, 385354, 247, 2, 0
894, 2, 292, 459, 214, 9, 60.69%, 2, 0, 8, 417.92, 387398, 247, 2, 0
899, 2, 298, 470, 224, 9, 60.69%, 2, 0, 8, 380.62, 389278, 247, 2, 0
902, 2, 336, 470, 223, 8, 60.69%, 2, 0, 8, 350.22, 390544, 247, 2, 0
