# relative_time, cycles_done, cur_item, corpus_count, pending_total, pending_favs, map_size, saved_crashes, saved_hangs, max_depth, execs_per_sec, total_execs, edges_found, total_crashes, servers_count
61, 1, 192, 231, 145, 0, 43.73%, 0, 0, 6, 2120.39, 120535, 178, 0, 0
66, 3, 17, 281, 174, 0, 48.65%, 0, 0, 7, 2041.18, 130918, 198, 0, 0
71, 3, 248, 285, 136, 0, 48.65%, 0, 0, 7, 1903.25, 140277, 198, 0, 0
76, 3, 289, 291, 131, 0, 48.65%, 1, 0, 7, 1875.68, 149735, 198, 1, 0
81, 6, 18, 297, 101, 0, 48.65%, 1, 0, 7, 2011.68, 159974, 198, 1, 0
86, 6, 297, 299, 69, 0, 48.65%, 1, 0, 7, 1874.14, 169413, 198, 1, 0
91, 7, 293, 302, 51, 0, 48.65%, 1, 0, 7, 1909.60, 179017, 198, 1, 0
96, 9, 268, 307, 41, 0, 48.65%, 1, 0, 7, 1820.04, 188062, 198, 1, 0
101, 10, 208, 312, 33, 0, 48.65%, 1, 0, 7, 1766.01, 197296, 198, 1, 0
106, 11, 306, 315, 28, 0, 48.65%, 1, 0, 7, 1852.51, 206842, 198, 1, 0
111, 13, 114, 320, 27, 0, 48.89%, 1, 0, 7, 1997.19, 217169, 199, 1, 0
117, 14, 263, 321, 22, 0, 48.89%, 1, 0, 7, 1901.99, 227100, 199, 1, 0
122, 16, 21, 321, 14, 0, 48.89%, 1, 0, 7, 1903.68, 236718, 199, 1, 0
127, 17, 254, 322, 11, 0, 48.89%, 1, 0, 7, 1967.21, 246927, 199, 1, 0
132, 17, 321, 329, 17, 0, 48.89%, 2, 0, 7, 1896.07, 256737, 199, 2, 0
137, 18, 327, 329, 11, 0, 48.89%, 2, 0, 7, 1847.88, 266080, 199, 2, 0
142, 20, 254, 332, 11, 0, 49.14%, 2, 0, 7, 2034.10, 275462, 200, 2, 0
147, 23, 254, 334, 10, 0, 49.63%, 2, 0, 7, 1844.79, 285005, 202, 2, 0
152, 24, 333, 336, 9, 0, 49.63%, 2, 0, 7, 1896.67, 294687, 202, 2, 0
157, 26, 205, 336, 7, 0, 49.63%, 2, 0, 7, 1994.68, 304774, 202, 2, 0
163, 27, 314, 336, 5, 0, 49.63%, 2, 0, 7, 2007.44, 314818, 202, 2, 0
168, 29, 335, 365, 32, 7, 57.25%, 2, 0, 7, 1820.39, 324421, 233, 2, 0
173, 29, 342, 370, 36, 6, 57.25%, 3, 0, 7, 1838.35, 333602, 233, 3, 0
178, 29, 355, 395, 58, 5, 57.99%, 3, 0, 7, 1176.83, 343129, 236, 3, 0
183, 29, 355, 399, 62, 5, 58.48%, 3, 0, 7, 1678.45, 352182, 238, 3, 0
188, 29, 355, 400, 63, 5, 58.48%, 3, 0, 7, 1730.60, 360862, 238, 3, 0
193, 29, 355, 400, 63, 5, 58.48%, 3, 0, 7, 1619.34, 369086, 238, 3, 0
198, 29, 355, 401, 64, 5, 58.48%, 3, 0, 7, 1629.09, 377520, 238, 3, 0
203, 29, 355, 403, 66, 5, 58.48%, 3, 0, 7, 1613.88, 386015, 238, 3, 0
209, 29, 365, 408, 69, 6, 58.48%, 3, 0, 7, 1715.24, 394591, 238, 3, 0
214, 30, 410, 414, 65, 2, 58.97%, 3, 0, 7, 1885.79, 404103, 240, 3, 0
219, 32, 363, 419, 63, 0, 58.97%, 3, 0, 7, 1914.67, 413644, 240, 3, 0
224, 33, 158, 422, 56, 0, 58.97%, 3, 0, 7, 1934.22, 423456, 240, 3, 0
229, 33, 374, 423, 51, 0, 58.97%, 3, 0, 7, 1956.69, 433242, 240, 3, 0
234, 35, 158, 424, 46, 0, 59.21%, 3, 0, 7, 1749.65, 442193, 241, 4, 0
239, 35, 409, 425, 41, 0, 59.46%, 3, 0, 7, 1854.71, 451977, 242, 5, 0
244, 36, 370, 425, 36, 0, 59.46%, 3, 0, 7, 1934.04, 461382, 242, 5, 0
249, 37, 125, 426, 32, 0, 59.46%, 3, 0, 7, 1805.25, 470000, 242, 5, 0
254, 37, 422, 426, 29, 0, 59.46%, 3, 0, 7, 1930.33, 480119, 242, 5, 0
259, 38, 366, 428, 24, 0, 59.46%, 3, 0, 7, 1993.73, 490129, 242, 5, 0
264, 39, 210, 429, 20, 0, 59.46%, 3, 0, 7, 1956.25, 500085, 242, 5, 0
269, 39, 419, 429, 17, 0, 59.46%, 3, 0, 7, 1868.88, 509388, 242, 5, 0
274, 40, 374, 430, 14, 0, 59.46%, 3, 0, 7, 1805.66, 518553, 242, 5, 0
279, 41, 312, 430, 11, 0, 59.46%, 3, 0, 7, 1897.46, 528308, 242, 5, 0
284, 42, 294, 430, 10, 0, 59.46%, 3, 0, 7, 1937.95, 538182, 242, 5, 0
290, 43, 209, 432, 9, 0, 59.46%, 3, 0, 7, 1915.97, 547719, 242, 5, 0
295, 44, 263, 432, 7, 0, 59.46%, 3, 0, 7, 1860.88, 557255, 242, 5, 0
300, 45, 369, 433, 5, 0, 59.46%, 3, 0, 7, 1964.32, 567285, 242, 5, 0
305, 46, 352, 434, 5, 0, 59.71%, 3, 0, 7, 1753.56, 576377, 243, 5, 0
310, 47, 206, 435, 4, 0, 59.71%, 3, 0, 7, 1774.99, 585148, 243, 5, 0
315, 49, 331, 438, 4, 1, 60.20%, 3, 0, 7, 1903.18, 594866, 245, 5, 0
320, 50, 433, 438, 2, 0, 60.20%, 3, 0, 7, 1923.21, 604512, 245, 5, 0
325, 51, 404, 439, 3, 0, 60.20%, 3, 0, 7, 1880.09, 614004, 245, 5, 0
330, 52, 351, 441, 5, 0, 60.20%, 3, 0, 7, 1925.72, 623788, 245, 5, 0
335, 54, 263, 446, 5, 0, 60.69%, 3, 0, 7, 1980.10, 633688, 247, 5, 0
340, 55, 215, 448, 6, 0, 60.93%, 3, 0, 7, 2007.91, 643557, 248, 5, 0
346, 56, 254, 448, 5, 0, 60.93%, 3, 0, 7, 1940.97, 653299, 248, 5, 0
351, 57, 204, 448, 3, 0, 60.93%, 3, 0, 7, 1873.86, 662649, 248, 5, 0
356, 58, 213, 450, 4, 0, 60.93%, 3, 0, 7, 1909.70, 672278, 248, 5, 0
361, 59, 181, 450, 3, 0, 60.93%, 3, 0, 7, 1945.08, 682504, 248, 5, 0
366, 59, 444, 451, 3, 0, 60.93%, 3, 0, 7, 1849.36, 691992, 248, 5, 0
371, 60, 435, 451, 3, 0, 60.93%, 3, 0, 7, 1883.85, 701566, 248, 5, 0
376, 61, 410, 452, 4, 0, 60.93%, 3, 0, 7, 1880.91, 711185, 248, 5, 0
381, 62, 252, 452, 3, 0, 60.93%, 3, 0, 7, 1772.83, 719568, 248, 5, 0
386, 63, 205, 452, 3, 0, 60.93%, 3, 0, 7, 1826.46, 728876, 248, 5, 0
392, 64, 132, 453, 3, 0, 60.93%, 3, 0, 7, 1636.30, 738275, 248, 5, 0
397, 64, 423, 453, 3, 0, 60.93%, 3, 0, 7, 1848.10, 747814, 248, 5, 0
402, 65, 384, 453, 2, 0, 60.93%, 3, 0, 7, 1939.44, 757989, 248, 5, 0
407, 66, 305, 453, 1, 0, 60.93%, 3, 0, 7, 1645.65, 766405, 248, 5, 0
412, 67, 213, 453, 1, 0, 60.93%, 3, 0, 7, 1872.79, 776059, 248, 5, 0
417, 68, 114, 456, 3, 0, 60.93%, 3, 0, 7, 1750.91, 784828, 248, 5, 0
422, 69, 132, 456, 2, 0, 60.93%, 3, 0, 7, 1887.30, 794837, 248, 5, 0
427, 70, 21, 457, 3, 0, 60.93%, 3, 0, 7, 1792.64, 803904, 248, 5, 0
432, 70, 448, 457, 3, 0, 60.93%, 3, 0, 7, 1743.04, 812762, 248, 5, 0
437, 71, 391, 457, 3, 0, 60.93%, 3, 0, 7, 1515.20, 819851, 248, 5, 0
443, 72, 423, 457, 1, 0, 60.93%, 3, 0, 7, 1786.04, 829648, 248, 5, 0
448, 73, 375, 457, 1, 0, 60.93%, 3, 0, 7, 1829.52, 838951, 248, 5, 0
453, 74, 397, 458, 2, 0, 60.93%, 3, 0, 7, 1874.43, 848589, 248, 5, 0
458, 75, 446, 458, 2, 0, 60.93%, 3, 0, 7, 1937.55, 858796, 248, 5, 0
463, 76, 442, 459, 2, 0, 60.93%, 3, 0, 7, 1893.18, 868303, 248, 5, 0
468, 77, 398, 459, 1, 0, 60.93%, 3, 0, 7, 1830.25, 877291, 248, 5, 0
473, 78, 381, 459, 1, 0, 60.93%, 3, 0, 7, 1842.76, 886818, 248, 5, 0
478, 79, 407, 459, 1, 0, 60.93%, 3, 0, 7, 1952.95, 896858, 248, 5, 0
484, 80, 410, 459, 0, 0, 60.93%, 3, 0, 7, 1951.40, 906760, 248, 5, 0
489, 81, 412, 459, 0, 0, 60.93%, 3, 0, 7, 1898.76, 916410, 248, 5, 0
494, 82, 351, 459, 0, 0, 60.93%, 3, 0, 7, 1890.35, 926016, 248, 6, 0
499, 83, 370, 459, 0, 0, 60.93%, 3, 0, 7, 1953.80, 936154, 248, 6, 0
504, 84, 402, 459, 0, 0, 60.93%, 3, 0, 7, 1883.09, 946015, 248, 6, 0
509, 85, 391, 459, 0, 0, 60.93%, 3, 0, 7, 1880.27, 955391, 248, 6, 0
514, 87, 60, 459, 0, 0, 60.93%, 3, 0, 7, 1919.16, 965367, 248, 6, 0
519, 88, 10, 459, 0, 0, 60.93%, 3, 0, 7, 1839.24, 974453, 248, 6, 0
524, 88, 446, 459, 0, 0, 60.93%, 3, 0, 7, 1726.22, 983426, 248, 6, 0
529, 89, 423, 459, 0, 0, 60.93%, 3, 0, 7, 1829.55, 992546, 248, 6, 0
535, 90, 424, 459, 0, 0, 60.93%, 3, 0, 7, 1717.14, 1001161, 248, 6, 0
540, 91, 401, 459, 0, 0, 60.93%, 3, 0, 7, 1709.04, 1009907, 248, 6, 0
545, 93, 409, 461, 1, 0, 61.67%, 3, 0, 7, 1839.15, 1019308, 251, 6, 0
550, 94, 335, 461, 1, 0, 61.67%, 3, 0, 7, 1980.33, 1028156, 251, 6, 0
555, 94, 462, 466, 4, 0, 62.16%, 3, 0, 7, 1936.23, 1037669, 253, 8, 0
560, 95, 370, 466, 2, 0, 62.16%, 3, 0, 7, 1781.65, 1046467, 253, 8, 0
565, 96, 337, 466, 2, 0, 62.16%, 3, 0, 7, 1884.15, 1055920, 253, 8, 0
570, 97, 340, 466, 2, 0, 62.16%, 3, 0, 7, 1981.15, 1065995, 253, 8, 0
575, 98, 264, 466, 2, 0, 62.16%, 3, 0, 7, 1908.69, 1075788, 253, 8, 0
581, 99, 213, 466, 2, 0, 62.16%, 3, 0, 7, 1873.03, 1085385, 253, 8, 0
586, 100, 13, 466, 2, 0, 62.16%, 3, 0, 7, 1852.74, 1093536, 253, 8, 0
591, 100, 460, 466, 2, 0, 62.16%, 3, 0, 7, 1834.06, 1102391, 253, 8, 0
596, 101, 442, 466, 1, 0, 62.16%, 3, 0, 7, 1949.28, 1112542, 253, 8, 0
598, 102, 132, 466, 1, 0, 62.16%, 3, 0, 7, 1840.09, 1115946, 253, 8, 0
