# relative_time, cycles_done, cur_item, corpus_count, pending_total, pending_favs, map_size, saved_crashes, saved_hangs, max_depth, execs_per_sec, total_execs, edges_found, total_crashes, servers_count
61, 0, 9, 67, 62, 3, 30.22%, 0, 0, 2, 119.04, 7433, 123, 0, 0
66, 0, 9, 68, 63, 3, 30.22%, 0, 0, 2, 136.85, 7976, 123, 0, 0
71, 0, 9, 68, 63, 3, 30.22%, 0, 0, 2, 129.75, 8648, 123, 0, 0
76, 0, 9, 71, 66, 3, 30.47%, 0, 0, 2, 112.54, 9201, 124, 0, 0
81, 0, 9, 72, 67, 3, 30.47%, 0, 0, 2, 111.55, 9756, 124, 0, 0
86, 0, 9, 73, 68, 3, 30.71%, 0, 0, 2, 109.42, 10299, 125, 0, 0
91, 0, 9, 73, 68, 3, 30.71%, 0, 0, 2, 123.05, 10939, 125, 0, 0
96, 0, 9, 73, 68, 3, 30.71%, 0, 0, 2, 137.76, 11667, 125, 0, 0
101, 0, 9, 73, 68, 3, 30.71%, 0, 0, 2, 116.75, 12190, 125, 0, 0
107, 0, 9, 74, 69, 3, 30.71%, 0, 0, 2, 130.31, 12893, 125, 0, 0
112, 0, 9, 75, 70, 3, 30.71%, 0, 0, 2, 123.08, 13500, 125, 0, 0
117, 0, 9, 75, 70, 3, 30.71%, 0, 0, 2, 131.06, 14150, 125, 0, 0
122, 0, 9, 75, 70, 3, 30.71%, 0, 0, 2, 122.22, 14764, 125, 0, 0
127, 0, 9, 75, 70, 3, 30.71%, 0, 0, 2, 125.32, 15466, 125, 0, 0
132, 0, 9, 76, 71, 3, 30.71%, 0, 0, 2, 129.15, 16119, 125, 0, 0
137, 0, 9, 77, 72, 3, 30.71%, 0, 0, 2, 130.56, 16736, 125, 0, 0
142, 0, 9, 77, 72, 3, 30.71%, 0, 0, 2, 118.56, 17298, 125, 0, 0
148, 0, 9, 79, 74, 3, 30.71%, 0, 0, 2, 117.39, 17880, 125, 0, 0
153, 0, 9, 79, 74, 3, 30.71%, 0, 0, 2, 118.88, 18508, 125, 0, 0
158, 0, 9, 79, 74, 3, 30.71%, 0, 0, 2, 118.54, 19128, 125, 0, 0
163, 0, 9, 79, 74, 3, 30.71%, 0, 0, 2, 111.23, 19672, 125, 0, 0
168, 0, 9, 80, 75, 3, 30.71%, 0, 0, 2, 119.36, 20297, 125, 0, 0
173, 0, 9, 81, 76, 3, 30.71%, 0, 0, 2, 125.79, 20914, 125, 0, 0
178, 0, 9, 82, 77, 3, 30.71%, 0, 0, 2, 115.69, 21503, 125, 0, 0
183, 0, 9, 84, 79, 3, 30.96%, 0, 0, 2, 114.46, 22049, 126, 0, 0
188, 0, 9, 85, 80, 3, 30.96%, 0, 0, 2, 111.70, 22642, 126, 0, 0
193, 0, 9, 87, 82, 3, 30.96%, 0, 0, 2, 120.44, 23248, 126, 0, 0
198, 0, 9, 87, 82, 3, 30.96%, 0, 0, 2, 102.99, 23768, 126, 0, 0
204, 0, 9, 87, 82, 3, 30.96%, 0, 0, 2, 117.05, 24396, 126, 0, 0
209, 0, 9, 87, 82, 3, 30.96%, 0, 0, 2, 119.10, 24986, 126, 0, 0
214, 0, 9, 89, 84, 3, 30.96%, 0, 0, 2, 110.68, 25560, 126, 0, 0
219, 0, 9, 89, 84, 3, 30.96%, 0, 0, 2, 133.07, 26240, 126, 0, 0
224, 0, 9, 89, 84, 3, 30.96%, 0, 0, 2, 131.95, 26918, 126, 0, 0
229, 0, 9, 89, 84, 3, 30.96%, 0, 0, 2, 113.34, 27436, 126, 0, 0
234, 0, 9, 90, 85, 3, 30.96%, 0, 0, 2, 122.35, 28044, 126, 0, 0
239, 0, 9, 92, 87, 3, 30.96%, 0, 0, 2, 127.06, 28680, 126, 0, 0
245, 0, 9, 92, 87, 3, 30.96%, 0, 0, 2, 118.28, 29291, 126, 0, 0
250, 0, 9, 92, 87, 3, 30.96%, 0, 0, 2, 122.30, 29889, 126, 0, 0
255, 0, 9, 92, 87, 3, 30.96%, 0, 0, 2, 109.25, 30445, 126, 0, 0
260, 0, 9, 93, 88, 3, 30.96%, 0, 0, 2, 130.43, 31138, 126, 0, 0
265, 0, 9, 93, 88, 3, 30.96%, 0, 0, 2, 127.41, 31626, 126, 0, 0
270, 0, 9, 94, 89, 3, 30.96%, 0, 0, 2, 118.04, 32237, 126, 0, 0
275, 0, 9, 94, 89, 3, 30.96%, 0, 0, 2, 156.41, 32866, 126, 0, 0
280, 0, 9, 94, 89, 3, 30.96%, 0, 0, 2, 134.85, 33469, 126, 0, 0
286, 0, 9, 94, 89, 3, 30.96%, 0, 0, 2, 118.00, 34073, 126, 0, 0
291, 0, 9, 94, 89, 3, 30.96%, 0, 0, 2, 116.40, 34697, 126, 0, 0
296, 0, 9, 94, 89, 3, 30.96%, 0, 0, 2, 118.50, 35331, 126, 0, 0
301, 0, 9, 94, 89, 3, 30.96%, 0, 0, 2, 126.66, 35933, 126, 0, 0
306, 0, 9, 94, 89, 3, 30.96%, 0, 0, 2, 106.44, 36485, 126, 0, 0
311, 0, 9, 94, 89, 3, 30.96%, 0, 0, 2, 96.49, 36963, 126, 0, 0
316, 0, 9, 96, 91, 3, 30.96%, 0, 0, 2, 114.91, 37547, 126, 0, 0
321, 0, 9, 96, 91, 3, 30.96%, 0, 0, 2, 121.83, 38175, 126, 0, 0
327, 0, 9, 96, 91, 3, 30.96%, 0, 0, 2, 112.85, 38747, 126, 0, 0
332, 0, 9, 96, 91, 3, 30.96%, 0, 0, 2, 116.12, 39337, 126, 0, 0
337, 0, 9, 96, 91, 3, 30.96%, 0, 0, 2, 113.80, 39913, 126, 0, 0
342, 0, 9, 96, 91, 3, 30.96%, 0, 0, 2, 115.60, 40503, 126, 0, 0
347, 0, 9, 96, 91, 3, 30.96%, 0, 0, 2, 115.26, 41089, 126, 0, 0
352, 0, 9, 96, 91, 3, 30.96%, 0, 0, 2, 121.58, 41691, 126, 0, 0
357, 0, 9, 96, 91, 3, 30.96%, 0, 0, 2, 110.49, 42271, 126, 0, 0
362, 0, 9, 97, 92, 3, 30.96%, 0, 0, 2, 112.83, 42838, 126, 0, 0
367, 0, 9, 97, 92, 3, 30.96%, 0, 0, 2, 127.43, 43478, 126, 0, 0
373, 0, 9, 97, 92, 3, 30.96%, 0, 0, 2, 126.29, 44037, 126, 0, 0
378, 0, 9, 97, 92, 3, 30.96%, 0, 0, 2, 117.14, 44627, 126, 0, 0
383, 0, 9, 97, 92, 3, 30.96%, 0, 0, 2, 118.02, 45185, 126, 0, 0
388, 0, 9, 97, 92, 3, 30.96%, 0, 0, 2, 117.15, 45801, 126, 0, 0
393, 0, 9, 98, 93, 3, 30.96%, 0, 0, 2, 118.53, 46406, 126, 0, 0
398, 0, 9, 98, 93, 3, 30.96%, 0, 0, 2, 167.12, 47001, 126, 0, 0
403, 0, 9, 98, 93, 3, 30.96%, 0, 0, 2, 125.44, 47538, 126, 0, 0
408, 0, 9, 98, 93, 3, 30.96%, 0, 0, 2, 64.79, 48073, 126, 0, 0
413, 0, 9, 98, 93, 3, 30.96%, 0, 0, 2, 114.39, 48722, 126, 0, 0
419, 0, 9, 98, 93, 3, 30.96%, 0, 0, 2, 131.97, 49416, 126, 0, 0
424, 0, 9, 98, 93, 3, 30.96%, 0, 0, 2, 120.59, 50022, 126, 0, 0
429, 0, 9, 98, 93, 3, 30.96%, 0, 0, 2, 127.44, 50648, 126, 0, 0
434, 0, 9, 98, 93, 3, 30.96%, 0, 0, 2, 115.81, 51239, 126, 0, 0
439, 0, 9, 99, 94, 3, 30.96%, 0, 0, 2, 113.42, 51798, 126, 0, 0
444, 0, 9, 99, 94, 3, 30.96%, 0, 0, 2, 113.69, 52392, 126, 0, 0
449, 0, 9, 99, 94, 3, 30.96%, 0, 0, 2, 126.05, 52986, 126, 0, 0
454, 0, 9, 99, 94, 3, 30.96%, 0, 0, 2, 136.30, 53676, 126, 0, 0
459, 0, 9, 99, 94, 3, 30.96%, 0, 0, 2, 117.52, 54284, 126, 0, 0
465, 0, 39, 138, 132, 40, 44.47%, 0, 0, 2, 117.50, 54878, 181, 0, 0
470, 0, 105, 138, 131, 39, 44.47%, 0, 0, 2, 111.55, 55431, 181, 0, 0
475, 0, 105, 138, 131, 39, 44.47%, 0, 0, 2, 121.39, 56069, 181, 0, 0
480, 0, 103, 138, 130, 38, 44.47%, 0, 0, 2, 111.73, 56618, 181, 0, 0
485, 0, 103, 141, 133, 38, 45.21%, 0, 0, 2, 119.04, 57202, 184, 0, 0
490, 0, 103, 141, 133, 38, 45.21%, 0, 0, 2, 115.20, 57786, 184, 0, 0
495, 0, 11, 142, 128, 34, 45.45%, 0, 0, 3, 124.63, 58394, 185, 0, 0
500, 0, 125, 142, 127, 33, 45.45%, 0, 0, 3, 106.92, 58951, 185, 0, 0
505, 0, 125, 142, 127, 33, 45.45%, 0, 0, 3, 125.92, 59580, 185, 0, 0
510, 0, 58, 142, 126, 32, 45.45%, 0, 0, 3, 120.80, 60166, 185, 0, 0
515, 0, 58, 145, 129, 32, 45.45%, 0, 0, 3, 126.60, 60761, 185, 0, 0
520, 0, 58, 147, 131, 32, 45.45%, 0, 0, 3, 127.66, 61385, 185, 0, 0
526, 0, 58, 147, 131, 32, 45.45%, 0, 0, 3, 114.35, 61969, 185, 0, 0
531, 0, 58, 147, 131, 32, 45.45%, 0, 0, 3, 155.34, 62669, 185, 0, 0
536, 0, 58, 148, 132, 32, 45.45%, 0, 0, 3, 130.45, 63336, 185, 0, 0
541, 0, 58, 148, 132, 32, 45.45%, 0, 0, 3, 148.41, 64031, 185, 0, 0
546, 0, 58, 148, 132, 32, 45.45%, 0, 0, 3, 147.30, 64733, 185, 0, 0
551, 0, 58, 148, 132, 32, 45.45%, 0, 0, 3, 127.68, 65337, 185, 0, 0
556, 0, 58, 149, 133, 32, 45.45%, 0, 0, 3, 125.13, 66000, 185, 0, 0
562, 0, 58, 150, 134, 32, 45.45%, 0, 0, 3, 119.56, 66599, 185, 0, 0
567, 0, 58, 150, 134, 32, 45.45%, 0, 0, 3, 161.39, 67190, 185, 0, 0
572, 0, 58, 151, 135, 32, 45.45%, 0, 0, 3, 146.16, 67755, 185, 0, 0
577, 0, 58, 151, 135, 32, 45.45%, 0, 0, 3, 112.29, 68299, 185, 0, 0
582, 0, 58, 151, 135, 32, 45.45%, 0, 0, 3, 125.11, 68953, 185, 0, 0
587, 0, 58, 151, 135, 32, 45.45%, 0, 0, 3, 122.09, 69648, 185, 0, 0
593, 0, 0, 151, 134, 30, 45.45%, 0, 0, 3, 107.75, 70206, 185, 0, 0
598, 0, 0, 151, 134, 30, 45.45%, 0, 0, 3, 114.21, 70838, 185, 0, 0
603, 0, 30, 151, 133, 29, 45.45%, 0, 0, 3, 117.32, 71433, 185, 0, 0
608, 0, 30, 160, 142, 29, 45.45%, 0, 0, 3, 120.68, 72043, 185, 0, 0
613, 0, 130, 160, 141, 30, 45.45%, 0, 0, 3, 128.75, 72689, 185, 0, 0
618, 0, 130, 160, 141, 30, 45.45%, 0, 0, 3, 134.28, 73289, 185, 0, 0
624, 0, 130, 160, 141, 30, 45.45%, 0, 0, 3, 121.87, 73897, 185, 0, 0
629, 0, 130, 160, 141, 30, 45.45%, 0, 0, 3, 115.07, 74467, 185, 0, 0
634, 0, 130, 160, 141, 30, 45.45%, 0, 0, 3, 130.99, 75163, 185, 0, 0
639, 0, 152, 160, 140, 29, 45.45%, 0, 0, 3, 119.39, 75770, 185, 0, 0
644, 0, 102, 160, 139, 28, 45.45%, 0, 0, 3, 123.15, 76382, 185, 0, 0
649, 0, 102, 160, 139, 28, 45.45%, 0, 0, 3, 103.69, 76911, 185, 0, 0
654, 0, 102, 160, 139, 28, 45.45%, 0, 0, 3, 77.86, 77272, 185, 0, 0
660, 0, 137, 160, 138, 27, 45.45%, 0, 0, 3, 115.68, 77890, 185, 0, 0
665, 0, 137, 162, 140, 27, 46.19%, 0, 0, 3, 113.57, 78497, 188, 0, 0
670, 0, 137, 186, 164, 27, 46.44%, 0, 0, 3, 118.59, 79092, 189, 0, 0
675, 0, 137, 190, 168, 27, 46.93%, 0, 0, 3, 114.89, 79654, 191, 0, 0
680, 0, 137, 190, 168, 27, 46.93%, 0, 0, 3, 118.38, 80262, 191, 0, 0
685, 0, 167, 190, 167, 27, 46.93%, 0, 0, 3, 117.29, 80884, 191, 0, 0
690, 0, 167, 190, 167, 27, 46.93%, 0, 0, 3, 113.91, 81430, 191, 0, 0
695, 0, 23, 190, 166, 26, 46.93%, 0, 0, 3, 152.91, 81995, 191, 0, 0
700, 0, 80, 190, 165, 25, 46.93%, 0, 0, 3, 129.55, 82607, 191, 0, 0
705, 0, 189, 190, 164, 24, 46.93%, 0, 0, 3, 128.66, 83283, 191, 0, 0
710, 0, 189, 190, 164, 24, 46.93%, 0, 0, 3, 128.51, 83982, 191, 0, 0
715, 0, 106, 191, 164, 23, 47.17%, 0, 0, 3, 125.05, 84607, 192, 0, 0
721, 0, 132, 191, 163, 23, 47.17%, 0, 0, 3, 138.14, 85229, 192, 0, 0
726, 0, 132, 198, 170, 23, 47.17%, 0, 0, 3, 121.81, 85853, 192, 0, 0
731, 0, 132, 200, 172, 23, 47.67%, 0, 0, 3, 118.31, 86444, 194, 0, 0
736, 0, 199, 200, 171, 25, 47.67%, 0, 0, 3, 127.79, 87110, 194, 0, 0
741, 0, 199, 200, 171, 25, 47.67%, 0, 0, 3, 128.65, 87747, 194, 0, 0
746, 0, 198, 200, 169, 23, 47.67%, 0, 0, 3, 109.09, 88294, 194, 0, 0
751, 0, 198, 200, 169, 23, 47.67%, 0, 0, 3, 114.95, 88886, 194, 0, 0
756, 0, 198, 201, 170, 23, 47.91%, 0, 0, 3, 158.94, 89515, 195, 0, 0
761, 0, 195, 201, 169, 23, 47.91%, 0, 0, 3, 126.78, 90095, 195, 0, 0
767, 0, 144, 201, 168, 22, 47.91%, 0, 0, 3, 132.29, 90745, 195, 0, 0
772, 0, 144, 204, 171, 22, 47.91%, 0, 0, 4, 123.59, 91323, 195, 0, 0
777, 0, 144, 206, 173, 22, 47.91%, 0, 0, 4, 123.22, 91919, 195, 0, 0
782, 0, 144, 209, 176, 22, 47.91%, 0, 0, 4, 107.10, 92476, 195, 0, 0
787, 0, 144, 209, 176, 22, 47.91%, 0, 0, 4, 119.89, 93078, 195, 0, 0
792, 0, 144, 209, 176, 22, 47.91%, 0, 0, 4, 128.55, 93704, 195, 0, 0
797, 0, 144, 209, 176, 22, 47.91%, 0, 0, 4, 109.10, 94258, 195, 0, 0
802, 0, 144, 210, 177, 22, 47.91%, 0, 0, 4, 106.59, 94817, 195, 0, 0
807, 0, 144, 212, 179, 22, 47.91%, 0, 0, 4, 124.77, 95467, 195, 0, 0
812, 0, 144, 214, 181, 22, 47.91%, 0, 0, 4, 122.16, 96105, 195, 0, 0
817, 0, 144, 214, 181, 22, 47.91%, 0, 0, 4, 124.28, 96695, 195, 0, 0
823, 0, 144, 214, 181, 22, 47.91%, 0, 0, 4, 127.52, 97349, 195, 0, 0
828, 0, 144, 214, 181, 22, 47.91%, 0, 0, 4, 117.88, 97913, 195, 0, 0
833, 0, 144, 215, 182, 22, 47.91%, 0, 0, 4, 123.18, 98514, 195, 0, 0
838, 0, 144, 215, 182, 22, 47.91%, 0, 0, 4, 111.15, 99102, 195, 0, 0
843, 0, 144, 215, 182, 22, 47.91%, 0, 0, 4, 133.91, 99702, 195, 0, 0
848, 0, 144, 216, 183, 22, 47.91%, 0, 0, 4, 120.70, 100257, 195, 0, 0
853, 0, 144, 216, 183, 22, 47.91%, 0, 0, 4, 124.85, 100867, 195, 0, 0
858, 0, 144, 217, 184, 22, 47.91%, 0, 0, 4, 123.72, 101492, 195, 0, 0
863, 0, 144, 217, 184, 22, 47.91%, 0, 0, 4, 109.79, 102044, 195, 0, 0
868, 0, 144, 218, 185, 22, 47.91%, 0, 0, 4, 101.96, 102582, 195, 0, 0
873, 0, 144, 218, 185, 22, 47.91%, 0, 0, 4, 122.48, 103235, 195, 0, 0
879, 0, 144, 219, 186, 22, 47.91%, 0, 0, 4, 118.03, 103822, 195, 0, 0
884, 0, 144, 219, 186, 22, 47.91%, 0, 0, 4, 120.92, 104458, 195, 0, 0
889, 0, 144, 219, 186, 22, 47.91%, 0, 0, 4, 112.65, 105048, 195, 0, 0
894, 0, 144, 219, 186, 22, 47.91%, 0, 0, 4, 121.60, 105668, 195, 0, 0
899, 0, 144, 219, 186, 22, 47.91%, 0, 0, 4, 115.51, 106244, 195, 0, 0
904, 0, 144, 219, 186, 22, 47.91%, 0, 0, 4, 107.87, 106753, 195, 0, 0
