# relative_time, cycles_done, cur_item, corpus_count, pending_total, pending_favs, map_size, saved_crashes, saved_hangs, max_depth, execs_per_sec, total_execs, edges_found, total_crashes, servers_count
61, 0, 9, 64, 59, 5, 30.47%, 0, 0, 2, 138.94, 8412, 124, 0, 0
66, 0, 9, 65, 60, 5, 30.47%, 0, 0, 2, 141.19, 9123, 124, 0, 0
71, 0, 9, 65, 60, 5, 30.47%, 0, 0, 2, 141.75, 9803, 124, 0, 0
76, 0, 9, 65, 60, 5, 30.47%, 0, 0, 2, 135.03, 10461, 124, 0, 0
81, 0, 9, 65, 60, 5, 30.47%, 0, 0, 2, 140.19, 11155, 124, 0, 0
86, 0, 9, 65, 60, 5, 30.47%, 0, 0, 2, 135.07, 11823, 124, 0, 0
91, 0, 9, 65, 60, 5, 30.47%, 0, 0, 2, 139.51, 12527, 124, 0, 0
96, 0, 9, 65, 60, 5, 30.47%, 0, 0, 2, 147.75, 13269, 124, 0, 0
101, 0, 9, 66, 61, 5, 30.47%, 0, 0, 2, 139.02, 13950, 124, 0, 0
107, 0, 9, 66, 61, 5, 30.47%, 0, 0, 2, 136.96, 14640, 124, 0, 0
112, 0, 9, 67, 62, 5, 30.47%, 0, 0, 2, 132.76, 15321, 124, 0, 0
117, 0, 9, 68, 63, 5, 30.47%, 0, 0, 2, 142.09, 16026, 124, 0, 0
122, 0, 9, 68, 63, 5, 30.47%, 0, 0, 2, 152.16, 16786, 124, 0, 0
127, 0, 9, 68, 63, 5, 30.47%, 0, 0, 2, 146.04, 17536, 124, 0, 0
132, 0, 9, 69, 64, 5, 30.71%, 0, 0, 2, 140.45, 18247, 125, 0, 0
137, 0, 9, 70, 65, 5, 30.71%, 0, 0, 2, 143.09, 18962, 125, 0, 0
142, 0, 9, 71, 66, 5, 30.71%, 0, 0, 2, 134.25, 19629, 125, 0, 0
148, 0, 9, 71, 66, 5, 30.71%, 0, 0, 2, 137.89, 20343, 125, 0, 0
153, 0, 9, 71, 66, 5, 30.71%, 0, 0, 2, 135.94, 21010, 125, 0, 0
158, 0, 9, 72, 67, 5, 30.71%, 0, 0, 2, 137.40, 21715, 125, 0, 0
163, 0, 9, 72, 67, 5, 30.71%, 0, 0, 2, 137.39, 22421, 125, 0, 0
168, 0, 9, 73, 68, 5, 30.71%, 0, 0, 2, 145.37, 23186, 125, 0, 0
173, 0, 9, 73, 68, 5, 30.71%, 0, 0, 2, 149.90, 23943, 125, 0, 0
178, 0, 9, 73, 68, 5, 30.71%, 0, 0, 2, 147.68, 24662, 125, 0, 0
183, 0, 9, 73, 68, 5, 30.71%, 0, 0, 2, 145.26, 25400, 125, 0, 0
188, 0, 9, 73, 68, 5, 30.71%, 0, 0, 2, 135.85, 26100, 125, 0, 0
193, 0, 9, 73, 68, 5, 30.71%, 0, 0, 2, 139.45, 26800, 125, 0, 0
198, 0, 9, 73, 68, 5, 30.71%, 0, 0, 2, 133.31, 27456, 125, 0, 0
203, 0, 9, 74, 69, 5, 30.71%, 0, 0, 2, 142.42, 28191, 125, 0, 0
208, 0, 9, 74, 69, 5, 30.71%, 0, 0, 2, 146.40, 28931, 125, 0, 0
214, 0, 9, 74, 69, 5, 30.71%, 0, 0, 2, 133.52, 29603, 125, 0, 0
219, 0, 9, 74, 69, 5, 30.71%, 0, 0, 2, 144.41, 30349, 125, 0, 0
224, 0, 9, 74, 69, 5, 30.71%, 0, 0, 2, 155.07, 31183, 125, 0, 0
229, 0, 9, 74, 69, 5, 30.71%, 0, 0, 2, 152.92, 31955, 125, 0, 0
234, 0, 9, 74, 69, 5, 30.71%, 0, 0, 2, 144.17, 32668, 125, 0, 0
239, 0, 9, 75, 70, 5, 31.70%, 0, 0, 2, 138.45, 33385, 129, 0, 0
244, 0, 9, 76, 71, 5, 31.70%, 0, 0, 2, 141.54, 34108, 129, 0, 0
249, 0, 9, 76, 71, 5, 31.70%, 0, 0, 2, 135.09, 34769, 129, 0, 0
255, 0, 9, 77, 72, 5, 31.70%, 0, 0, 2, 131.77, 35450, 129, 0, 0
260, 0, 9, 77, 72, 5, 31.70%, 0, 0, 2, 144.86, 36212, 129, 0, 0
265, 0, 9, 77, 72, 5, 31.70%, 0, 0, 2, 143.92, 36946, 129, 0, 0
270, 0, 9, 77, 72, 5, 31.70%, 0, 0, 2, 149.87, 37707, 129, 0, 0
275, 0, 9, 77, 72, 5, 31.70%, 0, 0, 2, 147.75, 38458, 129, 0, 0
280, 0, 9, 77, 72, 5, 31.70%, 0, 0, 2, 154.27, 39228, 129, 0, 0
285, 0, 9, 77, 72, 5, 31.70%, 0, 0, 2, 138.27, 39918, 129, 0, 0
290, 0, 9, 77, 72, 5, 31.70%, 0, 0, 2, 144.02, 40656, 129, 0, 0
295, 0, 9, 77, 72, 5, 31.70%, 0, 0, 2, 135.62, 41324, 129, 0, 0
301, 0, 9, 77, 72, 5, 31.70%, 0, 0, 2, 152.29, 42132, 129, 0, 0
306, 0, 9, 77, 72, 5, 31.70%, 0, 0, 2, 153.10, 42933, 129, 0, 0
311, 0, 9, 77, 72, 5, 31.70%, 0, 0, 2, 140.80, 43616, 129, 0, 0
316, 0, 9, 78, 73, 5, 31.70%, 0, 0, 2, 148.68, 44379, 129, 0, 0
321, 0, 9, 78, 73, 5, 31.70%, 0, 0, 2, 141.87, 45099, 129, 0, 0
326, 0, 9, 79, 74, 5, 31.70%, 0, 0, 2, 141.44, 45804, 129, 0, 0
331, 0, 9, 80, 75, 5, 31.70%, 0, 0, 2, 136.69, 46505, 129, 0, 0
336, 0, 9, 80, 75, 5, 31.70%, 0, 0, 2, 142.95, 47217, 129, 0, 0
341, 0, 9, 80, 75, 5, 31.70%, 0, 0, 2, 143.53, 47957, 129, 0, 0
346, 0, 9, 81, 76, 5, 31.70%, 0, 0, 2, 136.69, 48632, 129, 0, 0
351, 0, 9, 81, 76, 5, 31.70%, 0, 0, 2, 151.30, 49366, 129, 0, 0
357, 0, 9, 81, 76, 5, 31.70%, 0, 0, 2, 142.75, 50058, 129, 0, 0
362, 0, 9, 81, 76, 5, 31.70%, 0, 0, 2, 149.67, 50849, 129, 0, 0
367, 0, 9, 81, 76, 5, 31.70%, 0, 0, 2, 143.20, 51561, 129, 0, 0
372, 0, 9, 81, 76, 5, 31.70%, 0, 0, 2, 141.33, 52279, 129, 0, 0
377, 0, 9, 82, 77, 5, 31.70%, 0, 0, 2, 140.33, 52996, 129, 0, 0
382, 0, 9, 82, 77, 5, 31.70%, 0, 0, 2, 139.32, 53710, 129, 0, 0
387, 0, 9, 91, 85, 4, 34.40%, 0, 0, 2, 129.39, 54374, 140, 0, 0
392, 0, 45, 144, 138, 32, 38.08%, 0, 0, 2, 133.48, 55048, 155, 0, 0
397, 0, 12, 145, 136, 30, 38.33%, 0, 0, 3, 143.02, 55803, 156, 0, 0
403, 0, 3, 145, 132, 26, 38.33%, 0, 0, 3, 147.22, 56553, 156, 0, 0
408, 0, 3, 145, 132, 26, 38.33%, 0, 0, 3, 149.37, 57321, 156, 0, 0
413, 0, 101, 146, 132, 25, 38.33%, 0, 0, 3, 147.07, 58055, 156, 0, 0
418, 0, 101, 150, 136, 25, 38.33%, 0, 0, 3, 141.00, 58799, 156, 0, 0
423, 0, 101, 150, 136, 25, 38.33%, 0, 0, 3, 133.23, 59478, 156, 0, 0
428, 0, 101, 151, 137, 25, 38.33%, 0, 0, 3, 140.30, 60194, 156, 0, 0
433, 0, 101, 151, 137, 25, 38.33%, 0, 0, 3, 133.89, 60902, 156, 0, 0
438, 0, 101, 153, 139, 25, 38.33%, 0, 0, 3, 152.85, 61662, 156, 0, 0
443, 0, 101, 153, 139, 25, 38.33%, 0, 0, 3, 146.83, 62360, 156, 0, 0
449, 0, 101, 154, 140, 25, 38.33%, 0, 0, 3, 136.40, 63043, 156, 0, 0
454, 0, 101, 157, 143, 25, 38.33%, 0, 0, 3, 132.04, 63742, 156, 0, 0
459, 0, 101, 157, 143, 25, 38.33%, 0, 0, 3, 138.22, 64432, 156, 0, 0
464, 0, 101, 160, 146, 25, 38.33%, 0, 0, 3, 124.16, 65043, 156, 0, 0
469, 0, 101, 161, 147, 25, 38.33%, 0, 0, 3, 137.38, 65774, 156, 0, 0
474, 0, 101, 161, 147, 25, 38.33%, 0, 0, 3, 133.01, 66426, 156, 0, 0
479, 0, 101, 162, 148, 25, 38.33%, 0, 0, 3, 152.22, 67239, 156, 0, 0
484, 0, 130, 162, 147, 22, 38.33%, 0, 0, 3, 135.09, 67911, 156, 0, 0
489, 0, 122, 162, 146, 21, 38.33%, 0, 0, 3, 160.85, 68748, 156, 0, 0
494, 0, 129, 163, 146, 20, 38.33%, 0, 0, 3, 144.15, 69472, 156, 0, 0
500, 0, 129, 164, 147, 20, 38.57%, 0, 0, 3, 136.20, 70135, 157, 0, 0
505, 0, 129, 164, 147, 20, 38.57%, 0, 0, 3, 137.94, 70823, 157, 0, 0
510, 0, 129, 169, 152, 20, 39.80%, 1, 0, 3, 128.86, 71475, 162, 1, 0
515, 0, 129, 172, 155, 20, 39.80%, 1, 0, 3, 142.42, 72221, 162, 1, 0
520, 0, 129, 172, 155, 20, 39.80%, 1, 0, 3, 154.66, 72988, 162, 1, 0
525, 0, 129, 172, 155, 20, 39.80%, 1, 0, 3, 151.41, 73753, 162, 1, 0
530, 0, 129, 172, 155, 20, 39.80%, 1, 0, 3, 134.82, 74449, 162, 1, 0
535, 0, 129, 172, 155, 20, 39.80%, 1, 0, 3, 134.08, 75109, 162, 1, 0
540, 0, 129, 172, 155, 20, 39.80%, 1, 0, 3, 130.79, 75807, 162, 1, 0
546, 0, 129, 173, 156, 20, 39.80%, 1, 0, 3, 145.89, 76464, 162, 1, 0
551, 0, 129, 173, 156, 20, 39.80%, 1, 0, 3, 130.63, 77112, 162, 1, 0
556, 0, 129, 173, 156, 20, 39.80%, 1, 0, 3, 127.46, 77746, 162, 1, 0
561, 0, 129, 173, 156, 20, 39.80%, 1, 0, 3, 146.13, 78502, 162, 1, 0
566, 0, 129, 173, 156, 20, 39.80%, 1, 0, 3, 146.93, 79236, 162, 1, 0
571, 0, 129, 173, 156, 20, 39.80%, 1, 0, 3, 126.78, 79860, 162, 1, 0
576, 0, 129, 173, 156, 20, 39.80%, 1, 0, 3, 131.79, 80536, 162, 1, 0
581, 0, 129, 173, 156, 20, 39.80%, 1, 0, 3, 136.05, 81258, 162, 1, 0
587, 0, 165, 173, 155, 22, 39.80%, 1, 0, 3, 133.83, 81936, 162, 1, 0
592, 0, 165, 178, 160, 22, 39.80%, 1, 0, 3, 131.60, 82599, 162, 1, 0
597, 0, 165, 182, 164, 22, 39.80%, 1, 0, 3, 131.45, 83267, 162, 1, 0
602, 0, 165, 185, 167, 22, 39.80%, 1, 0, 3, 121.61, 83890, 162, 1, 0
607, 0, 165, 186, 168, 22, 39.80%, 1, 0, 3, 128.20, 84561, 162, 1, 0
612, 0, 165, 188, 170, 22, 40.29%, 1, 0, 3, 128.54, 85217, 164, 1, 0
617, 0, 165, 189, 171, 22, 40.29%, 1, 0, 3, 131.95, 85880, 164, 1, 0
622, 0, 165, 191, 173, 22, 40.29%, 1, 0, 3, 137.38, 86592, 164, 1, 0
627, 0, 165, 191, 173, 22, 40.29%, 1, 0, 3, 139.78, 87292, 164, 1, 0
632, 0, 165, 191, 173, 22, 40.29%, 1, 0, 3, 126.26, 87908, 164, 1, 0
637, 0, 165, 191, 173, 22, 40.29%, 1, 0, 3, 117.28, 88500, 164, 1, 0
643, 0, 165, 191, 173, 22, 40.29%, 1, 0, 3, 121.72, 89126, 164, 1, 0
648, 0, 165, 191, 173, 22, 40.29%, 1, 0, 3, 118.10, 89700, 164, 1, 0
653, 0, 165, 192, 174, 22, 40.29%, 1, 0, 3, 116.24, 90307, 164, 1, 0
658, 0, 165, 193, 175, 22, 40.54%, 1, 0, 3, 129.92, 91002, 165, 1, 0
663, 0, 165, 197, 179, 22, 40.54%, 1, 0, 3, 129.59, 91660, 165, 1, 0
668, 0, 165, 198, 180, 22, 40.54%, 1, 0, 3, 133.80, 92353, 165, 1, 0
673, 0, 165, 198, 180, 22, 40.54%, 1, 0, 3, 138.95, 93031, 165, 1, 0
678, 0, 165, 199, 181, 22, 40.54%, 1, 0, 3, 130.21, 93684, 165, 1, 0
683, 0, 165, 199, 181, 22, 40.54%, 1, 0, 3, 136.46, 94378, 165, 1, 0
689, 0, 173, 200, 181, 21, 40.54%, 1, 0, 3, 124.92, 95041, 165, 1, 0
694, 0, 173, 200, 181, 21, 40.54%, 1, 0, 3, 124.45, 95673, 165, 1, 0
699, 0, 25, 200, 179, 19, 40.54%, 1, 0, 3, 123.81, 96324, 165, 1, 0
704, 0, 0, 200, 177, 17, 40.54%, 1, 0, 3, 135.55, 97044, 165, 1, 0
709, 0, 0, 200, 177, 17, 40.54%, 1, 0, 3, 132.73, 97742, 165, 1, 0
715, 0, 90, 200, 176, 16, 40.54%, 1, 0, 3, 129.80, 98390, 165, 1, 0
720, 0, 90, 200, 176, 16, 40.54%, 1, 0, 3, 128.91, 99052, 165, 1, 0
725, 0, 84, 200, 175, 15, 40.54%, 1, 0, 3, 129.48, 99712, 165, 1, 0
730, 0, 84, 200, 175, 15, 40.54%, 1, 0, 3, 139.11, 100442, 165, 1, 0
735, 0, 152, 200, 174, 14, 40.54%, 1, 0, 3, 136.17, 101157, 165, 1, 0
740, 0, 33, 200, 173, 13, 40.54%, 1, 0, 3, 135.65, 101856, 165, 1, 0
745, 0, 48, 200, 172, 12, 40.54%, 1, 0, 3, 141.44, 102576, 165, 1, 0
750, 0, 74, 202, 173, 11, 40.54%, 1, 0, 3, 139.76, 103284, 165, 1, 0
756, 0, 74, 203, 174, 11, 40.54%, 1, 0, 3, 145.42, 104023, 165, 1, 0
761, 0, 192, 203, 172, 10, 40.54%, 1, 0, 3, 154.89, 104825, 165, 1, 0
766, 0, 192, 207, 176, 10, 40.54%, 1, 0, 4, 141.39, 105546, 165, 1, 0
771, 0, 192, 208, 177, 10, 40.54%, 1, 0, 4, 127.00, 106177, 165, 1, 0
776, 0, 192, 208, 177, 10, 40.54%, 1, 0, 4, 121.20, 106765, 165, 1, 0
781, 0, 193, 208, 176, 10, 40.54%, 1, 0, 4, 135.08, 107477, 165, 1, 0
786, 0, 193, 210, 178, 10, 40.54%, 1, 0, 4, 140.81, 108204, 165, 1, 0
791, 0, 193, 211, 179, 10, 40.54%, 1, 0, 4, 152.73, 108985, 165, 1, 0
796, 0, 18, 211, 178, 9, 40.54%, 1, 0, 4, 143.23, 109712, 165, 1, 0
801, 0, 205, 211, 177, 9, 40.54%, 1, 0, 4, 144.73, 110487, 165, 1, 0
806, 0, 205, 214, 180, 9, 40.54%, 1, 0, 5, 134.37, 111134, 165, 1, 0
811, 0, 205, 215, 181, 9, 40.54%, 1, 0, 5, 135.76, 111815, 165, 1, 0
817, 0, 205, 215, 181, 9, 40.54%, 1, 0, 5, 121.14, 112413, 165, 1, 0
822, 0, 205, 215, 181, 9, 40.54%, 1, 0, 5, 117.46, 113003, 165, 1, 0
827, 0, 205, 215, 181, 9, 40.54%, 1, 0, 5, 127.47, 113639, 165, 1, 0
832, 0, 205, 215, 181, 9, 40.54%, 1, 0, 5, 133.93, 114309, 165, 1, 0
837, 0, 205, 215, 181, 9, 40.54%, 1, 0, 5, 124.17, 114923, 165, 1, 0
842, 0, 141, 215, 180, 9, 40.54%, 1, 0, 5, 123.65, 115553, 165, 1, 0
847, 0, 141, 215, 180, 9, 40.54%, 1, 0, 5, 132.91, 116225, 165, 1, 0
852, 0, 141, 215, 180, 9, 40.54%, 1, 0, 5, 125.99, 116830, 165, 1, 0
857, 0, 141, 215, 180, 9, 40.54%, 1, 0, 5, 118.09, 117400, 165, 1, 0
862, 0, 141, 215, 180, 9, 40.54%, 1, 0, 5, 128.01, 118052, 165, 1, 0
868, 0, 187, 215, 179, 8, 40.54%, 1, 0, 5, 131.88, 118699, 165, 1, 0
873, 0, 187, 215, 179, 8, 40.54%, 1, 0, 5, 137.19, 119397, 165, 1, 0
878, 0, 187, 215, 179, 8, 40.54%, 1, 0, 5, 139.88, 120097, 165, 1, 0
883, 0, 150, 215, 178, 7, 40.54%, 1, 0, 5, 144.23, 120852, 165, 1, 0
888, 0, 212, 215, 177, 6, 40.54%, 1, 0, 5, 143.63, 121602, 165, 1, 0
893, 0, 132, 215, 176, 5, 40.54%, 1, 0, 5, 130.75, 122238, 165, 1, 0
898, 0, 118, 215, 175, 4, 40.54%, 1, 0, 5, 135.90, 122938, 165, 1, 0
903, 0, 197, 215, 174, 4, 40.54%, 1, 0, 5, 139.60, 123656, 165, 1, 0
908, 0, 164, 216, 173, 4, 40.79%, 1, 0, 5, 140.49, 124366, 166, 1, 0
913, 0, 164, 216, 173, 4, 40.79%, 1, 0, 5, 137.52, 125080, 166, 1, 0
918, 0, 164, 217, 174, 4, 40.79%, 1, 0, 5, 132.27, 125755, 166, 1, 0
924, 0, 164, 217, 174, 4, 40.79%, 1, 0, 5, 134.34, 126437, 166, 1, 0
929, 0, 216, 217, 173, 4, 40.79%, 1, 0, 5, 135.90, 127129, 166, 1, 0
934, 0, 142, 217, 170, 1, 40.79%, 1, 0, 5, 131.08, 127797, 166, 1, 0
939, 0, 142, 217, 170, 1, 40.79%, 1, 0, 5, 129.08, 128455, 166, 1, 0
944, 0, 168, 217, 169, 0, 40.79%, 1, 0, 5, 125.85, 129097, 166, 1, 0
949, 0, 80, 217, 168, 0, 40.79%, 1, 0, 5, 127.77, 129734, 166, 1, 0
954, 0, 191, 217, 167, 0, 40.79%, 1, 0, 5, 139.74, 130468, 166, 1, 0
960, 0, 212, 217, 166, 0, 40.79%, 1, 0, 5, 124.74, 131101, 166, 1, 0
965, 0, 110, 217, 166, 0, 40.79%, 1, 0, 5, 131.68, 131771, 166, 1, 0
970, 0, 125, 217, 165, 0, 40.79%, 1, 0, 5, 132.58, 132456, 166, 1, 0
975, 0, 173, 218, 165, 0, 40.79%, 1, 0, 5, 129.88, 133112, 166, 1, 0
980, 0, 39, 218, 165, 0, 40.79%, 1, 0, 5, 120.16, 133699, 166, 1, 0
985, 0, 136, 218, 163, 0, 40.79%, 1, 0, 5, 126.50, 134362, 166, 1, 0
990, 0, 136, 218, 163, 0, 40.79%, 1, 0, 5, 140.00, 135054, 166, 1, 0
995, 0, 201, 220, 164, 0, 40.79%, 1, 0, 5, 142.91, 135790, 166, 1, 0
1000, 0, 163, 220, 163, 0, 40.79%, 1, 0, 5, 136.18, 136500, 166, 1, 0
1006, 0, 110, 220, 162, 0, 40.79%, 1, 0, 5, 131.09, 137138, 166, 1, 0
1011, 0, 150, 220, 161, 0, 40.79%, 1, 0, 5, 132.17, 137803, 166, 1, 0
1016, 0, 174, 220, 160, 0, 40.79%, 1, 0, 5, 136.05, 138481, 166, 1, 0
1021, 0, 182, 220, 159, 0, 40.79%, 1, 0, 5, 130.97, 139159, 166, 1, 0
1026, 0, 182, 220, 159, 0, 40.79%, 1, 0, 5, 132.01, 139833, 166, 1, 0
1031, 0, 212, 220, 157, 0, 40.79%, 1, 0, 5, 119.61, 140449, 166, 1, 0
1036, 0, 100, 220, 157, 0, 40.79%, 1, 0, 5, 125.87, 141105, 166, 1, 0
1041, 0, 159, 220, 155, 0, 40.79%, 1, 0, 5, 130.55, 141765, 166, 1, 0
1046, 0, 137, 220, 154, 0, 40.79%, 1, 0, 5, 126.38, 142411, 166, 1, 0
1051, 0, 177, 220, 153, 0, 40.79%, 1, 0, 5, 128.10, 143064, 166, 1, 0
1056, 0, 177, 220, 153, 0, 40.79%, 1, 0, 5, 131.48, 143756, 166, 1, 0
1061, 0, 152, 221, 153, 0, 40.79%, 1, 0, 5, 138.19, 144440, 166, 1, 0
1066, 0, 168, 222, 152, 0, 40.79%, 1, 0, 5, 140.84, 145139, 166, 1, 0
1072, 0, 138, 222, 152, 0, 40.79%, 1, 0, 5, 141.24, 145835, 166, 1, 0
1077, 0, 216, 222, 151, 0, 40.79%, 1, 0, 5, 131.99, 146502, 166, 1, 0
1082, 0, 173, 222, 150, 0, 40.79%, 1, 0, 5, 131.39, 147189, 166, 2, 0
1087, 0, 184, 222, 149, 0, 40.79%, 1, 0, 5, 138.17, 147917, 166, 2, 0
1092, 0, 76, 222, 148, 0, 40.79%, 1, 0, 5, 138.77, 148607, 166, 2, 0
1097, 0, 173, 222, 146, 0, 40.79%, 1, 0, 5, 132.76, 149261, 166, 2, 0
1102, 0, 208, 222, 146, 0, 40.79%, 1, 0, 5, 141.41, 149973, 166, 2, 0
1107, 0, 208, 225, 149, 0, 40.79%, 1, 0, 5, 135.28, 150658, 166, 2, 0
1112, 0, 208, 225, 149, 0, 40.79%, 1, 0, 5, 135.92, 151348, 166, 2, 0
1118, 0, 208, 228, 152, 0, 40.79%, 1, 0, 5, 136.39, 152025, 166, 2, 0
1123, 0, 208, 228, 152, 0, 40.79%, 1, 0, 5, 136.14, 152723, 166, 2, 0
1128, 0, 208, 229, 153, 0, 40.79%, 1, 0, 5, 132.70, 153406, 166, 3, 0
1133, 0, 208, 229, 153, 0, 40.79%, 1, 0, 5, 135.52, 154110, 166, 3, 0
1138, 0, 208, 230, 154, 0, 40.79%, 1, 0, 5, 145.27, 154831, 166, 3, 0
1143, 0, 208, 232, 156, 0, 40.79%, 1, 0, 5, 137.06, 155511, 166, 3, 0
1148, 0, 208, 232, 156, 0, 40.79%, 1, 0, 5, 142.47, 156243, 166, 3, 0
1153, 0, 208, 233, 157, 0, 41.03%, 1, 0, 5, 142.42, 156962, 167, 3, 0
1158, 0, 208, 233, 157, 0, 41.03%, 1, 0, 5, 142.38, 157682, 167, 3, 0
1163, 0, 208, 234, 158, 0, 41.03%, 1, 0, 5, 140.86, 158387, 167, 4, 0
1168, 0, 208, 235, 159, 0, 41.03%, 1, 0, 5, 133.89, 159058, 167, 4, 0
1173, 0, 208, 235, 159, 0, 41.03%, 1, 0, 5, 123.80, 159702, 167, 4, 0
1178, 0, 208, 235, 159, 0, 41.03%, 1, 0, 5, 133.53, 160376, 167, 4, 0
1183, 0, 208, 235, 159, 0, 41.03%, 1, 0, 5, 137.10, 161082, 167, 4, 0
1188, 0, 208, 235, 159, 0, 41.03%, 1, 0, 5, 131.19, 161750, 167, 4, 0
1194, 0, 208, 235, 159, 0, 41.03%, 1, 0, 5, 133.68, 162428, 167, 4, 0
1199, 0, 232, 235, 158, 2, 41.03%, 1, 0, 5, 132.59, 163084, 167, 4, 0
1204, 0, 232, 235, 158, 2, 41.03%, 1, 0, 5, 138.92, 163789, 167, 4, 0
1209, 0, 85, 235, 157, 1, 41.03%, 1, 0, 5, 139.34, 164488, 167, 4, 0
1214, 0, 229, 235, 156, 1, 41.03%, 1, 0, 5, 140.77, 165219, 167, 4, 0
1219, 0, 229, 235, 156, 1, 41.03%, 1, 0, 5, 137.43, 165934, 167, 4, 0
1224, 0, 212, 235, 155, 0, 41.03%, 1, 0, 5, 125.71, 166596, 167, 4, 0
1229, 0, 230, 235, 155, 0, 41.03%, 1, 0, 5, 128.20, 167256, 167, 4, 0
1235, 0, 184, 235, 154, 0, 41.03%, 1, 0, 5, 133.48, 167958, 167, 4, 0
1240, 0, 58, 235, 152, 0, 41.03%, 1, 0, 5, 126.37, 168594, 167, 4, 0
1245, 0, 123, 235, 150, 0, 41.03%, 1, 0, 5, 129.62, 169271, 167, 4, 0
1250, 0, 214, 235, 149, 0, 41.03%, 1, 0, 5, 136.88, 169973, 167, 4, 0
1255, 0, 141, 235, 148, 0, 41.03%, 1, 0, 5, 136.80, 170725, 167, 4, 0
1260, 0, 212, 235, 147, 0, 41.03%, 1, 0, 5, 121.75, 171343, 167, 4, 0
1265, 0, 204, 235, 146, 0, 41.03%, 1, 0, 5, 132.66, 172010, 167, 4, 0
1270, 0, 204, 235, 146, 0, 41.03%, 1, 0, 5, 128.95, 172684, 167, 4, 0
1275, 0, 231, 235, 144, 0, 41.03%, 1, 0, 5, 130.69, 173342, 167, 4, 0
1280, 0, 90, 236, 144, 0, 41.52%, 1, 0, 5, 129.38, 174027, 169, 4, 0
1286, 0, 235, 236, 144, 1, 41.52%, 1, 0, 5, 134.47, 174719, 169, 4, 0
1291, 0, 48, 236, 143, 0, 41.52%, 1, 0, 5, 137.42, 175421, 169, 4, 0
1296, 0, 226, 236, 142, 0, 41.52%, 1, 0, 5, 125.94, 176078, 169, 4, 0
1301, 0, 226, 236, 142, 0, 41.52%, 1, 0, 5, 119.93, 176699, 169, 4, 0
1306, 0, 229, 236, 140, 0, 41.52%, 1, 0, 5, 125.02, 177359, 169, 4, 0
1311, 0, 173, 236, 140, 0, 41.52%, 1, 0, 5, 137.55, 178083, 169, 4, 0
1316, 0, 40, 236, 140, 0, 41.52%, 1, 0, 5, 128.10, 178707, 169, 4, 0
1321, 0, 27, 236, 138, 0, 41.52%, 1, 0, 5, 126.30, 179348, 169, 4, 0
1327, 0, 139, 236, 137, 0, 41.52%, 1, 0, 5, 139.53, 180073, 169, 4, 0
1332, 0, 3, 236, 136, 0, 41.52%, 1, 0, 5, 140.03, 180782, 169, 4, 0
1337, 0, 173, 236, 134, 0, 41.52%, 1, 0, 5, 129.67, 181445, 169, 4, 0
1342, 0, 89, 236, 134, 0, 41.52%, 1, 0, 5, 136.15, 182145, 169, 4, 0
1347, 0, 173, 236, 133, 0, 41.52%, 1, 0, 5, 138.82, 182861, 169, 4, 0
1352, 0, 229, 236, 133, 0, 41.52%, 1, 0, 5, 128.53, 183499, 169, 4, 0
1357, 0, 71, 236, 132, 0, 41.52%, 1, 0, 5, 130.93, 184152, 169, 4, 0
1362, 0, 181, 236, 131, 0, 41.52%, 1, 0, 5, 129.69, 184806, 169, 4, 0
1367, 0, 110, 236, 130, 0, 41.52%, 1, 0, 5, 127.37, 185454, 169, 4, 0
1373, 0, 178, 236, 130, 0, 41.52%, 1, 0, 5, 127.48, 186085, 169, 4, 0
1378, 0, 229, 236, 129, 0, 41.52%, 1, 0, 5, 125.43, 186714, 169, 4, 0
1383, 0, 216, 237, 130, 0, 41.52%, 1, 0, 5, 130.01, 187381, 169, 4, 0
1388, 0, 114, 237, 129, 0, 41.52%, 1, 0, 5, 137.00, 188088, 169, 4, 0
1393, 0, 108, 240, 130, 0, 41.52%, 1, 0, 5, 136.85, 188790, 169, 4, 0
1398, 0, 108, 241, 131, 0, 41.52%, 1, 0, 5, 135.62, 189435, 169, 4, 0
1403, 0, 108, 241, 131, 0, 41.52%, 1, 0, 5, 135.32, 190111, 169, 4, 0
1408, 0, 200, 241, 130, 0, 41.52%, 1, 0, 5, 148.19, 190873, 169, 4, 0
1413, 0, 223, 241, 129, 0, 41.52%, 1, 0, 5, 142.57, 191558, 169, 4, 0
1418, 0, 24, 241, 127, 0, 41.52%, 1, 0, 5, 135.91, 192229, 169, 4, 0
1424, 0, 128, 241, 125, 0, 41.52%, 1, 0, 5, 132.82, 192916, 169, 4, 0
1429, 0, 128, 241, 125, 0, 41.52%, 1, 0, 5, 129.06, 193562, 169, 4, 0
1434, 0, 213, 241, 124, 0, 41.52%, 1, 0, 5, 131.63, 194217, 169, 4, 0
1439, 0, 223, 241, 123, 0, 41.52%, 1, 0, 5, 143.93, 194985, 169, 4, 0
1444, 0, 65, 241, 123, 0, 41.52%, 1, 0, 5, 128.73, 195654, 169, 4, 0
1449, 0, 212, 241, 122, 0, 41.52%, 1, 0, 5, 121.49, 196285, 169, 4, 0
1454, 0, 241, 242, 123, 1, 43.49%, 1, 0, 5, 122.52, 196899, 177, 4, 0
1459, 0, 241, 242, 123, 1, 43.49%, 1, 0, 5, 132.05, 197591, 177, 4, 0
1464, 0, 241, 255, 136, 1, 46.68%, 1, 0, 5, 134.45, 198269, 190, 4, 0
1469, 0, 241, 262, 143, 1, 46.93%, 1, 0, 5, 132.65, 198957, 191, 4, 0
1474, 0, 241, 263, 144, 1, 46.93%, 1, 0, 5, 130.98, 199614, 191, 4, 0
1479, 0, 241, 263, 144, 1, 46.93%, 1, 0, 5, 135.69, 200302, 191, 4, 0
1485, 0, 241, 263, 144, 1, 46.93%, 1, 0, 5, 132.36, 200973, 191, 4, 0
1490, 0, 241, 263, 144, 1, 46.93%, 1, 0, 5, 137.34, 201665, 191, 4, 0
1495, 0, 261, 263, 143, 7, 46.93%, 1, 0, 5, 137.89, 202395, 191, 4, 0
1500, 0, 261, 264, 144, 7, 46.93%, 1, 0, 5, 130.24, 203042, 191, 4, 0
1505, 0, 261, 270, 150, 7, 46.93%, 1, 0, 5, 132.94, 203719, 191, 4, 0
1510, 0, 249, 270, 148, 6, 46.93%, 1, 0, 5, 146.68, 204482, 191, 4, 0
1515, 0, 249, 270, 148, 6, 46.93%, 1, 0, 5, 140.20, 205186, 191, 4, 0
1520, 0, 244, 270, 147, 5, 46.93%, 1, 0, 5, 132.30, 205863, 191, 4, 0
1526, 0, 253, 270, 146, 4, 46.93%, 1, 0, 5, 138.72, 206571, 191, 4, 0
1531, 0, 253, 270, 146, 4, 46.93%, 1, 0, 5, 142.51, 207293, 191, 4, 0
1536, 0, 248, 270, 145, 3, 46.93%, 1, 0, 5, 130.27, 207945, 191, 4, 0
1541, 0, 248, 270, 145, 3, 46.93%, 1, 0, 5, 129.17, 208604, 191, 4, 0
1546, 0, 250, 271, 145, 2, 46.93%, 1, 0, 5, 135.79, 209301, 191, 4, 0
1551, 0, 250, 271, 145, 2, 46.93%, 1, 0, 5, 135.65, 209987, 191, 4, 0
1556, 0, 246, 271, 144, 1, 46.93%, 1, 0, 5, 136.50, 210666, 191, 4, 0
1561, 0, 246, 271, 144, 1, 46.93%, 1, 0, 5, 135.50, 211335, 191, 4, 0
1566, 0, 203, 271, 143, 0, 46.93%, 1, 0, 5, 137.44, 212025, 191, 4, 0
1571, 0, 203, 271, 143, 0, 46.93%, 1, 0, 5, 119.20, 212621, 191, 4, 0
1577, 0, 229, 271, 142, 0, 46.93%, 1, 0, 5, 125.58, 213293, 191, 4, 0
1582, 0, 212, 271, 142, 0, 46.93%, 1, 0, 5, 114.30, 213887, 191, 4, 0
1587, 0, 267, 271, 142, 0, 46.93%, 1, 0, 5, 127.44, 214561, 191, 4, 0
1592, 0, 267, 271, 142, 0, 46.93%, 1, 0, 5, 169.85, 215365, 191, 4, 0
1597, 0, 194, 273, 142, 0, 46.93%, 1, 0, 5, 402.11, 217542, 191, 4, 0
1602, 0, 217, 279, 147, 0, 46.93%, 1, 0, 5, 425.21, 219745, 191, 4, 0
1607, 0, 217, 279, 147, 0, 46.93%, 1, 0, 5, 441.64, 222033, 191, 4, 0
1612, 0, 217, 280, 148, 0, 46.93%, 1, 0, 5, 427.84, 224200, 191, 4, 0
1617, 0, 217, 280, 148, 0, 46.93%, 1, 0, 5, 414.85, 226296, 191, 4, 0
1622, 0, 217, 280, 148, 0, 46.93%, 1, 0, 5, 399.13, 228298, 191, 4, 0
1628, 0, 217, 281, 149, 0, 46.93%, 1, 0, 5, 405.73, 230391, 191, 4, 0
1633, 0, 144, 374, 240, 0, 56.76%, 1, 0, 5, 431.90, 232644, 231, 4, 0
1638, 0, 373, 404, 269, 23, 57.99%, 1, 0, 5, 459.02, 234956, 236, 4, 0
1643, 0, 391, 404, 267, 21, 57.99%, 1, 0, 5, 424.48, 237014, 236, 4, 0
1648, 0, 377, 404, 266, 20, 57.99%, 1, 0, 5, 426.68, 239196, 236, 4, 0
1653, 0, 398, 404, 264, 18, 57.99%, 1, 0, 5, 436.69, 241457, 236, 4, 0
1658, 0, 252, 404, 262, 16, 57.99%, 1, 0, 5, 451.31, 243784, 236, 4, 0
1663, 0, 403, 404, 259, 15, 57.99%, 1, 0, 5, 438.85, 245941, 236, 4, 0
1668, 0, 359, 405, 259, 14, 57.99%, 1, 0, 5, 407.76, 247969, 236, 4, 0
1673, 0, 401, 405, 257, 12, 57.99%, 1, 0, 5, 424.65, 250126, 236, 4, 0
1678, 0, 363, 405, 255, 10, 57.99%, 1, 0, 5, 412.41, 252236, 236, 4, 0
1683, 0, 355, 407, 256, 9, 58.48%, 1, 0, 5, 418.40, 254346, 238, 4, 0
1688, 0, 299, 407, 254, 9, 58.48%, 1, 0, 5, 427.12, 256488, 238, 4, 0
1693, 0, 369, 408, 254, 8, 58.48%, 1, 0, 5, 435.96, 258756, 238, 4, 0
1699, 0, 364, 408, 251, 5, 58.48%, 1, 0, 5, 411.76, 260807, 238, 4, 0
1704, 0, 300, 408, 248, 3, 58.48%, 1, 0, 5, 413.47, 262966, 238, 4, 0
1709, 0, 406, 408, 247, 2, 58.48%, 1, 0, 5, 409.87, 265030, 238, 4, 0
1714, 0, 256, 408, 245, 0, 58.48%, 1, 0, 5, 416.75, 267143, 238, 4, 0
1719, 0, 283, 408, 242, 0, 58.48%, 1, 0, 5, 434.76, 269409, 238, 4, 0
1724, 0, 364, 408, 241, 0, 58.48%, 1, 0, 5, 411.18, 271494, 238, 4, 0
1729, 0, 283, 408, 240, 0, 58.48%, 1, 0, 5, 417.23, 273677, 238, 4, 0
1734, 0, 353, 408, 238, 0, 58.48%, 1, 0, 5, 437.19, 275856, 238, 4, 0
1739, 0, 352, 408, 237, 0, 58.48%, 1, 0, 5, 415.87, 277918, 238, 4, 0
1744, 0, 273, 408, 236, 0, 58.48%, 1, 0, 5, 419.36, 279998, 238, 4, 0
1749, 0, 393, 408, 235, 0, 58.48%, 1, 0, 5, 417.09, 282132, 238, 4, 0
1754, 0, 397, 408, 233, 0, 58.48%, 1, 0, 5, 433.53, 284332, 238, 4, 0
1760, 0, 316, 408, 231, 0, 58.48%, 1, 0, 5, 427.30, 286501, 238, 4, 0
1765, 0, 381, 408, 230, 0, 58.48%, 1, 0, 5, 416.80, 288583, 238, 4, 0
1770, 0, 286, 408, 228, 0, 58.48%, 1, 0, 5, 438.61, 290802, 238, 4, 0
1775, 0, 319, 408, 226, 0, 58.48%, 1, 0, 5, 430.57, 292921, 238, 4, 0
1780, 0, 268, 408, 222, 0, 58.48%, 1, 0, 5, 414.92, 295033, 238, 4, 0
1785, 0, 175, 408, 221, 0, 58.48%, 1, 0, 5, 421.82, 297196, 238, 4, 0
1790, 0, 304, 409, 221, 0, 58.48%, 1, 0, 5, 421.94, 299277, 238, 4, 0
1795, 0, 354, 410, 220, 0, 58.48%, 1, 0, 5, 417.09, 301358, 238, 4, 0
1800, 0, 358, 410, 220, 0, 58.48%, 1, 0, 5, 424.62, 303538, 238, 4, 0
1805, 0, 316, 410, 218, 0, 58.48%, 1, 0, 5, 419.45, 305681, 238, 4, 0
1810, 0, 242, 410, 216, 0, 58.48%, 1, 0, 5, 422.36, 307794, 238, 4, 0
1815, 0, 224, 410, 214, 0, 58.48%, 1, 0, 5, 424.20, 310009, 238, 4, 0
1820, 0, 314, 410, 212, 0, 58.48%, 1, 0, 5, 419.98, 312106, 238, 4, 0
1825, 0, 141, 410, 210, 0, 58.48%, 1, 0, 5, 441.89, 314370, 238, 4, 0
1830, 0, 364, 410, 208, 0, 58.48%, 1, 0, 5, 404.17, 316340, 238, 4, 0
1836, 1, 285, 410, 207, 0, 58.48%, 1, 0, 5, 421.24, 318517, 238, 4, 0
1841, 1, 127, 412, 204, 0, 58.48%, 1, 0, 5, 445.72, 320866, 238, 4, 0
1846, 1, 316, 412, 202, 0, 58.48%, 1, 0, 5, 386.21, 322787, 238, 4, 0
1851, 1, 371, 412, 201, 0, 58.48%, 1, 0, 5, 413.69, 324948, 238, 4, 0
1856, 1, 345, 412, 200, 0, 58.48%, 1, 0, 5, 378.89, 326864, 238, 4, 0
1861, 1, 173, 412, 197, 0, 58.48%, 1, 0, 5, 391.09, 328850, 238, 4, 0
1866, 1, 308, 412, 195, 0, 58.48%, 1, 0, 5, 363.72, 330692, 238, 4, 0
1871, 1, 228, 412, 192, 0, 58.48%, 1, 0, 5, 405.26, 332726, 238, 4, 0
1876, 1, 298, 412, 188, 0, 58.48%, 1, 0, 5, 422.89, 334901, 238, 4, 0
1881, 1, 380, 412, 186, 0, 58.48%, 1, 0, 5, 419.32, 337000, 238, 4, 0
1887, 1, 389, 412, 184, 0, 58.48%, 1, 0, 5, 413.40, 339114, 238, 4, 0
1892, 1, 377, 412, 181, 0, 58.48%, 1, 0, 5, 411.51, 341154, 238, 4, 0
1897, 1, 387, 412, 179, 0, 58.48%, 1, 0, 5, 455.95, 343555, 238, 4, 0
1902, 1, 86, 412, 177, 0, 58.48%, 1, 0, 5, 446.23, 345829, 238, 4, 0
1907, 1, 306, 412, 175, 0, 58.48%, 1, 0, 5, 446.72, 348088, 238, 4, 0
1912, 1, 212, 413, 174, 0, 58.48%, 1, 0, 6, 422.95, 350265, 238, 4, 0
1917, 1, 395, 413, 172, 0, 58.48%, 1, 0, 6, 428.99, 352437, 238, 4, 0
1922, 1, 331, 413, 171, 0, 58.48%, 1, 0, 6, 418.28, 354528, 238, 4, 0
1927, 1, 234, 413, 169, 0, 58.48%, 1, 0, 6, 437.34, 356845, 238, 4, 0
1932, 1, 293, 413, 166, 0, 58.48%, 1, 0, 6, 416.07, 358934, 238, 4, 0
1938, 1, 206, 414, 165, 0, 58.48%, 1, 0, 6, 405.02, 360985, 238, 4, 0
1943, 1, 348, 414, 163, 0, 58.48%, 1, 0, 6, 411.45, 363037, 238, 4, 0
1948, 1, 154, 414, 160, 0, 58.48%, 1, 0, 6, 415.30, 365158, 238, 4, 0
1953, 1, 258, 414, 157, 0, 58.48%, 1, 0, 6, 422.17, 367392, 238, 4, 0
1958, 1, 296, 414, 153, 0, 58.48%, 1, 0, 6, 434.28, 369606, 238, 4, 0
1963, 1, 312, 414, 152, 0, 58.48%, 1, 0, 6, 437.30, 371811, 238, 4, 0
1968, 1, 335, 414, 150, 0, 58.48%, 1, 0, 6, 440.47, 374078, 238, 4, 0
1973, 1, 151, 414, 148, 0, 58.48%, 1, 0, 6, 410.46, 376197, 238, 4, 0
1978, 1, 412, 414, 145, 0, 58.48%, 1, 0, 6, 400.81, 378295, 238, 4, 0
1983, 1, 278, 414, 144, 0, 58.48%, 1, 0, 6, 422.38, 380426, 238, 4, 0
1988, 1, 85, 414, 142, 0, 58.48%, 1, 0, 6, 429.99, 382574, 238, 4, 0
1994, 1, 51, 414, 140, 0, 58.48%, 1, 0, 6, 409.20, 384613, 238, 4, 0
1999, 1, 190, 414, 136, 0, 58.48%, 1, 0, 6, 431.56, 386858, 238, 4, 0
2004, 1, 275, 414, 133, 0, 58.48%, 1, 0, 6, 423.19, 388979, 238, 4, 0
2009, 1, 299, 414, 131, 0, 58.48%, 1, 0, 6, 416.56, 391019, 238, 4, 0
2014, 1, 376, 414, 130, 0, 58.48%, 1, 0, 6, 422.15, 393117, 238, 4, 0
2019, 1, 79, 414, 126, 0, 58.48%, 1, 0, 6, 421.13, 395245, 238, 4, 0
2024, 1, 412, 414, 124, 0, 58.48%, 1, 0, 6, 413.12, 397378, 238, 4, 0
2029, 1, 87, 414, 123, 0, 58.48%, 1, 0, 6, 407.29, 399462, 238, 4, 0
2034, 1, 302, 414, 122, 0, 58.48%, 1, 0, 6, 415.98, 401572, 238, 4, 0
2039, 1, 378, 414, 120, 0, 58.48%, 1, 0, 6, 418.92, 403742, 238, 4, 0
2044, 1, 328, 414, 118, 0, 58.48%, 1, 0, 6, 410.63, 405781, 238, 4, 0
2049, 1, 259, 414, 116, 0, 58.48%, 1, 0, 6, 400.32, 407786, 238, 4, 0
2054, 1, 362, 414, 113, 0, 58.48%, 1, 0, 6, 414.36, 409872, 238, 4, 0
2060, 1, 379, 414, 112, 0, 58.48%, 1, 0, 6, 414.95, 411999, 238, 4, 0
2065, 1, 355, 414, 110, 0, 58.48%, 1, 0, 6, 403.92, 414037, 238, 4, 0
2070, 1, 362, 414, 108, 0, 58.48%, 1, 0, 6, 419.86, 416183, 238, 4, 0
2075, 1, 339, 414, 105, 0, 58.48%, 1, 0, 6, 417.19, 418346, 238, 4, 0
2080, 1, 324, 414, 102, 0, 58.48%, 1, 0, 6, 409.61, 420498, 238, 4, 0
2085, 1, 404, 415, 101, 0, 58.48%, 1, 0, 6, 397.19, 422579, 238, 4, 0
2090, 1, 245, 415, 99, 0, 58.48%, 1, 0, 6, 409.39, 424621, 238, 4, 0
2095, 1, 409, 415, 95, 0, 58.48%, 1, 0, 6, 405.31, 426684, 238, 4, 0
2100, 1, 280, 415, 94, 0, 58.48%, 1, 0, 6, 447.63, 428949, 238, 4, 0
2105, 1, 360, 415, 92, 0, 58.48%, 1, 0, 6, 402.47, 430952, 238, 4, 0
2110, 1, 3, 415, 90, 0, 58.48%, 1, 0, 6, 410.10, 433036, 238, 4, 0
2115, 1, 88, 415, 89, 0, 58.48%, 1, 0, 6, 397.20, 435052, 238, 4, 0
2120, 1, 323, 415, 87, 0, 58.48%, 1, 0, 6, 412.62, 437140, 238, 4, 0
2125, 1, 374, 415, 86, 0, 58.48%, 1, 0, 6, 408.80, 439149, 238, 4, 0
2131, 1, 143, 415, 85, 0, 58.48%, 1, 0, 6, 388.89, 441156, 238, 4, 0
2136, 1, 384, 415, 83, 0, 58.48%, 1, 0, 6, 414.57, 443308, 238, 4, 0
2141, 1, 36, 415, 79, 0, 58.48%, 1, 0, 6, 443.71, 445543, 238, 4, 0
2146, 1, 276, 415, 75, 0, 58.48%, 1, 0, 6, 420.66, 447637, 238, 4, 0
2151, 1, 28, 415, 73, 0, 58.48%, 1, 0, 6, 407.92, 449800, 238, 4, 0
2156, 1, 351, 415, 71, 0, 58.48%, 1, 0, 6, 423.97, 452000, 238, 4, 0
2161, 1, 354, 415, 69, 0, 58.48%, 1, 0, 6, 421.10, 454162, 238, 4, 0
2166, 1, 363, 415, 67, 0, 58.48%, 1, 0, 6, 409.57, 456259, 238, 4, 0
2171, 1, 274, 415, 66, 0, 58.48%, 1, 0, 6, 409.01, 458375, 238, 4, 0
2176, 1, 255, 415, 65, 0, 58.48%, 1, 0, 6, 404.92, 460417, 238, 4, 0
2181, 1, 412, 415, 63, 0, 58.48%, 1, 0, 6, 396.20, 462420, 238, 4, 0
2186, 1, 347, 415, 61, 0, 58.48%, 1, 0, 6, 421.65, 464535, 238, 4, 0
2191, 1, 291, 415, 59, 0, 58.48%, 1, 0, 6, 425.92, 466684, 238, 4, 0
2196, 1, 364, 415, 57, 0, 58.48%, 1, 0, 6, 429.72, 468798, 238, 4, 0
2201, 1, 150, 415, 55, 0, 58.48%, 1, 0, 6, 447.09, 471045, 238, 4, 0
2206, 1, 344, 415, 55, 0, 58.48%, 1, 0, 6, 425.98, 473101, 238, 4, 0
2211, 1, 367, 415, 53, 0, 58.48%, 1, 0, 6, 433.34, 475285, 238, 4, 0
2216, 1, 402, 415, 51, 0, 58.48%, 1, 0, 6, 425.43, 477370, 238, 4, 0
2222, 1, 207, 417, 52, 0, 58.48%, 1, 0, 6, 406.32, 479421, 238, 4, 0
2227, 1, 332, 417, 51, 0, 58.48%, 1, 0, 6, 376.52, 481278, 238, 4, 0
2232, 1, 327, 417, 50, 0, 58.48%, 1, 0, 6, 395.91, 483321, 238, 4, 0
2237, 1, 329, 417, 49, 0, 58.48%, 1, 0, 6, 411.78, 485406, 238, 4, 0
2242, 1, 359, 417, 48, 0, 58.48%, 1, 0, 6, 417.61, 487576, 238, 4, 0
2247, 1, 262, 417, 47, 0, 58.48%, 1, 0, 6, 424.34, 489792, 238, 4, 0
2252, 1, 399, 417, 44, 0, 58.48%, 1, 0, 6, 405.95, 491808, 238, 4, 0
2257, 1, 294, 417, 43, 0, 58.48%, 1, 0, 6, 394.36, 493814, 238, 4, 0
2262, 1, 377, 417, 42, 0, 58.48%, 1, 0, 6, 418.55, 495925, 238, 4, 0
2267, 2, 437, 468, 92, 0, 60.93%, 1, 0, 6, 432.74, 498075, 248, 4, 0
2272, 2, 461, 469, 92, 6, 60.93%, 1, 0, 6, 437.63, 500314, 248, 4, 0
2277, 2, 468, 469, 91, 5, 60.93%, 1, 0, 6, 407.01, 502356, 248, 4, 0
2283, 2, 417, 469, 89, 3, 60.93%, 1, 0, 6, 408.53, 504497, 248, 4, 0
2288, 2, 419, 469, 87, 1, 60.93%, 1, 0, 6, 441.14, 506712, 248, 4, 0
2293, 2, 444, 469, 85, 0, 60.93%, 1, 0, 6, 447.67, 508959, 248, 4, 0
2298, 2, 357, 469, 83, 0, 60.93%, 1, 0, 6, 428.34, 511136, 248, 4, 0
2303, 2, 452, 469, 81, 0, 60.93%, 1, 0, 6, 429.90, 513357, 248, 4, 0
2308, 2, 364, 469, 78, 0, 60.93%, 1, 0, 6, 419.16, 515472, 248, 4, 0
2313, 2, 462, 469, 77, 0, 60.93%, 1, 0, 6, 424.04, 517614, 248, 4, 0
2318, 2, 392, 469, 75, 0, 60.93%, 2, 0, 6, 421.40, 519744, 248, 5, 0
2323, 2, 464, 469, 74, 0, 60.93%, 2, 0, 6, 423.02, 521850, 248, 5, 0
2328, 2, 455, 469, 72, 0, 60.93%, 2, 0, 6, 429.82, 524090, 248, 5, 0
2333, 2, 149, 469, 70, 0, 60.93%, 2, 0, 6, 426.55, 526273, 248, 5, 0
2338, 2, 428, 469, 68, 0, 60.93%, 2, 0, 6, 405.26, 528340, 248, 5, 0
2344, 2, 420, 469, 66, 0, 60.93%, 2, 0, 6, 433.69, 530549, 248, 5, 0
2349, 2, 23, 469, 64, 0, 60.93%, 2, 0, 6, 417.58, 532687, 248, 5, 0
2354, 2, 391, 469, 63, 0, 60.93%, 2, 0, 6, 392.20, 534641, 248, 5, 0
2359, 2, 322, 469, 62, 0, 60.93%, 2, 0, 6, 404.72, 536742, 248, 5, 0
2364, 2, 169, 469, 61, 0, 60.93%, 2, 0, 6, 428.83, 538950, 248, 5, 0
2369, 2, 449, 469, 60, 0, 60.93%, 2, 0, 6, 433.94, 541161, 248, 5, 0
2374, 2, 431, 469, 58, 0, 60.93%, 2, 0, 6, 403.92, 543170, 248, 5, 0
2379, 2, 227, 469, 56, 0, 60.93%, 2, 0, 6, 411.37, 545303, 248, 5, 0
2384, 2, 454, 469, 54, 0, 60.93%, 2, 0, 6, 418.37, 547455, 248, 5, 0
2389, 2, 385, 469, 53, 0, 60.93%, 2, 0, 6, 434.14, 549677, 248, 5, 0
2394, 2, 459, 469, 51, 0, 60.93%, 2, 0, 6, 439.32, 551906, 248, 5, 0
2399, 2, 447, 469, 50, 0, 60.93%, 2, 0, 6, 436.96, 554077, 248, 5, 0
2405, 2, 383, 469, 48, 0, 60.93%, 2, 0, 6, 435.12, 556303, 248, 5, 0
2410, 2, 91, 469, 46, 0, 60.93%, 2, 0, 6, 425.72, 558455, 248, 5, 0
2415, 2, 436, 469, 45, 0, 60.93%, 2, 0, 6, 431.26, 560604, 248, 5, 0
2420, 2, 322, 469, 43, 0, 60.93%, 2, 0, 6, 434.68, 562876, 248, 5, 0
2425, 2, 429, 469, 42, 0, 60.93%, 2, 0, 6, 445.87, 565146, 248, 5, 0
2430, 2, 460, 469, 41, 0, 60.93%, 2, 0, 6, 435.23, 567303, 248, 5, 0
2435, 2, 469, 470, 41, 1, 61.18%, 2, 0, 6, 434.86, 569497, 249, 5, 0
2440, 2, 469, 470, 41, 1, 61.18%, 2, 0, 6, 412.64, 571548, 249, 5, 0
2445, 2, 438, 470, 40, 0, 61.18%, 2, 0, 6, 409.04, 573644, 249, 5, 0
2450, 2, 11, 470, 38, 0, 61.18%, 2, 0, 6, 413.43, 575777, 249, 5, 0
2455, 2, 216, 471, 38, 0, 61.18%, 2, 0, 6, 417.60, 577898, 249, 5, 0
2460, 2, 216, 471, 37, 0, 61.18%, 2, 0, 6, 433.91, 580100, 249, 5, 0
2465, 2, 433, 471, 37, 0, 61.18%, 2, 0, 6, 428.62, 582300, 249, 5, 0
2471, 2, 427, 471, 36, 0, 61.18%, 2, 0, 6, 428.65, 584528, 249, 5, 0
2476, 2, 446, 471, 35, 0, 61.18%, 2, 0, 6, 425.49, 586652, 249, 5, 0
2481, 2, 450, 471, 34, 0, 61.18%, 2, 0, 6, 439.21, 588952, 249, 5, 0
2486, 2, 443, 471, 32, 0, 61.18%, 2, 0, 6, 443.92, 591198, 249, 5, 0
2491, 2, 354, 471, 31, 0, 61.18%, 3, 0, 6, 431.00, 593483, 249, 6, 0
2496, 2, 361, 471, 29, 0, 61.18%, 3, 0, 6, 437.29, 595682, 249, 6, 0
2501, 2, 440, 471, 28, 0, 61.18%, 3, 0, 6, 435.37, 597967, 249, 6, 0
2506, 2, 172, 471, 27, 0, 61.18%, 3, 0, 6, 426.93, 600077, 249, 6, 0
2511, 2, 362, 471, 26, 0, 61.18%, 3, 0, 6, 427.10, 602213, 249, 6, 0
2517, 2, 469, 471, 25, 0, 61.18%, 3, 0, 6, 437.87, 604484, 249, 6, 0
2522, 2, 414, 471, 24, 0, 61.18%, 3, 0, 6, 432.77, 606690, 249, 6, 0
2527, 2, 299, 471, 23, 0, 61.18%, 3, 0, 6, 426.41, 608733, 249, 6, 0
2532, 2, 418, 471, 23, 0, 61.18%, 3, 0, 6, 419.30, 610886, 249, 6, 0
2537, 2, 300, 471, 23, 0, 61.18%, 3, 0, 6, 444.70, 613174, 249, 6, 0
2542, 2, 467, 471, 22, 0, 61.18%, 3, 0, 6, 421.47, 615267, 249, 6, 0
2547, 2, 60, 471, 20, 0, 61.18%, 3, 0, 6, 405.80, 617261, 249, 6, 0
2552, 2, 247, 471, 20, 0, 61.18%, 3, 0, 6, 407.83, 619389, 249, 6, 0
2557, 2, 463, 471, 19, 0, 61.18%, 3, 0, 6, 429.42, 621582, 249, 6, 0
2562, 2, 339, 471, 17, 0, 61.18%, 3, 0, 6, 431.50, 623768, 249, 7, 0
2567, 2, 398, 471, 16, 0, 61.18%, 3, 0, 6, 410.07, 625805, 249, 7, 0
2572, 2, 425, 471, 15, 0, 61.18%, 3, 0, 6, 444.44, 628079, 249, 7, 0
2577, 2, 411, 471, 14, 0, 61.18%, 3, 0, 6, 426.21, 630186, 249, 7, 0
2582, 2, 418, 471, 14, 0, 61.18%, 3, 0, 6, 432.49, 632361, 249, 7, 0
2587, 3, 470, 475, 18, 0, 61.67%, 3, 0, 6, 430.04, 634582, 251, 7, 0
2592, 3, 474, 475, 16, 1, 61.67%, 3, 0, 6, 438.13, 636750, 251, 7, 0
2597, 3, 187, 475, 15, 0, 61.67%, 3, 0, 6, 448.97, 638974, 251, 7, 0
2602, 3, 342, 475, 14, 0, 61.67%, 3, 0, 6, 426.37, 641122, 251, 7, 0
2608, 3, 126, 475, 13, 0, 61.67%, 3, 0, 6, 432.06, 643297, 251, 7, 0
2613, 3, 280, 475, 11, 0, 61.67%, 3, 0, 6, 427.82, 645456, 251, 7, 0
2618, 3, 355, 475, 11, 0, 61.67%, 3, 0, 6, 426.47, 647565, 251, 7, 0
2623, 3, 42, 475, 10, 0, 61.67%, 3, 0, 6, 436.30, 649778, 251, 7, 0
2628, 3, 390, 475, 10, 0, 61.67%, 3, 0, 6, 425.96, 651940, 251, 7, 0
2633, 3, 363, 475, 10, 0, 61.67%, 3, 0, 6, 433.71, 654042, 251, 10, 0
2638, 3, 247, 475, 10, 0, 61.67%, 3, 0, 6, 420.21, 656119, 251, 10, 0
2643, 3, 439, 475, 10, 0, 61.67%, 3, 0, 6, 422.37, 658252, 251, 10, 0
2648, 3, 369, 475, 9, 0, 61.67%, 3, 0, 6, 425.26, 660419, 251, 10, 0
2653, 3, 441, 475, 9, 0, 61.67%, 3, 0, 6, 414.73, 662517, 251, 10, 0
2658, 3, 272, 475, 9, 0, 61.67%, 3, 0, 6, 428.43, 664767, 251, 10, 0
2663, 3, 150, 475, 8, 0, 61.67%, 3, 0, 6, 417.45, 666846, 251, 10, 0
2668, 3, 269, 475, 8, 0, 61.67%, 3, 0, 6, 409.29, 668926, 251, 10, 0
2673, 3, 187, 475, 8, 0, 61.67%, 3, 0, 6, 406.27, 670975, 251, 10, 0
2678, 3, 359, 475, 8, 0, 61.67%, 3, 0, 6, 401.90, 672996, 251, 10, 0
2683, 3, 472, 475, 7, 0, 61.67%, 3, 0, 6, 434.42, 675164, 251, 10, 0
2689, 3, 474, 475, 6, 0, 61.67%, 3, 0, 6, 414.90, 677310, 251, 10, 0
2694, 3, 141, 475, 6, 0, 61.67%, 3, 0, 6, 435.23, 679546, 251, 10, 0
2699, 3, 300, 475, 6, 0, 61.67%, 3, 0, 6, 427.90, 681713, 251, 10, 0
2704, 3, 263, 475, 6, 0, 61.67%, 3, 0, 6, 437.00, 683985, 251, 10, 0
2709, 3, 216, 475, 6, 0, 61.67%, 3, 0, 6, 432.27, 686112, 251, 11, 0
2714, 3, 418, 475, 6, 0, 61.67%, 3, 0, 6, 415.95, 688170, 251, 12, 0
2719, 3, 417, 475, 6, 0, 61.67%, 3, 0, 6, 413.54, 690258, 251, 12, 0
2724, 3, 283, 475, 6, 0, 61.67%, 3, 0, 6, 415.87, 692427, 251, 15, 0
2729, 3, 451, 475, 6, 0, 61.67%, 3, 0, 6, 419.93, 694638, 251, 15, 0
2735, 3, 434, 475, 5, 0, 61.67%, 3, 0, 6, 428.08, 696818, 251, 15, 0
2740, 3, 469, 475, 5, 0, 61.67%, 3, 0, 6, 434.80, 698980, 251, 15, 0
2745, 3, 406, 475, 5, 0, 61.67%, 3, 0, 6, 404.39, 701064, 251, 15, 0
2750, 3, 419, 475, 5, 0, 61.67%, 3, 0, 6, 397.73, 703068, 251, 15, 0
2755, 3, 468, 475, 5, 0, 61.67%, 3, 0, 6, 414.08, 705141, 251, 15, 0
2760, 3, 441, 475, 5, 0, 61.67%, 3, 0, 6, 424.23, 707297, 251, 19, 0
2765, 3, 141, 475, 5, 0, 61.67%, 3, 0, 6, 408.82, 709375, 251, 19, 0
2770, 3, 84, 475, 5, 0, 61.67%, 3, 0, 6, 412.85, 711482, 251, 19, 0
2775, 3, 205, 475, 5, 0, 61.67%, 3, 0, 6, 410.20, 713592, 251, 19, 0
2780, 3, 136, 475, 5, 0, 61.67%, 3, 0, 6, 403.69, 715693, 251, 21, 0
2785, 3, 474, 475, 5, 0, 61.67%, 3, 0, 6, 408.74, 717765, 251, 21, 0
2790, 4, 411, 479, 8, 0, 61.67%, 3, 0, 6, 401.56, 719806, 251, 21, 0
2795, 4, 412, 479, 8, 0, 61.67%, 3, 0, 6, 400.07, 721820, 251, 21, 0
2800, 4, 417, 479, 8, 0, 61.67%, 3, 0, 6, 411.10, 723915, 251, 21, 0
2806, 4, 123, 479, 8, 0, 61.67%, 3, 0, 6, 410.36, 726014, 251, 21, 0
2811, 4, 450, 479, 8, 0, 61.67%, 4, 0, 6, 393.82, 727959, 251, 22, 0
2816, 4, 173, 479, 8, 0, 61.67%, 4, 0, 6, 405.44, 730037, 251, 22, 0
2821, 4, 412, 479, 7, 0, 61.67%, 4, 0, 6, 394.96, 732083, 251, 22, 0
2826, 4, 152, 479, 7, 0, 61.67%, 4, 0, 6, 379.86, 734064, 251, 22, 0
2831, 4, 405, 479, 7, 0, 61.67%, 4, 0, 6, 406.18, 736156, 251, 23, 0
2836, 4, 152, 479, 7, 0, 61.67%, 4, 0, 6, 410.14, 738244, 251, 23, 0
2841, 4, 173, 479, 6, 0, 61.67%, 4, 0, 6, 408.19, 740369, 251, 24, 0
2846, 4, 475, 479, 6, 0, 61.67%, 4, 0, 6, 393.10, 742333, 251, 24, 0
2851, 4, 396, 479, 5, 0, 61.67%, 4, 0, 6, 390.71, 744352, 251, 24, 0
2856, 4, 441, 479, 5, 0, 61.67%, 4, 0, 6, 426.22, 746567, 251, 24, 0
2861, 4, 359, 479, 5, 0, 61.67%, 4, 0, 6, 413.52, 748652, 251, 24, 0
2866, 4, 187, 479, 4, 0, 61.67%, 4, 0, 6, 418.03, 750736, 251, 24, 0
2871, 4, 441, 479, 4, 0, 61.67%, 4, 0, 6, 414.72, 752824, 251, 24, 0
2877, 4, 11, 479, 4, 0, 61.67%, 4, 0, 6, 388.00, 754797, 251, 24, 0
2882, 4, 115, 479, 4, 0, 61.67%, 4, 0, 6, 420.86, 756936, 251, 24, 0
2887, 4, 404, 479, 4, 0, 61.67%, 4, 0, 6, 405.78, 758982, 251, 24, 0
2892, 4, 461, 479, 4, 0, 61.67%, 4, 0, 6, 401.69, 761005, 251, 24, 0
2897, 4, 364, 479, 4, 0, 61.67%, 4, 0, 6, 406.45, 763069, 251, 24, 0
2902, 4, 474, 479, 4, 0, 61.67%, 4, 0, 6, 434.17, 765323, 251, 24, 0
2907, 4, 19, 479, 4, 0, 61.67%, 4, 0, 6, 419.51, 767409, 251, 24, 0
2912, 4, 76, 479, 4, 0, 61.67%, 4, 0, 6, 426.81, 769579, 251, 25, 0
2917, 4, 121, 479, 4, 0, 61.67%, 4, 0, 6, 423.94, 771773, 251, 25, 0
2922, 4, 144, 479, 4, 0, 61.67%, 4, 0, 6, 441.24, 773953, 251, 29, 0
2927, 4, 468, 479, 4, 0, 61.67%, 4, 0, 6, 425.88, 776102, 251, 29, 0
2932, 4, 364, 479, 4, 0, 61.67%, 4, 0, 6, 416.31, 778178, 251, 29, 0
2937, 4, 469, 479, 4, 0, 61.67%, 4, 0, 6, 418.34, 780261, 251, 29, 0
2942, 4, 187, 479, 4, 0, 61.67%, 4, 0, 6, 415.40, 782350, 251, 30, 0
2947, 4, 299, 479, 4, 0, 61.67%, 4, 0, 6, 451.23, 784617, 251, 33, 0
2952, 4, 173, 479, 4, 0, 61.67%, 4, 0, 6, 408.29, 786652, 251, 33, 0
2957, 4, 474, 479, 4, 0, 61.67%, 4, 0, 6, 401.50, 788689, 251, 33, 0
2963, 4, 214, 479, 4, 0, 61.67%, 4, 0, 6, 395.75, 790694, 251, 33, 0
2968, 4, 300, 479, 4, 0, 61.67%, 4, 0, 6, 417.44, 792833, 251, 33, 0
2973, 4, 244, 479, 4, 0, 61.67%, 4, 0, 6, 420.25, 794932, 251, 38, 0
2978, 4, 359, 479, 4, 0, 61.67%, 4, 0, 6, 401.17, 796943, 251, 38, 0
2983, 5, 411, 483, 8, 0, 61.67%, 4, 0, 6, 397.76, 798957, 251, 38, 0
2988, 5, 340, 483, 7, 0, 61.67%, 4, 0, 6, 420.17, 801093, 251, 38, 0
2993, 5, 406, 483, 7, 0, 61.67%, 4, 0, 6, 402.05, 803097, 251, 42, 0
2998, 5, 461, 483, 7, 0, 61.67%, 4, 0, 6, 405.94, 805196, 251, 42, 0
3003, 5, 411, 483, 7, 0, 61.67%, 4, 0, 6, 423.57, 807331, 251, 47, 0
3008, 5, 361, 483, 7, 0, 61.67%, 4, 0, 6, 430.54, 809533, 251, 47, 0
3013, 5, 152, 483, 7, 0, 61.67%, 4, 0, 6, 421.23, 811606, 251, 47, 0
3018, 5, 150, 483, 7, 0, 61.67%, 4, 0, 6, 405.97, 813628, 251, 47, 0
3023, 5, 286, 483, 7, 0, 61.67%, 5, 0, 6, 417.09, 815759, 251, 49, 0
3028, 5, 480, 483, 7, 0, 61.67%, 5, 0, 6, 444.76, 817980, 251, 50, 0
3033, 5, 216, 483, 6, 0, 61.67%, 5, 0, 6, 423.27, 820097, 251, 50, 0
3038, 5, 369, 483, 6, 0, 61.67%, 5, 0, 6, 430.37, 822229, 251, 50, 0
3043, 5, 363, 483, 6, 0, 61.67%, 5, 0, 6, 426.86, 824390, 251, 50, 0
3049, 5, 112, 483, 6, 0, 61.67%, 5, 0, 6, 416.89, 826566, 251, 50, 0
3054, 5, 413, 483, 6, 0, 61.67%, 5, 0, 6, 422.22, 828703, 251, 50, 0
3059, 5, 408, 483, 6, 0, 61.67%, 5, 0, 6, 415.54, 830808, 251, 50, 0
3064, 5, 333, 483, 6, 0, 61.67%, 5, 0, 6, 422.46, 832940, 251, 50, 0
3069, 5, 286, 483, 6, 0, 61.67%, 5, 0, 6, 398.85, 834891, 251, 50, 0
3074, 5, 212, 483, 6, 0, 61.67%, 5, 0, 6, 416.36, 837101, 251, 51, 0
3079, 5, 476, 483, 6, 0, 61.67%, 5, 0, 6, 408.38, 839167, 251, 51, 0
3084, 5, 364, 483, 5, 0, 61.67%, 5, 0, 6, 407.13, 841241, 251, 51, 0
3089, 5, 474, 483, 5, 0, 61.67%, 5, 0, 6, 419.17, 843332, 251, 51, 0
3094, 5, 474, 483, 5, 0, 61.67%, 5, 0, 6, 413.34, 845376, 251, 51, 0
3099, 5, 434, 483, 5, 0, 61.67%, 5, 0, 6, 398.97, 847421, 251, 51, 0
3104, 5, 320, 483, 5, 0, 61.67%, 5, 0, 6, 388.57, 849405, 251, 51, 0
3110, 5, 415, 483, 4, 0, 61.67%, 5, 0, 6, 401.24, 851503, 251, 52, 0
3115, 5, 412, 483, 3, 0, 61.67%, 5, 0, 6, 418.55, 853728, 251, 52, 0
3120, 5, 469, 483, 3, 0, 61.67%, 5, 0, 6, 414.51, 855855, 251, 52, 0
3125, 5, 364, 483, 3, 0, 61.67%, 5, 0, 6, 379.43, 857768, 251, 52, 0
3130, 5, 278, 483, 3, 0, 61.67%, 5, 0, 6, 391.63, 859724, 251, 52, 0
3135, 5, 434, 483, 3, 0, 61.67%, 5, 0, 6, 399.20, 861746, 251, 52, 0
3140, 5, 173, 483, 2, 0, 61.67%, 5, 0, 6, 403.05, 863816, 251, 52, 0
3145, 5, 469, 483, 2, 0, 61.67%, 5, 0, 6, 400.02, 865797, 251, 52, 0
3150, 5, 413, 483, 2, 0, 61.67%, 5, 0, 6, 390.76, 867769, 251, 52, 0
3156, 5, 294, 483, 2, 0, 61.67%, 5, 0, 6, 400.72, 869892, 251, 52, 0
3161, 5, 253, 483, 2, 0, 61.67%, 5, 0, 6, 443.97, 872206, 251, 52, 0
3166, 5, 412, 483, 2, 0, 61.67%, 5, 0, 6, 407.13, 874233, 251, 52, 0
3171, 5, 359, 483, 2, 0, 61.67%, 5, 0, 6, 406.49, 876284, 251, 52, 0
3176, 6, 391, 486, 5, 0, 61.67%, 5, 0, 6, 424.65, 878424, 251, 52, 0
3181, 6, 468, 486, 4, 0, 61.67%, 5, 0, 6, 430.08, 880531, 251, 53, 0
3186, 6, 418, 486, 4, 0, 61.67%, 5, 0, 6, 410.54, 882601, 251, 53, 0
3191, 6, 483, 486, 4, 0, 61.67%, 5, 0, 6, 406.36, 884659, 251, 53, 0
3196, 6, 468, 486, 2, 0, 61.67%, 5, 0, 6, 425.21, 886853, 251, 53, 0
3201, 6, 390, 486, 2, 0, 61.67%, 5, 0, 6, 415.07, 888927, 251, 53, 0
3207, 6, 355, 486, 2, 0, 61.67%, 5, 0, 6, 403.97, 891024, 251, 53, 0
3212, 6, 257, 486, 2, 0, 61.67%, 5, 0, 6, 391.22, 893001, 251, 54, 0
3217, 6, 485, 486, 2, 0, 61.67%, 5, 0, 6, 379.01, 894909, 251, 54, 0
3222, 6, 447, 486, 2, 0, 61.67%, 5, 0, 6, 396.06, 896984, 251, 54, 0
3227, 6, 342, 486, 2, 0, 61.67%, 5, 0, 6, 420.69, 899135, 251, 54, 0
3232, 6, 280, 486, 2, 0, 61.67%, 5, 0, 6, 429.12, 901303, 251, 54, 0
3237, 6, 363, 486, 2, 0, 61.67%, 5, 0, 6, 426.72, 903452, 251, 54, 0
3242, 6, 78, 486, 2, 0, 61.67%, 5, 0, 6, 409.05, 905520, 251, 54, 0
3247, 6, 283, 486, 2, 0, 61.67%, 5, 0, 6, 417.14, 907716, 251, 54, 0
3252, 6, 322, 486, 2, 0, 61.67%, 5, 0, 6, 414.26, 909796, 251, 54, 0
3258, 6, 439, 486, 2, 0, 61.67%, 5, 0, 6, 416.91, 911972, 251, 54, 0
3263, 6, 288, 486, 2, 0, 61.67%, 5, 0, 6, 427.14, 914078, 251, 54, 0
3268, 6, 411, 486, 2, 0, 61.67%, 5, 0, 6, 402.85, 916097, 251, 54, 0
3273, 6, 359, 486, 2, 0, 61.67%, 5, 0, 6, 421.61, 918303, 251, 54, 0
3278, 6, 474, 486, 2, 0, 61.67%, 5, 0, 6, 416.68, 920344, 251, 54, 0
3283, 6, 388, 486, 2, 0, 61.67%, 5, 0, 6, 420.82, 922431, 251, 54, 0
3288, 6, 406, 486, 1, 0, 61.67%, 5, 0, 6, 413.40, 924484, 251, 54, 0
3293, 6, 416, 486, 1, 0, 61.67%, 5, 0, 6, 412.48, 926550, 251, 54, 0
3298, 6, 412, 486, 1, 0, 61.67%, 5, 0, 6, 388.40, 928502, 251, 54, 0
3303, 6, 434, 486, 1, 0, 61.67%, 5, 0, 6, 398.45, 930503, 251, 54, 0
3308, 6, 406, 486, 1, 0, 61.67%, 5, 0, 6, 382.58, 932499, 251, 56, 0
3313, 6, 485, 486, 1, 0, 61.67%, 5, 0, 6, 398.41, 934530, 251, 56, 0
3319, 6, 469, 486, 1, 0, 61.67%, 5, 0, 6, 386.62, 936501, 251, 56, 0
3324, 6, 418, 486, 1, 0, 61.67%, 5, 0, 6, 398.05, 938541, 251, 58, 0
3329, 6, 283, 486, 1, 0, 61.67%, 5, 0, 6, 405.52, 940591, 251, 58, 0
3334, 6, 355, 486, 1, 0, 61.67%, 5, 0, 6, 397.60, 942580, 251, 58, 0
3339, 6, 417, 486, 1, 0, 61.67%, 5, 0, 6, 418.14, 944687, 251, 58, 0
3344, 6, 474, 486, 1, 0, 61.67%, 5, 0, 6, 396.01, 946647, 251, 58, 0
3349, 6, 364, 486, 1, 0, 61.67%, 5, 0, 6, 405.83, 948669, 251, 58, 0
3354, 6, 482, 486, 1, 0, 61.67%, 5, 0, 6, 405.24, 950699, 251, 58, 0
3359, 6, 278, 486, 1, 0, 61.67%, 5, 0, 6, 416.35, 952783, 251, 58, 0
3364, 6, 288, 486, 1, 0, 61.67%, 5, 0, 6, 388.44, 954732, 251, 58, 0
3369, 7, 411, 487, 1, 0, 61.67%, 5, 0, 6, 407.50, 956794, 251, 58, 0
3374, 7, 412, 487, 1, 0, 61.67%, 5, 0, 6, 379.47, 958710, 251, 58, 0
3379, 7, 373, 487, 1, 0, 61.67%, 5, 0, 6, 399.74, 960827, 251, 58, 0
3384, 7, 291, 487, 1, 0, 61.67%, 5, 0, 6, 402.47, 962884, 251, 58, 0
3389, 7, 171, 487, 1, 0, 61.67%, 5, 0, 6, 401.63, 964909, 251, 58, 0
3394, 7, 419, 487, 1, 0, 61.67%, 5, 0, 6, 409.56, 967001, 251, 58, 0
3399, 7, 412, 487, 1, 0, 61.67%, 5, 0, 6, 399.62, 968982, 251, 58, 0
3405, 7, 468, 487, 1, 0, 61.67%, 5, 0, 6, 401.42, 971001, 251, 58, 0
3410, 7, 434, 487, 1, 0, 61.67%, 5, 0, 6, 418.05, 973110, 251, 61, 0
3415, 7, 235, 487, 1, 0, 61.67%, 5, 0, 6, 412.70, 975141, 251, 61, 0
3420, 7, 417, 487, 1, 0, 61.67%, 5, 0, 6, 408.42, 977200, 251, 61, 0
3425, 7, 187, 487, 1, 0, 61.67%, 5, 0, 6, 407.17, 979280, 251, 61, 0
3430, 7, 399, 487, 1, 0, 61.67%, 5, 0, 6, 399.24, 981267, 251, 61, 0
3435, 7, 354, 487, 1, 0, 61.67%, 5, 0, 6, 413.18, 983358, 251, 62, 0
3440, 7, 412, 487, 1, 0, 61.67%, 5, 0, 6, 389.81, 985363, 251, 65, 0
3445, 7, 474, 487, 1, 0, 61.67%, 5, 0, 6, 409.50, 987423, 251, 65, 0
3450, 7, 286, 487, 1, 0, 61.67%, 5, 0, 6, 404.47, 989434, 251, 67, 0
3455, 7, 300, 487, 1, 0, 61.67%, 5, 0, 6, 418.41, 991508, 251, 67, 0
3460, 7, 417, 487, 1, 0, 61.67%, 5, 0, 6, 410.20, 993549, 251, 67, 0
3465, 7, 327, 487, 1, 0, 61.67%, 5, 0, 6, 398.32, 995531, 251, 67, 0
3470, 7, 299, 487, 1, 0, 61.67%, 5, 0, 6, 409.32, 997601, 251, 67, 0
3475, 7, 412, 487, 1, 0, 61.67%, 5, 0, 6, 417.83, 999666, 251, 67, 0
3480, 7, 412, 487, 1, 0, 61.67%, 5, 0, 6, 425.09, 1001766, 251, 67, 0
3486, 7, 482, 487, 1, 0, 61.67%, 5, 0, 6, 431.95, 1003901, 251, 68, 0
3491, 7, 472, 487, 1, 0, 61.67%, 5, 0, 6, 431.64, 1006076, 251, 68, 0
3496, 7, 412, 487, 1, 0, 61.67%, 5, 0, 6, 405.41, 1008126, 251, 68, 0
3501, 7, 486, 487, 1, 0, 61.67%, 5, 0, 6, 408.16, 1010215, 251, 68, 0
3506, 7, 286, 487, 1, 0, 61.67%, 5, 0, 6, 402.76, 1012282, 251, 68, 0
3511, 7, 485, 487, 1, 0, 61.67%, 5, 0, 6, 394.29, 1014283, 251, 68, 0
3516, 7, 342, 487, 1, 0, 61.67%, 5, 0, 6, 401.64, 1016300, 251, 68, 0
3521, 7, 406, 487, 1, 0, 61.67%, 5, 0, 6, 394.90, 1018318, 251, 68, 0
3526, 7, 373, 487, 1, 0, 61.67%, 5, 0, 6, 386.06, 1020343, 251, 68, 0
3531, 7, 283, 487, 1, 0, 61.67%, 5, 0, 6, 402.61, 1022430, 251, 68, 0
3536, 7, 390, 487, 1, 0, 61.67%, 5, 0, 6, 394.33, 1024428, 251, 68, 0
3542, 7, 398, 487, 1, 0, 61.67%, 5, 0, 6, 424.00, 1026637, 251, 68, 0
3547, 7, 469, 487, 1, 0, 61.67%, 5, 0, 6, 410.29, 1028786, 251, 68, 0
3552, 8, 286, 487, 1, 0, 61.67%, 5, 0, 6, 416.67, 1030924, 251, 68, 0
3557, 8, 227, 487, 1, 0, 61.67%, 5, 0, 6, 416.71, 1032975, 251, 69, 0
3562, 8, 391, 487, 1, 0, 61.67%, 5, 0, 6, 400.47, 1034942, 251, 69, 0
3567, 8, 128, 487, 1, 0, 61.67%, 5, 0, 6, 413.53, 1037149, 251, 69, 0
3572, 8, 398, 487, 1, 0, 61.67%, 5, 0, 6, 413.01, 1039243, 251, 69, 0
3577, 8, 441, 487, 1, 0, 61.67%, 5, 0, 6, 396.54, 1041246, 251, 72, 0
3582, 8, 22, 487, 1, 0, 61.67%, 5, 0, 6, 424.73, 1043424, 251, 72, 0
3587, 8, 398, 487, 1, 0, 61.67%, 5, 0, 6, 434.15, 1045690, 251, 72, 0
3593, 8, 404, 487, 1, 0, 61.67%, 5, 0, 6, 395.54, 1047685, 251, 72, 0
3598, 8, 482, 487, 1, 0, 61.67%, 5, 0, 6, 406.70, 1049718, 251, 72, 0
3599, 8, 486, 487, 1, 0, 61.67%, 5, 0, 6, 405.17, 1050362, 251, 72, 0
