# relative_time, cycles_done, cur_item, corpus_count, pending_total, pending_favs, map_size, saved_crashes, saved_hangs, max_depth, execs_per_sec, total_execs, edges_found, total_crashes, servers_count
61, 0, 140, 182, 163, 25, 43.00%, 0, 0, 3, 1995.89, 121827, 175, 0, 0
66, 0, 140, 184, 165, 25, 43.00%, 0, 0, 3, 2092.75, 132405, 175, 0, 0
71, 0, 140, 189, 170, 25, 43.00%, 0, 0, 3, 2082.87, 143234, 175, 0, 0
76, 0, 140, 195, 176, 25, 43.73%, 0, 0, 3, 1952.18, 152401, 178, 0, 0
81, 0, 193, 214, 184, 20, 44.72%, 1, 0, 3, 2139.45, 163602, 182, 1, 0
86, 0, 141, 221, 181, 11, 44.72%, 1, 0, 3, 2055.02, 173960, 182, 1, 0
91, 0, 141, 231, 191, 11, 44.72%, 1, 0, 3, 2086.80, 184487, 182, 1, 0
96, 0, 141, 232, 192, 11, 44.72%, 1, 0, 3, 2080.68, 194867, 182, 1, 0
101, 0, 141, 234, 194, 11, 44.72%, 1, 0, 3, 2054.82, 205470, 182, 1, 0
106, 0, 141, 236, 196, 11, 44.72%, 1, 0, 3, 1945.08, 215164, 182, 1, 0
112, 0, 226, 236, 195, 12, 44.72%, 1, 0, 3, 2029.45, 224444, 182, 1, 0
117, 0, 126, 246, 189, 1, 44.72%, 1, 0, 3, 1879.68, 234389, 182, 1, 0
122, 0, 126, 251, 194, 1, 44.72%, 1, 0, 3, 1916.12, 243848, 182, 1, 0
127, 0, 103, 255, 187, 0, 44.72%, 1, 0, 5, 2027.40, 254034, 182, 1, 0
132, 0, 244, 263, 187, 0, 44.96%, 1, 0, 5, 1998.30, 263745, 183, 1, 0
137, 0, 200, 268, 187, 0, 44.96%, 1, 0, 5, 1980.81, 274010, 183, 1, 0
142, 0, 86, 270, 178, 0, 44.96%, 1, 0, 5, 1966.22, 283782, 183, 1, 0
147, 0, 205, 273, 166, 0, 44.96%, 1, 0, 5, 1870.10, 293412, 183, 1, 0
152, 0, 0, 274, 155, 0, 44.96%, 1, 0, 5, 1982.48, 303837, 183, 1, 0
158, 1, 277, 278, 142, 1, 47.17%, 1, 0, 5, 1952.73, 313921, 192, 1, 0
163, 1, 286, 294, 147, 0, 47.17%, 1, 0, 5, 1914.60, 323651, 192, 1, 0
168, 1, 243, 294, 129, 0, 47.17%, 1, 0, 5, 1998.83, 333802, 192, 1, 0
173, 1, 291, 294, 109, 0, 47.17%, 1, 0, 5, 2053.50, 344258, 192, 1, 0
178, 1, 295, 297, 100, 0, 47.17%, 1, 0, 5, 2116.44, 354914, 192, 1, 0
183, 1, 130, 303, 94, 0, 47.17%, 1, 0, 6, 2022.95, 365033, 192, 1, 0
188, 1, 28, 303, 81, 0, 47.17%, 1, 0, 6, 1934.33, 374606, 192, 1, 0
193, 1, 106, 304, 69, 0, 47.17%, 1, 0, 7, 1885.15, 384277, 192, 1, 0
198, 1, 66, 305, 58, 0, 47.17%, 1, 0, 7, 2040.52, 394753, 192, 1, 0
203, 1, 200, 305, 47, 0, 47.17%, 1, 0, 7, 2060.40, 404922, 192, 1, 0
208, 2, 308, 438, 170, 20, 59.71%, 1, 0, 7, 2006.32, 414749, 243, 1, 0
213, 2, 310, 438, 160, 10, 59.71%, 1, 0, 7, 2048.18, 425255, 243, 1, 0
219, 2, 330, 438, 152, 3, 59.71%, 1, 0, 7, 1893.14, 434688, 243, 1, 0
224, 2, 314, 439, 142, 0, 59.71%, 1, 0, 7, 1958.60, 444673, 243, 1, 0
229, 2, 309, 439, 132, 0, 59.71%, 1, 0, 7, 2012.69, 454841, 243, 1, 0
234, 2, 397, 439, 121, 0, 59.71%, 1, 0, 7, 2067.47, 465303, 243, 1, 0
239, 2, 365, 440, 114, 0, 59.71%, 1, 0, 7, 1943.40, 474885, 243, 1, 0
244, 2, 358, 440, 105, 0, 59.71%, 1, 0, 7, 2012.75, 485180, 243, 1, 0
249, 2, 361, 441, 99, 0, 59.71%, 1, 0, 7, 2042.62, 493437, 243, 1, 0
254, 2, 318, 441, 88, 0, 59.71%, 1, 0, 7, 1956.00, 503441, 243, 1, 0
259, 2, 395, 442, 80, 0, 59.71%, 1, 0, 7, 1931.37, 513537, 243, 1, 0
264, 2, 213, 442, 70, 0, 59.71%, 1, 0, 7, 1968.37, 522286, 243, 1, 0
269, 2, 384, 442, 62, 0, 59.71%, 1, 0, 7, 1958.01, 531879, 243, 1, 0
274, 2, 156, 442, 53, 0, 59.71%, 1, 0, 7, 1930.37, 541675, 243, 1, 0
280, 2, 405, 442, 48, 0, 59.71%, 1, 0, 7, 1857.00, 550514, 243, 1, 0
285, 2, 442, 443, 42, 1, 59.95%, 1, 0, 7, 1885.93, 560492, 244, 1, 0
290, 2, 47, 443, 32, 0, 59.95%, 1, 0, 7, 1990.72, 570842, 244, 1, 0
295, 3, 188, 463, 45, 2, 62.65%, 1, 0, 7, 2007.54, 580824, 255, 1, 0
300, 3, 433, 463, 37, 0, 62.65%, 1, 0, 7, 1937.10, 590471, 255, 1, 0
305, 3, 444, 463, 31, 0, 62.65%, 1, 0, 7, 1837.67, 600147, 255, 1, 0
310, 3, 340, 463, 25, 0, 62.65%, 1, 0, 7, 1945.76, 609795, 255, 1, 0
315, 3, 406, 464, 19, 0, 62.65%, 1, 0, 7, 1881.29, 619204, 255, 1, 0
321, 3, 58, 464, 15, 0, 62.65%, 1, 0, 7, 298.39, 628701, 255, 1, 0
326, 3, 76, 464, 12, 0, 62.65%, 1, 0, 7, 1586.75, 638258, 255, 1, 0
331, 4, 464, 468, 8, 0, 62.65%, 1, 0, 7, 1812.73, 647574, 255, 1, 0
336, 4, 442, 468, 3, 0, 62.65%, 1, 0, 7, 1926.71, 657563, 255, 1, 0
341, 4, 11, 468, 2, 0, 62.65%, 1, 0, 7, 2009.15, 667593, 255, 1, 0
346, 4, 273, 468, 2, 0, 62.65%, 1, 0, 7, 1855.06, 676856, 255, 1, 0
351, 4, 226, 468, 1, 0, 62.65%, 1, 0, 7, 1765.45, 685884, 255, 1, 0
356, 5, 15, 469, 2, 0, 62.65%, 1, 0, 7, 1926.35, 695530, 255, 1, 0
361, 5, 52, 469, 2, 0, 62.65%, 1, 0, 7, 1951.91, 705178, 255, 1, 0
366, 5, 66, 469, 1, 0, 62.65%, 1, 0, 7, 1979.64, 715364, 255, 1, 0
371, 5, 407, 469, 1, 0, 62.65%, 1, 0, 7, 1902.93, 725196, 255, 1, 0
376, 6, 338, 470, 1, 0, 62.65%, 1, 0, 7, 1911.32, 734920, 255, 1, 0
382, 6, 262, 470, 1, 0, 62.65%, 1, 0, 7, 1765.37, 744459, 255, 1, 0
387, 6, 458, 470, 1, 0, 62.65%, 1, 0, 7, 1752.16, 753392, 255, 1, 0
392, 6, 143, 470, 1, 0, 62.65%, 1, 0, 7, 1841.46, 763022, 255, 1, 0
397, 6, 165, 470, 1, 0, 62.65%, 1, 0, 7, 1706.78, 771899, 255, 1, 0
402, 7, 208, 470, 1, 0, 62.65%, 1, 0, 7, 1753.82, 781138, 255, 1, 0
407, 7, 51, 470, 0, 0, 62.65%, 1, 0, 7, 1872.46, 790889, 255, 1, 0
412, 7, 310, 470, 0, 0, 62.65%, 1, 0, 7, 1795.84, 800084, 255, 1, 0
417, 7, 330, 470, 0, 0, 62.65%, 1, 0, 7, 1982.76, 810517, 255, 1, 0
423, 8, 226, 471, 1, 0, 62.65%, 1, 0, 7, 2003.26, 820798, 255, 1, 0
428, 8, 51, 471, 0, 0, 62.65%, 1, 0, 7, 1854.32, 830124, 255, 1, 0
433, 8, 356, 471, 0, 0, 62.65%, 1, 0, 7, 2021.26, 840577, 255, 1, 0
438, 8, 442, 471, 0, 0, 62.65%, 1, 0, 7, 1892.80, 850201, 255, 1, 0
443, 8, 208, 471, 0, 0, 62.65%, 1, 0, 7, 1790.83, 859485, 255, 1, 0
448, 9, 264, 471, 0, 0, 62.65%, 1, 0, 7, 1923.18, 869324, 255, 1, 0
453, 9, 338, 471, 0, 0, 62.65%, 1, 0, 7, 2000.35, 879521, 255, 1, 0
458, 9, 406, 471, 0, 0, 62.65%, 1, 0, 7, 1972.71, 889593, 255, 1, 0
463, 9, 76, 471, 0, 0, 62.65%, 1, 0, 7, 2035.17, 900171, 255, 1, 0
468, 10, 37, 472, 1, 0, 62.65%, 1, 0, 7, 1962.67, 909899, 255, 1, 0
473, 10, 181, 472, 1, 0, 62.65%, 1, 0, 7, 2009.82, 918778, 255, 1, 0
479, 10, 145, 472, 1, 0, 62.65%, 1, 0, 7, 1947.93, 928528, 255, 1, 0
484, 10, 51, 472, 1, 0, 62.65%, 1, 0, 7, 1935.66, 938430, 255, 1, 0
489, 10, 200, 472, 1, 0, 62.65%, 1, 0, 7, 1965.03, 948406, 255, 1, 0
494, 11, 471, 473, 1, 0, 62.90%, 1, 0, 7, 1903.76, 958002, 256, 1, 0
499, 11, 447, 473, 0, 0, 62.90%, 1, 0, 7, 1949.06, 968073, 256, 1, 0
504, 11, 331, 473, 0, 0, 62.90%, 1, 0, 7, 1874.30, 977202, 256, 1, 0
509, 11, 449, 473, 0, 0, 62.90%, 1, 0, 7, 2000.13, 987643, 256, 1, 0
514, 12, 447, 474, 0, 0, 62.90%, 1, 0, 7, 2038.63, 998365, 256, 1, 0
519, 12, 407, 474, 0, 0, 62.90%, 1, 0, 7, 1957.73, 1008279, 256, 1, 0
525, 12, 449, 474, 0, 0, 62.90%, 1, 0, 7, 1926.23, 1018139, 256, 1, 0
530, 12, 123, 474, 0, 0, 62.90%, 1, 0, 7, 1974.26, 1028255, 256, 1, 0
535, 12, 423, 474, 0, 0, 62.90%, 1, 0, 7, 1942.92, 1038128, 256, 1, 0
540, 13, 329, 475, 1, 0, 62.90%, 1, 0, 7, 1952.42, 1048215, 256, 1, 0
545, 13, 472, 475, 1, 0, 62.90%, 1, 0, 7, 1953.75, 1058460, 256, 1, 0
550, 13, 90, 475, 1, 0, 62.90%, 1, 0, 7, 1994.67, 1068817, 256, 1, 0
555, 13, 20, 475, 1, 0, 62.90%, 1, 0, 7, 1975.01, 1078923, 256, 1, 0
561, 14, 442, 475, 1, 0, 62.90%, 1, 0, 7, 1851.08, 1088442, 256, 1, 0
566, 14, 208, 475, 1, 0, 62.90%, 1, 0, 7, 1773.88, 1096618, 256, 1, 0
571, 14, 344, 475, 1, 0, 62.90%, 1, 0, 7, 1797.17, 1105793, 256, 1, 0
576, 14, 50, 475, 0, 0, 62.90%, 1, 0, 7, 1951.12, 1113826, 256, 1, 0
581, 14, 123, 475, 0, 0, 62.90%, 1, 0, 7, 1843.54, 1122573, 256, 1, 0
586, 15, 28, 476, 0, 0, 62.90%, 1, 0, 7, 1959.90, 1132687, 256, 1, 0
591, 15, 329, 476, 0, 0, 62.90%, 1, 0, 7, 2019.62, 1143150, 256, 1, 0
596, 15, 308, 476, 0, 0, 62.90%, 1, 0, 7, 1922.04, 1152536, 256, 1, 0
599, 15, 66, 476, 0, 0, 62.90%, 1, 0, 7, 1904.23, 1157172, 256, 1, 0
