# relative_time, cycles_done, cur_item, corpus_count, pending_total, pending_favs, map_size, saved_crashes, saved_hangs, max_depth, execs_per_sec, total_execs, edges_found, total_crashes, servers_count
60, 0, 9, 71, 66, 4, 30.47%, 0, 0, 2, 440.92, 27714, 124, 0, 0
66, 0, 9, 73, 68, 4, 31.45%, 0, 0, 2, 460.46, 30063, 128, 0, 0
71, 0, 9, 73, 68, 4, 31.45%, 0, 0, 2, 445.48, 32320, 128, 0, 0
76, 0, 9, 74, 69, 4, 31.70%, 0, 0, 2, 430.01, 34455, 129, 0, 0
81, 0, 9, 75, 70, 4, 31.70%, 0, 0, 2, 449.82, 36791, 129, 0, 0
86, 0, 9, 76, 71, 4, 31.70%, 0, 0, 2, 437.81, 38973, 129, 0, 0
91, 0, 9, 77, 72, 4, 31.70%, 0, 0, 2, 438.14, 41221, 129, 0, 0
96, 0, 9, 79, 74, 4, 31.70%, 0, 0, 2, 472.29, 43669, 129, 0, 0
101, 0, 9, 81, 76, 4, 31.70%, 0, 0, 2, 453.74, 45905, 129, 0, 0
106, 0, 9, 83, 78, 4, 31.70%, 0, 0, 2, 445.94, 48191, 129, 0, 0
111, 0, 9, 83, 78, 4, 31.70%, 0, 0, 2, 441.86, 50407, 129, 0, 0
116, 0, 9, 83, 78, 4, 31.70%, 0, 0, 2, 463.67, 52778, 129, 0, 0
121, 0, 84, 96, 89, 24, 33.66%, 0, 0, 2, 444.95, 55049, 137, 0, 0
126, 0, 23, 99, 91, 23, 33.66%, 0, 0, 3, 430.48, 57239, 137, 0, 0
131, 0, 37, 100, 84, 17, 33.91%, 0, 0, 3, 426.53, 59423, 138, 0, 0
137, 0, 85, 102, 83, 16, 34.15%, 0, 0, 4, 410.48, 61526, 139, 0, 0
142, 0, 56, 111, 91, 15, 34.40%, 0, 0, 4, 430.89, 63702, 140, 0, 0
147, 0, 56, 116, 96, 15, 34.40%, 0, 0, 4, 428.62, 65849, 140, 0, 0
152, 0, 56, 116, 96, 15, 34.40%, 0, 0, 4, 439.00, 68073, 140, 0, 0
157, 0, 56, 119, 99, 15, 34.40%, 0, 0, 4, 441.81, 70342, 140, 0, 0
162, 0, 34, 121, 99, 16, 34.40%, 0, 0, 4, 453.39, 72686, 140, 0, 0
167, 0, 71, 123, 98, 13, 34.64%, 0, 0, 4, 440.30, 74889, 141, 0, 0
172, 0, 97, 133, 106, 12, 34.64%, 0, 0, 4, 450.12, 77085, 141, 0, 0
177, 0, 97, 135, 108, 12, 34.64%, 0, 0, 4, 465.91, 79443, 141, 0, 0
182, 0, 97, 137, 110, 12, 34.64%, 0, 0, 4, 447.53, 81641, 141, 0, 0
187, 0, 97, 139, 112, 12, 34.64%, 0, 0, 4, 439.37, 83848, 141, 0, 0
192, 0, 19, 142, 114, 11, 34.64%, 0, 0, 4, 452.17, 86122, 141, 0, 0
197, 0, 82, 147, 117, 9, 34.64%, 0, 0, 4, 456.51, 88355, 141, 0, 0
203, 0, 82, 148, 118, 9, 34.64%, 0, 0, 4, 444.48, 90561, 141, 0, 0
208, 0, 82, 148, 118, 9, 34.64%, 0, 0, 4, 413.44, 92673, 141, 0, 0
213, 0, 82, 149, 119, 9, 34.64%, 0, 0, 4, 406.67, 94760, 141, 0, 0
218, 0, 148, 149, 118, 8, 34.64%, 0, 0, 4, 429.78, 96973, 141, 0, 0
223, 0, 148, 154, 123, 8, 34.64%, 0, 0, 4, 440.61, 99162, 141, 0, 0
228, 0, 148, 155, 124, 8, 34.64%, 0, 0, 4, 442.02, 101473, 141, 0, 0
233, 0, 148, 158, 127, 8, 34.64%, 0, 0, 4, 450.82, 103742, 141, 0, 0
238, 0, 148, 159, 128, 8, 34.64%, 0, 0, 4, 446.25, 106021, 141, 0, 0
243, 0, 148, 160, 129, 8, 34.64%, 0, 0, 4, 459.76, 108391, 141, 0, 0
248, 0, 148, 160, 129, 8, 34.64%, 0, 0, 4, 437.90, 110604, 141, 0, 0
253, 0, 148, 160, 129, 8, 34.64%, 0, 0, 4, 450.11, 112876, 141, 0, 0
258, 0, 148, 161, 130, 8, 34.64%, 0, 0, 4, 445.78, 115171, 141, 0, 0
263, 0, 148, 161, 130, 8, 34.64%, 0, 0, 4, 461.84, 117497, 141, 0, 0
268, 0, 148, 162, 131, 8, 34.64%, 0, 0, 4, 440.33, 119706, 141, 0, 0
273, 0, 148, 163, 132, 8, 34.64%, 0, 0, 4, 452.59, 121975, 141, 0, 0
279, 0, 148, 163, 132, 8, 34.64%, 0, 0, 4, 421.67, 124081, 141, 0, 0
284, 0, 148, 163, 132, 8, 34.64%, 0, 0, 4, 452.88, 126367, 141, 0, 0
289, 0, 148, 163, 132, 8, 34.64%, 0, 0, 4, 435.25, 128601, 141, 0, 0
294, 0, 148, 163, 132, 8, 34.64%, 0, 0, 4, 467.33, 131038, 141, 0, 0
299, 0, 148, 163, 132, 8, 34.64%, 0, 0, 4, 446.48, 133345, 141, 0, 0
304, 0, 148, 165, 134, 8, 34.64%, 0, 0, 4, 441.21, 135599, 141, 0, 0
309, 0, 148, 165, 134, 8, 34.64%, 0, 0, 4, 440.43, 137863, 141, 0, 0
314, 0, 148, 165, 134, 8, 34.64%, 0, 0, 4, 453.32, 140169, 141, 0, 0
319, 0, 148, 166, 135, 8, 34.64%, 0, 0, 4, 444.11, 142430, 141, 0, 0
324, 0, 148, 166, 135, 8, 34.64%, 0, 0, 4, 429.18, 144630, 141, 0, 0
330, 0, 148, 166, 135, 8, 34.64%, 0, 0, 4, 450.15, 146902, 141, 0, 0
335, 0, 15, 167, 135, 8, 34.89%, 0, 0, 4, 461.39, 149178, 142, 0, 0
340, 0, 95, 169, 135, 7, 34.89%, 0, 0, 4, 442.64, 151393, 142, 0, 0
345, 0, 133, 176, 139, 5, 34.89%, 0, 0, 6, 456.22, 153633, 142, 0, 0
350, 0, 133, 176, 139, 5, 34.89%, 0, 0, 6, 457.62, 155968, 142, 0, 0
355, 0, 166, 176, 138, 4, 34.89%, 0, 0, 6, 450.48, 158254, 142, 0, 0
360, 0, 109, 176, 134, 0, 34.89%, 0, 0, 6, 434.01, 160419, 142, 0, 0
365, 0, 68, 176, 130, 0, 34.89%, 0, 0, 6, 440.48, 162675, 142, 0, 0
370, 0, 154, 177, 127, 0, 34.89%, 0, 0, 6, 462.90, 165045, 142, 0, 0
375, 0, 170, 179, 128, 0, 34.89%, 0, 0, 6, 389.07, 166964, 142, 0, 0
380, 0, 179, 180, 128, 1, 35.63%, 0, 0, 6, 413.01, 169106, 145, 0, 0
385, 0, 179, 181, 129, 1, 35.63%, 0, 0, 6, 394.61, 171082, 145, 0, 0
390, 0, 179, 181, 129, 1, 35.63%, 0, 0, 6, 402.57, 173129, 145, 0, 0
396, 0, 179, 182, 130, 1, 35.63%, 0, 0, 6, 395.34, 175142, 145, 0, 0
401, 0, 179, 183, 131, 1, 35.63%, 0, 0, 6, 421.86, 177306, 145, 0, 0
406, 0, 181, 192, 139, 1, 35.63%, 0, 0, 6, 446.56, 179521, 145, 0, 0
411, 0, 181, 194, 141, 1, 35.63%, 0, 0, 6, 412.91, 181647, 145, 0, 0
416, 0, 181, 194, 141, 1, 35.63%, 0, 0, 6, 379.67, 183492, 145, 0, 0
421, 0, 181, 194, 141, 1, 35.63%, 0, 0, 6, 386.61, 185445, 145, 0, 0
426, 0, 181, 195, 142, 1, 35.63%, 0, 0, 6, 382.45, 187433, 145, 0, 0
431, 0, 181, 196, 143, 1, 35.63%, 0, 0, 6, 390.63, 189442, 145, 0, 0
436, 0, 181, 196, 143, 1, 35.63%, 0, 0, 6, 394.43, 191437, 145, 0, 0
441, 0, 185, 196, 141, 0, 35.63%, 0, 0, 6, 438.50, 193664, 145, 0, 0
446, 0, 195, 196, 137, 0, 35.63%, 0, 0, 6, 432.71, 195901, 145, 0, 0
451, 0, 171, 196, 135, 0, 35.63%, 0, 0, 6, 437.86, 198074, 145, 0, 0
456, 0, 83, 196, 134, 0, 35.63%, 0, 0, 6, 417.29, 200165, 145, 0, 0
461, 0, 94, 198, 135, 0, 35.63%, 0, 0, 6, 433.09, 202401, 145, 0, 0
466, 0, 18, 198, 131, 0, 35.63%, 0, 0, 6, 432.14, 204568, 145, 0, 0
471, 0, 156, 198, 126, 0, 35.63%, 0, 0, 6, 435.81, 206860, 145, 0, 0
477, 0, 7, 202, 127, 0, 37.35%, 0, 0, 6, 455.84, 209221, 152, 0, 0
482, 0, 205, 206, 129, 4, 38.08%, 0, 0, 6, 452.41, 211553, 155, 0, 0
487, 0, 202, 206, 127, 2, 38.08%, 0, 0, 6, 447.25, 213843, 155, 0, 0
492, 0, 201, 208, 128, 1, 38.33%, 1, 0, 6, 452.56, 216113, 156, 1, 0
497, 0, 185, 208, 123, 0, 38.33%, 1, 0, 6, 437.68, 218285, 156, 1, 0
502, 0, 171, 210, 124, 0, 38.33%, 1, 0, 6, 482.20, 220721, 156, 1, 0
507, 0, 109, 210, 121, 0, 38.33%, 1, 0, 6, 452.07, 223035, 156, 1, 0
512, 0, 116, 210, 116, 0, 38.33%, 1, 0, 6, 459.35, 225306, 156, 1, 0
517, 0, 37, 210, 114, 0, 38.33%, 1, 0, 6, 448.63, 227605, 156, 1, 0
522, 0, 47, 210, 112, 0, 38.33%, 1, 0, 6, 464.80, 230064, 156, 1, 0
527, 0, 133, 210, 110, 0, 38.33%, 1, 0, 6, 471.35, 232452, 156, 1, 0
533, 0, 25, 210, 109, 0, 38.33%, 1, 0, 6, 430.44, 234665, 156, 1, 0
538, 0, 201, 210, 107, 0, 38.33%, 1, 0, 6, 432.72, 236937, 156, 1, 0
543, 1, 194, 210, 106, 0, 38.33%, 1, 0, 6, 419.33, 239002, 156, 1, 0
548, 1, 130, 211, 102, 0, 38.33%, 1, 0, 6, 445.64, 241329, 156, 1, 0
553, 1, 16, 211, 98, 0, 38.33%, 1, 0, 6, 435.76, 243562, 156, 1, 0
558, 1, 190, 211, 94, 0, 38.33%, 1, 0, 6, 446.20, 245789, 156, 1, 0
563, 1, 108, 211, 90, 0, 38.33%, 1, 0, 6, 432.32, 247892, 156, 1, 0
568, 1, 24, 211, 86, 0, 38.33%, 1, 0, 6, 444.85, 250149, 156, 1, 0
573, 1, 192, 211, 81, 0, 38.33%, 1, 0, 6, 436.71, 252352, 156, 1, 0
578, 1, 172, 211, 77, 0, 38.33%, 1, 0, 6, 440.55, 254547, 156, 1, 0
583, 1, 133, 211, 75, 0, 38.33%, 1, 0, 6, 423.50, 256659, 156, 1, 0
588, 1, 89, 211, 73, 0, 38.33%, 1, 0, 6, 439.70, 258847, 156, 1, 0
593, 1, 197, 212, 73, 0, 38.33%, 1, 0, 6, 425.91, 260950, 156, 1, 0
598, 1, 197, 216, 77, 0, 38.57%, 1, 0, 6, 385.64, 262899, 157, 1, 0
604, 1, 197, 223, 84, 0, 38.57%, 1, 0, 6, 382.33, 264867, 157, 1, 0
609, 1, 197, 225, 86, 0, 38.57%, 1, 0, 6, 376.01, 266771, 157, 1, 0
614, 1, 197, 225, 86, 0, 38.57%, 1, 0, 6, 387.83, 268808, 157, 1, 0
619, 1, 197, 226, 87, 0, 38.57%, 1, 0, 6, 387.95, 270775, 157, 1, 0
624, 1, 197, 226, 87, 0, 38.57%, 1, 0, 6, 389.48, 272721, 157, 1, 0
629, 1, 213, 226, 86, 1, 38.57%, 1, 0, 6, 378.22, 274636, 157, 1, 0
634, 1, 228, 229, 86, 1, 38.82%, 1, 0, 6, 464.94, 276985, 158, 1, 0
639, 1, 93, 229, 84, 0, 38.82%, 1, 0, 6, 439.43, 279214, 158, 1, 0
644, 1, 217, 229, 81, 0, 38.82%, 1, 0, 6, 429.79, 281356, 158, 1, 0
649, 1, 123, 229, 79, 0, 38.82%, 1, 0, 6, 431.41, 283505, 158, 1, 0
654, 1, 191, 229, 75, 0, 38.82%, 1, 0, 6, 423.40, 285616, 158, 1, 0
659, 1, 221, 229, 73, 0, 38.82%, 1, 0, 6, 422.47, 287745, 158, 1, 0
664, 1, 186, 229, 72, 0, 38.82%, 1, 0, 6, 421.61, 289895, 158, 1, 0
669, 1, 223, 229, 68, 0, 38.82%, 1, 0, 6, 436.84, 292093, 158, 1, 0
674, 1, 177, 229, 65, 0, 38.82%, 1, 0, 6, 430.06, 294221, 158, 1, 0
679, 1, 187, 229, 63, 0, 38.82%, 1, 0, 6, 410.71, 296314, 158, 1, 0
684, 1, 178, 230, 62, 0, 38.82%, 1, 0, 6, 432.98, 298523, 158, 1, 0
689, 1, 133, 230, 60, 0, 38.82%, 1, 0, 6, 427.39, 300676, 158, 1, 0
695, 1, 216, 230, 58, 0, 38.82%, 1, 0, 6, 431.20, 302852, 158, 1, 0
700, 1, 189, 231, 58, 0, 38.82%, 1, 0, 6, 431.22, 305129, 158, 1, 0
705, 1, 224, 231, 55, 0, 38.82%, 1, 0, 6, 417.37, 307228, 158, 1, 0
710, 1, 215, 231, 53, 0, 38.82%, 1, 0, 6, 428.32, 309430, 158, 1, 0
715, 1, 134, 231, 51, 0, 38.82%, 1, 0, 6, 430.33, 311660, 158, 1, 0
720, 1, 188, 231, 48, 0, 38.82%, 1, 0, 6, 423.92, 313799, 158, 1, 0
725, 1, 183, 231, 44, 0, 38.82%, 1, 0, 6, 437.25, 316075, 158, 1, 0
730, 1, 19, 231, 40, 0, 38.82%, 1, 0, 6, 442.11, 318300, 158, 1, 0
735, 1, 180, 231, 39, 0, 38.82%, 1, 0, 6, 441.71, 320524, 158, 1, 0
740, 1, 156, 232, 39, 0, 38.82%, 1, 0, 6, 447.90, 322766, 158, 1, 0
745, 1, 214, 232, 37, 0, 38.82%, 1, 0, 6, 430.11, 324941, 158, 1, 0
750, 1, 120, 232, 33, 0, 38.82%, 1, 0, 6, 437.51, 327191, 158, 1, 0
755, 1, 131, 232, 31, 0, 38.82%, 1, 0, 6, 439.11, 329384, 158, 1, 0
760, 1, 230, 232, 29, 0, 38.82%, 1, 0, 6, 434.90, 331575, 158, 1, 0
765, 1, 157, 232, 25, 0, 38.82%, 1, 0, 6, 438.64, 333769, 158, 1, 0
770, 2, 281, 354, 146, 0, 51.35%, 1, 0, 6, 438.60, 335952, 209, 1, 0
776, 2, 342, 354, 144, 20, 51.35%, 1, 0, 6, 449.91, 338248, 209, 1, 0
781, 2, 342, 354, 144, 20, 51.35%, 1, 0, 6, 443.53, 340552, 209, 1, 0
786, 2, 292, 354, 142, 18, 51.35%, 1, 0, 6, 452.54, 342894, 209, 1, 0
791, 2, 250, 354, 140, 16, 51.35%, 1, 0, 6, 461.25, 345273, 209, 1, 0
796, 2, 277, 354, 138, 14, 51.35%, 1, 0, 6, 445.87, 347539, 209, 1, 0
801, 2, 353, 354, 136, 12, 51.35%, 1, 0, 6, 411.23, 349636, 209, 1, 0
806, 2, 298, 354, 134, 10, 51.35%, 1, 0, 6, 436.53, 351868, 209, 1, 0
811, 2, 327, 354, 132, 8, 51.35%, 1, 0, 6, 444.52, 354114, 209, 1, 0
816, 2, 337, 354, 130, 7, 51.35%, 1, 0, 6, 417.00, 356188, 209, 1, 0
821, 2, 317, 355, 130, 6, 51.35%, 1, 0, 6, 423.55, 358327, 209, 1, 0
826, 2, 309, 355, 127, 5, 51.35%, 1, 0, 6, 455.95, 360655, 209, 1, 0
832, 2, 294, 355, 124, 3, 51.35%, 1, 0, 6, 423.08, 362754, 209, 1, 0
837, 2, 351, 355, 122, 1, 51.35%, 1, 0, 6, 441.29, 365011, 209, 1, 0
842, 2, 275, 355, 119, 0, 51.35%, 1, 0, 6, 442.86, 367210, 209, 1, 0
847, 2, 295, 355, 116, 0, 51.35%, 1, 0, 6, 433.62, 369369, 209, 1, 0
852, 2, 245, 355, 115, 0, 51.35%, 4, 0, 6, 425.93, 371510, 209, 4, 0
857, 2, 251, 355, 113, 0, 51.35%, 4, 0, 6, 445.31, 373779, 209, 4, 0
862, 2, 254, 355, 111, 0, 51.35%, 4, 0, 6, 437.74, 376051, 209, 4, 0
867, 2, 301, 355, 108, 0, 51.35%, 4, 0, 6, 436.07, 378210, 209, 4, 0
872, 2, 257, 355, 105, 0, 51.35%, 4, 0, 6, 460.47, 380539, 209, 4, 0
877, 2, 307, 356, 102, 0, 51.35%, 4, 0, 6, 453.84, 382830, 209, 4, 0
882, 2, 325, 356, 100, 0, 51.35%, 4, 0, 6, 471.82, 385204, 209, 4, 0
887, 2, 286, 356, 98, 0, 51.35%, 4, 0, 6, 459.19, 387533, 209, 4, 0
892, 2, 193, 356, 96, 0, 51.35%, 4, 0, 6, 439.58, 389755, 209, 4, 0
897, 2, 244, 356, 94, 0, 51.35%, 4, 0, 6, 439.23, 392019, 209, 4, 0
902, 2, 270, 356, 92, 0, 51.35%, 4, 0, 6, 472.70, 394420, 209, 4, 0
908, 2, 311, 356, 90, 0, 51.35%, 4, 0, 6, 446.12, 396677, 209, 4, 0
913, 2, 84, 356, 87, 0, 51.35%, 4, 0, 6, 481.23, 399121, 209, 4, 0
918, 2, 72, 356, 85, 0, 51.35%, 4, 0, 6, 432.59, 401218, 209, 4, 0
923, 2, 313, 356, 83, 0, 51.35%, 4, 0, 6, 456.20, 403581, 209, 4, 0
928, 2, 306, 356, 81, 0, 51.35%, 4, 0, 6, 418.20, 405662, 209, 4, 0
933, 2, 283, 356, 79, 0, 51.35%, 4, 0, 6, 426.75, 407896, 209, 4, 0
938, 2, 240, 356, 75, 0, 51.35%, 4, 0, 6, 449.68, 410143, 209, 4, 0
943, 2, 184, 356, 73, 0, 51.35%, 4, 0, 6, 431.77, 412303, 209, 4, 0
948, 2, 304, 356, 72, 0, 51.35%, 4, 0, 6, 433.35, 414476, 209, 4, 0
953, 2, 249, 356, 69, 0, 51.35%, 4, 0, 6, 433.30, 416698, 209, 4, 0
958, 2, 341, 356, 67, 0, 51.35%, 4, 0, 6, 446.90, 418947, 209, 4, 0
963, 2, 300, 356, 65, 0, 51.35%, 4, 0, 6, 457.70, 421267, 209, 4, 0
968, 2, 259, 356, 64, 0, 51.35%, 4, 0, 6, 426.15, 423427, 209, 4, 0
973, 2, 150, 356, 60, 0, 51.35%, 5, 0, 6, 436.29, 425693, 209, 5, 0
978, 2, 280, 356, 58, 0, 51.35%, 5, 0, 6, 446.36, 427984, 209, 5, 0
984, 2, 276, 356, 56, 0, 51.35%, 5, 0, 6, 441.28, 430232, 209, 5, 0
989, 2, 279, 356, 54, 0, 51.35%, 5, 0, 6, 484.24, 432771, 209, 5, 0
994, 2, 314, 356, 53, 0, 51.35%, 6, 0, 6, 443.20, 434963, 209, 8, 0
999, 2, 38, 356, 51, 0, 51.35%, 6, 0, 6, 446.33, 437237, 209, 8, 0
1004, 2, 349, 356, 48, 0, 51.35%, 6, 0, 6, 444.83, 439559, 209, 8, 0
1009, 2, 302, 356, 47, 0, 51.35%, 6, 0, 6, 468.81, 441946, 209, 9, 0
1014, 2, 351, 356, 45, 0, 51.35%, 6, 0, 6, 433.55, 444150, 209, 9, 0
1019, 2, 228, 356, 44, 0, 51.35%, 7, 0, 6, 452.40, 446445, 209, 12, 0
1024, 2, 258, 356, 43, 0, 51.35%, 7, 0, 6, 452.22, 448682, 209, 12, 0
1029, 2, 166, 356, 39, 0, 51.35%, 7, 0, 6, 437.77, 450917, 209, 13, 0
1034, 2, 309, 356, 37, 0, 51.35%, 7, 0, 6, 440.19, 453108, 209, 13, 0
1039, 2, 166, 356, 35, 0, 51.35%, 7, 0, 6, 461.11, 455491, 209, 13, 0
1044, 2, 8, 356, 34, 0, 51.35%, 7, 0, 6, 418.70, 457572, 209, 13, 0
1050, 2, 330, 356, 32, 0, 51.35%, 7, 0, 6, 440.15, 459860, 209, 13, 0
1055, 2, 137, 356, 30, 0, 51.35%, 8, 0, 6, 449.12, 462114, 209, 14, 0
1060, 2, 349, 356, 28, 0, 51.35%, 8, 0, 6, 443.60, 464341, 209, 14, 0
1065, 2, 274, 357, 28, 0, 51.35%, 8, 0, 6, 461.51, 466707, 209, 15, 0
1070, 2, 303, 357, 27, 0, 51.35%, 8, 0, 6, 438.16, 468898, 209, 15, 0
1075, 2, 133, 357, 24, 0, 51.35%, 8, 0, 6, 454.26, 471188, 209, 16, 0
1080, 2, 15, 357, 23, 0, 51.35%, 8, 0, 6, 437.82, 473379, 209, 17, 0
1085, 2, 133, 357, 22, 0, 51.35%, 8, 0, 6, 431.79, 475596, 209, 17, 0
1090, 2, 256, 357, 21, 0, 51.35%, 8, 0, 6, 429.48, 477774, 209, 17, 0
1095, 2, 293, 357, 19, 0, 51.35%, 8, 0, 6, 436.50, 479964, 209, 17, 0
1100, 2, 298, 358, 18, 0, 51.35%, 8, 0, 6, 438.81, 482236, 209, 17, 0
1105, 2, 255, 358, 15, 0, 51.35%, 8, 0, 6, 447.96, 484527, 209, 17, 0
1110, 3, 366, 432, 88, 12, 61.92%, 8, 0, 6, 454.55, 486793, 252, 17, 0
1115, 3, 431, 432, 86, 10, 61.92%, 8, 0, 6, 435.93, 488984, 252, 17, 0
1120, 3, 400, 432, 85, 9, 61.92%, 8, 0, 6, 459.82, 491220, 252, 17, 0
1125, 3, 374, 432, 83, 7, 61.92%, 8, 0, 6, 452.01, 493482, 252, 17, 0
1130, 3, 434, 435, 85, 7, 62.16%, 8, 0, 6, 470.92, 495878, 253, 17, 0
1135, 3, 410, 435, 83, 5, 62.16%, 8, 0, 6, 458.55, 498146, 253, 17, 0
1140, 3, 410, 435, 83, 5, 62.16%, 8, 0, 6, 419.68, 500269, 253, 17, 0
1146, 3, 372, 435, 81, 3, 62.16%, 8, 0, 6, 431.04, 502544, 253, 17, 0
1151, 3, 427, 435, 79, 1, 62.16%, 8, 0, 6, 429.85, 504705, 253, 17, 0
1156, 3, 319, 436, 78, 0, 62.41%, 8, 0, 6, 416.99, 506739, 254, 17, 0
1161, 3, 379, 436, 77, 0, 62.41%, 8, 0, 6, 377.71, 508599, 254, 17, 0
1166, 3, 422, 436, 76, 0, 62.41%, 8, 0, 6, 401.70, 510628, 254, 17, 0
1171, 3, 403, 436, 74, 0, 62.41%, 8, 0, 6, 416.12, 512767, 254, 17, 0
1176, 3, 373, 436, 73, 0, 62.41%, 8, 0, 6, 418.94, 514902, 254, 17, 0
1181, 3, 407, 436, 71, 0, 62.41%, 8, 0, 6, 441.24, 517164, 254, 17, 0
1186, 3, 386, 436, 69, 0, 62.41%, 8, 0, 6, 457.38, 519485, 254, 17, 0
1191, 3, 117, 436, 67, 0, 62.41%, 8, 0, 6, 452.19, 521768, 254, 17, 0
1196, 3, 432, 436, 65, 0, 62.41%, 8, 0, 6, 456.18, 524087, 254, 17, 0
1201, 3, 433, 436, 63, 0, 62.41%, 8, 0, 6, 466.53, 526409, 254, 17, 0
1206, 3, 131, 436, 61, 0, 62.41%, 8, 0, 6, 463.06, 528791, 254, 17, 0
1211, 3, 368, 436, 60, 0, 62.41%, 8, 0, 6, 431.43, 530985, 254, 20, 0
1216, 3, 396, 436, 58, 0, 62.41%, 8, 0, 6, 436.07, 533194, 254, 20, 0
1222, 3, 418, 436, 56, 0, 62.41%, 8, 0, 6, 443.05, 535454, 254, 20, 0
1227, 3, 419, 437, 55, 0, 62.41%, 8, 0, 6, 452.43, 537834, 254, 20, 0
1232, 3, 332, 437, 53, 0, 62.41%, 8, 0, 6, 440.48, 540095, 254, 20, 0
1237, 3, 385, 437, 51, 0, 62.41%, 8, 0, 6, 459.36, 542471, 254, 20, 0
1242, 3, 406, 437, 50, 0, 62.41%, 8, 0, 6, 439.02, 544664, 254, 20, 0
1247, 3, 424, 438, 49, 0, 62.65%, 8, 0, 6, 428.26, 546855, 255, 20, 0
1252, 3, 316, 438, 48, 0, 62.65%, 8, 0, 6, 441.89, 549112, 255, 20, 0
1257, 3, 375, 438, 46, 0, 62.65%, 8, 0, 6, 443.94, 551350, 255, 20, 0
1262, 3, 390, 438, 45, 0, 62.65%, 8, 0, 6, 458.92, 553745, 255, 20, 0
1267, 3, 347, 438, 43, 0, 62.65%, 8, 0, 6, 463.01, 556113, 255, 20, 0
1273, 3, 421, 438, 42, 0, 62.65%, 8, 0, 6, 428.04, 558325, 255, 20, 0
1278, 3, 27, 438, 39, 0, 62.65%, 8, 0, 6, 411.97, 560387, 255, 20, 0
1283, 3, 248, 438, 38, 0, 62.65%, 8, 0, 6, 432.90, 562662, 255, 20, 0
1288, 3, 329, 438, 37, 0, 62.65%, 8, 0, 6, 449.99, 564952, 255, 20, 0
1293, 3, 399, 438, 35, 0, 62.65%, 8, 0, 6, 445.81, 567209, 255, 20, 0
1298, 3, 309, 439, 34, 0, 62.65%, 8, 0, 6, 440.11, 569464, 255, 20, 0
1303, 3, 292, 439, 33, 0, 62.65%, 8, 0, 6, 438.27, 571650, 255, 20, 0
1308, 3, 251, 439, 33, 0, 62.65%, 8, 0, 6, 451.76, 574047, 255, 20, 0
1313, 3, 414, 439, 32, 0, 62.65%, 8, 0, 6, 444.85, 576270, 255, 20, 0
1319, 3, 199, 439, 31, 0, 62.65%, 8, 0, 6, 428.33, 578427, 255, 23, 0
1324, 3, 360, 439, 31, 0, 62.65%, 8, 0, 6, 425.66, 580486, 255, 24, 0
1329, 3, 420, 439, 29, 0, 62.65%, 8, 0, 6, 428.91, 582681, 255, 24, 0
1334, 3, 337, 439, 27, 0, 62.65%, 8, 0, 6, 434.08, 584906, 255, 24, 0
1339, 3, 429, 439, 26, 0, 62.65%, 8, 0, 6, 450.24, 587195, 255, 24, 0
1344, 3, 426, 439, 24, 0, 62.65%, 8, 0, 6, 434.56, 589449, 255, 24, 0
1349, 3, 353, 439, 23, 0, 62.65%, 9, 0, 6, 429.35, 591607, 255, 25, 0
1354, 3, 317, 440, 24, 0, 62.65%, 9, 0, 6, 429.19, 593785, 255, 26, 0
1359, 3, 410, 440, 23, 0, 62.65%, 9, 0, 6, 428.84, 596069, 255, 26, 0
1364, 3, 322, 440, 23, 0, 62.65%, 9, 0, 6, 424.85, 598181, 255, 26, 0
1369, 3, 199, 440, 21, 0, 62.65%, 9, 0, 6, 438.71, 600453, 255, 26, 0
1374, 3, 398, 440, 21, 0, 62.65%, 9, 0, 6, 432.37, 602688, 255, 30, 0
1379, 3, 309, 440, 20, 0, 62.65%, 9, 0, 6, 428.19, 604819, 255, 30, 0
1384, 3, 388, 440, 19, 0, 62.65%, 9, 0, 6, 427.24, 606889, 255, 30, 0
1389, 3, 205, 440, 17, 0, 62.65%, 9, 0, 6, 420.42, 609035, 255, 30, 0
1394, 3, 359, 440, 17, 0, 62.65%, 9, 0, 6, 422.40, 611194, 255, 31, 0
1399, 3, 310, 440, 15, 0, 62.65%, 9, 0, 6, 458.84, 613495, 255, 31, 0
1405, 3, 392, 440, 15, 0, 62.65%, 10, 0, 6, 447.60, 615837, 255, 32, 0
1410, 3, 133, 440, 13, 0, 62.65%, 10, 0, 6, 449.01, 618112, 255, 35, 0
1415, 3, 349, 440, 13, 0, 62.65%, 10, 0, 6, 447.96, 620308, 255, 36, 0
1420, 3, 415, 440, 12, 0, 62.65%, 10, 0, 6, 442.07, 622508, 255, 36, 0
1425, 4, 440, 443, 14, 1, 62.90%, 10, 0, 6, 451.79, 624796, 256, 36, 0
1430, 4, 53, 443, 13, 0, 62.90%, 10, 0, 6, 438.82, 627047, 256, 36, 0
1435, 4, 440, 443, 13, 0, 62.90%, 10, 0, 6, 432.31, 629224, 256, 36, 0
1440, 4, 409, 443, 12, 0, 62.90%, 10, 0, 6, 420.02, 631350, 256, 36, 0
1445, 4, 133, 443, 11, 0, 62.90%, 10, 0, 6, 430.82, 633569, 256, 36, 0
1450, 4, 440, 443, 10, 0, 62.90%, 11, 0, 6, 455.77, 635910, 256, 38, 0
1455, 4, 240, 443, 10, 0, 62.90%, 11, 0, 6, 441.45, 638095, 256, 38, 0
1460, 4, 329, 443, 10, 0, 62.90%, 11, 0, 6, 441.79, 640349, 256, 38, 0
1465, 4, 442, 443, 10, 0, 62.90%, 11, 0, 6, 435.88, 642541, 256, 38, 0
1470, 4, 281, 443, 8, 0, 62.90%, 11, 0, 6, 441.03, 644768, 256, 38, 0
1475, 4, 248, 443, 8, 0, 62.90%, 11, 0, 6, 460.41, 647116, 256, 38, 0
1481, 4, 392, 443, 8, 0, 62.90%, 11, 0, 6, 452.04, 649356, 256, 38, 0
1486, 4, 379, 443, 7, 0, 62.90%, 11, 0, 6, 466.33, 651716, 256, 38, 0
1491, 4, 53, 443, 7, 0, 62.90%, 11, 0, 6, 432.29, 653879, 256, 39, 0
1496, 4, 253, 443, 7, 0, 62.90%, 11, 0, 6, 412.60, 655942, 256, 39, 0
1501, 4, 412, 443, 7, 0, 62.90%, 11, 0, 6, 447.49, 658266, 256, 39, 0
1506, 4, 250, 443, 5, 0, 62.90%, 11, 0, 6, 450.56, 660540, 256, 39, 0
1511, 4, 411, 443, 4, 0, 62.90%, 11, 0, 6, 444.74, 662784, 256, 39, 0
1516, 4, 312, 443, 3, 0, 62.90%, 11, 0, 6, 484.70, 665180, 256, 39, 0
1521, 4, 53, 443, 3, 0, 62.90%, 11, 0, 6, 443.77, 667380, 256, 39, 0
1526, 4, 395, 443, 3, 0, 62.90%, 11, 0, 6, 433.27, 669557, 256, 42, 0
1531, 4, 156, 443, 2, 0, 62.90%, 11, 0, 6, 440.59, 671865, 256, 45, 0
1536, 4, 375, 443, 2, 0, 62.90%, 11, 0, 6, 428.43, 674043, 256, 47, 0
1541, 4, 393, 443, 2, 0, 62.90%, 11, 0, 6, 444.06, 676326, 256, 49, 0
1546, 4, 294, 443, 1, 0, 62.90%, 11, 0, 6, 459.86, 678672, 256, 49, 0
1551, 4, 327, 443, 1, 0, 62.90%, 11, 0, 6, 454.70, 680967, 256, 50, 0
1556, 4, 349, 443, 1, 0, 62.90%, 11, 0, 6, 430.55, 683148, 256, 50, 0
1561, 4, 15, 443, 1, 0, 62.90%, 11, 0, 6, 448.77, 685418, 256, 50, 0
1566, 4, 364, 443, 1, 0, 62.90%, 11, 0, 6, 434.16, 687568, 256, 50, 0
1572, 4, 317, 443, 1, 0, 62.90%, 11, 0, 6, 436.99, 689847, 256, 51, 0
1577, 4, 248, 444, 2, 0, 62.90%, 11, 0, 6, 434.85, 692003, 256, 51, 0
1582, 4, 317, 444, 2, 0, 62.90%, 11, 0, 6, 437.83, 694200, 256, 51, 0
1587, 5, 443, 445, 3, 0, 62.90%, 11, 0, 6, 426.06, 696383, 256, 53, 0
1592, 5, 440, 445, 2, 0, 62.90%, 11, 0, 6, 429.81, 698524, 256, 54, 0
1597, 5, 140, 445, 2, 0, 62.90%, 11, 0, 6, 447.91, 700854, 256, 54, 0
1602, 5, 156, 445, 2, 0, 62.90%, 11, 0, 6, 445.78, 703067, 256, 54, 0
1607, 5, 327, 445, 2, 0, 62.90%, 11, 0, 6, 443.58, 705283, 256, 54, 0
1612, 5, 34, 445, 2, 0, 62.90%, 11, 0, 6, 432.77, 707536, 256, 54, 0
1617, 5, 13, 445, 2, 0, 62.90%, 11, 0, 6, 437.47, 709806, 256, 54, 0
1622, 5, 400, 445, 2, 0, 62.90%, 11, 0, 6, 457.92, 712129, 256, 54, 0
1627, 5, 109, 445, 2, 0, 62.90%, 11, 0, 6, 448.55, 714412, 256, 56, 0
1632, 5, 144, 445, 2, 0, 62.90%, 11, 0, 6, 440.29, 716634, 256, 56, 0
1637, 5, 334, 445, 2, 0, 62.90%, 11, 0, 6, 450.10, 718945, 256, 56, 0
1643, 5, 156, 445, 2, 0, 62.90%, 11, 0, 6, 445.64, 721131, 256, 56, 0
1648, 5, 353, 445, 2, 0, 62.90%, 11, 0, 6, 434.20, 723282, 256, 58, 0
1653, 5, 310, 445, 2, 0, 62.90%, 11, 0, 6, 484.83, 725662, 256, 58, 0
1658, 5, 253, 445, 2, 0, 62.90%, 11, 0, 6, 458.39, 727911, 256, 61, 0
1663, 5, 434, 445, 2, 0, 62.90%, 11, 0, 6, 449.82, 730198, 256, 67, 0
1668, 5, 349, 445, 2, 0, 62.90%, 11, 0, 6, 448.07, 732553, 256, 69, 0
1673, 5, 385, 445, 2, 0, 62.90%, 11, 0, 6, 463.22, 734880, 256, 70, 0
1678, 5, 53, 445, 2, 0, 62.90%, 11, 0, 6, 444.70, 737113, 256, 74, 0
1683, 5, 156, 445, 2, 0, 62.90%, 11, 0, 6, 460.23, 739475, 256, 75, 0
1688, 5, 444, 445, 2, 0, 62.90%, 11, 0, 6, 460.22, 741793, 256, 75, 0
1693, 5, 349, 445, 1, 0, 62.90%, 11, 0, 6, 449.57, 744071, 256, 75, 0
1698, 5, 364, 445, 1, 0, 62.90%, 11, 0, 6, 455.70, 746381, 256, 75, 0
1703, 5, 15, 445, 1, 0, 62.90%, 11, 0, 6, 450.73, 748691, 256, 75, 0
1708, 5, 353, 445, 1, 0, 62.90%, 11, 0, 6, 457.76, 750921, 256, 75, 0
1713, 5, 37, 445, 1, 0, 62.90%, 11, 0, 6, 443.39, 753148, 256, 75, 0
1718, 6, 53, 447, 3, 0, 62.90%, 11, 0, 6, 474.55, 755595, 256, 75, 0
1723, 6, 37, 447, 3, 0, 62.90%, 11, 0, 6, 466.91, 757903, 256, 75, 0
1729, 6, 292, 447, 3, 0, 62.90%, 11, 0, 6, 467.21, 760282, 256, 77, 0
1734, 6, 410, 447, 2, 0, 62.90%, 11, 0, 6, 448.72, 762581, 256, 80, 0
1739, 6, 446, 447, 1, 0, 62.90%, 11, 0, 6, 473.19, 765072, 256, 81, 0
1744, 6, 109, 447, 0, 0, 62.90%, 11, 0, 6, 480.81, 767493, 256, 81, 0
1749, 6, 204, 447, 0, 0, 62.90%, 11, 0, 6, 459.23, 769869, 256, 81, 0
1754, 6, 298, 447, 0, 0, 62.90%, 11, 0, 6, 473.51, 772214, 256, 81, 0
1759, 6, 257, 447, 0, 0, 62.90%, 11, 0, 6, 478.17, 774661, 256, 86, 0
1764, 6, 166, 447, 0, 0, 62.90%, 11, 0, 6, 476.52, 777051, 256, 90, 0
1769, 6, 265, 447, 0, 0, 62.90%, 11, 0, 6, 463.49, 779436, 256, 90, 0
1774, 6, 427, 447, 0, 0, 62.90%, 11, 0, 6, 444.83, 781684, 256, 90, 0
1779, 6, 427, 447, 0, 0, 62.90%, 11, 0, 6, 424.31, 783839, 256, 90, 0
1784, 6, 257, 447, 0, 0, 62.90%, 11, 0, 6, 450.16, 786167, 256, 95, 0
1790, 6, 133, 447, 0, 0, 62.90%, 11, 0, 6, 435.84, 788368, 256, 97, 0
1795, 6, 349, 447, 0, 0, 62.90%, 11, 0, 6, 461.15, 790718, 256, 102, 0
1800, 6, 156, 447, 0, 0, 62.90%, 11, 0, 6, 425.34, 792839, 256, 103, 0
1802, 6, 26, 447, 0, 0, 62.90%, 11, 0, 6, 403.88, 793849, 256, 103, 0
