# relative_time, cycles_done, cur_item, corpus_count, pending_total, pending_favs, map_size, saved_crashes, saved_hangs, max_depth, execs_per_sec, total_execs, edges_found, total_crashes, servers_count
61, 0, 9, 84, 79, 3, 30.96%, 0, 0, 2, 453.54, 26935, 126, 0, 0
66, 0, 9, 87, 82, 3, 31.94%, 0, 0, 2, 455.64, 29222, 130, 0, 0
71, 0, 9, 88, 83, 3, 31.94%, 0, 0, 2, 434.50, 31411, 130, 0, 0
76, 0, 9, 89, 84, 3, 31.94%, 0, 0, 2, 399.06, 33412, 130, 0, 0
81, 0, 9, 91, 86, 3, 31.94%, 0, 0, 2, 412.20, 35568, 130, 0, 0
86, 0, 9, 91, 86, 3, 31.94%, 0, 0, 2, 409.83, 37673, 130, 0, 0
91, 0, 9, 92, 87, 3, 31.94%, 0, 0, 2, 441.89, 40008, 130, 0, 0
96, 0, 9, 93, 88, 3, 31.94%, 0, 0, 2, 446.16, 42295, 130, 0, 0
101, 0, 9, 93, 88, 3, 31.94%, 0, 0, 2, 473.24, 44692, 130, 0, 0
106, 0, 9, 95, 90, 3, 31.94%, 0, 0, 2, 475.54, 47082, 130, 0, 0
111, 0, 9, 97, 92, 3, 31.94%, 0, 0, 2, 467.37, 49454, 130, 0, 0
117, 0, 9, 98, 93, 3, 31.94%, 0, 0, 2, 427.81, 51555, 130, 0, 0
122, 0, 9, 98, 93, 3, 31.94%, 0, 0, 2, 427.72, 53691, 130, 0, 0
127, 0, 10, 121, 113, 25, 34.40%, 0, 0, 3, 423.05, 55840, 140, 0, 0
132, 0, 106, 122, 111, 23, 34.40%, 0, 0, 3, 409.04, 57891, 140, 0, 0
137, 0, 106, 122, 111, 23, 34.40%, 0, 0, 3, 395.71, 59835, 140, 0, 0
142, 0, 106, 122, 111, 23, 34.40%, 0, 0, 3, 369.72, 61643, 140, 0, 0
147, 0, 98, 123, 106, 17, 34.40%, 0, 0, 3, 417.77, 63775, 140, 0, 0
152, 0, 0, 123, 103, 14, 34.40%, 0, 0, 3, 436.62, 65970, 140, 0, 0
157, 0, 123, 132, 111, 15, 43.24%, 0, 0, 3, 429.12, 68190, 176, 0, 0
162, 0, 124, 141, 118, 18, 43.73%, 0, 0, 3, 434.79, 70357, 178, 0, 0
167, 0, 80, 142, 117, 16, 43.73%, 0, 0, 3, 430.35, 72594, 178, 0, 0
172, 0, 80, 147, 122, 16, 43.73%, 0, 0, 3, 403.71, 74678, 178, 0, 0
178, 0, 80, 147, 122, 16, 43.73%, 0, 0, 3, 422.70, 76870, 178, 0, 0
183, 0, 80, 147, 122, 16, 43.73%, 0, 0, 3, 408.49, 78958, 178, 0, 0
188, 0, 80, 149, 124, 16, 43.73%, 0, 0, 3, 439.88, 81292, 178, 0, 0
193, 0, 80, 151, 126, 16, 43.73%, 0, 0, 3, 403.35, 83294, 178, 0, 0
198, 0, 80, 151, 126, 16, 43.73%, 0, 0, 3, 426.77, 85371, 178, 0, 0
203, 0, 80, 152, 127, 16, 43.73%, 0, 0, 3, 425.89, 87514, 178, 0, 0
208, 0, 80, 152, 127, 16, 43.73%, 0, 0, 3, 440.48, 89746, 178, 0, 0
213, 0, 80, 152, 127, 16, 43.73%, 0, 0, 3, 416.97, 91794, 178, 0, 0
218, 0, 80, 152, 127, 16, 43.73%, 0, 0, 3, 407.88, 93890, 178, 0, 0
223, 0, 80, 152, 127, 16, 43.73%, 0, 0, 3, 430.50, 96098, 178, 0, 0
229, 0, 80, 152, 127, 16, 43.73%, 0, 0, 3, 441.45, 98434, 178, 0, 0
234, 0, 80, 152, 127, 16, 43.73%, 0, 0, 3, 414.48, 100538, 178, 0, 0
239, 0, 130, 153, 127, 15, 43.73%, 0, 0, 4, 432.05, 102739, 178, 0, 0
244, 0, 70, 159, 131, 14, 43.73%, 0, 0, 4, 424.82, 104927, 178, 0, 0
249, 0, 70, 164, 136, 14, 43.73%, 0, 0, 4, 428.30, 107091, 178, 0, 0
254, 0, 70, 164, 136, 14, 43.73%, 0, 0, 4, 439.04, 109379, 178, 0, 0
259, 0, 70, 164, 136, 14, 43.73%, 0, 0, 4, 430.89, 111547, 178, 0, 0
264, 0, 70, 165, 137, 14, 43.73%, 0, 0, 4, 413.93, 113674, 178, 0, 0
269, 0, 70, 166, 138, 14, 43.73%, 0, 0, 4, 486.56, 116130, 178, 0, 0
274, 0, 128, 166, 137, 13, 43.73%, 0, 0, 4, 464.68, 118411, 178, 0, 0
280, 0, 100, 166, 133, 10, 43.73%, 0, 0, 4, 458.70, 120765, 178, 0, 0
285, 0, 151, 169, 135, 9, 43.73%, 0, 0, 4, 419.22, 122839, 178, 0, 0
290, 0, 169, 171, 134, 8, 44.47%, 0, 0, 4, 439.09, 125078, 181, 0, 0
295, 0, 169, 178, 141, 8, 44.47%, 0, 0, 4, 434.44, 127267, 181, 0, 0
300, 0, 169, 178, 141, 8, 44.47%, 0, 0, 4, 415.56, 129379, 181, 0, 0
305, 0, 169, 180, 143, 8, 44.47%, 0, 0, 4, 418.44, 131497, 181, 0, 0
310, 0, 169, 181, 144, 8, 44.47%, 0, 0, 4, 477.25, 134043, 181, 0, 0
315, 0, 169, 182, 145, 8, 44.47%, 0, 0, 4, 474.04, 136390, 181, 0, 0
320, 0, 51, 182, 143, 7, 44.47%, 0, 0, 4, 478.67, 138908, 181, 0, 0
326, 0, 143, 187, 145, 4, 44.47%, 0, 0, 4, 457.08, 141182, 181, 0, 0
331, 0, 140, 187, 144, 3, 44.47%, 0, 0, 4, 459.87, 143571, 181, 0, 0
336, 0, 187, 188, 141, 1, 44.96%, 0, 0, 4, 480.89, 146052, 183, 0, 0
341, 0, 181, 192, 143, 0, 44.96%, 0, 0, 5, 456.10, 148416, 183, 0, 0
346, 0, 181, 198, 149, 0, 44.96%, 0, 0, 5, 419.29, 150502, 183, 0, 0
351, 0, 181, 200, 151, 0, 44.96%, 0, 0, 5, 455.71, 152747, 183, 0, 0
356, 0, 181, 200, 151, 0, 44.96%, 0, 0, 5, 458.31, 155051, 183, 0, 0
361, 0, 181, 200, 151, 0, 44.96%, 0, 0, 5, 436.79, 157172, 183, 0, 0
366, 0, 181, 200, 151, 0, 44.96%, 0, 0, 5, 454.32, 159569, 183, 0, 0
371, 0, 143, 200, 149, 0, 44.96%, 0, 0, 5, 420.24, 161683, 183, 0, 0
376, 0, 125, 200, 147, 0, 44.96%, 0, 0, 5, 445.34, 163933, 183, 0, 0
382, 0, 30, 200, 145, 0, 44.96%, 0, 0, 5, 420.26, 166075, 183, 0, 0
387, 0, 175, 201, 143, 0, 44.96%, 0, 0, 5, 429.57, 168264, 183, 0, 0
392, 0, 196, 201, 140, 0, 44.96%, 0, 0, 5, 428.51, 170404, 183, 0, 0
397, 0, 103, 201, 136, 0, 44.96%, 0, 0, 5, 426.50, 172661, 183, 0, 0
402, 0, 118, 202, 131, 0, 44.96%, 0, 0, 5, 443.09, 174955, 183, 0, 0
407, 0, 202, 205, 133, 1, 44.96%, 0, 0, 5, 417.31, 177010, 183, 0, 0
412, 0, 152, 206, 132, 0, 44.96%, 0, 0, 5, 424.77, 179152, 183, 0, 0
417, 0, 205, 220, 146, 1, 45.21%, 0, 0, 6, 424.14, 181323, 184, 0, 0
422, 0, 205, 230, 156, 1, 45.21%, 0, 0, 6, 423.54, 183513, 184, 0, 0
428, 0, 205, 236, 162, 1, 45.21%, 0, 0, 6, 401.77, 185555, 184, 0, 0
433, 0, 205, 237, 163, 1, 45.45%, 0, 0, 6, 411.53, 187626, 185, 0, 0
438, 0, 205, 241, 167, 1, 45.45%, 0, 0, 6, 423.70, 189774, 185, 0, 0
443, 0, 205, 244, 170, 1, 45.45%, 0, 0, 6, 421.67, 191963, 185, 0, 0
448, 0, 244, 245, 170, 3, 45.45%, 0, 0, 6, 418.20, 194234, 185, 0, 0
453, 0, 244, 258, 183, 3, 45.45%, 0, 0, 7, 414.94, 196383, 185, 0, 0
458, 0, 244, 262, 187, 3, 45.45%, 0, 0, 7, 476.05, 198776, 185, 0, 0
463, 0, 244, 264, 189, 3, 45.45%, 0, 0, 7, 416.44, 200745, 185, 0, 0
468, 0, 244, 264, 189, 3, 45.45%, 0, 0, 7, 409.07, 202857, 185, 0, 0
473, 0, 244, 265, 190, 3, 45.70%, 0, 0, 7, 415.01, 204968, 186, 0, 0
479, 0, 244, 265, 190, 3, 45.70%, 0, 0, 7, 428.19, 207096, 186, 0, 0
484, 0, 236, 265, 186, 2, 45.70%, 0, 0, 7, 427.83, 209358, 186, 0, 0
489, 0, 236, 275, 196, 2, 45.70%, 0, 0, 7, 403.31, 211365, 186, 0, 0
494, 0, 214, 277, 197, 2, 45.70%, 0, 0, 7, 443.44, 213635, 186, 0, 0
499, 0, 268, 277, 196, 1, 45.70%, 0, 0, 7, 471.31, 215999, 186, 0, 0
504, 0, 257, 278, 195, 0, 45.70%, 0, 0, 8, 449.92, 218185, 186, 0, 0
509, 0, 124, 278, 193, 0, 45.70%, 0, 0, 8, 410.92, 220303, 186, 0, 0
514, 0, 268, 278, 190, 0, 45.70%, 0, 0, 8, 423.65, 222418, 186, 0, 0
519, 0, 66, 278, 188, 0, 45.70%, 0, 0, 8, 453.77, 224664, 186, 0, 0
524, 0, 225, 280, 187, 0, 45.70%, 0, 0, 8, 474.80, 227072, 186, 0, 0
530, 0, 225, 282, 189, 0, 45.70%, 0, 0, 8, 417.16, 229116, 186, 0, 0
535, 0, 277, 282, 187, 0, 45.70%, 0, 0, 8, 407.65, 231229, 186, 0, 0
540, 0, 247, 282, 186, 0, 45.70%, 0, 0, 8, 402.53, 233282, 186, 0, 0
545, 0, 131, 282, 184, 0, 45.70%, 0, 0, 8, 404.33, 235315, 186, 0, 0
550, 0, 102, 282, 181, 0, 45.70%, 0, 0, 8, 398.60, 237326, 186, 0, 0
555, 0, 175, 282, 179, 0, 45.70%, 0, 0, 8, 431.42, 239495, 186, 0, 0
560, 0, 265, 282, 179, 0, 45.70%, 0, 0, 8, 435.55, 241689, 186, 0, 0
565, 0, 263, 282, 178, 0, 45.70%, 0, 0, 8, 401.72, 243685, 186, 0, 0
570, 0, 162, 282, 175, 0, 45.70%, 0, 0, 8, 436.28, 245856, 186, 0, 0
575, 0, 232, 282, 173, 0, 45.70%, 0, 0, 8, 435.17, 248014, 186, 0, 0
580, 0, 282, 283, 172, 1, 45.95%, 0, 0, 8, 407.36, 250053, 187, 0, 0
585, 0, 122, 283, 169, 0, 45.95%, 0, 0, 8, 368.81, 251938, 187, 0, 0
591, 0, 280, 283, 168, 0, 45.95%, 0, 0, 8, 420.07, 254144, 187, 0, 0
596, 0, 138, 283, 166, 0, 45.95%, 0, 0, 8, 424.22, 256358, 187, 0, 0
601, 0, 153, 283, 163, 0, 45.95%, 0, 0, 8, 377.24, 258273, 187, 0, 0
606, 0, 34, 284, 163, 0, 45.95%, 0, 0, 8, 438.86, 260514, 187, 0, 0
611, 0, 249, 286, 163, 0, 45.95%, 0, 0, 8, 387.55, 262458, 187, 0, 0
616, 0, 38, 287, 162, 0, 45.95%, 0, 0, 8, 386.83, 264507, 187, 0, 0
621, 1, 246, 287, 160, 0, 45.95%, 0, 0, 8, 406.02, 266669, 187, 0, 0
627, 1, 231, 287, 158, 0, 45.95%, 0, 0, 8, 414.92, 268786, 187, 0, 0
632, 1, 272, 291, 161, 0, 45.95%, 0, 0, 8, 401.21, 270781, 187, 0, 0
637, 1, 272, 292, 162, 0, 45.95%, 0, 0, 8, 415.84, 272906, 187, 0, 0
642, 1, 272, 292, 162, 0, 45.95%, 0, 0, 8, 402.01, 274930, 187, 0, 0
647, 1, 272, 292, 162, 0, 45.95%, 0, 0, 8, 424.18, 277154, 187, 0, 0
652, 1, 272, 292, 162, 0, 45.95%, 0, 0, 8, 413.74, 279250, 187, 0, 0
657, 1, 272, 292, 162, 0, 45.95%, 0, 0, 8, 422.56, 281370, 187, 0, 0
662, 1, 292, 293, 162, 1, 46.19%, 0, 0, 8, 437.09, 283633, 188, 0, 0
667, 1, 292, 293, 162, 1, 46.19%, 0, 0, 8, 398.13, 285604, 188, 0, 0
672, 1, 283, 294, 162, 0, 46.19%, 0, 0, 9, 393.13, 287665, 188, 0, 0
678, 1, 244, 294, 158, 0, 46.19%, 0, 0, 9, 417.85, 289773, 188, 0, 0
683, 1, 210, 294, 156, 0, 46.19%, 0, 0, 9, 402.08, 291784, 188, 0, 0
688, 1, 242, 294, 152, 0, 46.19%, 0, 0, 9, 433.90, 294028, 188, 0, 0
693, 1, 239, 294, 150, 0, 46.19%, 0, 0, 9, 414.01, 296129, 188, 0, 0
698, 1, 168, 296, 150, 0, 46.19%, 0, 0, 9, 405.29, 298226, 188, 0, 0
703, 1, 230, 296, 148, 0, 46.19%, 0, 0, 9, 444.91, 300450, 188, 0, 0
708, 1, 278, 296, 144, 0, 46.19%, 0, 0, 9, 454.28, 302754, 188, 0, 0
713, 1, 224, 296, 143, 0, 46.19%, 0, 0, 9, 434.04, 304948, 188, 0, 0
718, 1, 115, 296, 140, 0, 46.19%, 0, 0, 9, 432.18, 307112, 188, 0, 0
723, 1, 212, 297, 137, 0, 46.19%, 0, 0, 9, 421.86, 309302, 188, 0, 0
729, 1, 284, 302, 141, 0, 46.44%, 0, 0, 9, 396.63, 311348, 189, 0, 0
734, 1, 284, 304, 143, 0, 46.44%, 0, 0, 9, 368.13, 313226, 189, 0, 0
739, 1, 284, 306, 145, 0, 46.44%, 0, 0, 9, 364.93, 315081, 189, 0, 0
744, 1, 284, 309, 148, 0, 46.44%, 0, 0, 9, 390.63, 317181, 189, 0, 0
749, 1, 284, 309, 148, 0, 46.44%, 0, 0, 9, 399.75, 319183, 189, 0, 0
754, 1, 284, 309, 148, 0, 46.44%, 0, 0, 9, 405.83, 321213, 189, 0, 0
759, 1, 284, 310, 149, 0, 46.44%, 0, 0, 9, 416.85, 323380, 189, 0, 0
764, 1, 297, 312, 149, 1, 46.44%, 0, 0, 9, 395.37, 325454, 189, 0, 0
769, 1, 104, 312, 147, 0, 46.44%, 0, 0, 9, 421.73, 327523, 189, 0, 0
775, 1, 233, 313, 144, 0, 46.68%, 0, 0, 9, 445.66, 329843, 190, 0, 0
780, 1, 313, 314, 143, 1, 46.93%, 0, 0, 9, 445.87, 332111, 191, 0, 0
785, 1, 261, 314, 141, 0, 46.93%, 0, 0, 9, 417.83, 334174, 191, 0, 0
790, 1, 100, 314, 137, 0, 46.93%, 0, 0, 9, 441.92, 336460, 191, 0, 0
795, 1, 243, 314, 134, 0, 46.93%, 0, 0, 9, 422.83, 338657, 191, 0, 0
800, 1, 291, 314, 133, 0, 46.93%, 0, 0, 9, 457.85, 340939, 191, 0, 0
805, 1, 161, 314, 129, 0, 46.93%, 0, 0, 9, 455.26, 343199, 191, 0, 0
810, 1, 241, 314, 126, 0, 46.93%, 0, 0, 9, 447.35, 345490, 191, 0, 0
815, 1, 275, 315, 126, 0, 46.93%, 0, 0, 9, 439.03, 347834, 191, 0, 0
820, 1, 301, 315, 123, 0, 46.93%, 0, 0, 9, 439.81, 350044, 191, 0, 0
825, 1, 315, 316, 121, 1, 47.17%, 0, 0, 9, 417.37, 352120, 192, 0, 0
831, 1, 208, 316, 119, 0, 47.17%, 0, 0, 9, 435.49, 354326, 192, 0, 0
836, 1, 248, 316, 115, 0, 47.17%, 0, 0, 9, 448.97, 356607, 192, 0, 0
841, 1, 217, 316, 113, 0, 47.17%, 0, 0, 9, 419.70, 358738, 192, 0, 0
846, 1, 279, 316, 112, 0, 47.17%, 0, 0, 9, 461.38, 361058, 192, 0, 0
851, 1, 202, 316, 108, 0, 47.17%, 0, 0, 9, 435.42, 363240, 192, 0, 0
856, 1, 206, 317, 108, 0, 47.17%, 0, 0, 9, 442.54, 365528, 192, 0, 0
861, 1, 269, 317, 107, 0, 47.17%, 0, 0, 9, 405.56, 367544, 192, 0, 0
866, 1, 175, 317, 104, 0, 47.17%, 0, 0, 9, 395.19, 369540, 192, 0, 0
871, 1, 266, 317, 103, 0, 47.17%, 0, 0, 9, 431.92, 371702, 192, 0, 0
876, 1, 253, 317, 101, 0, 47.17%, 0, 0, 9, 482.34, 374234, 192, 0, 0
881, 1, 315, 317, 98, 0, 47.17%, 0, 0, 9, 440.24, 376402, 192, 0, 0
887, 1, 299, 318, 96, 0, 47.17%, 0, 0, 9, 459.77, 378759, 192, 0, 0
892, 1, 256, 320, 97, 0, 47.17%, 0, 0, 9, 417.40, 380851, 192, 0, 0
897, 1, 290, 321, 95, 0, 47.17%, 0, 0, 9, 427.60, 383038, 192, 0, 0
902, 1, 281, 321, 94, 0, 47.17%, 0, 0, 9, 424.94, 385202, 192, 0, 0
902, 1, 281, 321, 94, 0, 47.17%, 0, 0, 9, 429.51, 385461, 192, 0, 0
