# relative_time, cycles_done, cur_item, corpus_count, pending_total, pending_favs, map_size, saved_crashes, saved_hangs, max_depth, execs_per_sec, total_execs, edges_found, total_crashes, servers_count
61, 0, 0, 24, 19, 3, 26.54%, 0, 0, 2, 425.47, 27438, 108, 0, 0
66, 0, 0, 26, 21, 3, 27.27%, 0, 0, 2, 459.78, 29792, 111, 0, 0
71, 0, 0, 26, 21, 3, 27.27%, 0, 0, 2, 448.87, 32060, 111, 0, 0
76, 0, 0, 26, 21, 3, 27.27%, 0, 0, 2, 419.68, 34196, 111, 0, 0
81, 0, 0, 26, 21, 3, 27.27%, 0, 0, 2, 429.74, 36412, 111, 0, 0
86, 0, 0, 27, 22, 3, 27.27%, 0, 0, 2, 408.36, 38491, 111, 0, 0
91, 0, 8, 115, 109, 31, 42.26%, 0, 0, 2, 408.65, 40571, 172, 0, 0
96, 0, 8, 119, 113, 31, 42.26%, 0, 0, 2, 399.48, 42558, 172, 0, 0
101, 0, 8, 119, 113, 31, 42.26%, 0, 0, 2, 387.68, 44542, 172, 0, 0
106, 0, 8, 119, 113, 31, 42.26%, 0, 0, 2, 385.35, 46474, 172, 0, 0
112, 0, 18, 119, 105, 24, 42.26%, 0, 0, 2, 423.88, 48653, 172, 0, 0
117, 0, 19, 126, 111, 23, 43.00%, 0, 0, 3, 401.59, 50749, 175, 0, 0
122, 0, 19, 128, 113, 23, 43.00%, 0, 0, 3, 442.55, 53043, 175, 0, 0
127, 0, 19, 129, 114, 23, 43.00%, 0, 0, 3, 422.85, 55194, 175, 0, 0
132, 0, 25, 129, 110, 21, 43.00%, 0, 0, 3, 431.23, 57403, 175, 0, 0
137, 0, 41, 130, 106, 16, 43.00%, 0, 0, 3, 447.45, 59644, 175, 0, 0
142, 0, 62, 137, 110, 14, 43.00%, 0, 0, 3, 415.88, 61763, 175, 0, 0
147, 0, 95, 140, 110, 11, 43.00%, 0, 0, 3, 401.73, 63810, 175, 0, 0
152, 0, 95, 143, 113, 11, 43.00%, 0, 0, 3, 410.02, 65887, 175, 0, 0
158, 0, 95, 143, 113, 11, 43.00%, 0, 0, 3, 453.28, 68301, 175, 0, 0
163, 0, 95, 143, 113, 11, 43.00%, 0, 0, 3, 423.74, 70423, 175, 0, 0
168, 0, 95, 143, 113, 11, 43.00%, 0, 0, 3, 428.19, 72599, 175, 0, 0
173, 0, 95, 143, 113, 11, 43.00%, 0, 0, 3, 419.23, 74735, 175, 0, 0
178, 0, 95, 144, 114, 11, 43.00%, 0, 0, 3, 400.22, 76782, 175, 0, 0
183, 0, 95, 144, 114, 11, 43.00%, 0, 0, 3, 389.89, 78778, 175, 0, 0
188, 0, 95, 144, 114, 11, 43.00%, 0, 0, 3, 397.63, 80766, 175, 0, 0
193, 0, 95, 145, 115, 11, 43.00%, 0, 0, 3, 420.40, 82965, 175, 0, 0
198, 0, 95, 145, 115, 11, 43.00%, 0, 0, 3, 449.91, 85197, 175, 0, 0
203, 0, 95, 146, 116, 11, 43.00%, 0, 0, 3, 430.64, 87372, 175, 0, 0
208, 0, 95, 146, 116, 11, 43.00%, 0, 0, 3, 416.28, 89476, 175, 0, 0
213, 0, 95, 146, 116, 11, 43.00%, 0, 0, 3, 415.71, 91524, 175, 0, 0
219, 0, 97, 152, 121, 11, 43.00%, 0, 0, 3, 415.62, 93629, 175, 0, 0
224, 0, 97, 153, 122, 11, 43.00%, 0, 0, 3, 394.02, 95589, 175, 0, 0
229, 0, 97, 160, 129, 11, 43.00%, 0, 0, 3, 394.31, 97535, 175, 0, 0
234, 0, 97, 161, 130, 11, 43.00%, 0, 0, 3, 421.54, 99708, 175, 0, 0
239, 0, 97, 163, 132, 11, 43.00%, 0, 0, 3, 414.75, 101850, 175, 0, 0
244, 0, 97, 165, 134, 11, 43.00%, 0, 0, 3, 412.73, 103960, 175, 0, 0
249, 0, 97, 166, 135, 11, 43.00%, 0, 0, 3, 426.33, 106111, 175, 0, 0
254, 0, 97, 169, 138, 11, 43.00%, 0, 0, 3, 421.15, 108268, 175, 0, 0
259, 0, 97, 171, 140, 11, 43.24%, 0, 0, 3, 394.56, 110268, 176, 0, 0
264, 0, 97, 171, 140, 11, 43.24%, 0, 0, 3, 474.57, 112737, 176, 0, 0
269, 0, 97, 172, 141, 11, 43.24%, 0, 0, 3, 456.40, 114985, 176, 0, 0
274, 0, 97, 172, 141, 11, 43.24%, 0, 0, 3, 429.37, 117105, 176, 0, 0
279, 0, 97, 172, 141, 11, 43.24%, 0, 0, 3, 431.67, 119249, 176, 0, 0
285, 0, 97, 172, 141, 11, 43.24%, 0, 0, 3, 436.36, 121465, 176, 0, 0
290, 0, 97, 174, 143, 11, 43.24%, 0, 0, 3, 423.39, 123584, 176, 0, 0
295, 0, 97, 174, 143, 11, 43.24%, 0, 0, 3, 393.94, 125528, 176, 0, 0
300, 0, 97, 174, 143, 11, 43.24%, 0, 0, 3, 400.53, 127621, 176, 0, 0
305, 0, 97, 174, 143, 11, 43.24%, 0, 0, 3, 415.08, 129719, 176, 0, 0
310, 0, 97, 174, 143, 11, 43.24%, 0, 0, 3, 389.60, 131695, 176, 0, 0
315, 0, 97, 174, 143, 11, 43.24%, 0, 0, 3, 396.19, 133725, 176, 0, 0
320, 0, 97, 174, 143, 11, 43.24%, 0, 0, 3, 396.77, 135703, 176, 0, 0
325, 0, 97, 174, 143, 11, 43.24%, 0, 0, 3, 409.86, 137783, 176, 0, 0
330, 0, 97, 174, 143, 11, 43.24%, 0, 0, 3, 403.57, 139839, 176, 0, 0
335, 0, 97, 174, 143, 11, 43.24%, 0, 0, 3, 421.48, 141911, 176, 0, 0
340, 0, 97, 174, 143, 11, 43.24%, 0, 0, 3, 420.59, 144039, 176, 0, 0
346, 0, 137, 175, 137, 5, 43.24%, 0, 0, 4, 435.68, 146286, 176, 0, 0
351, 1, 7, 179, 135, 0, 43.49%, 0, 0, 4, 429.76, 148458, 177, 0, 0
356, 1, 181, 188, 140, 1, 47.42%, 0, 0, 4, 412.76, 150523, 193, 0, 0
361, 1, 182, 196, 147, 6, 47.42%, 1, 0, 4, 422.52, 152638, 193, 1, 0
366, 1, 185, 197, 145, 3, 47.42%, 1, 0, 4, 422.17, 154784, 193, 1, 0
371, 1, 197, 207, 151, 0, 48.40%, 1, 0, 4, 413.35, 156829, 197, 1, 0
376, 2, 209, 244, 184, 6, 48.89%, 1, 0, 4, 408.99, 158988, 199, 1, 0
381, 2, 221, 245, 180, 2, 48.89%, 1, 0, 4, 430.30, 161176, 199, 1, 0
386, 3, 167, 249, 175, 1, 49.14%, 1, 0, 4, 435.84, 163323, 200, 1, 0
391, 4, 28, 249, 170, 0, 49.14%, 1, 0, 4, 420.80, 165412, 200, 1, 0
396, 4, 110, 249, 156, 0, 49.14%, 1, 0, 4, 430.67, 167597, 200, 1, 0
402, 4, 123, 253, 155, 0, 49.14%, 1, 0, 4, 403.90, 169664, 200, 1, 0
407, 4, 174, 255, 149, 0, 49.14%, 1, 0, 5, 414.11, 171733, 200, 1, 0
412, 4, 174, 258, 152, 0, 49.14%, 1, 0, 5, 423.48, 173922, 200, 1, 0
417, 4, 174, 258, 152, 0, 49.14%, 1, 0, 5, 418.64, 176018, 200, 1, 0
422, 4, 174, 261, 155, 0, 49.39%, 1, 0, 5, 418.33, 178079, 201, 1, 0
427, 4, 261, 262, 154, 1, 49.63%, 1, 0, 6, 399.68, 180114, 202, 1, 0
432, 4, 263, 264, 154, 0, 49.88%, 1, 0, 7, 409.60, 182213, 203, 1, 0
437, 6, 31, 267, 153, 0, 49.88%, 1, 0, 7, 435.15, 184362, 203, 1, 0
442, 6, 123, 267, 137, 0, 49.88%, 1, 0, 7, 421.16, 186549, 203, 1, 0
447, 6, 126, 288, 158, 0, 49.88%, 1, 0, 7, 397.71, 188484, 203, 1, 0
452, 6, 126, 289, 159, 0, 49.88%, 1, 0, 7, 448.06, 190763, 203, 1, 0
458, 6, 126, 290, 160, 0, 49.88%, 1, 0, 7, 410.80, 192834, 203, 1, 0
463, 6, 126, 290, 160, 0, 49.88%, 1, 0, 7, 418.97, 194938, 203, 1, 0
468, 6, 271, 295, 164, 1, 49.88%, 1, 0, 7, 422.22, 197021, 203, 1, 0
473, 6, 271, 295, 164, 1, 49.88%, 1, 0, 7, 385.57, 198908, 203, 1, 0
478, 6, 271, 295, 164, 1, 49.88%, 1, 0, 7, 406.05, 200981, 203, 1, 0
483, 6, 271, 295, 164, 1, 49.88%, 1, 0, 7, 399.96, 203038, 203, 1, 0
488, 6, 271, 295, 164, 1, 49.88%, 1, 0, 7, 406.57, 205093, 203, 1, 0
493, 6, 279, 295, 162, 0, 49.88%, 1, 0, 7, 402.08, 207120, 203, 1, 0
498, 6, 281, 295, 161, 0, 49.88%, 1, 0, 7, 424.13, 209245, 203, 1, 0
503, 6, 285, 295, 160, 0, 49.88%, 1, 0, 7, 389.68, 211168, 203, 1, 0
508, 6, 286, 296, 160, 0, 49.88%, 1, 0, 7, 399.21, 213274, 203, 1, 0
513, 6, 293, 296, 159, 0, 49.88%, 1, 0, 7, 401.12, 215293, 203, 1, 0
518, 7, 269, 305, 165, 4, 50.37%, 1, 0, 7, 395.52, 217252, 205, 1, 0
523, 7, 297, 305, 161, 3, 50.37%, 1, 0, 7, 398.72, 219289, 205, 1, 0
529, 7, 300, 307, 162, 2, 50.37%, 1, 0, 7, 414.59, 221468, 205, 1, 0
534, 7, 302, 309, 163, 2, 50.37%, 1, 0, 7, 384.36, 223468, 205, 1, 0
539, 7, 302, 309, 163, 2, 50.37%, 1, 0, 7, 406.06, 225498, 205, 1, 0
544, 8, 25, 312, 162, 0, 50.37%, 1, 0, 7, 420.01, 227614, 205, 1, 0
549, 8, 136, 312, 152, 0, 50.37%, 1, 0, 7, 412.23, 229691, 205, 1, 0
554, 8, 188, 312, 140, 0, 50.37%, 1, 0, 7, 410.33, 231803, 205, 1, 0
559, 8, 228, 312, 134, 0, 50.37%, 1, 0, 7, 393.07, 233817, 205, 1, 0
564, 8, 249, 314, 130, 0, 50.37%, 1, 0, 7, 414.49, 235951, 205, 1, 0
569, 8, 249, 315, 131, 0, 50.37%, 1, 0, 7, 422.21, 238118, 205, 1, 0
574, 8, 249, 316, 132, 0, 50.37%, 1, 0, 7, 440.81, 240333, 205, 1, 0
579, 8, 249, 317, 133, 0, 50.61%, 1, 0, 7, 401.63, 242356, 206, 1, 0
585, 8, 249, 317, 133, 0, 50.61%, 1, 0, 7, 398.08, 244436, 206, 1, 0
590, 8, 316, 317, 132, 1, 50.61%, 1, 0, 7, 398.14, 246489, 206, 1, 0
595, 9, 318, 321, 135, 1, 50.61%, 1, 0, 7, 408.97, 248498, 206, 1, 0
600, 10, 33, 322, 134, 0, 50.61%, 1, 0, 7, 401.93, 250585, 206, 1, 0
605, 11, 15, 323, 133, 0, 50.86%, 1, 0, 7, 422.01, 252727, 207, 1, 0
610, 11, 324, 325, 131, 0, 51.11%, 1, 0, 7, 408.69, 254743, 208, 1, 0
615, 12, 95, 326, 125, 0, 51.60%, 1, 0, 7, 424.32, 256978, 210, 1, 0
620, 12, 325, 328, 126, 1, 51.84%, 4, 0, 7, 394.37, 258952, 211, 9, 0
625, 12, 325, 328, 126, 1, 51.84%, 6, 0, 7, 399.15, 261060, 211, 30, 0
630, 12, 325, 328, 126, 1, 51.84%, 8, 0, 7, 432.53, 263332, 211, 54, 0
636, 12, 325, 330, 128, 1, 51.84%, 8, 0, 7, 404.73, 265362, 211, 79, 0
641, 12, 325, 331, 129, 1, 51.84%, 8, 0, 7, 384.29, 267324, 211, 97, 0
646, 12, 325, 331, 129, 1, 51.84%, 8, 0, 7, 399.41, 269417, 211, 118, 0
651, 12, 325, 331, 129, 1, 51.84%, 8, 0, 7, 405.33, 271425, 211, 142, 0
656, 12, 325, 331, 129, 1, 51.84%, 8, 0, 7, 439.84, 273657, 211, 171, 0
661, 12, 325, 331, 129, 1, 51.84%, 8, 0, 7, 432.73, 275849, 211, 198, 0
666, 12, 325, 331, 129, 1, 51.84%, 8, 0, 7, 406.07, 277913, 211, 218, 0
671, 12, 325, 331, 129, 1, 51.84%, 8, 0, 7, 404.26, 279977, 211, 233, 0
676, 12, 325, 332, 130, 1, 51.84%, 8, 0, 7, 398.11, 282008, 211, 253, 0
681, 12, 325, 332, 130, 1, 51.84%, 8, 0, 7, 396.63, 284064, 211, 271, 0
686, 12, 325, 332, 130, 1, 51.84%, 8, 0, 7, 424.22, 286216, 211, 290, 0
692, 13, 71, 340, 136, 2, 52.33%, 8, 0, 7, 417.06, 288321, 213, 299, 0
697, 13, 337, 340, 132, 1, 52.33%, 8, 0, 7, 414.59, 290363, 213, 299, 0
702, 14, 129, 342, 126, 0, 52.33%, 8, 0, 7, 422.81, 292582, 213, 300, 0
707, 14, 214, 342, 119, 0, 52.33%, 8, 0, 7, 419.63, 294689, 213, 301, 0
712, 14, 329, 343, 115, 1, 52.58%, 8, 0, 7, 426.24, 296929, 214, 301, 0
717, 14, 342, 347, 118, 1, 52.58%, 8, 0, 7, 417.73, 299005, 214, 304, 0
722, 15, 42, 348, 117, 0, 52.58%, 8, 0, 7, 429.96, 301236, 214, 304, 0
727, 15, 183, 348, 110, 0, 52.58%, 8, 0, 7, 437.63, 303420, 214, 306, 0
732, 15, 234, 348, 105, 0, 52.58%, 8, 0, 7, 428.79, 305548, 214, 306, 0
737, 15, 254, 348, 101, 0, 52.58%, 8, 0, 7, 419.80, 307746, 214, 306, 0
742, 15, 271, 348, 99, 0, 52.58%, 8, 0, 7, 392.37, 309736, 214, 306, 0
747, 15, 284, 348, 98, 0, 52.58%, 8, 0, 7, 379.04, 311651, 214, 306, 0
753, 15, 315, 348, 97, 0, 52.58%, 8, 0, 7, 423.46, 313852, 214, 306, 0
758, 15, 317, 349, 97, 0, 52.58%, 8, 0, 7, 420.14, 316011, 214, 306, 0
763, 15, 325, 349, 95, 0, 52.58%, 8, 0, 7, 418.33, 318035, 214, 317, 0
768, 15, 335, 349, 95, 0, 52.58%, 8, 0, 7, 401.17, 320111, 214, 331, 0
773, 15, 346, 350, 93, 0, 52.58%, 8, 0, 7, 427.32, 322242, 214, 331, 0
778, 16, 12, 352, 93, 0, 52.58%, 8, 0, 7, 457.25, 324653, 214, 331, 0
783, 16, 137, 352, 87, 0, 52.58%, 8, 0, 7, 423.40, 326768, 214, 332, 0
788, 16, 221, 352, 83, 0, 52.58%, 8, 0, 7, 407.93, 328843, 214, 333, 0
793, 16, 251, 353, 83, 0, 52.58%, 8, 0, 7, 450.81, 331166, 214, 333, 0
798, 16, 278, 353, 82, 0, 52.58%, 8, 0, 7, 441.58, 333352, 214, 333, 0
804, 16, 305, 353, 80, 0, 52.58%, 8, 0, 7, 436.12, 335630, 214, 333, 0
809, 16, 321, 353, 78, 0, 52.58%, 8, 0, 7, 396.14, 337629, 214, 333, 0
814, 16, 325, 354, 78, 0, 52.58%, 8, 0, 7, 398.46, 339645, 214, 349, 0
819, 16, 337, 354, 77, 0, 52.58%, 8, 0, 7, 414.26, 341693, 214, 355, 0
824, 16, 350, 356, 77, 0, 52.58%, 8, 0, 7, 434.65, 343939, 214, 355, 0
829, 16, 350, 356, 77, 0, 52.58%, 8, 0, 7, 385.23, 345875, 214, 355, 0
834, 17, 33, 357, 76, 0, 52.58%, 8, 0, 7, 395.48, 347875, 214, 369, 0
839, 17, 207, 357, 73, 0, 52.58%, 8, 0, 7, 422.67, 350018, 214, 369, 0
844, 17, 255, 357, 69, 0, 52.58%, 8, 0, 7, 431.52, 352221, 214, 369, 0
849, 17, 262, 357, 67, 0, 52.58%, 8, 0, 7, 416.03, 354313, 214, 369, 0
854, 17, 289, 357, 65, 0, 52.58%, 8, 0, 7, 413.70, 356447, 214, 369, 0
859, 17, 304, 357, 62, 0, 52.58%, 8, 0, 7, 426.69, 358566, 214, 369, 0
864, 17, 320, 357, 60, 0, 52.58%, 8, 0, 7, 414.37, 360628, 214, 369, 0
869, 17, 338, 358, 59, 0, 52.58%, 8, 0, 7, 414.60, 362792, 214, 388, 0
874, 17, 351, 359, 60, 0, 52.83%, 8, 0, 7, 407.17, 364875, 215, 388, 0
879, 18, 33, 359, 58, 0, 52.83%, 8, 0, 7, 423.73, 367003, 215, 388, 0
884, 18, 183, 359, 50, 0, 52.83%, 8, 0, 7, 444.82, 369219, 215, 391, 0
890, 18, 264, 359, 50, 0, 52.83%, 8, 0, 7, 420.68, 371317, 215, 391, 0
895, 18, 295, 359, 48, 0, 52.83%, 8, 0, 7, 429.43, 373525, 215, 391, 0
900, 18, 312, 359, 47, 0, 52.83%, 8, 0, 7, 432.61, 375753, 215, 391, 0
905, 18, 341, 359, 44, 0, 52.83%, 8, 0, 7, 419.59, 377952, 215, 396, 0
906, 18, 348, 359, 43, 0, 52.83%, 8, 0, 7, 413.82, 378523, 215, 396, 0
