# relative_time, cycles_done, cur_item, corpus_count, pending_total, pending_favs, map_size, saved_crashes, saved_hangs, max_depth, execs_per_sec, total_execs, edges_found, total_crashes, servers_count
61, 0, 0, 23, 18, 4, 20.64%, 0, 0, 2, 339.92, 22301, 84, 0, 0
66, 0, 0, 23, 18, 4, 20.64%, 0, 0, 2, 345.67, 24059, 84, 0, 0
71, 0, 0, 23, 18, 4, 20.64%, 0, 0, 2, 344.95, 25829, 84, 0, 0
76, 0, 0, 23, 18, 4, 20.64%, 0, 0, 2, 346.04, 27634, 84, 0, 0
82, 0, 0, 23, 18, 4, 20.64%, 0, 0, 2, 312.46, 29267, 84, 0, 0
87, 0, 0, 23, 18, 4, 20.64%, 0, 0, 2, 321.45, 30899, 84, 0, 0
92, 0, 0, 23, 18, 4, 20.64%, 0, 0, 2, 266.13, 32208, 84, 0, 0
97, 0, 0, 24, 19, 4, 20.64%, 0, 0, 2, 341.81, 33960, 84, 0, 0
102, 0, 0, 24, 19, 4, 20.64%, 0, 0, 2, 413.64, 36038, 84, 0, 0
107, 0, 0, 24, 19, 4, 20.64%, 0, 0, 2, 414.69, 38150, 84, 0, 0
112, 0, 3, 97, 91, 3, 34.64%, 0, 0, 2, 425.22, 40240, 141, 0, 0
117, 0, 8, 127, 119, 29, 37.35%, 0, 0, 2, 419.74, 42334, 152, 0, 0
122, 0, 8, 127, 119, 29, 37.35%, 0, 0, 2, 400.14, 44318, 152, 0, 0
127, 0, 8, 127, 119, 29, 37.35%, 0, 0, 2, 369.63, 46169, 152, 0, 0
132, 0, 8, 131, 123, 29, 37.35%, 0, 0, 2, 372.87, 48045, 152, 0, 0
137, 0, 19, 136, 119, 21, 43.98%, 0, 0, 3, 411.80, 50119, 179, 0, 0
142, 0, 26, 141, 121, 21, 44.47%, 0, 0, 3, 415.55, 52223, 181, 0, 0
147, 0, 31, 146, 125, 20, 44.47%, 0, 0, 3, 426.00, 54324, 181, 0, 0
153, 0, 31, 148, 127, 20, 44.47%, 0, 0, 3, 380.25, 56199, 181, 0, 0
158, 0, 31, 149, 128, 20, 44.47%, 0, 0, 3, 390.15, 58222, 181, 0, 0
163, 0, 32, 151, 129, 19, 44.47%, 0, 0, 3, 395.63, 60195, 181, 0, 0
168, 0, 38, 156, 131, 16, 44.47%, 0, 0, 3, 405.06, 62289, 181, 0, 0
173, 0, 87, 156, 126, 13, 44.47%, 0, 0, 3, 413.39, 64317, 181, 0, 0
178, 0, 111, 159, 126, 10, 44.47%, 0, 0, 3, 414.12, 66423, 181, 0, 0
183, 0, 111, 163, 130, 10, 44.47%, 0, 0, 3, 431.54, 68635, 181, 0, 0
188, 0, 111, 164, 131, 10, 44.47%, 0, 0, 3, 439.11, 70866, 181, 0, 0
193, 0, 111, 164, 131, 10, 44.47%, 0, 0, 3, 450.83, 73231, 181, 0, 0
198, 0, 111, 165, 132, 10, 44.47%, 0, 0, 3, 454.01, 75461, 181, 0, 0
203, 0, 121, 170, 133, 9, 45.21%, 1, 0, 3, 432.89, 77584, 184, 1, 0
208, 0, 132, 203, 164, 8, 45.95%, 1, 0, 4, 427.15, 79749, 187, 1, 0
213, 0, 133, 211, 171, 10, 46.68%, 1, 0, 4, 432.63, 81981, 190, 1, 0
219, 0, 169, 215, 170, 8, 46.68%, 1, 0, 4, 432.31, 84152, 190, 1, 0
224, 0, 169, 216, 171, 8, 46.68%, 1, 0, 4, 438.10, 86335, 190, 1, 0
229, 0, 169, 219, 174, 8, 46.68%, 1, 0, 4, 416.26, 88404, 190, 1, 0
234, 0, 169, 220, 175, 8, 46.68%, 1, 0, 4, 410.38, 90443, 190, 1, 0
239, 0, 183, 223, 176, 8, 47.67%, 1, 0, 5, 425.16, 92642, 194, 1, 0
244, 0, 187, 223, 175, 8, 47.67%, 1, 0, 5, 394.62, 94630, 194, 1, 0
249, 0, 203, 223, 173, 6, 47.67%, 1, 0, 5, 407.95, 96692, 194, 1, 0
254, 0, 209, 224, 173, 5, 47.91%, 1, 0, 5, 410.68, 98759, 195, 1, 0
259, 0, 220, 238, 184, 3, 48.65%, 1, 0, 5, 395.17, 100753, 198, 1, 0
264, 0, 220, 244, 190, 3, 48.89%, 1, 0, 5, 410.51, 102798, 199, 1, 0
269, 0, 220, 246, 192, 3, 48.89%, 1, 0, 5, 392.88, 104749, 199, 1, 0
274, 0, 220, 248, 194, 3, 48.89%, 1, 0, 5, 404.31, 106794, 199, 1, 0
279, 0, 220, 250, 196, 3, 48.89%, 1, 0, 5, 436.87, 109104, 199, 1, 0
285, 0, 220, 251, 197, 3, 48.89%, 1, 0, 5, 439.12, 111279, 199, 1, 0
290, 0, 220, 252, 198, 3, 48.89%, 1, 0, 5, 421.38, 113350, 199, 1, 0
295, 0, 220, 252, 198, 3, 48.89%, 1, 0, 5, 433.60, 115582, 199, 1, 0
300, 0, 220, 253, 199, 3, 48.89%, 1, 0, 5, 398.72, 117566, 199, 1, 0
305, 0, 220, 254, 200, 3, 48.89%, 1, 0, 5, 428.25, 119820, 199, 1, 0
310, 0, 220, 254, 200, 3, 48.89%, 1, 0, 5, 405.62, 121924, 199, 1, 0
315, 0, 220, 255, 201, 3, 48.89%, 1, 0, 5, 424.45, 124091, 199, 1, 0
320, 0, 220, 255, 201, 3, 48.89%, 1, 0, 5, 401.84, 126099, 199, 1, 0
325, 0, 220, 255, 201, 3, 48.89%, 1, 0, 5, 434.62, 128323, 199, 1, 0
330, 0, 220, 255, 201, 3, 48.89%, 1, 0, 5, 425.77, 130459, 199, 1, 0
336, 0, 220, 255, 201, 3, 48.89%, 1, 0, 5, 375.15, 132280, 199, 1, 0
341, 0, 220, 255, 201, 3, 48.89%, 1, 0, 5, 424.62, 134539, 199, 1, 0
346, 0, 220, 255, 201, 3, 48.89%, 1, 0, 5, 416.78, 136659, 199, 1, 0
351, 0, 220, 255, 201, 3, 48.89%, 1, 0, 5, 411.71, 138657, 199, 1, 0
356, 0, 238, 255, 197, 2, 48.89%, 1, 0, 5, 435.75, 140815, 199, 1, 0
361, 1, 26, 255, 193, 0, 48.89%, 1, 0, 5, 422.16, 142914, 199, 1, 0
366, 1, 36, 256, 192, 0, 48.89%, 1, 0, 5, 388.25, 144919, 199, 1, 0
371, 1, 101, 257, 184, 0, 48.89%, 1, 0, 5, 426.58, 147046, 199, 1, 0
376, 1, 145, 258, 174, 0, 48.89%, 1, 0, 5, 431.61, 149176, 199, 1, 0
381, 1, 183, 258, 164, 0, 48.89%, 1, 0, 5, 405.33, 151248, 199, 1, 0
386, 1, 212, 259, 161, 0, 48.89%, 1, 0, 5, 429.06, 153455, 199, 1, 0
391, 1, 259, 260, 157, 1, 49.14%, 1, 0, 6, 413.28, 155640, 200, 1, 0
396, 2, 267, 297, 190, 4, 49.63%, 1, 0, 6, 408.82, 157745, 202, 1, 0
402, 2, 296, 298, 187, 0, 49.63%, 1, 0, 6, 402.71, 159887, 202, 1, 0
407, 3, 39, 298, 185, 0, 49.63%, 1, 0, 6, 418.26, 161981, 202, 1, 0
412, 3, 121, 298, 173, 0, 49.63%, 1, 0, 6, 430.02, 164165, 202, 1, 0
417, 3, 182, 299, 169, 0, 49.63%, 1, 0, 6, 424.23, 166349, 202, 1, 0
422, 3, 205, 299, 165, 0, 49.63%, 1, 0, 6, 414.43, 168439, 202, 1, 0
427, 3, 238, 299, 160, 0, 49.63%, 1, 0, 6, 406.56, 170453, 202, 1, 0
432, 3, 258, 299, 157, 0, 49.63%, 1, 0, 6, 396.87, 172437, 202, 1, 0
437, 3, 273, 299, 152, 0, 49.63%, 1, 0, 6, 395.19, 174457, 202, 1, 0
442, 3, 298, 299, 145, 0, 49.63%, 1, 0, 6, 410.71, 176518, 202, 1, 0
447, 4, 38, 300, 143, 0, 49.63%, 1, 0, 6, 416.62, 178630, 202, 1, 0
452, 4, 114, 300, 129, 0, 49.63%, 1, 0, 6, 424.70, 180786, 202, 1, 0
457, 4, 184, 300, 124, 0, 49.63%, 1, 0, 6, 406.13, 182838, 202, 1, 0
463, 4, 217, 300, 122, 0, 49.63%, 1, 0, 6, 442.91, 185152, 202, 1, 0
468, 4, 247, 300, 119, 0, 49.63%, 1, 0, 6, 415.43, 187224, 202, 1, 0
473, 4, 301, 303, 116, 0, 49.88%, 1, 0, 6, 406.17, 189246, 203, 1, 0
478, 5, 302, 305, 114, 3, 50.37%, 1, 0, 6, 401.09, 191337, 205, 1, 0
483, 5, 303, 305, 113, 2, 50.37%, 1, 0, 6, 400.37, 193400, 205, 1, 0
488, 6, 19, 305, 111, 0, 50.37%, 1, 0, 6, 401.46, 195413, 205, 1, 0
493, 6, 87, 305, 104, 0, 50.37%, 1, 0, 6, 434.27, 197659, 205, 1, 0
498, 6, 183, 305, 95, 0, 50.37%, 1, 0, 6, 419.28, 199805, 205, 1, 0
503, 6, 210, 305, 90, 0, 50.37%, 1, 0, 6, 424.12, 202065, 205, 1, 0
508, 6, 264, 305, 88, 0, 50.37%, 1, 0, 6, 409.22, 204152, 205, 1, 0
513, 7, 85, 307, 86, 2, 51.11%, 1, 0, 6, 394.60, 206116, 208, 1, 0
519, 8, 19, 308, 83, 0, 51.11%, 1, 0, 6, 424.28, 208326, 208, 1, 0
524, 8, 124, 308, 79, 0, 51.11%, 1, 0, 6, 448.93, 210632, 208, 1, 0
529, 8, 187, 308, 72, 0, 51.11%, 1, 0, 6, 414.67, 212675, 208, 1, 0
534, 8, 219, 308, 69, 0, 51.11%, 1, 0, 6, 401.36, 214775, 208, 1, 0
539, 8, 239, 309, 67, 0, 51.11%, 1, 0, 6, 407.49, 216820, 208, 1, 0
544, 8, 267, 309, 61, 0, 51.11%, 1, 0, 6, 416.12, 218939, 208, 1, 0
549, 9, 15, 309, 57, 0, 51.11%, 1, 0, 6, 400.52, 220980, 208, 1, 0
554, 9, 71, 309, 54, 0, 51.11%, 1, 0, 6, 406.49, 223111, 208, 1, 0
559, 9, 187, 309, 48, 0, 51.11%, 1, 0, 6, 423.55, 225282, 208, 1, 0
564, 9, 232, 309, 46, 0, 51.11%, 1, 0, 6, 426.52, 227400, 208, 1, 0
569, 9, 288, 309, 42, 0, 51.11%, 1, 0, 6, 424.51, 229570, 208, 1, 0
575, 10, 35, 309, 42, 0, 51.11%, 1, 0, 6, 414.04, 231686, 208, 1, 0
580, 10, 183, 309, 38, 0, 51.11%, 1, 0, 6, 401.78, 233739, 208, 1, 0
585, 10, 221, 309, 36, 0, 51.11%, 1, 0, 6, 400.53, 235799, 208, 1, 0
590, 10, 274, 309, 34, 0, 51.11%, 1, 0, 6, 394.73, 237802, 208, 1, 0
595, 10, 290, 314, 38, 0, 51.11%, 1, 0, 6, 410.59, 239930, 208, 1, 0
600, 10, 290, 314, 38, 0, 51.11%, 1, 0, 6, 426.21, 242074, 208, 1, 0
605, 10, 290, 314, 38, 0, 51.11%, 1, 0, 6, 425.53, 244170, 208, 1, 0
610, 10, 290, 315, 39, 0, 51.11%, 1, 0, 6, 428.46, 246329, 208, 1, 0
615, 10, 300, 315, 38, 0, 51.11%, 1, 0, 6, 427.94, 248514, 208, 1, 0
621, 10, 311, 316, 37, 0, 51.11%, 1, 0, 6, 404.41, 250567, 208, 1, 0
626, 11, 320, 321, 39, 1, 51.35%, 1, 0, 6, 428.65, 252710, 209, 1, 0
631, 12, 87, 321, 37, 0, 51.35%, 1, 0, 6, 447.08, 254971, 209, 1, 0
636, 12, 183, 321, 34, 0, 51.35%, 1, 0, 6, 433.49, 257094, 209, 1, 0
641, 12, 215, 321, 33, 0, 51.35%, 1, 0, 6, 406.57, 259114, 209, 1, 0
646, 12, 257, 321, 30, 0, 51.35%, 2, 0, 6, 417.60, 261234, 209, 2, 0
651, 12, 306, 322, 29, 0, 51.35%, 2, 0, 6, 386.01, 263115, 209, 2, 0
656, 12, 318, 322, 27, 0, 51.35%, 2, 0, 6, 419.86, 265300, 209, 2, 0
661, 13, 71, 322, 26, 0, 51.35%, 2, 0, 6, 404.59, 267370, 209, 2, 0
666, 13, 183, 323, 25, 0, 51.35%, 3, 0, 6, 409.76, 269441, 209, 3, 0
672, 13, 238, 323, 25, 0, 51.35%, 3, 0, 6, 403.77, 271411, 209, 3, 0
677, 13, 312, 324, 24, 1, 51.60%, 4, 0, 6, 406.75, 273503, 210, 4, 0
682, 14, 24, 324, 23, 0, 51.60%, 4, 0, 6, 401.23, 275502, 210, 4, 0
687, 14, 88, 324, 21, 0, 51.60%, 4, 0, 6, 419.41, 277619, 210, 4, 0
692, 14, 207, 324, 21, 0, 51.60%, 4, 0, 6, 428.21, 279800, 210, 4, 0
697, 14, 246, 324, 20, 0, 51.60%, 4, 0, 6, 399.82, 281864, 210, 4, 0
702, 14, 317, 324, 20, 0, 51.60%, 4, 0, 6, 407.49, 283915, 210, 4, 0
707, 14, 324, 325, 20, 1, 51.84%, 4, 0, 6, 401.88, 285993, 211, 4, 0
712, 15, 325, 328, 22, 1, 52.58%, 6, 0, 6, 423.77, 288161, 214, 6, 0
717, 15, 326, 328, 21, 1, 52.58%, 9, 0, 6, 409.86, 290218, 214, 16, 0
722, 16, 19, 329, 21, 0, 52.58%, 9, 0, 6, 384.62, 292114, 214, 22, 0
728, 16, 71, 329, 21, 0, 52.58%, 10, 0, 6, 386.91, 294137, 214, 23, 0
733, 16, 183, 329, 18, 0, 52.58%, 10, 0, 6, 407.43, 296221, 214, 23, 0
738, 16, 211, 329, 18, 0, 52.58%, 10, 0, 6, 420.47, 298355, 214, 23, 0
743, 16, 264, 329, 17, 0, 52.58%, 10, 0, 6, 415.31, 300514, 214, 24, 0
748, 16, 321, 330, 17, 0, 52.58%, 10, 0, 6, 422.13, 302624, 214, 24, 0
753, 16, 326, 330, 16, 0, 52.58%, 10, 0, 6, 414.90, 304792, 214, 30, 0
758, 17, 32, 330, 15, 0, 52.58%, 11, 0, 6, 406.84, 306843, 214, 38, 0
763, 17, 150, 330, 14, 0, 52.58%, 11, 0, 6, 399.54, 308892, 214, 38, 0
768, 17, 209, 330, 13, 0, 52.58%, 11, 0, 6, 416.56, 311017, 214, 38, 0
773, 17, 238, 330, 13, 0, 52.58%, 11, 0, 6, 422.11, 313171, 214, 38, 0
778, 17, 316, 331, 14, 0, 52.58%, 11, 0, 6, 403.34, 315260, 214, 38, 0
784, 17, 322, 331, 13, 0, 52.58%, 11, 0, 6, 429.87, 317476, 214, 38, 0
789, 17, 326, 331, 12, 0, 52.58%, 11, 0, 6, 449.40, 319796, 214, 48, 0
794, 18, 35, 332, 12, 0, 52.58%, 11, 0, 6, 434.38, 321961, 214, 51, 0
799, 18, 183, 332, 11, 0, 52.58%, 11, 0, 6, 408.73, 323985, 214, 52, 0
804, 18, 221, 332, 11, 0, 52.58%, 11, 0, 6, 421.27, 326115, 214, 52, 0
809, 18, 263, 332, 11, 0, 52.58%, 11, 0, 6, 416.19, 328176, 214, 52, 0
814, 18, 314, 334, 13, 0, 52.58%, 11, 0, 6, 420.01, 330270, 214, 52, 0
819, 19, 24, 334, 11, 0, 52.58%, 13, 0, 6, 414.24, 332354, 214, 61, 0
824, 19, 118, 334, 11, 0, 52.58%, 13, 0, 6, 430.48, 334543, 214, 62, 0
829, 19, 203, 334, 10, 0, 52.58%, 13, 0, 6, 418.88, 336643, 214, 62, 0
834, 19, 295, 334, 10, 0, 52.58%, 13, 0, 6, 427.18, 338891, 214, 62, 0
839, 19, 327, 334, 10, 0, 52.58%, 13, 0, 6, 402.29, 340928, 214, 68, 0
844, 20, 32, 334, 9, 0, 52.58%, 13, 0, 6, 428.25, 343080, 214, 74, 0
850, 20, 183, 334, 9, 0, 52.58%, 13, 0, 6, 417.54, 345219, 214, 74, 0
855, 20, 212, 334, 9, 0, 52.58%, 13, 0, 6, 388.20, 347105, 214, 74, 0
860, 20, 302, 334, 9, 0, 52.58%, 13, 0, 6, 385.25, 349111, 214, 74, 0
865, 21, 17, 334, 8, 0, 52.58%, 13, 0, 6, 390.05, 351121, 214, 77, 0
870, 21, 94, 334, 7, 0, 52.58%, 13, 0, 6, 420.23, 353219, 214, 77, 0
875, 21, 203, 334, 7, 0, 52.58%, 13, 0, 6, 417.23, 355266, 214, 77, 0
880, 21, 273, 334, 7, 0, 52.58%, 13, 0, 6, 388.00, 357178, 214, 77, 0
885, 21, 331, 334, 7, 0, 52.58%, 13, 0, 6, 397.37, 359223, 214, 80, 0
890, 22, 99, 334, 6, 0, 52.58%, 13, 0, 6, 432.06, 361447, 214, 80, 0
895, 22, 203, 334, 6, 0, 52.58%, 13, 0, 6, 415.44, 363493, 214, 80, 0
900, 22, 259, 334, 6, 0, 52.58%, 13, 0, 6, 422.35, 365684, 214, 80, 0
906, 22, 326, 335, 6, 0, 52.58%, 13, 0, 6, 453.16, 367993, 214, 81, 0
906, 23, 11, 336, 7, 0, 52.58%, 13, 0, 6, 456.46, 368269, 214, 82, 0
