# relative_time, cycles_done, cur_item, corpus_count, pending_total, pending_favs, map_size, saved_crashes, saved_hangs, max_depth, execs_per_sec, total_execs, edges_found, total_crashes, servers_count
60, 0, 0, 26, 21, 5, 21.62%, 0, 0, 2, 432.77, 28550, 88, 0, 0
65, 0, 0, 27, 22, 5, 21.62%, 0, 0, 2, 429.82, 30677, 88, 0, 0
70, 0, 0, 27, 22, 5, 21.62%, 0, 0, 2, 411.62, 32709, 88, 0, 0
75, 0, 0, 27, 22, 5, 21.62%, 0, 0, 2, 420.16, 34813, 88, 0, 0
80, 0, 0, 28, 23, 5, 21.62%, 0, 0, 2, 441.58, 37028, 88, 0, 0
86, 0, 0, 28, 23, 5, 21.62%, 0, 0, 2, 449.43, 39375, 88, 0, 0
91, 0, 0, 29, 24, 5, 21.62%, 0, 0, 2, 445.96, 41643, 88, 0, 0
96, 0, 0, 30, 25, 5, 21.62%, 0, 0, 2, 444.43, 43844, 88, 0, 0
101, 0, 0, 30, 25, 5, 21.62%, 0, 0, 2, 447.66, 46076, 88, 0, 0
106, 0, 0, 30, 25, 5, 21.62%, 0, 0, 2, 418.68, 48218, 88, 0, 0
111, 0, 0, 30, 25, 5, 21.62%, 0, 0, 2, 452.38, 50626, 88, 0, 0
116, 0, 3, 91, 85, 4, 50.37%, 0, 0, 2, 464.58, 52982, 205, 0, 0
121, 0, 8, 190, 183, 43, 53.56%, 0, 0, 2, 406.00, 55031, 218, 0, 0
126, 0, 8, 190, 183, 43, 53.56%, 0, 0, 2, 435.34, 57207, 218, 0, 0
131, 0, 8, 190, 183, 43, 53.56%, 0, 0, 2, 400.84, 59208, 218, 0, 0
137, 0, 12, 190, 180, 41, 53.56%, 0, 0, 2, 416.94, 61253, 218, 0, 0
142, 0, 14, 190, 178, 39, 53.56%, 0, 0, 2, 405.43, 63381, 218, 0, 0
147, 0, 19, 197, 181, 35, 53.56%, 0, 0, 3, 396.86, 65474, 218, 0, 0
152, 0, 24, 198, 178, 32, 54.30%, 0, 0, 3, 403.55, 67550, 221, 0, 0
157, 0, 48, 201, 173, 24, 54.30%, 0, 0, 3, 440.88, 69811, 221, 0, 0
162, 0, 67, 212, 180, 20, 54.30%, 0, 0, 3, 425.08, 71917, 221, 0, 0
167, 0, 94, 222, 187, 18, 54.30%, 0, 0, 3, 437.21, 74137, 221, 0, 0
172, 0, 94, 243, 208, 18, 54.79%, 0, 0, 3, 459.38, 76537, 223, 0, 0
177, 0, 94, 245, 210, 18, 54.79%, 0, 0, 3, 424.67, 78596, 223, 0, 0
182, 0, 94, 247, 212, 18, 54.79%, 1, 0, 3, 402.81, 80634, 223, 1, 0
187, 0, 94, 249, 214, 18, 54.79%, 1, 0, 3, 411.86, 82792, 223, 2, 0
193, 0, 94, 252, 217, 18, 54.79%, 1, 0, 3, 411.41, 84893, 223, 2, 0
198, 0, 94, 252, 217, 18, 54.79%, 1, 0, 3, 412.59, 86981, 223, 2, 0
203, 0, 94, 252, 217, 18, 54.79%, 1, 0, 3, 411.55, 89005, 223, 2, 0
208, 0, 94, 252, 217, 18, 54.79%, 1, 0, 3, 408.85, 91013, 223, 2, 0
213, 0, 94, 253, 218, 18, 54.79%, 1, 0, 3, 418.86, 93092, 223, 2, 0
218, 0, 94, 254, 219, 18, 54.79%, 1, 0, 3, 426.43, 95244, 223, 3, 0
223, 0, 94, 257, 222, 18, 55.28%, 1, 0, 3, 419.19, 97409, 225, 4, 0
228, 0, 94, 258, 223, 18, 55.28%, 1, 0, 3, 418.01, 99553, 225, 4, 0
233, 0, 94, 259, 224, 18, 55.28%, 1, 0, 3, 419.54, 101656, 225, 4, 0
238, 0, 94, 260, 225, 18, 55.28%, 2, 0, 3, 414.86, 103711, 225, 6, 0
243, 0, 94, 261, 226, 18, 55.28%, 2, 0, 3, 392.03, 105695, 225, 6, 0
248, 0, 94, 261, 226, 18, 55.28%, 2, 0, 3, 417.69, 107814, 225, 6, 0
254, 0, 94, 261, 226, 18, 55.28%, 2, 0, 3, 417.41, 109862, 225, 6, 0
259, 0, 94, 261, 226, 18, 55.28%, 2, 0, 3, 410.97, 111926, 225, 7, 0
264, 0, 94, 261, 226, 18, 55.28%, 2, 0, 3, 375.74, 113801, 225, 7, 0
269, 0, 94, 261, 226, 18, 55.28%, 2, 0, 3, 409.27, 115902, 225, 7, 0
274, 0, 94, 262, 227, 18, 55.53%, 2, 0, 3, 409.22, 117941, 226, 7, 0
279, 0, 94, 263, 228, 18, 55.53%, 2, 0, 3, 405.94, 119996, 226, 8, 0
284, 0, 94, 263, 228, 18, 55.53%, 2, 0, 3, 406.93, 122132, 226, 8, 0
289, 0, 94, 263, 228, 18, 55.53%, 2, 0, 3, 413.40, 124228, 226, 8, 0
294, 0, 109, 263, 227, 20, 55.53%, 2, 0, 3, 402.11, 126317, 226, 9, 0
299, 0, 130, 264, 227, 19, 55.53%, 2, 0, 3, 386.61, 128286, 226, 9, 0
304, 0, 147, 264, 223, 15, 55.53%, 2, 0, 3, 402.27, 130434, 226, 9, 0
309, 0, 175, 267, 223, 12, 55.53%, 2, 0, 3, 413.88, 132597, 226, 9, 0
314, 0, 178, 268, 223, 11, 55.53%, 2, 0, 3, 417.44, 134638, 226, 9, 0
320, 0, 181, 272, 226, 10, 55.53%, 2, 0, 3, 437.47, 136963, 226, 9, 0
325, 0, 182, 275, 228, 9, 55.53%, 2, 0, 3, 434.21, 139119, 226, 9, 0
330, 0, 196, 290, 241, 7, 55.53%, 2, 0, 4, 407.42, 141115, 226, 9, 0
335, 0, 254, 290, 236, 4, 55.53%, 2, 0, 4, 408.27, 143173, 226, 9, 0
340, 0, 287, 304, 246, 1, 55.77%, 2, 0, 5, 423.78, 145377, 227, 9, 0
345, 0, 287, 309, 251, 1, 56.02%, 2, 0, 5, 410.54, 147460, 228, 9, 0
350, 0, 287, 310, 252, 1, 56.02%, 2, 0, 5, 405.31, 149519, 228, 9, 0
355, 0, 287, 310, 252, 1, 56.02%, 2, 0, 5, 385.77, 151521, 228, 9, 0
360, 0, 287, 311, 253, 1, 56.02%, 2, 0, 5, 403.21, 153547, 228, 9, 0
365, 0, 301, 313, 254, 3, 56.02%, 2, 0, 6, 387.05, 155577, 228, 9, 0
370, 0, 309, 315, 254, 1, 56.02%, 2, 0, 6, 411.31, 157635, 228, 9, 0
376, 1, 48, 315, 249, 0, 56.02%, 2, 0, 6, 408.20, 159766, 228, 9, 0
381, 1, 105, 315, 236, 0, 56.02%, 2, 0, 6, 394.38, 161778, 228, 9, 0
386, 1, 147, 315, 223, 0, 56.02%, 2, 0, 6, 427.65, 164024, 228, 9, 0
391, 1, 162, 321, 227, 0, 56.02%, 2, 0, 6, 436.57, 166110, 228, 9, 0
396, 1, 162, 325, 231, 0, 56.02%, 2, 0, 6, 439.05, 168330, 228, 9, 0
401, 1, 162, 325, 231, 0, 56.02%, 2, 0, 6, 431.57, 170570, 228, 9, 0
406, 1, 162, 325, 231, 0, 56.02%, 2, 0, 6, 431.10, 172778, 228, 9, 0
411, 1, 162, 325, 231, 0, 56.02%, 2, 0, 6, 461.92, 175148, 228, 9, 0
416, 1, 253, 327, 232, 2, 56.02%, 2, 0, 6, 441.42, 177416, 228, 9, 0
422, 2, 236, 369, 269, 10, 57.49%, 2, 0, 6, 423.78, 179614, 234, 9, 0
427, 2, 362, 369, 260, 3, 57.49%, 2, 0, 6, 437.32, 181826, 234, 9, 0
432, 3, 24, 369, 255, 0, 57.49%, 2, 0, 6, 412.93, 183939, 234, 9, 0
437, 3, 93, 369, 247, 0, 57.49%, 2, 0, 6, 412.89, 186070, 234, 9, 0
442, 3, 181, 369, 231, 0, 57.49%, 2, 0, 6, 422.18, 188184, 234, 9, 0
447, 3, 218, 370, 224, 0, 57.49%, 2, 0, 6, 386.23, 190120, 234, 9, 0
452, 3, 255, 371, 215, 0, 57.49%, 2, 0, 6, 404.63, 192231, 234, 9, 0
457, 3, 303, 371, 201, 0, 57.49%, 2, 0, 6, 419.76, 194311, 234, 9, 0
462, 3, 327, 372, 199, 0, 57.49%, 2, 0, 6, 433.56, 196588, 234, 9, 0
467, 3, 351, 373, 194, 0, 57.49%, 2, 0, 6, 428.73, 198735, 234, 9, 0
472, 4, 19, 374, 188, 0, 57.49%, 2, 0, 6, 419.62, 200777, 234, 9, 0
477, 4, 76, 374, 183, 0, 57.49%, 2, 0, 6, 408.49, 202867, 234, 9, 0
482, 4, 159, 374, 172, 0, 57.49%, 2, 0, 6, 401.63, 204935, 234, 9, 0
488, 4, 224, 374, 169, 0, 57.49%, 2, 0, 6, 377.50, 206841, 234, 9, 0
493, 4, 309, 374, 160, 0, 57.49%, 2, 0, 6, 421.27, 209011, 234, 9, 0
498, 4, 336, 374, 155, 0, 57.49%, 2, 0, 6, 435.14, 211186, 234, 9, 0
503, 5, 16, 374, 148, 0, 57.49%, 2, 0, 6, 420.68, 213259, 234, 9, 0
508, 5, 67, 374, 143, 0, 57.49%, 2, 0, 6, 418.33, 215430, 234, 9, 0
513, 5, 178, 374, 139, 0, 57.49%, 2, 0, 6, 418.12, 217521, 234, 9, 0
518, 5, 225, 374, 132, 0, 57.49%, 2, 0, 6, 420.22, 219623, 234, 9, 0
523, 5, 312, 374, 127, 0, 57.49%, 2, 0, 6, 417.70, 221693, 234, 9, 0
528, 5, 363, 374, 124, 0, 57.49%, 2, 0, 6, 446.99, 223915, 234, 9, 0
533, 6, 60, 374, 120, 0, 57.49%, 2, 0, 6, 450.70, 226145, 234, 10, 0
538, 6, 182, 374, 111, 0, 57.49%, 2, 0, 6, 465.47, 228576, 234, 10, 0
543, 8, 16, 378, 113, 0, 57.74%, 2, 0, 6, 411.29, 230634, 235, 10, 0
548, 8, 75, 378, 110, 0, 57.74%, 2, 0, 6, 409.28, 232706, 235, 10, 0
553, 8, 147, 378, 106, 0, 57.74%, 2, 0, 6, 426.04, 234881, 235, 10, 0
558, 8, 224, 378, 101, 0, 57.74%, 2, 0, 6, 421.44, 237075, 235, 10, 0
563, 8, 309, 379, 94, 0, 57.74%, 2, 0, 6, 384.10, 238994, 235, 10, 0
569, 8, 342, 379, 91, 0, 57.74%, 2, 0, 6, 404.69, 241064, 235, 10, 0
574, 8, 376, 379, 84, 0, 57.74%, 2, 0, 6, 393.99, 243143, 235, 10, 0
579, 9, 61, 380, 84, 0, 57.74%, 2, 0, 6, 437.48, 245422, 235, 10, 0
584, 9, 160, 380, 81, 0, 57.74%, 2, 0, 6, 386.79, 247319, 235, 10, 0
589, 9, 215, 380, 73, 0, 57.74%, 2, 0, 6, 398.24, 249331, 235, 10, 0
594, 9, 309, 380, 68, 0, 57.74%, 2, 0, 6, 398.13, 251412, 235, 10, 0
599, 9, 353, 380, 66, 0, 57.74%, 2, 0, 6, 424.53, 253596, 235, 10, 0
604, 10, 22, 382, 66, 0, 57.99%, 2, 0, 6, 399.30, 255646, 236, 10, 0
609, 10, 90, 385, 67, 0, 57.99%, 2, 0, 6, 413.32, 257734, 236, 10, 0
614, 10, 187, 385, 62, 0, 57.99%, 3, 0, 6, 383.90, 259726, 236, 13, 0
619, 10, 235, 387, 63, 0, 57.99%, 3, 0, 6, 414.75, 261799, 236, 13, 0
624, 10, 387, 388, 57, 1, 58.23%, 3, 0, 6, 412.01, 263922, 237, 15, 0
630, 11, 41, 388, 55, 0, 58.23%, 3, 0, 6, 432.60, 266128, 237, 15, 0
635, 11, 169, 389, 55, 0, 58.23%, 3, 0, 6, 420.16, 268234, 237, 15, 0
640, 11, 281, 389, 50, 0, 58.23%, 3, 0, 6, 390.37, 270202, 237, 16, 0
645, 11, 330, 389, 47, 0, 58.23%, 3, 0, 6, 420.91, 272405, 237, 16, 0
650, 11, 387, 391, 49, 0, 58.23%, 3, 0, 6, 430.23, 274568, 237, 16, 0
655, 12, 48, 392, 49, 0, 58.23%, 3, 0, 6, 411.44, 276593, 237, 16, 0
660, 12, 152, 392, 47, 0, 58.23%, 3, 0, 6, 422.24, 278723, 237, 16, 0
665, 12, 219, 392, 44, 0, 58.23%, 4, 0, 6, 402.64, 280714, 237, 19, 0
670, 12, 309, 392, 40, 0, 58.23%, 4, 0, 6, 403.71, 282806, 237, 19, 0
675, 12, 392, 393, 39, 1, 58.48%, 4, 0, 6, 411.77, 284926, 238, 19, 0
680, 13, 54, 393, 38, 0, 58.48%, 4, 0, 6, 418.53, 287020, 238, 19, 0
686, 13, 182, 393, 36, 0, 58.48%, 4, 0, 6, 420.60, 289174, 238, 20, 0
691, 13, 284, 393, 34, 0, 58.48%, 4, 0, 6, 432.35, 291359, 238, 20, 0
696, 13, 322, 393, 31, 0, 58.48%, 4, 0, 6, 431.07, 293519, 238, 20, 0
701, 13, 384, 393, 29, 0, 58.48%, 4, 0, 6, 412.48, 295567, 238, 20, 0
706, 14, 36, 393, 27, 0, 58.48%, 4, 0, 6, 465.72, 298033, 238, 20, 0
711, 14, 178, 393, 26, 0, 58.48%, 4, 0, 6, 416.31, 300075, 238, 20, 0
716, 14, 277, 393, 25, 0, 58.48%, 4, 0, 6, 390.95, 302095, 238, 20, 0
721, 14, 313, 393, 23, 0, 58.48%, 4, 0, 6, 399.72, 304221, 238, 20, 0
726, 14, 371, 394, 24, 0, 58.48%, 4, 0, 7, 395.22, 306351, 238, 20, 0
731, 14, 387, 394, 21, 0, 58.48%, 4, 0, 7, 411.74, 308434, 238, 20, 0
736, 15, 48, 395, 22, 0, 58.48%, 4, 0, 7, 410.32, 310491, 238, 20, 0
742, 15, 181, 395, 21, 0, 58.48%, 4, 0, 7, 405.24, 312619, 238, 20, 0
747, 15, 309, 395, 19, 0, 58.48%, 4, 0, 7, 436.79, 314803, 238, 22, 0
752, 15, 393, 395, 19, 0, 58.48%, 4, 0, 7, 423.87, 316939, 238, 22, 0
757, 16, 41, 395, 17, 0, 58.48%, 4, 0, 7, 425.28, 319051, 238, 22, 0
762, 16, 197, 395, 16, 0, 58.48%, 4, 0, 7, 434.17, 321189, 238, 30, 0
767, 16, 301, 395, 13, 0, 58.48%, 4, 0, 7, 415.48, 323203, 238, 30, 0
772, 16, 363, 395, 13, 0, 58.48%, 4, 0, 7, 405.08, 325335, 238, 30, 0
777, 17, 19, 395, 11, 0, 58.48%, 4, 0, 7, 415.19, 327404, 238, 30, 0
782, 17, 143, 395, 9, 0, 58.48%, 4, 0, 7, 420.24, 329558, 238, 30, 0
787, 17, 254, 395, 9, 0, 58.48%, 5, 0, 7, 411.93, 331582, 238, 33, 0
792, 17, 318, 395, 8, 0, 58.48%, 5, 0, 7, 423.59, 333719, 238, 33, 0
797, 17, 392, 396, 7, 0, 58.48%, 5, 0, 7, 435.31, 335930, 238, 33, 0
802, 18, 397, 413, 24, 2, 60.69%, 5, 0, 7, 420.06, 338104, 247, 33, 0
807, 18, 397, 416, 27, 2, 60.69%, 5, 0, 7, 425.14, 340341, 247, 33, 0
812, 18, 397, 416, 27, 2, 60.69%, 5, 0, 7, 404.55, 342397, 247, 33, 0
817, 18, 397, 417, 28, 2, 60.69%, 5, 0, 7, 375.45, 344294, 247, 33, 0
822, 18, 397, 418, 29, 2, 60.69%, 5, 0, 7, 376.99, 346170, 247, 33, 0
828, 18, 397, 418, 29, 2, 60.69%, 5, 0, 7, 408.04, 348299, 247, 33, 0
833, 18, 397, 419, 30, 2, 60.69%, 5, 0, 7, 383.91, 350209, 247, 33, 0
838, 18, 397, 420, 31, 2, 60.69%, 5, 0, 7, 411.77, 352345, 247, 33, 0
843, 18, 397, 420, 31, 2, 60.69%, 5, 0, 7, 393.86, 354385, 247, 33, 0
848, 18, 397, 420, 31, 2, 60.69%, 5, 0, 7, 414.22, 356569, 247, 33, 0
853, 18, 397, 420, 31, 2, 60.69%, 5, 0, 7, 411.77, 358729, 247, 33, 0
858, 18, 397, 420, 31, 2, 60.69%, 5, 0, 7, 410.07, 360737, 247, 33, 0
863, 18, 397, 420, 31, 2, 60.69%, 5, 0, 7, 413.05, 362825, 247, 33, 0
868, 18, 397, 420, 31, 2, 60.69%, 5, 0, 7, 416.26, 365025, 247, 33, 0
873, 18, 397, 420, 31, 2, 60.69%, 5, 0, 7, 392.51, 366988, 247, 33, 0
879, 18, 397, 420, 31, 2, 60.69%, 5, 0, 7, 415.10, 369113, 247, 33, 0
884, 18, 397, 420, 31, 2, 60.69%, 5, 0, 7, 420.69, 371241, 247, 33, 0
889, 18, 397, 420, 31, 2, 60.69%, 5, 0, 7, 398.38, 373353, 247, 33, 0
894, 18, 397, 420, 31, 2, 60.69%, 5, 0, 7, 399.36, 375339, 247, 33, 0
899, 18, 402, 420, 27, 0, 60.69%, 5, 0, 7, 418.02, 377441, 247, 33, 0
904, 19, 254, 429, 32, 3, 61.43%, 5, 0, 7, 435.71, 379594, 250, 33, 0
906, 19, 422, 429, 32, 3, 61.43%, 5, 0, 7, 416.21, 380514, 250, 33, 0
