# relative_time, cycles_done, cur_item, corpus_count, pending_total, pending_favs, map_size, saved_crashes, saved_hangs, max_depth, execs_per_sec, total_execs, edges_found, total_crashes, servers_count
61, 0, 8, 60, 54, 23, 32.68%, 0, 0, 2, 417.11, 25865, 133, 0, 0
66, 0, 8, 61, 55, 23, 32.68%, 0, 0, 2, 404.75, 27904, 133, 0, 0
71, 0, 8, 61, 55, 23, 32.68%, 0, 0, 2, 372.81, 29793, 133, 0, 0
76, 0, 8, 61, 55, 23, 32.68%, 0, 0, 2, 399.65, 31837, 133, 0, 0
81, 0, 8, 61, 55, 23, 32.68%, 0, 0, 2, 378.97, 33741, 133, 0, 0
86, 0, 8, 61, 55, 23, 32.68%, 0, 0, 2, 390.04, 35688, 133, 0, 0
91, 0, 8, 61, 55, 23, 32.68%, 0, 0, 2, 388.08, 37613, 133, 0, 0
96, 0, 8, 61, 55, 23, 32.68%, 0, 0, 2, 343.92, 39475, 133, 0, 0
101, 0, 8, 61, 55, 23, 32.68%, 0, 0, 2, 371.55, 41372, 133, 0, 0
106, 0, 8, 61, 55, 23, 32.68%, 0, 0, 2, 384.42, 43339, 133, 0, 0
111, 0, 8, 61, 55, 23, 32.68%, 0, 0, 2, 392.27, 45299, 133, 0, 0
116, 0, 8, 61, 55, 23, 32.68%, 0, 0, 2, 381.89, 47224, 133, 0, 0
121, 0, 8, 61, 55, 23, 32.68%, 0, 0, 2, 395.00, 49212, 133, 0, 0
127, 0, 8, 61, 55, 23, 32.68%, 0, 0, 2, 365.37, 51081, 133, 0, 0
132, 0, 8, 61, 55, 23, 32.68%, 0, 0, 2, 384.62, 53048, 133, 0, 0
137, 0, 8, 61, 55, 23, 32.68%, 0, 0, 2, 380.41, 54994, 133, 0, 0
142, 0, 8, 61, 55, 23, 32.68%, 0, 0, 2, 396.02, 57017, 133, 0, 0
147, 0, 8, 61, 55, 23, 32.68%, 0, 0, 2, 404.61, 59058, 133, 0, 0
152, 0, 11, 61, 53, 21, 32.68%, 0, 0, 2, 366.57, 60801, 133, 0, 0
157, 0, 22, 71, 56, 14, 35.87%, 0, 0, 3, 395.08, 62879, 146, 0, 0
162, 0, 22, 75, 60, 14, 35.87%, 0, 0, 3, 370.13, 64747, 146, 0, 0
167, 0, 22, 76, 61, 14, 35.87%, 0, 0, 3, 417.00, 66908, 146, 0, 0
172, 0, 22, 76, 61, 14, 35.87%, 0, 0, 3, 443.52, 69108, 146, 0, 0
177, 0, 23, 79, 63, 19, 35.87%, 0, 0, 3, 433.89, 71361, 146, 0, 0
182, 0, 30, 81, 61, 14, 35.87%, 0, 0, 3, 450.10, 73662, 146, 0, 0
187, 0, 30, 97, 77, 14, 36.36%, 0, 0, 3, 427.45, 75789, 148, 0, 0
192, 0, 30, 101, 81, 14, 36.61%, 0, 0, 3, 425.88, 77970, 149, 0, 0
198, 0, 30, 103, 83, 14, 36.61%, 0, 0, 3, 411.41, 79962, 149, 0, 0
203, 0, 30, 106, 86, 14, 36.61%, 0, 0, 3, 425.07, 82111, 149, 0, 0
208, 0, 30, 106, 86, 14, 36.61%, 0, 0, 3, 424.29, 84279, 149, 0, 0
213, 0, 30, 107, 87, 14, 36.61%, 0, 0, 3, 419.88, 86406, 149, 0, 0
218, 0, 30, 108, 88, 14, 36.61%, 0, 0, 3, 411.71, 88437, 149, 0, 0
223, 0, 30, 108, 88, 14, 36.61%, 0, 0, 3, 411.23, 90597, 149, 0, 0
228, 0, 30, 108, 88, 14, 36.61%, 0, 0, 3, 446.69, 92957, 149, 0, 0
233, 0, 30, 110, 90, 14, 36.86%, 0, 0, 3, 444.64, 95147, 150, 0, 0
238, 0, 30, 112, 92, 14, 37.10%, 0, 0, 3, 409.75, 97178, 151, 0, 0
243, 0, 30, 113, 93, 14, 37.35%, 0, 0, 3, 421.75, 99369, 152, 0, 0
248, 0, 30, 114, 94, 14, 37.35%, 0, 0, 3, 436.34, 101560, 152, 0, 0
253, 0, 30, 114, 94, 14, 37.35%, 0, 0, 3, 439.75, 103808, 152, 0, 0
259, 0, 30, 114, 94, 14, 37.35%, 0, 0, 3, 450.10, 106153, 152, 0, 0
264, 0, 30, 117, 97, 14, 38.33%, 0, 0, 3, 419.43, 108293, 156, 0, 0
269, 0, 30, 118, 98, 14, 38.33%, 0, 0, 3, 407.24, 110356, 156, 0, 0
274, 0, 62, 119, 98, 16, 38.82%, 0, 0, 3, 415.20, 112474, 158, 0, 0
279, 0, 75, 122, 98, 13, 38.82%, 0, 0, 4, 395.55, 114479, 158, 0, 0
284, 0, 99, 128, 101, 11, 38.82%, 0, 0, 4, 402.03, 116475, 158, 0, 0
289, 0, 99, 136, 109, 11, 38.82%, 0, 0, 4, 400.20, 118403, 158, 0, 0
294, 0, 99, 136, 109, 11, 38.82%, 0, 0, 4, 428.92, 120579, 158, 0, 0
299, 0, 99, 141, 114, 11, 39.07%, 0, 0, 4, 423.41, 122750, 159, 0, 0
304, 0, 99, 144, 117, 11, 39.31%, 0, 0, 4, 438.75, 125011, 160, 0, 0
309, 0, 99, 145, 118, 11, 39.31%, 0, 0, 4, 425.54, 127187, 160, 0, 0
314, 0, 99, 147, 120, 11, 39.31%, 0, 0, 4, 463.46, 129618, 160, 0, 0
320, 0, 99, 149, 122, 11, 39.31%, 0, 0, 4, 450.57, 131799, 160, 0, 0
325, 0, 99, 150, 123, 11, 39.31%, 0, 0, 4, 443.83, 133982, 160, 0, 0
330, 0, 99, 152, 125, 11, 39.31%, 0, 0, 4, 438.46, 136244, 160, 0, 0
335, 0, 99, 155, 128, 11, 39.31%, 0, 0, 4, 433.76, 138449, 160, 0, 0
340, 0, 99, 155, 128, 11, 39.31%, 0, 0, 4, 455.17, 140801, 160, 0, 0
345, 0, 99, 156, 129, 11, 39.31%, 0, 0, 4, 441.30, 142992, 160, 0, 0
350, 0, 102, 156, 128, 12, 39.31%, 0, 0, 4, 450.63, 145259, 160, 0, 0
355, 0, 105, 163, 133, 10, 39.31%, 0, 0, 4, 418.50, 147274, 160, 0, 0
360, 0, 105, 166, 136, 10, 39.31%, 0, 0, 4, 416.36, 149384, 160, 0, 0
365, 0, 105, 166, 136, 10, 39.31%, 0, 0, 4, 409.34, 151449, 160, 0, 0
370, 0, 105, 166, 136, 10, 39.31%, 0, 0, 4, 428.70, 153649, 160, 0, 0
375, 0, 105, 166, 136, 10, 39.31%, 0, 0, 4, 433.46, 155817, 160, 0, 0
380, 0, 105, 166, 136, 10, 39.31%, 0, 0, 4, 447.80, 158089, 160, 0, 0
386, 0, 105, 167, 137, 10, 39.31%, 0, 0, 4, 428.86, 160272, 160, 0, 0
391, 0, 105, 167, 137, 10, 39.31%, 0, 0, 4, 427.59, 162464, 160, 0, 0
396, 0, 105, 167, 137, 10, 39.31%, 0, 0, 4, 440.38, 164688, 160, 0, 0
401, 0, 105, 169, 139, 10, 39.31%, 0, 0, 4, 421.20, 166790, 160, 0, 0
406, 0, 105, 170, 140, 10, 39.31%, 0, 0, 4, 418.84, 168973, 160, 0, 0
411, 0, 105, 172, 142, 10, 39.31%, 0, 0, 4, 443.12, 171227, 160, 0, 0
416, 0, 105, 172, 142, 10, 39.31%, 0, 0, 4, 411.91, 173131, 160, 0, 0
421, 0, 105, 173, 143, 10, 39.31%, 0, 0, 4, 423.57, 175282, 160, 0, 0
426, 0, 105, 173, 143, 10, 39.31%, 0, 0, 4, 394.18, 177332, 160, 0, 0
431, 0, 105, 173, 143, 10, 39.31%, 0, 0, 4, 430.23, 179482, 160, 0, 0
436, 0, 105, 173, 143, 10, 39.31%, 0, 0, 4, 413.93, 181626, 160, 0, 0
441, 0, 105, 173, 143, 10, 39.31%, 0, 0, 4, 432.19, 183842, 160, 0, 0
446, 0, 114, 174, 142, 7, 39.31%, 0, 0, 4, 412.84, 185927, 160, 0, 0
452, 0, 161, 176, 140, 5, 39.31%, 0, 0, 4, 422.52, 188086, 160, 0, 0
457, 0, 173, 183, 145, 3, 39.31%, 0, 0, 4, 422.20, 190209, 160, 0, 0
462, 0, 175, 187, 147, 2, 39.31%, 0, 0, 5, 398.93, 192253, 160, 0, 0
467, 0, 175, 187, 147, 2, 39.31%, 0, 0, 5, 433.75, 194461, 160, 0, 0
472, 0, 175, 189, 149, 2, 39.31%, 0, 0, 5, 451.87, 196691, 160, 0, 0
477, 0, 182, 192, 151, 2, 39.31%, 0, 0, 5, 430.60, 198800, 160, 0, 0
482, 0, 182, 193, 152, 2, 39.31%, 0, 0, 5, 424.11, 200959, 160, 0, 0
487, 0, 182, 195, 154, 2, 39.31%, 0, 0, 5, 428.43, 203157, 160, 0, 0
492, 0, 182, 196, 155, 2, 39.31%, 0, 0, 5, 404.76, 205172, 160, 0, 0
497, 0, 184, 196, 154, 2, 39.31%, 0, 0, 5, 445.77, 207524, 160, 0, 0
502, 1, 197, 240, 191, 0, 45.21%, 0, 0, 5, 415.80, 209597, 184, 0, 0
507, 2, 199, 327, 275, 16, 47.67%, 0, 0, 5, 420.63, 211751, 194, 0, 0
512, 2, 202, 327, 273, 14, 47.67%, 0, 0, 5, 430.11, 213899, 194, 0, 0
518, 2, 216, 329, 273, 12, 47.67%, 0, 0, 5, 401.10, 215995, 194, 0, 0
523, 2, 286, 329, 268, 7, 47.67%, 0, 0, 5, 426.45, 218199, 194, 0, 0
528, 2, 286, 329, 268, 7, 47.67%, 0, 0, 5, 419.52, 220311, 194, 0, 0
533, 2, 286, 329, 268, 7, 47.67%, 0, 0, 5, 394.99, 222290, 194, 0, 0
538, 2, 286, 329, 268, 7, 47.67%, 0, 0, 5, 411.93, 224439, 194, 0, 0
543, 2, 292, 329, 266, 6, 47.67%, 0, 0, 5, 383.96, 226422, 194, 0, 0
548, 2, 314, 329, 263, 3, 47.67%, 0, 0, 5, 424.99, 228567, 194, 0, 0
553, 3, 23, 331, 262, 0, 47.67%, 0, 0, 5, 420.41, 230679, 194, 0, 0
558, 3, 94, 331, 248, 0, 47.67%, 0, 0, 5, 407.96, 232789, 194, 0, 0
563, 3, 164, 331, 235, 0, 47.67%, 0, 0, 5, 414.51, 234919, 194, 0, 0
568, 3, 184, 331, 231, 0, 47.67%, 0, 0, 5, 445.42, 237241, 194, 0, 0
574, 3, 209, 331, 228, 0, 47.67%, 0, 0, 5, 412.80, 239327, 194, 0, 0
579, 3, 253, 331, 220, 0, 47.67%, 0, 0, 5, 395.76, 241240, 194, 0, 0
584, 3, 260, 334, 221, 0, 47.67%, 0, 0, 5, 425.40, 243407, 194, 0, 0
589, 3, 299, 335, 216, 0, 47.67%, 0, 0, 5, 435.79, 245623, 194, 0, 0
594, 3, 335, 336, 208, 1, 47.67%, 0, 0, 5, 450.31, 247950, 194, 0, 0
599, 4, 339, 343, 212, 2, 47.91%, 0, 0, 5, 408.13, 249989, 195, 0, 0
604, 5, 14, 343, 209, 0, 47.91%, 0, 0, 5, 414.60, 252084, 195, 0, 0
609, 5, 343, 346, 205, 1, 47.91%, 0, 0, 5, 397.38, 254173, 195, 0, 0
614, 5, 344, 347, 205, 1, 48.16%, 0, 0, 5, 459.03, 256564, 196, 0, 0
619, 5, 346, 347, 204, 1, 48.16%, 0, 0, 5, 437.95, 258775, 196, 0, 0
624, 5, 346, 347, 204, 1, 48.16%, 0, 0, 5, 401.00, 260770, 196, 0, 0
630, 6, 347, 352, 207, 3, 48.89%, 0, 0, 5, 399.59, 262798, 199, 0, 0
635, 6, 349, 355, 209, 2, 49.14%, 3, 0, 5, 378.07, 264759, 200, 5, 0
640, 6, 349, 355, 209, 2, 49.14%, 6, 0, 5, 433.46, 267024, 200, 29, 0
645, 6, 349, 355, 209, 2, 49.14%, 7, 0, 5, 392.55, 269088, 200, 43, 0
650, 6, 349, 355, 209, 2, 49.14%, 7, 0, 5, 409.51, 271160, 200, 58, 0
655, 6, 349, 355, 209, 2, 49.14%, 8, 0, 5, 410.58, 273240, 200, 69, 0
660, 6, 352, 355, 207, 1, 49.14%, 10, 0, 5, 390.57, 275288, 200, 86, 0
665, 7, 358, 360, 209, 2, 49.88%, 10, 0, 5, 411.64, 277395, 203, 92, 0
670, 8, 31, 362, 208, 0, 49.88%, 10, 0, 5, 415.37, 279402, 203, 92, 0
675, 8, 130, 363, 195, 0, 49.88%, 10, 0, 5, 391.34, 281350, 203, 93, 0
680, 8, 182, 363, 185, 0, 49.88%, 10, 0, 5, 404.63, 283356, 203, 94, 0
686, 8, 206, 364, 185, 0, 49.88%, 10, 0, 5, 434.77, 285630, 203, 94, 0
691, 8, 240, 364, 177, 0, 49.88%, 10, 0, 5, 385.27, 287611, 203, 94, 0
696, 8, 279, 365, 170, 0, 49.88%, 10, 0, 5, 404.16, 289596, 203, 94, 0
701, 8, 326, 365, 165, 0, 49.88%, 10, 0, 5, 406.18, 291596, 203, 94, 0
706, 8, 351, 366, 165, 0, 49.88%, 10, 0, 5, 420.29, 293751, 203, 98, 0
711, 8, 362, 366, 162, 0, 49.88%, 10, 0, 5, 435.96, 295839, 203, 104, 0
716, 9, 74, 367, 154, 0, 49.88%, 10, 0, 5, 424.25, 298007, 203, 104, 0
721, 9, 166, 367, 144, 0, 49.88%, 11, 0, 5, 427.76, 300125, 203, 106, 0
726, 9, 190, 367, 141, 0, 49.88%, 11, 0, 5, 417.13, 302213, 203, 106, 0
731, 9, 257, 367, 136, 0, 49.88%, 11, 0, 5, 383.73, 304236, 203, 107, 0
737, 9, 336, 367, 131, 0, 49.88%, 11, 0, 5, 406.99, 306331, 203, 107, 0
742, 9, 342, 367, 129, 0, 49.88%, 11, 0, 5, 422.66, 308511, 203, 107, 0
747, 9, 342, 369, 131, 0, 49.88%, 11, 0, 5, 450.26, 310853, 203, 107, 0
752, 9, 356, 369, 130, 0, 49.88%, 11, 0, 5, 434.74, 313053, 203, 113, 0
757, 10, 3, 373, 131, 0, 49.88%, 11, 0, 5, 399.75, 315093, 203, 113, 0
762, 10, 78, 373, 125, 0, 49.88%, 11, 0, 5, 416.85, 317234, 203, 113, 0
767, 10, 161, 373, 114, 0, 49.88%, 11, 0, 5, 395.14, 319312, 203, 114, 0
772, 10, 332, 374, 113, 1, 50.12%, 11, 0, 5, 418.90, 321423, 204, 115, 0
777, 11, 23, 374, 111, 0, 50.12%, 11, 0, 5, 432.84, 323608, 204, 115, 0
782, 11, 161, 374, 105, 0, 50.12%, 11, 0, 5, 439.94, 325827, 204, 115, 0
787, 11, 187, 374, 102, 0, 50.12%, 11, 0, 5, 431.03, 327983, 204, 116, 0
793, 11, 217, 374, 97, 0, 50.12%, 11, 0, 5, 408.19, 330048, 204, 116, 0
798, 11, 312, 374, 91, 0, 50.12%, 11, 0, 5, 412.18, 332073, 204, 116, 0
803, 11, 347, 374, 85, 0, 50.12%, 11, 0, 5, 404.34, 334147, 204, 116, 0
808, 11, 373, 375, 83, 0, 50.12%, 11, 0, 5, 477.78, 336821, 204, 119, 0
813, 12, 91, 376, 82, 0, 50.12%, 11, 0, 5, 477.38, 339193, 204, 119, 0
818, 12, 182, 376, 77, 0, 50.12%, 11, 0, 5, 462.63, 341577, 204, 119, 0
823, 12, 287, 377, 77, 1, 50.37%, 11, 0, 5, 461.85, 343901, 205, 120, 0
828, 13, 36, 377, 72, 0, 50.37%, 11, 0, 5, 443.73, 346090, 205, 120, 0
833, 13, 167, 378, 70, 0, 50.37%, 11, 0, 5, 436.36, 348280, 205, 120, 0
838, 13, 196, 378, 70, 0, 50.37%, 11, 0, 5, 424.73, 350504, 205, 121, 0
843, 13, 317, 378, 65, 0, 50.37%, 11, 0, 5, 434.66, 352664, 205, 121, 0
848, 13, 350, 378, 61, 0, 50.37%, 11, 0, 5, 394.07, 354673, 205, 124, 0
853, 14, 20, 378, 60, 0, 50.37%, 11, 0, 5, 409.77, 356774, 205, 128, 0
859, 14, 167, 378, 56, 0, 50.37%, 11, 0, 5, 400.36, 358848, 205, 128, 0
864, 14, 192, 378, 56, 0, 50.37%, 11, 0, 5, 395.22, 360873, 205, 128, 0
869, 14, 259, 378, 52, 0, 50.37%, 11, 0, 5, 386.13, 362784, 205, 128, 0
874, 14, 342, 378, 47, 0, 50.37%, 11, 0, 5, 399.10, 364835, 205, 128, 0
879, 14, 374, 379, 48, 0, 50.37%, 11, 0, 5, 414.26, 366917, 205, 130, 0
884, 15, 23, 380, 47, 0, 50.37%, 11, 0, 5, 415.35, 368957, 205, 130, 0
889, 15, 167, 380, 44, 0, 50.37%, 11, 0, 5, 410.92, 371060, 205, 130, 0
894, 15, 193, 380, 42, 0, 50.37%, 11, 0, 5, 418.36, 373200, 205, 131, 0
899, 15, 312, 380, 37, 0, 50.37%, 11, 0, 5, 405.43, 375238, 205, 131, 0
904, 15, 352, 380, 35, 0, 50.37%, 11, 0, 5, 403.23, 377269, 205, 132, 0
906, 15, 381, 381, 36, 1, 50.61%, 11, 0, 5, 407.10, 378074, 206, 135, 0
