# relative_time, cycles_done, cur_item, corpus_count, pending_total, pending_favs, map_size, saved_crashes, saved_hangs, max_depth, execs_per_sec, total_execs, edges_found, total_crashes, servers_count
60, 0, 9, 77, 72, 4, 30.71%, 0, 0, 2, 482.10, 29272, 125, 0, 0
65, 0, 9, 78, 73, 4, 30.71%, 0, 0, 2, 458.53, 31610, 125, 0, 0
70, 0, 9, 78, 73, 4, 30.71%, 0, 0, 2, 467.85, 33959, 125, 0, 0
75, 0, 9, 79, 74, 4, 30.71%, 0, 0, 2, 475.79, 36369, 125, 0, 0
80, 0, 9, 81, 76, 4, 30.71%, 0, 0, 2, 476.40, 38759, 125, 0, 0
86, 0, 9, 82, 77, 4, 30.71%, 0, 0, 2, 463.07, 41089, 125, 0, 0
91, 0, 9, 82, 77, 4, 30.71%, 0, 0, 2, 479.54, 43456, 125, 0, 0
96, 0, 9, 83, 78, 4, 30.71%, 0, 0, 2, 436.99, 45663, 125, 0, 0
101, 0, 9, 83, 78, 4, 30.71%, 0, 0, 2, 437.60, 47911, 125, 0, 0
106, 0, 9, 83, 78, 4, 30.71%, 0, 0, 2, 456.62, 50204, 125, 0, 0
111, 0, 9, 83, 78, 4, 30.71%, 0, 0, 2, 451.85, 52526, 125, 0, 0
116, 0, 9, 156, 150, 3, 42.26%, 0, 0, 2, 449.10, 54947, 172, 0, 0
121, 0, 110, 163, 150, 25, 42.51%, 0, 0, 3, 464.62, 57250, 173, 0, 0
126, 0, 139, 170, 155, 23, 42.51%, 0, 0, 3, 437.13, 59468, 173, 0, 0
131, 0, 139, 179, 164, 23, 43.24%, 0, 0, 3, 418.53, 61612, 176, 0, 0
136, 0, 139, 181, 166, 23, 43.24%, 0, 0, 3, 422.47, 63834, 176, 0, 0
141, 0, 139, 181, 166, 23, 43.24%, 0, 0, 3, 426.23, 65946, 176, 0, 0
147, 0, 139, 181, 166, 23, 43.24%, 0, 0, 3, 439.72, 68186, 176, 0, 0
152, 0, 139, 182, 167, 23, 43.24%, 0, 0, 3, 434.01, 70353, 176, 0, 0
157, 0, 88, 182, 165, 23, 43.24%, 0, 0, 3, 430.53, 72485, 176, 0, 0
162, 0, 185, 188, 169, 25, 45.45%, 0, 0, 3, 457.35, 74841, 185, 0, 0
167, 0, 183, 205, 184, 24, 46.19%, 0, 0, 3, 458.15, 77156, 188, 0, 0
172, 0, 0, 205, 183, 25, 46.19%, 1, 0, 3, 454.76, 79488, 188, 1, 0
177, 0, 50, 209, 186, 24, 46.19%, 1, 0, 3, 453.19, 81702, 188, 1, 0
182, 0, 50, 211, 188, 24, 46.19%, 1, 0, 3, 437.13, 83989, 188, 1, 0
187, 0, 50, 211, 188, 24, 46.19%, 1, 0, 3, 450.79, 86349, 188, 1, 0
192, 0, 50, 212, 189, 24, 46.19%, 1, 0, 3, 453.93, 88653, 188, 1, 0
198, 0, 50, 213, 190, 24, 46.19%, 1, 0, 3, 471.06, 91152, 188, 1, 0
203, 0, 85, 213, 189, 23, 46.19%, 1, 0, 3, 447.35, 93396, 188, 1, 0
208, 0, 49, 213, 187, 21, 46.19%, 1, 0, 3, 457.43, 95653, 188, 1, 0
213, 0, 129, 213, 186, 20, 46.19%, 1, 0, 3, 444.70, 97916, 188, 1, 0
218, 0, 89, 213, 185, 19, 46.19%, 1, 0, 3, 460.18, 100284, 188, 1, 0
223, 0, 76, 221, 191, 17, 46.19%, 1, 0, 3, 448.61, 102587, 188, 1, 0
228, 0, 76, 228, 198, 17, 46.19%, 1, 0, 3, 448.81, 104830, 188, 1, 0
233, 0, 76, 230, 200, 17, 46.19%, 1, 0, 3, 463.85, 107205, 188, 1, 0
238, 0, 76, 232, 202, 17, 46.19%, 1, 0, 3, 461.71, 109559, 188, 1, 0
243, 0, 76, 233, 203, 17, 46.19%, 1, 0, 3, 445.19, 111809, 188, 1, 0
248, 0, 107, 243, 211, 15, 46.93%, 1, 0, 3, 461.48, 114142, 191, 1, 0
253, 0, 107, 249, 217, 15, 46.93%, 1, 0, 3, 447.23, 116402, 191, 1, 0
259, 0, 107, 250, 218, 15, 46.93%, 1, 0, 3, 475.54, 118872, 191, 1, 0
264, 0, 107, 250, 218, 15, 46.93%, 1, 0, 3, 468.03, 121257, 191, 1, 0
269, 0, 107, 251, 219, 15, 46.93%, 1, 0, 3, 464.83, 123568, 191, 1, 0
274, 0, 107, 251, 219, 15, 46.93%, 1, 0, 3, 459.74, 125872, 191, 1, 0
279, 0, 208, 253, 216, 13, 46.93%, 1, 0, 3, 447.14, 128098, 191, 1, 0
284, 0, 18, 253, 214, 11, 46.93%, 1, 0, 3, 458.75, 130414, 191, 1, 0
289, 0, 117, 253, 211, 8, 46.93%, 1, 0, 3, 447.81, 132626, 191, 1, 0
294, 0, 117, 253, 211, 8, 46.93%, 1, 0, 3, 414.50, 134707, 191, 1, 0
299, 0, 117, 253, 211, 8, 46.93%, 1, 0, 3, 414.47, 136763, 191, 1, 0
304, 0, 117, 254, 212, 8, 46.93%, 1, 0, 3, 393.42, 138740, 191, 1, 0
309, 0, 144, 256, 210, 5, 47.17%, 1, 0, 3, 451.91, 141054, 192, 1, 0
314, 0, 256, 257, 210, 6, 47.42%, 1, 0, 3, 439.66, 143274, 193, 1, 0
319, 0, 204, 263, 215, 5, 47.42%, 1, 0, 4, 475.07, 145636, 193, 1, 0
325, 0, 204, 266, 218, 5, 47.42%, 1, 0, 4, 445.78, 147834, 193, 1, 0
330, 0, 204, 266, 218, 5, 47.42%, 1, 0, 4, 455.28, 150106, 193, 1, 0
335, 0, 204, 266, 218, 5, 47.42%, 1, 0, 4, 460.16, 152461, 193, 1, 0
340, 0, 204, 266, 218, 5, 47.42%, 1, 0, 4, 485.13, 154882, 193, 1, 0
345, 0, 204, 266, 218, 5, 47.42%, 1, 0, 4, 458.16, 157204, 193, 1, 0
350, 0, 204, 267, 219, 5, 47.42%, 1, 0, 4, 466.11, 159578, 193, 1, 0
355, 0, 204, 267, 219, 5, 47.42%, 1, 0, 4, 470.40, 162044, 193, 1, 0
360, 0, 204, 268, 220, 5, 47.42%, 1, 0, 4, 486.54, 164517, 193, 1, 0
365, 0, 204, 268, 220, 5, 47.42%, 1, 0, 4, 467.40, 166839, 193, 1, 0
370, 0, 204, 269, 221, 5, 47.67%, 1, 0, 4, 456.18, 169132, 194, 1, 0
376, 0, 204, 270, 222, 5, 47.67%, 1, 0, 4, 440.47, 171398, 194, 1, 0
381, 0, 204, 270, 222, 5, 47.67%, 1, 0, 4, 440.79, 173550, 194, 1, 0
386, 0, 204, 270, 222, 5, 47.67%, 1, 0, 4, 453.40, 175830, 194, 1, 0
391, 0, 204, 270, 222, 5, 47.67%, 1, 0, 4, 456.93, 178103, 194, 1, 0
396, 0, 204, 270, 222, 5, 47.67%, 1, 0, 4, 414.46, 180206, 194, 1, 0
401, 0, 204, 271, 223, 5, 47.67%, 1, 0, 4, 447.00, 182477, 194, 1, 0
406, 0, 26, 271, 221, 5, 47.67%, 1, 0, 4, 465.35, 184789, 194, 1, 0
411, 0, 268, 272, 219, 4, 47.67%, 1, 0, 4, 466.64, 187159, 194, 1, 0
416, 0, 272, 275, 221, 5, 48.40%, 1, 0, 5, 476.71, 189609, 197, 1, 0
421, 0, 271, 275, 218, 3, 48.40%, 1, 0, 5, 451.54, 191847, 197, 1, 0
426, 0, 176, 275, 214, 0, 48.40%, 1, 0, 5, 449.06, 194173, 197, 1, 0
431, 0, 258, 275, 212, 0, 48.40%, 1, 0, 5, 449.25, 196481, 197, 1, 0
436, 0, 195, 277, 212, 0, 48.40%, 1, 0, 5, 410.20, 198537, 197, 1, 0
441, 0, 186, 279, 212, 0, 48.40%, 1, 0, 5, 417.93, 200664, 197, 1, 0
446, 0, 279, 280, 211, 1, 48.65%, 1, 0, 5, 459.63, 202989, 198, 1, 0
452, 0, 275, 286, 215, 0, 48.65%, 1, 0, 5, 463.46, 205316, 198, 1, 0
457, 0, 147, 286, 213, 0, 48.65%, 1, 0, 5, 446.11, 207516, 198, 1, 0
462, 0, 50, 287, 212, 0, 48.65%, 1, 0, 5, 442.25, 209762, 198, 1, 0
467, 0, 72, 287, 211, 0, 48.65%, 1, 0, 5, 439.95, 212022, 198, 1, 0
472, 0, 267, 288, 211, 0, 48.65%, 1, 0, 5, 463.53, 214381, 198, 1, 0
477, 0, 267, 293, 216, 0, 48.65%, 1, 0, 5, 465.86, 216689, 198, 1, 0
482, 0, 267, 295, 218, 0, 48.65%, 1, 0, 5, 456.70, 218953, 198, 1, 0
487, 0, 267, 295, 218, 0, 48.65%, 1, 0, 5, 464.70, 221284, 198, 1, 0
492, 0, 267, 295, 218, 0, 48.65%, 1, 0, 5, 456.55, 223597, 198, 1, 0
497, 0, 164, 295, 215, 0, 48.65%, 1, 0, 5, 456.07, 225969, 198, 1, 0
502, 0, 125, 295, 212, 0, 48.65%, 1, 0, 5, 452.19, 228230, 198, 1, 0
507, 0, 284, 297, 213, 0, 48.65%, 1, 0, 5, 454.02, 230582, 198, 1, 0
512, 0, 297, 298, 212, 1, 48.89%, 1, 0, 5, 443.87, 232851, 199, 1, 0
517, 0, 268, 298, 207, 0, 48.89%, 1, 0, 5, 467.32, 235213, 199, 1, 0
522, 0, 121, 298, 205, 0, 48.89%, 1, 0, 5, 451.95, 237478, 199, 1, 0
527, 0, 271, 298, 200, 0, 48.89%, 1, 0, 5, 480.79, 239953, 199, 1, 0
532, 0, 298, 299, 200, 1, 49.14%, 1, 0, 6, 460.11, 242214, 200, 1, 0
537, 0, 126, 299, 198, 0, 49.14%, 1, 0, 6, 425.13, 244325, 200, 1, 0
542, 0, 247, 299, 196, 0, 49.14%, 1, 0, 6, 435.89, 246575, 200, 1, 0
548, 0, 10, 299, 193, 0, 49.14%, 1, 0, 6, 462.76, 248951, 200, 1, 0
553, 0, 261, 299, 192, 0, 49.14%, 1, 0, 6, 458.58, 251311, 200, 1, 0
558, 0, 272, 300, 191, 0, 49.39%, 1, 0, 6, 465.97, 253690, 201, 1, 0
563, 0, 19, 300, 188, 0, 49.39%, 1, 0, 6, 449.46, 256031, 201, 1, 0
568, 0, 92, 301, 188, 0, 49.39%, 1, 0, 6, 448.92, 258313, 201, 1, 0
573, 0, 134, 301, 185, 0, 49.39%, 1, 0, 6, 455.98, 260721, 201, 1, 0
578, 0, 29, 301, 183, 0, 49.39%, 1, 0, 6, 435.24, 262914, 201, 1, 0
583, 0, 116, 301, 179, 0, 49.39%, 1, 0, 6, 448.35, 265242, 201, 1, 0
588, 0, 289, 301, 177, 0, 49.39%, 1, 0, 6, 449.90, 267554, 201, 1, 0
593, 0, 220, 301, 176, 0, 49.39%, 1, 0, 6, 464.30, 269896, 201, 1, 0
598, 0, 119, 302, 174, 0, 49.39%, 1, 0, 6, 447.98, 272227, 201, 1, 0
603, 0, 285, 302, 172, 0, 49.39%, 1, 0, 6, 468.04, 274629, 201, 1, 0
609, 0, 293, 302, 170, 0, 49.39%, 1, 0, 6, 413.04, 276760, 201, 1, 0
614, 0, 183, 302, 166, 0, 49.39%, 1, 0, 6, 450.41, 279104, 201, 1, 0
619, 0, 208, 303, 165, 0, 49.39%, 1, 0, 6, 455.04, 281450, 201, 1, 0
624, 0, 271, 304, 164, 0, 49.39%, 1, 0, 6, 468.30, 283814, 201, 1, 0
629, 1, 170, 304, 162, 0, 49.39%, 1, 0, 6, 438.91, 286041, 201, 1, 0
634, 1, 19, 304, 159, 0, 49.39%, 1, 0, 6, 461.81, 288443, 201, 1, 0
639, 1, 133, 304, 157, 0, 49.39%, 1, 0, 6, 437.76, 290640, 201, 1, 0
644, 1, 178, 304, 153, 0, 49.39%, 1, 0, 6, 459.68, 293021, 201, 1, 0
649, 1, 36, 304, 150, 0, 49.39%, 1, 0, 6, 478.12, 295527, 201, 1, 0
654, 1, 145, 304, 147, 0, 49.39%, 1, 0, 6, 474.10, 297896, 201, 1, 0
660, 1, 304, 305, 147, 1, 49.63%, 1, 0, 7, 441.66, 300195, 202, 1, 0
665, 1, 298, 306, 146, 0, 49.63%, 1, 0, 7, 457.46, 302538, 202, 1, 0
670, 1, 177, 306, 144, 0, 49.63%, 1, 0, 7, 493.91, 305096, 202, 1, 0
675, 1, 128, 306, 143, 0, 49.63%, 1, 0, 7, 445.43, 307379, 202, 1, 0
680, 1, 278, 316, 152, 0, 49.63%, 1, 0, 7, 450.84, 309752, 202, 1, 0
685, 1, 278, 318, 154, 0, 49.63%, 1, 0, 7, 453.19, 311973, 202, 1, 0
690, 1, 278, 319, 155, 0, 49.63%, 1, 0, 7, 450.76, 314246, 202, 1, 0
695, 1, 87, 319, 154, 0, 49.63%, 1, 0, 7, 448.33, 316561, 202, 1, 0
700, 1, 209, 321, 154, 0, 49.63%, 1, 0, 7, 439.35, 318816, 202, 1, 0
705, 1, 282, 321, 151, 0, 49.63%, 1, 0, 7, 459.09, 321144, 202, 1, 0
710, 1, 149, 322, 144, 0, 49.63%, 1, 0, 7, 481.70, 323586, 202, 1, 0
715, 1, 264, 322, 142, 0, 49.63%, 1, 0, 7, 455.79, 325881, 202, 1, 0
720, 1, 317, 323, 141, 0, 49.63%, 1, 0, 7, 465.48, 328237, 202, 1, 0
726, 1, 67, 325, 142, 0, 49.63%, 1, 0, 7, 443.83, 330412, 202, 1, 0
731, 1, 229, 327, 141, 0, 49.63%, 1, 0, 7, 436.31, 332663, 202, 1, 0
736, 1, 169, 327, 137, 0, 49.63%, 1, 0, 7, 459.74, 334988, 202, 1, 0
741, 1, 216, 327, 133, 0, 49.63%, 1, 0, 7, 457.06, 337274, 202, 1, 0
746, 1, 327, 328, 132, 1, 49.88%, 1, 0, 7, 421.74, 339398, 203, 1, 0
751, 1, 86, 328, 129, 0, 49.88%, 1, 0, 7, 435.38, 341667, 203, 1, 0
756, 1, 8, 328, 127, 0, 49.88%, 1, 0, 7, 435.70, 343923, 203, 1, 0
761, 1, 143, 328, 124, 0, 49.88%, 1, 0, 7, 445.38, 346144, 203, 1, 0
766, 1, 194, 328, 121, 0, 49.88%, 1, 0, 7, 452.86, 348407, 203, 1, 0
771, 1, 311, 328, 118, 0, 49.88%, 1, 0, 7, 475.44, 350820, 203, 1, 0
777, 1, 243, 328, 114, 0, 49.88%, 1, 0, 7, 467.66, 353081, 203, 1, 0
782, 1, 152, 330, 112, 0, 50.12%, 1, 0, 7, 472.60, 355483, 204, 1, 0
787, 1, 132, 330, 109, 0, 50.12%, 1, 0, 7, 449.09, 357834, 204, 1, 0
792, 1, 151, 335, 112, 0, 50.12%, 1, 0, 7, 479.65, 360210, 204, 1, 0
797, 1, 332, 336, 110, 0, 50.12%, 1, 0, 7, 461.65, 362508, 204, 1, 0
802, 1, 257, 336, 107, 0, 50.12%, 1, 0, 7, 436.88, 364803, 204, 1, 0
807, 1, 304, 336, 103, 0, 50.12%, 1, 0, 7, 449.71, 367065, 204, 1, 0
812, 1, 56, 336, 101, 0, 50.12%, 1, 0, 7, 415.61, 369146, 204, 1, 0
817, 1, 150, 336, 98, 0, 50.12%, 1, 0, 7, 425.31, 371370, 204, 1, 0
822, 1, 127, 336, 96, 0, 50.12%, 1, 0, 7, 442.49, 373615, 204, 1, 0
828, 1, 273, 336, 91, 0, 50.12%, 1, 0, 7, 439.43, 375876, 204, 1, 0
833, 1, 253, 336, 89, 0, 50.12%, 1, 0, 7, 434.64, 378057, 204, 1, 0
838, 1, 336, 337, 88, 1, 50.37%, 1, 0, 8, 436.99, 380281, 205, 1, 0
843, 1, 333, 337, 85, 0, 50.37%, 1, 0, 8, 455.18, 382516, 205, 1, 0
848, 1, 337, 338, 82, 1, 50.61%, 1, 0, 8, 454.63, 384833, 206, 1, 0
853, 1, 338, 341, 84, 3, 51.11%, 1, 0, 8, 443.41, 387080, 208, 1, 0
858, 1, 339, 341, 81, 2, 51.11%, 1, 0, 8, 455.83, 389408, 208, 1, 0
863, 1, 3, 341, 76, 0, 51.11%, 1, 0, 8, 440.42, 391611, 208, 1, 0
868, 1, 165, 341, 74, 0, 51.11%, 1, 0, 8, 452.53, 393921, 208, 1, 0
873, 1, 175, 342, 73, 0, 51.11%, 1, 0, 8, 451.88, 396250, 208, 1, 0
878, 1, 336, 342, 71, 0, 51.11%, 1, 0, 8, 467.29, 398582, 208, 1, 0
883, 1, 60, 343, 71, 0, 51.11%, 1, 0, 8, 446.69, 400838, 208, 1, 0
888, 1, 113, 343, 67, 0, 51.11%, 1, 0, 8, 432.52, 403046, 208, 1, 0
893, 1, 183, 344, 65, 0, 51.11%, 1, 0, 8, 448.44, 405378, 208, 1, 0
898, 1, 306, 344, 63, 0, 51.11%, 1, 0, 8, 468.84, 407764, 208, 1, 0
904, 1, 218, 344, 61, 0, 51.11%, 1, 0, 8, 440.86, 410055, 208, 1, 0
909, 1, 280, 344, 59, 0, 51.11%, 1, 0, 8, 445.29, 412318, 208, 1, 0
914, 1, 326, 344, 57, 0, 51.11%, 1, 0, 8, 443.03, 414525, 208, 1, 0
919, 1, 112, 344, 56, 0, 51.11%, 1, 0, 8, 445.61, 416783, 208, 1, 0
924, 1, 277, 344, 54, 0, 51.11%, 1, 0, 8, 438.28, 419010, 208, 1, 0
929, 1, 198, 344, 51, 0, 51.11%, 1, 0, 8, 430.37, 421147, 208, 1, 0
934, 1, 310, 344, 49, 0, 51.11%, 1, 0, 8, 442.81, 423361, 208, 1, 0
939, 1, 269, 344, 48, 0, 51.11%, 1, 0, 8, 448.72, 425603, 208, 1, 0
944, 1, 326, 344, 45, 0, 51.11%, 1, 0, 8, 438.08, 427877, 208, 1, 0
949, 1, 291, 344, 45, 0, 51.11%, 1, 0, 8, 423.66, 430012, 208, 1, 0
954, 1, 159, 344, 43, 0, 51.11%, 1, 0, 8, 456.06, 432312, 208, 1, 0
959, 1, 274, 344, 41, 0, 51.11%, 1, 0, 8, 435.16, 434512, 208, 1, 0
964, 2, 353, 371, 67, 5, 52.33%, 1, 0, 8, 451.43, 436751, 213, 1, 0
969, 2, 348, 371, 65, 3, 52.33%, 1, 0, 8, 465.08, 439127, 213, 1, 0
974, 2, 351, 371, 63, 2, 52.33%, 1, 0, 8, 458.18, 441406, 213, 1, 0
980, 2, 338, 371, 60, 0, 52.33%, 2, 0, 8, 462.86, 443763, 213, 2, 0
985, 2, 362, 371, 59, 0, 52.33%, 2, 0, 8, 445.61, 445967, 213, 2, 0
990, 2, 91, 371, 58, 0, 52.33%, 2, 0, 8, 454.93, 448272, 213, 2, 0
995, 2, 58, 371, 56, 0, 52.33%, 3, 0, 8, 453.52, 450597, 213, 4, 0
1000, 2, 239, 371, 55, 0, 52.33%, 3, 0, 8, 452.55, 452908, 213, 7, 0
1005, 2, 326, 371, 53, 0, 52.33%, 3, 0, 8, 423.76, 455007, 213, 7, 0
1010, 2, 316, 371, 52, 0, 52.33%, 3, 0, 8, 446.27, 457320, 213, 7, 0
1015, 2, 138, 371, 50, 0, 52.33%, 3, 0, 8, 449.09, 459635, 213, 7, 0
1020, 2, 81, 371, 47, 0, 52.33%, 3, 0, 8, 452.43, 461912, 213, 7, 0
1025, 2, 85, 371, 44, 0, 52.33%, 3, 0, 8, 460.56, 464204, 213, 7, 0
1030, 2, 285, 371, 42, 0, 52.33%, 3, 0, 8, 455.37, 466512, 213, 7, 0
1035, 2, 350, 371, 40, 0, 52.33%, 3, 0, 8, 457.93, 468787, 213, 8, 0
1040, 2, 115, 372, 40, 0, 52.33%, 3, 0, 8, 439.42, 471034, 213, 8, 0
1045, 2, 366, 372, 39, 0, 52.33%, 3, 0, 8, 466.74, 473418, 213, 8, 0
1050, 2, 90, 372, 35, 0, 52.33%, 3, 0, 8, 448.01, 475694, 213, 8, 0
1055, 2, 358, 372, 35, 0, 52.33%, 3, 0, 8, 409.51, 477718, 213, 8, 0
1060, 2, 117, 372, 33, 0, 52.33%, 3, 0, 8, 437.29, 479971, 213, 8, 0
1066, 2, 357, 372, 30, 0, 52.33%, 3, 0, 8, 412.99, 482040, 213, 8, 0
1071, 2, 299, 372, 29, 0, 52.33%, 3, 0, 8, 411.72, 484169, 213, 8, 0
1076, 2, 314, 372, 27, 0, 52.33%, 3, 0, 8, 428.17, 486395, 213, 8, 0
1081, 2, 239, 372, 25, 0, 52.33%, 3, 0, 8, 435.99, 488603, 213, 8, 0
1086, 2, 296, 372, 24, 0, 52.33%, 3, 0, 8, 447.34, 490884, 213, 8, 0
1091, 2, 326, 372, 21, 0, 52.33%, 3, 0, 8, 449.78, 493209, 213, 13, 0
1096, 2, 285, 372, 18, 0, 52.33%, 3, 0, 8, 441.26, 495397, 213, 14, 0
1101, 2, 367, 372, 18, 0, 52.33%, 3, 0, 8, 451.01, 497720, 213, 16, 0
1106, 2, 336, 372, 16, 0, 52.33%, 3, 0, 8, 447.77, 499990, 213, 16, 0
1111, 2, 326, 372, 16, 0, 52.33%, 3, 0, 8, 464.26, 502251, 213, 16, 0
1116, 2, 183, 372, 15, 0, 52.33%, 3, 0, 8, 449.74, 504477, 213, 21, 0
1121, 2, 219, 372, 15, 0, 52.33%, 3, 0, 8, 456.63, 506770, 213, 21, 0
1126, 2, 136, 372, 14, 0, 52.33%, 3, 0, 8, 450.82, 508987, 213, 21, 0
1131, 2, 76, 372, 12, 0, 52.33%, 3, 0, 8, 443.32, 511193, 213, 21, 0
1136, 2, 76, 372, 9, 0, 52.33%, 3, 0, 8, 453.71, 513498, 213, 21, 0
1142, 2, 19, 372, 9, 0, 52.33%, 3, 0, 8, 443.65, 515791, 213, 21, 0
1147, 2, 346, 372, 8, 0, 52.33%, 4, 0, 8, 457.81, 518130, 213, 25, 0
1152, 2, 45, 372, 7, 0, 52.33%, 4, 0, 8, 447.49, 520375, 213, 25, 0
1157, 3, 106, 374, 8, 0, 52.33%, 4, 0, 8, 449.78, 522685, 213, 25, 0
1162, 3, 19, 374, 7, 0, 52.33%, 4, 0, 8, 469.22, 525075, 213, 25, 0
1167, 3, 271, 374, 6, 0, 52.33%, 4, 0, 8, 462.85, 527411, 213, 27, 0
1172, 3, 16, 374, 5, 0, 52.33%, 4, 0, 8, 440.19, 529654, 213, 29, 0
1177, 3, 319, 374, 5, 0, 52.33%, 4, 0, 8, 472.50, 532037, 213, 29, 0
1182, 3, 304, 374, 5, 0, 52.33%, 4, 0, 8, 457.81, 534270, 213, 29, 0
1188, 3, 183, 374, 4, 0, 52.33%, 4, 0, 8, 443.45, 536533, 213, 29, 0
1193, 3, 340, 374, 4, 0, 52.33%, 4, 0, 8, 481.10, 538974, 213, 33, 0
1198, 3, 308, 374, 4, 0, 52.33%, 4, 0, 8, 470.00, 541388, 213, 36, 0
1203, 3, 340, 374, 4, 0, 52.33%, 4, 0, 8, 458.34, 543650, 213, 36, 0
1208, 3, 353, 374, 4, 0, 52.33%, 4, 0, 8, 431.77, 545861, 213, 36, 0
1213, 3, 19, 374, 4, 0, 52.33%, 4, 0, 8, 481.09, 548322, 213, 36, 0
1218, 3, 183, 374, 4, 0, 52.33%, 4, 0, 8, 444.17, 550517, 213, 36, 0
1223, 3, 83, 374, 4, 0, 52.33%, 4, 0, 8, 446.83, 552800, 213, 36, 0
1228, 3, 271, 374, 3, 0, 52.33%, 4, 0, 8, 460.89, 555194, 213, 36, 0
1233, 3, 11, 374, 3, 0, 52.33%, 4, 0, 8, 461.80, 557491, 213, 40, 0
1239, 3, 256, 374, 3, 0, 52.33%, 4, 0, 8, 443.95, 559750, 213, 40, 0
1244, 3, 245, 374, 3, 0, 52.33%, 4, 0, 8, 427.76, 561937, 213, 40, 0
1249, 3, 271, 374, 3, 0, 52.33%, 4, 0, 8, 465.87, 564370, 213, 40, 0
1254, 3, 76, 374, 3, 0, 52.33%, 4, 0, 8, 447.49, 566590, 213, 40, 0
1259, 3, 285, 374, 2, 0, 52.33%, 4, 0, 8, 497.94, 569217, 213, 40, 0
1264, 3, 89, 374, 2, 0, 52.33%, 4, 0, 8, 467.05, 571544, 213, 40, 0
1269, 3, 336, 374, 2, 0, 52.33%, 5, 0, 8, 436.41, 573728, 213, 41, 0
1274, 3, 297, 374, 2, 0, 52.33%, 5, 0, 8, 428.66, 575921, 213, 41, 0
1279, 3, 250, 374, 2, 0, 52.33%, 5, 0, 8, 422.18, 578062, 213, 41, 0
1284, 3, 326, 375, 3, 0, 52.33%, 5, 0, 8, 451.28, 580358, 213, 44, 0
1289, 3, 49, 375, 3, 0, 52.33%, 5, 0, 8, 426.98, 582493, 213, 44, 0
1294, 4, 26, 385, 12, 0, 54.05%, 5, 0, 8, 482.24, 584929, 220, 44, 0
1300, 4, 374, 385, 11, 0, 54.05%, 5, 0, 8, 452.09, 587111, 220, 44, 0
1305, 4, 183, 385, 10, 0, 54.05%, 5, 0, 8, 429.59, 589332, 220, 44, 0
1310, 4, 273, 385, 9, 0, 54.05%, 5, 0, 8, 431.51, 591513, 220, 44, 0
1315, 4, 285, 385, 9, 0, 54.05%, 5, 0, 8, 440.63, 593747, 220, 44, 0
1320, 4, 378, 385, 9, 0, 54.05%, 5, 0, 8, 467.30, 596102, 220, 47, 0
1325, 4, 271, 385, 8, 0, 54.05%, 5, 0, 8, 453.55, 598378, 220, 47, 0
1330, 4, 382, 385, 8, 0, 54.05%, 5, 0, 8, 465.83, 600733, 220, 47, 0
1335, 4, 190, 385, 8, 0, 54.05%, 5, 0, 8, 460.36, 603017, 220, 48, 0
1340, 4, 339, 385, 8, 0, 54.05%, 5, 0, 8, 431.20, 605223, 220, 53, 0
1345, 4, 339, 385, 7, 0, 54.05%, 5, 0, 8, 404.58, 607227, 220, 53, 0
1350, 4, 76, 385, 7, 0, 54.05%, 5, 0, 8, 436.64, 609447, 220, 53, 0
1355, 4, 190, 385, 6, 0, 54.05%, 5, 0, 8, 432.99, 611617, 220, 53, 0
1360, 4, 29, 385, 5, 0, 54.05%, 5, 0, 8, 417.10, 613710, 220, 53, 0
1366, 4, 375, 385, 4, 0, 54.05%, 5, 0, 8, 452.89, 616122, 220, 54, 0
1371, 4, 88, 385, 2, 0, 54.05%, 5, 0, 8, 463.70, 618482, 220, 54, 0
1376, 4, 327, 385, 1, 0, 54.05%, 5, 0, 8, 450.26, 620790, 220, 54, 0
1381, 4, 58, 385, 1, 0, 54.05%, 5, 0, 8, 471.07, 623162, 220, 54, 0
1386, 4, 177, 385, 1, 0, 54.05%, 5, 0, 8, 444.28, 625337, 220, 59, 0
1391, 4, 297, 385, 1, 0, 54.05%, 5, 0, 8, 428.11, 627537, 220, 64, 0
1396, 4, 238, 385, 1, 0, 54.05%, 5, 0, 8, 451.36, 629751, 220, 64, 0
1401, 4, 19, 385, 1, 0, 54.05%, 5, 0, 8, 446.11, 631966, 220, 64, 0
1406, 4, 58, 385, 1, 0, 54.05%, 5, 0, 8, 452.61, 634275, 220, 66, 0
1411, 4, 249, 385, 1, 0, 54.05%, 5, 0, 8, 452.20, 636468, 220, 66, 0
1416, 4, 89, 385, 1, 0, 54.05%, 5, 0, 8, 441.28, 638708, 220, 66, 0
1421, 4, 297, 385, 1, 0, 54.05%, 5, 0, 8, 464.98, 641056, 220, 67, 0
1427, 4, 58, 385, 1, 0, 54.05%, 5, 0, 8, 465.10, 643397, 220, 68, 0
1432, 4, 76, 385, 1, 0, 54.05%, 5, 0, 8, 438.15, 645626, 220, 68, 0
1437, 5, 416, 430, 46, 10, 62.65%, 5, 0, 8, 436.96, 647868, 255, 68, 0
1442, 5, 416, 438, 54, 10, 62.65%, 5, 0, 8, 431.72, 650028, 255, 68, 0
1447, 5, 416, 438, 54, 10, 62.65%, 5, 0, 8, 441.50, 652340, 255, 68, 0
1452, 5, 416, 438, 54, 10, 62.65%, 5, 0, 8, 455.75, 654584, 255, 68, 0
1457, 5, 410, 438, 53, 9, 62.65%, 5, 0, 8, 437.48, 656837, 255, 68, 0
1462, 5, 410, 439, 54, 9, 62.65%, 5, 0, 8, 444.01, 659097, 255, 68, 0
1467, 5, 405, 439, 53, 8, 62.65%, 5, 0, 8, 441.39, 661345, 255, 68, 0
1472, 5, 405, 439, 53, 8, 62.65%, 5, 0, 8, 452.25, 663644, 255, 68, 0
1477, 5, 426, 440, 53, 7, 62.65%, 5, 0, 8, 450.45, 665947, 255, 68, 0
1482, 5, 442, 446, 58, 7, 62.65%, 5, 0, 8, 454.37, 668211, 255, 68, 0
1487, 5, 396, 446, 56, 5, 62.65%, 5, 0, 8, 457.52, 670513, 255, 68, 0
1492, 5, 435, 446, 55, 4, 62.65%, 5, 0, 8, 448.58, 672796, 255, 68, 0
1498, 5, 435, 449, 58, 4, 62.90%, 5, 0, 8, 464.12, 675121, 256, 68, 0
1503, 5, 448, 449, 56, 3, 62.90%, 5, 0, 8, 477.96, 677579, 256, 68, 0
1508, 5, 463, 472, 78, 3, 62.90%, 5, 0, 8, 453.76, 679842, 256, 68, 0
1513, 5, 388, 474, 79, 2, 62.90%, 5, 0, 8, 426.04, 681984, 256, 68, 0
1518, 5, 452, 474, 78, 1, 62.90%, 5, 0, 8, 433.50, 684157, 256, 68, 0
1523, 5, 457, 474, 76, 0, 62.90%, 5, 0, 8, 429.87, 686351, 256, 68, 0
1528, 5, 402, 474, 74, 0, 62.90%, 5, 0, 8, 443.99, 688539, 256, 69, 0
1533, 5, 414, 474, 72, 0, 62.90%, 5, 0, 8, 458.61, 690939, 256, 69, 0
1538, 5, 19, 474, 70, 0, 62.90%, 5, 0, 8, 444.96, 693184, 256, 69, 0
1544, 5, 339, 474, 68, 0, 62.90%, 5, 0, 8, 453.71, 695570, 256, 69, 0
1549, 5, 394, 474, 67, 0, 62.90%, 5, 0, 8, 447.13, 697868, 256, 69, 0
1554, 5, 458, 474, 66, 0, 62.90%, 5, 0, 8, 470.12, 700311, 256, 69, 0
1559, 5, 410, 474, 63, 0, 62.90%, 5, 0, 8, 437.23, 702511, 256, 69, 0
1564, 5, 441, 474, 62, 0, 62.90%, 6, 0, 8, 420.50, 704600, 256, 70, 0
1569, 5, 430, 474, 60, 0, 62.90%, 6, 0, 8, 441.61, 706780, 256, 70, 0
1574, 5, 447, 474, 58, 0, 62.90%, 6, 0, 8, 454.15, 709071, 256, 70, 0
1579, 5, 412, 474, 57, 0, 62.90%, 6, 0, 8, 457.71, 711341, 256, 72, 0
1584, 5, 285, 474, 55, 0, 62.90%, 6, 0, 8, 433.88, 713566, 256, 72, 0
1589, 5, 466, 474, 54, 0, 62.90%, 6, 0, 8, 436.04, 715836, 256, 72, 0
1594, 5, 429, 474, 52, 0, 62.90%, 6, 0, 8, 431.17, 718090, 256, 72, 0
1599, 5, 404, 474, 50, 0, 62.90%, 6, 0, 8, 440.04, 720324, 256, 72, 0
1605, 5, 18, 474, 49, 0, 62.90%, 6, 0, 8, 437.82, 722541, 256, 72, 0
1610, 5, 445, 474, 48, 0, 62.90%, 6, 0, 8, 438.54, 724734, 256, 72, 0
1615, 5, 76, 474, 46, 0, 62.90%, 6, 0, 8, 448.44, 727028, 256, 72, 0
1620, 5, 326, 474, 45, 0, 62.90%, 6, 0, 8, 435.52, 729229, 256, 72, 0
1625, 5, 400, 474, 44, 0, 62.90%, 6, 0, 8, 422.52, 731393, 256, 72, 0
1630, 5, 448, 475, 43, 0, 62.90%, 6, 0, 8, 445.87, 733645, 256, 72, 0
1635, 5, 409, 475, 42, 0, 62.90%, 6, 0, 8, 449.61, 735912, 256, 72, 0
1640, 5, 464, 475, 40, 0, 62.90%, 6, 0, 8, 445.78, 738150, 256, 72, 0
1645, 5, 427, 475, 39, 0, 62.90%, 6, 0, 8, 435.86, 740424, 256, 72, 0
1650, 5, 304, 475, 37, 0, 62.90%, 6, 0, 8, 441.28, 742696, 256, 72, 0
1655, 5, 386, 475, 37, 0, 62.90%, 6, 0, 8, 447.01, 744943, 256, 72, 0
1660, 5, 451, 475, 35, 0, 62.90%, 6, 0, 8, 423.30, 747094, 256, 72, 0
1665, 5, 356, 475, 33, 0, 62.90%, 6, 0, 8, 431.80, 749269, 256, 72, 0
1670, 5, 463, 475, 32, 0, 62.90%, 6, 0, 8, 388.03, 751205, 256, 72, 0
1675, 5, 332, 476, 33, 0, 62.90%, 6, 0, 8, 436.78, 753467, 256, 72, 0
1681, 5, 249, 476, 32, 0, 62.90%, 6, 0, 8, 447.36, 755755, 256, 72, 0
1686, 5, 475, 476, 31, 0, 62.90%, 6, 0, 8, 438.86, 757985, 256, 72, 0
1691, 5, 83, 476, 29, 0, 62.90%, 6, 0, 8, 454.04, 760331, 256, 72, 0
1696, 5, 460, 476, 28, 0, 62.90%, 6, 0, 8, 482.92, 762734, 256, 72, 0
1701, 5, 413, 476, 27, 0, 62.90%, 6, 0, 8, 468.84, 765076, 256, 75, 0
1706, 5, 405, 476, 25, 0, 62.90%, 6, 0, 8, 479.43, 767503, 256, 75, 0
1711, 5, 72, 476, 24, 0, 62.90%, 6, 0, 8, 435.38, 769609, 256, 75, 0
1716, 5, 461, 476, 24, 0, 62.90%, 6, 0, 8, 458.72, 771924, 256, 75, 0
1721, 5, 183, 476, 22, 0, 62.90%, 6, 0, 8, 448.79, 774153, 256, 75, 0
1726, 5, 423, 476, 21, 0, 62.90%, 6, 0, 8, 441.67, 776387, 256, 75, 0
1731, 5, 249, 476, 20, 0, 62.90%, 6, 0, 8, 448.52, 778726, 256, 75, 0
1736, 5, 434, 476, 20, 0, 62.90%, 6, 0, 8, 443.34, 780954, 256, 75, 0
1741, 5, 405, 476, 18, 0, 62.90%, 6, 0, 8, 438.64, 783139, 256, 75, 0
1746, 5, 159, 476, 18, 0, 62.90%, 6, 0, 8, 435.16, 785351, 256, 75, 0
1751, 5, 424, 476, 17, 0, 62.90%, 6, 0, 8, 452.40, 787672, 256, 75, 0
1757, 5, 455, 476, 16, 0, 62.90%, 6, 0, 8, 452.63, 790004, 256, 75, 0
1762, 5, 420, 476, 14, 0, 62.90%, 6, 0, 8, 431.40, 792173, 256, 75, 0
1767, 5, 425, 476, 13, 0, 62.90%, 6, 0, 8, 439.72, 794331, 256, 75, 0
1772, 5, 338, 476, 12, 0, 62.90%, 6, 0, 8, 454.92, 796678, 256, 75, 0
1777, 5, 357, 476, 11, 0, 62.90%, 6, 0, 8, 439.09, 798903, 256, 75, 0
1782, 5, 129, 476, 11, 0, 62.90%, 6, 0, 8, 431.77, 801177, 256, 75, 0
1787, 5, 471, 476, 11, 0, 62.90%, 6, 0, 8, 471.35, 803567, 256, 75, 0
1792, 5, 381, 476, 10, 0, 62.90%, 6, 0, 8, 466.80, 805911, 256, 75, 0
1797, 5, 406, 476, 9, 0, 62.90%, 6, 0, 8, 475.37, 808316, 256, 75, 0
1802, 5, 396, 476, 8, 0, 62.90%, 6, 0, 8, 437.74, 810536, 256, 75, 0
1804, 5, 353, 476, 8, 0, 62.90%, 6, 0, 8, 426.19, 811198, 256, 75, 0
