# relative_time, cycles_done, cur_item, corpus_count, pending_total, pending_favs, map_size, saved_crashes, saved_hangs, max_depth, execs_per_sec, total_execs, edges_found, total_crashes, servers_count
61, 0, 9, 82, 77, 4, 30.96%, 0, 0, 2, 416.52, 27174, 126, 0, 0
66, 0, 9, 84, 79, 4, 30.96%, 0, 0, 2, 403.82, 29260, 126, 0, 0
71, 0, 9, 85, 80, 4, 30.96%, 0, 0, 2, 438.09, 31523, 126, 0, 0
76, 0, 9, 85, 80, 4, 30.96%, 0, 0, 2, 423.20, 33659, 126, 0, 0
81, 0, 9, 85, 80, 4, 30.96%, 0, 0, 2, 419.15, 35723, 126, 0, 0
86, 0, 9, 87, 82, 4, 30.96%, 0, 0, 2, 403.08, 37796, 126, 0, 0
91, 0, 9, 87, 82, 4, 30.96%, 0, 0, 2, 425.19, 39993, 126, 0, 0
96, 0, 9, 88, 83, 4, 30.96%, 0, 0, 2, 448.23, 42254, 126, 0, 0
101, 0, 9, 88, 83, 4, 30.96%, 0, 0, 2, 448.56, 44558, 126, 0, 0
106, 0, 9, 89, 84, 4, 30.96%, 0, 0, 2, 445.86, 46759, 126, 0, 0
111, 0, 9, 90, 85, 4, 30.96%, 0, 0, 2, 424.55, 48870, 126, 0, 0
116, 0, 9, 90, 85, 4, 30.96%, 0, 0, 2, 466.81, 51187, 126, 0, 0
122, 0, 9, 90, 85, 4, 30.96%, 0, 0, 2, 449.50, 53486, 126, 0, 0
127, 0, 79, 114, 106, 28, 32.43%, 0, 0, 3, 447.08, 55829, 132, 0, 0
132, 0, 39, 121, 108, 24, 32.43%, 0, 0, 3, 491.31, 58445, 132, 0, 0
137, 0, 39, 125, 112, 24, 32.43%, 0, 0, 3, 432.52, 60636, 132, 0, 0
142, 0, 39, 128, 115, 24, 32.43%, 0, 0, 3, 426.44, 62810, 132, 0, 0
147, 0, 3, 131, 117, 23, 32.92%, 0, 0, 3, 433.80, 64995, 134, 0, 0
152, 0, 84, 135, 119, 23, 33.42%, 0, 0, 3, 460.34, 67347, 136, 0, 0
157, 0, 84, 139, 123, 23, 33.42%, 0, 0, 3, 423.99, 69432, 136, 0, 0
162, 0, 84, 139, 123, 23, 33.42%, 0, 0, 3, 410.60, 71512, 136, 0, 0
167, 0, 84, 139, 123, 23, 33.42%, 0, 0, 3, 428.09, 73696, 136, 0, 0
173, 0, 84, 139, 123, 23, 33.42%, 0, 0, 3, 428.86, 75832, 136, 0, 0
178, 0, 84, 139, 123, 23, 33.42%, 0, 0, 3, 424.77, 77984, 136, 0, 0
183, 0, 84, 139, 123, 23, 33.42%, 0, 0, 3, 385.38, 79998, 136, 0, 0
188, 0, 84, 139, 123, 23, 33.42%, 0, 0, 3, 404.75, 82120, 136, 0, 0
193, 0, 84, 139, 123, 23, 33.42%, 0, 0, 3, 386.73, 84072, 136, 0, 0
198, 0, 84, 139, 123, 23, 33.42%, 0, 0, 3, 412.22, 86176, 136, 0, 0
203, 0, 142, 145, 127, 25, 35.63%, 0, 0, 3, 416.56, 88316, 145, 0, 0
208, 0, 144, 152, 131, 23, 35.63%, 0, 0, 3, 409.29, 90350, 145, 0, 0
213, 0, 105, 152, 129, 21, 35.63%, 0, 0, 3, 396.27, 92424, 145, 0, 0
218, 0, 105, 152, 129, 21, 35.63%, 0, 0, 3, 401.14, 94394, 145, 0, 0
223, 0, 105, 152, 129, 21, 35.63%, 0, 0, 3, 440.79, 96639, 145, 0, 0
228, 0, 105, 152, 129, 21, 35.63%, 0, 0, 3, 427.33, 98735, 145, 0, 0
234, 0, 105, 152, 129, 21, 35.63%, 0, 0, 3, 409.59, 100807, 145, 0, 0
239, 0, 122, 154, 128, 19, 36.86%, 0, 0, 4, 408.74, 102936, 150, 0, 0
244, 0, 122, 161, 135, 19, 36.86%, 0, 0, 4, 443.53, 105207, 150, 0, 0
249, 0, 122, 162, 136, 19, 36.86%, 0, 0, 4, 418.39, 107366, 150, 0, 0
254, 0, 122, 162, 136, 19, 36.86%, 0, 0, 4, 415.45, 109494, 150, 0, 0
259, 0, 122, 162, 136, 19, 36.86%, 0, 0, 4, 462.96, 111872, 150, 0, 0
264, 0, 122, 162, 136, 19, 36.86%, 0, 0, 4, 425.51, 114030, 150, 0, 0
269, 0, 122, 166, 140, 19, 36.86%, 0, 0, 4, 414.79, 116154, 150, 0, 0
275, 0, 122, 166, 140, 19, 36.86%, 0, 0, 4, 437.83, 118418, 150, 0, 0
280, 0, 122, 166, 140, 19, 36.86%, 0, 0, 4, 414.93, 120538, 150, 0, 0
285, 0, 122, 166, 140, 19, 36.86%, 0, 0, 4, 401.28, 122594, 150, 0, 0
290, 0, 122, 168, 142, 19, 36.86%, 0, 0, 4, 358.89, 124383, 150, 0, 0
295, 0, 122, 168, 142, 19, 36.86%, 0, 0, 4, 382.52, 126308, 150, 0, 0
300, 0, 122, 169, 143, 19, 36.86%, 0, 0, 4, 382.20, 128233, 150, 0, 0
305, 0, 122, 171, 145, 19, 36.86%, 0, 0, 4, 414.05, 130349, 150, 0, 0
310, 0, 122, 171, 145, 19, 36.86%, 0, 0, 4, 422.77, 132549, 150, 0, 0
315, 0, 122, 172, 146, 19, 37.59%, 0, 0, 4, 430.04, 134732, 153, 0, 0
320, 0, 122, 176, 150, 19, 37.59%, 0, 0, 4, 392.18, 136697, 153, 0, 0
325, 0, 122, 176, 150, 19, 37.59%, 0, 0, 4, 399.07, 138692, 153, 0, 0
330, 0, 122, 178, 152, 19, 37.59%, 0, 0, 4, 373.29, 140470, 153, 0, 0
336, 0, 169, 184, 157, 19, 37.59%, 0, 0, 5, 420.61, 142677, 153, 0, 0
341, 0, 169, 184, 157, 19, 37.59%, 0, 0, 5, 424.14, 144741, 153, 0, 0
346, 0, 169, 184, 157, 19, 37.59%, 0, 0, 5, 422.03, 146925, 153, 0, 0
351, 0, 171, 184, 156, 18, 37.59%, 0, 0, 5, 395.56, 148865, 153, 0, 0
356, 0, 16, 185, 154, 15, 37.59%, 0, 0, 5, 415.41, 151020, 153, 0, 0
361, 0, 154, 185, 150, 12, 37.59%, 0, 0, 5, 407.92, 153123, 153, 0, 0
366, 0, 104, 186, 148, 9, 37.59%, 0, 0, 5, 393.96, 155091, 153, 0, 0
371, 0, 104, 186, 148, 9, 37.59%, 0, 0, 5, 385.93, 157065, 153, 0, 0
376, 0, 104, 186, 148, 9, 37.59%, 0, 0, 5, 364.31, 158906, 153, 0, 0
381, 0, 104, 186, 148, 9, 37.59%, 0, 0, 5, 357.48, 160719, 153, 0, 0
386, 0, 104, 186, 148, 9, 37.59%, 0, 0, 5, 367.67, 162504, 153, 0, 0
391, 0, 104, 187, 149, 9, 37.59%, 0, 0, 5, 365.17, 164399, 153, 0, 0
396, 0, 165, 190, 151, 8, 37.59%, 0, 0, 5, 413.41, 166580, 153, 0, 0
401, 0, 165, 193, 154, 8, 37.59%, 0, 0, 5, 416.98, 168705, 153, 0, 0
407, 0, 165, 194, 155, 8, 37.59%, 0, 0, 5, 421.13, 170864, 153, 0, 0
412, 0, 165, 194, 155, 8, 37.59%, 0, 0, 5, 421.44, 173016, 153, 0, 0
417, 0, 165, 196, 157, 8, 37.59%, 0, 0, 5, 421.78, 175174, 153, 0, 0
422, 0, 165, 197, 158, 8, 37.59%, 0, 0, 5, 436.12, 177381, 153, 0, 0
427, 0, 165, 197, 158, 8, 37.59%, 0, 0, 5, 432.06, 179541, 153, 0, 0
432, 0, 165, 198, 159, 8, 37.59%, 0, 0, 5, 427.91, 181724, 153, 0, 0
437, 0, 165, 198, 159, 8, 37.59%, 0, 0, 5, 442.14, 183972, 153, 0, 0
442, 0, 165, 198, 159, 8, 37.59%, 0, 0, 5, 451.86, 186244, 153, 0, 0
447, 0, 165, 201, 162, 8, 37.59%, 0, 0, 5, 445.18, 188441, 153, 0, 0
452, 0, 165, 201, 162, 8, 37.59%, 0, 0, 5, 452.95, 190725, 153, 0, 0
457, 0, 165, 201, 162, 8, 37.59%, 0, 0, 5, 472.92, 193119, 153, 0, 0
462, 0, 165, 201, 162, 8, 37.59%, 0, 0, 5, 435.04, 195289, 153, 0, 0
468, 0, 165, 201, 162, 8, 37.59%, 0, 0, 5, 434.76, 197473, 153, 0, 0
473, 0, 165, 201, 162, 8, 37.59%, 0, 0, 5, 414.12, 199641, 153, 0, 0
478, 0, 165, 202, 163, 8, 37.59%, 0, 0, 5, 423.29, 201752, 153, 0, 0
483, 0, 165, 202, 163, 8, 37.59%, 0, 0, 5, 417.70, 203904, 153, 0, 0
488, 0, 165, 202, 163, 8, 37.59%, 0, 0, 5, 441.78, 206152, 153, 0, 0
493, 0, 165, 202, 163, 8, 37.59%, 0, 0, 5, 401.83, 208168, 153, 0, 0
498, 0, 165, 202, 163, 8, 37.59%, 0, 0, 5, 406.54, 210224, 153, 0, 0
503, 0, 165, 202, 163, 8, 37.59%, 0, 0, 5, 415.34, 212336, 153, 0, 0
508, 0, 165, 202, 163, 8, 37.59%, 0, 0, 5, 421.13, 214512, 153, 0, 0
513, 0, 193, 202, 162, 8, 37.59%, 0, 0, 5, 440.34, 216824, 153, 0, 0
518, 0, 143, 204, 160, 4, 37.59%, 0, 0, 6, 465.80, 219175, 153, 0, 0
523, 0, 143, 211, 167, 4, 37.84%, 1, 0, 6, 429.94, 221343, 154, 1, 0
528, 0, 143, 212, 168, 4, 37.84%, 1, 0, 6, 422.13, 223510, 154, 1, 0
534, 0, 103, 213, 167, 4, 37.84%, 1, 0, 6, 426.45, 225709, 154, 1, 0
539, 0, 140, 216, 167, 2, 38.33%, 1, 0, 6, 418.06, 227789, 156, 1, 0
544, 0, 214, 216, 164, 2, 38.33%, 1, 0, 6, 433.02, 230103, 156, 1, 0
549, 0, 191, 217, 163, 1, 38.33%, 1, 0, 6, 422.18, 232228, 156, 1, 0
554, 0, 43, 218, 158, 0, 38.33%, 1, 0, 6, 431.56, 234437, 156, 1, 0
559, 0, 171, 220, 158, 0, 38.33%, 1, 0, 6, 428.60, 236611, 156, 1, 0
564, 0, 215, 220, 157, 0, 38.33%, 1, 0, 6, 431.11, 238812, 156, 1, 0
569, 0, 148, 220, 153, 0, 38.33%, 1, 0, 6, 432.44, 241100, 156, 1, 0
574, 0, 157, 220, 150, 0, 38.33%, 1, 0, 6, 413.57, 243162, 156, 1, 0
579, 0, 34, 220, 147, 0, 38.33%, 1, 0, 6, 436.41, 245365, 156, 1, 0
585, 0, 135, 220, 144, 0, 38.33%, 1, 0, 6, 426.24, 247567, 156, 1, 0
590, 0, 217, 220, 142, 0, 38.33%, 1, 0, 6, 451.98, 249829, 156, 1, 0
595, 0, 145, 220, 137, 0, 38.33%, 1, 0, 6, 430.43, 252086, 156, 1, 0
600, 0, 212, 221, 135, 0, 38.33%, 1, 0, 6, 448.00, 254422, 156, 1, 0
602, 0, 212, 222, 136, 0, 38.33%, 1, 0, 6, 417.02, 255318, 156, 1, 0
