# relative_time, cycles_done, cur_item, corpus_count, pending_total, pending_favs, map_size, saved_crashes, saved_hangs, max_depth, execs_per_sec, total_execs, edges_found, total_crashes, servers_count
60, 0, 46, 186, 162, 34, 52.58%, 1, 0, 3, 2050.66, 125203, 214, 1, 0
65, 0, 46, 191, 167, 34, 52.58%, 1, 0, 3, 1926.69, 135087, 214, 1, 0
71, 0, 46, 192, 168, 34, 52.58%, 1, 0, 3, 2049.22, 145890, 214, 1, 0
76, 0, 46, 196, 172, 34, 52.83%, 1, 0, 3, 1967.35, 155859, 215, 1, 0
81, 0, 91, 209, 178, 28, 52.83%, 1, 0, 4, 1996.71, 165981, 215, 1, 0
86, 0, 162, 213, 179, 26, 52.83%, 1, 0, 4, 1852.46, 175343, 215, 1, 0
91, 0, 195, 219, 180, 21, 53.56%, 1, 0, 4, 1970.98, 185429, 218, 1, 0
96, 0, 195, 229, 190, 21, 53.56%, 1, 0, 4, 1926.35, 195327, 218, 1, 0
101, 0, 195, 233, 194, 21, 53.56%, 1, 0, 4, 2049.39, 205925, 218, 1, 0
106, 0, 195, 235, 196, 21, 53.56%, 1, 0, 4, 2051.49, 216568, 218, 1, 0
111, 0, 195, 237, 198, 21, 53.56%, 1, 0, 4, 1955.76, 225998, 218, 1, 0
116, 0, 107, 238, 196, 20, 53.56%, 1, 0, 4, 1519.35, 234910, 218, 1, 0
122, 0, 240, 268, 225, 20, 53.81%, 1, 0, 4, 1823.13, 244517, 219, 1, 0
127, 0, 266, 271, 227, 21, 53.81%, 1, 0, 4, 1874.59, 253981, 219, 1, 0
132, 0, 29, 275, 218, 10, 54.05%, 1, 0, 4, 1946.65, 264440, 220, 1, 0
137, 0, 266, 282, 213, 0, 54.05%, 1, 0, 4, 1978.14, 274066, 220, 1, 0
142, 0, 224, 286, 204, 0, 54.05%, 1, 0, 4, 2058.86, 284682, 220, 1, 0
147, 0, 27, 289, 193, 0, 54.30%, 1, 0, 5, 2021.30, 294739, 221, 1, 0
152, 0, 200, 291, 187, 0, 54.30%, 1, 0, 5, 1909.19, 304106, 221, 1, 0
157, 0, 198, 294, 180, 0, 54.30%, 1, 0, 5, 2008.81, 314550, 221, 1, 0
162, 1, 118, 298, 175, 0, 54.30%, 1, 0, 5, 1868.92, 323811, 221, 1, 0
168, 1, 286, 299, 164, 0, 54.30%, 1, 0, 5, 1959.83, 334024, 221, 1, 0
173, 1, 134, 301, 148, 0, 54.30%, 1, 0, 5, 1975.56, 344054, 221, 1, 0
178, 1, 259, 304, 138, 0, 54.30%, 1, 0, 5, 2018.90, 354734, 221, 1, 0
183, 1, 161, 305, 127, 0, 54.30%, 1, 0, 5, 1843.95, 362215, 221, 1, 0
188, 1, 164, 306, 111, 0, 54.30%, 1, 0, 5, 1914.93, 372094, 221, 1, 0
193, 1, 271, 309, 104, 0, 54.30%, 1, 0, 5, 421.07, 380955, 221, 1, 0
198, 1, 299, 311, 93, 0, 54.30%, 1, 0, 5, 1786.70, 390773, 221, 1, 0
203, 1, 243, 313, 84, 0, 54.30%, 1, 0, 5, 1945.38, 401124, 221, 1, 0
208, 1, 55, 316, 75, 0, 54.30%, 1, 0, 5, 2024.44, 411431, 221, 1, 0
214, 1, 314, 319, 69, 0, 54.30%, 1, 0, 5, 1929.68, 421102, 221, 1, 0
219, 1, 170, 319, 57, 0, 54.30%, 1, 0, 5, 1929.60, 430880, 221, 1, 0
224, 1, 316, 329, 62, 0, 54.30%, 1, 0, 5, 1859.37, 440071, 221, 1, 0
229, 1, 332, 334, 57, 0, 54.30%, 1, 0, 5, 1857.75, 449672, 221, 1, 0
234, 2, 424, 439, 154, 12, 61.18%, 1, 0, 5, 2008.67, 460191, 249, 1, 0
239, 2, 390, 439, 146, 4, 61.18%, 1, 0, 5, 1772.20, 468256, 249, 1, 0
244, 2, 298, 439, 138, 0, 61.18%, 1, 0, 5, 1833.27, 477530, 249, 1, 0
249, 2, 412, 439, 126, 0, 61.18%, 1, 0, 5, 1745.20, 486344, 249, 1, 0
254, 2, 338, 439, 118, 0, 61.18%, 1, 0, 5, 1634.86, 494709, 249, 1, 0
259, 2, 320, 439, 108, 0, 61.18%, 1, 0, 5, 1772.63, 503873, 249, 1, 0
264, 2, 399, 439, 98, 0, 61.18%, 1, 0, 5, 1838.49, 513264, 249, 1, 0
270, 2, 312, 439, 87, 0, 61.18%, 1, 0, 5, 1835.87, 522816, 249, 1, 0
275, 2, 400, 439, 78, 0, 61.18%, 1, 0, 5, 1683.65, 531226, 249, 1, 0
280, 2, 87, 439, 69, 0, 61.18%, 1, 0, 5, 1894.52, 541258, 249, 1, 0
285, 2, 373, 439, 58, 0, 61.18%, 1, 0, 5, 2030.40, 552027, 249, 1, 0
290, 2, 430, 439, 50, 0, 61.18%, 1, 0, 5, 1946.23, 561712, 249, 1, 0
295, 2, 431, 439, 42, 0, 61.18%, 1, 0, 5, 1993.64, 572147, 249, 1, 0
300, 2, 372, 439, 33, 0, 61.18%, 1, 0, 5, 2008.61, 582112, 249, 1, 0
305, 2, 260, 439, 25, 0, 61.18%, 1, 0, 5, 1885.62, 591926, 249, 1, 0
310, 3, 449, 453, 33, 0, 62.41%, 1, 0, 5, 1888.75, 601196, 254, 1, 0
315, 3, 69, 453, 28, 0, 62.41%, 1, 0, 5, 1899.47, 610756, 254, 1, 0
321, 3, 384, 453, 21, 0, 62.41%, 1, 0, 5, 1728.17, 619544, 254, 1, 0
326, 3, 440, 453, 15, 0, 62.41%, 1, 0, 5, 1733.25, 628354, 254, 1, 0
331, 3, 100, 453, 13, 0, 62.41%, 1, 0, 5, 1774.62, 637317, 254, 1, 0
336, 3, 266, 453, 9, 0, 62.41%, 1, 0, 5, 1887.84, 647220, 254, 1, 0
341, 3, 445, 453, 6, 0, 62.41%, 1, 0, 5, 1929.38, 656852, 254, 1, 0
346, 4, 267, 455, 6, 0, 62.65%, 1, 0, 5, 1821.28, 666320, 255, 1, 0
351, 4, 442, 455, 6, 0, 62.65%, 1, 0, 5, 1945.25, 675221, 255, 1, 0
356, 4, 292, 455, 4, 0, 62.65%, 1, 0, 5, 1869.50, 684622, 255, 1, 0
361, 4, 444, 455, 4, 0, 62.65%, 1, 0, 5, 1937.81, 693936, 255, 1, 0
366, 4, 98, 455, 3, 0, 62.65%, 1, 0, 5, 1855.04, 703341, 255, 1, 0
371, 5, 45, 455, 3, 0, 62.65%, 1, 0, 5, 1964.62, 713445, 255, 1, 0
376, 5, 452, 455, 3, 0, 62.65%, 1, 0, 5, 1946.92, 723059, 255, 1, 0
382, 5, 136, 455, 2, 0, 62.65%, 1, 0, 5, 1947.63, 733019, 255, 1, 0
387, 5, 123, 455, 2, 0, 62.65%, 1, 0, 5, 1864.98, 742720, 255, 1, 0
392, 6, 426, 455, 2, 0, 62.65%, 1, 0, 5, 1822.27, 752423, 255, 1, 0
397, 6, 147, 455, 1, 0, 62.65%, 1, 0, 5, 1645.48, 760847, 255, 1, 0
402, 6, 455, 456, 2, 1, 62.90%, 1, 0, 5, 1907.59, 771006, 256, 1, 0
407, 6, 457, 460, 4, 0, 63.14%, 1, 0, 5, 1929.29, 780954, 257, 1, 0
413, 6, 410, 461, 4, 0, 63.14%, 1, 0, 5, 1812.69, 789666, 257, 1, 0
418, 7, 458, 463, 6, 0, 63.14%, 1, 0, 5, 1684.80, 797894, 257, 1, 0
423, 7, 32, 463, 4, 0, 63.14%, 1, 0, 5, 1822.18, 807844, 257, 1, 0
428, 7, 106, 463, 3, 0, 63.14%, 1, 0, 5, 1815.88, 817157, 257, 1, 0
433, 7, 464, 467, 4, 0, 63.88%, 1, 0, 6, 1952.24, 826998, 260, 1, 0
438, 7, 409, 467, 3, 0, 63.88%, 1, 0, 6, 1885.38, 836595, 260, 1, 0
443, 7, 287, 467, 2, 0, 63.88%, 1, 0, 6, 1898.22, 845523, 260, 1, 0
448, 7, 134, 467, 2, 0, 63.88%, 1, 0, 6, 1818.98, 854827, 260, 1, 0
453, 8, 226, 468, 3, 0, 63.88%, 1, 0, 6, 1826.61, 863472, 260, 1, 0
458, 8, 44, 468, 1, 0, 63.88%, 2, 0, 6, 1932.41, 873187, 260, 2, 0
464, 8, 404, 468, 1, 0, 63.88%, 2, 0, 6, 1895.71, 883093, 260, 2, 0
469, 8, 287, 469, 2, 0, 63.88%, 2, 0, 6, 1760.05, 891595, 260, 2, 0
474, 8, 379, 469, 1, 0, 63.88%, 2, 0, 6, 1927.78, 901548, 260, 4, 0
479, 9, 466, 470, 2, 0, 63.88%, 2, 0, 6, 1512.57, 909819, 260, 4, 0
484, 9, 297, 470, 2, 0, 63.88%, 2, 0, 6, 695.92, 916650, 260, 4, 0
489, 9, 187, 470, 1, 0, 63.88%, 2, 0, 6, 1592.58, 925832, 260, 4, 0
494, 9, 465, 470, 1, 0, 63.88%, 2, 0, 6, 1903.56, 936145, 260, 4, 0
500, 9, 443, 470, 1, 0, 63.88%, 2, 0, 6, 1880.54, 945844, 260, 4, 0
505, 10, 356, 471, 0, 0, 63.88%, 2, 0, 6, 1892.43, 955867, 260, 4, 0
510, 10, 470, 471, 0, 0, 63.88%, 2, 0, 6, 1934.05, 965622, 260, 4, 0
515, 10, 307, 471, 0, 0, 63.88%, 2, 0, 6, 2074.04, 976033, 260, 4, 0
520, 10, 347, 471, 0, 0, 63.88%, 2, 0, 6, 1936.51, 985839, 260, 5, 0
525, 10, 419, 471, 0, 0, 63.88%, 2, 0, 6, 1932.77, 995554, 260, 5, 0
530, 11, 377, 472, 1, 0, 63.88%, 2, 0, 6, 1922.70, 1005647, 260, 5, 0
535, 11, 471, 472, 1, 0, 63.88%, 2, 0, 6, 1846.99, 1015059, 260, 5, 0
540, 11, 16, 472, 0, 0, 63.88%, 2, 0, 6, 1952.47, 1024803, 260, 5, 0
545, 11, 267, 472, 0, 0, 63.88%, 2, 0, 6, 1877.69, 1034086, 260, 5, 0
551, 11, 470, 472, 0, 0, 63.88%, 2, 0, 6, 1749.80, 1042706, 260, 5, 0
556, 12, 251, 473, 1, 0, 63.88%, 2, 0, 6, 1908.20, 1052354, 260, 5, 0
561, 12, 173, 473, 1, 0, 63.88%, 2, 0, 6, 1937.38, 1062026, 260, 5, 0
566, 12, 439, 473, 1, 0, 63.88%, 2, 0, 6, 1959.11, 1071895, 260, 6, 0
571, 12, 465, 473, 0, 0, 63.88%, 2, 0, 6, 1972.21, 1082186, 260, 6, 0
576, 12, 379, 473, 0, 0, 63.88%, 2, 0, 6, 1953.44, 1092022, 260, 7, 0
581, 13, 124, 473, 0, 0, 63.88%, 2, 0, 6, 1970.01, 1102236, 260, 7, 0
586, 13, 419, 473, 0, 0, 63.88%, 2, 0, 6, 1930.23, 1111996, 260, 7, 0
591, 13, 440, 473, 0, 0, 63.88%, 2, 0, 6, 1922.32, 1122069, 260, 7, 0
596, 13, 136, 473, 0, 0, 63.88%, 2, 0, 6, 1894.61, 1131743, 260, 7, 0
598, 13, 399, 473, 0, 0, 63.88%, 2, 0, 6, 1825.22, 1134278, 260, 7, 0
