# relative_time, cycles_done, cur_item, corpus_count, pending_total, pending_favs, map_size, saved_crashes, saved_hangs, max_depth, execs_per_sec, total_execs, edges_found, total_crashes, servers_count
61, 0, 9, 95, 90, 4, 30.96%, 0, 0, 2, 425.08, 27411, 126, 0, 0
66, 0, 9, 95, 90, 4, 30.96%, 0, 0, 2, 429.92, 29683, 126, 0, 0
71, 0, 9, 99, 94, 4, 30.96%, 0, 0, 2, 442.93, 31951, 126, 0, 0
76, 0, 9, 99, 94, 4, 30.96%, 0, 0, 2, 427.62, 34159, 126, 0, 0
81, 0, 9, 100, 95, 4, 30.96%, 0, 0, 2, 445.51, 36374, 126, 0, 0
86, 0, 9, 100, 95, 4, 30.96%, 0, 0, 2, 436.47, 38590, 126, 0, 0
91, 0, 9, 100, 95, 4, 30.96%, 0, 0, 2, 457.06, 40936, 126, 0, 0
96, 0, 9, 105, 100, 4, 30.96%, 0, 0, 2, 461.95, 43248, 126, 0, 0
102, 0, 9, 105, 100, 4, 30.96%, 0, 0, 2, 466.54, 45723, 126, 0, 0
107, 0, 9, 105, 100, 4, 30.96%, 0, 0, 2, 444.37, 48000, 126, 0, 0
112, 0, 9, 105, 100, 4, 30.96%, 0, 0, 2, 461.65, 50259, 126, 0, 0
117, 0, 9, 106, 101, 4, 30.96%, 0, 0, 2, 444.54, 52552, 126, 0, 0
122, 0, 9, 143, 137, 3, 46.44%, 0, 0, 2, 441.14, 54804, 189, 0, 0
127, 0, 116, 166, 159, 33, 47.42%, 0, 0, 2, 423.12, 56910, 193, 0, 0
132, 0, 116, 177, 170, 33, 48.40%, 1, 0, 2, 423.48, 59082, 197, 1, 0
137, 0, 116, 181, 174, 33, 48.40%, 1, 0, 2, 415.59, 61174, 197, 1, 0
142, 0, 116, 186, 179, 33, 48.40%, 1, 0, 2, 436.47, 63409, 197, 2, 0
147, 0, 116, 189, 182, 33, 48.40%, 1, 0, 2, 411.61, 65470, 197, 2, 0
152, 0, 116, 190, 183, 33, 48.40%, 1, 0, 2, 429.48, 67685, 197, 2, 0
158, 0, 116, 192, 185, 33, 48.40%, 1, 0, 2, 430.50, 69859, 197, 2, 0
163, 0, 116, 193, 186, 33, 48.40%, 1, 0, 2, 447.11, 72042, 197, 2, 0
168, 0, 116, 196, 189, 33, 48.40%, 1, 0, 2, 454.31, 74388, 197, 2, 0
173, 0, 116, 196, 189, 33, 48.40%, 1, 0, 2, 426.69, 76535, 197, 2, 0
178, 0, 116, 197, 190, 33, 48.40%, 1, 0, 2, 441.74, 78798, 197, 2, 0
183, 0, 116, 198, 191, 33, 48.40%, 1, 0, 2, 435.41, 81069, 197, 2, 0
188, 0, 116, 200, 193, 33, 48.40%, 1, 0, 2, 417.87, 83163, 197, 2, 0
193, 0, 116, 203, 196, 33, 48.65%, 1, 0, 2, 434.21, 85497, 198, 2, 0
199, 0, 116, 203, 196, 33, 48.65%, 1, 0, 2, 476.26, 88037, 198, 2, 0
204, 0, 116, 203, 196, 33, 48.65%, 1, 0, 2, 445.44, 90257, 198, 2, 0
209, 0, 116, 203, 196, 33, 48.65%, 1, 0, 2, 448.45, 92573, 198, 2, 0
214, 0, 116, 203, 196, 33, 48.65%, 1, 0, 2, 433.68, 94769, 198, 2, 0
219, 0, 200, 204, 190, 29, 48.89%, 1, 0, 3, 452.62, 97062, 199, 2, 0
224, 0, 111, 216, 201, 28, 54.05%, 1, 0, 3, 423.77, 99147, 220, 2, 0
229, 0, 111, 216, 201, 28, 54.05%, 1, 0, 3, 431.46, 101307, 220, 2, 0
234, 0, 215, 216, 200, 34, 54.05%, 1, 0, 3, 352.16, 102911, 220, 2, 0
239, 0, 113, 220, 203, 33, 54.55%, 1, 0, 3, 350.89, 104713, 222, 2, 0
244, 0, 110, 220, 201, 32, 54.55%, 1, 0, 3, 357.74, 106554, 222, 2, 0
250, 0, 206, 221, 201, 32, 54.79%, 1, 0, 3, 291.33, 108051, 223, 2, 0
255, 0, 206, 221, 201, 32, 54.79%, 1, 0, 3, 202.62, 109033, 223, 2, 0
260, 0, 144, 222, 201, 31, 54.79%, 1, 0, 3, 206.07, 109964, 223, 2, 0
265, 0, 138, 224, 202, 30, 54.79%, 1, 0, 3, 299.20, 111601, 223, 2, 0
270, 0, 204, 229, 206, 30, 55.04%, 1, 0, 3, 340.26, 113365, 224, 2, 0
275, 0, 212, 229, 205, 29, 55.04%, 1, 0, 3, 352.40, 115192, 224, 2, 0
280, 0, 231, 232, 206, 29, 55.04%, 1, 0, 4, 356.79, 116949, 224, 2, 0
286, 0, 208, 233, 206, 28, 55.04%, 1, 0, 4, 391.45, 118960, 224, 2, 0
291, 0, 248, 250, 222, 29, 55.28%, 1, 0, 4, 381.45, 120883, 225, 2, 0
296, 0, 252, 253, 224, 29, 55.28%, 1, 0, 4, 415.40, 123092, 225, 2, 0
301, 0, 225, 253, 222, 27, 55.28%, 1, 0, 4, 439.46, 125288, 225, 2, 0
306, 0, 251, 258, 226, 28, 55.77%, 1, 0, 4, 457.09, 127623, 227, 2, 0
311, 0, 122, 258, 224, 26, 55.77%, 1, 0, 4, 406.03, 129663, 227, 2, 0
316, 0, 122, 258, 224, 26, 55.77%, 1, 0, 4, 384.08, 131630, 227, 2, 0
321, 0, 122, 258, 224, 26, 55.77%, 1, 0, 4, 397.37, 133604, 227, 2, 0
326, 0, 122, 258, 224, 26, 55.77%, 1, 0, 4, 421.43, 135807, 227, 2, 0
331, 0, 122, 258, 224, 26, 55.77%, 1, 0, 4, 419.34, 137855, 227, 2, 0
336, 0, 67, 260, 225, 25, 55.77%, 1, 0, 4, 394.19, 139846, 227, 2, 0
341, 0, 0, 261, 223, 23, 56.02%, 1, 0, 4, 412.56, 141976, 228, 2, 0
347, 0, 260, 261, 222, 22, 56.02%, 1, 0, 4, 411.41, 144071, 228, 2, 0
352, 0, 261, 262, 221, 20, 56.02%, 1, 0, 4, 442.06, 146282, 228, 2, 0
357, 0, 261, 283, 242, 20, 56.02%, 1, 0, 5, 405.88, 148331, 228, 2, 0
362, 0, 261, 299, 258, 20, 56.02%, 1, 0, 5, 412.94, 150507, 228, 2, 0
367, 0, 261, 304, 263, 20, 56.02%, 1, 0, 5, 433.72, 152678, 228, 2, 0
372, 0, 261, 305, 264, 20, 56.02%, 1, 0, 5, 420.32, 154781, 228, 2, 0
377, 0, 261, 308, 267, 20, 56.02%, 1, 0, 5, 429.83, 156938, 228, 2, 0
382, 0, 261, 310, 269, 20, 56.02%, 1, 0, 5, 437.32, 159144, 228, 2, 0
387, 0, 261, 312, 271, 20, 56.02%, 1, 0, 5, 400.62, 161207, 228, 2, 0
392, 0, 125, 313, 269, 18, 56.02%, 1, 0, 6, 403.50, 163305, 228, 2, 0
397, 0, 31, 313, 267, 16, 56.02%, 1, 0, 6, 436.07, 165551, 228, 2, 0
403, 0, 124, 313, 263, 12, 56.02%, 1, 0, 6, 456.70, 167790, 228, 2, 0
408, 0, 217, 315, 264, 12, 56.76%, 1, 0, 6, 437.14, 170106, 231, 2, 0
413, 0, 183, 317, 264, 11, 56.76%, 1, 0, 6, 423.09, 172195, 231, 2, 0
418, 0, 323, 329, 275, 12, 57.00%, 1, 0, 6, 430.60, 174401, 232, 2, 0
423, 0, 321, 330, 273, 10, 57.00%, 1, 0, 6, 437.28, 176569, 232, 2, 0
428, 0, 165, 330, 271, 8, 57.00%, 1, 0, 6, 427.84, 178694, 232, 2, 0
433, 0, 152, 330, 268, 5, 57.00%, 1, 0, 6, 432.12, 180853, 232, 2, 0
438, 0, 244, 331, 264, 0, 57.00%, 1, 0, 6, 391.27, 182812, 232, 2, 0
443, 0, 280, 332, 264, 0, 57.00%, 1, 0, 6, 408.32, 184928, 232, 2, 0
448, 0, 251, 332, 262, 0, 57.00%, 1, 0, 6, 432.15, 187239, 232, 2, 0
453, 0, 332, 333, 262, 1, 57.25%, 1, 0, 6, 439.34, 189419, 233, 2, 0
458, 0, 94, 333, 260, 0, 57.25%, 1, 0, 6, 442.58, 191593, 233, 2, 0
464, 0, 328, 333, 257, 0, 57.25%, 1, 0, 6, 452.18, 193887, 233, 2, 0
469, 0, 152, 333, 254, 0, 57.25%, 1, 0, 6, 451.16, 196062, 233, 2, 0
474, 0, 272, 334, 252, 0, 57.25%, 1, 0, 6, 476.28, 198588, 233, 2, 0
479, 0, 269, 334, 251, 0, 57.25%, 1, 0, 6, 443.05, 200809, 233, 2, 0
484, 0, 269, 339, 256, 0, 57.25%, 1, 0, 6, 438.38, 203060, 233, 2, 0
489, 0, 269, 340, 257, 0, 57.25%, 1, 0, 6, 477.95, 205534, 233, 2, 0
494, 0, 269, 340, 257, 0, 57.25%, 1, 0, 6, 439.89, 207867, 233, 2, 0
499, 0, 269, 341, 258, 0, 57.25%, 1, 0, 6, 373.24, 209731, 233, 2, 0
504, 0, 170, 341, 256, 0, 57.25%, 1, 0, 6, 447.17, 212135, 233, 2, 0
509, 0, 242, 343, 256, 0, 57.25%, 1, 0, 6, 467.04, 214492, 233, 2, 0
514, 0, 319, 343, 254, 0, 57.25%, 1, 0, 6, 440.19, 216757, 233, 2, 0
519, 0, 51, 344, 253, 0, 57.25%, 1, 0, 6, 398.33, 218738, 233, 2, 0
525, 0, 214, 345, 252, 0, 57.25%, 1, 0, 6, 416.10, 220833, 233, 2, 0
530, 0, 165, 345, 250, 0, 57.25%, 1, 0, 6, 434.36, 223039, 233, 2, 0
535, 0, 149, 348, 251, 0, 57.25%, 1, 0, 6, 409.18, 225081, 233, 2, 0
540, 0, 149, 350, 253, 0, 57.25%, 1, 0, 6, 429.78, 227263, 233, 2, 0
545, 0, 149, 350, 253, 0, 57.25%, 1, 0, 6, 431.34, 229495, 233, 2, 0
550, 0, 149, 351, 254, 0, 57.25%, 1, 0, 6, 444.46, 231782, 233, 2, 0
555, 0, 149, 352, 255, 0, 57.25%, 1, 0, 6, 457.27, 234066, 233, 2, 0
560, 0, 127, 352, 254, 0, 57.25%, 1, 0, 6, 432.52, 236236, 233, 2, 0
565, 0, 37, 352, 251, 0, 57.25%, 1, 0, 6, 452.07, 238566, 233, 2, 0
570, 0, 337, 352, 249, 0, 57.25%, 1, 0, 6, 446.61, 240766, 233, 2, 0
575, 0, 167, 353, 248, 0, 57.25%, 1, 0, 7, 408.89, 242783, 233, 2, 0
580, 0, 342, 356, 248, 0, 57.25%, 1, 0, 7, 413.90, 244888, 233, 2, 0
585, 0, 342, 357, 249, 0, 57.25%, 1, 0, 7, 396.87, 246859, 233, 2, 0
590, 0, 342, 357, 249, 0, 57.25%, 1, 0, 7, 421.04, 249039, 233, 2, 0
596, 0, 275, 357, 247, 0, 57.25%, 1, 0, 7, 405.61, 251127, 233, 2, 0
601, 0, 333, 357, 244, 0, 57.25%, 1, 0, 7, 435.37, 253303, 233, 2, 0
606, 0, 173, 358, 244, 0, 57.25%, 1, 0, 7, 440.60, 255586, 233, 2, 0
611, 0, 263, 358, 242, 0, 57.25%, 1, 0, 7, 398.66, 257618, 233, 2, 0
616, 0, 225, 358, 240, 0, 57.25%, 1, 0, 7, 440.82, 259971, 233, 2, 0
621, 0, 132, 358, 239, 0, 57.25%, 1, 0, 7, 419.17, 262044, 233, 2, 0
626, 0, 273, 358, 238, 0, 57.25%, 1, 0, 7, 423.56, 264219, 233, 2, 0
631, 0, 204, 358, 234, 0, 57.25%, 1, 0, 7, 402.64, 266285, 233, 2, 0
636, 0, 241, 358, 234, 0, 57.25%, 1, 0, 7, 409.39, 268291, 233, 2, 0
641, 0, 338, 358, 233, 0, 57.25%, 1, 0, 7, 436.38, 270487, 233, 2, 0
646, 0, 331, 359, 232, 0, 57.25%, 1, 0, 7, 417.14, 272657, 233, 2, 0
651, 0, 310, 361, 233, 0, 57.25%, 1, 0, 7, 416.88, 274812, 233, 2, 0
656, 0, 310, 364, 236, 0, 57.49%, 1, 0, 7, 412.10, 276921, 234, 2, 0
662, 0, 310, 365, 237, 0, 57.49%, 1, 0, 7, 417.04, 279136, 234, 2, 0
667, 0, 310, 365, 237, 0, 57.49%, 1, 0, 7, 454.82, 281408, 234, 2, 0
672, 0, 310, 365, 237, 0, 57.49%, 1, 0, 7, 420.67, 283536, 234, 2, 0
677, 0, 310, 366, 238, 0, 57.49%, 1, 0, 7, 441.14, 285759, 234, 2, 0
682, 0, 362, 366, 237, 1, 57.49%, 1, 0, 7, 436.11, 287935, 234, 2, 0
687, 0, 362, 366, 237, 1, 57.49%, 1, 0, 7, 83.33, 290092, 234, 2, 0
692, 0, 233, 366, 234, 0, 57.49%, 1, 0, 7, 436.79, 292229, 234, 2, 0
697, 0, 268, 366, 233, 0, 57.49%, 1, 0, 7, 426.14, 294364, 234, 2, 0
702, 0, 351, 368, 233, 0, 57.49%, 1, 0, 7, 455.87, 296699, 234, 2, 0
707, 0, 251, 368, 230, 0, 57.49%, 1, 0, 7, 425.23, 298819, 234, 2, 0
712, 0, 68, 368, 228, 0, 57.49%, 1, 0, 7, 417.79, 300938, 234, 2, 0
717, 0, 168, 368, 225, 0, 57.49%, 1, 0, 7, 450.66, 303267, 234, 2, 0
722, 0, 309, 368, 223, 0, 57.49%, 1, 0, 7, 420.10, 305349, 234, 2, 0
728, 0, 185, 368, 221, 0, 57.49%, 1, 0, 7, 417.47, 307437, 234, 2, 0
733, 0, 96, 369, 219, 0, 57.49%, 1, 0, 7, 426.67, 309626, 234, 2, 0
738, 0, 334, 369, 216, 0, 57.49%, 1, 0, 7, 407.62, 311625, 234, 2, 0
743, 0, 294, 370, 214, 0, 57.49%, 1, 0, 7, 421.84, 313815, 234, 2, 0
748, 0, 339, 370, 213, 0, 57.49%, 1, 0, 7, 455.54, 316184, 234, 2, 0
753, 0, 342, 370, 210, 0, 57.49%, 1, 0, 7, 441.74, 318498, 234, 2, 0
758, 0, 139, 370, 210, 0, 57.49%, 1, 0, 7, 408.80, 320530, 234, 2, 0
763, 0, 247, 370, 208, 0, 57.49%, 1, 0, 7, 415.59, 322667, 234, 2, 0
768, 0, 305, 370, 205, 0, 57.49%, 1, 0, 7, 423.19, 324818, 234, 2, 0
773, 0, 114, 370, 204, 0, 57.49%, 1, 0, 7, 423.96, 326891, 234, 2, 0
778, 0, 137, 371, 203, 0, 57.49%, 1, 0, 7, 410.03, 328963, 234, 2, 0
783, 0, 360, 371, 202, 0, 57.49%, 1, 0, 7, 423.22, 331147, 234, 2, 0
789, 1, 20, 371, 200, 0, 57.49%, 1, 0, 7, 440.22, 333408, 234, 2, 0
794, 1, 270, 371, 196, 0, 57.49%, 1, 0, 7, 429.03, 335552, 234, 2, 0
799, 1, 192, 371, 194, 0, 57.49%, 1, 0, 7, 430.98, 337815, 234, 2, 0
804, 1, 238, 371, 191, 0, 57.49%, 1, 0, 7, 417.20, 339947, 234, 2, 0
809, 1, 253, 371, 189, 0, 57.49%, 1, 0, 7, 429.75, 342217, 234, 2, 0
814, 1, 342, 372, 187, 0, 57.49%, 1, 0, 7, 391.73, 344124, 234, 2, 0
819, 1, 372, 373, 187, 1, 57.74%, 1, 0, 7, 402.21, 346191, 235, 2, 0
825, 1, 370, 375, 186, 0, 57.74%, 1, 0, 7, 448.66, 348614, 235, 2, 0
830, 1, 295, 375, 185, 0, 57.74%, 1, 0, 7, 415.49, 350729, 235, 2, 0
835, 1, 260, 375, 182, 0, 57.74%, 1, 0, 7, 440.41, 352913, 235, 2, 0
840, 1, 94, 375, 177, 0, 57.74%, 1, 0, 7, 405.03, 354960, 235, 2, 0
845, 1, 375, 377, 177, 1, 57.99%, 1, 0, 7, 396.88, 356983, 236, 2, 0
850, 1, 378, 379, 173, 1, 58.23%, 1, 0, 7, 429.69, 359268, 237, 2, 0
855, 1, 379, 383, 175, 1, 58.72%, 1, 0, 7, 484.64, 361763, 239, 2, 0
860, 1, 276, 383, 173, 0, 58.72%, 1, 0, 7, 445.21, 363984, 239, 2, 0
865, 1, 108, 383, 171, 0, 58.72%, 1, 0, 7, 438.23, 366216, 239, 2, 0
870, 1, 343, 384, 169, 0, 58.72%, 1, 0, 7, 448.96, 368511, 239, 2, 0
875, 1, 169, 384, 167, 0, 58.72%, 1, 0, 7, 438.50, 370794, 239, 2, 0
880, 1, 180, 384, 165, 0, 58.72%, 1, 0, 7, 426.70, 372893, 239, 2, 0
885, 1, 22, 384, 161, 0, 58.72%, 1, 0, 7, 437.20, 375056, 239, 2, 0
890, 1, 358, 386, 158, 0, 58.72%, 1, 0, 7, 447.06, 377309, 239, 2, 0
896, 1, 101, 386, 156, 0, 58.72%, 1, 0, 7, 407.14, 379415, 239, 2, 0
901, 1, 126, 386, 151, 0, 58.72%, 1, 0, 7, 383.82, 381404, 239, 2, 0
904, 1, 136, 386, 150, 0, 58.72%, 1, 0, 7, 412.15, 382861, 239, 2, 0
