# relative_time, cycles_done, cur_item, corpus_count, pending_total, pending_favs, map_size, saved_crashes, saved_hangs, max_depth, execs_per_sec, total_execs, edges_found, total_crashes, servers_count
60, 0, 9, 103, 98, 4, 30.96%, 0, 0, 2, 448.89, 26707, 126, 0, 0
66, 0, 9, 105, 100, 4, 31.94%, 0, 0, 2, 447.58, 28953, 130, 0, 0
71, 0, 9, 106, 101, 4, 31.94%, 0, 0, 2, 468.37, 31295, 130, 0, 0
76, 0, 9, 108, 103, 4, 31.94%, 0, 0, 2, 460.23, 33559, 130, 0, 0
81, 0, 9, 109, 104, 4, 31.94%, 0, 0, 2, 434.41, 35750, 130, 0, 0
86, 0, 9, 109, 104, 4, 31.94%, 0, 0, 2, 431.56, 37982, 130, 0, 0
91, 0, 9, 109, 104, 4, 31.94%, 0, 0, 2, 450.73, 40253, 130, 0, 0
96, 0, 9, 110, 105, 4, 31.94%, 0, 0, 2, 455.32, 42555, 130, 0, 0
101, 0, 9, 111, 106, 4, 31.94%, 0, 0, 2, 466.21, 44902, 130, 0, 0
106, 0, 9, 114, 109, 4, 31.94%, 0, 0, 2, 486.46, 47443, 130, 0, 0
111, 0, 9, 115, 110, 4, 31.94%, 0, 0, 2, 453.80, 49727, 130, 0, 0
116, 0, 9, 115, 110, 4, 31.94%, 0, 0, 2, 479.51, 52121, 130, 0, 0
121, 0, 9, 115, 110, 4, 31.94%, 0, 0, 2, 447.28, 54256, 130, 0, 0
126, 0, 3, 158, 145, 32, 45.45%, 0, 0, 3, 448.67, 56641, 185, 0, 0
131, 0, 117, 159, 143, 30, 45.70%, 0, 0, 3, 458.40, 58973, 186, 0, 0
137, 0, 69, 160, 142, 29, 45.70%, 0, 0, 3, 409.61, 60997, 186, 0, 0
142, 0, 120, 166, 147, 28, 46.44%, 1, 0, 3, 435.20, 63295, 189, 1, 0
147, 0, 52, 167, 146, 27, 46.44%, 1, 0, 3, 438.51, 65517, 189, 1, 0
152, 0, 163, 167, 142, 23, 46.44%, 1, 0, 3, 462.79, 67814, 189, 1, 0
157, 0, 140, 172, 146, 22, 47.17%, 1, 0, 3, 425.42, 69955, 192, 1, 0
162, 0, 176, 178, 151, 23, 47.42%, 1, 0, 3, 431.04, 72207, 193, 1, 0
167, 0, 103, 178, 149, 21, 47.42%, 1, 0, 3, 406.61, 74214, 193, 1, 0
172, 0, 141, 179, 147, 19, 47.42%, 1, 0, 3, 419.01, 76301, 193, 1, 0
177, 0, 182, 191, 158, 19, 47.42%, 1, 0, 3, 433.31, 78474, 193, 1, 0
182, 0, 146, 191, 156, 17, 47.42%, 1, 0, 3, 417.53, 80602, 193, 1, 0
188, 0, 15, 195, 158, 15, 47.42%, 1, 0, 3, 411.50, 82681, 193, 1, 0
193, 0, 91, 197, 158, 13, 47.42%, 1, 0, 3, 420.09, 84794, 193, 1, 0
198, 0, 91, 200, 161, 13, 47.42%, 1, 0, 3, 406.01, 86847, 193, 1, 0
203, 0, 91, 201, 162, 13, 47.42%, 1, 0, 3, 414.03, 88998, 193, 1, 0
208, 0, 91, 205, 166, 13, 47.42%, 1, 0, 3, 422.92, 91138, 193, 1, 0
213, 0, 91, 206, 167, 13, 47.42%, 1, 0, 3, 431.03, 93249, 193, 1, 0
218, 0, 91, 206, 167, 13, 47.42%, 1, 0, 3, 433.31, 95393, 193, 1, 0
223, 0, 91, 206, 167, 13, 47.42%, 1, 0, 3, 441.28, 97745, 193, 1, 0
228, 0, 91, 206, 167, 13, 47.42%, 1, 0, 3, 427.27, 99961, 193, 1, 0
233, 0, 91, 206, 167, 13, 47.42%, 1, 0, 3, 431.92, 102209, 193, 1, 0
239, 0, 91, 206, 167, 13, 47.42%, 1, 0, 3, 394.86, 104207, 193, 1, 0
244, 0, 91, 207, 168, 13, 47.42%, 1, 0, 3, 392.97, 106195, 193, 1, 0
249, 0, 91, 208, 169, 13, 47.42%, 1, 0, 3, 384.94, 108155, 193, 1, 0
254, 0, 91, 208, 169, 13, 47.42%, 1, 0, 3, 411.84, 110295, 193, 1, 0
259, 0, 91, 210, 171, 13, 47.42%, 1, 0, 3, 425.12, 112477, 193, 1, 0
264, 0, 91, 210, 171, 13, 47.42%, 1, 0, 3, 398.67, 114477, 193, 1, 0
269, 0, 91, 210, 171, 13, 47.42%, 1, 0, 3, 402.58, 116589, 193, 1, 0
274, 0, 91, 211, 172, 13, 47.42%, 1, 0, 3, 418.02, 118788, 193, 1, 0
279, 0, 91, 211, 172, 13, 47.42%, 1, 0, 3, 425.40, 120948, 193, 1, 0
284, 0, 91, 211, 172, 13, 47.42%, 1, 0, 3, 414.52, 123004, 193, 1, 0
290, 0, 129, 211, 169, 11, 47.42%, 1, 0, 3, 409.98, 125147, 193, 1, 0
295, 0, 129, 211, 169, 11, 47.42%, 1, 0, 3, 393.27, 127129, 193, 1, 0
300, 0, 129, 211, 169, 11, 47.42%, 1, 0, 3, 389.18, 129054, 193, 1, 0
305, 0, 129, 211, 169, 11, 47.42%, 1, 0, 3, 416.43, 131184, 193, 1, 0
310, 0, 167, 215, 171, 9, 47.42%, 1, 0, 4, 432.93, 133402, 193, 1, 0
315, 0, 167, 228, 184, 9, 48.16%, 1, 0, 4, 430.29, 135589, 196, 1, 0
320, 0, 167, 231, 187, 9, 48.16%, 1, 0, 4, 401.66, 137602, 196, 1, 0
325, 0, 167, 232, 188, 9, 48.16%, 2, 0, 4, 381.67, 139539, 196, 2, 0
330, 0, 167, 232, 188, 9, 48.16%, 2, 0, 4, 441.22, 141785, 196, 2, 0
335, 0, 167, 232, 188, 9, 48.16%, 2, 0, 4, 425.28, 143849, 196, 2, 0
340, 0, 167, 232, 188, 9, 48.16%, 2, 0, 4, 414.31, 145985, 196, 2, 0
346, 0, 167, 233, 189, 9, 48.16%, 2, 0, 4, 372.37, 147841, 196, 2, 0
351, 0, 167, 233, 189, 9, 48.16%, 2, 0, 4, 396.99, 149920, 196, 2, 0
356, 0, 167, 233, 189, 9, 48.16%, 2, 0, 4, 421.22, 152008, 196, 2, 0
361, 0, 167, 234, 190, 9, 48.16%, 2, 0, 4, 405.52, 154015, 196, 2, 0
366, 0, 167, 234, 190, 9, 48.16%, 2, 0, 4, 414.07, 156103, 196, 2, 0
371, 0, 167, 234, 190, 9, 48.16%, 2, 0, 4, 412.47, 158223, 196, 2, 0
376, 0, 167, 234, 190, 9, 48.16%, 2, 0, 4, 401.02, 160207, 196, 2, 0
381, 0, 167, 234, 190, 9, 48.16%, 2, 0, 4, 414.25, 162303, 196, 2, 0
386, 0, 167, 235, 191, 9, 48.16%, 2, 0, 4, 403.33, 164374, 196, 2, 0
391, 0, 167, 235, 191, 9, 48.16%, 2, 0, 4, 382.76, 166349, 196, 2, 0
396, 0, 167, 235, 191, 9, 48.16%, 2, 0, 4, 377.76, 168260, 196, 2, 0
401, 0, 167, 235, 191, 9, 48.16%, 2, 0, 4, 413.98, 170407, 196, 2, 0
406, 0, 167, 235, 191, 9, 48.16%, 2, 0, 4, 409.93, 172431, 196, 2, 0
411, 0, 178, 235, 188, 7, 48.16%, 2, 0, 4, 412.50, 174522, 196, 2, 0
416, 0, 226, 237, 189, 6, 48.16%, 2, 0, 5, 426.55, 176732, 196, 2, 0
421, 0, 161, 237, 186, 4, 48.16%, 2, 0, 5, 431.07, 178911, 196, 2, 0
426, 0, 165, 238, 184, 1, 48.16%, 2, 0, 5, 448.01, 181144, 196, 2, 0
432, 0, 238, 242, 187, 0, 48.16%, 2, 0, 5, 443.92, 183421, 196, 2, 0
437, 0, 68, 246, 189, 0, 48.16%, 2, 0, 5, 447.40, 185664, 196, 2, 0
442, 0, 223, 246, 187, 0, 48.16%, 2, 0, 5, 429.56, 187814, 196, 2, 0
447, 0, 156, 247, 187, 0, 48.16%, 2, 0, 5, 440.69, 190045, 196, 2, 0
452, 0, 230, 247, 181, 0, 48.16%, 2, 0, 5, 446.83, 192339, 196, 2, 0
457, 0, 235, 249, 182, 0, 48.16%, 2, 0, 6, 432.22, 194470, 196, 2, 0
462, 0, 143, 249, 180, 0, 48.16%, 2, 0, 6, 434.64, 196704, 196, 2, 0
467, 0, 242, 251, 180, 0, 48.16%, 2, 0, 6, 427.02, 198824, 196, 2, 0
472, 0, 147, 251, 178, 0, 48.16%, 2, 0, 6, 432.23, 201023, 196, 2, 0
477, 0, 150, 251, 174, 0, 48.16%, 2, 0, 6, 431.32, 203195, 196, 2, 0
482, 0, 176, 253, 174, 0, 48.40%, 2, 0, 6, 417.85, 205279, 197, 2, 0
487, 0, 48, 254, 174, 0, 48.40%, 2, 0, 6, 393.26, 207326, 197, 2, 0
492, 0, 206, 256, 174, 0, 48.40%, 2, 0, 6, 454.27, 209739, 197, 2, 0
498, 0, 256, 257, 173, 1, 48.65%, 2, 0, 6, 424.80, 211856, 198, 2, 0
503, 0, 165, 258, 171, 0, 48.65%, 2, 0, 6, 412.55, 213912, 198, 2, 0
508, 0, 139, 258, 168, 0, 48.65%, 2, 0, 6, 443.97, 216276, 198, 2, 0
513, 0, 111, 259, 168, 0, 48.65%, 2, 0, 6, 408.16, 218253, 198, 2, 0
518, 0, 215, 259, 167, 0, 48.65%, 2, 0, 6, 395.58, 220223, 198, 2, 0
523, 0, 194, 259, 165, 0, 48.65%, 2, 0, 6, 441.11, 222431, 198, 2, 0
528, 0, 132, 259, 164, 0, 48.65%, 2, 0, 6, 431.00, 224552, 198, 2, 0
533, 0, 254, 259, 161, 0, 48.65%, 2, 0, 6, 444.17, 226737, 198, 2, 0
538, 0, 233, 261, 161, 0, 48.65%, 2, 0, 6, 405.26, 228764, 198, 2, 0
543, 0, 233, 262, 162, 0, 48.65%, 2, 0, 6, 431.05, 231021, 198, 2, 0
548, 0, 172, 264, 161, 0, 48.65%, 2, 0, 6, 428.78, 233264, 198, 2, 0
554, 0, 15, 264, 159, 0, 48.65%, 2, 0, 6, 436.23, 235522, 198, 2, 0
559, 0, 12, 265, 157, 0, 48.89%, 2, 0, 6, 438.21, 237757, 199, 2, 0
564, 0, 27, 266, 155, 0, 48.89%, 2, 0, 7, 456.63, 239993, 199, 2, 0
569, 0, 208, 266, 154, 0, 48.89%, 2, 0, 7, 429.46, 242122, 199, 2, 0
574, 0, 128, 266, 151, 0, 48.89%, 2, 0, 7, 395.66, 244140, 199, 2, 0
579, 0, 202, 266, 150, 0, 48.89%, 2, 0, 7, 383.87, 246113, 199, 2, 0
584, 0, 129, 266, 147, 0, 48.89%, 2, 0, 7, 393.63, 248023, 199, 2, 0
589, 0, 264, 266, 146, 0, 48.89%, 2, 0, 7, 425.39, 250230, 199, 2, 0
594, 1, 58, 267, 143, 0, 48.89%, 2, 0, 7, 422.95, 252441, 199, 2, 0
599, 1, 123, 267, 140, 0, 48.89%, 2, 0, 7, 437.47, 254679, 199, 2, 0
602, 1, 66, 267, 136, 0, 48.89%, 2, 0, 7, 413.77, 255832, 199, 2, 0
