# relative_time, cycles_done, cur_item, corpus_count, pending_total, pending_favs, map_size, saved_crashes, saved_hangs, max_depth, execs_per_sec, total_execs, edges_found, total_crashes, servers_count
61, 0, 9, 95, 90, 4, 31.94%, 0, 0, 2, 466.24, 27652, 130, 0, 0
66, 0, 9, 98, 93, 4, 31.94%, 0, 0, 2, 426.81, 29824, 130, 0, 0
71, 0, 9, 98, 93, 4, 31.94%, 0, 0, 2, 404.30, 31928, 130, 0, 0
76, 0, 9, 101, 96, 4, 31.94%, 0, 0, 2, 414.37, 34077, 130, 0, 0
81, 0, 9, 102, 97, 4, 31.94%, 0, 0, 2, 408.46, 36196, 130, 0, 0
86, 0, 9, 102, 97, 4, 31.94%, 0, 0, 2, 467.78, 38673, 130, 0, 0
91, 0, 9, 102, 97, 4, 31.94%, 0, 0, 2, 490.95, 41154, 130, 0, 0
96, 0, 9, 104, 99, 4, 31.94%, 0, 0, 2, 426.83, 43394, 130, 0, 0
101, 0, 9, 105, 100, 4, 31.94%, 0, 0, 2, 453.22, 45786, 130, 0, 0
106, 0, 9, 106, 101, 4, 31.94%, 0, 0, 2, 431.03, 47976, 130, 0, 0
112, 0, 9, 107, 102, 4, 31.94%, 0, 0, 2, 419.85, 50152, 130, 0, 0
117, 0, 9, 108, 103, 4, 31.94%, 0, 0, 2, 426.03, 52311, 130, 0, 0
122, 0, 9, 108, 103, 4, 31.94%, 0, 0, 2, 412.36, 54343, 130, 0, 0
127, 0, 11, 126, 114, 25, 36.12%, 0, 0, 3, 356.84, 56131, 147, 0, 0
132, 0, 110, 132, 118, 23, 36.86%, 1, 0, 3, 398.87, 58196, 150, 1, 0
137, 0, 130, 133, 116, 22, 36.86%, 1, 0, 3, 428.45, 60394, 150, 1, 0
142, 0, 130, 140, 123, 22, 36.86%, 1, 0, 3, 398.00, 62358, 150, 1, 0
147, 0, 130, 141, 124, 22, 36.86%, 1, 0, 3, 414.23, 64445, 150, 1, 0
152, 0, 130, 142, 125, 22, 36.86%, 1, 0, 3, 417.14, 66556, 150, 1, 0
157, 0, 7, 143, 125, 22, 36.86%, 1, 0, 3, 433.17, 68755, 150, 1, 0
162, 0, 64, 146, 125, 20, 36.86%, 1, 0, 3, 444.56, 70949, 150, 1, 0
167, 0, 64, 151, 130, 20, 36.86%, 1, 0, 3, 420.98, 73096, 150, 1, 0
172, 0, 64, 152, 131, 20, 36.86%, 1, 0, 3, 387.97, 75067, 150, 1, 0
178, 0, 64, 154, 133, 20, 36.86%, 1, 0, 3, 400.18, 77133, 150, 1, 0
183, 0, 64, 154, 133, 20, 36.86%, 1, 0, 3, 413.10, 79261, 150, 1, 0
188, 0, 0, 154, 132, 19, 36.86%, 1, 0, 3, 424.67, 81432, 150, 1, 0
193, 0, 100, 157, 134, 18, 36.86%, 1, 0, 3, 427.26, 83633, 150, 1, 0
198, 0, 93, 157, 130, 14, 36.86%, 1, 0, 3, 438.79, 85877, 150, 1, 0
203, 0, 71, 164, 136, 13, 36.86%, 1, 0, 3, 421.37, 87997, 150, 1, 0
208, 0, 71, 165, 137, 13, 36.86%, 1, 0, 3, 431.58, 90204, 150, 1, 0
213, 0, 71, 167, 139, 13, 37.59%, 1, 0, 3, 451.51, 92513, 153, 1, 0
218, 0, 71, 169, 141, 13, 37.59%, 1, 0, 3, 453.81, 94760, 153, 1, 0
223, 0, 165, 170, 141, 13, 37.59%, 1, 0, 3, 435.15, 96956, 153, 1, 0
228, 0, 153, 175, 142, 10, 37.59%, 1, 0, 4, 434.94, 99176, 153, 1, 0
234, 0, 153, 179, 146, 10, 37.59%, 1, 0, 4, 440.96, 101388, 153, 1, 0
239, 0, 153, 180, 147, 10, 37.84%, 1, 0, 4, 438.27, 103619, 154, 1, 0
244, 0, 153, 180, 147, 10, 37.84%, 1, 0, 4, 437.45, 105779, 154, 1, 0
249, 0, 153, 181, 148, 10, 37.84%, 1, 0, 4, 390.10, 107730, 154, 1, 0
254, 0, 153, 182, 149, 10, 37.84%, 1, 0, 4, 419.40, 109873, 154, 1, 0
259, 0, 153, 183, 150, 10, 37.84%, 1, 0, 4, 416.19, 112000, 154, 1, 0
264, 0, 153, 183, 150, 10, 37.84%, 1, 0, 4, 423.70, 114176, 154, 1, 0
269, 0, 153, 183, 150, 10, 37.84%, 1, 0, 4, 414.90, 116248, 154, 1, 0
274, 0, 153, 183, 150, 10, 37.84%, 1, 0, 4, 427.30, 118496, 154, 1, 0
279, 0, 153, 184, 151, 10, 37.84%, 1, 0, 4, 452.67, 120824, 154, 1, 0
284, 0, 153, 184, 151, 10, 37.84%, 1, 0, 4, 438.00, 123063, 154, 1, 0
289, 0, 153, 184, 151, 10, 37.84%, 1, 0, 4, 442.84, 125335, 154, 1, 0
294, 0, 153, 184, 151, 10, 37.84%, 1, 0, 4, 459.76, 127610, 154, 1, 0
300, 0, 153, 184, 151, 10, 37.84%, 1, 0, 4, 462.78, 129941, 154, 1, 0
305, 0, 153, 184, 151, 10, 37.84%, 1, 0, 4, 411.40, 132063, 154, 1, 0
310, 0, 153, 185, 152, 10, 38.33%, 1, 0, 4, 443.44, 134342, 156, 1, 0
315, 0, 153, 185, 152, 10, 38.33%, 1, 0, 4, 423.79, 136534, 156, 1, 0
320, 0, 136, 185, 149, 9, 38.33%, 1, 0, 4, 425.24, 138707, 156, 1, 0
325, 0, 118, 185, 148, 8, 38.33%, 1, 0, 4, 420.05, 140943, 156, 1, 0
330, 0, 118, 185, 148, 8, 38.33%, 1, 0, 4, 404.89, 143039, 156, 1, 0
335, 0, 118, 185, 148, 8, 38.33%, 1, 0, 4, 402.02, 145047, 156, 1, 0
340, 0, 128, 187, 146, 5, 38.33%, 1, 0, 5, 467.97, 147547, 156, 1, 0
346, 0, 114, 189, 146, 4, 38.33%, 1, 0, 5, 439.39, 149826, 156, 1, 0
351, 0, 108, 189, 142, 1, 38.33%, 1, 0, 5, 479.34, 152410, 156, 1, 0
356, 0, 96, 190, 138, 0, 38.33%, 1, 0, 5, 451.95, 154686, 156, 1, 0
361, 0, 173, 190, 133, 0, 38.33%, 1, 0, 5, 429.61, 156907, 156, 1, 0
366, 0, 186, 192, 132, 0, 38.33%, 1, 0, 6, 463.69, 159164, 156, 1, 0
371, 0, 71, 192, 131, 0, 38.33%, 1, 0, 6, 426.94, 161274, 156, 1, 0
376, 0, 53, 192, 126, 0, 38.33%, 1, 0, 6, 424.73, 163447, 156, 1, 0
382, 0, 186, 193, 123, 0, 38.33%, 1, 0, 6, 418.89, 165610, 156, 1, 0
387, 0, 165, 193, 119, 0, 38.33%, 1, 0, 6, 439.51, 167815, 156, 1, 0
392, 0, 71, 193, 115, 0, 38.33%, 1, 0, 6, 438.06, 170002, 156, 1, 0
397, 0, 66, 195, 114, 0, 38.57%, 1, 0, 6, 380.83, 172019, 157, 1, 0
402, 0, 136, 195, 112, 0, 38.57%, 1, 0, 6, 399.00, 174078, 157, 1, 0
407, 0, 185, 195, 110, 0, 38.57%, 1, 0, 6, 431.59, 176382, 157, 1, 0
412, 0, 160, 195, 107, 0, 38.57%, 1, 0, 6, 422.15, 178485, 157, 1, 0
417, 0, 135, 195, 105, 0, 38.57%, 1, 0, 6, 402.05, 180509, 157, 1, 0
422, 0, 91, 197, 103, 0, 38.57%, 1, 0, 6, 413.74, 182701, 157, 1, 0
427, 0, 162, 197, 102, 0, 38.57%, 1, 0, 6, 444.62, 184865, 157, 1, 0
432, 0, 93, 197, 98, 0, 38.57%, 1, 0, 6, 397.26, 186837, 157, 1, 0
437, 1, 186, 199, 100, 0, 38.57%, 1, 0, 6, 406.12, 188899, 157, 1, 0
442, 1, 0, 200, 98, 0, 38.57%, 1, 0, 6, 406.11, 191046, 157, 1, 0
448, 1, 131, 201, 95, 0, 38.57%, 1, 0, 6, 411.77, 193173, 157, 1, 0
453, 1, 3, 201, 90, 0, 38.57%, 1, 0, 6, 412.31, 195254, 157, 1, 0
458, 1, 19, 202, 85, 0, 38.57%, 1, 0, 6, 401.93, 197301, 157, 1, 0
463, 1, 40, 203, 80, 0, 38.57%, 1, 0, 6, 440.59, 199573, 157, 1, 0
468, 1, 200, 203, 75, 0, 38.57%, 1, 0, 6, 438.01, 201807, 157, 1, 0
473, 1, 133, 204, 73, 0, 38.57%, 1, 0, 6, 413.80, 203880, 157, 1, 0
478, 1, 194, 205, 69, 0, 38.57%, 1, 0, 6, 438.29, 206077, 157, 1, 0
483, 1, 194, 208, 72, 0, 39.07%, 1, 0, 6, 423.75, 208251, 159, 1, 0
488, 1, 194, 209, 73, 0, 39.07%, 1, 0, 6, 396.00, 210274, 159, 1, 0
493, 1, 194, 209, 73, 0, 39.07%, 1, 0, 6, 431.85, 212498, 159, 1, 0
498, 1, 122, 209, 71, 0, 39.07%, 1, 0, 6, 433.21, 214706, 159, 1, 0
503, 1, 117, 209, 69, 0, 39.07%, 1, 0, 6, 408.31, 216768, 159, 1, 0
508, 1, 204, 210, 68, 0, 39.07%, 1, 0, 6, 440.49, 218950, 159, 1, 0
514, 1, 113, 211, 65, 0, 39.07%, 1, 0, 6, 401.87, 220959, 159, 1, 0
519, 1, 153, 213, 64, 0, 39.31%, 1, 0, 6, 418.51, 223143, 160, 1, 0
524, 1, 205, 213, 61, 0, 39.31%, 1, 0, 6, 421.18, 225363, 160, 1, 0
529, 1, 202, 213, 57, 0, 39.31%, 1, 0, 6, 441.18, 227668, 160, 1, 0
534, 1, 25, 213, 54, 0, 39.31%, 1, 0, 6, 406.27, 229729, 160, 1, 0
539, 1, 195, 213, 50, 0, 39.31%, 1, 0, 6, 392.77, 231727, 160, 1, 0
544, 1, 138, 214, 47, 0, 39.31%, 1, 0, 6, 423.39, 233895, 160, 1, 0
550, 1, 123, 214, 45, 0, 39.31%, 1, 0, 6, 426.09, 236018, 160, 1, 0
555, 1, 137, 214, 43, 0, 39.31%, 1, 0, 6, 435.85, 238278, 160, 1, 0
560, 1, 77, 214, 39, 0, 39.31%, 1, 0, 6, 414.04, 240439, 160, 1, 0
565, 1, 187, 214, 36, 0, 39.31%, 1, 0, 6, 418.77, 242545, 160, 1, 0
570, 1, 13, 214, 33, 0, 39.31%, 1, 0, 6, 437.55, 244776, 160, 1, 0
575, 1, 118, 214, 30, 0, 39.31%, 1, 0, 6, 423.51, 246993, 160, 1, 0
580, 1, 214, 215, 30, 1, 40.79%, 1, 0, 6, 401.52, 249006, 166, 1, 0
585, 1, 219, 231, 45, 5, 48.16%, 1, 0, 6, 413.54, 251085, 196, 1, 0
591, 1, 219, 266, 80, 5, 48.16%, 1, 0, 6, 417.68, 253229, 196, 1, 0
596, 1, 219, 266, 80, 5, 48.16%, 1, 0, 6, 428.86, 255381, 196, 1, 0
601, 1, 221, 266, 78, 4, 48.16%, 1, 0, 6, 410.05, 257473, 196, 1, 0
606, 1, 266, 267, 78, 4, 48.40%, 1, 0, 6, 431.15, 259662, 197, 1, 0
611, 1, 216, 267, 76, 2, 48.40%, 1, 0, 6, 452.12, 261928, 197, 1, 0
616, 1, 232, 268, 75, 0, 48.40%, 1, 0, 6, 435.79, 264167, 197, 1, 0
621, 1, 232, 273, 80, 0, 48.40%, 1, 0, 6, 441.11, 266394, 197, 1, 0
626, 1, 232, 276, 83, 0, 48.40%, 1, 0, 6, 424.69, 268487, 197, 1, 0
631, 1, 232, 278, 85, 0, 48.40%, 1, 0, 6, 438.72, 270765, 197, 1, 0
636, 1, 232, 280, 87, 0, 48.40%, 1, 0, 6, 455.78, 272979, 197, 1, 0
641, 1, 232, 281, 88, 0, 48.40%, 1, 0, 6, 437.54, 275226, 197, 1, 0
646, 1, 232, 281, 88, 0, 48.40%, 1, 0, 6, 444.33, 277474, 197, 1, 0
651, 1, 237, 281, 86, 0, 48.40%, 1, 0, 6, 444.88, 279733, 197, 1, 0
656, 1, 233, 281, 85, 0, 48.40%, 1, 0, 6, 458.72, 282098, 197, 1, 0
661, 1, 247, 281, 83, 0, 48.40%, 1, 0, 6, 400.43, 284067, 197, 1, 0
667, 1, 139, 281, 80, 0, 48.40%, 1, 0, 6, 421.75, 286272, 197, 1, 0
672, 1, 13, 282, 79, 0, 48.40%, 1, 0, 6, 454.71, 288599, 197, 1, 0
677, 1, 65, 283, 78, 0, 48.40%, 1, 0, 6, 443.86, 290748, 197, 1, 0
682, 1, 263, 284, 78, 0, 48.40%, 1, 0, 6, 453.43, 292990, 197, 1, 0
687, 1, 53, 285, 77, 0, 48.40%, 1, 0, 6, 447.58, 295409, 197, 1, 0
692, 1, 226, 286, 76, 0, 48.40%, 1, 0, 6, 421.00, 297528, 197, 1, 0
697, 1, 276, 287, 76, 0, 48.40%, 1, 0, 6, 417.28, 299678, 197, 1, 0
702, 1, 262, 287, 74, 0, 48.40%, 1, 0, 6, 437.01, 301920, 197, 1, 0
707, 1, 194, 288, 74, 0, 48.40%, 1, 0, 6, 406.57, 303949, 197, 1, 0
713, 1, 93, 289, 75, 0, 48.40%, 1, 0, 6, 388.25, 305940, 197, 1, 0
718, 1, 223, 289, 73, 0, 48.40%, 1, 0, 6, 404.80, 308036, 197, 1, 0
723, 1, 153, 289, 71, 0, 48.40%, 1, 0, 6, 403.26, 310076, 197, 1, 0
728, 1, 289, 291, 72, 1, 48.65%, 1, 0, 6, 417.92, 312182, 198, 1, 0
733, 1, 252, 292, 72, 0, 48.65%, 1, 0, 6, 421.48, 314300, 198, 1, 0
738, 1, 125, 343, 122, 0, 55.77%, 1, 0, 6, 413.08, 316361, 227, 1, 0
743, 2, 367, 416, 195, 21, 59.95%, 1, 0, 6, 426.17, 318466, 244, 1, 0
748, 2, 329, 416, 192, 19, 59.95%, 1, 0, 6, 441.16, 320780, 244, 1, 0
753, 2, 317, 418, 193, 18, 59.95%, 1, 0, 6, 438.16, 322917, 244, 1, 0
758, 2, 313, 418, 191, 16, 59.95%, 1, 0, 6, 443.25, 325095, 244, 1, 0
764, 2, 406, 418, 189, 14, 59.95%, 1, 0, 6, 429.96, 327313, 244, 1, 0
769, 2, 296, 418, 187, 12, 59.95%, 1, 0, 6, 430.38, 329568, 244, 1, 0
774, 2, 405, 418, 185, 10, 59.95%, 1, 0, 6, 429.09, 331679, 244, 1, 0
779, 2, 358, 418, 183, 8, 59.95%, 1, 0, 6, 444.65, 333909, 244, 1, 0
784, 2, 400, 418, 182, 7, 59.95%, 1, 0, 6, 411.89, 335973, 244, 1, 0
789, 2, 310, 418, 181, 6, 59.95%, 1, 0, 6, 443.80, 338168, 244, 1, 0
794, 2, 300, 418, 179, 4, 59.95%, 1, 0, 6, 451.43, 340418, 244, 1, 0
799, 2, 404, 418, 177, 2, 59.95%, 1, 0, 6, 432.79, 342544, 244, 1, 0
804, 2, 312, 418, 174, 0, 59.95%, 1, 0, 6, 438.09, 344735, 244, 1, 0
809, 2, 329, 418, 171, 0, 59.95%, 1, 0, 6, 446.34, 347027, 244, 1, 0
815, 2, 372, 418, 170, 0, 59.95%, 1, 0, 6, 419.33, 349122, 244, 1, 0
820, 2, 281, 418, 168, 0, 59.95%, 1, 0, 6, 402.64, 351101, 244, 1, 0
825, 2, 324, 418, 166, 0, 59.95%, 1, 0, 6, 411.03, 353176, 244, 1, 0
830, 2, 330, 418, 164, 0, 59.95%, 1, 0, 6, 410.10, 355284, 244, 1, 0
835, 2, 293, 418, 162, 0, 59.95%, 1, 0, 6, 418.17, 357448, 244, 1, 0
840, 2, 273, 418, 160, 0, 59.95%, 1, 0, 6, 424.54, 359682, 244, 1, 0
845, 2, 322, 418, 158, 0, 59.95%, 8, 0, 6, 421.34, 361775, 244, 11, 0
850, 2, 382, 418, 156, 0, 59.95%, 8, 0, 6, 418.62, 363851, 244, 11, 0
855, 2, 377, 418, 154, 0, 59.95%, 8, 0, 6, 420.10, 365956, 244, 11, 0
860, 2, 355, 418, 152, 0, 59.95%, 8, 0, 6, 427.07, 368105, 244, 11, 0
866, 2, 339, 418, 150, 0, 59.95%, 8, 0, 6, 401.32, 370129, 244, 11, 0
871, 2, 357, 418, 148, 0, 59.95%, 8, 0, 6, 409.23, 372345, 244, 11, 0
876, 2, 222, 418, 146, 0, 59.95%, 8, 0, 6, 402.24, 374374, 244, 11, 0
881, 2, 350, 418, 144, 0, 59.95%, 8, 0, 6, 442.06, 376569, 244, 11, 0
886, 2, 286, 418, 143, 0, 59.95%, 8, 0, 6, 470.02, 378940, 244, 11, 0
891, 2, 306, 419, 143, 0, 59.95%, 8, 0, 7, 430.11, 381013, 244, 11, 0
896, 2, 385, 419, 140, 0, 59.95%, 8, 0, 7, 411.60, 383148, 244, 11, 0
901, 2, 302, 419, 138, 0, 59.95%, 8, 0, 7, 431.60, 385348, 244, 11, 0
904, 2, 371, 419, 137, 0, 59.95%, 8, 0, 7, 439.35, 386672, 244, 12, 0
