# relative_time, cycles_done, cur_item, corpus_count, pending_total, pending_favs, map_size, saved_crashes, saved_hangs, max_depth, execs_per_sec, total_execs, edges_found, total_crashes, servers_count
61, 0, 9, 72, 67, 4, 30.96%, 0, 0, 2, 133.14, 8507, 126, 0, 0
66, 0, 9, 76, 71, 4, 30.96%, 0, 0, 2, 132.35, 9164, 126, 0, 0
71, 0, 9, 77, 72, 4, 30.96%, 0, 0, 2, 143.85, 9915, 126, 0, 0
76, 0, 9, 78, 73, 4, 30.96%, 0, 0, 2, 142.58, 10620, 126, 0, 0
81, 0, 9, 80, 75, 4, 30.96%, 0, 0, 2, 135.27, 11278, 126, 0, 0
86, 0, 9, 80, 75, 4, 30.96%, 0, 0, 2, 146.57, 12000, 126, 0, 0
91, 0, 9, 81, 76, 4, 30.96%, 0, 0, 2, 133.78, 12645, 126, 0, 0
96, 0, 9, 82, 77, 4, 30.96%, 0, 0, 2, 136.97, 13332, 126, 0, 0
102, 0, 9, 84, 79, 4, 30.96%, 0, 0, 2, 152.84, 14115, 126, 0, 0
107, 0, 9, 84, 79, 4, 30.96%, 0, 0, 2, 140.13, 14818, 126, 0, 0
112, 0, 9, 84, 79, 4, 30.96%, 0, 0, 2, 142.59, 15526, 126, 0, 0
117, 0, 9, 84, 79, 4, 30.96%, 0, 0, 2, 141.91, 16244, 126, 0, 0
122, 0, 9, 85, 80, 4, 30.96%, 0, 0, 2, 145.34, 16989, 126, 0, 0
127, 0, 9, 86, 81, 4, 30.96%, 0, 0, 2, 155.07, 17759, 126, 0, 0
132, 0, 9, 86, 81, 4, 30.96%, 0, 0, 2, 146.78, 18501, 126, 0, 0
137, 0, 9, 86, 81, 4, 30.96%, 0, 0, 2, 140.02, 19205, 126, 0, 0
142, 0, 9, 87, 82, 4, 30.96%, 0, 0, 2, 141.70, 19920, 126, 0, 0
147, 0, 9, 87, 82, 4, 30.96%, 0, 0, 2, 139.57, 20600, 126, 0, 0
153, 0, 9, 87, 82, 4, 30.96%, 0, 0, 2, 144.70, 21338, 126, 0, 0
158, 0, 9, 87, 82, 4, 30.96%, 0, 0, 2, 137.56, 22004, 126, 0, 0
163, 0, 9, 90, 85, 4, 30.96%, 0, 0, 2, 146.29, 22740, 126, 0, 0
168, 0, 9, 92, 87, 4, 30.96%, 0, 0, 2, 147.04, 23494, 126, 0, 0
173, 0, 9, 92, 87, 4, 30.96%, 0, 0, 2, 150.11, 24259, 126, 0, 0
178, 0, 9, 94, 89, 4, 30.96%, 0, 0, 2, 153.86, 25050, 126, 0, 0
183, 0, 9, 94, 89, 4, 30.96%, 0, 0, 2, 141.96, 25765, 126, 0, 0
188, 0, 9, 96, 91, 4, 30.96%, 0, 0, 2, 146.66, 26531, 126, 0, 0
193, 0, 9, 96, 91, 4, 30.96%, 0, 0, 2, 141.00, 27241, 126, 0, 0
198, 0, 9, 96, 91, 4, 30.96%, 0, 0, 2, 138.41, 27949, 126, 0, 0
204, 0, 9, 97, 92, 4, 30.96%, 0, 0, 2, 126.28, 28612, 126, 0, 0
209, 0, 9, 97, 92, 4, 30.96%, 0, 0, 2, 125.91, 29273, 126, 0, 0
214, 0, 9, 99, 94, 4, 31.94%, 0, 0, 2, 132.45, 29963, 130, 0, 0
219, 0, 9, 99, 94, 4, 31.94%, 0, 0, 2, 129.96, 30613, 130, 0, 0
224, 0, 9, 100, 95, 4, 31.94%, 0, 0, 2, 146.98, 31376, 130, 0, 0
229, 0, 9, 101, 96, 4, 31.94%, 0, 0, 2, 149.87, 32148, 130, 0, 0
234, 0, 9, 101, 96, 4, 31.94%, 0, 0, 2, 146.46, 32909, 130, 0, 0
239, 0, 9, 101, 96, 4, 31.94%, 0, 0, 2, 141.97, 33629, 130, 0, 0
244, 0, 9, 102, 97, 4, 31.94%, 0, 0, 2, 147.56, 34394, 130, 0, 0
250, 0, 9, 102, 97, 4, 31.94%, 0, 0, 2, 138.64, 35080, 130, 0, 0
255, 0, 9, 102, 97, 4, 31.94%, 0, 0, 2, 132.37, 35744, 130, 0, 0
260, 0, 9, 102, 97, 4, 31.94%, 0, 0, 2, 142.54, 36486, 130, 0, 0
265, 0, 9, 102, 97, 4, 31.94%, 0, 0, 2, 142.00, 37232, 130, 0, 0
270, 0, 9, 102, 97, 4, 31.94%, 0, 0, 2, 145.81, 37990, 130, 0, 0
275, 0, 9, 102, 97, 4, 31.94%, 0, 0, 2, 156.61, 38761, 130, 0, 0
280, 0, 9, 103, 98, 4, 31.94%, 0, 0, 2, 144.00, 39487, 130, 0, 0
285, 0, 9, 103, 98, 4, 31.94%, 0, 0, 2, 144.41, 40219, 130, 0, 0
290, 0, 9, 104, 99, 4, 31.94%, 0, 0, 2, 139.14, 40916, 130, 0, 0
295, 0, 9, 104, 99, 4, 31.94%, 0, 0, 2, 150.46, 41710, 130, 0, 0
301, 0, 9, 104, 99, 4, 31.94%, 0, 0, 2, 144.36, 42418, 130, 0, 0
306, 0, 9, 104, 99, 4, 31.94%, 0, 0, 2, 160.04, 43260, 130, 0, 0
311, 0, 9, 104, 99, 4, 31.94%, 0, 0, 2, 152.35, 44004, 130, 0, 0
316, 0, 9, 104, 99, 4, 31.94%, 0, 0, 2, 148.64, 44760, 130, 0, 0
321, 0, 9, 105, 100, 4, 31.94%, 0, 0, 2, 148.81, 45507, 130, 0, 0
326, 0, 9, 105, 100, 4, 31.94%, 0, 0, 2, 136.41, 46199, 130, 0, 0
331, 0, 9, 105, 100, 4, 31.94%, 0, 0, 2, 136.38, 46875, 130, 0, 0
336, 0, 9, 105, 100, 4, 31.94%, 0, 0, 2, 127.64, 47523, 130, 0, 0
341, 0, 9, 105, 100, 4, 31.94%, 0, 0, 2, 136.96, 48225, 130, 0, 0
346, 0, 9, 105, 100, 4, 31.94%, 0, 0, 2, 139.56, 48957, 130, 0, 0
351, 0, 9, 105, 100, 4, 31.94%, 0, 0, 2, 132.22, 49621, 130, 0, 0
356, 0, 9, 106, 101, 4, 31.94%, 0, 0, 2, 145.57, 50362, 130, 0, 0
362, 0, 9, 106, 101, 4, 31.94%, 0, 0, 2, 137.47, 51060, 130, 0, 0
367, 0, 9, 106, 101, 4, 31.94%, 0, 0, 2, 150.52, 51852, 130, 0, 0
372, 0, 9, 107, 102, 4, 31.94%, 0, 0, 2, 146.96, 52603, 130, 0, 0
377, 0, 9, 107, 102, 4, 31.94%, 0, 0, 2, 145.15, 53365, 130, 0, 0
382, 0, 9, 107, 102, 4, 31.94%, 0, 0, 2, 141.75, 54071, 130, 0, 0
387, 0, 9, 135, 129, 3, 37.84%, 0, 0, 2, 140.13, 54771, 154, 0, 0
392, 0, 26, 139, 132, 30, 38.08%, 0, 0, 2, 132.15, 55433, 155, 0, 0
397, 0, 86, 139, 131, 29, 38.08%, 0, 0, 2, 140.84, 56151, 155, 0, 0
403, 0, 128, 140, 125, 23, 38.33%, 0, 0, 3, 146.14, 56911, 156, 0, 0
408, 0, 128, 140, 125, 23, 38.33%, 0, 0, 3, 145.44, 57636, 156, 0, 0
413, 0, 3, 141, 124, 22, 38.57%, 0, 0, 3, 139.18, 58351, 157, 0, 0
418, 0, 3, 141, 124, 22, 38.57%, 0, 0, 3, 137.80, 59049, 157, 0, 0
423, 0, 97, 141, 123, 21, 38.57%, 0, 0, 3, 147.72, 59807, 157, 0, 0
428, 0, 126, 141, 122, 20, 38.57%, 0, 0, 3, 135.17, 60485, 157, 0, 0
433, 0, 126, 147, 128, 20, 39.31%, 1, 0, 3, 135.65, 61188, 160, 1, 0
438, 0, 126, 147, 128, 20, 39.31%, 1, 0, 3, 141.42, 61945, 160, 1, 0
443, 0, 126, 147, 128, 20, 39.31%, 1, 0, 3, 143.65, 62665, 160, 1, 0
449, 0, 112, 147, 127, 21, 39.31%, 1, 0, 3, 148.81, 63421, 160, 1, 0
454, 0, 112, 147, 127, 21, 39.31%, 1, 0, 3, 135.07, 64113, 160, 1, 0
459, 0, 112, 156, 136, 21, 46.44%, 1, 0, 3, 131.26, 64785, 189, 1, 0
464, 0, 112, 156, 136, 21, 46.44%, 1, 0, 3, 124.83, 65396, 189, 1, 0
469, 0, 151, 156, 135, 23, 46.44%, 1, 0, 3, 120.34, 66010, 189, 1, 0
474, 0, 151, 156, 135, 23, 46.44%, 1, 0, 3, 123.72, 66682, 189, 1, 0
479, 0, 102, 157, 135, 22, 46.44%, 1, 0, 3, 131.58, 67348, 189, 1, 0
485, 0, 102, 158, 136, 22, 46.44%, 1, 0, 3, 159.28, 68183, 189, 1, 0
490, 0, 102, 158, 136, 22, 46.44%, 1, 0, 3, 142.72, 68881, 189, 1, 0
495, 0, 148, 158, 135, 21, 46.44%, 1, 0, 3, 159.64, 69693, 189, 1, 0
500, 0, 148, 161, 138, 21, 46.44%, 1, 0, 3, 137.88, 70386, 189, 1, 0
505, 0, 161, 163, 139, 22, 46.68%, 1, 0, 3, 141.23, 71145, 190, 1, 0
510, 0, 161, 163, 139, 22, 46.68%, 1, 0, 3, 126.38, 71795, 190, 1, 0
515, 0, 71, 163, 138, 21, 46.68%, 1, 0, 3, 131.53, 72469, 190, 1, 0
520, 0, 162, 163, 137, 20, 46.68%, 1, 0, 3, 145.39, 73243, 190, 1, 0
525, 0, 99, 163, 136, 19, 46.68%, 1, 0, 3, 148.13, 73991, 190, 1, 0
530, 0, 99, 164, 137, 19, 46.68%, 1, 0, 3, 150.56, 74794, 190, 1, 0
535, 0, 99, 166, 139, 19, 46.68%, 1, 0, 3, 139.59, 75513, 190, 1, 0
541, 0, 99, 166, 139, 19, 46.68%, 1, 0, 3, 135.22, 76179, 190, 1, 0
546, 0, 99, 168, 141, 19, 46.68%, 1, 0, 3, 131.94, 76861, 190, 1, 0
551, 0, 99, 168, 141, 19, 46.68%, 1, 0, 3, 137.64, 77573, 190, 1, 0
556, 0, 99, 168, 141, 19, 46.68%, 1, 0, 3, 136.39, 78259, 190, 1, 0
561, 0, 99, 168, 141, 19, 46.68%, 1, 0, 3, 124.19, 78871, 190, 1, 0
566, 0, 99, 168, 141, 19, 46.68%, 1, 0, 3, 145.98, 79659, 190, 1, 0
571, 0, 99, 168, 141, 19, 46.68%, 1, 0, 3, 142.83, 80361, 190, 1, 0
576, 0, 99, 168, 141, 19, 46.68%, 1, 0, 3, 133.73, 81049, 190, 1, 0
581, 0, 99, 168, 141, 19, 46.68%, 1, 0, 3, 128.71, 81705, 190, 1, 0
587, 0, 99, 169, 142, 19, 46.68%, 1, 0, 3, 129.29, 82384, 190, 1, 0
592, 0, 99, 170, 143, 19, 46.68%, 1, 0, 3, 132.35, 83069, 190, 1, 0
597, 0, 99, 171, 144, 19, 46.68%, 1, 0, 3, 138.51, 83778, 190, 1, 0
602, 0, 99, 171, 144, 19, 46.68%, 1, 0, 3, 127.81, 84432, 190, 1, 0
607, 0, 99, 171, 144, 19, 46.68%, 1, 0, 3, 128.71, 85101, 190, 1, 0
612, 0, 99, 171, 144, 19, 46.68%, 1, 0, 3, 136.86, 85817, 190, 1, 0
617, 0, 99, 172, 145, 19, 46.68%, 1, 0, 3, 144.96, 86580, 190, 1, 0
622, 0, 99, 172, 145, 19, 46.68%, 1, 0, 3, 154.39, 87322, 190, 1, 0
627, 0, 99, 172, 145, 19, 46.68%, 1, 0, 3, 150.38, 88078, 190, 1, 0
633, 0, 99, 172, 145, 19, 46.68%, 1, 0, 3, 139.13, 88786, 190, 1, 0
638, 0, 99, 172, 145, 19, 46.68%, 1, 0, 3, 129.40, 89431, 190, 1, 0
643, 0, 99, 172, 145, 19, 46.68%, 1, 0, 3, 127.95, 90091, 190, 1, 0
648, 0, 99, 172, 145, 19, 46.68%, 1, 0, 3, 130.07, 90769, 190, 1, 0
653, 0, 99, 172, 145, 19, 46.68%, 1, 0, 3, 127.04, 91433, 190, 1, 0
658, 0, 99, 172, 145, 19, 46.68%, 1, 0, 3, 127.22, 92079, 190, 1, 0
663, 0, 99, 172, 145, 19, 46.68%, 1, 0, 3, 137.41, 92807, 190, 1, 0
669, 0, 99, 172, 145, 19, 46.68%, 1, 0, 3, 136.19, 93531, 190, 1, 0
674, 0, 99, 172, 145, 19, 46.68%, 1, 0, 3, 135.87, 94221, 190, 1, 0
679, 0, 99, 172, 145, 19, 46.68%, 1, 0, 3, 141.24, 94953, 190, 1, 0
684, 0, 99, 172, 145, 19, 46.68%, 1, 0, 3, 140.70, 95669, 190, 1, 0
689, 0, 99, 172, 145, 19, 46.68%, 1, 0, 3, 159.25, 96464, 190, 1, 0
694, 0, 99, 172, 145, 19, 46.68%, 1, 0, 3, 137.95, 97137, 190, 1, 0
699, 0, 99, 172, 145, 19, 46.68%, 1, 0, 3, 134.76, 97825, 190, 1, 0
704, 0, 99, 172, 145, 19, 46.68%, 1, 0, 3, 126.75, 98457, 190, 1, 0
709, 0, 99, 172, 145, 19, 46.68%, 1, 0, 3, 134.47, 99149, 190, 1, 0
715, 0, 99, 172, 145, 19, 46.68%, 1, 0, 3, 130.07, 99845, 190, 1, 0
720, 0, 99, 173, 146, 19, 46.68%, 1, 0, 3, 131.60, 100502, 190, 1, 0
725, 0, 99, 173, 146, 19, 46.68%, 1, 0, 3, 128.85, 101162, 190, 1, 0
730, 0, 99, 173, 146, 19, 46.68%, 1, 0, 3, 130.71, 101818, 190, 1, 0
735, 0, 99, 173, 146, 19, 46.68%, 1, 0, 3, 131.60, 102524, 190, 1, 0
740, 0, 99, 173, 146, 19, 46.68%, 1, 0, 3, 132.70, 103192, 190, 1, 0
745, 0, 99, 173, 146, 19, 46.68%, 1, 0, 3, 134.00, 103880, 190, 1, 0
750, 0, 99, 173, 146, 19, 46.68%, 1, 0, 3, 136.43, 104574, 190, 1, 0
756, 0, 99, 173, 146, 19, 46.68%, 1, 0, 3, 132.67, 105248, 190, 1, 0
761, 0, 99, 173, 146, 19, 46.68%, 1, 0, 3, 142.29, 105966, 190, 1, 0
766, 0, 99, 173, 146, 19, 46.68%, 1, 0, 3, 146.88, 106737, 190, 1, 0
771, 0, 99, 173, 146, 19, 46.68%, 1, 0, 3, 148.22, 107508, 190, 1, 0
776, 0, 99, 173, 146, 19, 46.68%, 1, 0, 3, 143.33, 108232, 190, 1, 0
781, 0, 99, 173, 146, 19, 46.68%, 1, 0, 3, 139.10, 108930, 190, 1, 0
786, 0, 99, 173, 146, 19, 46.68%, 1, 0, 3, 146.73, 109690, 190, 1, 0
791, 0, 99, 174, 147, 19, 46.68%, 1, 0, 3, 144.69, 110423, 190, 1, 0
796, 0, 99, 174, 147, 19, 46.68%, 1, 0, 3, 142.91, 111145, 190, 1, 0
801, 0, 99, 174, 147, 19, 46.68%, 1, 0, 3, 141.18, 111855, 190, 1, 0
806, 0, 99, 174, 147, 19, 46.68%, 1, 0, 3, 141.05, 112561, 190, 1, 0
812, 0, 150, 174, 146, 19, 46.68%, 1, 0, 3, 132.62, 113245, 190, 1, 0
817, 0, 150, 174, 146, 19, 46.68%, 1, 0, 3, 135.89, 113935, 190, 1, 0
822, 0, 150, 181, 153, 19, 46.68%, 1, 0, 3, 135.58, 114633, 190, 1, 0
827, 0, 150, 188, 160, 19, 46.68%, 1, 0, 3, 126.91, 115264, 190, 1, 0
832, 0, 187, 188, 159, 20, 46.68%, 1, 0, 3, 151.12, 116024, 190, 1, 0
837, 0, 109, 188, 157, 18, 46.68%, 1, 0, 3, 148.33, 116804, 190, 1, 0
842, 0, 109, 188, 157, 18, 46.68%, 1, 0, 3, 128.41, 117421, 190, 1, 0
847, 0, 178, 188, 156, 17, 46.68%, 1, 0, 3, 133.79, 118119, 190, 1, 0
852, 0, 178, 189, 157, 17, 46.68%, 1, 0, 4, 147.26, 118860, 190, 1, 0
857, 0, 89, 189, 155, 15, 46.68%, 1, 0, 4, 142.91, 119570, 190, 1, 0
863, 0, 167, 189, 154, 14, 46.68%, 1, 0, 4, 126.10, 120182, 190, 1, 0
868, 0, 61, 189, 152, 12, 46.68%, 1, 0, 4, 144.31, 120921, 190, 1, 0
873, 0, 108, 189, 151, 11, 46.68%, 1, 0, 4, 142.69, 121664, 190, 1, 0
878, 0, 137, 189, 149, 9, 46.68%, 1, 0, 4, 143.92, 122408, 190, 1, 0
883, 0, 137, 189, 149, 9, 46.68%, 1, 0, 4, 129.88, 123044, 190, 1, 0
888, 0, 146, 189, 148, 8, 46.68%, 1, 0, 4, 146.87, 123789, 190, 1, 0
893, 0, 146, 190, 149, 8, 46.68%, 1, 0, 4, 144.23, 124512, 190, 1, 0
898, 0, 146, 194, 153, 8, 46.68%, 1, 0, 4, 138.30, 125213, 190, 1, 0
903, 0, 146, 195, 154, 8, 46.68%, 1, 0, 4, 152.40, 126004, 190, 1, 0
908, 0, 146, 196, 155, 8, 46.68%, 1, 0, 4, 139.18, 126703, 190, 1, 0
913, 0, 146, 196, 155, 8, 46.68%, 1, 0, 4, 140.98, 127423, 190, 1, 0
918, 0, 146, 198, 157, 8, 46.68%, 1, 0, 4, 147.32, 128175, 190, 1, 0
923, 0, 146, 200, 159, 8, 46.68%, 1, 0, 4, 141.46, 128887, 190, 1, 0
928, 0, 146, 200, 159, 8, 46.68%, 1, 0, 4, 146.93, 129645, 190, 1, 0
934, 0, 146, 200, 159, 8, 46.68%, 1, 0, 4, 139.30, 130307, 190, 1, 0
939, 0, 146, 201, 160, 8, 46.68%, 1, 0, 4, 134.19, 131006, 190, 1, 0
944, 0, 146, 201, 160, 8, 46.68%, 1, 0, 4, 139.95, 131740, 190, 1, 0
949, 0, 146, 201, 160, 8, 46.68%, 1, 0, 4, 135.95, 132424, 190, 1, 0
954, 0, 146, 201, 160, 8, 46.68%, 1, 0, 4, 131.89, 133092, 190, 1, 0
959, 0, 146, 201, 160, 8, 46.68%, 1, 0, 4, 152.75, 133882, 190, 1, 0
964, 0, 134, 201, 159, 8, 46.68%, 1, 0, 4, 141.45, 134572, 190, 1, 0
969, 0, 134, 201, 159, 8, 46.68%, 1, 0, 4, 131.98, 135228, 190, 1, 0
974, 0, 134, 202, 160, 8, 46.68%, 1, 0, 4, 123.59, 135872, 190, 1, 0
980, 0, 134, 202, 160, 8, 46.68%, 1, 0, 4, 117.94, 136480, 190, 1, 0
985, 0, 134, 202, 160, 8, 46.68%, 1, 0, 4, 123.43, 137110, 190, 1, 0
990, 0, 134, 202, 160, 8, 46.68%, 1, 0, 4, 120.67, 137732, 190, 1, 0
995, 0, 134, 202, 160, 8, 46.68%, 1, 0, 4, 132.01, 138396, 190, 1, 0
1000, 0, 134, 202, 160, 8, 46.68%, 1, 0, 4, 133.61, 139080, 190, 1, 0
1005, 0, 134, 202, 160, 8, 46.68%, 1, 0, 4, 130.57, 139736, 190, 1, 0
1010, 0, 134, 202, 160, 8, 46.68%, 1, 0, 4, 129.35, 140362, 190, 1, 0
1015, 0, 134, 203, 161, 8, 46.68%, 1, 0, 4, 120.50, 140976, 190, 1, 0
1020, 0, 130, 203, 160, 7, 46.68%, 1, 0, 4, 142.03, 141712, 190, 1, 0
1025, 0, 144, 203, 158, 5, 46.68%, 1, 0, 4, 141.07, 142424, 190, 1, 0
1031, 0, 144, 203, 158, 5, 46.68%, 1, 0, 4, 138.49, 143155, 190, 1, 0
1036, 0, 124, 203, 157, 4, 46.68%, 1, 0, 4, 139.25, 143848, 190, 1, 0
1041, 0, 142, 203, 155, 2, 46.68%, 1, 0, 4, 139.49, 144569, 190, 1, 0
1046, 0, 142, 203, 155, 2, 46.68%, 1, 0, 4, 132.46, 145212, 190, 1, 0
1051, 0, 197, 203, 154, 1, 46.68%, 1, 0, 4, 134.82, 145919, 190, 1, 0
1056, 0, 180, 203, 153, 1, 46.68%, 1, 0, 4, 145.46, 146646, 190, 1, 0
1061, 0, 180, 204, 154, 1, 46.68%, 1, 0, 4, 143.55, 147379, 190, 1, 0
1066, 0, 190, 204, 152, 1, 46.68%, 1, 0, 4, 141.48, 148104, 190, 1, 0
1071, 0, 83, 204, 151, 0, 46.68%, 1, 0, 4, 146.97, 148843, 190, 1, 0
1076, 0, 171, 205, 150, 0, 46.68%, 1, 0, 4, 149.32, 149623, 190, 1, 0
1082, 0, 81, 205, 148, 0, 46.68%, 1, 0, 4, 144.67, 150364, 190, 1, 0
1087, 0, 129, 205, 147, 0, 46.68%, 1, 0, 4, 144.76, 151081, 190, 1, 0
1092, 0, 187, 210, 151, 0, 46.68%, 1, 0, 4, 145.35, 151804, 190, 1, 0
1097, 0, 187, 212, 153, 0, 46.68%, 1, 0, 4, 144.14, 152524, 190, 1, 0
1102, 0, 187, 214, 155, 0, 46.68%, 1, 0, 4, 137.16, 153204, 190, 1, 0
1107, 0, 187, 218, 159, 0, 46.93%, 1, 0, 4, 140.44, 153924, 191, 1, 0
1112, 0, 187, 218, 159, 0, 46.93%, 1, 0, 4, 138.14, 154610, 191, 1, 0
1117, 0, 187, 218, 159, 0, 46.93%, 1, 0, 4, 140.73, 155362, 191, 1, 0
1122, 0, 187, 218, 159, 0, 46.93%, 1, 0, 4, 142.64, 156060, 191, 1, 0
1127, 0, 187, 218, 159, 0, 46.93%, 1, 0, 4, 136.86, 156744, 191, 1, 0
1133, 0, 187, 219, 160, 0, 46.93%, 1, 0, 4, 138.18, 157455, 191, 1, 0
1138, 0, 187, 219, 160, 0, 46.93%, 1, 0, 4, 136.81, 158169, 191, 1, 0
1143, 0, 187, 219, 160, 0, 46.93%, 1, 0, 4, 156.32, 158967, 191, 1, 0
1148, 0, 187, 220, 161, 0, 47.17%, 1, 0, 4, 149.74, 159742, 192, 1, 0
1153, 0, 187, 220, 161, 0, 47.17%, 1, 0, 4, 149.19, 160537, 192, 1, 0
1158, 0, 216, 220, 161, 4, 47.17%, 1, 0, 4, 156.31, 161311, 192, 1, 0
1163, 0, 216, 220, 161, 4, 47.17%, 1, 0, 4, 156.86, 162102, 192, 1, 0
1168, 0, 209, 220, 160, 3, 47.17%, 1, 0, 4, 144.69, 162810, 192, 1, 0
1174, 0, 217, 220, 159, 2, 47.17%, 1, 0, 4, 143.94, 163534, 192, 1, 0
1179, 0, 217, 220, 159, 2, 47.17%, 1, 0, 4, 140.46, 164244, 192, 1, 0
1184, 0, 217, 222, 161, 2, 47.17%, 1, 0, 5, 133.52, 164928, 192, 1, 0
1189, 0, 217, 226, 165, 2, 47.42%, 1, 0, 5, 138.57, 165652, 193, 1, 0
1194, 0, 217, 226, 165, 2, 47.42%, 1, 0, 5, 139.18, 166380, 193, 1, 0
1199, 0, 217, 226, 165, 2, 47.42%, 1, 0, 5, 143.46, 167102, 193, 1, 0
1204, 0, 217, 226, 165, 2, 47.42%, 1, 0, 5, 143.56, 167828, 193, 1, 0
1209, 0, 217, 226, 165, 2, 47.42%, 1, 0, 5, 149.67, 168579, 193, 1, 0
1214, 0, 217, 226, 165, 2, 47.42%, 1, 0, 5, 143.12, 169318, 193, 1, 0
1219, 0, 217, 226, 165, 2, 47.42%, 1, 0, 5, 167.61, 170202, 193, 1, 0
1224, 0, 217, 226, 165, 2, 47.42%, 1, 0, 5, 149.26, 170904, 193, 1, 0
1229, 0, 217, 226, 165, 2, 47.42%, 1, 0, 5, 137.05, 171582, 193, 1, 0
1234, 0, 217, 226, 165, 2, 47.42%, 1, 0, 5, 145.23, 172362, 193, 1, 0
1240, 0, 217, 226, 165, 2, 47.42%, 1, 0, 5, 129.20, 173022, 193, 1, 0
1245, 0, 217, 226, 165, 2, 47.42%, 1, 0, 5, 138.31, 173732, 193, 1, 0
1250, 0, 223, 226, 164, 2, 47.42%, 1, 0, 5, 145.15, 174476, 193, 1, 0
1255, 0, 223, 226, 164, 2, 47.42%, 1, 0, 5, 142.29, 175187, 193, 1, 0
1260, 0, 198, 226, 163, 1, 47.42%, 1, 0, 5, 105.43, 175772, 193, 1, 0
1265, 0, 198, 226, 163, 1, 47.42%, 1, 0, 5, 127.99, 176458, 193, 1, 0
1270, 0, 219, 226, 162, 1, 47.42%, 1, 0, 5, 133.57, 177143, 193, 1, 0
1275, 0, 193, 226, 161, 0, 47.42%, 1, 0, 5, 141.27, 177844, 193, 1, 0
1280, 0, 193, 226, 161, 0, 47.42%, 1, 0, 5, 134.11, 178518, 193, 1, 0
1285, 0, 20, 226, 160, 0, 47.42%, 1, 0, 5, 138.04, 179229, 193, 1, 0
1291, 0, 194, 226, 160, 0, 47.42%, 1, 0, 5, 138.71, 179957, 193, 1, 0
1296, 0, 224, 226, 159, 0, 47.42%, 1, 0, 5, 146.92, 180722, 193, 1, 0
1301, 0, 224, 226, 159, 0, 47.42%, 1, 0, 5, 138.59, 181431, 193, 1, 0
1306, 0, 98, 230, 162, 0, 47.42%, 1, 0, 5, 136.65, 182133, 193, 1, 0
1311, 0, 98, 230, 162, 0, 47.42%, 1, 0, 5, 140.17, 182847, 193, 1, 0
1316, 0, 98, 230, 162, 0, 47.42%, 1, 0, 5, 144.36, 183551, 193, 1, 0
1321, 0, 151, 230, 161, 0, 47.42%, 1, 0, 5, 144.86, 184265, 193, 1, 0
1326, 0, 141, 230, 160, 0, 47.42%, 1, 0, 5, 142.31, 184978, 193, 1, 0
1331, 0, 208, 230, 159, 0, 47.42%, 1, 0, 5, 142.79, 185681, 193, 1, 0
1336, 0, 208, 230, 159, 0, 47.42%, 1, 0, 5, 142.86, 186407, 193, 1, 0
1342, 0, 128, 231, 159, 0, 47.67%, 1, 0, 5, 137.20, 187098, 194, 1, 0
1347, 0, 230, 231, 159, 1, 47.67%, 1, 0, 5, 158.48, 187932, 194, 1, 0
1352, 0, 226, 232, 159, 0, 47.67%, 1, 0, 5, 140.99, 188638, 194, 1, 0
1357, 0, 139, 232, 158, 0, 47.67%, 1, 0, 5, 143.27, 189385, 194, 1, 0
1362, 0, 213, 232, 158, 0, 47.67%, 1, 0, 5, 134.38, 190072, 194, 1, 0
1367, 0, 213, 232, 158, 0, 47.67%, 1, 0, 5, 135.07, 190752, 194, 1, 0
1372, 0, 121, 232, 156, 0, 47.67%, 1, 0, 5, 124.36, 191377, 194, 1, 0
1377, 0, 76, 232, 156, 0, 47.67%, 1, 0, 5, 126.36, 192022, 194, 1, 0
1383, 0, 111, 232, 156, 0, 47.67%, 1, 0, 5, 133.67, 192712, 194, 1, 0
1388, 0, 19, 232, 155, 0, 47.67%, 1, 0, 5, 128.93, 193363, 194, 1, 0
1393, 0, 126, 232, 153, 0, 47.67%, 1, 0, 5, 134.35, 194073, 194, 1, 0
1398, 0, 149, 232, 153, 0, 47.67%, 1, 0, 5, 142.80, 194807, 194, 1, 0
1403, 0, 149, 232, 153, 0, 47.67%, 1, 0, 5, 142.99, 195553, 194, 1, 0
1408, 0, 15, 232, 152, 0, 47.67%, 1, 0, 5, 137.38, 196232, 194, 1, 0
1413, 0, 203, 232, 151, 0, 47.67%, 1, 0, 5, 144.71, 196973, 194, 1, 0
1418, 0, 102, 232, 150, 0, 47.67%, 1, 0, 5, 152.88, 197733, 194, 1, 0
1423, 0, 136, 232, 150, 0, 47.67%, 1, 0, 5, 133.55, 198392, 194, 1, 0
1428, 0, 136, 232, 150, 0, 47.67%, 1, 0, 5, 132.39, 199078, 194, 1, 0
1433, 0, 107, 232, 148, 0, 47.67%, 1, 0, 5, 127.89, 199751, 194, 1, 0
1439, 0, 70, 232, 147, 0, 47.67%, 1, 0, 5, 140.26, 200475, 194, 1, 0
1444, 0, 26, 232, 144, 0, 47.67%, 1, 0, 5, 145.44, 201246, 194, 1, 0
1449, 0, 13, 232, 144, 0, 47.67%, 1, 0, 5, 145.05, 201997, 194, 1, 0
1454, 0, 195, 232, 143, 0, 47.67%, 1, 0, 5, 131.33, 202670, 194, 1, 0
1459, 0, 159, 232, 142, 0, 47.67%, 1, 0, 5, 139.26, 203398, 194, 1, 0
1464, 0, 159, 232, 142, 0, 47.67%, 1, 0, 5, 137.75, 204106, 194, 1, 0
1469, 0, 8, 232, 141, 0, 47.67%, 1, 0, 5, 137.35, 204805, 194, 1, 0
1474, 0, 151, 232, 140, 0, 47.67%, 1, 0, 5, 139.45, 205532, 194, 1, 0
1479, 0, 199, 232, 140, 0, 47.67%, 1, 0, 5, 137.44, 206200, 194, 1, 0
1484, 0, 133, 232, 139, 0, 47.67%, 1, 0, 5, 141.62, 206912, 194, 1, 0
1489, 0, 133, 232, 139, 0, 47.67%, 1, 0, 5, 133.60, 207596, 194, 1, 0
1494, 0, 182, 232, 137, 0, 47.67%, 1, 0, 5, 146.35, 208355, 194, 1, 0
1500, 0, 182, 232, 137, 0, 47.67%, 1, 0, 5, 140.73, 209083, 194, 1, 0
1505, 0, 76, 233, 135, 0, 47.67%, 1, 0, 5, 143.87, 209815, 194, 1, 0
1510, 0, 196, 233, 134, 0, 47.67%, 1, 0, 5, 141.62, 210514, 194, 1, 0
1515, 0, 196, 234, 135, 0, 47.67%, 1, 0, 5, 147.95, 211271, 194, 1, 0
1520, 0, 147, 234, 134, 0, 47.67%, 1, 0, 5, 143.31, 212010, 194, 1, 0
1525, 0, 216, 234, 133, 0, 47.67%, 1, 0, 5, 137.14, 212721, 194, 1, 0
1530, 0, 124, 234, 133, 0, 47.67%, 1, 0, 5, 135.09, 213413, 194, 1, 0
1535, 0, 156, 234, 133, 0, 47.67%, 1, 0, 5, 141.69, 214120, 194, 1, 0
1541, 0, 160, 234, 132, 0, 47.67%, 1, 0, 5, 148.39, 214886, 194, 1, 0
1546, 0, 20, 234, 131, 0, 47.67%, 1, 0, 5, 147.22, 215604, 194, 1, 0
1551, 0, 113, 234, 131, 0, 47.67%, 1, 0, 5, 153.60, 216423, 194, 1, 0
1556, 0, 130, 234, 130, 0, 47.67%, 1, 0, 5, 151.72, 217216, 194, 1, 0
1561, 0, 226, 234, 130, 0, 47.67%, 1, 0, 5, 137.20, 217861, 194, 1, 0
1566, 0, 153, 234, 130, 0, 47.67%, 1, 0, 5, 137.56, 218554, 194, 1, 0
1571, 0, 190, 234, 129, 0, 47.67%, 1, 0, 5, 137.24, 219264, 194, 1, 0
1577, 0, 202, 234, 129, 0, 47.67%, 1, 0, 5, 131.40, 219929, 194, 1, 0
1582, 0, 231, 234, 128, 0, 47.67%, 1, 0, 5, 140.50, 220659, 194, 1, 0
1587, 0, 234, 239, 132, 1, 47.67%, 1, 0, 6, 129.73, 221319, 194, 1, 0
1592, 0, 234, 244, 137, 1, 47.67%, 1, 0, 6, 130.16, 221996, 194, 1, 0
1597, 0, 234, 244, 137, 1, 47.67%, 1, 0, 6, 195.08, 222925, 194, 1, 0
1602, 0, 234, 244, 137, 1, 47.67%, 1, 0, 6, 466.20, 225454, 194, 1, 0
1607, 0, 234, 246, 139, 1, 48.40%, 1, 0, 6, 480.36, 227988, 197, 1, 0
1613, 0, 234, 249, 142, 1, 48.40%, 1, 0, 6, 510.27, 230683, 197, 1, 0
1618, 0, 234, 250, 143, 1, 48.40%, 1, 0, 6, 489.48, 233182, 197, 1, 0
1623, 0, 247, 252, 142, 1, 48.40%, 1, 0, 7, 474.78, 235562, 197, 1, 0
1628, 0, 330, 376, 265, 28, 57.49%, 1, 0, 7, 464.83, 237892, 234, 1, 0
1633, 0, 322, 377, 264, 26, 57.49%, 1, 0, 7, 474.68, 240285, 234, 1, 0
1638, 0, 375, 377, 262, 24, 57.49%, 1, 0, 7, 478.05, 242746, 234, 1, 0
1643, 0, 373, 377, 260, 22, 57.49%, 1, 0, 7, 485.50, 245193, 234, 1, 0
1648, 0, 373, 378, 261, 22, 57.49%, 1, 0, 7, 471.31, 247546, 234, 1, 0
1653, 0, 337, 387, 269, 21, 57.49%, 1, 0, 7, 491.68, 250079, 234, 1, 0
1658, 0, 321, 387, 266, 19, 57.49%, 1, 0, 7, 484.49, 252505, 234, 1, 0
1663, 0, 332, 387, 263, 16, 57.49%, 1, 0, 7, 486.31, 255022, 234, 1, 0
1668, 0, 334, 387, 261, 14, 57.49%, 1, 0, 7, 488.12, 257459, 234, 1, 0
1673, 0, 274, 388, 259, 11, 57.49%, 1, 0, 7, 472.53, 259858, 234, 1, 0
1678, 0, 305, 388, 257, 9, 57.49%, 1, 0, 7, 494.21, 262335, 234, 1, 0
1684, 0, 301, 388, 255, 7, 57.49%, 1, 0, 7, 490.20, 264862, 234, 1, 0
1689, 0, 41, 388, 251, 4, 57.49%, 1, 0, 7, 489.13, 267260, 234, 1, 0
1694, 0, 262, 388, 247, 2, 57.49%, 1, 0, 7, 485.42, 269655, 234, 1, 0
1699, 0, 286, 389, 246, 1, 57.49%, 1, 0, 7, 459.29, 272049, 234, 1, 0
1704, 0, 277, 389, 245, 0, 57.49%, 1, 0, 7, 416.06, 274070, 234, 1, 0
1709, 0, 382, 389, 243, 0, 57.49%, 1, 0, 7, 445.82, 276348, 234, 1, 0
1714, 0, 90, 395, 247, 0, 57.74%, 1, 0, 7, 452.24, 278630, 235, 1, 0
1719, 0, 329, 395, 244, 0, 57.74%, 1, 0, 7, 465.54, 281020, 235, 1, 0
1724, 0, 373, 395, 240, 0, 57.74%, 1, 0, 7, 463.89, 283395, 235, 1, 0
1729, 0, 383, 395, 240, 0, 57.74%, 1, 0, 7, 471.24, 285776, 235, 1, 0
1734, 0, 303, 395, 238, 0, 57.74%, 1, 0, 7, 481.74, 288246, 235, 1, 0
1739, 0, 390, 396, 237, 0, 57.74%, 1, 0, 7, 502.36, 290718, 235, 1, 0
1744, 0, 340, 396, 234, 0, 57.74%, 1, 0, 7, 458.81, 293052, 235, 1, 0
1750, 0, 324, 396, 231, 0, 57.74%, 1, 0, 7, 488.48, 295590, 235, 1, 0
1755, 0, 123, 396, 228, 0, 57.74%, 1, 0, 7, 445.03, 297815, 235, 1, 0
1760, 0, 274, 396, 227, 0, 57.74%, 1, 0, 7, 472.13, 300203, 235, 1, 0
1765, 0, 303, 396, 226, 0, 57.74%, 1, 0, 7, 462.37, 302563, 235, 1, 0
1770, 0, 288, 396, 225, 0, 57.74%, 2, 0, 7, 451.60, 304818, 235, 2, 0
1775, 0, 219, 396, 222, 0, 57.74%, 2, 0, 7, 474.67, 307235, 235, 2, 0
1780, 0, 223, 396, 221, 0, 57.74%, 2, 0, 7, 468.05, 309535, 235, 2, 0
1785, 0, 245, 396, 220, 0, 57.74%, 2, 0, 7, 460.05, 311906, 235, 2, 0
1790, 0, 201, 396, 217, 0, 57.74%, 2, 0, 7, 461.07, 314277, 235, 2, 0
1795, 0, 330, 396, 215, 0, 57.74%, 2, 0, 7, 492.57, 316771, 235, 2, 0
1800, 0, 24, 396, 214, 0, 57.74%, 2, 0, 7, 471.91, 319130, 235, 2, 0
1805, 0, 366, 396, 212, 0, 57.74%, 2, 0, 7, 456.45, 321515, 235, 2, 0
1810, 0, 334, 396, 210, 0, 57.74%, 2, 0, 7, 482.42, 323955, 235, 2, 0
1815, 0, 0, 396, 208, 0, 57.74%, 2, 0, 7, 492.10, 326439, 235, 2, 0
1820, 1, 324, 396, 205, 0, 57.74%, 2, 0, 7, 494.89, 328933, 235, 2, 0
1825, 1, 344, 396, 203, 0, 57.74%, 2, 0, 7, 479.10, 331269, 235, 2, 0
1830, 1, 281, 396, 201, 0, 57.74%, 2, 0, 7, 510.12, 333856, 235, 2, 0
1835, 1, 336, 396, 198, 0, 57.74%, 2, 0, 7, 494.96, 336241, 235, 2, 0
1840, 1, 132, 396, 196, 0, 57.74%, 2, 0, 7, 485.91, 338729, 235, 2, 0
1846, 1, 297, 396, 193, 0, 57.74%, 2, 0, 7, 493.92, 341227, 235, 2, 0
1851, 1, 378, 396, 191, 0, 57.74%, 2, 0, 7, 440.48, 343424, 235, 2, 0
1856, 1, 220, 396, 189, 0, 57.74%, 2, 0, 7, 471.07, 345886, 235, 2, 0
1861, 1, 191, 396, 186, 0, 57.74%, 2, 0, 7, 429.24, 348037, 235, 2, 0
1866, 1, 335, 396, 184, 0, 57.74%, 2, 0, 7, 466.93, 350388, 235, 2, 0
1871, 1, 69, 396, 180, 0, 57.74%, 2, 0, 7, 430.19, 352554, 235, 2, 0
1876, 1, 284, 396, 178, 0, 57.74%, 2, 0, 7, 468.39, 354981, 235, 2, 0
1881, 1, 207, 397, 176, 0, 57.74%, 2, 0, 7, 483.70, 357459, 235, 2, 0
1886, 1, 223, 397, 174, 0, 57.74%, 2, 0, 7, 484.02, 359862, 235, 2, 0
1891, 1, 184, 397, 173, 0, 57.74%, 2, 0, 7, 466.49, 362183, 235, 2, 0
1897, 1, 185, 398, 170, 0, 57.74%, 2, 0, 7, 448.55, 364399, 235, 2, 0
1902, 1, 212, 398, 165, 0, 57.74%, 2, 0, 7, 506.40, 367131, 235, 2, 0
1907, 1, 309, 398, 163, 0, 57.74%, 2, 0, 7, 506.92, 369635, 235, 2, 0
1912, 1, 353, 399, 161, 0, 57.74%, 2, 0, 7, 493.13, 372133, 235, 2, 0
1917, 1, 32, 399, 158, 0, 57.74%, 2, 0, 7, 468.40, 374507, 235, 2, 0
1922, 1, 131, 399, 155, 0, 57.74%, 2, 0, 7, 474.20, 376921, 235, 2, 0
1927, 1, 376, 399, 152, 0, 57.74%, 2, 0, 7, 448.38, 379120, 235, 2, 0
1932, 1, 352, 399, 149, 0, 57.74%, 2, 0, 7, 487.70, 381710, 235, 2, 0
1937, 1, 316, 399, 145, 0, 57.74%, 2, 0, 7, 472.34, 384059, 235, 2, 0
1942, 1, 322, 399, 142, 0, 57.74%, 2, 0, 7, 460.70, 386376, 235, 2, 0
1947, 1, 354, 399, 141, 0, 57.74%, 2, 0, 7, 470.20, 388725, 235, 2, 0
1952, 1, 244, 399, 137, 0, 57.74%, 2, 0, 7, 481.95, 391243, 235, 2, 0
1958, 1, 307, 399, 134, 0, 57.74%, 2, 0, 7, 476.25, 393650, 235, 2, 0
1963, 1, 338, 399, 132, 0, 57.74%, 2, 0, 7, 468.28, 396045, 235, 2, 0
1968, 1, 319, 399, 130, 0, 57.74%, 2, 0, 7, 483.57, 398494, 235, 2, 0
1973, 1, 279, 399, 129, 0, 57.74%, 2, 0, 7, 501.60, 400997, 235, 2, 0
1978, 1, 358, 399, 127, 0, 57.74%, 2, 0, 7, 485.39, 403462, 235, 2, 0
1983, 1, 295, 399, 125, 0, 57.74%, 2, 0, 7, 438.55, 405650, 235, 2, 0
1988, 1, 296, 399, 123, 0, 57.74%, 2, 0, 7, 477.70, 408189, 235, 2, 0
1993, 1, 360, 399, 120, 0, 57.74%, 2, 0, 7, 478.61, 410594, 235, 2, 0
1998, 1, 365, 400, 119, 0, 57.74%, 2, 0, 7, 488.29, 413064, 235, 2, 0
2003, 1, 192, 400, 115, 0, 57.74%, 2, 0, 7, 499.39, 415584, 235, 2, 0
2008, 1, 114, 400, 112, 0, 57.74%, 2, 0, 7, 469.88, 417905, 235, 2, 0
2013, 1, 333, 400, 110, 0, 57.74%, 2, 0, 7, 467.73, 420216, 235, 2, 0
2018, 1, 322, 400, 108, 0, 57.74%, 2, 0, 7, 458.64, 422541, 235, 2, 0
2023, 1, 298, 400, 106, 0, 57.74%, 2, 0, 7, 478.81, 424930, 235, 2, 0
2028, 1, 242, 400, 103, 0, 57.74%, 2, 0, 7, 483.68, 427372, 235, 2, 0
2033, 1, 40, 400, 101, 0, 57.74%, 2, 0, 7, 473.94, 429788, 235, 2, 0
2039, 1, 346, 401, 100, 0, 57.74%, 2, 0, 7, 469.99, 432190, 235, 2, 0
2044, 1, 300, 402, 99, 0, 57.74%, 2, 0, 7, 471.76, 434555, 235, 2, 0
2049, 1, 372, 402, 97, 0, 57.74%, 2, 0, 7, 447.81, 436794, 235, 2, 0
2054, 1, 289, 402, 96, 0, 57.74%, 2, 0, 7, 448.91, 439047, 235, 2, 0
2059, 1, 343, 402, 94, 0, 57.74%, 2, 0, 7, 455.44, 441371, 235, 2, 0
2064, 1, 381, 402, 92, 0, 57.74%, 2, 0, 7, 464.85, 443740, 235, 2, 0
2069, 1, 292, 402, 89, 0, 57.74%, 2, 0, 7, 462.37, 446066, 235, 2, 0
2074, 1, 282, 402, 87, 0, 57.74%, 2, 0, 7, 469.91, 448476, 235, 2, 0
2079, 1, 351, 402, 85, 0, 57.74%, 2, 0, 7, 463.47, 450789, 235, 2, 0
2084, 1, 245, 403, 84, 0, 57.74%, 2, 0, 7, 463.21, 453166, 235, 2, 0
2089, 1, 274, 403, 83, 0, 57.74%, 2, 0, 7, 451.82, 455484, 235, 2, 0
2094, 1, 286, 403, 81, 0, 57.74%, 2, 0, 7, 438.09, 457721, 235, 2, 0
2099, 1, 138, 403, 78, 0, 57.74%, 2, 0, 7, 450.38, 460072, 235, 2, 0
2105, 1, 276, 403, 77, 0, 57.74%, 2, 0, 7, 492.70, 462655, 235, 2, 0
2110, 1, 332, 403, 74, 0, 57.74%, 2, 0, 7, 458.43, 464999, 235, 2, 0
2115, 1, 349, 403, 73, 0, 57.74%, 2, 0, 7, 463.92, 467366, 235, 2, 0
2120, 1, 177, 403, 70, 0, 57.74%, 2, 0, 7, 447.86, 469674, 235, 2, 0
2125, 1, 305, 403, 68, 0, 57.74%, 2, 0, 7, 472.97, 472104, 235, 2, 0
2130, 1, 313, 403, 67, 0, 57.74%, 2, 0, 7, 479.16, 474473, 235, 2, 0
2135, 1, 246, 403, 65, 0, 57.74%, 2, 0, 7, 461.95, 476826, 235, 2, 0
2140, 1, 283, 403, 63, 0, 57.74%, 2, 0, 7, 456.54, 479220, 235, 2, 0
2145, 1, 374, 403, 58, 0, 57.74%, 2, 0, 7, 493.95, 481776, 235, 2, 0
2150, 1, 359, 403, 55, 0, 57.74%, 2, 0, 7, 484.45, 484203, 235, 2, 0
2155, 1, 42, 403, 53, 0, 57.74%, 2, 0, 7, 463.98, 486614, 235, 2, 0
2161, 1, 225, 403, 50, 0, 57.74%, 2, 0, 7, 473.30, 488996, 235, 2, 0
2166, 1, 384, 403, 48, 0, 57.74%, 2, 0, 7, 486.26, 491535, 235, 2, 0
2171, 1, 174, 403, 47, 0, 57.74%, 2, 0, 7, 478.24, 493994, 235, 2, 0
2176, 2, 271, 448, 91, 0, 60.93%, 2, 0, 7, 465.21, 496324, 248, 2, 0
2181, 2, 438, 448, 90, 6, 60.93%, 2, 0, 7, 468.73, 498702, 248, 2, 0
2186, 2, 446, 448, 88, 4, 60.93%, 2, 0, 7, 465.18, 501025, 248, 2, 0
2191, 2, 427, 448, 86, 2, 60.93%, 2, 0, 7, 475.42, 503400, 248, 2, 0
2196, 2, 437, 448, 85, 1, 60.93%, 2, 0, 7, 476.65, 505764, 248, 2, 0
2201, 2, 431, 448, 82, 0, 60.93%, 2, 0, 7, 484.03, 508235, 248, 2, 0
2206, 2, 311, 448, 80, 0, 60.93%, 2, 0, 7, 460.54, 510503, 248, 2, 0
2211, 2, 445, 448, 77, 0, 60.93%, 2, 0, 7, 479.77, 512849, 248, 2, 0
2216, 2, 293, 449, 76, 0, 60.93%, 2, 0, 7, 471.48, 515185, 248, 2, 0
2221, 2, 408, 449, 75, 0, 60.93%, 2, 0, 7, 461.02, 517450, 248, 2, 0
2226, 2, 233, 449, 73, 0, 60.93%, 2, 0, 7, 441.19, 519690, 248, 2, 0
2231, 2, 425, 449, 71, 0, 60.93%, 2, 0, 7, 434.34, 521865, 248, 2, 0
2236, 2, 430, 449, 69, 0, 60.93%, 2, 0, 7, 462.30, 524253, 248, 2, 0
2242, 2, 421, 449, 68, 0, 60.93%, 2, 0, 7, 473.91, 526600, 248, 2, 0
2247, 2, 223, 449, 66, 0, 60.93%, 2, 0, 7, 482.06, 529066, 248, 2, 0
2252, 2, 438, 449, 65, 0, 60.93%, 2, 0, 7, 484.17, 531512, 248, 2, 0
2257, 2, 368, 449, 64, 0, 60.93%, 2, 0, 7, 469.55, 533845, 248, 2, 0
2262, 2, 361, 449, 61, 0, 60.93%, 2, 0, 7, 475.46, 536213, 248, 2, 0
2267, 2, 428, 450, 61, 0, 60.93%, 2, 0, 7, 476.76, 538551, 248, 2, 0
2272, 2, 297, 450, 57, 0, 60.93%, 2, 0, 7, 498.99, 541015, 248, 2, 0
2277, 2, 414, 450, 56, 0, 60.93%, 2, 0, 7, 490.61, 543488, 248, 2, 0
2282, 2, 388, 450, 54, 0, 60.93%, 2, 0, 7, 457.45, 545793, 248, 2, 0
2287, 2, 448, 450, 53, 0, 60.93%, 2, 0, 7, 459.04, 548149, 248, 2, 0
2292, 2, 436, 450, 52, 0, 60.93%, 5, 0, 7, 490.30, 550598, 248, 8, 0
2297, 2, 419, 450, 50, 0, 60.93%, 5, 0, 7, 509.34, 553269, 248, 8, 0
2302, 2, 411, 450, 49, 0, 60.93%, 5, 0, 7, 472.52, 555667, 248, 8, 0
2307, 2, 323, 450, 47, 0, 60.93%, 5, 0, 7, 503.94, 558204, 248, 8, 0
2312, 2, 347, 450, 45, 0, 60.93%, 5, 0, 7, 483.77, 560602, 248, 8, 0
2317, 2, 403, 451, 45, 0, 60.93%, 5, 0, 7, 480.94, 563035, 248, 8, 0
2323, 2, 319, 451, 43, 0, 60.93%, 5, 0, 7, 459.35, 565412, 248, 8, 0
2328, 2, 432, 451, 42, 0, 60.93%, 5, 0, 7, 449.66, 567653, 248, 8, 0
2333, 2, 417, 451, 41, 0, 60.93%, 5, 0, 7, 477.26, 570136, 248, 8, 0
2338, 2, 242, 451, 39, 0, 60.93%, 5, 0, 7, 492.65, 572611, 248, 8, 0
2343, 2, 274, 452, 38, 0, 60.93%, 5, 0, 7, 449.91, 574888, 248, 8, 0
2348, 2, 413, 452, 37, 0, 60.93%, 5, 0, 7, 467.18, 577260, 248, 8, 0
2353, 2, 424, 452, 35, 0, 60.93%, 5, 0, 7, 461.75, 579635, 248, 9, 0
2358, 2, 427, 452, 34, 0, 60.93%, 5, 0, 7, 430.98, 581817, 248, 9, 0
2363, 2, 124, 452, 34, 0, 60.93%, 5, 0, 7, 456.37, 584195, 248, 9, 0
2368, 2, 429, 452, 33, 0, 60.93%, 5, 0, 7, 479.39, 586665, 248, 9, 0
2373, 2, 291, 452, 31, 0, 60.93%, 5, 0, 7, 492.18, 589209, 248, 9, 0
2378, 2, 205, 452, 29, 0, 60.93%, 5, 0, 7, 448.09, 591428, 248, 13, 0
2383, 2, 416, 452, 29, 0, 60.93%, 5, 0, 7, 447.93, 593700, 248, 13, 0
2389, 2, 68, 452, 27, 0, 60.93%, 5, 0, 7, 468.93, 596177, 248, 13, 0
2394, 2, 305, 452, 25, 0, 60.93%, 5, 0, 7, 481.31, 598649, 248, 13, 0
2399, 2, 297, 453, 26, 0, 60.93%, 5, 0, 7, 489.67, 601146, 248, 14, 0
2404, 2, 451, 454, 27, 0, 60.93%, 5, 0, 7, 473.98, 603520, 248, 14, 0
2409, 2, 427, 454, 26, 0, 60.93%, 5, 0, 7, 485.27, 606004, 248, 14, 0
2414, 2, 161, 454, 25, 0, 60.93%, 5, 0, 7, 474.96, 608414, 248, 14, 0
2419, 2, 260, 454, 24, 0, 60.93%, 6, 0, 7, 475.73, 610826, 248, 22, 0
2424, 2, 394, 454, 23, 0, 60.93%, 6, 0, 7, 488.66, 613393, 248, 23, 0
2429, 2, 251, 454, 22, 0, 60.93%, 6, 0, 7, 475.70, 615758, 248, 23, 0
2434, 2, 350, 454, 21, 0, 60.93%, 6, 0, 7, 486.35, 618221, 248, 23, 0
2440, 2, 404, 454, 19, 0, 60.93%, 6, 0, 7, 472.51, 620662, 248, 23, 0
2445, 2, 402, 454, 18, 0, 60.93%, 6, 0, 7, 479.82, 623135, 248, 23, 0
2450, 2, 412, 454, 15, 0, 60.93%, 6, 0, 7, 478.75, 625569, 248, 23, 0
2455, 2, 401, 454, 14, 0, 60.93%, 6, 0, 7, 468.78, 627981, 248, 23, 0
2460, 2, 319, 454, 12, 0, 60.93%, 6, 0, 7, 439.33, 630180, 248, 23, 0
2465, 2, 438, 454, 12, 0, 60.93%, 6, 0, 7, 478.83, 632706, 248, 23, 0
2470, 2, 319, 454, 12, 0, 60.93%, 6, 0, 7, 485.61, 635129, 248, 23, 0
2475, 2, 404, 454, 11, 0, 60.93%, 6, 0, 7, 482.35, 637656, 248, 23, 0
2480, 2, 303, 454, 10, 0, 60.93%, 6, 0, 7, 482.94, 640099, 248, 23, 0
2486, 2, 390, 454, 8, 0, 60.93%, 6, 0, 7, 485.31, 642626, 248, 23, 0
2491, 3, 455, 457, 10, 1, 61.18%, 6, 0, 7, 480.84, 645077, 249, 23, 0
2496, 3, 455, 457, 10, 1, 61.18%, 6, 0, 7, 480.10, 647668, 249, 23, 0
2501, 3, 223, 457, 9, 0, 61.18%, 6, 0, 7, 476.45, 650053, 249, 23, 0
2506, 3, 249, 457, 9, 0, 61.18%, 6, 0, 7, 500.09, 652623, 249, 23, 0
2511, 3, 234, 457, 9, 0, 61.18%, 6, 0, 7, 482.79, 654980, 249, 23, 0
2516, 3, 274, 457, 9, 0, 61.18%, 6, 0, 7, 492.36, 657462, 249, 23, 0
2521, 3, 305, 457, 9, 0, 61.18%, 6, 0, 7, 512.42, 660012, 249, 36, 0
2526, 3, 332, 457, 8, 0, 61.18%, 6, 0, 7, 482.92, 662383, 249, 36, 0
2531, 3, 151, 457, 8, 0, 61.18%, 6, 0, 7, 463.59, 664683, 249, 36, 0
2536, 3, 452, 457, 8, 0, 61.18%, 6, 0, 7, 474.05, 667125, 249, 36, 0
2541, 3, 128, 457, 8, 0, 61.18%, 6, 0, 7, 500.51, 669632, 249, 36, 0
2546, 3, 260, 457, 8, 0, 61.18%, 6, 0, 7, 449.64, 671825, 249, 38, 0
2551, 3, 311, 457, 8, 0, 61.18%, 6, 0, 7, 440.34, 674020, 249, 43, 0
2556, 3, 415, 457, 8, 0, 61.18%, 6, 0, 7, 464.00, 676399, 249, 43, 0
2561, 3, 323, 457, 7, 0, 61.18%, 6, 0, 7, 480.13, 678877, 249, 43, 0
2567, 3, 446, 457, 6, 0, 61.18%, 6, 0, 7, 494.41, 681420, 249, 43, 0
2572, 3, 286, 457, 6, 0, 61.18%, 6, 0, 7, 470.15, 683818, 249, 48, 0
2577, 3, 437, 457, 6, 0, 61.18%, 6, 0, 7, 493.68, 686331, 249, 48, 0
2582, 3, 108, 457, 6, 0, 61.18%, 6, 0, 7, 482.41, 688733, 249, 48, 0
2587, 3, 437, 457, 6, 0, 61.18%, 6, 0, 7, 483.31, 691153, 249, 48, 0
2592, 3, 298, 457, 6, 0, 61.18%, 6, 0, 7, 492.50, 693662, 249, 48, 0
2597, 3, 407, 457, 6, 0, 61.18%, 6, 0, 7, 457.34, 695890, 249, 48, 0
2602, 3, 452, 457, 6, 0, 61.18%, 6, 0, 7, 491.71, 698336, 249, 48, 0
2607, 3, 424, 457, 6, 0, 61.18%, 6, 0, 7, 470.37, 700735, 249, 51, 0
2612, 3, 430, 457, 6, 0, 61.18%, 6, 0, 7, 476.37, 703152, 249, 57, 0
2617, 3, 260, 457, 6, 0, 61.18%, 6, 0, 7, 497.21, 705687, 249, 59, 0
2622, 3, 219, 457, 5, 0, 61.18%, 6, 0, 7, 478.03, 708110, 249, 62, 0
2627, 3, 452, 457, 5, 0, 61.18%, 6, 0, 7, 489.56, 710629, 249, 62, 0
2632, 3, 334, 457, 5, 0, 61.18%, 6, 0, 7, 484.57, 713075, 249, 62, 0
2637, 3, 274, 457, 5, 0, 61.18%, 6, 0, 7, 487.55, 715446, 249, 62, 0
2642, 3, 11, 457, 5, 0, 61.18%, 6, 0, 7, 472.15, 717763, 249, 62, 0
2647, 3, 452, 457, 5, 0, 61.18%, 6, 0, 7, 483.54, 720249, 249, 62, 0
2652, 3, 332, 457, 5, 0, 61.18%, 6, 0, 7, 484.59, 722699, 249, 65, 0
2658, 3, 321, 457, 5, 0, 61.18%, 6, 0, 7, 461.57, 724999, 249, 65, 0
2663, 3, 46, 458, 6, 0, 61.18%, 6, 0, 7, 488.94, 727464, 249, 68, 0
2668, 4, 46, 461, 9, 0, 61.67%, 6, 0, 7, 474.45, 729770, 251, 68, 0
2673, 4, 459, 461, 8, 1, 61.67%, 6, 0, 7, 461.98, 732155, 251, 68, 0
2678, 4, 459, 461, 7, 0, 61.67%, 6, 0, 7, 444.25, 734429, 251, 68, 0
2683, 4, 223, 461, 7, 0, 61.67%, 6, 0, 7, 456.16, 736819, 251, 70, 0
2688, 4, 46, 461, 6, 0, 61.67%, 6, 0, 7, 508.12, 739459, 251, 70, 0
2693, 4, 305, 461, 5, 0, 61.67%, 6, 0, 7, 468.32, 741797, 251, 70, 0
2698, 4, 334, 461, 4, 0, 61.67%, 6, 0, 7, 468.00, 744191, 251, 70, 0
2704, 4, 286, 461, 4, 0, 61.67%, 6, 0, 7, 473.79, 746718, 251, 70, 0
2709, 4, 122, 461, 3, 0, 61.67%, 6, 0, 7, 488.85, 749311, 251, 70, 0
2714, 4, 454, 461, 3, 0, 61.67%, 6, 0, 7, 484.25, 751682, 251, 71, 0
2719, 4, 298, 461, 2, 0, 61.67%, 6, 0, 7, 472.34, 754048, 251, 71, 0
2724, 4, 458, 461, 2, 0, 61.67%, 6, 0, 7, 448.31, 756319, 251, 71, 0
2729, 4, 326, 461, 2, 0, 61.67%, 6, 0, 7, 466.33, 758705, 251, 71, 0
2734, 4, 373, 461, 2, 0, 61.67%, 6, 0, 7, 471.50, 761208, 251, 71, 0
2739, 4, 268, 461, 2, 0, 61.67%, 6, 0, 7, 474.84, 763640, 251, 71, 0
2744, 4, 334, 461, 2, 0, 61.67%, 6, 0, 7, 487.52, 766066, 251, 71, 0
2749, 4, 194, 461, 2, 0, 61.67%, 6, 0, 7, 454.05, 768292, 251, 71, 0
2754, 4, 332, 461, 2, 0, 61.67%, 6, 0, 7, 464.63, 770627, 251, 71, 0
2760, 4, 274, 461, 1, 0, 61.67%, 6, 0, 7, 458.42, 772981, 251, 71, 0
2765, 4, 190, 461, 1, 0, 61.67%, 6, 0, 7, 468.58, 775314, 251, 71, 0
2770, 4, 459, 461, 1, 0, 61.67%, 6, 0, 7, 468.22, 777723, 251, 71, 0
2775, 4, 260, 461, 1, 0, 61.67%, 6, 0, 7, 470.46, 780085, 251, 73, 0
2780, 4, 446, 461, 1, 0, 61.67%, 6, 0, 7, 446.64, 782390, 251, 74, 0
2785, 4, 237, 461, 1, 0, 61.67%, 6, 0, 7, 460.69, 784698, 251, 74, 0
2790, 4, 407, 461, 1, 0, 61.67%, 6, 0, 7, 465.08, 787090, 251, 74, 0
2795, 4, 459, 461, 1, 0, 61.67%, 6, 0, 7, 439.81, 789335, 251, 74, 0
2800, 4, 446, 461, 1, 0, 61.67%, 6, 0, 7, 446.67, 791681, 251, 74, 0
2805, 4, 437, 461, 1, 0, 61.67%, 6, 0, 7, 455.47, 793993, 251, 74, 0
2810, 4, 245, 461, 0, 0, 61.67%, 6, 0, 7, 459.81, 796311, 251, 74, 0
2815, 4, 334, 461, 0, 0, 61.67%, 6, 0, 7, 444.57, 798523, 251, 74, 0
2820, 4, 326, 461, 0, 0, 61.67%, 6, 0, 7, 469.35, 800932, 251, 74, 0
2825, 4, 424, 461, 0, 0, 61.67%, 6, 0, 7, 457.78, 803290, 251, 74, 0
2830, 4, 261, 461, 0, 0, 61.67%, 6, 0, 7, 446.62, 805559, 251, 74, 0
2835, 4, 226, 461, 0, 0, 61.67%, 6, 0, 7, 460.91, 807867, 251, 78, 0
2840, 4, 216, 461, 0, 0, 61.67%, 6, 0, 7, 481.87, 810327, 251, 78, 0
2846, 4, 385, 461, 0, 0, 61.67%, 6, 0, 7, 465.83, 812648, 251, 78, 0
2851, 4, 102, 461, 0, 0, 61.67%, 6, 0, 7, 454.35, 814929, 251, 78, 0
2856, 4, 326, 461, 0, 0, 61.67%, 6, 0, 7, 448.90, 817179, 251, 78, 0
2861, 5, 463, 464, 3, 1, 61.67%, 6, 0, 7, 480.71, 819765, 251, 78, 0
2866, 5, 274, 464, 2, 0, 61.67%, 6, 0, 7, 455.14, 822092, 251, 78, 0
2871, 5, 246, 464, 2, 0, 61.67%, 6, 0, 7, 466.83, 824430, 251, 78, 0
2876, 5, 407, 464, 2, 0, 61.67%, 6, 0, 7, 462.67, 826750, 251, 81, 0
2881, 5, 334, 464, 2, 0, 61.67%, 6, 0, 7, 434.37, 828968, 251, 81, 0
2886, 5, 446, 464, 2, 0, 61.67%, 6, 0, 7, 465.92, 831323, 251, 81, 0
2891, 5, 289, 464, 2, 0, 61.67%, 6, 0, 7, 465.84, 833655, 251, 81, 0
2896, 5, 417, 464, 2, 0, 61.67%, 6, 0, 7, 468.94, 836133, 251, 81, 0
2902, 5, 36, 464, 2, 0, 61.67%, 6, 0, 7, 449.56, 838425, 251, 81, 0
2907, 5, 324, 464, 2, 0, 61.67%, 6, 0, 7, 474.28, 840782, 251, 81, 0
2912, 5, 463, 464, 2, 0, 61.67%, 6, 0, 7, 466.85, 843148, 251, 81, 0
2917, 5, 303, 464, 2, 0, 61.67%, 6, 0, 7, 497.30, 845710, 251, 81, 0
2922, 5, 462, 464, 2, 0, 61.67%, 6, 0, 7, 502.71, 848236, 251, 81, 0
2927, 5, 338, 464, 0, 0, 61.67%, 6, 0, 7, 487.34, 850609, 251, 81, 0
2932, 5, 338, 464, 0, 0, 61.67%, 6, 0, 7, 484.54, 853122, 251, 81, 0
2937, 5, 438, 464, 0, 0, 61.67%, 6, 0, 7, 454.15, 855379, 251, 81, 0
2942, 5, 427, 464, 0, 0, 61.67%, 6, 0, 7, 466.43, 857787, 251, 81, 0
2947, 5, 407, 464, 0, 0, 61.67%, 6, 0, 7, 479.13, 860199, 251, 84, 0
2952, 5, 219, 464, 0, 0, 61.67%, 6, 0, 7, 497.46, 862734, 251, 90, 0
2957, 5, 261, 464, 0, 0, 61.67%, 6, 0, 7, 473.49, 865153, 251, 96, 0
2962, 5, 326, 464, 0, 0, 61.67%, 6, 0, 7, 450.17, 867371, 251, 96, 0
2967, 5, 102, 464, 0, 0, 61.67%, 6, 0, 7, 454.91, 869671, 251, 96, 0
2972, 5, 323, 464, 0, 0, 61.67%, 6, 0, 7, 461.58, 872048, 251, 96, 0
2977, 5, 427, 464, 0, 0, 61.67%, 6, 0, 7, 496.96, 874544, 251, 96, 0
2982, 5, 245, 464, 0, 0, 61.67%, 6, 0, 7, 442.35, 876679, 251, 96, 0
2987, 5, 332, 464, 0, 0, 61.67%, 6, 0, 7, 445.64, 878942, 251, 97, 0
2992, 5, 366, 464, 0, 0, 61.67%, 6, 0, 7, 475.53, 881341, 251, 97, 0
2997, 5, 321, 464, 0, 0, 61.67%, 6, 0, 7, 471.00, 883722, 251, 97, 0
3003, 5, 438, 465, 0, 0, 61.67%, 6, 0, 7, 466.20, 886137, 251, 97, 0
3008, 5, 219, 465, 0, 0, 61.67%, 6, 0, 7, 478.09, 888569, 251, 97, 0
3013, 5, 438, 465, 0, 0, 61.67%, 6, 0, 7, 496.75, 891150, 251, 97, 0
3018, 5, 464, 465, 0, 0, 61.67%, 7, 0, 7, 467.79, 893479, 251, 98, 0
3023, 5, 298, 465, 0, 0, 61.67%, 7, 0, 7, 458.87, 895760, 251, 98, 0
3028, 5, 305, 466, 1, 0, 61.67%, 7, 0, 7, 451.28, 897975, 251, 98, 0
3033, 5, 465, 466, 1, 0, 61.67%, 7, 0, 7, 480.79, 900368, 251, 98, 0
3038, 5, 465, 466, 1, 0, 61.67%, 7, 0, 7, 464.12, 902733, 251, 98, 0
3043, 5, 334, 466, 0, 0, 61.67%, 7, 0, 7, 457.10, 905029, 251, 98, 0
3048, 6, 407, 470, 4, 0, 61.67%, 7, 0, 7, 479.22, 907534, 251, 98, 0
3053, 6, 469, 471, 5, 0, 61.67%, 7, 0, 7, 468.97, 909950, 251, 98, 0
3058, 6, 26, 471, 4, 0, 61.67%, 7, 0, 7, 478.81, 912354, 251, 98, 0
3063, 6, 260, 471, 4, 0, 61.67%, 7, 0, 7, 467.00, 914657, 251, 101, 0
3068, 6, 459, 471, 4, 0, 61.67%, 7, 0, 7, 469.16, 917023, 251, 102, 0
3074, 6, 427, 471, 4, 0, 61.67%, 7, 0, 7, 449.74, 919290, 251, 102, 0
3079, 6, 334, 471, 3, 0, 61.67%, 7, 0, 7, 476.13, 921830, 251, 102, 0
3084, 6, 338, 471, 2, 0, 61.67%, 7, 0, 7, 475.20, 924226, 251, 102, 0
3089, 6, 245, 471, 1, 0, 61.67%, 7, 0, 7, 462.92, 926542, 251, 102, 0
3094, 6, 452, 471, 1, 0, 61.67%, 7, 0, 7, 455.11, 928919, 251, 102, 0
3099, 6, 261, 471, 1, 0, 61.67%, 7, 0, 7, 449.78, 931200, 251, 103, 0
3104, 6, 245, 471, 1, 0, 61.67%, 7, 0, 7, 448.05, 933540, 251, 103, 0
3109, 6, 467, 471, 1, 0, 61.67%, 7, 0, 7, 458.31, 935833, 251, 104, 0
3114, 6, 106, 471, 1, 0, 61.67%, 7, 0, 7, 449.64, 938137, 251, 106, 0
3119, 6, 452, 471, 1, 0, 61.67%, 7, 0, 7, 479.80, 940595, 251, 106, 0
3124, 6, 324, 471, 1, 0, 61.67%, 7, 0, 7, 470.33, 943076, 251, 106, 0
3130, 6, 298, 471, 1, 0, 61.67%, 7, 0, 7, 431.01, 945271, 251, 108, 0
3135, 6, 466, 471, 1, 0, 61.67%, 7, 0, 7, 446.32, 947494, 251, 108, 0
3140, 6, 274, 471, 0, 0, 61.67%, 7, 0, 7, 465.62, 949821, 251, 108, 0
3145, 6, 289, 471, 0, 0, 61.67%, 7, 0, 7, 460.96, 952156, 251, 108, 0
3150, 6, 245, 471, 0, 0, 61.67%, 7, 0, 7, 439.94, 954334, 251, 110, 0
3155, 6, 223, 471, 0, 0, 61.67%, 7, 0, 7, 447.81, 956630, 251, 112, 0
3160, 6, 464, 471, 0, 0, 61.67%, 7, 0, 7, 461.90, 958955, 251, 112, 0
3165, 6, 404, 471, 0, 0, 61.67%, 7, 0, 7, 498.12, 961476, 251, 112, 0
3170, 6, 319, 471, 0, 0, 61.67%, 7, 0, 7, 456.71, 963711, 251, 113, 0
3175, 6, 445, 471, 0, 0, 61.67%, 7, 0, 7, 454.13, 965998, 251, 113, 0
3180, 6, 427, 471, 0, 0, 61.67%, 7, 0, 7, 442.33, 968259, 251, 113, 0
3185, 6, 388, 471, 0, 0, 61.67%, 7, 0, 7, 464.32, 970614, 251, 113, 0
3190, 6, 326, 471, 0, 0, 61.67%, 7, 0, 7, 464.85, 973089, 251, 113, 0
3195, 6, 23, 471, 0, 0, 61.67%, 7, 0, 7, 448.38, 975336, 251, 113, 0
3200, 6, 260, 471, 0, 0, 61.67%, 7, 0, 7, 479.67, 977747, 251, 113, 0
3206, 6, 116, 471, 0, 0, 61.67%, 7, 0, 7, 434.99, 979908, 251, 113, 0
3211, 6, 26, 471, 0, 0, 61.67%, 7, 0, 7, 450.69, 982192, 251, 113, 0
3216, 6, 297, 471, 0, 0, 61.67%, 7, 0, 7, 458.75, 984530, 251, 114, 0
3221, 6, 245, 471, 0, 0, 61.67%, 7, 0, 7, 441.35, 986727, 251, 119, 0
3226, 6, 366, 471, 0, 0, 61.67%, 7, 0, 7, 459.83, 989043, 251, 119, 0
3231, 6, 13, 471, 0, 0, 61.67%, 7, 0, 7, 467.40, 991394, 251, 120, 0
3236, 6, 321, 471, 0, 0, 61.67%, 7, 0, 7, 462.61, 993758, 251, 120, 0
3241, 6, 404, 471, 0, 0, 61.67%, 7, 0, 7, 481.93, 996254, 251, 120, 0
3246, 7, 321, 471, 0, 0, 61.67%, 7, 0, 7, 457.89, 998620, 251, 120, 0
3251, 7, 261, 471, 0, 0, 61.67%, 7, 0, 7, 481.73, 1001114, 251, 120, 0
3256, 7, 286, 471, 0, 0, 61.67%, 7, 0, 7, 428.77, 1003257, 251, 120, 0
3261, 7, 427, 471, 0, 0, 61.67%, 7, 0, 7, 439.12, 1005538, 251, 120, 0
3266, 7, 359, 471, 0, 0, 61.67%, 7, 0, 7, 474.31, 1007953, 251, 120, 0
3271, 7, 124, 471, 0, 0, 61.67%, 7, 0, 7, 453.16, 1010179, 251, 120, 0
3276, 7, 159, 471, 0, 0, 61.67%, 7, 0, 7, 462.17, 1012497, 251, 120, 0
3282, 7, 452, 471, 0, 0, 61.67%, 8, 0, 7, 475.80, 1014914, 251, 121, 0
3287, 7, 223, 471, 0, 0, 61.67%, 8, 0, 7, 468.89, 1017274, 251, 121, 0
3292, 7, 356, 471, 0, 0, 61.67%, 8, 0, 7, 449.18, 1019516, 251, 121, 0
3297, 7, 274, 471, 0, 0, 61.67%, 8, 0, 7, 467.63, 1021927, 251, 121, 0
3302, 7, 404, 471, 0, 0, 61.67%, 8, 0, 7, 466.36, 1024321, 251, 121, 0
3307, 7, 388, 471, 0, 0, 61.67%, 8, 0, 7, 469.05, 1026639, 251, 126, 0
3312, 7, 437, 471, 0, 0, 61.67%, 8, 0, 7, 469.03, 1028993, 251, 126, 0
3317, 7, 161, 471, 0, 0, 61.67%, 8, 0, 7, 440.09, 1031192, 251, 126, 0
3322, 7, 461, 471, 0, 0, 61.67%, 8, 0, 7, 454.41, 1033479, 251, 126, 0
3327, 7, 244, 471, 0, 0, 61.67%, 8, 0, 7, 461.03, 1035825, 251, 126, 0
3332, 7, 14, 471, 0, 0, 61.67%, 8, 0, 7, 455.45, 1038095, 251, 126, 0
3337, 7, 323, 471, 0, 0, 61.67%, 8, 0, 7, 458.67, 1040416, 251, 126, 0
3342, 7, 43, 471, 0, 0, 61.67%, 8, 0, 7, 460.57, 1042758, 251, 126, 0
3347, 7, 452, 471, 0, 0, 61.67%, 8, 0, 7, 437.93, 1044972, 251, 127, 0
3352, 7, 323, 471, 0, 0, 61.67%, 8, 0, 7, 435.90, 1047201, 251, 127, 0
3357, 7, 128, 471, 0, 0, 61.67%, 8, 0, 7, 463.13, 1049574, 251, 127, 0
3362, 7, 326, 471, 0, 0, 61.67%, 8, 0, 7, 452.32, 1051829, 251, 127, 0
3367, 7, 388, 471, 0, 0, 61.67%, 9, 0, 7, 462.21, 1054182, 251, 128, 0
3372, 7, 124, 471, 0, 0, 61.67%, 9, 0, 7, 477.14, 1056591, 251, 128, 0
3378, 7, 321, 471, 0, 0, 61.67%, 9, 0, 7, 453.21, 1058875, 251, 128, 0
3383, 7, 446, 471, 0, 0, 61.67%, 9, 0, 7, 476.11, 1061300, 251, 128, 0
3388, 7, 459, 471, 0, 0, 61.67%, 9, 0, 7, 447.27, 1063583, 251, 132, 0
3393, 7, 301, 471, 0, 0, 61.67%, 9, 0, 7, 445.47, 1065839, 251, 132, 0
3398, 7, 334, 471, 0, 0, 61.67%, 9, 0, 7, 467.18, 1068180, 251, 132, 0
3403, 7, 332, 471, 0, 0, 61.67%, 9, 0, 7, 455.78, 1070489, 251, 132, 0
3408, 7, 288, 471, 0, 0, 61.67%, 9, 0, 7, 443.76, 1072745, 251, 132, 0
3413, 7, 261, 471, 0, 0, 61.67%, 9, 0, 7, 444.24, 1075079, 251, 138, 0
3418, 7, 438, 471, 0, 0, 61.67%, 9, 0, 7, 463.66, 1077416, 251, 143, 0
3423, 7, 464, 471, 0, 0, 61.67%, 9, 0, 7, 457.25, 1079673, 251, 143, 0
3428, 7, 379, 471, 0, 0, 61.67%, 9, 0, 7, 463.24, 1081988, 251, 143, 0
3433, 7, 102, 471, 0, 0, 61.67%, 9, 0, 7, 454.13, 1084237, 251, 143, 0
3439, 8, 471, 472, 1, 1, 61.67%, 9, 0, 7, 452.95, 1086587, 251, 143, 0
3444, 8, 50, 472, 0, 0, 61.67%, 9, 0, 7, 443.64, 1088883, 251, 143, 0
3449, 8, 337, 472, 0, 0, 61.67%, 9, 0, 7, 473.49, 1091257, 251, 143, 0
3454, 8, 261, 472, 0, 0, 61.67%, 9, 0, 7, 450.83, 1093484, 251, 143, 0
3459, 8, 279, 472, 0, 0, 61.67%, 9, 0, 7, 445.24, 1095727, 251, 143, 0
3464, 8, 434, 472, 0, 0, 61.67%, 9, 0, 7, 444.07, 1098086, 251, 143, 0
3469, 8, 416, 472, 0, 0, 61.67%, 9, 0, 7, 451.99, 1100422, 251, 149, 0
3474, 8, 407, 472, 0, 0, 61.67%, 9, 0, 7, 460.81, 1102722, 251, 149, 0
3479, 8, 274, 472, 0, 0, 61.67%, 9, 0, 7, 451.77, 1105042, 251, 149, 0
3484, 8, 301, 472, 0, 0, 61.67%, 9, 0, 7, 480.12, 1107491, 251, 149, 0
3489, 8, 352, 472, 0, 0, 61.67%, 9, 0, 7, 471.28, 1109848, 251, 149, 0
3494, 8, 255, 472, 0, 0, 61.67%, 9, 0, 7, 486.81, 1112324, 251, 149, 0
3499, 8, 366, 472, 0, 0, 61.67%, 9, 0, 7, 458.52, 1114630, 251, 149, 0
3504, 8, 298, 472, 0, 0, 61.67%, 9, 0, 7, 467.34, 1116989, 251, 149, 0
3510, 8, 452, 472, 0, 0, 61.67%, 9, 0, 7, 467.15, 1119357, 251, 149, 0
3515, 8, 427, 472, 0, 0, 61.67%, 9, 0, 7, 470.40, 1121753, 251, 149, 0
3520, 8, 215, 472, 0, 0, 61.67%, 9, 0, 7, 471.62, 1124128, 251, 151, 0
3525, 8, 350, 472, 0, 0, 61.67%, 9, 0, 7, 464.70, 1126458, 251, 151, 0
3530, 8, 303, 472, 0, 0, 61.67%, 9, 0, 7, 448.53, 1128712, 251, 151, 0
3535, 8, 323, 472, 0, 0, 61.67%, 9, 0, 7, 466.01, 1131011, 251, 151, 0
3540, 8, 322, 472, 0, 0, 61.67%, 9, 0, 7, 480.72, 1133430, 251, 151, 0
3545, 8, 407, 472, 0, 0, 61.67%, 9, 0, 7, 475.35, 1135794, 251, 151, 0
3550, 8, 286, 472, 0, 0, 61.67%, 9, 0, 7, 463.00, 1138173, 251, 151, 0
3555, 8, 471, 472, 0, 0, 61.67%, 9, 0, 7, 457.56, 1140418, 251, 151, 0
3560, 8, 427, 472, 0, 0, 61.67%, 9, 0, 7, 454.72, 1142762, 251, 152, 0
3565, 8, 303, 472, 0, 0, 61.67%, 9, 0, 7, 454.12, 1145088, 251, 152, 0
3570, 8, 404, 472, 0, 0, 61.67%, 9, 0, 7, 480.24, 1147613, 251, 152, 0
3575, 8, 468, 472, 0, 0, 61.67%, 9, 0, 7, 462.53, 1149863, 251, 152, 0
3580, 8, 388, 473, 1, 0, 61.67%, 9, 0, 7, 474.68, 1152252, 251, 152, 0
3585, 8, 223, 473, 1, 0, 61.67%, 9, 0, 7, 473.64, 1154550, 251, 152, 0
3591, 8, 300, 473, 1, 0, 61.67%, 9, 0, 7, 458.82, 1156801, 251, 152, 0
3596, 8, 471, 473, 1, 0, 61.67%, 9, 0, 7, 447.71, 1159220, 251, 152, 0
3601, 8, 459, 473, 1, 0, 61.67%, 9, 0, 7, 444.79, 1161473, 251, 152, 0
3604, 8, 424, 473, 1, 0, 61.67%, 9, 0, 7, 457.81, 1163034, 251, 152, 0
