# relative_time, cycles_done, cur_item, corpus_count, pending_total, pending_favs, map_size, saved_crashes, saved_hangs, max_depth, execs_per_sec, total_execs, edges_found, total_crashes, servers_count
61, 0, 9, 100, 95, 5, 31.94%, 0, 0, 2, 438.49, 28142, 130, 0, 0
66, 0, 9, 100, 95, 5, 31.94%, 0, 0, 2, 418.80, 30246, 130, 0, 0
71, 0, 9, 104, 99, 5, 31.94%, 0, 0, 2, 442.80, 32490, 130, 0, 0
76, 0, 9, 104, 99, 5, 31.94%, 0, 0, 2, 477.84, 34870, 130, 0, 0
81, 0, 9, 104, 99, 5, 31.94%, 0, 0, 2, 431.89, 37035, 130, 0, 0
86, 0, 9, 104, 99, 5, 31.94%, 0, 0, 2, 455.49, 39424, 130, 0, 0
91, 0, 9, 107, 102, 5, 31.94%, 0, 0, 2, 451.45, 41668, 130, 0, 0
96, 0, 9, 108, 103, 5, 31.94%, 0, 0, 2, 430.95, 43839, 130, 0, 0
101, 0, 9, 108, 103, 5, 31.94%, 0, 0, 2, 454.20, 46166, 130, 0, 0
106, 0, 9, 109, 104, 5, 31.94%, 0, 0, 2, 422.24, 48262, 130, 0, 0
111, 0, 9, 109, 104, 5, 31.94%, 0, 0, 2, 426.16, 50422, 130, 0, 0
116, 0, 9, 109, 104, 5, 31.94%, 0, 0, 2, 411.81, 52494, 130, 0, 0
121, 0, 9, 121, 115, 4, 32.92%, 0, 0, 2, 429.70, 54750, 134, 0, 0
126, 0, 3, 129, 115, 18, 34.15%, 0, 0, 3, 442.15, 57053, 139, 0, 0
132, 0, 0, 129, 112, 16, 34.15%, 0, 0, 3, 474.99, 59525, 139, 0, 0
137, 0, 131, 135, 115, 17, 36.36%, 0, 0, 3, 436.53, 61709, 148, 0, 0
142, 0, 131, 145, 125, 17, 37.84%, 1, 0, 3, 431.51, 63961, 154, 1, 0
147, 0, 131, 151, 131, 17, 37.84%, 1, 0, 3, 406.95, 65965, 154, 1, 0
152, 0, 131, 151, 131, 17, 37.84%, 1, 0, 3, 430.64, 68165, 154, 1, 0
157, 0, 131, 152, 132, 17, 37.84%, 1, 0, 3, 411.54, 70260, 154, 1, 0
162, 0, 131, 153, 133, 17, 37.84%, 1, 0, 3, 420.38, 72323, 154, 1, 0
167, 0, 131, 154, 134, 17, 37.84%, 1, 0, 3, 427.59, 74490, 154, 1, 0
172, 0, 131, 155, 135, 17, 37.84%, 1, 0, 3, 428.27, 76633, 154, 1, 0
177, 0, 131, 155, 135, 17, 37.84%, 2, 0, 3, 421.82, 78753, 154, 3, 0
183, 0, 131, 156, 136, 17, 38.57%, 2, 0, 3, 405.77, 80856, 157, 3, 0
188, 0, 131, 157, 137, 17, 38.57%, 2, 0, 3, 415.96, 82943, 157, 3, 0
193, 0, 131, 157, 137, 17, 38.57%, 2, 0, 3, 414.29, 85031, 157, 3, 0
198, 0, 131, 157, 137, 17, 38.57%, 2, 0, 3, 407.96, 87127, 157, 3, 0
203, 0, 131, 159, 139, 17, 38.57%, 2, 0, 3, 403.26, 89181, 157, 3, 0
208, 0, 131, 159, 139, 17, 38.57%, 2, 0, 3, 376.47, 91126, 157, 3, 0
213, 0, 131, 159, 139, 17, 38.57%, 2, 0, 3, 391.90, 93086, 157, 3, 0
218, 0, 131, 159, 139, 17, 38.57%, 2, 0, 3, 357.40, 94878, 157, 3, 0
223, 0, 131, 160, 140, 17, 38.57%, 2, 0, 3, 408.16, 96924, 157, 3, 0
228, 0, 131, 160, 140, 17, 38.57%, 2, 0, 3, 443.11, 99196, 157, 3, 0
233, 0, 131, 161, 141, 17, 38.57%, 2, 0, 3, 410.37, 101363, 157, 3, 0
239, 0, 131, 161, 141, 17, 38.57%, 2, 0, 3, 423.35, 103523, 157, 3, 0
244, 0, 131, 161, 141, 17, 38.57%, 2, 0, 3, 421.91, 105651, 157, 3, 0
249, 0, 131, 162, 142, 17, 38.57%, 2, 0, 3, 406.45, 107714, 157, 3, 0
254, 0, 131, 162, 142, 17, 38.57%, 2, 0, 3, 402.75, 109746, 157, 3, 0
259, 0, 131, 162, 142, 17, 38.57%, 2, 0, 3, 420.13, 111850, 157, 3, 0
264, 0, 131, 162, 142, 17, 38.57%, 2, 0, 3, 435.90, 114058, 157, 3, 0
269, 0, 97, 163, 141, 17, 38.57%, 2, 0, 3, 419.10, 116136, 157, 3, 0
274, 0, 27, 164, 139, 14, 38.57%, 2, 0, 3, 421.99, 118257, 157, 3, 0
279, 0, 30, 172, 146, 13, 38.57%, 2, 0, 3, 420.63, 120376, 157, 3, 0
284, 0, 30, 172, 146, 13, 38.57%, 2, 0, 3, 421.62, 122504, 157, 3, 0
289, 0, 155, 172, 144, 11, 38.57%, 2, 0, 3, 406.11, 124532, 157, 3, 0
294, 0, 73, 172, 143, 10, 38.57%, 2, 0, 3, 402.46, 126506, 157, 3, 0
300, 0, 114, 172, 141, 8, 38.57%, 2, 0, 3, 425.86, 128753, 157, 3, 0
305, 0, 114, 172, 141, 8, 38.57%, 2, 0, 3, 371.42, 130569, 157, 3, 0
310, 0, 132, 172, 140, 7, 38.57%, 2, 0, 3, 395.50, 132544, 157, 3, 0
315, 0, 136, 173, 140, 6, 38.57%, 2, 0, 4, 414.69, 134633, 157, 3, 0
320, 0, 136, 173, 140, 6, 38.57%, 2, 0, 4, 408.44, 136711, 157, 3, 0
325, 0, 88, 175, 140, 4, 38.57%, 2, 0, 4, 384.93, 138694, 157, 3, 0
330, 0, 88, 178, 143, 4, 38.57%, 2, 0, 4, 366.85, 140556, 157, 3, 0
335, 0, 88, 180, 145, 4, 38.57%, 2, 0, 4, 370.33, 142432, 157, 3, 0
340, 0, 88, 181, 146, 4, 38.57%, 2, 0, 4, 387.75, 144378, 157, 3, 0
345, 0, 88, 181, 146, 4, 38.57%, 2, 0, 4, 406.08, 146475, 157, 3, 0
350, 0, 88, 181, 146, 4, 38.57%, 2, 0, 4, 383.83, 148501, 157, 3, 0
355, 0, 88, 181, 146, 4, 38.57%, 2, 0, 4, 423.75, 150635, 157, 3, 0
361, 0, 88, 182, 147, 4, 38.57%, 2, 0, 4, 427.45, 152786, 157, 3, 0
366, 0, 88, 182, 147, 4, 38.57%, 2, 0, 4, 415.36, 154882, 157, 3, 0
371, 0, 88, 185, 150, 4, 38.57%, 2, 0, 4, 410.99, 156991, 157, 3, 0
376, 0, 88, 185, 150, 4, 38.57%, 2, 0, 4, 434.24, 159176, 157, 3, 0
381, 0, 88, 188, 153, 4, 38.57%, 2, 0, 4, 412.12, 161213, 157, 3, 0
386, 0, 88, 189, 154, 4, 38.57%, 2, 0, 4, 385.80, 163132, 157, 3, 0
391, 0, 88, 190, 155, 4, 38.57%, 2, 0, 4, 424.64, 165403, 157, 3, 0
396, 0, 88, 190, 155, 4, 38.57%, 2, 0, 4, 413.24, 167419, 157, 3, 0
401, 0, 88, 190, 155, 4, 38.57%, 2, 0, 4, 406.37, 169515, 157, 3, 0
407, 0, 88, 191, 156, 4, 38.57%, 2, 0, 4, 405.19, 171626, 157, 3, 0
412, 0, 88, 191, 156, 4, 38.57%, 2, 0, 4, 407.46, 173714, 157, 3, 0
417, 0, 88, 191, 156, 4, 38.57%, 2, 0, 4, 419.57, 175850, 157, 3, 0
422, 0, 135, 191, 154, 3, 38.57%, 2, 0, 4, 399.25, 177897, 157, 3, 0
427, 0, 134, 191, 149, 2, 38.57%, 2, 0, 4, 403.73, 180004, 157, 3, 0
432, 0, 190, 195, 151, 1, 38.57%, 2, 0, 4, 444.05, 182236, 157, 3, 0
437, 0, 144, 195, 147, 0, 38.57%, 2, 0, 4, 423.26, 184348, 157, 3, 0
442, 0, 186, 198, 146, 0, 39.07%, 2, 0, 4, 433.59, 186500, 159, 3, 0
447, 0, 159, 198, 144, 0, 39.07%, 2, 0, 4, 428.12, 188696, 159, 3, 0
452, 0, 131, 199, 142, 0, 39.07%, 2, 0, 4, 425.77, 190855, 159, 3, 0
457, 0, 68, 200, 142, 0, 39.07%, 2, 0, 4, 454.35, 193192, 159, 3, 0
462, 0, 136, 200, 139, 0, 39.07%, 2, 0, 4, 431.24, 195418, 159, 3, 0
467, 0, 49, 201, 136, 0, 39.07%, 2, 0, 4, 415.48, 197529, 159, 3, 0
473, 0, 12, 202, 134, 0, 39.07%, 2, 0, 4, 422.39, 199663, 159, 3, 0
478, 0, 114, 204, 131, 0, 39.07%, 2, 0, 4, 397.56, 201674, 159, 3, 0
483, 0, 181, 204, 129, 0, 39.07%, 2, 0, 4, 389.86, 203686, 159, 3, 0
488, 0, 29, 204, 126, 0, 39.07%, 2, 0, 4, 391.22, 205711, 159, 3, 0
493, 0, 113, 204, 125, 0, 39.07%, 2, 0, 4, 400.90, 207718, 159, 3, 0
498, 0, 27, 205, 123, 0, 39.07%, 2, 0, 5, 404.43, 209726, 159, 3, 0
503, 0, 160, 211, 127, 0, 39.07%, 2, 0, 5, 434.43, 211943, 159, 3, 0
508, 0, 160, 214, 130, 0, 39.07%, 2, 0, 5, 424.21, 214084, 159, 3, 0
513, 0, 160, 214, 130, 0, 39.07%, 2, 0, 5, 409.18, 216148, 159, 3, 0
518, 0, 58, 215, 130, 0, 39.07%, 2, 0, 5, 423.70, 218271, 159, 3, 0
523, 0, 202, 215, 124, 0, 39.07%, 2, 0, 5, 435.07, 220545, 159, 3, 0
528, 0, 29, 215, 120, 0, 39.07%, 2, 0, 5, 420.38, 222644, 159, 3, 0
533, 0, 189, 215, 118, 0, 39.07%, 2, 0, 5, 424.18, 224727, 159, 3, 0
538, 1, 39, 215, 114, 0, 39.07%, 2, 0, 5, 406.78, 226752, 159, 3, 0
544, 1, 143, 221, 116, 0, 39.07%, 2, 0, 5, 415.02, 228906, 159, 3, 0
549, 1, 143, 225, 120, 0, 39.07%, 2, 0, 5, 397.23, 230942, 159, 3, 0
554, 1, 143, 228, 123, 0, 39.31%, 2, 0, 5, 425.63, 233107, 160, 3, 0
559, 1, 143, 229, 124, 0, 39.31%, 2, 0, 5, 402.24, 235130, 160, 3, 0
564, 1, 143, 231, 126, 0, 39.31%, 2, 0, 5, 404.96, 237208, 160, 3, 0
569, 1, 143, 231, 126, 0, 39.31%, 3, 0, 5, 427.65, 239336, 160, 4, 0
574, 1, 143, 231, 126, 0, 39.31%, 3, 0, 5, 397.72, 241368, 160, 4, 0
579, 1, 146, 232, 125, 0, 39.31%, 3, 0, 5, 418.51, 243465, 160, 4, 0
584, 1, 218, 233, 119, 0, 39.31%, 3, 0, 5, 432.10, 245731, 160, 4, 0
590, 1, 104, 234, 117, 0, 39.31%, 3, 0, 5, 426.19, 247818, 160, 4, 0
595, 1, 227, 234, 113, 0, 39.31%, 3, 0, 5, 436.49, 250040, 160, 4, 0
600, 1, 235, 237, 116, 1, 39.80%, 3, 0, 5, 411.34, 252080, 162, 4, 0
604, 1, 230, 238, 114, 0, 39.80%, 3, 0, 5, 389.51, 253914, 162, 4, 0
