# relative_time, cycles_done, cur_item, corpus_count, pending_total, pending_favs, map_size, saved_crashes, saved_hangs, max_depth, execs_per_sec, total_execs, edges_found, total_crashes, servers_count
61, 0, 9, 86, 81, 5, 30.96%, 0, 0, 2, 487.22, 27237, 126, 0, 0
66, 0, 9, 88, 83, 5, 30.96%, 0, 0, 2, 459.54, 29510, 126, 0, 0
71, 0, 9, 91, 86, 5, 30.96%, 0, 0, 2, 460.58, 31853, 126, 0, 0
76, 0, 9, 91, 86, 5, 30.96%, 0, 0, 2, 461.99, 34130, 126, 0, 0
81, 0, 9, 95, 90, 5, 30.96%, 0, 0, 2, 475.98, 36516, 126, 0, 0
86, 0, 9, 100, 95, 5, 31.70%, 0, 0, 2, 437.02, 38756, 129, 0, 0
91, 0, 9, 100, 95, 5, 31.70%, 0, 0, 2, 436.04, 40908, 129, 0, 0
96, 0, 9, 100, 95, 5, 31.70%, 0, 0, 2, 428.12, 43156, 129, 0, 0
101, 0, 9, 100, 95, 5, 31.70%, 0, 0, 2, 525.19, 45868, 129, 0, 0
106, 0, 9, 100, 95, 5, 31.70%, 0, 0, 2, 517.66, 48478, 129, 0, 0
112, 0, 9, 101, 96, 5, 31.70%, 0, 0, 2, 465.48, 50751, 129, 0, 0
117, 0, 9, 103, 98, 5, 31.70%, 0, 0, 2, 454.59, 53006, 129, 0, 0
122, 0, 134, 135, 127, 36, 36.86%, 0, 0, 3, 485.87, 55473, 150, 0, 0
127, 0, 24, 135, 120, 29, 36.86%, 0, 0, 3, 479.75, 57838, 150, 0, 0
132, 0, 118, 135, 119, 28, 36.86%, 0, 0, 3, 434.06, 59989, 150, 0, 0
137, 0, 118, 135, 119, 28, 36.86%, 0, 0, 3, 412.49, 62021, 150, 0, 0
142, 0, 118, 135, 119, 28, 36.86%, 0, 0, 3, 407.23, 64125, 150, 0, 0
147, 0, 3, 137, 119, 24, 36.86%, 0, 0, 3, 450.42, 66409, 150, 0, 0
152, 0, 138, 147, 128, 26, 39.80%, 0, 0, 3, 439.68, 68695, 162, 0, 0
157, 0, 138, 159, 140, 26, 44.96%, 0, 0, 3, 427.69, 70921, 183, 0, 0
162, 0, 138, 161, 142, 26, 44.96%, 0, 0, 3, 438.50, 73063, 183, 0, 0
167, 0, 138, 162, 143, 26, 44.96%, 0, 0, 3, 407.07, 75198, 183, 0, 0
173, 0, 138, 162, 143, 26, 44.96%, 0, 0, 3, 448.06, 77502, 183, 0, 0
178, 0, 138, 163, 144, 26, 44.96%, 0, 0, 3, 462.17, 79928, 183, 0, 0
183, 0, 138, 163, 144, 26, 44.96%, 0, 0, 3, 430.86, 82085, 183, 0, 0
188, 0, 138, 163, 144, 26, 44.96%, 0, 0, 3, 427.25, 84309, 183, 0, 0
193, 0, 138, 165, 146, 26, 44.96%, 0, 0, 3, 435.74, 86500, 183, 0, 0
198, 0, 138, 165, 146, 26, 44.96%, 0, 0, 3, 407.79, 88604, 183, 0, 0
203, 0, 138, 165, 146, 26, 44.96%, 0, 0, 3, 429.73, 90828, 183, 0, 0
208, 0, 138, 165, 146, 26, 44.96%, 0, 0, 3, 443.15, 93132, 183, 0, 0
213, 0, 138, 165, 146, 26, 44.96%, 0, 0, 3, 440.02, 95388, 183, 0, 0
219, 0, 138, 166, 147, 26, 44.96%, 0, 0, 3, 428.24, 97571, 183, 0, 0
224, 0, 138, 166, 147, 26, 44.96%, 0, 0, 3, 411.27, 99675, 183, 0, 0
229, 0, 138, 166, 147, 26, 44.96%, 0, 0, 3, 415.70, 101811, 183, 0, 0
234, 0, 138, 166, 147, 26, 44.96%, 0, 0, 3, 431.89, 103979, 183, 0, 0
239, 0, 138, 166, 147, 26, 44.96%, 0, 0, 3, 450.48, 106338, 183, 0, 0
244, 0, 138, 166, 147, 26, 44.96%, 0, 0, 3, 460.68, 108435, 183, 0, 0
249, 0, 138, 167, 148, 26, 44.96%, 0, 0, 3, 414.58, 110458, 183, 0, 0
254, 0, 138, 167, 148, 26, 44.96%, 0, 0, 3, 405.44, 112498, 183, 0, 0
259, 0, 138, 167, 148, 26, 44.96%, 0, 0, 3, 401.12, 114586, 183, 0, 0
264, 0, 138, 167, 148, 26, 44.96%, 0, 0, 3, 412.50, 116786, 183, 0, 0
269, 0, 138, 167, 148, 26, 44.96%, 0, 0, 3, 436.29, 119010, 183, 0, 0
274, 0, 163, 167, 147, 30, 44.96%, 0, 0, 3, 415.88, 121114, 183, 0, 0
279, 0, 57, 167, 144, 27, 44.96%, 0, 0, 3, 436.66, 123400, 183, 0, 0
284, 0, 57, 171, 148, 27, 44.96%, 0, 0, 3, 429.77, 125632, 183, 0, 0
290, 0, 57, 172, 149, 27, 44.96%, 0, 0, 3, 453.00, 128007, 183, 0, 0
295, 0, 57, 174, 151, 27, 44.96%, 0, 0, 3, 460.81, 130235, 183, 0, 0
300, 0, 147, 174, 149, 26, 44.96%, 0, 0, 3, 410.88, 132345, 183, 0, 0
305, 0, 110, 178, 152, 25, 45.95%, 1, 0, 3, 444.31, 134649, 187, 1, 0
310, 0, 110, 189, 163, 25, 45.95%, 1, 0, 3, 461.40, 136953, 187, 1, 0
315, 0, 110, 195, 169, 25, 45.95%, 1, 0, 3, 469.36, 139363, 187, 1, 0
320, 0, 110, 196, 170, 25, 45.95%, 1, 0, 3, 429.31, 141516, 187, 1, 0
325, 0, 110, 198, 172, 25, 45.95%, 1, 0, 3, 426.77, 143706, 187, 1, 0
330, 0, 110, 199, 173, 25, 45.95%, 1, 0, 3, 425.50, 145905, 187, 1, 0
335, 0, 110, 201, 175, 25, 45.95%, 1, 0, 3, 412.32, 147855, 187, 1, 0
340, 0, 110, 202, 176, 25, 45.95%, 1, 0, 3, 405.61, 149910, 187, 1, 0
346, 0, 110, 203, 177, 25, 45.95%, 1, 0, 3, 413.46, 152085, 187, 1, 0
351, 0, 110, 204, 178, 25, 45.95%, 1, 0, 3, 423.84, 154180, 187, 1, 0
356, 0, 110, 205, 179, 25, 45.95%, 1, 0, 3, 431.52, 156340, 187, 1, 0
361, 0, 110, 205, 179, 25, 45.95%, 1, 0, 3, 436.84, 158500, 187, 1, 0
366, 0, 110, 205, 179, 25, 45.95%, 1, 0, 3, 412.08, 160580, 187, 1, 0
371, 0, 110, 205, 179, 25, 45.95%, 1, 0, 3, 422.92, 162652, 187, 1, 0
376, 0, 110, 205, 179, 25, 45.95%, 1, 0, 3, 407.03, 164684, 187, 1, 0
381, 0, 110, 205, 179, 25, 45.95%, 1, 0, 3, 443.50, 166972, 187, 1, 0
386, 0, 110, 205, 179, 25, 45.95%, 1, 0, 3, 424.94, 169060, 187, 3, 0
391, 0, 110, 206, 180, 25, 46.19%, 1, 0, 3, 469.85, 171454, 188, 3, 0
396, 0, 205, 206, 179, 25, 46.19%, 1, 0, 3, 441.48, 173611, 188, 3, 0
401, 0, 141, 206, 176, 22, 46.19%, 1, 0, 3, 452.41, 175884, 188, 3, 0
407, 0, 206, 210, 179, 22, 46.19%, 1, 0, 3, 451.19, 178182, 188, 3, 0
412, 0, 146, 215, 182, 21, 46.19%, 1, 0, 3, 431.37, 180433, 188, 3, 0
417, 0, 200, 215, 180, 19, 46.19%, 1, 0, 3, 439.80, 182687, 188, 3, 0
422, 0, 194, 233, 197, 19, 46.93%, 1, 0, 3, 430.46, 184840, 191, 3, 0
427, 0, 194, 236, 200, 19, 46.93%, 1, 0, 3, 397.71, 186859, 191, 3, 0
432, 0, 194, 237, 201, 19, 46.93%, 1, 0, 3, 417.69, 188988, 191, 3, 0
437, 0, 194, 238, 202, 19, 46.93%, 1, 0, 3, 420.66, 191163, 191, 3, 0
442, 0, 194, 239, 203, 19, 46.93%, 1, 0, 3, 428.13, 193338, 191, 4, 0
447, 0, 194, 240, 204, 19, 46.93%, 1, 0, 3, 420.67, 195489, 191, 5, 0
452, 0, 194, 240, 204, 19, 46.93%, 1, 0, 3, 419.62, 197537, 191, 5, 0
457, 0, 194, 241, 205, 19, 46.93%, 1, 0, 3, 431.62, 199720, 191, 5, 0
462, 0, 194, 241, 205, 19, 46.93%, 1, 0, 3, 405.23, 201776, 191, 5, 0
468, 0, 194, 242, 206, 19, 46.93%, 1, 0, 3, 465.85, 204179, 191, 6, 0
473, 0, 194, 242, 206, 19, 46.93%, 1, 0, 3, 446.48, 206528, 191, 6, 0
478, 0, 194, 242, 206, 19, 46.93%, 1, 0, 3, 444.77, 208796, 191, 6, 0
483, 0, 194, 243, 207, 19, 46.93%, 1, 0, 3, 461.26, 211080, 191, 6, 0
488, 0, 194, 243, 207, 19, 46.93%, 1, 0, 3, 470.57, 213420, 191, 6, 0
493, 0, 194, 243, 207, 19, 46.93%, 1, 0, 3, 450.04, 215678, 191, 6, 0
498, 0, 194, 243, 207, 19, 46.93%, 1, 0, 3, 439.05, 217902, 191, 6, 0
503, 0, 194, 243, 207, 19, 46.93%, 1, 0, 3, 467.63, 220269, 191, 7, 0
508, 0, 194, 243, 207, 19, 46.93%, 1, 0, 3, 446.37, 222494, 191, 7, 0
513, 0, 107, 247, 210, 20, 47.42%, 1, 0, 3, 448.13, 224701, 193, 7, 0
518, 0, 244, 247, 208, 19, 47.42%, 1, 0, 3, 421.23, 226770, 193, 7, 0
523, 0, 240, 248, 207, 18, 47.42%, 1, 0, 3, 419.92, 228838, 193, 7, 0
529, 0, 32, 248, 204, 15, 47.42%, 1, 0, 3, 428.35, 231000, 193, 7, 0
534, 0, 46, 248, 199, 10, 47.42%, 1, 0, 3, 459.47, 233380, 193, 7, 0
539, 0, 125, 249, 196, 6, 47.42%, 1, 0, 3, 431.46, 235556, 193, 7, 0
544, 0, 154, 249, 191, 2, 47.42%, 1, 0, 3, 440.95, 237831, 193, 7, 0
549, 0, 197, 249, 187, 2, 47.42%, 1, 0, 3, 466.36, 240164, 193, 7, 0
554, 0, 23, 250, 185, 0, 47.42%, 1, 0, 3, 473.58, 242664, 193, 7, 0
559, 0, 189, 251, 184, 0, 47.42%, 1, 0, 3, 458.37, 245027, 193, 7, 0
564, 0, 247, 251, 180, 0, 47.42%, 1, 0, 3, 429.35, 247209, 193, 7, 0
569, 0, 121, 252, 180, 0, 47.42%, 1, 0, 4, 451.90, 249556, 193, 7, 0
574, 0, 19, 252, 179, 0, 47.42%, 1, 0, 4, 446.61, 251882, 193, 7, 0
579, 0, 208, 254, 175, 0, 47.42%, 1, 0, 4, 443.85, 254118, 193, 8, 0
585, 0, 103, 255, 174, 0, 47.42%, 1, 0, 4, 475.05, 256578, 193, 8, 0
590, 0, 233, 256, 172, 0, 47.67%, 1, 0, 4, 469.33, 258930, 194, 8, 0
595, 0, 237, 257, 172, 0, 47.67%, 1, 0, 4, 411.27, 260985, 194, 8, 0
600, 0, 156, 257, 170, 0, 47.67%, 1, 0, 4, 454.30, 263306, 194, 8, 0
605, 0, 119, 257, 167, 0, 47.67%, 1, 0, 4, 444.19, 265500, 194, 8, 0
610, 0, 54, 257, 165, 0, 47.67%, 1, 0, 4, 411.85, 267602, 194, 8, 0
615, 0, 252, 257, 163, 0, 47.67%, 1, 0, 4, 433.68, 269850, 194, 8, 0
620, 0, 179, 257, 162, 0, 47.67%, 1, 0, 4, 404.69, 271860, 194, 8, 0
625, 0, 212, 259, 161, 0, 47.67%, 1, 0, 4, 415.11, 273976, 194, 8, 0
631, 0, 171, 259, 159, 0, 47.67%, 1, 0, 4, 405.75, 276026, 194, 8, 0
636, 0, 218, 259, 156, 0, 47.67%, 1, 0, 4, 437.38, 278250, 194, 8, 0
641, 0, 162, 259, 153, 0, 47.67%, 1, 0, 4, 415.21, 280322, 194, 8, 0
646, 0, 188, 259, 150, 0, 47.67%, 1, 0, 4, 418.65, 282438, 194, 8, 0
651, 0, 37, 260, 149, 0, 47.67%, 1, 0, 4, 439.22, 284684, 194, 8, 0
656, 0, 219, 260, 147, 0, 47.67%, 1, 0, 4, 410.87, 286650, 194, 8, 0
661, 0, 7, 260, 145, 0, 47.67%, 1, 0, 4, 449.14, 289031, 194, 8, 0
666, 0, 176, 260, 142, 0, 47.67%, 1, 0, 4, 452.49, 291286, 194, 8, 0
671, 0, 176, 268, 150, 0, 47.67%, 1, 0, 4, 452.95, 293558, 194, 8, 0
676, 0, 176, 269, 151, 0, 47.67%, 1, 0, 4, 419.52, 295637, 194, 8, 0
681, 0, 176, 271, 153, 0, 47.67%, 1, 0, 4, 423.97, 297915, 194, 8, 0
687, 0, 176, 271, 153, 0, 47.67%, 1, 0, 4, 399.83, 299929, 194, 9, 0
692, 0, 176, 271, 153, 0, 47.67%, 1, 0, 4, 396.30, 301896, 194, 9, 0
697, 0, 176, 272, 154, 0, 47.67%, 1, 0, 4, 407.74, 303986, 194, 9, 0
702, 0, 122, 272, 151, 0, 47.67%, 1, 0, 4, 448.73, 306401, 194, 9, 0
707, 0, 160, 272, 148, 0, 47.67%, 1, 0, 4, 439.74, 308642, 194, 9, 0
712, 0, 160, 279, 155, 0, 47.67%, 1, 0, 4, 444.73, 310975, 194, 9, 0
717, 0, 160, 285, 161, 0, 47.67%, 1, 0, 4, 435.78, 313114, 194, 9, 0
722, 0, 160, 286, 162, 0, 47.67%, 1, 0, 4, 410.00, 315241, 194, 9, 0
728, 0, 160, 286, 162, 0, 47.67%, 1, 0, 4, 399.13, 317314, 194, 9, 0
733, 0, 160, 288, 164, 0, 47.67%, 1, 0, 4, 416.82, 319447, 194, 9, 0
738, 0, 160, 288, 164, 0, 47.67%, 1, 0, 4, 426.79, 321703, 194, 9, 0
743, 0, 220, 288, 162, 0, 47.67%, 1, 0, 4, 413.52, 323766, 194, 9, 0
748, 0, 227, 288, 159, 0, 47.67%, 1, 0, 4, 412.70, 325916, 194, 9, 0
753, 0, 273, 289, 159, 0, 47.67%, 1, 0, 4, 422.38, 328058, 194, 9, 0
758, 0, 287, 290, 158, 0, 47.67%, 1, 0, 5, 452.61, 330368, 194, 9, 0
763, 0, 152, 290, 155, 0, 47.67%, 1, 0, 5, 442.48, 332613, 194, 9, 0
768, 1, 267, 290, 153, 0, 47.67%, 1, 0, 5, 442.02, 334811, 194, 9, 0
774, 1, 222, 290, 150, 0, 47.67%, 1, 0, 5, 449.90, 337033, 194, 9, 0
779, 1, 287, 292, 151, 0, 47.67%, 1, 0, 5, 423.40, 339186, 194, 9, 0
784, 1, 287, 294, 153, 0, 47.91%, 1, 0, 5, 448.16, 341452, 195, 9, 0
789, 1, 287, 297, 156, 0, 47.91%, 1, 0, 5, 412.06, 343485, 195, 9, 0
794, 1, 287, 299, 158, 0, 47.91%, 1, 0, 5, 411.66, 345587, 195, 9, 0
799, 1, 300, 301, 160, 2, 47.91%, 1, 0, 5, 429.78, 347761, 195, 9, 0
804, 1, 274, 302, 159, 0, 47.91%, 1, 0, 6, 447.37, 349992, 195, 9, 0
809, 1, 196, 302, 157, 0, 47.91%, 1, 0, 6, 437.11, 352165, 195, 9, 0
814, 1, 105, 302, 154, 0, 47.91%, 1, 0, 6, 443.86, 354419, 195, 9, 0
819, 1, 165, 302, 152, 0, 47.91%, 1, 0, 6, 409.09, 356460, 195, 9, 0
824, 1, 163, 302, 150, 0, 47.91%, 1, 0, 6, 408.55, 358476, 195, 9, 0
829, 1, 209, 303, 150, 0, 47.91%, 1, 0, 6, 425.65, 360611, 195, 9, 0
834, 1, 120, 304, 149, 0, 48.16%, 1, 0, 6, 400.16, 362670, 196, 9, 0
839, 1, 233, 304, 146, 0, 48.16%, 1, 0, 6, 389.61, 364598, 196, 9, 0
844, 1, 230, 304, 144, 0, 48.16%, 1, 0, 6, 397.23, 366623, 196, 9, 0
850, 1, 157, 304, 141, 0, 48.16%, 1, 0, 6, 416.91, 368720, 196, 9, 0
855, 1, 289, 304, 139, 0, 48.16%, 1, 0, 6, 426.61, 370882, 196, 9, 0
860, 1, 292, 304, 137, 0, 48.16%, 1, 0, 6, 407.41, 372940, 196, 9, 0
865, 1, 90, 304, 134, 0, 48.16%, 1, 0, 6, 428.60, 375060, 196, 9, 0
870, 1, 288, 304, 131, 0, 48.16%, 1, 0, 6, 412.75, 377184, 196, 9, 0
875, 1, 294, 306, 131, 0, 48.16%, 1, 0, 6, 398.56, 379226, 196, 9, 0
880, 1, 295, 306, 129, 0, 48.16%, 1, 0, 6, 405.51, 381281, 196, 9, 0
885, 1, 112, 306, 126, 0, 48.16%, 1, 0, 6, 395.02, 383236, 196, 9, 0
890, 1, 107, 307, 124, 0, 48.40%, 1, 0, 6, 416.02, 385328, 197, 9, 0
895, 1, 113, 307, 122, 0, 48.40%, 1, 0, 6, 432.49, 387489, 197, 9, 0
901, 1, 34, 307, 120, 0, 48.40%, 1, 0, 6, 409.66, 389579, 197, 9, 0
904, 1, 296, 307, 119, 0, 48.40%, 1, 0, 6, 355.04, 390820, 197, 9, 0
