# relative_time, cycles_done, cur_item, corpus_count, pending_total, pending_favs, map_size, saved_crashes, saved_hangs, max_depth, execs_per_sec, total_execs, edges_found, total_crashes, servers_count
60, 0, 0, 25, 20, 3, 21.13%, 0, 0, 2, 439.21, 27598, 86, 0, 0
65, 0, 0, 25, 20, 3, 21.13%, 0, 0, 2, 432.42, 29806, 86, 0, 0
71, 0, 0, 25, 20, 3, 21.13%, 0, 0, 2, 440.43, 32046, 86, 0, 0
76, 0, 0, 25, 20, 3, 21.13%, 0, 0, 2, 426.49, 34246, 86, 0, 0
81, 0, 0, 25, 20, 3, 21.13%, 0, 0, 2, 429.78, 36470, 86, 0, 0
86, 0, 0, 25, 20, 3, 21.13%, 0, 0, 2, 423.92, 38686, 86, 0, 0
91, 0, 8, 102, 96, 24, 34.15%, 0, 0, 2, 477.17, 41323, 139, 0, 0
96, 0, 8, 102, 96, 24, 34.15%, 0, 0, 2, 405.78, 43305, 139, 0, 0
101, 0, 8, 102, 96, 24, 34.15%, 0, 0, 2, 425.74, 45449, 139, 0, 0
106, 0, 14, 104, 93, 20, 34.15%, 0, 0, 2, 417.71, 47525, 139, 0, 0
111, 0, 47, 105, 86, 13, 40.05%, 0, 0, 3, 410.01, 49618, 163, 0, 0
116, 0, 47, 111, 92, 13, 40.05%, 0, 0, 3, 425.47, 51761, 163, 0, 0
122, 0, 47, 111, 92, 13, 40.05%, 0, 0, 3, 437.64, 53971, 163, 0, 0
127, 0, 47, 111, 92, 13, 40.05%, 0, 0, 3, 414.30, 56011, 163, 0, 0
132, 0, 47, 112, 93, 13, 40.05%, 0, 0, 3, 443.76, 58339, 163, 0, 0
137, 0, 47, 112, 93, 13, 40.05%, 0, 0, 3, 456.26, 60582, 163, 0, 0
142, 0, 47, 112, 93, 13, 40.05%, 0, 0, 3, 424.63, 62763, 163, 0, 0
147, 0, 69, 113, 91, 10, 40.05%, 0, 0, 3, 412.26, 64817, 163, 0, 0
152, 0, 69, 117, 95, 10, 41.03%, 0, 0, 3, 455.89, 67179, 167, 0, 0
157, 0, 69, 122, 100, 10, 41.03%, 0, 0, 3, 433.74, 69433, 167, 0, 0
163, 0, 69, 126, 104, 10, 41.03%, 0, 0, 3, 433.99, 71645, 167, 0, 0
168, 0, 69, 127, 105, 10, 41.03%, 0, 0, 3, 461.63, 73916, 167, 0, 0
173, 0, 72, 129, 105, 9, 41.03%, 0, 0, 3, 425.96, 75995, 167, 0, 0
178, 0, 84, 133, 107, 7, 41.03%, 0, 0, 3, 431.18, 78175, 167, 0, 0
183, 0, 84, 134, 108, 7, 41.03%, 0, 0, 3, 434.10, 80342, 167, 0, 0
188, 0, 104, 151, 122, 5, 41.03%, 0, 0, 4, 434.25, 82523, 167, 0, 0
193, 0, 111, 157, 126, 6, 41.03%, 0, 0, 4, 432.04, 84738, 167, 0, 0
198, 0, 111, 161, 130, 6, 41.03%, 0, 0, 4, 455.26, 87022, 167, 0, 0
203, 0, 111, 162, 131, 6, 41.03%, 0, 0, 4, 431.82, 89181, 167, 0, 0
208, 0, 111, 163, 132, 6, 41.03%, 0, 0, 4, 420.89, 91404, 167, 0, 0
213, 0, 111, 163, 132, 6, 41.03%, 0, 0, 4, 396.85, 93396, 167, 0, 0
218, 0, 111, 163, 132, 6, 41.03%, 0, 0, 4, 413.48, 95540, 167, 0, 0
224, 0, 111, 163, 132, 6, 41.03%, 0, 0, 4, 395.38, 97522, 167, 0, 0
229, 0, 111, 163, 132, 6, 41.03%, 0, 0, 4, 418.97, 99676, 167, 0, 0
234, 0, 111, 163, 132, 6, 41.03%, 0, 0, 4, 443.82, 101940, 167, 0, 0
239, 0, 111, 163, 132, 6, 41.03%, 0, 0, 4, 432.67, 104108, 167, 0, 0
244, 0, 111, 163, 132, 6, 41.03%, 0, 0, 4, 438.21, 106300, 167, 0, 0
249, 0, 111, 163, 132, 6, 41.03%, 0, 0, 4, 420.94, 108452, 167, 0, 0
254, 0, 111, 163, 132, 6, 41.03%, 0, 0, 4, 441.66, 110764, 167, 0, 0
259, 0, 111, 164, 133, 6, 41.03%, 0, 0, 4, 415.15, 112867, 167, 0, 0
264, 0, 111, 165, 134, 6, 41.03%, 0, 0, 4, 437.76, 115162, 167, 0, 0
269, 0, 111, 165, 134, 6, 41.03%, 0, 0, 4, 412.33, 117283, 167, 0, 0
274, 0, 111, 165, 134, 6, 41.03%, 0, 0, 4, 424.08, 119499, 167, 0, 0
280, 0, 111, 167, 136, 6, 41.03%, 0, 0, 4, 449.83, 121801, 167, 0, 0
285, 0, 114, 172, 139, 4, 41.77%, 0, 0, 4, 447.64, 124071, 170, 0, 0
290, 0, 114, 173, 140, 4, 41.77%, 0, 0, 4, 416.98, 126152, 170, 0, 0
295, 0, 114, 176, 143, 4, 41.77%, 0, 0, 4, 412.34, 128229, 170, 0, 0
300, 0, 114, 178, 145, 4, 41.77%, 0, 0, 4, 420.06, 130403, 170, 0, 0
305, 0, 114, 178, 145, 4, 41.77%, 0, 0, 4, 407.09, 132475, 170, 0, 0
310, 0, 114, 178, 145, 4, 41.77%, 0, 0, 4, 410.06, 134523, 170, 0, 0
315, 0, 114, 179, 146, 4, 41.77%, 0, 0, 4, 463.57, 136963, 170, 0, 0
320, 0, 114, 181, 148, 4, 42.01%, 0, 0, 4, 433.22, 139153, 171, 0, 0
325, 0, 114, 182, 149, 4, 42.01%, 0, 0, 4, 447.88, 141467, 171, 0, 0
331, 0, 114, 183, 150, 4, 42.01%, 0, 0, 4, 431.34, 143655, 171, 0, 0
336, 0, 114, 184, 151, 4, 42.01%, 0, 0, 4, 438.49, 145942, 171, 0, 0
341, 0, 114, 184, 151, 4, 42.01%, 0, 0, 4, 423.70, 148062, 171, 0, 0
346, 0, 114, 184, 151, 4, 42.01%, 0, 0, 4, 422.23, 150278, 171, 0, 0
351, 0, 114, 184, 151, 4, 42.01%, 0, 0, 4, 420.32, 152406, 171, 0, 0
356, 0, 114, 185, 152, 4, 42.01%, 0, 0, 4, 411.39, 154405, 171, 0, 0
361, 0, 114, 185, 152, 4, 42.01%, 0, 0, 4, 412.94, 156517, 171, 0, 0
366, 0, 114, 186, 153, 4, 42.01%, 0, 0, 4, 430.00, 158700, 171, 0, 0
371, 0, 114, 186, 153, 4, 42.01%, 0, 0, 4, 430.86, 160844, 171, 0, 0
376, 0, 114, 186, 153, 4, 42.01%, 0, 0, 4, 424.38, 163060, 171, 0, 0
381, 0, 114, 186, 153, 4, 42.01%, 0, 0, 4, 409.33, 165068, 171, 0, 0
386, 0, 114, 187, 154, 4, 42.01%, 0, 0, 4, 412.99, 167195, 171, 0, 0
391, 0, 114, 187, 154, 4, 42.01%, 0, 0, 4, 420.13, 169251, 171, 0, 0
397, 0, 114, 188, 155, 4, 42.01%, 0, 0, 4, 433.55, 171538, 171, 0, 0
402, 0, 114, 188, 155, 4, 42.01%, 0, 0, 4, 433.42, 173762, 171, 0, 0
407, 0, 137, 191, 157, 5, 42.75%, 0, 0, 5, 404.69, 175791, 174, 0, 0
412, 0, 137, 193, 159, 5, 42.75%, 0, 0, 5, 445.98, 178053, 174, 0, 0
417, 0, 137, 193, 159, 5, 42.75%, 0, 0, 5, 420.72, 180157, 174, 0, 0
422, 0, 144, 195, 160, 5, 42.75%, 0, 0, 5, 433.35, 182364, 174, 0, 0
427, 0, 144, 196, 161, 5, 42.75%, 0, 0, 5, 422.49, 184531, 174, 0, 0
432, 0, 165, 199, 163, 4, 42.75%, 0, 0, 5, 451.76, 186792, 174, 0, 0
437, 0, 165, 200, 164, 4, 42.75%, 0, 0, 5, 469.32, 189216, 174, 0, 0
442, 0, 165, 203, 167, 4, 42.75%, 0, 0, 5, 428.41, 191300, 174, 0, 0
447, 0, 165, 207, 171, 4, 42.75%, 0, 0, 5, 437.99, 193536, 174, 0, 0
453, 0, 165, 207, 171, 4, 42.75%, 0, 0, 5, 443.74, 195856, 174, 0, 0
458, 0, 165, 208, 172, 4, 42.75%, 0, 0, 5, 432.92, 198143, 174, 0, 0
463, 0, 165, 209, 173, 4, 42.75%, 0, 0, 5, 461.90, 200511, 174, 0, 0
468, 0, 165, 209, 173, 4, 42.75%, 0, 0, 5, 421.34, 202702, 174, 0, 0
473, 0, 165, 209, 173, 4, 42.75%, 0, 0, 5, 382.61, 204601, 174, 0, 0
478, 0, 165, 210, 174, 4, 42.75%, 0, 0, 5, 403.74, 206709, 174, 0, 0
483, 0, 165, 210, 174, 4, 42.75%, 0, 0, 5, 433.62, 208933, 174, 0, 0
488, 0, 165, 211, 175, 4, 42.75%, 0, 0, 5, 426.26, 211076, 174, 0, 0
493, 0, 165, 211, 175, 4, 42.75%, 0, 0, 5, 408.90, 213172, 174, 0, 0
498, 0, 165, 211, 175, 4, 42.75%, 0, 0, 5, 426.20, 215428, 174, 0, 0
504, 0, 165, 211, 175, 4, 42.75%, 0, 0, 5, 423.38, 217516, 174, 0, 0
509, 0, 165, 211, 175, 4, 42.75%, 0, 0, 5, 422.66, 219660, 174, 0, 0
514, 0, 165, 211, 175, 4, 42.75%, 0, 0, 5, 416.41, 221740, 174, 0, 0
519, 0, 165, 211, 175, 4, 42.75%, 0, 0, 5, 426.71, 223860, 174, 0, 0
524, 0, 165, 211, 175, 4, 42.75%, 0, 0, 5, 439.65, 226020, 174, 0, 0
529, 0, 165, 211, 175, 4, 42.75%, 0, 0, 5, 426.25, 228172, 174, 0, 0
534, 0, 165, 211, 175, 4, 42.75%, 0, 0, 5, 367.67, 229955, 174, 0, 0
539, 0, 165, 211, 175, 4, 42.75%, 0, 0, 5, 401.09, 232012, 174, 0, 0
544, 0, 165, 211, 175, 4, 42.75%, 0, 0, 5, 432.31, 234324, 174, 0, 0
549, 0, 165, 211, 175, 4, 42.75%, 0, 0, 5, 452.90, 236660, 174, 0, 0
554, 0, 190, 211, 172, 1, 42.75%, 0, 0, 5, 433.94, 238733, 174, 0, 0
559, 0, 217, 219, 177, 1, 43.24%, 0, 0, 7, 449.14, 240988, 176, 0, 0
564, 1, 10, 220, 177, 0, 43.24%, 0, 0, 8, 445.51, 243192, 176, 0, 0
570, 1, 52, 222, 176, 0, 43.24%, 0, 0, 8, 415.64, 245318, 176, 0, 0
575, 1, 85, 222, 168, 0, 43.24%, 0, 0, 8, 408.95, 247362, 176, 0, 0
580, 1, 132, 224, 160, 0, 43.24%, 0, 0, 8, 417.21, 249443, 176, 0, 0
585, 1, 144, 226, 159, 0, 43.49%, 0, 0, 8, 425.61, 251689, 177, 0, 0
590, 1, 226, 254, 185, 0, 45.21%, 0, 0, 8, 407.07, 253780, 184, 0, 0
595, 2, 245, 359, 286, 25, 58.97%, 0, 0, 8, 439.70, 256033, 240, 0, 0
600, 2, 257, 359, 284, 23, 58.97%, 0, 0, 8, 392.97, 257955, 240, 0, 0
605, 2, 260, 363, 286, 21, 59.21%, 0, 0, 8, 388.66, 260006, 241, 0, 0
610, 2, 260, 365, 288, 21, 59.21%, 0, 0, 8, 408.81, 262097, 241, 0, 0
616, 2, 260, 365, 288, 21, 59.21%, 0, 0, 8, 400.86, 264159, 241, 0, 0
621, 2, 260, 365, 288, 21, 59.21%, 0, 0, 8, 441.74, 266418, 241, 0, 0
626, 2, 260, 365, 288, 21, 59.21%, 0, 0, 8, 415.84, 268466, 241, 0, 0
631, 2, 269, 369, 289, 21, 59.46%, 0, 0, 8, 438.21, 270754, 242, 0, 0
636, 2, 284, 369, 286, 18, 59.46%, 0, 0, 8, 410.61, 272807, 242, 0, 0
641, 2, 287, 382, 297, 17, 59.71%, 0, 0, 8, 332.79, 274393, 243, 0, 0
646, 2, 313, 382, 292, 14, 59.71%, 0, 0, 8, 361.78, 276302, 243, 0, 0
651, 2, 347, 382, 287, 9, 59.71%, 0, 0, 8, 430.73, 278582, 243, 0, 0
656, 2, 347, 385, 290, 9, 59.71%, 0, 0, 8, 410.13, 280716, 243, 0, 0
661, 2, 348, 387, 291, 8, 59.95%, 0, 0, 8, 412.83, 282791, 244, 0, 0
666, 2, 352, 387, 290, 8, 59.95%, 0, 0, 8, 414.15, 284889, 244, 0, 0
672, 2, 354, 390, 292, 7, 60.20%, 0, 0, 8, 436.26, 287211, 245, 0, 0
677, 2, 354, 390, 292, 7, 60.20%, 1, 0, 8, 402.86, 289177, 245, 1, 0
682, 2, 368, 390, 289, 5, 60.20%, 1, 0, 8, 452.56, 291530, 245, 1, 0
687, 2, 379, 390, 286, 3, 60.20%, 1, 0, 8, 380.00, 293379, 245, 1, 0
692, 2, 386, 390, 285, 2, 60.20%, 1, 0, 8, 386.16, 295483, 245, 1, 0
697, 3, 340, 414, 305, 3, 60.93%, 1, 0, 8, 388.53, 297545, 248, 1, 0
702, 3, 411, 415, 301, 1, 60.93%, 6, 0, 8, 412.47, 299664, 248, 9, 0
707, 4, 48, 415, 292, 0, 60.93%, 6, 0, 8, 395.92, 301631, 248, 9, 0
712, 4, 88, 415, 284, 0, 60.93%, 6, 0, 8, 394.87, 303617, 248, 9, 0
717, 4, 144, 415, 277, 0, 60.93%, 7, 0, 8, 423.51, 305796, 248, 11, 0
722, 4, 213, 415, 265, 0, 60.93%, 7, 0, 8, 414.59, 307888, 248, 11, 0
727, 4, 219, 416, 264, 0, 60.93%, 7, 0, 9, 391.82, 309907, 248, 11, 0
732, 4, 241, 416, 259, 0, 60.93%, 7, 0, 9, 393.28, 311865, 248, 11, 0
738, 4, 260, 416, 253, 0, 60.93%, 7, 0, 9, 396.36, 313898, 248, 11, 0
743, 4, 279, 416, 247, 0, 60.93%, 7, 0, 9, 373.38, 315771, 248, 11, 0
748, 4, 306, 416, 240, 0, 60.93%, 7, 0, 9, 325.14, 317403, 248, 11, 0
753, 4, 416, 419, 240, 1, 60.93%, 7, 0, 9, 383.99, 319422, 248, 11, 0
758, 4, 416, 420, 241, 1, 60.93%, 7, 0, 9, 391.48, 321425, 248, 11, 0
763, 4, 416, 420, 241, 1, 60.93%, 7, 0, 9, 392.64, 323461, 248, 11, 0
768, 5, 52, 425, 241, 0, 60.93%, 7, 0, 9, 405.43, 325542, 248, 11, 0
773, 5, 111, 425, 234, 0, 60.93%, 7, 0, 9, 431.77, 327827, 248, 13, 0
778, 5, 157, 425, 227, 0, 60.93%, 8, 0, 9, 414.45, 329877, 248, 17, 0
783, 5, 189, 425, 215, 0, 60.93%, 8, 0, 9, 407.45, 331962, 248, 17, 0
788, 5, 225, 425, 208, 0, 60.93%, 8, 0, 9, 395.42, 333985, 248, 17, 0
793, 5, 272, 425, 205, 0, 60.93%, 8, 0, 9, 400.25, 335974, 248, 17, 0
798, 5, 311, 425, 200, 0, 60.93%, 8, 0, 9, 393.60, 337978, 248, 17, 0
804, 5, 320, 428, 202, 0, 60.93%, 8, 0, 9, 408.44, 340135, 248, 17, 0
809, 5, 320, 429, 203, 0, 60.93%, 8, 0, 9, 409.56, 342246, 248, 18, 0
814, 5, 320, 430, 204, 0, 60.93%, 8, 0, 9, 411.55, 344253, 248, 18, 0
819, 5, 320, 430, 204, 0, 60.93%, 8, 0, 9, 397.06, 346257, 248, 18, 0
824, 5, 320, 430, 204, 0, 60.93%, 8, 0, 9, 427.26, 348421, 248, 18, 0
829, 5, 320, 431, 205, 0, 60.93%, 8, 0, 9, 395.43, 350513, 248, 18, 0
834, 5, 352, 431, 201, 0, 60.93%, 8, 0, 9, 398.28, 352533, 248, 18, 0
839, 5, 387, 431, 198, 0, 60.93%, 8, 0, 9, 366.23, 354393, 248, 18, 0
844, 5, 421, 431, 195, 0, 60.93%, 9, 0, 9, 422.69, 356578, 248, 23, 0
849, 6, 205, 435, 195, 1, 60.93%, 9, 0, 9, 424.11, 358781, 248, 23, 0
854, 7, 44, 435, 190, 0, 60.93%, 9, 0, 9, 423.11, 360900, 248, 23, 0
860, 7, 121, 435, 185, 0, 60.93%, 9, 0, 9, 473.48, 363400, 248, 24, 0
865, 7, 148, 435, 180, 0, 60.93%, 9, 0, 9, 437.82, 365518, 248, 24, 0
870, 7, 216, 435, 172, 0, 60.93%, 9, 0, 9, 427.25, 367622, 248, 24, 0
875, 7, 255, 435, 168, 0, 60.93%, 9, 0, 9, 383.16, 369581, 248, 25, 0
880, 7, 275, 436, 166, 0, 60.93%, 9, 0, 9, 404.12, 371643, 248, 25, 0
885, 7, 309, 436, 161, 0, 60.93%, 9, 0, 9, 378.60, 373652, 248, 25, 0
890, 7, 342, 436, 155, 0, 60.93%, 9, 0, 9, 404.27, 375733, 248, 25, 0
895, 7, 367, 436, 149, 0, 60.93%, 9, 0, 9, 413.44, 377851, 248, 25, 0
900, 7, 410, 436, 145, 0, 60.93%, 9, 0, 9, 386.86, 379728, 248, 27, 0
905, 7, 426, 436, 141, 0, 60.93%, 9, 0, 9, 420.81, 381959, 248, 27, 0
906, 7, 427, 436, 141, 0, 60.93%, 9, 0, 9, 431.62, 382331, 248, 27, 0
