# relative_time, cycles_done, cur_item, corpus_count, pending_total, pending_favs, map_size, saved_crashes, saved_hangs, max_depth, execs_per_sec, total_execs, edges_found, total_crashes, servers_count
60, 0, 20, 85, 68, 18, 41.03%, 0, 0, 3, 436.56, 27955, 167, 0, 0
65, 0, 20, 89, 72, 18, 41.03%, 0, 0, 3, 438.55, 30207, 167, 0, 0
71, 0, 20, 91, 74, 18, 41.03%, 0, 0, 3, 454.85, 32580, 167, 0, 0
76, 0, 20, 96, 79, 18, 41.03%, 0, 0, 3, 463.58, 34874, 167, 0, 0
81, 0, 21, 98, 80, 20, 41.03%, 0, 0, 3, 471.31, 37192, 167, 0, 0
86, 0, 22, 101, 82, 19, 41.03%, 0, 0, 3, 439.72, 39342, 167, 0, 0
91, 0, 22, 102, 83, 19, 41.03%, 0, 0, 3, 438.73, 41605, 167, 0, 0
96, 0, 22, 102, 83, 19, 41.03%, 0, 0, 3, 444.75, 43847, 167, 0, 0
101, 0, 27, 105, 84, 18, 41.03%, 0, 0, 3, 414.69, 45929, 167, 0, 0
106, 0, 27, 118, 97, 18, 41.28%, 0, 0, 3, 425.75, 48092, 168, 0, 0
111, 0, 27, 124, 103, 18, 41.28%, 0, 0, 3, 386.77, 50132, 168, 0, 0
116, 0, 27, 126, 105, 18, 41.28%, 0, 0, 3, 431.12, 52388, 168, 0, 0
121, 0, 27, 132, 111, 18, 41.28%, 0, 0, 3, 429.60, 54559, 168, 0, 0
126, 0, 27, 133, 112, 18, 41.28%, 0, 0, 3, 434.69, 56734, 168, 0, 0
131, 0, 27, 134, 113, 18, 41.28%, 0, 0, 3, 418.83, 58798, 168, 0, 0
137, 0, 27, 135, 114, 18, 41.28%, 0, 0, 3, 414.80, 60885, 168, 0, 0
142, 0, 27, 137, 116, 18, 42.01%, 0, 0, 3, 417.28, 63003, 171, 0, 0
147, 0, 27, 137, 116, 18, 42.01%, 0, 0, 3, 413.53, 65123, 171, 0, 0
152, 0, 27, 137, 116, 18, 42.01%, 0, 0, 3, 429.97, 67315, 171, 0, 0
157, 0, 27, 137, 116, 18, 42.01%, 0, 0, 3, 427.08, 69451, 171, 0, 0
162, 0, 27, 137, 116, 18, 42.01%, 0, 0, 3, 442.38, 71683, 171, 0, 0
167, 0, 27, 137, 116, 18, 42.01%, 0, 0, 3, 435.62, 73883, 171, 0, 0
172, 0, 34, 142, 120, 16, 42.01%, 0, 0, 3, 435.38, 75986, 171, 0, 0
177, 0, 42, 144, 119, 13, 42.01%, 0, 0, 3, 468.37, 78412, 171, 0, 0
182, 0, 61, 152, 123, 12, 42.01%, 0, 0, 3, 437.95, 80551, 171, 0, 0
187, 0, 61, 154, 125, 12, 42.01%, 0, 0, 3, 404.13, 82597, 171, 0, 0
193, 0, 61, 155, 126, 12, 42.01%, 0, 0, 3, 404.85, 84709, 171, 0, 0
198, 0, 61, 156, 127, 12, 42.01%, 0, 0, 3, 409.29, 86764, 171, 0, 0
203, 0, 64, 157, 127, 12, 42.26%, 0, 0, 3, 448.38, 88981, 172, 0, 0
208, 0, 67, 175, 143, 11, 42.75%, 0, 0, 4, 439.38, 91256, 174, 0, 0
213, 0, 67, 177, 145, 11, 42.75%, 0, 0, 4, 457.79, 93593, 174, 0, 0
218, 0, 67, 177, 145, 11, 42.75%, 0, 0, 4, 462.63, 95951, 174, 0, 0
223, 0, 67, 178, 146, 11, 42.75%, 0, 0, 4, 457.95, 98334, 174, 0, 0
228, 0, 67, 178, 146, 11, 42.75%, 0, 0, 4, 410.89, 100383, 174, 0, 0
233, 0, 67, 178, 146, 11, 42.75%, 0, 0, 4, 406.80, 102463, 174, 0, 0
238, 0, 67, 178, 146, 11, 42.75%, 0, 0, 4, 409.77, 104551, 174, 0, 0
243, 0, 67, 178, 146, 11, 42.75%, 0, 0, 4, 417.10, 106599, 174, 0, 0
249, 0, 67, 179, 147, 11, 42.75%, 0, 0, 4, 434.57, 108822, 174, 0, 0
254, 0, 67, 180, 148, 11, 43.00%, 0, 0, 4, 409.89, 110845, 175, 0, 0
259, 0, 67, 181, 149, 11, 43.00%, 0, 0, 4, 430.57, 113060, 175, 0, 0
264, 0, 67, 181, 149, 11, 43.00%, 0, 0, 4, 412.77, 115140, 175, 0, 0
269, 0, 67, 181, 149, 11, 43.00%, 0, 0, 4, 418.20, 117236, 175, 0, 0
274, 0, 74, 181, 147, 13, 43.00%, 0, 0, 4, 406.47, 119293, 175, 0, 0
279, 0, 91, 185, 149, 11, 43.00%, 0, 0, 4, 393.99, 121389, 175, 0, 0
284, 0, 91, 185, 149, 11, 43.00%, 0, 0, 4, 411.11, 123407, 175, 0, 0
289, 0, 108, 185, 147, 9, 43.00%, 0, 0, 4, 413.92, 125472, 175, 0, 0
294, 0, 110, 191, 152, 8, 43.00%, 0, 0, 4, 414.89, 127647, 175, 0, 0
299, 0, 110, 194, 155, 8, 43.00%, 0, 0, 4, 423.36, 129812, 175, 0, 0
304, 0, 110, 196, 157, 8, 43.00%, 0, 0, 4, 427.79, 131938, 175, 0, 0
309, 0, 110, 197, 158, 8, 43.24%, 0, 0, 4, 434.64, 134073, 176, 0, 0
315, 0, 110, 198, 159, 8, 43.24%, 0, 0, 4, 442.67, 136352, 176, 0, 0
320, 0, 110, 198, 159, 8, 43.24%, 0, 0, 4, 431.30, 138552, 176, 0, 0
325, 0, 110, 200, 161, 8, 43.24%, 0, 0, 4, 435.59, 140822, 176, 0, 0
330, 0, 110, 202, 163, 8, 43.49%, 0, 0, 4, 427.98, 142972, 177, 0, 0
335, 0, 110, 202, 163, 8, 43.49%, 0, 0, 4, 412.26, 145076, 177, 0, 0
340, 0, 110, 202, 163, 8, 43.49%, 0, 0, 4, 417.73, 147100, 177, 0, 0
345, 0, 110, 202, 163, 8, 43.49%, 0, 0, 4, 420.49, 149252, 177, 0, 0
350, 0, 110, 203, 164, 8, 43.49%, 0, 0, 4, 418.75, 151387, 177, 0, 0
355, 0, 110, 203, 164, 8, 43.49%, 0, 0, 4, 428.13, 153547, 177, 0, 0
360, 0, 156, 205, 164, 10, 43.49%, 0, 0, 4, 426.83, 155630, 177, 0, 0
366, 0, 174, 205, 161, 7, 43.49%, 0, 0, 4, 422.98, 157729, 177, 0, 0
371, 0, 180, 208, 162, 7, 43.98%, 0, 0, 5, 429.70, 159955, 179, 0, 0
376, 0, 180, 221, 175, 7, 43.98%, 0, 0, 5, 421.44, 162038, 179, 0, 0
381, 0, 180, 221, 175, 7, 43.98%, 0, 0, 5, 449.93, 164358, 179, 0, 0
386, 0, 193, 221, 173, 6, 43.98%, 0, 0, 5, 398.38, 166252, 179, 0, 0
391, 0, 196, 229, 180, 5, 43.98%, 0, 0, 5, 368.16, 168129, 179, 0, 0
396, 0, 196, 232, 183, 5, 44.72%, 0, 0, 5, 408.14, 170241, 182, 0, 0
401, 0, 196, 232, 183, 5, 44.72%, 0, 0, 5, 436.83, 172489, 182, 0, 0
406, 0, 196, 232, 183, 5, 44.72%, 0, 0, 5, 433.66, 174705, 182, 0, 0
411, 0, 201, 232, 181, 5, 44.72%, 0, 0, 5, 430.99, 176855, 182, 0, 0
416, 0, 231, 236, 181, 2, 44.96%, 0, 0, 6, 439.00, 179036, 183, 0, 0
421, 0, 231, 238, 183, 2, 44.96%, 0, 0, 6, 412.76, 181130, 183, 0, 0
426, 0, 231, 240, 185, 2, 44.96%, 0, 0, 6, 389.79, 183090, 183, 0, 0
432, 0, 231, 240, 185, 2, 44.96%, 0, 0, 6, 431.04, 185392, 183, 0, 0
437, 0, 231, 241, 186, 2, 44.96%, 0, 0, 6, 435.55, 187639, 183, 0, 0
442, 0, 231, 241, 186, 2, 44.96%, 0, 0, 6, 397.53, 189593, 183, 0, 0
447, 0, 239, 241, 184, 1, 44.96%, 0, 0, 6, 421.27, 191801, 183, 0, 0
452, 1, 36, 243, 180, 0, 44.96%, 0, 0, 6, 446.03, 194123, 183, 0, 0
457, 1, 76, 243, 173, 0, 44.96%, 0, 0, 6, 484.44, 195959, 183, 0, 0
462, 1, 157, 243, 158, 0, 44.96%, 0, 0, 6, 414.80, 198042, 183, 0, 0
467, 1, 169, 248, 160, 0, 44.96%, 0, 0, 6, 435.62, 200249, 183, 0, 0
472, 1, 169, 249, 161, 0, 44.96%, 0, 0, 6, 412.21, 202328, 183, 0, 0
477, 1, 169, 249, 161, 0, 44.96%, 0, 0, 6, 405.49, 204392, 183, 0, 0
483, 1, 169, 249, 161, 0, 44.96%, 0, 0, 6, 435.57, 206688, 183, 0, 0
488, 1, 169, 249, 161, 0, 44.96%, 0, 0, 6, 416.53, 208728, 183, 0, 0
493, 1, 197, 249, 154, 0, 44.96%, 0, 0, 6, 448.08, 210965, 183, 0, 0
498, 1, 230, 250, 147, 0, 44.96%, 0, 0, 6, 51.61, 213092, 183, 0, 0
503, 2, 254, 320, 213, 11, 50.12%, 0, 0, 6, 465.07, 215552, 204, 0, 0
508, 2, 275, 320, 208, 7, 50.12%, 0, 0, 6, 448.03, 217822, 204, 0, 0
513, 2, 309, 323, 206, 6, 50.86%, 0, 0, 6, 446.47, 220112, 207, 0, 0
518, 2, 322, 323, 201, 1, 50.86%, 0, 0, 6, 437.74, 222315, 207, 0, 0
523, 3, 61, 323, 194, 0, 50.86%, 0, 0, 6, 433.95, 224506, 207, 0, 0
528, 3, 158, 323, 182, 0, 50.86%, 0, 0, 6, 424.82, 226608, 207, 0, 0
533, 3, 179, 324, 177, 0, 51.11%, 0, 0, 6, 439.12, 228821, 208, 0, 0
539, 4, 42, 325, 176, 0, 51.11%, 0, 0, 6, 455.75, 231120, 208, 0, 0
544, 4, 122, 326, 169, 0, 51.11%, 0, 0, 6, 446.64, 233283, 208, 0, 0
549, 4, 166, 326, 159, 0, 51.11%, 0, 0, 6, 381.99, 235139, 208, 0, 0
554, 4, 206, 326, 155, 0, 51.11%, 0, 0, 6, 429.29, 237377, 208, 0, 0
559, 4, 241, 326, 153, 0, 51.11%, 0, 0, 6, 421.20, 239457, 208, 0, 0
564, 4, 278, 327, 148, 0, 51.11%, 0, 0, 6, 350.66, 241484, 208, 0, 0
569, 4, 319, 327, 142, 0, 51.11%, 0, 0, 6, 480.59, 243978, 208, 0, 0
574, 5, 18, 328, 140, 0, 51.35%, 0, 0, 6, 435.37, 246218, 209, 0, 0
579, 5, 74, 328, 133, 0, 51.35%, 0, 0, 6, 403.67, 248263, 209, 0, 0
584, 5, 148, 328, 123, 0, 51.35%, 0, 0, 6, 389.61, 250200, 209, 0, 0
590, 5, 201, 328, 120, 0, 51.35%, 0, 0, 6, 441.20, 252485, 209, 0, 0
595, 5, 239, 328, 115, 0, 51.35%, 0, 0, 6, 413.17, 254569, 209, 0, 0
600, 5, 262, 329, 113, 0, 51.35%, 0, 0, 6, 419.00, 256692, 209, 0, 0
605, 5, 308, 331, 108, 0, 51.35%, 1, 0, 6, 461.07, 259093, 209, 1, 0
610, 5, 322, 331, 106, 0, 51.35%, 1, 0, 6, 409.92, 261065, 209, 1, 0
615, 6, 61, 331, 104, 0, 51.35%, 1, 0, 6, 404.58, 263223, 209, 1, 0
620, 6, 118, 331, 95, 0, 51.35%, 1, 0, 6, 403.35, 265244, 209, 1, 0
625, 6, 179, 331, 90, 0, 51.35%, 1, 0, 6, 410.25, 267297, 209, 1, 0
630, 6, 224, 331, 86, 0, 51.35%, 1, 0, 6, 405.03, 269358, 209, 1, 0
635, 6, 245, 331, 82, 0, 51.35%, 1, 0, 6, 424.33, 271432, 209, 1, 0
641, 6, 284, 334, 81, 0, 51.35%, 1, 0, 6, 445.22, 273774, 209, 1, 0
646, 6, 293, 335, 78, 0, 51.35%, 2, 0, 6, 411.17, 275818, 209, 2, 0
651, 7, 12, 336, 75, 0, 51.60%, 2, 0, 6, 438.71, 278006, 210, 2, 0
656, 7, 109, 336, 74, 0, 51.60%, 3, 0, 6, 434.50, 280237, 210, 3, 0
661, 7, 179, 336, 70, 0, 51.60%, 3, 0, 6, 417.58, 282326, 210, 3, 0
666, 7, 239, 336, 67, 0, 51.60%, 3, 0, 6, 422.58, 284510, 210, 3, 0
671, 7, 317, 336, 63, 0, 51.60%, 4, 0, 6, 461.04, 286882, 210, 4, 0
676, 7, 329, 336, 62, 0, 51.60%, 4, 0, 6, 428.80, 289019, 210, 4, 0
681, 8, 336, 341, 66, 2, 52.33%, 4, 0, 6, 441.06, 291262, 213, 4, 0
686, 8, 336, 341, 66, 2, 52.33%, 4, 0, 6, 438.66, 293398, 213, 4, 0
691, 9, 37, 341, 62, 0, 52.33%, 4, 0, 6, 447.22, 295689, 213, 4, 0
696, 9, 110, 341, 59, 0, 52.33%, 4, 0, 6, 428.76, 297796, 213, 4, 0
701, 9, 179, 341, 57, 0, 52.33%, 4, 0, 6, 393.94, 299712, 213, 4, 0
707, 9, 239, 341, 55, 0, 52.33%, 4, 0, 6, 408.91, 301777, 213, 4, 0
712, 9, 262, 341, 53, 0, 52.33%, 4, 0, 6, 407.90, 303779, 213, 4, 0
717, 9, 323, 341, 49, 0, 52.33%, 4, 0, 6, 406.81, 305807, 213, 6, 0
722, 9, 333, 343, 49, 0, 52.33%, 4, 0, 6, 427.20, 308058, 213, 6, 0
727, 9, 333, 344, 50, 0, 52.33%, 4, 0, 6, 404.47, 310057, 213, 6, 0
732, 9, 333, 344, 50, 0, 52.33%, 4, 0, 6, 377.26, 311950, 213, 6, 0
737, 9, 333, 344, 50, 0, 52.33%, 4, 0, 6, 378.57, 313805, 213, 6, 0
742, 9, 333, 344, 50, 0, 52.33%, 4, 0, 6, 440.65, 316089, 213, 6, 0
747, 10, 27, 344, 48, 0, 52.33%, 4, 0, 6, 419.95, 318201, 213, 6, 0
752, 10, 117, 344, 46, 0, 52.33%, 5, 0, 6, 412.83, 320293, 213, 7, 0
757, 11, 42, 345, 45, 0, 52.58%, 5, 0, 6, 410.11, 322359, 214, 7, 0
764, 11, 61, 345, 45, 0, 52.58%, 5, 0, 6, 4.30, 322930, 214, 7, 0
769, 11, 74, 345, 45, 0, 52.58%, 5, 0, 6, 164.84, 323188, 214, 7, 0
774, 11, 117, 345, 44, 0, 52.58%, 5, 0, 6, 147.91, 323896, 214, 7, 0
779, 11, 158, 345, 42, 0, 52.58%, 5, 0, 6, 118.07, 324450, 214, 7, 0
784, 11, 160, 345, 42, 0, 52.58%, 5, 0, 6, 111.27, 325006, 214, 7, 0
790, 11, 175, 345, 42, 0, 52.58%, 5, 0, 6, 113.51, 325592, 214, 7, 0
795, 11, 179, 345, 41, 0, 52.58%, 5, 0, 6, 118.87, 326178, 214, 7, 0
800, 11, 199, 345, 41, 0, 52.58%, 5, 0, 6, 117.00, 326792, 214, 7, 0
805, 11, 212, 345, 39, 0, 52.58%, 5, 0, 6, 129.69, 327466, 214, 7, 0
810, 11, 221, 345, 39, 0, 52.58%, 5, 0, 6, 112.29, 328038, 214, 7, 0
815, 11, 239, 345, 37, 0, 52.58%, 5, 0, 6, 80.44, 328657, 214, 7, 0
820, 11, 255, 345, 37, 0, 52.58%, 5, 0, 6, 111.10, 329230, 214, 7, 0
826, 11, 278, 345, 36, 0, 52.58%, 5, 0, 6, 123.22, 329925, 214, 7, 0
831, 11, 309, 345, 35, 0, 52.58%, 5, 0, 6, 114.15, 330492, 214, 8, 0
836, 11, 321, 345, 34, 0, 52.58%, 5, 0, 6, 114.81, 331064, 214, 8, 0
841, 11, 325, 345, 34, 0, 52.58%, 5, 0, 6, 111.62, 331644, 214, 8, 0
846, 11, 327, 345, 33, 0, 52.58%, 5, 0, 6, 104.00, 332162, 214, 8, 0
851, 11, 337, 345, 32, 0, 52.58%, 5, 0, 6, 112.96, 332728, 214, 8, 0
856, 11, 341, 345, 32, 0, 52.58%, 5, 0, 6, 116.07, 333358, 214, 8, 0
862, 12, 16, 345, 31, 0, 52.58%, 5, 0, 6, 116.67, 333939, 214, 8, 0
867, 12, 42, 345, 31, 0, 52.58%, 5, 0, 6, 118.11, 334509, 214, 8, 0
872, 12, 61, 345, 31, 0, 52.58%, 5, 0, 6, 94.36, 335000, 214, 8, 0
877, 12, 110, 345, 30, 0, 52.58%, 5, 0, 6, 118.13, 335600, 214, 8, 0
882, 12, 158, 345, 29, 0, 52.58%, 5, 0, 6, 82.97, 336466, 214, 8, 0
887, 12, 170, 345, 29, 0, 52.58%, 5, 0, 6, 103.89, 337045, 214, 8, 0
892, 12, 174, 345, 28, 0, 52.58%, 5, 0, 6, 113.57, 337623, 214, 8, 0
897, 12, 180, 345, 28, 0, 52.58%, 5, 0, 6, 120.20, 338249, 214, 8, 0
902, 12, 197, 345, 28, 0, 52.58%, 5, 0, 6, 137.84, 338958, 214, 8, 0
907, 12, 207, 345, 28, 0, 52.58%, 5, 0, 6, 125.28, 339419, 214, 8, 0
