# relative_time, cycles_done, cur_item, corpus_count, pending_total, pending_favs, map_size, saved_crashes, saved_hangs, max_depth, execs_per_sec, total_execs, edges_found, total_crashes, servers_count
60, 0, 56, 134, 109, 22, 47.17%, 0, 0, 3, 441.27, 26372, 192, 0, 0
66, 0, 56, 142, 117, 22, 47.17%, 0, 0, 3, 434.82, 28595, 192, 0, 0
71, 0, 56, 145, 120, 22, 47.17%, 0, 0, 3, 421.99, 30728, 192, 0, 0
76, 0, 56, 146, 121, 22, 47.17%, 0, 0, 3, 446.86, 32933, 192, 0, 0
81, 0, 56, 150, 125, 22, 47.17%, 0, 0, 3, 412.60, 35003, 192, 0, 0
86, 0, 56, 150, 125, 22, 47.17%, 0, 0, 3, 433.26, 37275, 192, 0, 0
91, 0, 56, 154, 129, 22, 47.17%, 0, 0, 3, 432.99, 39495, 192, 0, 0
96, 0, 56, 154, 129, 22, 47.17%, 0, 0, 3, 422.60, 41671, 192, 0, 0
101, 0, 56, 155, 130, 22, 47.17%, 0, 0, 3, 430.24, 43910, 192, 0, 0
106, 0, 56, 157, 132, 22, 47.17%, 0, 0, 3, 405.01, 45933, 192, 0, 0
111, 0, 56, 157, 132, 22, 47.17%, 0, 0, 3, 415.95, 48061, 192, 0, 0
116, 0, 56, 157, 132, 22, 47.17%, 0, 0, 3, 407.58, 50165, 192, 0, 0
122, 0, 56, 158, 133, 22, 47.17%, 0, 0, 3, 409.06, 52268, 192, 0, 0
127, 0, 56, 158, 133, 22, 47.17%, 0, 0, 3, 410.54, 54372, 192, 0, 0
132, 0, 56, 159, 134, 22, 47.17%, 0, 0, 3, 437.21, 56499, 192, 0, 0
137, 0, 56, 159, 134, 22, 47.17%, 0, 0, 3, 420.50, 58579, 192, 0, 0
142, 0, 56, 159, 134, 22, 47.17%, 0, 0, 3, 449.47, 60835, 192, 0, 0
147, 0, 56, 159, 134, 22, 47.17%, 0, 0, 3, 452.07, 63103, 192, 0, 0
152, 0, 77, 159, 132, 19, 47.17%, 0, 0, 3, 447.13, 65301, 192, 0, 0
157, 0, 79, 174, 145, 22, 53.07%, 1, 0, 3, 426.74, 67464, 216, 1, 0
162, 0, 80, 181, 151, 24, 54.05%, 1, 0, 3, 423.80, 69614, 220, 1, 0
167, 0, 80, 186, 156, 24, 54.05%, 1, 0, 3, 477.08, 72051, 220, 1, 0
172, 0, 80, 187, 157, 24, 54.05%, 1, 0, 3, 456.00, 74380, 220, 1, 0
177, 0, 80, 191, 161, 24, 54.05%, 2, 0, 3, 454.70, 76712, 220, 2, 0
182, 0, 88, 195, 162, 22, 54.05%, 2, 0, 3, 469.87, 79101, 220, 2, 0
188, 0, 94, 203, 168, 20, 54.55%, 2, 0, 4, 422.06, 81198, 222, 2, 0
193, 0, 95, 235, 199, 21, 54.55%, 2, 0, 4, 460.77, 83476, 222, 2, 0
198, 0, 95, 238, 202, 21, 54.55%, 2, 0, 4, 452.78, 85747, 222, 2, 0
203, 0, 95, 239, 203, 21, 54.55%, 2, 0, 4, 422.30, 87901, 222, 2, 0
208, 0, 95, 239, 203, 21, 54.55%, 2, 0, 4, 452.37, 90191, 222, 2, 0
213, 0, 95, 239, 203, 21, 54.55%, 2, 0, 4, 425.83, 92293, 222, 2, 0
218, 0, 95, 239, 203, 21, 54.55%, 2, 0, 4, 422.50, 94461, 222, 2, 0
223, 0, 95, 240, 204, 21, 54.79%, 2, 0, 4, 448.39, 96822, 223, 2, 0
228, 0, 95, 240, 204, 21, 54.79%, 2, 0, 4, 445.73, 99073, 223, 2, 0
233, 0, 95, 240, 204, 21, 54.79%, 2, 0, 4, 364.59, 100978, 223, 2, 0
239, 0, 95, 241, 205, 21, 54.79%, 2, 0, 4, 353.03, 102791, 223, 2, 0
244, 0, 95, 241, 205, 21, 54.79%, 2, 0, 4, 339.70, 104480, 223, 2, 0
249, 0, 95, 241, 205, 21, 54.79%, 2, 0, 4, 365.17, 106368, 223, 2, 0
254, 0, 95, 241, 205, 21, 54.79%, 2, 0, 4, 360.33, 108146, 223, 2, 0
259, 0, 95, 241, 205, 21, 54.79%, 2, 0, 4, 277.40, 109484, 223, 2, 0
264, 0, 95, 241, 205, 21, 54.79%, 2, 0, 4, 305.91, 110914, 223, 2, 0
269, 0, 95, 241, 205, 21, 54.79%, 2, 0, 4, 335.38, 112664, 223, 2, 0
274, 0, 95, 242, 206, 21, 54.79%, 2, 0, 4, 356.67, 114474, 223, 2, 0
279, 0, 95, 242, 206, 21, 54.79%, 2, 0, 4, 341.62, 116205, 223, 2, 0
284, 0, 95, 242, 206, 21, 54.79%, 2, 0, 4, 349.43, 117939, 223, 2, 0
289, 0, 95, 243, 207, 21, 55.04%, 2, 0, 4, 366.77, 119920, 224, 2, 0
295, 0, 126, 243, 202, 19, 55.04%, 2, 0, 4, 406.71, 122020, 224, 2, 0
300, 0, 126, 253, 212, 19, 55.04%, 2, 0, 4, 406.29, 124170, 224, 2, 0
305, 0, 126, 256, 215, 19, 55.04%, 2, 0, 4, 447.58, 126455, 224, 2, 0
310, 0, 126, 257, 216, 19, 55.04%, 2, 0, 4, 438.76, 128726, 224, 2, 0
315, 0, 126, 257, 216, 19, 55.04%, 2, 0, 4, 434.03, 130830, 224, 2, 0
320, 0, 154, 260, 216, 17, 55.04%, 2, 0, 4, 425.64, 132945, 224, 2, 0
325, 0, 154, 265, 221, 17, 55.04%, 2, 0, 4, 452.18, 135244, 224, 2, 0
330, 0, 154, 265, 221, 17, 55.04%, 2, 0, 4, 446.56, 137556, 224, 2, 0
335, 0, 154, 265, 221, 17, 55.04%, 2, 0, 4, 441.31, 139684, 224, 2, 0
340, 0, 154, 265, 221, 17, 55.04%, 2, 0, 4, 396.80, 141716, 224, 2, 0
345, 0, 160, 277, 231, 15, 55.04%, 2, 0, 4, 408.89, 143818, 224, 2, 0
350, 0, 160, 277, 231, 15, 55.04%, 2, 0, 4, 395.36, 145808, 224, 2, 0
355, 0, 160, 278, 232, 15, 55.04%, 2, 0, 4, 418.36, 147938, 224, 2, 0
360, 0, 160, 279, 233, 15, 55.04%, 2, 0, 4, 424.20, 149977, 224, 2, 0
365, 0, 160, 279, 233, 15, 55.04%, 2, 0, 4, 390.46, 151940, 224, 2, 0
371, 0, 160, 279, 233, 15, 55.04%, 2, 0, 4, 463.25, 154407, 224, 2, 0
376, 0, 160, 279, 233, 15, 55.04%, 2, 0, 4, 449.33, 156633, 224, 2, 0
381, 0, 160, 279, 233, 15, 55.04%, 2, 0, 4, 460.63, 158961, 224, 2, 0
386, 0, 160, 279, 233, 15, 55.04%, 2, 0, 4, 443.93, 161169, 224, 2, 0
391, 0, 165, 279, 231, 14, 55.04%, 2, 0, 4, 359.95, 163024, 224, 2, 0
396, 0, 176, 281, 230, 12, 55.04%, 2, 0, 4, 396.09, 165148, 224, 2, 0
401, 0, 200, 285, 231, 10, 55.04%, 2, 0, 4, 397.62, 167136, 224, 2, 0
406, 0, 232, 286, 230, 8, 55.04%, 2, 0, 5, 464.44, 169503, 224, 2, 0
411, 0, 239, 286, 229, 7, 55.04%, 2, 0, 5, 431.48, 171646, 224, 2, 0
417, 0, 275, 287, 227, 4, 55.04%, 2, 0, 5, 419.30, 173735, 224, 2, 0
422, 1, 27, 287, 222, 0, 55.04%, 2, 0, 5, 429.29, 175837, 224, 2, 0
427, 1, 69, 288, 209, 0, 55.04%, 2, 0, 5, 406.87, 177950, 224, 2, 0
432, 1, 138, 289, 203, 0, 55.04%, 2, 0, 5, 398.74, 179965, 224, 2, 0
437, 1, 176, 290, 196, 0, 55.04%, 2, 0, 5, 411.58, 182147, 224, 2, 0
442, 1, 206, 292, 192, 0, 55.04%, 2, 0, 5, 410.57, 184252, 224, 2, 0
447, 1, 218, 298, 196, 0, 55.04%, 2, 0, 5, 425.53, 186430, 224, 2, 0
452, 1, 218, 299, 197, 0, 55.04%, 2, 0, 5, 413.89, 188541, 224, 2, 0
457, 1, 218, 299, 197, 0, 55.04%, 2, 0, 5, 401.82, 190613, 224, 2, 0
462, 1, 218, 301, 199, 0, 55.04%, 2, 0, 5, 403.71, 192763, 224, 2, 0
467, 1, 220, 301, 197, 0, 55.04%, 2, 0, 5, 408.14, 194905, 224, 2, 0
472, 1, 250, 301, 191, 0, 55.04%, 2, 0, 5, 452.23, 197176, 224, 2, 0
478, 1, 283, 304, 189, 0, 55.04%, 2, 0, 5, 426.24, 199412, 224, 2, 0
483, 1, 283, 305, 190, 0, 55.04%, 2, 0, 5, 450.97, 201715, 224, 2, 0
488, 1, 283, 305, 190, 0, 55.04%, 2, 0, 5, 433.59, 203939, 224, 2, 0
493, 1, 305, 376, 259, 0, 57.74%, 2, 0, 5, 480.36, 206434, 235, 2, 0
498, 2, 289, 396, 278, 16, 58.23%, 2, 0, 5, 424.91, 208532, 237, 2, 0
503, 2, 289, 396, 278, 16, 58.23%, 2, 0, 5, 437.53, 210684, 237, 2, 0
508, 2, 309, 397, 276, 15, 58.23%, 2, 0, 5, 460.54, 213098, 237, 2, 0
513, 2, 358, 397, 270, 9, 58.23%, 2, 0, 5, 455.46, 215399, 237, 2, 0
518, 2, 373, 400, 269, 5, 58.97%, 2, 0, 5, 435.75, 217516, 240, 2, 0
523, 2, 393, 400, 265, 5, 58.97%, 2, 0, 5, 395.43, 219507, 240, 2, 0
528, 2, 396, 401, 265, 4, 58.97%, 2, 0, 6, 383.18, 221515, 240, 2, 0
534, 3, 32, 402, 259, 0, 58.97%, 2, 0, 6, 398.43, 223643, 240, 2, 0
539, 3, 95, 402, 244, 0, 58.97%, 2, 0, 6, 402.98, 225669, 240, 2, 0
544, 3, 151, 402, 232, 0, 58.97%, 2, 0, 6, 424.50, 227836, 240, 2, 0
549, 3, 189, 403, 226, 0, 59.21%, 2, 0, 6, 462.98, 230225, 241, 2, 0
554, 3, 402, 404, 224, 1, 59.21%, 2, 0, 6, 441.25, 232441, 241, 2, 0
559, 4, 248, 410, 227, 2, 59.71%, 2, 0, 6, 435.49, 234596, 243, 2, 0
564, 5, 18, 410, 221, 0, 59.71%, 2, 0, 6, 442.82, 236783, 243, 2, 0
569, 5, 112, 410, 211, 0, 59.71%, 2, 0, 6, 377.13, 238751, 243, 2, 0
574, 5, 172, 410, 207, 0, 59.71%, 2, 0, 6, 424.51, 240963, 243, 2, 0
579, 5, 205, 411, 204, 0, 59.71%, 2, 0, 6, 398.85, 242999, 243, 2, 0
584, 5, 237, 411, 198, 0, 59.71%, 2, 0, 6, 431.39, 245127, 243, 2, 0
590, 5, 269, 413, 194, 0, 59.71%, 2, 0, 6, 428.47, 247214, 243, 2, 0
595, 5, 290, 413, 188, 0, 59.71%, 2, 0, 6, 416.08, 249324, 243, 2, 0
600, 5, 307, 414, 186, 0, 59.71%, 2, 0, 6, 406.04, 251401, 243, 2, 0
605, 5, 312, 418, 189, 0, 59.95%, 2, 0, 6, 418.36, 253663, 244, 2, 0
610, 6, 92, 421, 185, 0, 59.95%, 2, 0, 6, 402.62, 255655, 244, 2, 0
615, 6, 151, 421, 176, 0, 59.95%, 3, 0, 6, 419.34, 257722, 244, 8, 0
620, 6, 193, 422, 176, 0, 59.95%, 3, 0, 6, 426.78, 259921, 244, 8, 0
625, 6, 239, 422, 171, 0, 59.95%, 3, 0, 6, 425.49, 262004, 244, 8, 0
630, 6, 290, 423, 168, 0, 59.95%, 3, 0, 6, 412.20, 264050, 244, 8, 0
635, 6, 302, 423, 164, 0, 59.95%, 3, 0, 6, 413.83, 266122, 244, 8, 0
640, 6, 319, 424, 162, 0, 59.95%, 3, 0, 6, 395.58, 268124, 244, 8, 0
645, 6, 359, 426, 160, 0, 60.20%, 3, 0, 6, 439.38, 270351, 245, 8, 0
650, 7, 136, 427, 156, 1, 60.69%, 3, 0, 6, 424.25, 272418, 247, 8, 0
655, 7, 426, 427, 153, 1, 60.69%, 3, 0, 6, 430.03, 274542, 247, 8, 0
660, 7, 427, 431, 156, 0, 61.92%, 3, 0, 6, 424.24, 276658, 252, 8, 0
666, 7, 427, 431, 156, 0, 61.92%, 3, 0, 6, 421.23, 278778, 252, 8, 0
671, 7, 427, 431, 156, 0, 61.92%, 3, 0, 6, 430.35, 280930, 252, 8, 0
676, 7, 428, 431, 155, 1, 61.92%, 3, 0, 6, 419.05, 282978, 252, 8, 0
681, 7, 430, 431, 153, 0, 61.92%, 3, 0, 6, 409.48, 285023, 252, 8, 0
686, 8, 123, 431, 149, 0, 61.92%, 4, 0, 6, 433.50, 287245, 252, 14, 0
691, 8, 176, 431, 147, 0, 61.92%, 4, 0, 6, 457.88, 289572, 252, 14, 0
696, 8, 232, 431, 139, 0, 61.92%, 4, 0, 6, 455.11, 291809, 252, 14, 0
701, 8, 283, 431, 136, 0, 61.92%, 4, 0, 6, 425.26, 293909, 252, 14, 0
706, 8, 330, 431, 132, 0, 61.92%, 4, 0, 6, 423.47, 296091, 252, 14, 0
711, 8, 336, 434, 131, 0, 61.92%, 4, 0, 6, 422.98, 298244, 252, 14, 0
716, 8, 345, 436, 130, 0, 61.92%, 4, 0, 6, 419.11, 300352, 252, 14, 0
721, 8, 379, 436, 129, 0, 61.92%, 4, 0, 6, 433.19, 302606, 252, 14, 0
726, 8, 394, 436, 127, 0, 61.92%, 4, 0, 6, 414.16, 304718, 252, 14, 0
731, 8, 403, 438, 127, 0, 61.92%, 4, 0, 6, 395.23, 306706, 252, 14, 0
737, 8, 403, 438, 127, 0, 61.92%, 4, 0, 6, 382.07, 308680, 252, 14, 0
742, 8, 412, 439, 125, 0, 61.92%, 4, 0, 6, 416.42, 310782, 252, 14, 0
747, 8, 417, 439, 121, 0, 61.92%, 4, 0, 6, 420.29, 312890, 252, 14, 0
752, 8, 433, 443, 124, 0, 61.92%, 4, 0, 6, 444.49, 315124, 252, 14, 0
757, 8, 433, 445, 126, 0, 61.92%, 4, 0, 6, 436.86, 317410, 252, 14, 0
762, 8, 433, 445, 126, 0, 61.92%, 4, 0, 6, 420.07, 319538, 252, 14, 0
767, 8, 433, 446, 127, 0, 61.92%, 4, 0, 6, 442.14, 321753, 252, 14, 0
772, 8, 440, 446, 126, 0, 61.92%, 4, 0, 6, 411.25, 323793, 252, 14, 0
777, 9, 446, 451, 128, 3, 62.65%, 4, 0, 6, 405.66, 325856, 255, 14, 0
782, 9, 450, 452, 127, 1, 62.65%, 4, 0, 6, 401.68, 327872, 255, 14, 0
787, 10, 96, 452, 123, 0, 62.65%, 4, 0, 6, 399.82, 329959, 255, 14, 0
793, 10, 202, 452, 118, 0, 62.65%, 4, 0, 6, 462.44, 332351, 255, 15, 0
798, 10, 250, 452, 117, 0, 62.65%, 4, 0, 6, 448.05, 334625, 255, 15, 0
803, 10, 265, 455, 119, 0, 62.65%, 4, 0, 6, 416.64, 336694, 255, 15, 0
808, 10, 453, 455, 117, 1, 62.65%, 4, 0, 6, 385.52, 338662, 255, 15, 0
813, 11, 394, 456, 114, 1, 62.65%, 4, 0, 6, 386.80, 340578, 255, 15, 0
818, 12, 80, 456, 112, 0, 62.65%, 4, 0, 6, 399.70, 342592, 255, 15, 0
823, 12, 176, 456, 108, 0, 62.65%, 5, 0, 6, 425.55, 344761, 255, 19, 0
828, 12, 278, 456, 108, 0, 62.65%, 5, 0, 6, 432.94, 346981, 255, 19, 0
833, 12, 321, 456, 105, 0, 62.65%, 5, 0, 6, 413.41, 349109, 255, 19, 0
838, 12, 358, 456, 100, 0, 62.65%, 5, 0, 6, 428.04, 351317, 255, 19, 0
844, 12, 395, 456, 96, 0, 62.65%, 5, 0, 6, 408.20, 353360, 255, 19, 0
849, 12, 410, 456, 94, 0, 62.65%, 5, 0, 6, 444.99, 355669, 255, 19, 0
854, 12, 446, 456, 92, 0, 62.65%, 5, 0, 6, 456.58, 357906, 255, 19, 0
859, 12, 453, 456, 92, 0, 62.65%, 5, 0, 6, 479.00, 360374, 255, 19, 0
864, 13, 142, 456, 91, 0, 62.65%, 5, 0, 6, 450.73, 362619, 255, 20, 0
869, 13, 232, 456, 88, 0, 62.65%, 5, 0, 6, 459.19, 364938, 255, 20, 0
874, 13, 283, 456, 85, 0, 62.65%, 5, 0, 6, 469.53, 367257, 255, 21, 0
879, 13, 356, 456, 81, 0, 62.65%, 5, 0, 6, 430.70, 369379, 255, 21, 0
884, 13, 387, 457, 78, 0, 62.65%, 5, 0, 6, 404.56, 371454, 255, 21, 0
889, 13, 421, 459, 79, 0, 62.65%, 5, 0, 6, 414.50, 373608, 255, 21, 0
894, 13, 421, 459, 79, 0, 62.65%, 5, 0, 6, 412.95, 375656, 255, 21, 0
899, 13, 459, 460, 79, 1, 62.65%, 5, 0, 6, 417.57, 377799, 255, 21, 0
904, 13, 460, 461, 79, 1, 62.65%, 5, 0, 6, 401.69, 379854, 255, 21, 0
906, 13, 461, 461, 79, 1, 62.65%, 5, 0, 6, 403.38, 380595, 255, 21, 0
