# relative_time, cycles_done, cur_item, corpus_count, pending_total, pending_favs, map_size, saved_crashes, saved_hangs, max_depth, execs_per_sec, total_execs, edges_found, total_crashes, servers_count
60, 0, 9, 79, 74, 2, 30.96%, 0, 0, 2, 445.64, 27146, 126, 0, 0
65, 0, 9, 79, 74, 2, 30.96%, 0, 0, 2, 450.54, 29458, 126, 0, 0
70, 0, 9, 80, 75, 2, 30.96%, 0, 0, 2, 456.71, 31705, 126, 0, 0
75, 0, 9, 80, 75, 2, 30.96%, 0, 0, 2, 426.22, 33785, 126, 0, 0
80, 0, 9, 81, 76, 2, 30.96%, 0, 0, 2, 466.40, 36167, 126, 0, 0
86, 0, 9, 81, 76, 2, 30.96%, 0, 0, 2, 439.42, 38368, 126, 0, 0
91, 0, 9, 81, 76, 2, 30.96%, 0, 0, 2, 425.41, 40528, 126, 0, 0
96, 0, 9, 83, 78, 2, 30.96%, 0, 0, 2, 450.05, 42859, 126, 0, 0
101, 0, 9, 83, 78, 2, 30.96%, 0, 0, 2, 412.23, 44982, 126, 0, 0
106, 0, 9, 84, 79, 2, 30.96%, 0, 0, 2, 443.69, 47237, 126, 0, 0
111, 0, 9, 87, 82, 2, 30.96%, 0, 0, 2, 424.84, 49380, 126, 0, 0
116, 0, 9, 89, 84, 2, 30.96%, 0, 0, 2, 433.15, 51602, 126, 0, 0
121, 0, 9, 89, 84, 2, 30.96%, 0, 0, 2, 443.10, 53986, 126, 0, 0
126, 0, 33, 131, 123, 31, 43.00%, 0, 0, 2, 429.06, 56079, 175, 0, 0
131, 0, 117, 137, 127, 29, 43.00%, 0, 0, 3, 411.32, 58140, 175, 0, 0
136, 0, 117, 138, 128, 29, 43.00%, 0, 0, 3, 392.95, 60155, 175, 0, 0
141, 0, 117, 138, 128, 29, 43.00%, 0, 0, 3, 373.93, 61987, 175, 0, 0
147, 0, 98, 139, 119, 21, 43.24%, 0, 0, 3, 389.66, 64019, 176, 0, 0
152, 0, 127, 142, 121, 20, 43.24%, 0, 0, 3, 451.82, 66451, 176, 0, 0
157, 0, 63, 147, 124, 20, 43.49%, 0, 0, 3, 466.69, 68893, 177, 0, 0
162, 0, 63, 152, 129, 20, 43.49%, 0, 0, 3, 444.56, 71144, 177, 0, 0
167, 0, 63, 156, 133, 20, 43.49%, 0, 0, 3, 443.54, 73436, 177, 0, 0
172, 0, 63, 158, 135, 20, 43.73%, 0, 0, 3, 454.65, 75779, 178, 0, 0
177, 0, 63, 160, 137, 20, 43.73%, 0, 0, 3, 434.07, 78001, 178, 0, 0
183, 0, 157, 162, 137, 17, 43.73%, 0, 0, 4, 439.47, 80210, 178, 0, 0
188, 0, 94, 162, 135, 14, 43.73%, 0, 0, 4, 466.90, 82589, 178, 0, 0
193, 0, 97, 162, 133, 12, 43.73%, 0, 0, 4, 464.04, 84968, 178, 0, 0
198, 0, 26, 163, 132, 10, 43.73%, 0, 0, 4, 422.11, 87041, 178, 0, 0
203, 0, 161, 172, 139, 8, 43.73%, 0, 0, 5, 434.47, 89354, 178, 0, 0
208, 0, 161, 174, 141, 8, 43.73%, 0, 0, 5, 404.54, 91394, 178, 0, 0
213, 0, 161, 178, 145, 8, 43.73%, 0, 0, 5, 401.77, 93486, 178, 0, 0
218, 0, 161, 178, 145, 8, 43.73%, 0, 0, 5, 413.42, 95542, 178, 0, 0
223, 0, 161, 179, 146, 8, 43.73%, 0, 0, 5, 400.70, 97629, 178, 0, 0
228, 0, 150, 181, 145, 6, 43.73%, 0, 0, 5, 410.71, 99685, 178, 0, 0
233, 0, 23, 181, 142, 3, 43.73%, 0, 0, 5, 422.04, 101795, 178, 0, 0
239, 0, 88, 182, 140, 2, 43.73%, 0, 0, 5, 466.84, 103806, 178, 0, 0
244, 0, 155, 182, 136, 0, 43.73%, 0, 0, 5, 409.24, 105854, 178, 0, 0
249, 0, 40, 182, 130, 0, 43.73%, 0, 0, 5, 420.67, 108039, 178, 0, 0
254, 0, 27, 184, 129, 0, 43.73%, 0, 0, 5, 421.01, 110220, 178, 0, 0
259, 0, 182, 184, 128, 0, 43.73%, 0, 0, 5, 429.58, 112359, 178, 0, 0
264, 0, 163, 186, 127, 0, 43.73%, 0, 0, 5, 478.68, 115003, 178, 0, 0
269, 0, 184, 186, 125, 0, 43.73%, 0, 0, 5, 446.77, 117167, 178, 0, 0
274, 0, 23, 186, 123, 0, 43.73%, 0, 0, 5, 431.76, 119305, 178, 0, 0
279, 0, 174, 188, 124, 0, 43.73%, 0, 0, 6, 424.06, 121470, 178, 0, 0
284, 0, 128, 194, 128, 0, 43.73%, 0, 0, 6, 441.69, 123692, 178, 0, 0
289, 0, 128, 194, 128, 0, 43.73%, 0, 0, 6, 429.22, 125812, 178, 0, 0
294, 0, 128, 194, 128, 0, 43.73%, 0, 0, 6, 438.20, 128028, 178, 0, 0
300, 0, 128, 194, 128, 0, 43.73%, 0, 0, 6, 407.38, 130084, 178, 0, 0
305, 0, 137, 195, 129, 0, 43.73%, 0, 0, 6, 407.88, 132219, 178, 0, 0
310, 0, 23, 198, 131, 0, 43.73%, 0, 0, 6, 393.52, 134167, 178, 0, 0
315, 0, 38, 200, 133, 0, 43.73%, 0, 0, 6, 401.66, 136240, 178, 0, 0
320, 0, 181, 205, 137, 0, 43.73%, 0, 0, 6, 400.06, 138250, 178, 0, 0
325, 0, 181, 206, 138, 0, 43.73%, 0, 0, 6, 415.75, 140425, 178, 0, 0
330, 0, 181, 207, 139, 0, 43.73%, 0, 0, 6, 423.31, 142560, 178, 0, 0
335, 0, 181, 207, 139, 0, 43.73%, 0, 0, 6, 375.66, 144433, 178, 0, 0
340, 0, 181, 207, 139, 0, 43.73%, 0, 0, 6, 407.61, 146560, 178, 0, 0
345, 0, 181, 207, 139, 0, 43.73%, 0, 0, 6, 459.34, 149038, 178, 0, 0
351, 0, 162, 207, 137, 0, 43.73%, 0, 0, 6, 441.61, 151235, 178, 0, 0
356, 0, 140, 207, 134, 0, 43.73%, 0, 0, 6, 429.09, 153331, 178, 0, 0
361, 0, 0, 208, 132, 0, 43.73%, 0, 0, 6, 441.51, 155540, 178, 0, 0
366, 0, 128, 208, 129, 0, 43.73%, 0, 0, 6, 424.65, 157695, 178, 0, 0
371, 0, 43, 208, 128, 0, 43.73%, 0, 0, 6, 413.54, 159806, 178, 0, 0
376, 0, 135, 209, 124, 0, 43.73%, 0, 0, 6, 440.32, 162050, 178, 0, 0
381, 0, 79, 210, 122, 0, 43.73%, 0, 0, 6, 423.19, 164129, 178, 0, 0
386, 0, 153, 211, 119, 0, 43.73%, 0, 0, 6, 424.43, 166283, 178, 0, 0
391, 0, 177, 212, 115, 0, 43.73%, 0, 0, 6, 420.46, 168406, 178, 0, 0
396, 0, 168, 212, 112, 0, 43.73%, 0, 0, 6, 427.67, 170544, 178, 0, 0
401, 0, 175, 212, 109, 0, 43.73%, 0, 0, 6, 414.84, 172600, 178, 0, 0
406, 1, 125, 212, 105, 0, 43.73%, 0, 0, 6, 428.01, 174741, 178, 0, 0
411, 1, 51, 212, 100, 0, 43.73%, 0, 0, 6, 434.52, 176890, 178, 0, 0
416, 1, 185, 213, 98, 0, 43.73%, 0, 0, 6, 410.15, 178928, 178, 0, 0
422, 1, 3, 213, 92, 0, 43.73%, 0, 0, 6, 424.48, 181171, 178, 0, 0
427, 1, 123, 213, 90, 0, 43.73%, 0, 0, 6, 402.73, 183241, 178, 0, 0
432, 1, 112, 214, 88, 0, 43.73%, 0, 0, 6, 420.52, 185408, 178, 0, 0
437, 1, 88, 214, 83, 0, 43.73%, 0, 0, 6, 427.55, 187599, 178, 0, 0
442, 1, 74, 215, 81, 0, 43.73%, 0, 0, 6, 421.55, 189735, 178, 0, 0
447, 1, 154, 215, 78, 0, 43.73%, 0, 0, 6, 426.11, 191820, 178, 0, 0
452, 1, 212, 217, 78, 0, 43.73%, 0, 0, 6, 451.78, 194162, 178, 0, 0
457, 1, 7, 218, 77, 0, 43.73%, 0, 0, 6, 430.65, 196328, 178, 0, 0
462, 1, 218, 222, 79, 2, 45.45%, 0, 0, 6, 425.71, 198502, 185, 0, 0
467, 1, 220, 231, 87, 1, 47.17%, 1, 0, 6, 414.34, 200600, 192, 1, 0
472, 1, 222, 234, 88, 4, 47.91%, 1, 0, 6, 427.92, 202735, 195, 1, 0
478, 1, 205, 234, 85, 2, 47.91%, 1, 0, 6, 444.75, 205091, 195, 1, 0
483, 1, 50, 234, 82, 1, 47.91%, 1, 0, 6, 404.50, 207069, 195, 1, 0
488, 1, 234, 235, 81, 1, 47.91%, 1, 0, 6, 402.81, 209154, 195, 1, 0
493, 1, 193, 235, 77, 0, 47.91%, 1, 0, 6, 415.43, 211250, 195, 1, 0
498, 1, 143, 235, 73, 0, 47.91%, 1, 0, 6, 418.62, 213408, 195, 1, 0
503, 1, 234, 235, 70, 0, 47.91%, 1, 0, 6, 442.61, 215617, 195, 1, 0
508, 1, 194, 236, 67, 0, 47.91%, 1, 0, 6, 434.75, 217750, 195, 1, 0
513, 1, 84, 236, 64, 0, 47.91%, 1, 0, 6, 423.29, 219900, 195, 1, 0
518, 1, 186, 237, 61, 0, 47.91%, 1, 0, 6, 426.70, 222092, 195, 1, 0
523, 1, 73, 238, 58, 0, 48.16%, 1, 0, 6, 421.05, 224273, 196, 1, 0
528, 1, 206, 238, 53, 0, 48.16%, 1, 0, 6, 441.94, 226535, 196, 1, 0
534, 1, 189, 239, 52, 0, 48.16%, 1, 0, 6, 413.64, 228578, 196, 1, 0
539, 1, 15, 239, 50, 0, 48.16%, 1, 0, 6, 428.43, 230747, 196, 1, 0
544, 1, 70, 241, 51, 0, 48.16%, 1, 0, 7, 430.40, 232894, 196, 1, 0
549, 1, 98, 241, 48, 0, 48.16%, 1, 0, 7, 421.40, 234890, 196, 1, 0
554, 1, 233, 242, 46, 0, 48.16%, 1, 0, 7, 399.37, 236936, 196, 1, 0
559, 1, 118, 242, 44, 0, 48.16%, 1, 0, 7, 416.76, 239091, 196, 1, 0
564, 1, 16, 242, 42, 0, 48.16%, 1, 0, 7, 434.48, 241260, 196, 1, 0
569, 1, 28, 243, 42, 0, 48.16%, 1, 0, 7, 424.65, 243307, 196, 1, 0
574, 1, 157, 243, 40, 0, 48.16%, 1, 0, 7, 405.93, 245348, 196, 1, 0
579, 1, 157, 258, 54, 0, 49.14%, 1, 0, 7, 413.22, 247411, 200, 1, 0
584, 2, 301, 318, 114, 11, 50.61%, 1, 0, 7, 386.77, 249350, 206, 1, 0
589, 2, 248, 318, 111, 8, 50.61%, 1, 0, 7, 414.64, 251485, 206, 1, 0
594, 2, 308, 318, 109, 6, 50.61%, 1, 0, 7, 425.50, 253656, 206, 1, 0
600, 2, 317, 318, 108, 6, 50.61%, 1, 0, 7, 393.15, 255665, 206, 1, 0
605, 2, 264, 318, 107, 5, 50.61%, 1, 0, 7, 420.81, 257824, 206, 1, 0
610, 2, 267, 318, 105, 3, 50.61%, 1, 0, 7, 454.84, 260128, 206, 1, 0
615, 2, 300, 319, 105, 2, 50.86%, 1, 0, 7, 422.83, 262289, 207, 1, 0
620, 2, 244, 320, 103, 2, 51.11%, 2, 0, 7, 431.43, 264455, 208, 2, 0
625, 2, 307, 320, 101, 0, 51.11%, 2, 0, 7, 419.20, 266458, 208, 2, 0
630, 2, 236, 320, 97, 0, 51.11%, 2, 0, 7, 415.62, 268566, 208, 2, 0
635, 2, 279, 320, 96, 0, 51.11%, 2, 0, 7, 402.54, 270564, 208, 2, 0
640, 2, 305, 320, 94, 0, 51.11%, 2, 0, 7, 429.65, 272537, 208, 2, 0
645, 2, 281, 321, 92, 0, 51.11%, 2, 0, 7, 404.64, 274623, 208, 2, 0
650, 2, 226, 321, 91, 0, 51.11%, 2, 0, 7, 395.62, 276594, 208, 2, 0
655, 2, 271, 323, 91, 0, 51.11%, 2, 0, 7, 405.48, 278738, 208, 2, 0
660, 2, 231, 323, 88, 0, 51.11%, 2, 0, 7, 425.76, 280886, 208, 2, 0
665, 2, 311, 324, 88, 0, 51.11%, 2, 0, 7, 396.68, 282895, 208, 2, 0
671, 2, 86, 325, 86, 0, 51.11%, 2, 0, 7, 410.88, 285053, 208, 2, 0
676, 2, 17, 326, 86, 0, 51.11%, 2, 0, 7, 421.08, 287191, 208, 2, 0
681, 2, 251, 326, 85, 0, 51.11%, 2, 0, 7, 406.36, 289274, 208, 2, 0
686, 2, 261, 326, 84, 0, 51.11%, 2, 0, 7, 417.63, 291407, 208, 2, 0
691, 2, 312, 326, 82, 0, 51.11%, 2, 0, 7, 431.23, 293631, 208, 2, 0
696, 2, 84, 329, 84, 0, 51.11%, 2, 0, 7, 416.45, 295638, 208, 2, 0
701, 2, 262, 329, 82, 0, 51.11%, 2, 0, 7, 414.45, 297741, 208, 2, 0
706, 2, 130, 329, 80, 0, 51.11%, 2, 0, 7, 433.94, 299964, 208, 2, 0
711, 2, 286, 329, 78, 0, 51.11%, 2, 0, 7, 390.19, 301895, 208, 2, 0
716, 2, 144, 329, 77, 0, 51.11%, 2, 0, 7, 422.02, 304123, 208, 2, 0
722, 2, 150, 329, 73, 0, 51.11%, 2, 0, 7, 444.63, 306382, 208, 2, 0
727, 2, 306, 329, 72, 0, 51.11%, 2, 0, 7, 438.74, 308578, 208, 2, 0
732, 2, 263, 329, 69, 0, 51.11%, 2, 0, 7, 436.37, 310781, 208, 2, 0
737, 2, 190, 329, 67, 0, 51.11%, 2, 0, 7, 418.76, 312887, 208, 2, 0
742, 2, 301, 329, 65, 0, 51.11%, 2, 0, 7, 394.99, 314872, 208, 2, 0
747, 2, 157, 329, 63, 0, 51.11%, 2, 0, 7, 428.18, 317018, 208, 2, 0
752, 2, 256, 329, 61, 0, 51.11%, 2, 0, 7, 423.34, 319185, 208, 2, 0
757, 2, 88, 329, 58, 0, 51.11%, 2, 0, 7, 416.14, 321326, 208, 2, 0
762, 2, 254, 329, 56, 0, 51.11%, 2, 0, 7, 420.05, 323520, 208, 2, 0
767, 2, 298, 330, 55, 0, 51.11%, 2, 0, 7, 451.64, 325841, 208, 2, 0
773, 2, 8, 330, 52, 0, 51.11%, 2, 0, 7, 492.59, 328411, 208, 2, 0
778, 2, 290, 330, 51, 0, 51.11%, 2, 0, 7, 456.63, 330773, 208, 2, 0
783, 2, 266, 330, 50, 0, 51.11%, 2, 0, 7, 434.90, 333009, 208, 2, 0
788, 2, 310, 330, 48, 0, 51.11%, 2, 0, 7, 399.42, 334934, 208, 2, 0
793, 2, 315, 331, 48, 0, 51.11%, 2, 0, 7, 430.95, 337208, 208, 2, 0
798, 2, 331, 332, 48, 1, 51.35%, 2, 0, 7, 447.27, 339453, 209, 2, 0
803, 2, 232, 332, 46, 0, 51.35%, 2, 0, 7, 439.96, 341657, 209, 2, 0
808, 2, 265, 332, 45, 0, 51.35%, 2, 0, 7, 416.31, 343784, 209, 2, 0
813, 2, 230, 332, 43, 0, 51.35%, 2, 0, 7, 403.76, 345832, 209, 2, 0
818, 2, 246, 332, 41, 0, 51.35%, 2, 0, 7, 409.98, 347947, 209, 2, 0
824, 2, 99, 332, 39, 0, 51.35%, 2, 0, 7, 440.85, 350250, 209, 2, 0
829, 2, 309, 332, 36, 0, 51.35%, 2, 0, 7, 425.36, 352364, 209, 2, 0
834, 2, 150, 332, 34, 0, 51.35%, 2, 0, 7, 412.76, 354469, 209, 2, 0
839, 2, 277, 332, 33, 0, 51.35%, 2, 0, 7, 420.56, 356599, 209, 2, 0
844, 2, 314, 332, 32, 0, 51.35%, 2, 0, 7, 406.01, 358628, 209, 2, 0
849, 2, 297, 332, 30, 0, 51.35%, 2, 0, 7, 440.09, 360899, 209, 2, 0
854, 2, 17, 332, 28, 0, 51.35%, 2, 0, 7, 449.17, 363130, 209, 2, 0
859, 2, 248, 332, 27, 0, 51.35%, 2, 0, 7, 452.26, 365363, 209, 2, 0
864, 2, 143, 332, 26, 0, 51.35%, 2, 0, 7, 466.48, 367665, 209, 2, 0
869, 3, 340, 358, 51, 4, 52.58%, 5, 0, 7, 437.63, 369906, 214, 7, 0
874, 3, 348, 358, 50, 3, 52.58%, 8, 0, 7, 422.61, 372049, 214, 13, 0
879, 3, 235, 358, 47, 0, 52.58%, 8, 0, 7, 468.44, 374405, 214, 14, 0
884, 3, 354, 358, 46, 0, 52.58%, 8, 0, 7, 462.87, 376792, 214, 14, 0
889, 3, 253, 359, 45, 0, 52.58%, 8, 0, 7, 450.40, 379027, 214, 14, 0
895, 3, 332, 359, 44, 0, 52.58%, 8, 0, 7, 426.95, 381177, 214, 14, 0
900, 3, 358, 359, 42, 0, 52.58%, 8, 0, 7, 458.71, 383455, 214, 14, 0
904, 3, 304, 359, 41, 0, 52.58%, 8, 0, 7, 431.58, 385409, 214, 14, 0
