# relative_time, cycles_done, cur_item, corpus_count, pending_total, pending_favs, map_size, saved_crashes, saved_hangs, max_depth, execs_per_sec, total_execs, edges_found, total_crashes, servers_count
60, 0, 9, 76, 71, 2, 30.96%, 0, 0, 2, 398.55, 26379, 126, 0, 0
66, 0, 9, 77, 72, 2, 30.96%, 0, 0, 2, 451.64, 28738, 126, 0, 0
71, 0, 9, 79, 74, 2, 30.96%, 0, 0, 2, 444.75, 30985, 126, 0, 0
76, 0, 9, 80, 75, 2, 30.96%, 0, 0, 2, 415.99, 33072, 126, 0, 0
81, 0, 9, 81, 76, 2, 30.96%, 0, 0, 2, 472.23, 35410, 126, 0, 0
86, 0, 9, 82, 77, 2, 30.96%, 0, 0, 2, 456.58, 37811, 126, 0, 0
91, 0, 9, 82, 77, 2, 30.96%, 0, 0, 2, 451.18, 40054, 126, 0, 0
96, 0, 9, 83, 78, 2, 30.96%, 0, 0, 2, 456.63, 42327, 126, 0, 0
101, 0, 9, 83, 78, 2, 30.96%, 0, 0, 2, 427.05, 44453, 126, 0, 0
106, 0, 9, 83, 78, 2, 30.96%, 0, 0, 2, 405.40, 46493, 126, 0, 0
112, 0, 9, 83, 78, 2, 30.96%, 0, 0, 2, 443.65, 48749, 126, 0, 0
117, 0, 9, 84, 79, 2, 30.96%, 0, 0, 2, 403.91, 50804, 126, 0, 0
122, 0, 9, 84, 79, 2, 30.96%, 0, 0, 2, 412.17, 52940, 126, 0, 0
127, 0, 23, 111, 105, 30, 35.38%, 0, 0, 2, 424.90, 55082, 144, 0, 0
132, 0, 88, 113, 99, 24, 35.87%, 0, 0, 3, 402.39, 57028, 146, 0, 0
137, 0, 88, 125, 111, 24, 39.07%, 0, 0, 3, 407.48, 59049, 159, 0, 0
142, 0, 88, 126, 112, 24, 39.07%, 0, 0, 3, 426.22, 61185, 159, 0, 0
147, 0, 88, 130, 116, 24, 39.07%, 0, 0, 3, 477.41, 63659, 159, 0, 0
152, 0, 88, 130, 116, 24, 39.07%, 0, 0, 3, 462.84, 66009, 159, 0, 0
157, 0, 88, 130, 116, 24, 39.07%, 0, 0, 3, 456.51, 68358, 159, 0, 0
162, 0, 88, 130, 116, 24, 39.07%, 0, 0, 3, 454.22, 70698, 159, 0, 0
167, 0, 88, 130, 116, 24, 39.07%, 0, 0, 3, 422.41, 72823, 159, 0, 0
172, 0, 88, 130, 116, 24, 39.07%, 0, 0, 3, 407.03, 74919, 159, 0, 0
177, 0, 88, 130, 116, 24, 39.07%, 0, 0, 3, 467.93, 77278, 159, 0, 0
183, 0, 88, 130, 116, 24, 39.07%, 0, 0, 3, 452.30, 79618, 159, 0, 0
188, 0, 88, 130, 116, 24, 39.07%, 0, 0, 3, 442.24, 81833, 159, 0, 0
193, 0, 88, 130, 116, 24, 39.07%, 0, 0, 3, 451.95, 84128, 159, 0, 0
198, 0, 88, 130, 116, 24, 39.07%, 0, 0, 3, 438.04, 86329, 159, 0, 0
203, 0, 88, 130, 116, 24, 39.07%, 0, 0, 3, 428.03, 88513, 159, 0, 0
208, 0, 88, 131, 117, 24, 39.07%, 0, 0, 3, 438.13, 90672, 159, 0, 0
213, 0, 88, 131, 117, 24, 39.07%, 0, 0, 3, 424.37, 92816, 159, 0, 0
218, 0, 88, 131, 117, 24, 39.07%, 0, 0, 3, 415.61, 94912, 159, 0, 0
223, 0, 127, 131, 116, 29, 39.07%, 0, 0, 3, 415.61, 97000, 159, 0, 0
228, 0, 127, 131, 116, 29, 39.07%, 0, 0, 3, 401.54, 99000, 159, 0, 0
234, 0, 119, 131, 114, 27, 39.07%, 0, 0, 3, 418.81, 101203, 159, 0, 0
239, 0, 25, 132, 112, 24, 40.05%, 0, 0, 3, 412.01, 103334, 163, 0, 0
244, 0, 126, 141, 120, 24, 40.05%, 0, 0, 3, 417.00, 105466, 163, 0, 0
249, 0, 49, 142, 119, 23, 40.05%, 0, 0, 3, 408.70, 107583, 163, 0, 0
254, 0, 51, 143, 118, 21, 40.05%, 0, 0, 3, 417.67, 109785, 163, 0, 0
259, 0, 51, 148, 123, 21, 40.05%, 0, 0, 3, 419.43, 111897, 163, 0, 0
264, 0, 129, 148, 122, 21, 40.05%, 0, 0, 3, 421.83, 114049, 163, 0, 0
269, 0, 131, 157, 130, 20, 40.79%, 0, 0, 4, 441.64, 116284, 166, 0, 0
274, 0, 131, 159, 132, 20, 40.79%, 0, 0, 4, 461.59, 118611, 166, 0, 0
279, 0, 131, 161, 134, 20, 40.79%, 0, 0, 4, 452.79, 120849, 166, 0, 0
284, 0, 131, 161, 134, 20, 40.79%, 0, 0, 4, 439.94, 123096, 166, 0, 0
289, 0, 131, 163, 136, 20, 40.79%, 0, 0, 4, 450.30, 125372, 166, 0, 0
295, 0, 131, 165, 138, 20, 40.79%, 0, 0, 4, 422.22, 127508, 166, 0, 0
300, 0, 131, 165, 138, 20, 40.79%, 0, 0, 4, 429.43, 129700, 166, 0, 0
305, 0, 131, 165, 138, 20, 40.79%, 0, 0, 4, 407.41, 131700, 166, 0, 0
310, 0, 131, 165, 138, 20, 40.79%, 0, 0, 4, 435.90, 133884, 166, 0, 0
315, 0, 131, 165, 138, 20, 40.79%, 0, 0, 4, 451.24, 136150, 166, 0, 0
320, 0, 131, 169, 142, 20, 41.03%, 0, 0, 4, 419.31, 138225, 167, 0, 0
325, 0, 131, 170, 143, 20, 41.03%, 0, 0, 4, 420.00, 140336, 167, 0, 0
330, 0, 131, 172, 145, 20, 41.03%, 0, 0, 4, 423.08, 142470, 167, 0, 0
335, 0, 131, 173, 146, 20, 41.03%, 0, 0, 4, 426.14, 144653, 167, 0, 0
340, 0, 131, 173, 146, 20, 41.03%, 0, 0, 4, 446.66, 146965, 167, 0, 0
345, 0, 131, 174, 147, 20, 41.03%, 0, 0, 4, 451.33, 149273, 167, 0, 0
350, 0, 131, 174, 147, 20, 41.03%, 0, 0, 4, 467.63, 151667, 167, 0, 0
355, 0, 131, 174, 147, 20, 41.03%, 0, 0, 4, 450.59, 153962, 167, 0, 0
361, 0, 131, 174, 147, 20, 41.03%, 0, 0, 4, 465.69, 156347, 167, 0, 0
366, 0, 131, 175, 148, 20, 41.03%, 0, 0, 4, 486.09, 158784, 167, 0, 0
371, 0, 131, 175, 148, 20, 41.03%, 0, 0, 4, 510.36, 161427, 167, 0, 0
376, 0, 131, 175, 148, 20, 41.03%, 0, 0, 4, 443.95, 163627, 167, 0, 0
381, 0, 131, 176, 149, 20, 41.03%, 0, 0, 4, 448.19, 165919, 167, 0, 0
386, 0, 30, 176, 146, 20, 41.03%, 0, 0, 4, 425.60, 168073, 167, 0, 0
391, 0, 27, 177, 145, 19, 41.03%, 0, 0, 4, 435.96, 170339, 167, 0, 0
396, 0, 80, 183, 150, 18, 41.03%, 0, 0, 4, 427.55, 172520, 167, 0, 0
401, 0, 80, 185, 152, 18, 41.03%, 0, 0, 4, 434.17, 174839, 167, 0, 0
406, 0, 80, 187, 154, 18, 41.03%, 0, 0, 4, 447.91, 177207, 167, 0, 0
411, 0, 26, 187, 151, 15, 41.03%, 0, 0, 4, 416.61, 179303, 167, 0, 0
417, 0, 149, 188, 149, 12, 41.03%, 0, 0, 5, 454.72, 181723, 167, 0, 0
422, 0, 74, 190, 150, 11, 41.03%, 0, 0, 5, 454.24, 184069, 167, 0, 0
427, 0, 73, 193, 149, 7, 41.03%, 0, 0, 5, 458.26, 186381, 167, 0, 0
432, 0, 192, 198, 153, 6, 41.03%, 0, 0, 5, 435.26, 188587, 167, 0, 0
437, 0, 192, 203, 158, 6, 41.03%, 0, 0, 5, 428.09, 190734, 167, 0, 0
442, 0, 192, 205, 160, 6, 41.03%, 0, 0, 5, 415.20, 192821, 167, 0, 0
447, 0, 192, 207, 162, 6, 41.03%, 0, 0, 5, 436.99, 195035, 167, 0, 0
452, 0, 192, 209, 164, 6, 41.03%, 0, 0, 5, 423.08, 197145, 167, 0, 0
457, 0, 192, 212, 167, 6, 41.03%, 0, 0, 5, 395.55, 199206, 167, 0, 0
462, 0, 206, 212, 166, 4, 41.03%, 0, 0, 5, 400.90, 201259, 167, 0, 0
467, 0, 106, 212, 165, 3, 41.03%, 0, 0, 5, 382.10, 203159, 167, 0, 0
472, 0, 106, 212, 165, 3, 41.03%, 0, 0, 5, 362.16, 205021, 167, 0, 0
477, 0, 100, 213, 164, 1, 41.03%, 0, 0, 5, 383.53, 206985, 167, 0, 0
483, 0, 187, 213, 162, 0, 41.03%, 0, 0, 5, 407.34, 209129, 167, 0, 0
488, 0, 206, 215, 163, 0, 41.03%, 0, 0, 6, 410.73, 211215, 167, 0, 0
493, 0, 169, 217, 161, 0, 41.03%, 0, 0, 6, 437.95, 213444, 167, 0, 0
498, 0, 170, 218, 160, 0, 41.03%, 0, 0, 6, 458.69, 215804, 167, 0, 0
503, 0, 218, 219, 158, 1, 43.24%, 0, 0, 6, 403.53, 217777, 176, 0, 0
508, 0, 218, 235, 174, 1, 43.24%, 0, 0, 6, 399.89, 219851, 176, 0, 0
513, 0, 218, 242, 181, 1, 43.24%, 0, 0, 6, 395.76, 221840, 176, 0, 0
518, 0, 226, 242, 179, 1, 43.24%, 0, 0, 6, 409.49, 223906, 176, 0, 0
523, 0, 120, 242, 176, 0, 43.24%, 0, 0, 6, 407.13, 226014, 176, 0, 0
528, 0, 206, 242, 174, 0, 43.24%, 0, 0, 6, 428.12, 228224, 176, 0, 0
533, 0, 236, 243, 173, 0, 43.24%, 0, 0, 6, 421.98, 230394, 176, 0, 0
539, 0, 23, 243, 171, 0, 43.24%, 0, 0, 6, 425.57, 232570, 176, 0, 0
544, 0, 23, 246, 174, 0, 43.24%, 0, 0, 6, 421.96, 234743, 176, 0, 0
549, 0, 0, 246, 171, 0, 43.24%, 0, 0, 6, 422.88, 236937, 176, 0, 0
554, 0, 29, 248, 170, 0, 43.73%, 0, 0, 6, 403.31, 238947, 178, 0, 0
559, 0, 46, 248, 167, 0, 43.73%, 0, 0, 6, 430.47, 241188, 178, 0, 0
564, 0, 133, 249, 167, 0, 43.73%, 0, 0, 6, 431.69, 243359, 178, 0, 0
569, 0, 71, 249, 165, 0, 43.73%, 0, 0, 6, 421.91, 245462, 178, 0, 0
574, 0, 174, 249, 163, 0, 43.73%, 0, 0, 6, 431.29, 247650, 178, 0, 0
579, 0, 115, 249, 161, 0, 43.73%, 0, 0, 6, 422.27, 249782, 178, 0, 0
584, 0, 93, 252, 161, 0, 43.73%, 0, 0, 6, 405.07, 251879, 178, 0, 0
589, 0, 207, 256, 165, 0, 43.73%, 0, 0, 6, 418.67, 253989, 178, 0, 0
594, 0, 34, 256, 162, 0, 43.73%, 0, 0, 6, 432.65, 256153, 178, 0, 0
600, 0, 68, 257, 161, 0, 43.73%, 0, 0, 6, 448.93, 258425, 178, 0, 0
605, 0, 74, 257, 157, 0, 43.73%, 0, 0, 6, 436.02, 260613, 178, 0, 0
610, 0, 23, 258, 155, 0, 43.73%, 0, 0, 6, 420.71, 262781, 178, 0, 0
615, 0, 172, 258, 150, 0, 43.73%, 0, 0, 6, 422.02, 264883, 178, 0, 0
620, 0, 84, 258, 148, 0, 43.73%, 0, 0, 6, 413.17, 267046, 178, 0, 0
625, 0, 255, 258, 146, 0, 43.73%, 0, 0, 6, 432.38, 269206, 178, 0, 0
630, 0, 32, 259, 145, 0, 43.73%, 0, 0, 6, 402.89, 271218, 178, 0, 0
635, 0, 250, 259, 143, 0, 43.73%, 0, 0, 6, 380.12, 273122, 178, 0, 0
640, 0, 220, 259, 142, 0, 43.73%, 0, 0, 6, 418.91, 275169, 178, 0, 0
645, 0, 149, 259, 138, 0, 43.73%, 0, 0, 6, 453.13, 277482, 178, 0, 0
650, 0, 149, 259, 136, 0, 43.73%, 0, 0, 6, 414.06, 279544, 178, 0, 0
655, 0, 252, 259, 135, 0, 43.73%, 0, 0, 6, 411.56, 281696, 178, 0, 0
660, 1, 259, 261, 136, 1, 43.98%, 0, 0, 6, 402.82, 283698, 179, 0, 0
666, 1, 206, 262, 136, 0, 43.98%, 0, 0, 6, 387.51, 285752, 179, 0, 0
671, 1, 217, 263, 135, 0, 43.98%, 0, 0, 6, 415.86, 287951, 179, 0, 0
676, 1, 227, 265, 134, 0, 44.23%, 0, 0, 6, 444.33, 290148, 180, 0, 0
681, 1, 144, 265, 130, 0, 44.23%, 0, 0, 6, 386.08, 292144, 180, 0, 0
686, 1, 62, 265, 125, 0, 44.23%, 0, 0, 6, 431.46, 294438, 180, 0, 0
691, 1, 235, 265, 121, 0, 44.23%, 0, 0, 6, 460.82, 296764, 180, 0, 0
696, 1, 187, 268, 123, 0, 44.23%, 0, 0, 6, 440.60, 298939, 180, 0, 0
701, 1, 233, 268, 123, 0, 44.23%, 0, 0, 6, 423.64, 301063, 180, 0, 0
706, 1, 123, 268, 120, 0, 44.23%, 0, 0, 6, 400.66, 303018, 180, 0, 0
711, 1, 24, 268, 117, 0, 44.23%, 0, 0, 6, 427.35, 305148, 180, 0, 0
716, 1, 49, 269, 114, 0, 44.23%, 0, 0, 6, 419.12, 307282, 180, 0, 0
721, 1, 266, 269, 113, 0, 44.23%, 0, 0, 6, 415.48, 309420, 180, 0, 0
726, 1, 266, 272, 116, 0, 44.23%, 0, 0, 7, 404.28, 311347, 180, 0, 0
731, 1, 266, 273, 117, 0, 44.23%, 0, 0, 7, 432.39, 313552, 180, 0, 0
736, 1, 266, 273, 117, 0, 44.23%, 0, 0, 7, 431.03, 315768, 180, 0, 0
742, 1, 219, 273, 114, 0, 44.23%, 0, 0, 7, 420.61, 317969, 180, 0, 0
747, 1, 273, 276, 115, 1, 44.72%, 0, 0, 7, 415.08, 320135, 182, 0, 0
752, 1, 206, 277, 112, 0, 44.96%, 0, 0, 7, 382.65, 322110, 183, 0, 0
757, 1, 228, 277, 111, 0, 44.96%, 0, 0, 7, 405.63, 324254, 183, 0, 0
762, 1, 206, 277, 107, 0, 44.96%, 0, 0, 7, 423.13, 326369, 183, 0, 0
767, 1, 261, 278, 106, 0, 44.96%, 0, 0, 7, 433.10, 328614, 183, 0, 0
772, 1, 261, 282, 110, 0, 44.96%, 0, 0, 7, 427.19, 330802, 183, 0, 0
777, 1, 261, 283, 111, 0, 44.96%, 0, 0, 7, 404.95, 332809, 183, 0, 0
782, 1, 261, 283, 111, 0, 44.96%, 0, 0, 7, 443.11, 335129, 183, 0, 0
787, 1, 260, 283, 109, 0, 44.96%, 0, 0, 7, 305.23, 337152, 183, 0, 0
792, 1, 136, 283, 105, 0, 44.96%, 0, 0, 7, 380.31, 339170, 183, 0, 0
797, 1, 132, 284, 102, 0, 44.96%, 0, 0, 7, 407.56, 341214, 183, 0, 0
802, 1, 198, 284, 100, 0, 44.96%, 0, 0, 7, 425.73, 343408, 183, 0, 0
807, 1, 282, 284, 97, 0, 44.96%, 0, 0, 7, 407.79, 345511, 183, 0, 0
813, 1, 187, 285, 94, 0, 44.96%, 0, 0, 7, 418.49, 347665, 183, 0, 0
818, 1, 212, 288, 96, 0, 44.96%, 0, 0, 7, 388.47, 349710, 183, 0, 0
823, 1, 286, 288, 94, 0, 44.96%, 0, 0, 7, 417.38, 351901, 183, 0, 0
828, 1, 12, 288, 90, 0, 44.96%, 0, 0, 7, 420.32, 353976, 183, 0, 0
833, 1, 230, 288, 86, 0, 44.96%, 0, 0, 7, 451.25, 356323, 183, 0, 0
838, 1, 130, 288, 84, 0, 44.96%, 0, 0, 7, 411.52, 358390, 183, 0, 0
843, 1, 125, 288, 80, 0, 44.96%, 0, 0, 7, 405.72, 360507, 183, 0, 0
848, 1, 258, 288, 77, 0, 44.96%, 0, 0, 7, 418.59, 362653, 183, 0, 0
853, 1, 32, 288, 75, 0, 44.96%, 0, 0, 7, 419.78, 364740, 183, 0, 0
858, 1, 109, 288, 73, 0, 44.96%, 0, 0, 7, 425.04, 366930, 183, 0, 0
863, 1, 288, 290, 72, 2, 45.45%, 0, 0, 7, 410.42, 369035, 185, 0, 0
868, 1, 290, 291, 71, 1, 45.95%, 0, 0, 7, 434.36, 371286, 187, 0, 0
873, 1, 262, 291, 70, 0, 45.95%, 0, 0, 7, 412.30, 373393, 187, 0, 0
879, 1, 222, 291, 68, 0, 45.95%, 0, 0, 7, 417.20, 375506, 187, 0, 0
884, 1, 234, 291, 65, 0, 45.95%, 0, 0, 7, 371.41, 377315, 187, 0, 0
889, 1, 104, 293, 64, 0, 46.44%, 0, 0, 7, 405.06, 379391, 189, 0, 0
894, 1, 137, 293, 61, 0, 46.44%, 0, 0, 7, 390.13, 381225, 189, 0, 0
899, 1, 157, 293, 58, 0, 46.44%, 0, 0, 7, 394.46, 383175, 189, 0, 0
902, 1, 224, 293, 57, 0, 46.44%, 0, 0, 7, 389.17, 384591, 189, 0, 0
