# relative_time, cycles_done, cur_item, corpus_count, pending_total, pending_favs, map_size, saved_crashes, saved_hangs, max_depth, execs_per_sec, total_execs, edges_found, total_crashes, servers_count
60, 0, 8, 87, 79, 28, 34.40%, 0, 0, 2, 427.48, 26215, 140, 0, 0
65, 0, 21, 87, 68, 18, 34.40%, 0, 0, 2, 443.60, 28470, 140, 0, 0
70, 0, 29, 94, 73, 16, 34.64%, 0, 0, 2, 448.92, 30709, 141, 0, 0
75, 0, 29, 96, 75, 16, 34.64%, 0, 0, 2, 448.32, 32921, 141, 0, 0
80, 0, 29, 102, 81, 16, 34.89%, 0, 0, 2, 419.78, 35069, 142, 0, 0
85, 0, 29, 104, 83, 16, 34.89%, 0, 0, 2, 424.76, 37193, 142, 0, 0
90, 0, 29, 106, 85, 16, 34.89%, 0, 0, 2, 431.90, 39367, 142, 0, 0
95, 0, 29, 109, 88, 16, 35.14%, 0, 0, 2, 445.99, 41650, 143, 0, 0
101, 0, 29, 114, 93, 16, 35.87%, 0, 0, 2, 434.38, 43863, 146, 0, 0
106, 0, 29, 115, 94, 16, 35.87%, 0, 0, 2, 432.21, 46071, 146, 0, 0
111, 0, 29, 115, 94, 16, 35.87%, 0, 0, 2, 440.15, 48319, 146, 0, 0
116, 0, 29, 120, 99, 16, 35.87%, 0, 0, 2, 414.90, 50394, 146, 0, 0
121, 0, 29, 121, 100, 16, 35.87%, 0, 0, 2, 442.61, 52681, 146, 0, 0
126, 0, 29, 122, 101, 16, 35.87%, 0, 0, 2, 465.51, 54999, 146, 0, 0
131, 0, 29, 123, 102, 16, 35.87%, 0, 0, 2, 418.33, 57047, 146, 0, 0
136, 0, 29, 124, 103, 16, 35.87%, 0, 0, 2, 463.54, 59460, 146, 0, 0
141, 0, 29, 126, 105, 16, 35.87%, 0, 0, 2, 498.29, 61976, 146, 0, 0
146, 0, 29, 126, 105, 16, 35.87%, 0, 0, 2, 466.62, 64334, 146, 0, 0
152, 0, 29, 126, 105, 16, 35.87%, 0, 0, 2, 444.00, 66573, 146, 0, 0
157, 0, 31, 131, 109, 17, 35.87%, 0, 0, 2, 423.88, 68716, 146, 0, 0
162, 0, 51, 142, 118, 14, 35.87%, 0, 0, 2, 457.74, 71047, 146, 0, 0
167, 0, 51, 145, 121, 14, 36.86%, 0, 0, 2, 435.88, 73225, 150, 0, 0
172, 0, 51, 148, 124, 14, 36.86%, 0, 0, 2, 460.78, 75580, 150, 0, 0
177, 0, 51, 149, 125, 14, 36.86%, 0, 0, 2, 456.57, 77846, 150, 0, 0
182, 0, 59, 149, 124, 15, 36.86%, 0, 0, 2, 451.35, 80121, 150, 0, 0
187, 0, 74, 155, 125, 12, 37.59%, 1, 0, 3, 470.38, 82541, 153, 1, 0
192, 0, 113, 165, 133, 10, 37.59%, 1, 0, 3, 470.21, 84946, 153, 1, 0
197, 0, 113, 168, 136, 10, 37.59%, 1, 0, 3, 465.27, 87325, 153, 1, 0
202, 0, 113, 169, 137, 10, 37.59%, 1, 0, 3, 436.62, 89536, 153, 1, 0
208, 0, 113, 170, 138, 10, 37.59%, 1, 0, 3, 452.12, 91831, 153, 1, 0
213, 0, 113, 172, 140, 10, 37.59%, 1, 0, 3, 457.21, 94086, 153, 1, 0
218, 0, 113, 173, 141, 10, 37.59%, 1, 0, 3, 437.33, 96220, 153, 1, 0
223, 0, 113, 173, 141, 10, 37.59%, 1, 0, 3, 435.18, 98444, 153, 1, 0
228, 0, 113, 175, 143, 10, 37.59%, 1, 0, 3, 451.87, 100722, 153, 1, 0
233, 0, 113, 175, 143, 10, 37.59%, 1, 0, 3, 448.57, 102946, 153, 1, 0
238, 0, 113, 175, 143, 10, 37.59%, 1, 0, 3, 453.45, 105204, 153, 1, 0
243, 0, 113, 175, 143, 10, 37.59%, 1, 0, 3, 461.67, 107499, 153, 1, 0
248, 0, 113, 176, 144, 10, 37.59%, 1, 0, 3, 446.14, 109706, 153, 1, 0
253, 0, 113, 176, 144, 10, 37.59%, 1, 0, 3, 442.18, 111970, 153, 1, 0
258, 0, 113, 176, 144, 10, 37.59%, 1, 0, 3, 440.81, 114194, 153, 1, 0
263, 0, 113, 176, 144, 10, 37.59%, 1, 0, 3, 441.78, 116426, 153, 1, 0
268, 0, 113, 176, 144, 10, 37.59%, 1, 0, 3, 432.44, 118562, 153, 1, 0
273, 0, 113, 176, 144, 10, 37.59%, 1, 0, 3, 419.55, 120698, 153, 1, 0
279, 0, 113, 176, 144, 10, 37.59%, 1, 0, 3, 421.73, 122826, 153, 1, 0
284, 0, 113, 176, 144, 10, 37.59%, 1, 0, 3, 431.80, 124970, 153, 1, 0
289, 0, 113, 177, 145, 10, 37.59%, 1, 0, 3, 431.98, 127217, 153, 1, 0
294, 0, 113, 177, 145, 10, 37.59%, 1, 0, 3, 472.33, 129663, 153, 1, 0
299, 0, 113, 178, 146, 10, 37.59%, 1, 0, 3, 457.62, 131938, 153, 1, 0
304, 0, 113, 178, 146, 10, 37.59%, 1, 0, 3, 445.91, 134160, 153, 1, 0
309, 0, 151, 178, 139, 4, 37.59%, 1, 0, 3, 485.17, 136633, 153, 1, 0
314, 0, 153, 180, 140, 3, 37.59%, 1, 0, 4, 455.57, 138917, 153, 1, 0
320, 0, 153, 188, 148, 3, 38.33%, 1, 0, 4, 444.51, 141197, 156, 1, 0
325, 0, 153, 190, 150, 3, 38.33%, 1, 0, 4, 454.63, 143533, 156, 1, 0
330, 0, 153, 192, 152, 3, 38.33%, 1, 0, 4, 454.18, 145797, 156, 1, 0
335, 0, 153, 193, 153, 3, 38.33%, 1, 0, 4, 453.53, 147982, 156, 1, 0
340, 0, 153, 193, 153, 3, 38.33%, 1, 0, 4, 438.31, 150224, 156, 1, 0
345, 0, 153, 193, 153, 3, 38.33%, 1, 0, 4, 447.52, 152491, 156, 1, 0
350, 0, 153, 194, 154, 3, 38.33%, 1, 0, 4, 441.73, 154703, 156, 1, 0
355, 0, 153, 194, 154, 3, 38.33%, 1, 0, 4, 444.43, 156983, 156, 1, 0
360, 0, 153, 194, 154, 3, 38.33%, 1, 0, 4, 448.29, 159248, 156, 1, 0
365, 0, 153, 194, 154, 3, 38.33%, 1, 0, 4, 459.99, 161696, 156, 1, 0
370, 0, 153, 194, 154, 3, 38.33%, 1, 0, 4, 465.21, 164090, 156, 1, 0
376, 0, 153, 194, 154, 3, 38.33%, 1, 0, 4, 454.16, 166319, 156, 1, 0
381, 0, 181, 194, 150, 1, 38.33%, 1, 0, 4, 472.33, 168758, 156, 1, 0
386, 0, 196, 198, 151, 2, 39.31%, 1, 0, 5, 472.27, 171097, 160, 1, 0
391, 1, 43, 199, 147, 0, 39.31%, 1, 0, 5, 483.03, 173463, 160, 1, 0
396, 1, 200, 207, 148, 1, 39.31%, 1, 0, 5, 469.27, 175829, 160, 1, 0
401, 1, 200, 207, 148, 1, 39.31%, 1, 0, 5, 443.54, 178085, 160, 1, 0
406, 1, 200, 209, 150, 1, 39.31%, 1, 0, 5, 414.15, 180139, 160, 1, 0
411, 1, 200, 209, 150, 1, 39.31%, 2, 0, 5, 434.39, 182347, 160, 2, 0
416, 1, 200, 211, 152, 1, 39.31%, 2, 0, 5, 459.13, 184623, 160, 2, 0
421, 1, 210, 214, 154, 0, 39.31%, 2, 0, 5, 430.44, 186758, 160, 2, 0
426, 1, 210, 216, 156, 0, 39.31%, 2, 0, 5, 410.95, 188900, 160, 2, 0
431, 1, 210, 217, 157, 0, 39.31%, 2, 0, 5, 388.84, 190843, 160, 2, 0
436, 1, 210, 217, 157, 0, 39.31%, 2, 0, 5, 395.90, 192915, 160, 2, 0
441, 1, 212, 217, 156, 0, 39.31%, 2, 0, 5, 394.18, 194906, 160, 2, 0
446, 2, 219, 307, 243, 15, 48.65%, 2, 0, 5, 426.97, 196994, 198, 2, 0
452, 2, 251, 307, 238, 10, 48.65%, 2, 0, 5, 426.08, 199224, 198, 2, 0
457, 2, 265, 313, 242, 8, 48.65%, 2, 0, 5, 431.10, 201390, 198, 2, 0
462, 2, 297, 313, 236, 5, 48.65%, 2, 0, 5, 439.41, 203725, 198, 2, 0
467, 2, 310, 313, 231, 0, 48.65%, 2, 0, 5, 455.10, 206075, 198, 2, 0
472, 3, 68, 314, 220, 0, 48.65%, 2, 0, 5, 444.15, 208252, 198, 2, 0
477, 3, 151, 314, 208, 0, 48.65%, 2, 0, 5, 435.65, 210374, 198, 2, 0
482, 3, 195, 314, 199, 0, 48.65%, 2, 0, 5, 444.43, 212599, 198, 2, 0
487, 3, 228, 314, 195, 0, 48.65%, 2, 0, 5, 449.34, 214884, 198, 2, 0
492, 3, 263, 314, 188, 0, 48.65%, 2, 0, 5, 276.40, 216588, 198, 2, 0
497, 3, 299, 314, 181, 0, 48.65%, 2, 0, 5, 398.96, 218698, 198, 2, 0
502, 4, 15, 318, 181, 0, 48.65%, 2, 0, 5, 420.70, 220807, 198, 2, 0
507, 4, 81, 318, 170, 0, 48.65%, 2, 0, 5, 429.24, 222994, 198, 2, 0
513, 4, 151, 318, 153, 0, 48.65%, 2, 0, 5, 460.65, 225393, 198, 2, 0
518, 4, 193, 319, 147, 0, 48.65%, 2, 0, 5, 457.44, 227625, 198, 2, 0
523, 4, 216, 319, 145, 0, 48.65%, 2, 0, 5, 449.82, 229805, 198, 2, 0
528, 4, 249, 319, 137, 0, 48.65%, 2, 0, 5, 436.41, 231996, 198, 2, 0
533, 4, 287, 319, 131, 0, 48.65%, 2, 0, 5, 444.75, 234276, 198, 2, 0
538, 5, 319, 321, 129, 1, 48.89%, 2, 0, 5, 451.56, 236524, 199, 2, 0
543, 6, 12, 321, 128, 0, 48.89%, 2, 0, 5, 461.57, 238882, 199, 2, 0
548, 6, 106, 321, 120, 0, 48.89%, 2, 0, 5, 439.04, 241110, 199, 2, 0
553, 6, 194, 321, 112, 0, 48.89%, 2, 0, 5, 438.82, 243323, 199, 2, 0
558, 6, 215, 321, 110, 0, 48.89%, 2, 0, 5, 412.67, 245497, 199, 2, 0
563, 6, 276, 321, 104, 0, 48.89%, 2, 0, 5, 427.69, 247659, 199, 2, 0
568, 6, 318, 322, 101, 0, 48.89%, 2, 0, 6, 441.54, 249872, 199, 2, 0
573, 6, 321, 324, 102, 0, 48.89%, 2, 0, 7, 456.81, 252160, 199, 2, 0
578, 6, 321, 324, 102, 0, 48.89%, 2, 0, 7, 418.87, 254286, 199, 2, 0
583, 7, 325, 328, 104, 1, 48.89%, 2, 0, 7, 462.26, 256597, 199, 2, 0
588, 8, 111, 328, 101, 0, 48.89%, 2, 0, 7, 426.75, 258779, 199, 2, 0
594, 8, 196, 328, 95, 0, 48.89%, 2, 0, 7, 414.21, 260862, 199, 2, 0
599, 8, 208, 328, 93, 0, 48.89%, 2, 0, 7, 404.54, 262911, 199, 2, 0
604, 8, 213, 330, 94, 0, 49.14%, 2, 0, 7, 396.45, 264869, 200, 2, 0
609, 8, 213, 331, 95, 0, 49.14%, 2, 0, 7, 414.95, 267020, 200, 2, 0
614, 8, 331, 333, 95, 0, 49.14%, 2, 0, 7, 407.34, 269069, 200, 2, 0
619, 9, 61, 335, 94, 0, 49.14%, 2, 0, 7, 444.94, 271319, 200, 2, 0
624, 9, 170, 335, 87, 0, 49.14%, 3, 0, 7, 421.23, 273478, 200, 3, 0
629, 9, 200, 335, 82, 0, 49.14%, 3, 0, 7, 413.15, 275560, 200, 3, 0
634, 9, 266, 337, 79, 0, 49.14%, 5, 0, 7, 398.79, 277596, 200, 5, 0
639, 9, 303, 337, 72, 0, 49.14%, 5, 0, 7, 418.07, 279761, 200, 5, 0
644, 9, 327, 339, 72, 0, 49.14%, 5, 0, 7, 420.22, 281850, 200, 5, 0
649, 9, 327, 340, 73, 0, 49.14%, 5, 0, 7, 415.31, 283945, 200, 5, 0
654, 9, 328, 340, 72, 0, 49.14%, 5, 0, 7, 417.56, 286081, 200, 5, 0
659, 10, 343, 344, 73, 1, 50.61%, 5, 0, 7, 427.65, 288217, 206, 12, 0
664, 10, 343, 349, 78, 1, 58.23%, 5, 0, 7, 417.10, 290304, 237, 12, 0
669, 10, 345, 350, 77, 5, 58.48%, 5, 0, 7, 420.14, 292401, 238, 12, 0
674, 10, 345, 352, 79, 5, 58.48%, 5, 0, 7, 462.89, 294746, 238, 12, 0
680, 10, 346, 360, 86, 4, 58.72%, 5, 0, 7, 448.89, 296991, 239, 12, 0
685, 10, 346, 360, 86, 4, 58.72%, 5, 0, 7, 468.85, 299348, 239, 12, 0
690, 10, 348, 363, 88, 5, 58.72%, 5, 0, 7, 452.80, 301638, 239, 12, 0
695, 10, 348, 395, 120, 5, 58.72%, 5, 0, 7, 431.23, 303801, 239, 12, 0
700, 10, 348, 415, 140, 5, 58.72%, 5, 0, 7, 411.23, 305877, 239, 12, 0
705, 10, 348, 423, 148, 5, 58.72%, 5, 0, 7, 426.42, 308045, 239, 12, 0
710, 10, 349, 424, 148, 5, 58.72%, 5, 0, 7, 430.49, 310218, 239, 12, 0
715, 10, 351, 426, 149, 4, 58.72%, 5, 0, 7, 432.78, 312466, 239, 12, 0
720, 10, 351, 428, 151, 4, 58.72%, 5, 0, 7, 436.91, 314728, 239, 12, 0
725, 10, 351, 428, 151, 4, 58.72%, 5, 0, 7, 421.98, 316840, 239, 12, 0
730, 10, 351, 429, 152, 4, 58.72%, 5, 0, 7, 442.90, 319199, 239, 12, 0
735, 10, 359, 429, 150, 2, 58.72%, 5, 0, 7, 459.58, 321553, 239, 12, 0
741, 10, 406, 431, 151, 1, 58.72%, 5, 0, 7, 444.76, 323771, 239, 12, 0
746, 10, 406, 432, 152, 1, 58.72%, 5, 0, 7, 442.54, 326106, 239, 12, 0
751, 10, 406, 432, 152, 1, 58.72%, 5, 0, 7, 420.87, 328242, 239, 12, 0
756, 10, 406, 432, 152, 1, 58.72%, 5, 0, 7, 420.75, 330418, 239, 12, 0
761, 10, 406, 432, 152, 1, 58.72%, 5, 0, 7, 398.54, 332418, 239, 12, 0
766, 10, 406, 432, 152, 1, 58.72%, 5, 0, 7, 415.50, 334530, 239, 12, 0
771, 10, 411, 433, 151, 0, 58.72%, 5, 0, 7, 426.85, 336697, 239, 12, 0
776, 10, 416, 433, 149, 0, 58.72%, 5, 0, 7, 412.76, 338777, 239, 12, 0
781, 10, 426, 434, 146, 0, 58.72%, 5, 0, 7, 428.07, 341008, 239, 12, 0
786, 11, 388, 442, 152, 4, 59.71%, 5, 0, 7, 451.71, 343294, 243, 12, 0
791, 11, 430, 443, 152, 4, 59.71%, 5, 0, 7, 433.82, 345466, 243, 12, 0
797, 11, 437, 443, 151, 4, 59.71%, 5, 0, 7, 403.87, 347568, 243, 12, 0
802, 11, 437, 443, 151, 4, 59.71%, 5, 0, 7, 405.31, 349600, 243, 12, 0
807, 11, 437, 443, 151, 4, 59.71%, 5, 0, 7, 421.05, 351728, 243, 12, 0
812, 11, 437, 443, 151, 4, 59.71%, 5, 0, 7, 402.50, 353741, 243, 12, 0
817, 11, 441, 443, 148, 1, 59.71%, 5, 0, 7, 421.22, 355848, 243, 12, 0
822, 11, 441, 445, 150, 1, 59.71%, 5, 0, 7, 418.17, 357951, 243, 12, 0
827, 11, 441, 445, 150, 1, 59.71%, 5, 0, 7, 459.67, 360275, 243, 12, 0
832, 12, 406, 457, 160, 2, 59.95%, 5, 0, 7, 428.04, 362472, 244, 12, 0
837, 12, 445, 457, 160, 2, 59.95%, 5, 0, 7, 434.70, 364616, 244, 12, 0
842, 12, 453, 459, 161, 1, 59.95%, 5, 0, 7, 463.55, 366984, 244, 12, 0
847, 13, 29, 460, 160, 0, 59.95%, 5, 0, 7, 450.75, 369234, 244, 12, 0
852, 13, 153, 460, 154, 0, 59.95%, 5, 0, 7, 458.33, 371442, 244, 14, 0
857, 13, 252, 460, 153, 0, 59.95%, 5, 0, 7, 432.69, 373662, 244, 15, 0
862, 13, 321, 460, 150, 0, 59.95%, 5, 0, 7, 445.08, 375835, 244, 15, 0
867, 13, 345, 460, 148, 0, 59.95%, 5, 0, 7, 453.10, 378090, 244, 15, 0
872, 13, 355, 460, 148, 0, 59.95%, 5, 0, 7, 458.79, 380401, 244, 15, 0
878, 13, 361, 460, 147, 0, 59.95%, 5, 0, 7, 426.18, 382601, 244, 15, 0
883, 13, 375, 460, 143, 0, 59.95%, 5, 0, 7, 448.86, 384865, 244, 15, 0
888, 13, 377, 461, 143, 0, 59.95%, 5, 0, 7, 448.84, 387114, 244, 15, 0
893, 13, 386, 462, 142, 0, 59.95%, 5, 0, 7, 444.61, 389367, 244, 15, 0
898, 13, 386, 463, 143, 0, 59.95%, 5, 0, 7, 430.17, 391542, 244, 15, 0
903, 13, 393, 463, 142, 0, 59.95%, 5, 0, 7, 438.77, 393766, 244, 15, 0
908, 13, 411, 463, 140, 0, 59.95%, 5, 0, 7, 422.44, 395878, 244, 15, 0
913, 13, 425, 463, 139, 0, 59.95%, 5, 0, 7, 460.86, 398236, 244, 15, 0
918, 13, 427, 466, 141, 0, 60.20%, 5, 0, 7, 461.25, 400524, 245, 15, 0
923, 13, 427, 469, 144, 0, 60.20%, 5, 0, 7, 431.65, 402656, 245, 15, 0
928, 13, 427, 470, 145, 0, 60.20%, 5, 0, 7, 414.94, 404791, 245, 15, 0
933, 13, 427, 471, 146, 0, 60.20%, 5, 0, 7, 449.86, 407078, 245, 15, 0
938, 13, 463, 471, 145, 2, 60.20%, 5, 0, 7, 436.16, 409278, 245, 15, 0
944, 13, 465, 476, 149, 1, 60.44%, 5, 0, 8, 442.40, 411596, 246, 15, 0
949, 13, 471, 476, 148, 2, 60.44%, 5, 0, 8, 433.78, 413844, 246, 15, 0
954, 13, 475, 478, 148, 1, 60.93%, 5, 0, 9, 416.19, 416039, 248, 15, 0
959, 13, 475, 478, 148, 1, 60.93%, 5, 0, 9, 446.98, 418327, 248, 15, 0
964, 13, 477, 478, 146, 1, 60.93%, 5, 0, 9, 437.41, 420538, 248, 15, 0
969, 14, 69, 480, 147, 0, 60.93%, 5, 0, 9, 454.00, 422839, 248, 15, 0
974, 14, 189, 480, 144, 0, 60.93%, 5, 0, 9, 451.43, 425115, 248, 17, 0
979, 14, 211, 480, 143, 0, 60.93%, 5, 0, 9, 439.21, 427362, 248, 17, 0
984, 14, 297, 480, 137, 0, 60.93%, 5, 0, 9, 453.99, 429625, 248, 18, 0
989, 14, 322, 480, 136, 0, 60.93%, 6, 0, 9, 450.29, 431928, 248, 19, 0
994, 14, 332, 480, 134, 0, 60.93%, 6, 0, 9, 430.25, 434030, 248, 19, 0
999, 14, 347, 480, 131, 0, 60.93%, 6, 0, 9, 444.19, 436293, 248, 19, 0
1005, 14, 367, 480, 129, 0, 60.93%, 6, 0, 9, 428.00, 438446, 248, 19, 0
1010, 14, 387, 480, 128, 0, 60.93%, 6, 0, 9, 425.62, 440590, 248, 19, 0
1015, 14, 406, 480, 124, 0, 60.93%, 6, 0, 9, 410.39, 442750, 248, 19, 0
1020, 14, 420, 480, 122, 0, 60.93%, 6, 0, 9, 427.07, 444926, 248, 19, 0
1025, 14, 441, 480, 119, 0, 60.93%, 6, 0, 9, 438.80, 447202, 248, 19, 0
1030, 14, 461, 480, 118, 0, 60.93%, 6, 0, 9, 416.05, 449286, 248, 19, 0
1035, 14, 468, 480, 117, 0, 60.93%, 6, 0, 9, 419.65, 451406, 248, 19, 0
1040, 14, 476, 480, 116, 0, 60.93%, 6, 0, 9, 417.70, 453578, 248, 19, 0
1045, 15, 21, 481, 116, 0, 60.93%, 6, 0, 9, 442.55, 455805, 248, 19, 0
1050, 15, 151, 481, 112, 0, 60.93%, 6, 0, 9, 446.01, 458065, 248, 21, 0
1055, 15, 243, 481, 112, 0, 60.93%, 6, 0, 9, 426.41, 460186, 248, 22, 0
1060, 15, 344, 481, 108, 0, 60.93%, 6, 0, 9, 445.49, 462480, 248, 22, 0
1065, 15, 359, 481, 107, 0, 60.93%, 6, 0, 9, 444.32, 464700, 248, 22, 0
1070, 15, 370, 481, 105, 0, 60.93%, 6, 0, 9, 442.91, 466911, 248, 22, 0
1075, 15, 403, 481, 101, 0, 60.93%, 6, 0, 9, 388.50, 468943, 248, 22, 0
1080, 15, 413, 481, 99, 0, 60.93%, 6, 0, 9, 402.14, 471000, 248, 22, 0
1085, 15, 440, 481, 96, 0, 60.93%, 6, 0, 9, 423.03, 473178, 248, 22, 0
1091, 15, 463, 481, 93, 0, 60.93%, 6, 0, 9, 445.95, 475494, 248, 22, 0
1096, 15, 475, 481, 93, 0, 60.93%, 6, 0, 9, 471.22, 477885, 248, 22, 0
1101, 15, 478, 481, 93, 0, 60.93%, 6, 0, 9, 451.48, 480192, 248, 22, 0
1106, 16, 106, 481, 91, 0, 60.93%, 6, 0, 9, 442.37, 482428, 248, 22, 0
1111, 16, 196, 481, 90, 0, 60.93%, 6, 0, 9, 469.71, 484814, 248, 22, 0
1116, 16, 276, 481, 88, 0, 60.93%, 7, 0, 9, 446.33, 487042, 248, 23, 0
1121, 16, 323, 481, 85, 0, 60.93%, 7, 0, 9, 401.16, 489034, 248, 23, 0
1126, 16, 325, 482, 84, 0, 60.93%, 7, 0, 9, 446.54, 491313, 248, 23, 0
1131, 16, 341, 482, 83, 0, 60.93%, 7, 0, 9, 423.41, 493473, 248, 23, 0
1136, 16, 350, 482, 82, 0, 60.93%, 7, 0, 9, 420.76, 495631, 248, 23, 0
1141, 16, 379, 482, 81, 0, 60.93%, 7, 0, 9, 410.28, 497693, 248, 23, 0
1146, 16, 392, 482, 79, 0, 60.93%, 7, 0, 9, 422.76, 499893, 248, 23, 0
1151, 16, 405, 482, 77, 0, 60.93%, 7, 0, 9, 418.36, 501913, 248, 23, 0
1156, 16, 449, 482, 74, 0, 60.93%, 7, 0, 9, 425.68, 503995, 248, 23, 0
1162, 16, 462, 482, 71, 0, 60.93%, 7, 0, 9, 451.74, 506417, 248, 23, 0
1167, 16, 473, 482, 69, 0, 60.93%, 7, 0, 9, 452.00, 508706, 248, 23, 0
1172, 16, 481, 482, 68, 0, 60.93%, 7, 0, 9, 446.49, 510921, 248, 23, 0
1177, 17, 19, 482, 67, 0, 60.93%, 7, 0, 9, 441.91, 513159, 248, 23, 0
1182, 17, 121, 482, 66, 0, 60.93%, 7, 0, 9, 430.12, 515354, 248, 23, 0
1187, 17, 196, 482, 65, 0, 60.93%, 7, 0, 9, 418.07, 517427, 248, 23, 0
1192, 17, 303, 482, 64, 0, 60.93%, 7, 0, 9, 432.23, 519588, 248, 24, 0
1197, 17, 340, 483, 64, 0, 60.93%, 7, 0, 9, 441.43, 521818, 248, 24, 0
1202, 17, 378, 483, 63, 0, 60.93%, 7, 0, 9, 431.61, 523962, 248, 24, 0
1207, 17, 409, 483, 61, 0, 60.93%, 7, 0, 9, 432.24, 526146, 248, 24, 0
1212, 17, 434, 483, 59, 0, 60.93%, 7, 0, 9, 419.95, 528226, 248, 24, 0
1217, 17, 442, 483, 57, 0, 60.93%, 7, 0, 9, 444.28, 530485, 248, 24, 0
1222, 17, 470, 483, 54, 0, 60.93%, 7, 0, 9, 431.52, 532657, 248, 24, 0
1227, 18, 21, 484, 53, 0, 60.93%, 7, 0, 9, 409.89, 534718, 248, 24, 0
1232, 18, 151, 484, 51, 0, 60.93%, 7, 0, 9, 432.76, 536931, 248, 25, 0
1237, 18, 204, 484, 50, 0, 60.93%, 7, 0, 9, 465.80, 539267, 248, 25, 0
1243, 18, 308, 484, 49, 0, 60.93%, 7, 0, 9, 427.92, 541433, 248, 26, 0
1248, 18, 341, 484, 49, 0, 60.93%, 7, 0, 9, 430.88, 543610, 248, 26, 0
1253, 18, 356, 484, 48, 0, 60.93%, 7, 0, 9, 429.18, 545776, 248, 26, 0
1258, 18, 364, 484, 46, 0, 60.93%, 7, 0, 9, 422.07, 547942, 248, 26, 0
1263, 18, 382, 484, 44, 0, 60.93%, 7, 0, 9, 424.94, 550126, 248, 26, 0
1268, 18, 406, 484, 41, 0, 60.93%, 7, 0, 9, 431.81, 552318, 248, 26, 0
1273, 18, 423, 484, 41, 0, 60.93%, 7, 0, 9, 436.07, 554542, 248, 26, 0
1278, 18, 460, 484, 40, 0, 60.93%, 7, 0, 9, 438.07, 556743, 248, 26, 0
1283, 18, 467, 484, 38, 0, 60.93%, 7, 0, 9, 438.09, 558995, 248, 26, 0
1288, 18, 480, 485, 39, 0, 60.93%, 7, 0, 9, 463.36, 561331, 248, 26, 0
1293, 19, 21, 485, 37, 0, 60.93%, 7, 0, 9, 432.05, 563459, 248, 26, 0
1298, 19, 152, 485, 37, 0, 60.93%, 7, 0, 9, 435.41, 565631, 248, 28, 0
1303, 19, 200, 485, 36, 0, 60.93%, 7, 0, 9, 412.33, 567678, 248, 28, 0
1308, 19, 297, 485, 34, 0, 60.93%, 7, 0, 9, 449.59, 569982, 248, 29, 0
1314, 19, 357, 485, 33, 0, 60.93%, 7, 0, 9, 466.61, 572374, 248, 29, 0
1319, 19, 366, 485, 32, 0, 60.93%, 7, 0, 9, 442.46, 574530, 248, 29, 0
1324, 19, 402, 485, 30, 0, 60.93%, 7, 0, 9, 430.38, 576666, 248, 29, 0
1329, 19, 453, 485, 29, 0, 60.93%, 7, 0, 9, 412.15, 578669, 248, 29, 0
1334, 19, 474, 485, 27, 0, 60.93%, 7, 0, 9, 430.49, 580859, 248, 30, 0
1339, 20, 12, 486, 26, 0, 60.93%, 7, 0, 9, 448.36, 583168, 248, 30, 0
1344, 20, 151, 486, 25, 0, 60.93%, 7, 0, 9, 455.44, 585499, 248, 34, 0
1349, 20, 251, 486, 25, 0, 60.93%, 7, 0, 9, 473.32, 587860, 248, 35, 0
1355, 20, 330, 486, 24, 0, 60.93%, 7, 0, 9, 448.90, 590176, 248, 35, 0
1360, 20, 381, 486, 24, 0, 60.93%, 7, 0, 9, 427.68, 592352, 248, 35, 0
1365, 20, 386, 486, 22, 0, 60.93%, 7, 0, 9, 429.77, 594576, 248, 35, 0
1370, 20, 406, 486, 21, 0, 60.93%, 7, 0, 9, 409.45, 596569, 248, 35, 0
1375, 20, 474, 486, 21, 0, 60.93%, 7, 0, 9, 435.97, 598811, 248, 35, 0
1380, 20, 481, 486, 21, 0, 60.93%, 7, 0, 9, 443.49, 601028, 248, 35, 0
1385, 21, 12, 486, 20, 0, 60.93%, 7, 0, 9, 437.60, 603271, 248, 35, 0
1390, 21, 151, 486, 19, 0, 60.93%, 7, 0, 9, 430.06, 605461, 248, 38, 0
1395, 21, 227, 486, 19, 0, 60.93%, 7, 0, 9, 410.25, 607552, 248, 39, 0
1400, 21, 333, 486, 19, 0, 60.93%, 7, 0, 9, 397.81, 609512, 248, 39, 0
1405, 21, 405, 486, 18, 0, 60.93%, 7, 0, 9, 421.23, 611626, 248, 39, 0
1410, 21, 417, 486, 18, 0, 60.93%, 7, 0, 9, 425.59, 613774, 248, 39, 0
1415, 21, 460, 486, 16, 0, 60.93%, 7, 0, 9, 410.63, 615807, 248, 39, 0
1420, 21, 471, 486, 16, 0, 60.93%, 7, 0, 9, 446.19, 618067, 248, 39, 0
1425, 22, 109, 486, 16, 0, 60.93%, 7, 0, 9, 454.26, 620399, 248, 39, 0
1430, 22, 193, 486, 16, 0, 60.93%, 7, 0, 9, 459.49, 622697, 248, 39, 0
1435, 22, 219, 486, 16, 0, 60.93%, 7, 0, 9, 460.27, 624975, 248, 40, 0
1440, 22, 344, 486, 16, 0, 60.93%, 7, 0, 9, 434.08, 627146, 248, 40, 0
1446, 22, 396, 486, 15, 0, 60.93%, 7, 0, 9, 431.50, 629345, 248, 40, 0
1451, 22, 440, 486, 14, 0, 60.93%, 7, 0, 9, 455.55, 631630, 248, 40, 0
1456, 22, 463, 486, 14, 0, 60.93%, 7, 0, 9, 448.04, 633874, 248, 40, 0
1461, 23, 109, 486, 14, 0, 60.93%, 7, 0, 9, 444.07, 636234, 248, 40, 0
1466, 23, 197, 486, 13, 0, 60.93%, 7, 0, 9, 439.71, 638436, 248, 41, 0
1471, 23, 325, 486, 13, 0, 60.93%, 7, 0, 9, 419.67, 640556, 248, 43, 0
1476, 23, 394, 486, 12, 0, 60.93%, 7, 0, 9, 427.73, 642744, 248, 43, 0
1481, 23, 423, 486, 11, 0, 60.93%, 7, 0, 9, 426.15, 644904, 248, 43, 0
1486, 23, 463, 486, 10, 0, 60.93%, 7, 0, 9, 423.24, 647049, 248, 43, 0
1491, 24, 417, 488, 12, 1, 61.18%, 7, 0, 9, 433.65, 649249, 249, 43, 0
1496, 25, 69, 488, 10, 0, 61.18%, 7, 0, 9, 449.15, 651478, 249, 43, 0
1501, 25, 195, 488, 8, 0, 61.18%, 7, 0, 9, 444.63, 653667, 249, 46, 0
1506, 25, 266, 488, 8, 0, 61.18%, 7, 0, 9, 446.52, 655974, 249, 48, 0
1511, 25, 332, 488, 8, 0, 61.18%, 7, 0, 9, 429.67, 658113, 249, 48, 0
1516, 25, 353, 488, 8, 0, 61.18%, 7, 0, 9, 436.10, 660347, 249, 48, 0
1522, 25, 363, 488, 7, 0, 61.18%, 7, 0, 9, 420.16, 662513, 249, 48, 0
1527, 25, 380, 488, 7, 0, 61.18%, 7, 0, 9, 412.98, 664617, 249, 48, 0
1532, 25, 417, 488, 7, 0, 61.18%, 7, 0, 9, 439.65, 666881, 249, 48, 0
1537, 25, 450, 488, 7, 0, 61.18%, 7, 0, 9, 454.50, 669200, 249, 48, 0
1542, 26, 17, 488, 7, 0, 61.18%, 7, 0, 9, 421.87, 671312, 249, 48, 0
1547, 26, 128, 488, 6, 0, 61.18%, 7, 0, 9, 434.80, 673540, 249, 48, 0
1552, 26, 204, 488, 5, 0, 61.18%, 7, 0, 9, 472.11, 675897, 249, 48, 0
1557, 26, 322, 488, 5, 0, 61.18%, 7, 0, 9, 444.38, 678063, 249, 48, 0
1562, 26, 360, 488, 5, 0, 61.18%, 7, 0, 9, 454.93, 680419, 249, 48, 0
1567, 26, 389, 488, 5, 0, 61.18%, 7, 0, 9, 427.76, 682557, 249, 48, 0
1572, 26, 441, 488, 5, 0, 61.18%, 7, 0, 9, 438.60, 684702, 249, 48, 0
1577, 26, 476, 488, 5, 0, 61.18%, 7, 0, 9, 452.64, 686927, 249, 48, 0
1582, 27, 118, 488, 5, 0, 61.18%, 7, 0, 9, 451.70, 689315, 249, 49, 0
1587, 27, 197, 488, 5, 0, 61.18%, 7, 0, 9, 425.10, 691441, 249, 51, 0
1592, 27, 297, 488, 5, 0, 61.18%, 7, 0, 9, 428.11, 693559, 249, 54, 0
1598, 27, 355, 488, 4, 0, 61.18%, 7, 0, 9, 440.77, 695816, 249, 54, 0
1603, 27, 391, 488, 4, 0, 61.18%, 7, 0, 9, 453.54, 698106, 249, 54, 0
1608, 27, 440, 488, 3, 0, 61.18%, 7, 0, 9, 414.12, 700183, 249, 54, 0
1613, 27, 475, 488, 2, 0, 61.18%, 7, 0, 9, 406.10, 702239, 249, 54, 0
1618, 28, 21, 488, 2, 0, 61.18%, 7, 0, 9, 445.69, 704526, 249, 54, 0
1623, 28, 128, 488, 2, 0, 61.18%, 7, 0, 9, 422.24, 706638, 249, 55, 0
1628, 28, 200, 488, 2, 0, 61.18%, 7, 0, 9, 427.38, 708833, 249, 57, 0
1633, 28, 331, 488, 2, 0, 61.18%, 7, 0, 9, 440.45, 711059, 249, 57, 0
1638, 28, 399, 488, 2, 0, 61.18%, 7, 0, 9, 443.02, 713235, 249, 57, 0
1643, 28, 441, 488, 2, 0, 61.18%, 7, 0, 9, 455.41, 715560, 249, 57, 0
1648, 29, 21, 488, 2, 0, 61.18%, 7, 0, 9, 459.89, 717913, 249, 57, 0
1653, 29, 151, 488, 2, 0, 61.18%, 8, 0, 9, 431.51, 720033, 249, 58, 0
1658, 29, 211, 488, 1, 0, 61.18%, 8, 0, 9, 437.20, 722237, 249, 58, 0
1663, 29, 309, 488, 1, 0, 61.18%, 8, 0, 9, 447.45, 724451, 249, 58, 0
1668, 29, 394, 488, 1, 0, 61.18%, 8, 0, 9, 429.69, 726584, 249, 58, 0
1674, 29, 433, 488, 1, 0, 61.18%, 8, 0, 9, 410.70, 728680, 249, 58, 0
1679, 29, 471, 488, 1, 0, 61.18%, 9, 0, 9, 421.14, 730801, 249, 59, 0
1684, 30, 63, 488, 1, 0, 61.18%, 9, 0, 9, 426.00, 732964, 249, 59, 0
1689, 30, 196, 488, 1, 0, 61.18%, 9, 0, 9, 442.06, 735212, 249, 61, 0
1694, 30, 297, 488, 1, 0, 61.18%, 9, 0, 9, 436.97, 737398, 249, 62, 0
1699, 30, 355, 488, 1, 0, 61.18%, 9, 0, 9, 422.13, 739580, 249, 62, 0
1704, 30, 408, 488, 1, 0, 61.18%, 9, 0, 9, 425.57, 741742, 249, 62, 0
1709, 30, 475, 488, 1, 0, 61.18%, 9, 0, 9, 435.61, 743923, 249, 62, 0
1714, 31, 106, 488, 1, 0, 61.18%, 9, 0, 9, 435.59, 746090, 249, 63, 0
1719, 31, 194, 488, 1, 0, 61.18%, 9, 0, 9, 410.76, 748212, 249, 63, 0
1724, 31, 266, 488, 1, 0, 61.18%, 9, 0, 9, 430.22, 750410, 249, 63, 0
1729, 31, 346, 488, 1, 0, 61.18%, 9, 0, 9, 428.66, 752569, 249, 63, 0
1734, 31, 361, 488, 1, 0, 61.18%, 9, 0, 9, 444.24, 754847, 249, 63, 0
1739, 31, 441, 488, 1, 0, 61.18%, 9, 0, 9, 425.44, 756996, 249, 63, 0
1744, 31, 475, 488, 1, 0, 61.18%, 9, 0, 9, 437.65, 759140, 249, 63, 0
1750, 31, 481, 488, 1, 0, 61.18%, 9, 0, 9, 420.78, 761219, 249, 63, 0
1755, 32, 118, 488, 1, 0, 61.18%, 9, 0, 9, 445.25, 763497, 249, 63, 0
1760, 32, 200, 488, 1, 0, 61.18%, 9, 0, 9, 450.06, 765796, 249, 63, 0
1765, 32, 297, 488, 1, 0, 61.18%, 9, 0, 9, 431.19, 767980, 249, 64, 0
1770, 32, 394, 488, 1, 0, 61.18%, 9, 0, 9, 450.35, 770216, 249, 64, 0
1775, 32, 453, 488, 1, 0, 61.18%, 9, 0, 9, 435.22, 772385, 249, 64, 0
1780, 33, 20, 488, 0, 0, 61.18%, 9, 0, 9, 443.11, 774637, 249, 64, 0
1785, 33, 134, 488, 0, 0, 61.18%, 9, 0, 9, 425.99, 776754, 249, 64, 0
1790, 33, 219, 488, 0, 0, 61.18%, 9, 0, 9, 439.20, 778999, 249, 67, 0
1795, 33, 344, 488, 0, 0, 61.18%, 9, 0, 9, 441.58, 781218, 249, 67, 0
1800, 33, 413, 488, 0, 0, 61.18%, 9, 0, 9, 440.26, 783406, 249, 67, 0
1805, 33, 477, 488, 0, 0, 61.18%, 9, 0, 9, 443.62, 785595, 249, 67, 0
1806, 34, 17, 488, 0, 0, 61.18%, 9, 0, 9, 433.48, 785981, 249, 67, 0
