# relative_time, cycles_done, cur_item, corpus_count, pending_total, pending_favs, map_size, saved_crashes, saved_hangs, max_depth, execs_per_sec, total_execs, edges_found, total_crashes, servers_count
60, 0, 9, 92, 87, 3, 32.92%, 0, 0, 2, 462.81, 27532, 134, 0, 0
65, 0, 9, 92, 87, 3, 32.92%, 0, 0, 2, 439.22, 29718, 134, 0, 0
70, 0, 9, 92, 87, 3, 32.92%, 0, 0, 2, 442.43, 31942, 134, 0, 0
75, 0, 9, 94, 89, 3, 32.92%, 0, 0, 2, 451.91, 34233, 134, 0, 0
80, 0, 9, 95, 90, 3, 32.92%, 0, 0, 2, 446.04, 36499, 134, 0, 0
85, 0, 9, 96, 91, 3, 32.92%, 0, 0, 2, 431.87, 38602, 134, 0, 0
91, 0, 9, 97, 92, 3, 32.92%, 0, 0, 2, 443.54, 40905, 134, 0, 0
96, 0, 9, 98, 93, 3, 32.92%, 0, 0, 2, 467.46, 43254, 134, 0, 0
101, 0, 9, 98, 93, 3, 32.92%, 0, 0, 2, 447.01, 45514, 134, 0, 0
106, 0, 9, 98, 93, 3, 32.92%, 0, 0, 2, 436.18, 47738, 134, 0, 0
111, 0, 9, 98, 93, 3, 32.92%, 0, 0, 2, 451.91, 50049, 134, 0, 0
116, 0, 9, 99, 94, 3, 32.92%, 0, 0, 2, 469.56, 52423, 134, 0, 0
121, 0, 9, 125, 119, 2, 37.84%, 0, 0, 2, 443.98, 54695, 154, 0, 0
126, 0, 15, 140, 126, 26, 38.08%, 0, 0, 3, 424.74, 56829, 155, 0, 0
131, 0, 101, 153, 138, 25, 38.82%, 0, 0, 3, 440.35, 59090, 158, 0, 0
136, 0, 111, 155, 139, 27, 39.56%, 0, 0, 3, 442.05, 61298, 161, 0, 0
141, 0, 111, 169, 153, 27, 40.79%, 1, 0, 3, 436.81, 63500, 166, 1, 0
147, 0, 111, 170, 154, 27, 40.79%, 1, 0, 3, 399.33, 65488, 166, 1, 0
152, 0, 111, 172, 156, 27, 40.79%, 1, 0, 3, 406.53, 67570, 166, 1, 0
157, 0, 111, 174, 158, 27, 40.79%, 1, 0, 3, 440.04, 69856, 166, 1, 0
162, 0, 111, 176, 160, 27, 40.79%, 1, 0, 3, 436.97, 72062, 166, 1, 0
167, 0, 111, 176, 160, 27, 40.79%, 1, 0, 3, 443.08, 74294, 166, 1, 0
172, 0, 111, 177, 161, 27, 40.79%, 1, 0, 3, 414.52, 76405, 166, 1, 0
177, 0, 111, 178, 162, 27, 40.79%, 1, 0, 3, 420.89, 78537, 166, 1, 0
182, 0, 111, 182, 166, 27, 40.79%, 1, 0, 3, 419.79, 80672, 166, 1, 0
187, 0, 111, 184, 168, 27, 40.79%, 1, 0, 3, 452.64, 82982, 166, 1, 0
192, 0, 111, 184, 168, 27, 40.79%, 1, 0, 3, 432.61, 85110, 166, 1, 0
197, 0, 111, 185, 169, 27, 40.79%, 1, 0, 3, 438.50, 87341, 166, 1, 0
202, 0, 111, 185, 169, 27, 40.79%, 1, 0, 3, 430.36, 89477, 166, 1, 0
207, 0, 167, 185, 168, 26, 40.79%, 1, 0, 3, 427.68, 91661, 166, 2, 0
212, 0, 0, 192, 174, 25, 41.52%, 1, 0, 3, 450.12, 93943, 169, 2, 0
217, 0, 191, 192, 173, 24, 41.52%, 1, 0, 3, 431.35, 96109, 169, 2, 0
222, 0, 152, 193, 172, 22, 41.77%, 1, 0, 4, 446.35, 98338, 170, 2, 0
228, 0, 116, 193, 169, 19, 41.77%, 1, 0, 4, 461.66, 100686, 170, 2, 0
233, 0, 116, 193, 169, 19, 41.77%, 1, 0, 4, 413.12, 102740, 170, 2, 0
238, 0, 116, 193, 169, 19, 41.77%, 1, 0, 4, 393.16, 104730, 170, 2, 0
243, 0, 162, 199, 174, 18, 41.77%, 1, 0, 4, 422.01, 106980, 170, 2, 0
248, 0, 162, 210, 185, 18, 41.77%, 1, 0, 4, 410.15, 109017, 170, 2, 0
253, 0, 162, 212, 187, 18, 41.77%, 1, 0, 4, 414.37, 111119, 170, 2, 0
258, 0, 162, 212, 187, 18, 41.77%, 1, 0, 4, 424.51, 113351, 170, 2, 0
263, 0, 162, 212, 187, 18, 41.77%, 1, 0, 4, 405.16, 115423, 170, 2, 0
268, 0, 162, 214, 189, 18, 41.77%, 1, 0, 4, 430.70, 117605, 170, 2, 0
273, 0, 162, 217, 192, 18, 42.01%, 1, 0, 4, 438.93, 119778, 171, 2, 0
278, 0, 162, 219, 194, 18, 42.01%, 1, 0, 4, 417.30, 121864, 171, 2, 0
284, 0, 162, 220, 195, 18, 42.01%, 1, 0, 4, 424.21, 124023, 171, 2, 0
289, 0, 162, 220, 195, 18, 42.01%, 1, 0, 4, 437.24, 126183, 171, 2, 0
294, 0, 162, 220, 195, 18, 42.01%, 1, 0, 4, 434.47, 128360, 171, 3, 0
299, 0, 162, 221, 196, 18, 42.01%, 1, 0, 4, 446.75, 130623, 171, 3, 0
304, 0, 162, 222, 197, 18, 42.01%, 1, 0, 4, 447.22, 132855, 171, 3, 0
309, 0, 162, 223, 198, 18, 42.01%, 1, 0, 4, 450.90, 135109, 171, 3, 0
314, 0, 162, 224, 199, 18, 42.01%, 1, 0, 4, 416.09, 137212, 171, 3, 0
319, 0, 162, 225, 200, 18, 42.01%, 1, 0, 4, 434.24, 139515, 171, 3, 0
324, 0, 162, 225, 200, 18, 42.01%, 1, 0, 4, 437.15, 141731, 171, 3, 0
329, 0, 162, 225, 200, 18, 42.01%, 1, 0, 4, 432.45, 143939, 171, 3, 0
334, 0, 162, 226, 201, 18, 42.01%, 1, 0, 4, 429.33, 146130, 171, 3, 0
339, 0, 162, 227, 202, 18, 42.01%, 1, 0, 4, 447.88, 148417, 171, 4, 0
344, 0, 162, 227, 202, 18, 42.01%, 1, 0, 4, 427.00, 150561, 171, 4, 0
349, 0, 162, 228, 203, 18, 42.01%, 1, 0, 4, 422.54, 152736, 171, 4, 0
354, 0, 162, 228, 203, 18, 42.01%, 1, 0, 4, 419.57, 154880, 171, 4, 0
360, 0, 162, 228, 203, 18, 42.01%, 1, 0, 4, 434.83, 157048, 171, 4, 0
365, 0, 214, 228, 202, 17, 42.01%, 1, 0, 4, 447.75, 159332, 171, 5, 0
370, 0, 78, 231, 204, 16, 42.01%, 2, 0, 4, 462.12, 161592, 171, 6, 0
375, 0, 78, 232, 205, 16, 42.01%, 2, 0, 4, 469.30, 163930, 171, 6, 0
380, 0, 102, 232, 204, 15, 42.01%, 2, 0, 4, 456.14, 166255, 171, 6, 0
385, 0, 132, 235, 204, 14, 42.51%, 2, 0, 4, 447.97, 168443, 173, 6, 0
390, 0, 192, 235, 202, 12, 42.51%, 2, 0, 4, 450.61, 170705, 173, 6, 0
395, 0, 33, 235, 198, 7, 42.51%, 2, 0, 4, 455.59, 173026, 173, 6, 0
400, 0, 159, 238, 197, 4, 42.51%, 2, 0, 4, 445.50, 175181, 173, 6, 0
405, 0, 159, 245, 204, 4, 42.75%, 2, 0, 4, 429.47, 177385, 174, 6, 0
410, 0, 242, 245, 203, 4, 42.75%, 2, 0, 4, 395.67, 179365, 174, 6, 0
415, 0, 110, 245, 199, 2, 42.75%, 2, 0, 4, 417.72, 181581, 174, 6, 0
421, 0, 140, 246, 198, 0, 42.75%, 2, 0, 4, 459.87, 184052, 174, 6, 0
426, 0, 160, 248, 198, 0, 42.75%, 2, 0, 4, 491.30, 186614, 174, 6, 0
431, 0, 248, 249, 197, 1, 48.65%, 2, 0, 4, 462.68, 188908, 198, 6, 0
436, 0, 248, 255, 203, 1, 48.89%, 2, 0, 4, 450.42, 191167, 199, 6, 0
441, 0, 248, 277, 225, 1, 48.89%, 2, 0, 4, 454.49, 193449, 199, 6, 0
446, 0, 248, 283, 231, 1, 49.14%, 2, 0, 4, 452.58, 195714, 200, 6, 0
451, 0, 248, 288, 236, 1, 49.14%, 2, 0, 4, 427.57, 197791, 200, 6, 0
456, 0, 248, 291, 239, 1, 49.14%, 2, 0, 4, 459.36, 200117, 200, 6, 0
461, 0, 248, 291, 239, 1, 49.14%, 2, 0, 4, 431.19, 202302, 200, 6, 0
466, 0, 248, 291, 239, 1, 49.14%, 2, 0, 4, 411.80, 204438, 200, 6, 0
471, 0, 248, 294, 242, 1, 49.14%, 2, 0, 4, 440.43, 206803, 200, 6, 0
477, 0, 248, 295, 243, 1, 49.14%, 2, 0, 4, 437.53, 209082, 200, 6, 0
482, 0, 248, 296, 244, 1, 49.14%, 2, 0, 4, 439.11, 211233, 200, 6, 0
487, 0, 248, 297, 245, 1, 49.14%, 2, 0, 4, 456.09, 213544, 200, 6, 0
492, 0, 248, 297, 245, 1, 49.14%, 2, 0, 4, 446.22, 215752, 200, 6, 0
497, 0, 248, 297, 245, 1, 49.14%, 2, 0, 4, 426.68, 217872, 200, 6, 0
502, 0, 248, 298, 246, 1, 49.14%, 2, 0, 4, 451.91, 220218, 200, 6, 0
507, 0, 248, 301, 249, 1, 49.14%, 2, 0, 4, 424.49, 222340, 200, 6, 0
512, 0, 248, 304, 252, 1, 49.14%, 2, 0, 4, 448.87, 224643, 200, 6, 0
517, 0, 248, 306, 254, 1, 49.14%, 2, 0, 4, 431.70, 226839, 200, 6, 0
522, 0, 248, 306, 254, 1, 49.14%, 2, 0, 4, 453.58, 229113, 200, 6, 0
527, 0, 248, 306, 254, 1, 49.14%, 2, 0, 4, 443.40, 231360, 200, 6, 0
532, 0, 248, 307, 255, 1, 49.14%, 2, 0, 4, 444.18, 233631, 200, 6, 0
537, 0, 248, 307, 255, 1, 49.14%, 2, 0, 4, 468.96, 236041, 200, 6, 0
543, 0, 248, 308, 256, 1, 49.14%, 2, 0, 4, 461.63, 238370, 200, 6, 0
548, 0, 248, 309, 257, 1, 49.14%, 2, 0, 4, 436.84, 240565, 200, 6, 0
553, 0, 248, 309, 257, 1, 49.14%, 2, 0, 4, 452.01, 242877, 200, 6, 0
558, 0, 254, 310, 255, 2, 49.14%, 2, 0, 5, 448.12, 245071, 200, 6, 0
563, 0, 278, 310, 253, 1, 49.14%, 2, 0, 5, 478.01, 247544, 200, 6, 0
568, 0, 32, 310, 252, 0, 49.14%, 2, 0, 5, 407.62, 249603, 200, 6, 0
573, 0, 265, 311, 250, 0, 49.14%, 2, 0, 5, 440.09, 251878, 200, 6, 0
578, 0, 164, 311, 247, 0, 49.14%, 2, 0, 5, 455.81, 254224, 200, 6, 0
583, 0, 223, 311, 242, 0, 49.14%, 2, 0, 5, 445.83, 256465, 200, 6, 0
588, 0, 159, 313, 242, 0, 49.14%, 2, 0, 5, 412.53, 258555, 200, 6, 0
593, 0, 266, 313, 239, 0, 49.14%, 2, 0, 5, 463.82, 260996, 200, 6, 0
598, 0, 239, 313, 237, 0, 49.14%, 2, 0, 5, 417.71, 263137, 200, 6, 0
603, 0, 303, 313, 235, 0, 49.14%, 2, 0, 5, 431.61, 265329, 200, 6, 0
609, 0, 303, 334, 256, 0, 49.14%, 2, 0, 5, 436.01, 267574, 200, 6, 0
614, 0, 303, 338, 260, 0, 49.14%, 2, 0, 5, 423.87, 269682, 200, 6, 0
619, 0, 303, 341, 263, 0, 49.14%, 2, 0, 5, 433.86, 271951, 200, 6, 0
624, 0, 303, 341, 263, 0, 49.14%, 2, 0, 5, 441.39, 274175, 200, 6, 0
629, 0, 307, 341, 261, 0, 49.14%, 2, 0, 5, 433.16, 276374, 200, 6, 0
634, 0, 70, 346, 265, 0, 49.14%, 2, 0, 5, 447.48, 278695, 200, 6, 0
639, 0, 206, 346, 263, 0, 49.14%, 2, 0, 5, 436.01, 280963, 200, 6, 0
644, 0, 286, 346, 260, 0, 49.14%, 2, 0, 5, 460.88, 283238, 200, 6, 0
649, 0, 120, 346, 257, 0, 49.14%, 2, 0, 5, 429.38, 285430, 200, 6, 0
654, 0, 250, 347, 256, 0, 49.14%, 2, 0, 5, 426.80, 287577, 200, 6, 0
659, 0, 205, 347, 254, 0, 49.14%, 2, 0, 5, 461.02, 289927, 200, 6, 0
665, 0, 144, 347, 251, 0, 49.14%, 2, 0, 5, 467.37, 292314, 200, 6, 0
670, 0, 293, 347, 248, 0, 49.14%, 2, 0, 5, 465.80, 294662, 200, 6, 0
675, 0, 233, 347, 245, 0, 49.14%, 2, 0, 5, 440.29, 296860, 200, 6, 0
680, 0, 146, 350, 247, 0, 49.14%, 2, 0, 5, 458.11, 299235, 200, 6, 0
685, 0, 296, 350, 244, 0, 49.14%, 2, 0, 5, 432.46, 301376, 200, 6, 0
690, 0, 299, 350, 243, 0, 49.14%, 2, 0, 5, 435.87, 303592, 200, 6, 0
695, 0, 294, 350, 241, 0, 49.14%, 2, 0, 5, 415.80, 305720, 200, 6, 0
700, 0, 131, 350, 238, 0, 49.14%, 2, 0, 5, 427.93, 307908, 200, 6, 0
705, 0, 21, 350, 236, 0, 49.14%, 2, 0, 5, 439.21, 310111, 200, 6, 0
710, 0, 334, 350, 234, 0, 49.14%, 2, 0, 5, 443.16, 312348, 200, 6, 0
715, 0, 253, 350, 231, 0, 49.14%, 2, 0, 5, 436.27, 314522, 200, 6, 0
720, 0, 247, 350, 228, 0, 49.14%, 2, 0, 5, 441.49, 316746, 200, 6, 0
725, 0, 298, 350, 227, 0, 49.14%, 2, 0, 5, 431.57, 318915, 200, 6, 0
731, 0, 329, 350, 223, 0, 49.14%, 2, 0, 5, 427.92, 321092, 200, 6, 0
736, 0, 200, 350, 221, 0, 49.14%, 2, 0, 5, 442.97, 323319, 200, 6, 0
741, 0, 219, 350, 218, 0, 49.14%, 2, 0, 5, 426.32, 325473, 200, 6, 0
746, 0, 297, 350, 216, 0, 49.14%, 2, 0, 5, 452.61, 327741, 200, 6, 0
751, 0, 341, 350, 214, 0, 49.14%, 2, 0, 5, 432.92, 329933, 200, 6, 0
756, 0, 313, 350, 212, 0, 49.14%, 2, 0, 5, 404.12, 332004, 200, 6, 0
761, 0, 309, 351, 211, 0, 49.14%, 2, 0, 5, 458.12, 334321, 200, 6, 0
766, 0, 323, 351, 207, 0, 49.14%, 2, 0, 5, 438.41, 336493, 200, 6, 0
771, 0, 258, 351, 205, 0, 49.14%, 2, 0, 5, 432.23, 338707, 200, 6, 0
776, 0, 327, 351, 203, 0, 49.14%, 2, 0, 5, 423.79, 340864, 200, 6, 0
781, 0, 77, 351, 200, 0, 49.14%, 2, 0, 5, 465.64, 343279, 200, 6, 0
786, 0, 61, 351, 197, 0, 49.14%, 2, 0, 5, 460.03, 345593, 200, 6, 0
791, 0, 207, 351, 194, 0, 49.14%, 2, 0, 5, 454.94, 347818, 200, 6, 0
797, 0, 67, 351, 192, 0, 49.14%, 2, 0, 5, 435.56, 349975, 200, 6, 0
802, 0, 337, 351, 191, 0, 49.14%, 2, 0, 5, 429.20, 352082, 200, 6, 0
807, 0, 24, 352, 190, 0, 49.39%, 2, 0, 6, 438.50, 354288, 201, 6, 0
812, 0, 336, 352, 187, 0, 49.39%, 2, 0, 6, 432.33, 356473, 201, 6, 0
817, 0, 325, 352, 185, 0, 49.39%, 2, 0, 6, 467.96, 358812, 201, 6, 0
822, 0, 224, 352, 183, 0, 49.39%, 2, 0, 6, 450.87, 361073, 201, 6, 0
827, 0, 283, 354, 184, 0, 49.39%, 2, 0, 6, 402.33, 363107, 201, 6, 0
832, 0, 192, 355, 183, 0, 49.39%, 2, 0, 6, 438.21, 365338, 201, 6, 0
837, 0, 292, 355, 182, 0, 49.39%, 2, 0, 6, 418.53, 367423, 201, 6, 0
842, 0, 338, 355, 178, 0, 49.39%, 2, 0, 6, 451.58, 369780, 201, 6, 0
847, 0, 110, 355, 175, 0, 49.39%, 2, 0, 6, 454.66, 372097, 201, 6, 0
852, 0, 280, 355, 174, 0, 49.39%, 2, 0, 6, 444.09, 374329, 201, 6, 0
857, 0, 78, 355, 171, 0, 49.39%, 2, 0, 6, 443.11, 376560, 201, 6, 0
862, 1, 217, 355, 169, 0, 49.39%, 2, 0, 6, 463.99, 378935, 201, 6, 0
867, 1, 196, 355, 165, 0, 49.39%, 2, 0, 6, 444.13, 381183, 201, 6, 0
872, 1, 355, 356, 164, 1, 49.63%, 2, 0, 6, 456.23, 383582, 202, 6, 0
877, 1, 320, 358, 163, 0, 49.88%, 2, 0, 6, 456.67, 385860, 203, 6, 0
883, 1, 8, 358, 157, 0, 49.88%, 2, 0, 6, 450.51, 388090, 203, 6, 0
888, 1, 359, 360, 158, 1, 50.12%, 2, 0, 6, 430.62, 390239, 204, 6, 0
893, 1, 339, 361, 156, 0, 50.12%, 2, 0, 6, 453.39, 392548, 204, 6, 0
898, 1, 7, 361, 152, 0, 50.12%, 2, 0, 6, 460.16, 394872, 204, 6, 0
903, 1, 263, 361, 150, 0, 50.12%, 2, 0, 6, 461.41, 397136, 204, 6, 0
908, 1, 51, 361, 147, 0, 50.12%, 2, 0, 6, 430.76, 399263, 204, 6, 0
913, 1, 215, 362, 143, 0, 50.12%, 2, 0, 6, 431.14, 401519, 204, 6, 0
918, 1, 328, 362, 139, 0, 50.12%, 2, 0, 6, 447.27, 403790, 204, 6, 0
923, 1, 197, 362, 135, 0, 50.12%, 2, 0, 6, 425.35, 405895, 204, 6, 0
928, 1, 311, 362, 129, 0, 50.12%, 2, 0, 6, 468.42, 408284, 204, 6, 0
933, 1, 195, 362, 127, 0, 50.12%, 2, 0, 6, 449.02, 410607, 204, 6, 0
938, 1, 262, 362, 124, 0, 50.12%, 2, 0, 6, 448.77, 412837, 204, 6, 0
943, 1, 226, 362, 121, 0, 50.12%, 2, 0, 6, 450.43, 415198, 204, 6, 0
948, 1, 358, 362, 119, 0, 50.12%, 2, 0, 6, 456.62, 417465, 204, 6, 0
953, 1, 270, 362, 116, 0, 50.12%, 2, 0, 6, 476.16, 419850, 204, 6, 0
958, 1, 149, 362, 113, 0, 50.12%, 2, 0, 6, 475.07, 422194, 204, 6, 0
964, 1, 181, 362, 111, 0, 50.12%, 2, 0, 6, 450.98, 424428, 204, 6, 0
969, 1, 161, 362, 108, 0, 50.12%, 2, 0, 6, 482.52, 426862, 204, 6, 0
974, 1, 199, 363, 107, 0, 50.12%, 2, 0, 6, 466.47, 429276, 204, 6, 0
979, 1, 284, 363, 105, 0, 50.12%, 2, 0, 6, 447.70, 431505, 204, 6, 0
984, 1, 363, 365, 105, 1, 50.37%, 2, 0, 6, 466.42, 433896, 205, 6, 0
989, 1, 150, 366, 102, 0, 50.37%, 2, 0, 6, 451.23, 436141, 205, 6, 0
994, 1, 240, 366, 99, 0, 50.37%, 2, 0, 6, 453.31, 438418, 205, 6, 0
999, 1, 95, 366, 96, 0, 50.37%, 2, 0, 6, 441.02, 440663, 205, 6, 0
1004, 1, 275, 366, 92, 0, 50.37%, 2, 0, 6, 451.35, 442938, 205, 6, 0
1009, 1, 244, 366, 89, 0, 50.37%, 2, 0, 6, 447.45, 445248, 205, 6, 0
1014, 1, 142, 366, 87, 0, 50.37%, 2, 0, 6, 443.39, 447553, 205, 6, 0
1020, 1, 214, 366, 82, 0, 50.37%, 2, 0, 6, 453.39, 449879, 205, 6, 0
1025, 1, 88, 366, 80, 0, 50.37%, 2, 0, 6, 453.55, 452176, 205, 6, 0
1030, 1, 173, 366, 78, 0, 50.37%, 2, 0, 6, 465.62, 454518, 205, 6, 0
1035, 1, 171, 367, 76, 0, 50.37%, 2, 0, 6, 424.77, 456632, 205, 6, 0
1040, 1, 212, 368, 75, 0, 50.37%, 2, 0, 6, 461.44, 458992, 205, 6, 0
1045, 1, 324, 368, 73, 0, 50.37%, 2, 0, 6, 456.00, 461296, 205, 6, 0
1050, 1, 119, 369, 71, 0, 50.37%, 2, 0, 6, 436.72, 463423, 205, 6, 0
1055, 1, 126, 369, 70, 0, 50.37%, 2, 0, 6, 454.10, 465607, 205, 6, 0
1060, 1, 282, 369, 67, 0, 50.37%, 2, 0, 6, 426.51, 467777, 205, 6, 0
1065, 1, 249, 369, 66, 0, 50.37%, 2, 0, 6, 438.46, 469960, 205, 6, 0
1070, 1, 22, 369, 64, 0, 50.37%, 2, 0, 6, 440.90, 472199, 205, 6, 0
1075, 1, 310, 369, 62, 0, 50.37%, 2, 0, 6, 445.32, 474442, 205, 6, 0
1080, 1, 302, 370, 61, 0, 50.37%, 2, 0, 6, 421.09, 476530, 205, 6, 0
1085, 1, 276, 370, 59, 0, 50.37%, 2, 0, 6, 429.96, 478674, 205, 6, 0
1090, 1, 145, 370, 58, 0, 50.37%, 2, 0, 6, 427.90, 480850, 205, 6, 0
1095, 1, 269, 370, 56, 0, 50.37%, 2, 0, 6, 462.99, 483185, 205, 6, 0
1100, 1, 335, 370, 55, 0, 50.37%, 2, 0, 6, 461.01, 485529, 205, 6, 0
1105, 1, 258, 370, 53, 0, 50.37%, 2, 0, 6, 428.33, 487695, 205, 6, 0
1111, 1, 209, 370, 51, 0, 50.37%, 2, 0, 6, 427.31, 489893, 205, 6, 0
1116, 1, 189, 370, 48, 0, 50.37%, 2, 0, 6, 406.68, 491954, 205, 6, 0
1121, 1, 370, 371, 48, 1, 50.61%, 2, 0, 6, 434.41, 494231, 206, 6, 0
1126, 1, 312, 371, 45, 0, 50.61%, 2, 0, 6, 428.46, 496400, 206, 6, 0
1131, 1, 163, 371, 43, 0, 50.61%, 2, 0, 6, 448.24, 498659, 206, 6, 0
1136, 1, 112, 371, 41, 0, 50.61%, 2, 0, 6, 432.65, 500915, 206, 6, 0
1141, 1, 159, 371, 40, 0, 50.61%, 2, 0, 6, 440.84, 503193, 206, 6, 0
1146, 1, 370, 371, 39, 0, 50.61%, 2, 0, 6, 442.48, 505460, 206, 6, 0
1151, 1, 356, 371, 38, 0, 50.61%, 2, 0, 6, 460.16, 507829, 206, 6, 0
1156, 1, 320, 371, 35, 0, 50.61%, 2, 0, 6, 476.12, 510328, 206, 6, 0
1162, 1, 132, 371, 33, 0, 50.61%, 2, 0, 6, 450.41, 512653, 206, 6, 0
1167, 1, 352, 371, 32, 0, 50.61%, 2, 0, 6, 417.05, 514765, 206, 6, 0
1172, 1, 311, 371, 30, 0, 50.61%, 2, 0, 6, 434.34, 516974, 206, 6, 0
1177, 2, 400, 413, 70, 11, 52.83%, 2, 0, 6, 458.91, 519296, 215, 6, 0
1182, 2, 386, 413, 68, 9, 52.83%, 2, 0, 6, 452.60, 521574, 215, 6, 0
1187, 2, 399, 413, 66, 7, 52.83%, 2, 0, 6, 430.23, 523724, 215, 6, 0
1192, 2, 388, 413, 65, 6, 52.83%, 2, 0, 6, 478.13, 526212, 215, 6, 0
1197, 2, 394, 413, 63, 4, 52.83%, 2, 0, 6, 442.16, 528366, 215, 6, 0
1202, 2, 373, 413, 60, 1, 52.83%, 2, 0, 6, 447.28, 530530, 215, 6, 0
1207, 2, 403, 413, 58, 0, 52.83%, 2, 0, 6, 462.36, 532866, 215, 6, 0
1212, 2, 395, 413, 55, 0, 52.83%, 2, 0, 6, 451.50, 535095, 215, 6, 0
1217, 2, 404, 413, 53, 0, 52.83%, 2, 0, 6, 452.84, 537392, 215, 6, 0
1222, 2, 398, 413, 48, 0, 52.83%, 2, 0, 6, 459.58, 539717, 215, 6, 0
1227, 2, 272, 413, 46, 0, 52.83%, 2, 0, 6, 445.20, 541994, 215, 6, 0
1232, 2, 374, 413, 44, 0, 52.83%, 2, 0, 6, 460.97, 544356, 215, 6, 0
1237, 2, 314, 413, 41, 0, 52.83%, 2, 0, 6, 450.47, 546638, 215, 6, 0
1243, 2, 319, 413, 40, 0, 52.83%, 2, 0, 6, 426.02, 548765, 215, 6, 0
1248, 2, 315, 413, 38, 0, 52.83%, 2, 0, 6, 434.92, 550980, 215, 6, 0
1253, 2, 56, 413, 37, 0, 52.83%, 2, 0, 6, 421.63, 553150, 215, 6, 0
1258, 2, 317, 413, 34, 0, 52.83%, 2, 0, 6, 455.71, 555487, 215, 6, 0
1263, 2, 192, 413, 32, 0, 52.83%, 2, 0, 6, 445.40, 557708, 215, 6, 0
1268, 2, 363, 413, 30, 0, 52.83%, 2, 0, 6, 454.12, 559992, 215, 6, 0
1273, 2, 384, 413, 29, 0, 52.83%, 2, 0, 6, 446.00, 562222, 215, 6, 0
1278, 2, 380, 413, 28, 0, 52.83%, 2, 0, 6, 419.45, 564330, 215, 6, 0
1283, 2, 396, 413, 26, 0, 52.83%, 2, 0, 6, 445.76, 566579, 215, 6, 0
1288, 2, 261, 413, 24, 0, 52.83%, 2, 0, 6, 423.86, 568704, 215, 6, 0
1293, 2, 308, 413, 22, 0, 52.83%, 2, 0, 6, 430.66, 570903, 215, 6, 0
1298, 2, 398, 413, 20, 0, 52.83%, 2, 0, 6, 452.18, 573182, 215, 6, 0
1303, 2, 401, 413, 19, 0, 52.83%, 2, 0, 6, 456.85, 575466, 215, 6, 0
1308, 2, 392, 413, 18, 0, 52.83%, 2, 0, 6, 446.15, 577719, 215, 6, 0
1313, 2, 364, 413, 17, 0, 52.83%, 2, 0, 6, 431.17, 579894, 215, 6, 0
1318, 2, 359, 413, 16, 0, 52.83%, 2, 0, 6, 433.12, 582071, 215, 6, 0
1323, 2, 367, 413, 14, 0, 52.83%, 2, 0, 6, 423.55, 584226, 215, 6, 0
1328, 2, 406, 413, 12, 0, 52.83%, 2, 0, 6, 433.48, 586431, 215, 6, 0
1333, 2, 32, 413, 11, 0, 52.83%, 2, 0, 6, 463.43, 588762, 215, 6, 0
1339, 2, 348, 413, 9, 0, 52.83%, 2, 0, 6, 448.00, 591017, 215, 6, 0
1344, 2, 277, 413, 9, 0, 52.83%, 2, 0, 6, 444.17, 593263, 215, 6, 0
1349, 2, 214, 413, 8, 0, 52.83%, 2, 0, 6, 442.08, 595471, 215, 6, 0
1354, 2, 363, 413, 7, 0, 52.83%, 2, 0, 6, 443.26, 597752, 215, 6, 0
1359, 2, 103, 413, 7, 0, 52.83%, 2, 0, 6, 456.96, 600098, 215, 6, 0
1364, 2, 363, 413, 7, 0, 52.83%, 2, 0, 6, 449.11, 602307, 215, 6, 0
1369, 2, 19, 413, 7, 0, 52.83%, 2, 0, 6, 428.53, 604397, 215, 6, 0
1374, 2, 407, 413, 6, 0, 52.83%, 2, 0, 6, 430.90, 606594, 215, 6, 0
1379, 2, 167, 413, 5, 0, 52.83%, 2, 0, 6, 431.63, 608744, 215, 6, 0
1384, 2, 221, 413, 5, 0, 52.83%, 2, 0, 6, 446.34, 611019, 215, 6, 0
1389, 2, 373, 413, 5, 0, 52.83%, 2, 0, 6, 444.31, 613412, 215, 6, 0
1394, 3, 438, 443, 35, 8, 58.23%, 2, 0, 6, 436.45, 615607, 237, 6, 0
1399, 3, 438, 456, 48, 8, 58.23%, 2, 0, 6, 428.94, 617689, 237, 6, 0
1404, 3, 415, 456, 46, 6, 58.23%, 2, 0, 6, 435.92, 620023, 237, 6, 0
1409, 3, 426, 456, 45, 5, 58.23%, 2, 0, 6, 408.15, 622007, 237, 6, 0
1415, 3, 433, 465, 53, 4, 58.23%, 2, 0, 6, 435.26, 624215, 237, 6, 0
1420, 3, 437, 466, 53, 3, 58.23%, 2, 0, 6, 418.27, 626230, 237, 6, 0
1425, 3, 436, 466, 51, 1, 58.23%, 2, 0, 6, 413.27, 628267, 237, 6, 0
1430, 3, 450, 466, 49, 0, 58.23%, 2, 0, 6, 448.34, 630525, 237, 6, 0
1435, 3, 440, 470, 51, 0, 58.23%, 2, 0, 6, 444.83, 632730, 237, 6, 0
1440, 3, 467, 470, 49, 0, 58.23%, 2, 0, 6, 450.56, 634968, 237, 6, 0
1445, 3, 429, 470, 48, 0, 58.23%, 2, 0, 6, 445.36, 637182, 237, 6, 0
1450, 3, 452, 470, 46, 0, 58.23%, 2, 0, 6, 451.00, 639480, 237, 6, 0
1455, 3, 465, 471, 45, 0, 58.23%, 2, 0, 6, 430.95, 641665, 237, 6, 0
1460, 3, 415, 471, 43, 0, 58.23%, 2, 0, 6, 460.66, 644012, 237, 6, 0
1465, 3, 363, 471, 42, 0, 58.23%, 2, 0, 6, 468.43, 646364, 237, 6, 0
1470, 3, 441, 471, 41, 0, 58.23%, 2, 0, 6, 447.14, 648605, 237, 6, 0
1475, 3, 444, 471, 39, 0, 58.23%, 2, 0, 6, 457.58, 650902, 237, 6, 0
1480, 3, 463, 471, 37, 0, 58.23%, 2, 0, 6, 463.68, 653219, 237, 6, 0
1485, 3, 424, 471, 36, 0, 58.23%, 2, 0, 6, 438.39, 655333, 237, 6, 0
1490, 3, 108, 471, 35, 0, 58.23%, 2, 0, 6, 424.70, 657546, 237, 6, 0
1496, 3, 461, 471, 34, 0, 58.23%, 2, 0, 6, 399.71, 659607, 237, 6, 0
1501, 3, 417, 471, 33, 0, 58.23%, 2, 0, 6, 444.09, 661846, 237, 6, 0
1506, 3, 439, 471, 32, 0, 58.23%, 2, 0, 6, 446.48, 664172, 237, 6, 0
1511, 3, 364, 471, 30, 0, 58.23%, 2, 0, 6, 446.17, 666457, 237, 6, 0
1516, 3, 470, 471, 28, 0, 58.23%, 2, 0, 6, 456.54, 668705, 237, 6, 0
1521, 3, 192, 471, 26, 0, 58.23%, 2, 0, 6, 459.83, 671015, 237, 6, 0
1526, 3, 449, 471, 25, 0, 58.23%, 2, 0, 6, 433.04, 673260, 237, 6, 0
1531, 3, 153, 473, 25, 0, 58.23%, 2, 0, 6, 447.21, 675527, 237, 6, 0
1536, 3, 416, 473, 24, 0, 58.23%, 2, 0, 6, 445.61, 677807, 237, 6, 0
1541, 3, 431, 473, 22, 0, 58.23%, 2, 0, 6, 432.56, 680017, 237, 6, 0
1546, 3, 447, 473, 20, 0, 58.23%, 2, 0, 6, 428.38, 682219, 237, 6, 0
1551, 3, 469, 473, 19, 0, 58.23%, 2, 0, 6, 459.92, 684567, 237, 6, 0
1556, 3, 421, 473, 18, 0, 58.23%, 2, 0, 6, 428.59, 686738, 237, 6, 0
1561, 3, 42, 473, 17, 0, 58.23%, 2, 0, 6, 445.56, 688983, 237, 6, 0
1566, 3, 365, 473, 17, 0, 58.23%, 3, 0, 6, 430.01, 691127, 237, 10, 0
1571, 3, 214, 473, 16, 0, 58.23%, 3, 0, 6, 441.26, 693421, 237, 10, 0
1576, 3, 364, 473, 15, 0, 58.23%, 3, 0, 6, 443.23, 695711, 237, 10, 0
1582, 3, 453, 473, 15, 0, 58.23%, 3, 0, 6, 421.52, 697790, 237, 10, 0
1587, 3, 383, 473, 13, 0, 58.23%, 3, 0, 6, 455.42, 700163, 237, 10, 0
1592, 3, 422, 473, 13, 0, 58.23%, 3, 0, 6, 475.80, 702576, 237, 10, 0
1597, 3, 141, 474, 13, 0, 58.23%, 3, 0, 6, 459.78, 704878, 237, 10, 0
1602, 3, 471, 474, 13, 0, 58.23%, 3, 0, 6, 447.85, 707074, 237, 10, 0
1607, 3, 437, 474, 12, 0, 58.23%, 3, 0, 6, 433.94, 709304, 237, 10, 0
1612, 3, 432, 474, 11, 0, 58.23%, 3, 0, 6, 433.43, 711609, 237, 10, 0
1617, 3, 67, 474, 10, 0, 58.23%, 3, 0, 6, 436.00, 713812, 237, 10, 0
1622, 3, 425, 474, 10, 0, 58.23%, 3, 0, 6, 432.51, 716027, 237, 10, 0
1628, 3, 191, 474, 9, 0, 58.23%, 3, 0, 6, 436.78, 718259, 237, 10, 0
1633, 3, 327, 474, 9, 0, 58.23%, 3, 0, 6, 437.58, 720442, 237, 10, 0
1638, 3, 443, 474, 9, 0, 58.23%, 3, 0, 6, 443.49, 722658, 237, 10, 0
1643, 3, 132, 474, 7, 0, 58.23%, 3, 0, 6, 470.29, 725063, 237, 10, 0
1648, 3, 327, 474, 7, 0, 58.23%, 3, 0, 6, 459.54, 727392, 237, 10, 0
1653, 3, 232, 474, 7, 0, 58.23%, 3, 0, 6, 431.75, 729625, 237, 10, 0
1658, 4, 475, 483, 16, 3, 60.20%, 3, 0, 6, 455.33, 731942, 245, 10, 0
1663, 4, 475, 483, 16, 3, 60.20%, 3, 0, 6, 451.07, 734196, 245, 10, 0
1668, 4, 481, 483, 15, 2, 60.20%, 3, 0, 6, 424.59, 736426, 245, 10, 0
1673, 4, 108, 483, 12, 0, 60.20%, 3, 0, 6, 417.36, 738512, 245, 10, 0
1678, 4, 468, 483, 12, 0, 60.20%, 3, 0, 6, 400.46, 740585, 245, 10, 0
1683, 4, 82, 483, 11, 0, 60.20%, 3, 0, 6, 424.91, 742737, 245, 10, 0
1689, 4, 419, 483, 11, 0, 60.20%, 3, 0, 6, 417.39, 744931, 245, 10, 0
1694, 4, 476, 483, 9, 0, 60.20%, 3, 0, 6, 429.17, 747123, 245, 10, 0
1699, 4, 437, 483, 8, 0, 60.20%, 3, 0, 6, 452.36, 749493, 245, 10, 0
1704, 4, 428, 483, 8, 0, 60.20%, 3, 0, 6, 434.83, 751607, 245, 10, 0
1709, 4, 423, 483, 7, 0, 60.20%, 3, 0, 6, 441.28, 753851, 245, 10, 0
1714, 4, 426, 483, 7, 0, 60.20%, 3, 0, 6, 423.92, 756018, 245, 10, 0
1719, 4, 187, 483, 6, 0, 60.20%, 3, 0, 6, 431.01, 758173, 245, 10, 0
1724, 4, 433, 483, 6, 0, 60.20%, 3, 0, 6, 404.98, 760221, 245, 10, 0
1729, 4, 258, 483, 6, 0, 60.20%, 3, 0, 6, 437.76, 762429, 245, 10, 0
1734, 4, 175, 483, 6, 0, 60.20%, 3, 0, 6, 459.58, 764728, 245, 10, 0
1739, 4, 380, 483, 6, 0, 60.20%, 3, 0, 6, 454.15, 767058, 245, 10, 0
1745, 4, 363, 483, 6, 0, 60.20%, 3, 0, 6, 454.04, 769359, 245, 10, 0
1750, 4, 364, 483, 6, 0, 60.20%, 3, 0, 6, 431.77, 771524, 245, 10, 0
1755, 4, 372, 483, 6, 0, 60.20%, 3, 0, 6, 442.16, 773716, 245, 10, 0
1760, 4, 480, 483, 6, 0, 60.20%, 4, 0, 6, 435.96, 775897, 245, 11, 0
1765, 4, 226, 483, 5, 0, 60.20%, 4, 0, 6, 457.26, 778194, 245, 11, 0
1770, 4, 445, 483, 4, 0, 60.20%, 4, 0, 6, 437.05, 780416, 245, 12, 0
1775, 4, 78, 483, 3, 0, 60.20%, 4, 0, 6, 445.17, 782779, 245, 12, 0
1780, 4, 472, 483, 3, 0, 60.20%, 4, 0, 6, 456.89, 785034, 245, 12, 0
1785, 4, 423, 483, 3, 0, 60.20%, 4, 0, 6, 430.93, 787189, 245, 12, 0
1790, 4, 234, 483, 3, 0, 60.20%, 4, 0, 6, 427.71, 789343, 245, 12, 0
1795, 4, 420, 483, 3, 0, 60.20%, 4, 0, 6, 437.94, 791586, 245, 12, 0
1800, 4, 214, 483, 3, 0, 60.20%, 4, 0, 6, 424.85, 793727, 245, 12, 0
