# relative_time, cycles_done, cur_item, corpus_count, pending_total, pending_favs, map_size, saved_crashes, saved_hangs, max_depth, execs_per_sec, total_execs, edges_found, total_crashes, servers_count
60, 0, 9, 97, 92, 5, 31.94%, 0, 0, 2, 490.81, 29314, 130, 0, 0
65, 0, 9, 100, 95, 5, 31.94%, 0, 0, 2, 549.40, 32098, 130, 0, 0
70, 0, 9, 101, 96, 5, 31.94%, 0, 0, 2, 509.94, 34587, 130, 0, 0
76, 0, 9, 101, 96, 5, 31.94%, 0, 0, 2, 467.30, 36911, 130, 0, 0
81, 0, 9, 101, 96, 5, 31.94%, 0, 0, 2, 471.65, 39269, 130, 0, 0
86, 0, 9, 103, 98, 5, 31.94%, 0, 0, 2, 464.69, 41587, 130, 0, 0
91, 0, 9, 105, 100, 5, 31.94%, 0, 0, 2, 450.19, 43842, 130, 0, 0
96, 0, 9, 106, 101, 5, 31.94%, 0, 0, 2, 441.53, 46216, 130, 0, 0
101, 0, 9, 106, 101, 5, 31.94%, 0, 0, 2, 431.28, 48344, 130, 0, 0
106, 0, 9, 108, 103, 5, 31.94%, 0, 0, 2, 471.81, 50874, 130, 0, 0
111, 0, 9, 110, 105, 5, 31.94%, 0, 0, 2, 435.49, 53028, 130, 0, 0
117, 0, 13, 130, 121, 26, 36.61%, 0, 0, 3, 436.92, 55288, 149, 0, 0
122, 0, 102, 131, 117, 21, 36.61%, 0, 0, 3, 422.35, 57384, 149, 0, 0
127, 0, 102, 135, 121, 21, 37.35%, 0, 0, 3, 423.65, 59536, 152, 0, 0
132, 0, 102, 140, 126, 21, 37.35%, 0, 0, 3, 429.43, 61716, 152, 0, 0
137, 0, 102, 141, 127, 21, 37.35%, 0, 0, 3, 412.04, 63795, 152, 0, 0
142, 0, 102, 142, 128, 21, 37.35%, 0, 0, 3, 444.16, 66183, 152, 0, 0
147, 0, 102, 145, 131, 21, 37.35%, 0, 0, 3, 452.16, 68495, 152, 0, 0
152, 0, 102, 146, 132, 21, 37.35%, 0, 0, 3, 450.27, 70756, 152, 0, 0
157, 0, 102, 147, 133, 21, 37.35%, 0, 0, 3, 436.58, 73013, 152, 0, 0
162, 0, 102, 147, 133, 21, 37.35%, 0, 0, 3, 437.26, 75189, 152, 0, 0
167, 0, 102, 147, 133, 21, 37.35%, 0, 0, 3, 436.15, 77405, 152, 0, 0
172, 0, 102, 147, 133, 21, 37.35%, 0, 0, 3, 430.00, 79605, 152, 0, 0
177, 0, 102, 148, 134, 21, 37.35%, 0, 0, 3, 436.23, 81828, 152, 0, 0
182, 0, 102, 149, 135, 21, 37.59%, 0, 0, 3, 402.44, 83867, 153, 0, 0
188, 0, 102, 149, 135, 21, 37.59%, 0, 0, 3, 431.55, 86091, 153, 0, 0
193, 0, 102, 149, 135, 21, 37.59%, 0, 0, 3, 419.02, 88195, 153, 0, 0
198, 0, 102, 149, 135, 21, 37.59%, 0, 0, 3, 419.63, 90411, 153, 0, 0
203, 0, 102, 150, 136, 21, 37.59%, 0, 0, 3, 388.90, 92387, 153, 0, 0
208, 0, 102, 150, 136, 21, 37.59%, 0, 0, 3, 385.42, 94452, 153, 0, 0
213, 0, 102, 150, 136, 21, 37.59%, 0, 0, 3, 388.83, 96433, 153, 0, 0
218, 0, 102, 150, 136, 21, 37.59%, 0, 0, 3, 417.31, 98698, 153, 0, 0
223, 0, 102, 150, 136, 21, 37.59%, 0, 0, 3, 408.91, 100794, 153, 0, 0
229, 0, 102, 150, 136, 21, 37.59%, 0, 0, 3, 409.03, 102930, 153, 0, 0
234, 0, 102, 150, 136, 21, 37.59%, 0, 0, 3, 424.27, 105082, 153, 0, 0
239, 0, 102, 150, 136, 21, 37.59%, 0, 0, 3, 430.52, 107234, 153, 0, 0
244, 0, 114, 151, 136, 23, 37.59%, 0, 0, 3, 423.17, 109417, 153, 0, 0
249, 0, 114, 153, 138, 23, 39.31%, 0, 0, 3, 433.97, 111570, 160, 0, 0
254, 0, 151, 161, 145, 27, 43.00%, 0, 0, 3, 420.33, 113712, 175, 0, 0
259, 0, 82, 163, 144, 25, 43.24%, 0, 0, 3, 448.66, 115965, 176, 0, 0
264, 0, 82, 167, 148, 25, 43.24%, 0, 0, 3, 424.34, 118096, 176, 0, 0
269, 0, 82, 171, 152, 25, 43.24%, 0, 0, 3, 416.99, 120212, 176, 0, 0
274, 0, 82, 172, 153, 25, 43.24%, 0, 0, 3, 394.00, 122178, 176, 0, 0
279, 0, 82, 172, 153, 25, 43.24%, 0, 0, 3, 422.66, 124371, 176, 0, 0
284, 0, 82, 173, 154, 25, 43.24%, 0, 0, 3, 442.10, 126546, 176, 0, 0
289, 0, 82, 173, 154, 25, 43.24%, 0, 0, 3, 433.46, 128738, 176, 0, 0
295, 0, 82, 174, 155, 25, 43.24%, 0, 0, 3, 454.05, 131073, 176, 0, 0
300, 0, 82, 174, 155, 25, 43.24%, 0, 0, 3, 418.85, 133137, 176, 0, 0
305, 0, 82, 174, 155, 25, 43.24%, 0, 0, 3, 453.30, 135431, 176, 0, 0
310, 0, 82, 176, 157, 25, 43.24%, 0, 0, 3, 451.75, 137740, 176, 0, 0
315, 0, 82, 177, 158, 25, 43.24%, 0, 0, 3, 459.73, 140069, 176, 0, 0
320, 0, 82, 178, 159, 25, 43.24%, 0, 0, 3, 439.67, 142221, 176, 0, 0
325, 0, 82, 178, 159, 25, 43.24%, 0, 0, 3, 442.97, 144429, 176, 0, 0
330, 0, 82, 178, 159, 25, 43.24%, 0, 0, 3, 437.56, 146661, 176, 0, 0
335, 0, 82, 179, 160, 25, 43.24%, 0, 0, 3, 428.61, 148844, 176, 0, 0
340, 0, 82, 181, 162, 25, 43.24%, 0, 0, 3, 461.09, 151149, 176, 0, 0
345, 0, 82, 181, 162, 25, 43.24%, 0, 0, 3, 450.65, 153372, 176, 0, 0
350, 0, 157, 181, 161, 25, 43.24%, 0, 0, 3, 483.85, 155727, 176, 0, 0
355, 0, 181, 182, 159, 23, 43.24%, 0, 0, 3, 474.64, 158226, 176, 0, 0
360, 0, 159, 183, 156, 19, 43.24%, 0, 0, 4, 507.77, 160728, 176, 0, 0
365, 0, 159, 192, 165, 19, 43.24%, 0, 0, 4, 498.15, 163284, 176, 0, 0
370, 0, 38, 192, 163, 18, 43.24%, 0, 0, 4, 452.45, 165493, 176, 0, 0
375, 0, 193, 199, 168, 20, 45.45%, 0, 0, 4, 449.77, 167791, 185, 0, 0
381, 0, 0, 204, 172, 21, 46.19%, 1, 0, 4, 423.05, 169893, 188, 1, 0
386, 0, 107, 204, 169, 18, 46.19%, 1, 0, 4, 413.67, 171967, 188, 1, 0
391, 0, 196, 206, 169, 16, 46.19%, 1, 0, 4, 444.21, 174244, 188, 1, 0
396, 0, 196, 211, 174, 16, 46.19%, 2, 0, 4, 430.46, 176499, 188, 2, 0
401, 0, 15, 211, 169, 12, 46.19%, 2, 0, 4, 434.85, 178732, 188, 2, 0
406, 0, 127, 213, 169, 10, 46.19%, 2, 0, 4, 434.24, 180971, 188, 2, 0
411, 0, 127, 217, 173, 10, 46.19%, 2, 0, 4, 385.23, 182887, 188, 2, 0
416, 0, 127, 218, 174, 10, 46.19%, 2, 0, 4, 379.74, 184805, 188, 2, 0
421, 0, 127, 218, 174, 10, 46.19%, 2, 0, 4, 406.26, 186894, 188, 2, 0
426, 0, 127, 218, 174, 10, 46.19%, 2, 0, 4, 397.53, 188865, 188, 2, 0
431, 0, 32, 218, 172, 8, 46.19%, 2, 0, 4, 400.06, 190901, 188, 2, 0
436, 0, 175, 226, 179, 7, 46.19%, 2, 0, 4, 443.22, 193119, 188, 2, 0
441, 0, 175, 227, 180, 7, 46.19%, 2, 0, 4, 479.31, 195559, 188, 2, 0
446, 0, 223, 227, 179, 7, 46.19%, 2, 0, 4, 422.08, 197705, 188, 2, 0
451, 0, 209, 229, 179, 5, 46.19%, 2, 0, 4, 425.56, 199852, 188, 2, 0
457, 0, 228, 236, 185, 5, 46.19%, 2, 0, 5, 416.86, 201987, 188, 2, 0
462, 0, 228, 237, 186, 5, 46.19%, 2, 0, 5, 441.20, 204210, 188, 2, 0
467, 0, 228, 238, 187, 5, 46.19%, 2, 0, 5, 423.01, 206361, 188, 2, 0
472, 0, 228, 240, 189, 5, 46.19%, 2, 0, 5, 450.59, 208639, 188, 2, 0
477, 0, 228, 240, 189, 5, 46.19%, 2, 0, 5, 421.73, 210855, 188, 2, 0
482, 0, 228, 242, 191, 5, 46.19%, 2, 0, 5, 421.83, 213085, 188, 2, 0
487, 0, 125, 245, 192, 4, 46.19%, 2, 0, 6, 433.56, 215433, 188, 2, 0
492, 0, 195, 246, 191, 2, 46.19%, 2, 0, 6, 459.08, 217834, 188, 2, 0
497, 0, 206, 246, 188, 1, 46.19%, 2, 0, 6, 440.49, 220107, 188, 2, 0
502, 0, 247, 248, 188, 1, 46.44%, 2, 0, 6, 465.83, 222469, 189, 2, 0
508, 0, 223, 251, 187, 0, 46.68%, 2, 0, 6, 482.06, 224922, 190, 2, 0
513, 0, 223, 253, 189, 0, 46.68%, 2, 0, 6, 413.93, 226977, 190, 2, 0
518, 0, 193, 253, 189, 0, 46.68%, 2, 0, 6, 403.55, 229056, 190, 2, 0
523, 0, 185, 253, 186, 0, 46.68%, 2, 0, 6, 419.55, 231281, 190, 2, 0
528, 0, 247, 254, 185, 0, 46.93%, 2, 0, 6, 427.76, 233428, 191, 2, 0
533, 0, 253, 256, 185, 0, 46.93%, 2, 0, 6, 417.21, 235530, 191, 2, 0
538, 0, 190, 256, 184, 0, 46.93%, 2, 0, 6, 413.59, 237608, 191, 2, 0
543, 0, 21, 256, 183, 0, 46.93%, 2, 0, 6, 424.67, 239811, 191, 2, 0
548, 0, 157, 258, 181, 0, 46.93%, 2, 0, 6, 438.90, 242117, 191, 2, 0
553, 0, 10, 259, 182, 0, 46.93%, 3, 0, 6, 416.09, 244108, 191, 3, 0
558, 0, 132, 259, 181, 0, 46.93%, 3, 0, 6, 394.59, 246078, 191, 3, 0
564, 0, 223, 259, 179, 0, 46.93%, 3, 0, 6, 420.85, 248192, 191, 3, 0
569, 0, 208, 260, 177, 0, 46.93%, 3, 0, 6, 435.77, 250396, 191, 3, 0
574, 0, 26, 261, 176, 0, 46.93%, 3, 0, 6, 435.27, 252543, 191, 3, 0
579, 0, 216, 261, 173, 0, 46.93%, 3, 0, 6, 438.78, 254788, 191, 3, 0
584, 0, 113, 262, 171, 0, 46.93%, 3, 0, 6, 428.14, 256926, 191, 3, 0
589, 0, 191, 262, 167, 0, 46.93%, 3, 0, 6, 417.59, 259105, 191, 3, 0
594, 0, 118, 262, 166, 0, 46.93%, 3, 0, 6, 418.40, 261177, 191, 3, 0
599, 0, 233, 263, 165, 0, 46.93%, 3, 0, 6, 441.03, 263402, 191, 3, 0
604, 0, 212, 263, 164, 0, 46.93%, 3, 0, 6, 382.31, 265250, 191, 3, 0
609, 0, 223, 264, 162, 0, 46.93%, 3, 0, 6, 418.65, 267386, 191, 3, 0
614, 0, 156, 264, 160, 0, 46.93%, 3, 0, 6, 397.67, 269362, 191, 3, 0
619, 0, 66, 265, 159, 0, 47.17%, 3, 0, 6, 435.18, 271578, 192, 3, 0
624, 0, 227, 265, 157, 0, 47.17%, 3, 0, 6, 436.16, 273770, 192, 3, 0
630, 0, 263, 266, 156, 0, 47.17%, 3, 0, 6, 426.62, 275888, 192, 3, 0
635, 0, 263, 270, 160, 0, 47.17%, 3, 0, 6, 439.08, 278196, 192, 3, 0
640, 0, 263, 272, 162, 0, 47.67%, 3, 0, 6, 428.59, 280386, 194, 3, 0
645, 0, 263, 274, 164, 0, 47.67%, 3, 0, 6, 438.95, 282592, 194, 3, 0
650, 0, 263, 274, 164, 0, 47.67%, 3, 0, 6, 408.29, 284624, 194, 3, 0
655, 0, 270, 274, 163, 1, 47.67%, 3, 0, 6, 455.09, 286933, 194, 3, 0
660, 0, 271, 274, 161, 0, 47.67%, 3, 0, 6, 459.84, 289276, 194, 3, 0
665, 0, 121, 274, 159, 0, 47.67%, 3, 0, 6, 433.83, 291493, 194, 3, 0
670, 0, 258, 274, 157, 0, 47.67%, 3, 0, 6, 414.20, 293581, 194, 3, 0
675, 0, 28, 274, 154, 0, 47.67%, 3, 0, 6, 417.48, 295724, 194, 3, 0
681, 0, 51, 275, 151, 0, 47.67%, 3, 0, 6, 441.77, 298024, 194, 3, 0
686, 1, 201, 275, 148, 0, 47.67%, 3, 0, 6, 414.82, 300236, 194, 3, 0
691, 1, 237, 277, 148, 0, 47.67%, 3, 0, 6, 442.14, 302507, 194, 3, 0
696, 1, 128, 277, 146, 0, 47.67%, 3, 0, 6, 430.16, 304596, 194, 3, 0
701, 1, 262, 277, 143, 0, 47.67%, 3, 0, 6, 407.79, 306672, 194, 3, 0
706, 1, 243, 279, 143, 0, 47.67%, 3, 0, 6, 416.71, 308751, 194, 3, 0
711, 1, 243, 280, 144, 0, 47.67%, 3, 0, 6, 420.71, 310862, 194, 3, 0
716, 1, 251, 280, 139, 0, 47.67%, 3, 0, 6, 431.18, 313035, 194, 3, 0
721, 1, 268, 280, 136, 0, 47.67%, 3, 0, 6, 409.85, 315064, 194, 3, 0
726, 1, 276, 282, 136, 0, 47.67%, 3, 0, 6, 433.55, 317308, 194, 3, 0
731, 1, 91, 282, 134, 0, 47.67%, 3, 0, 6, 440.66, 319500, 194, 3, 0
736, 1, 149, 283, 132, 0, 47.67%, 3, 0, 7, 448.57, 321676, 194, 3, 0
742, 1, 193, 285, 129, 0, 47.67%, 3, 0, 7, 429.48, 323829, 194, 3, 0
747, 1, 236, 285, 125, 0, 47.67%, 3, 0, 7, 427.08, 326001, 194, 3, 0
752, 1, 68, 285, 121, 0, 47.67%, 3, 0, 7, 404.44, 328130, 194, 3, 0
757, 1, 116, 285, 119, 0, 47.67%, 3, 0, 7, 449.07, 330429, 194, 3, 0
762, 1, 267, 285, 116, 0, 47.67%, 3, 0, 7, 427.93, 332649, 194, 3, 0
767, 1, 58, 285, 112, 0, 47.67%, 3, 0, 7, 424.84, 334810, 194, 3, 0
772, 1, 52, 285, 108, 0, 47.67%, 3, 0, 7, 435.62, 337144, 194, 3, 0
777, 1, 117, 285, 106, 0, 47.67%, 3, 0, 7, 414.19, 339228, 194, 3, 0
782, 1, 272, 285, 103, 0, 47.67%, 3, 0, 7, 445.95, 341512, 194, 3, 0
787, 1, 235, 286, 100, 0, 47.67%, 3, 0, 7, 421.05, 343599, 194, 3, 0
792, 1, 139, 287, 100, 0, 47.67%, 3, 0, 7, 455.19, 346005, 194, 3, 0
797, 1, 183, 287, 98, 0, 47.67%, 3, 0, 7, 425.21, 348102, 194, 3, 0
803, 1, 284, 287, 96, 0, 47.67%, 3, 0, 7, 421.64, 350303, 194, 3, 0
808, 1, 265, 287, 93, 0, 47.67%, 3, 0, 7, 445.60, 352520, 194, 3, 0
813, 1, 157, 289, 93, 0, 47.67%, 3, 0, 7, 455.51, 354810, 194, 3, 0
818, 1, 281, 289, 90, 0, 47.67%, 3, 0, 7, 471.72, 357247, 194, 3, 0
823, 1, 264, 289, 86, 0, 47.67%, 3, 0, 7, 416.22, 359392, 194, 3, 0
828, 1, 109, 289, 82, 0, 47.67%, 3, 0, 7, 418.68, 361549, 194, 3, 0
833, 1, 280, 290, 81, 0, 47.67%, 3, 0, 7, 462.94, 363963, 194, 3, 0
838, 1, 17, 291, 78, 0, 47.67%, 3, 0, 7, 413.02, 366047, 194, 3, 0
843, 1, 207, 291, 75, 0, 47.67%, 3, 0, 7, 485.06, 368479, 194, 3, 0
849, 1, 158, 291, 71, 0, 47.67%, 3, 0, 7, 441.21, 370683, 194, 3, 0
854, 1, 160, 291, 69, 0, 47.67%, 3, 0, 7, 445.37, 372905, 194, 3, 0
859, 1, 8, 291, 67, 0, 47.67%, 3, 0, 7, 437.41, 375184, 194, 3, 0
864, 1, 223, 292, 67, 0, 47.67%, 3, 0, 7, 415.35, 377258, 194, 3, 0
869, 1, 223, 292, 65, 0, 47.67%, 3, 0, 7, 428.90, 379431, 194, 3, 0
874, 1, 119, 292, 64, 0, 47.67%, 3, 0, 7, 445.97, 381754, 194, 3, 0
879, 1, 289, 292, 60, 0, 47.67%, 3, 0, 7, 428.79, 383930, 194, 3, 0
884, 1, 22, 292, 57, 0, 47.67%, 3, 0, 7, 425.41, 386157, 194, 3, 0
889, 1, 184, 293, 53, 0, 47.67%, 3, 0, 7, 433.30, 388329, 194, 3, 0
894, 1, 99, 293, 50, 0, 47.67%, 3, 0, 7, 445.26, 390609, 194, 3, 0
899, 1, 230, 293, 47, 0, 47.67%, 3, 0, 7, 415.55, 392606, 194, 3, 0
900, 1, 230, 293, 47, 0, 47.67%, 3, 0, 7, 415.15, 393036, 194, 3, 0
