# relative_time, cycles_done, cur_item, corpus_count, pending_total, pending_favs, map_size, saved_crashes, saved_hangs, max_depth, execs_per_sec, total_execs, edges_found, total_crashes, servers_count
60, 0, 9, 92, 87, 4, 30.96%, 0, 0, 2, 471.65, 28061, 126, 0, 0
65, 0, 9, 93, 88, 4, 30.96%, 0, 0, 2, 428.78, 30234, 126, 0, 0
70, 0, 9, 94, 89, 4, 30.96%, 0, 0, 2, 448.30, 32481, 126, 0, 0
76, 0, 9, 95, 90, 4, 30.96%, 0, 0, 2, 450.75, 34778, 126, 0, 0
81, 0, 9, 96, 91, 4, 30.96%, 0, 0, 2, 456.79, 37098, 126, 0, 0
86, 0, 9, 96, 91, 4, 30.96%, 0, 0, 2, 436.93, 39279, 126, 0, 0
91, 0, 9, 96, 91, 4, 30.96%, 0, 0, 2, 450.40, 41591, 126, 0, 0
96, 0, 9, 96, 91, 4, 30.96%, 0, 0, 2, 441.11, 43767, 126, 0, 0
101, 0, 9, 97, 92, 4, 30.96%, 0, 0, 2, 447.99, 46087, 126, 0, 0
106, 0, 9, 98, 93, 4, 30.96%, 0, 0, 2, 438.26, 48343, 126, 0, 0
111, 0, 9, 99, 94, 4, 30.96%, 0, 0, 2, 442.68, 50606, 126, 0, 0
116, 0, 9, 99, 94, 4, 30.96%, 0, 0, 2, 433.91, 52790, 126, 0, 0
121, 0, 10, 142, 136, 29, 38.08%, 0, 0, 3, 448.27, 55059, 155, 0, 0
126, 0, 115, 143, 128, 22, 38.33%, 0, 0, 3, 432.55, 57216, 156, 0, 0
131, 0, 115, 149, 134, 22, 39.07%, 1, 0, 3, 439.90, 59410, 159, 1, 0
136, 0, 140, 149, 132, 22, 39.07%, 1, 0, 3, 435.22, 61629, 159, 1, 0
141, 0, 138, 149, 129, 19, 39.07%, 1, 0, 3, 435.16, 63829, 159, 1, 0
146, 0, 138, 156, 136, 19, 39.07%, 1, 0, 3, 412.41, 65967, 159, 1, 0
152, 0, 138, 158, 138, 19, 39.07%, 1, 0, 3, 433.89, 68134, 159, 1, 0
157, 0, 138, 161, 141, 19, 39.07%, 1, 0, 3, 450.96, 70382, 159, 1, 0
162, 0, 138, 161, 141, 19, 39.07%, 1, 0, 3, 433.73, 72563, 159, 1, 0
167, 0, 138, 162, 142, 19, 39.07%, 1, 0, 3, 447.03, 74858, 159, 1, 0
172, 0, 138, 163, 143, 19, 39.07%, 1, 0, 3, 443.39, 77161, 159, 1, 0
177, 0, 138, 163, 143, 19, 39.07%, 1, 0, 3, 437.98, 79385, 159, 1, 0
182, 0, 138, 163, 143, 19, 39.07%, 1, 0, 3, 426.20, 81513, 159, 1, 0
187, 0, 138, 164, 144, 19, 39.07%, 1, 0, 3, 453.87, 83816, 159, 1, 0
192, 0, 138, 164, 144, 19, 39.07%, 1, 0, 3, 428.14, 86008, 159, 1, 0
197, 0, 138, 165, 145, 19, 39.07%, 1, 0, 3, 436.80, 88207, 159, 1, 0
202, 0, 138, 167, 147, 19, 39.07%, 1, 0, 3, 425.91, 90365, 159, 1, 0
207, 0, 138, 167, 147, 19, 39.07%, 1, 0, 3, 433.34, 92565, 159, 1, 0
212, 0, 102, 179, 158, 18, 39.07%, 1, 0, 3, 431.55, 94721, 159, 1, 0
217, 0, 107, 180, 157, 18, 39.56%, 1, 0, 3, 427.84, 96885, 161, 1, 0
222, 0, 31, 180, 155, 16, 39.56%, 1, 0, 3, 439.89, 99103, 161, 1, 0
228, 0, 25, 181, 152, 12, 39.56%, 1, 0, 3, 471.78, 101572, 161, 1, 0
233, 0, 120, 181, 151, 11, 39.56%, 1, 0, 3, 424.35, 103680, 161, 1, 0
238, 0, 120, 181, 151, 11, 39.56%, 1, 0, 3, 402.24, 105688, 161, 1, 0
243, 0, 108, 189, 158, 10, 39.56%, 1, 0, 3, 429.54, 107875, 161, 1, 0
248, 0, 108, 193, 162, 10, 39.56%, 1, 0, 3, 447.59, 110143, 161, 1, 0
253, 0, 108, 195, 164, 10, 40.29%, 1, 0, 3, 423.60, 112309, 164, 1, 0
258, 0, 108, 195, 164, 10, 40.29%, 1, 0, 3, 426.82, 114517, 164, 1, 0
263, 0, 108, 196, 165, 10, 40.29%, 1, 0, 3, 433.19, 116676, 164, 1, 0
268, 0, 108, 199, 168, 10, 40.29%, 1, 0, 3, 441.58, 118897, 164, 1, 0
273, 0, 108, 200, 169, 10, 40.29%, 1, 0, 3, 460.65, 121228, 164, 1, 0
278, 0, 108, 200, 169, 10, 40.29%, 1, 0, 3, 453.90, 123541, 164, 1, 0
283, 0, 108, 201, 170, 10, 40.29%, 1, 0, 3, 421.25, 125679, 164, 1, 0
289, 0, 108, 201, 170, 10, 40.29%, 1, 0, 3, 425.19, 127831, 164, 1, 0
294, 0, 108, 201, 170, 10, 40.29%, 1, 0, 3, 453.65, 130199, 164, 1, 0
299, 0, 108, 201, 170, 10, 40.29%, 1, 0, 3, 461.43, 132584, 164, 1, 0
304, 0, 108, 202, 171, 10, 40.29%, 1, 0, 3, 464.23, 134904, 164, 1, 0
309, 0, 108, 202, 171, 10, 40.29%, 1, 0, 3, 455.85, 137181, 164, 1, 0
314, 0, 108, 202, 171, 10, 40.29%, 1, 0, 3, 454.08, 139438, 164, 1, 0
319, 0, 108, 202, 171, 10, 40.29%, 1, 0, 3, 470.67, 141744, 164, 1, 0
324, 0, 108, 202, 171, 10, 40.29%, 1, 0, 3, 450.20, 143967, 164, 1, 0
329, 0, 108, 202, 171, 10, 40.29%, 1, 0, 3, 448.16, 146253, 164, 1, 0
334, 0, 108, 202, 171, 10, 40.29%, 1, 0, 3, 429.48, 148406, 164, 1, 0
339, 0, 108, 202, 171, 10, 40.29%, 1, 0, 3, 469.54, 150771, 164, 1, 0
344, 0, 108, 202, 171, 10, 40.29%, 1, 0, 3, 469.71, 153174, 164, 1, 0
349, 0, 108, 202, 171, 10, 40.29%, 1, 0, 3, 469.42, 155505, 164, 1, 0
354, 0, 108, 203, 172, 10, 40.29%, 1, 0, 3, 445.56, 157701, 164, 1, 0
359, 0, 119, 203, 168, 8, 40.29%, 1, 0, 3, 437.37, 159878, 164, 1, 0
364, 0, 147, 205, 167, 5, 40.29%, 1, 0, 3, 453.67, 162261, 164, 1, 0
369, 0, 147, 209, 171, 5, 40.29%, 1, 0, 3, 449.24, 164492, 164, 1, 0
374, 0, 147, 211, 173, 5, 40.29%, 1, 0, 3, 464.17, 166903, 164, 1, 0
380, 0, 147, 211, 173, 5, 40.29%, 1, 0, 3, 465.43, 169306, 164, 1, 0
385, 0, 147, 211, 173, 5, 40.29%, 1, 0, 3, 443.16, 171570, 164, 1, 0
390, 0, 147, 211, 173, 5, 40.29%, 1, 0, 3, 454.90, 173815, 164, 1, 0
395, 0, 147, 212, 174, 5, 40.29%, 1, 0, 3, 446.43, 176121, 164, 1, 0
400, 0, 147, 213, 175, 5, 40.29%, 1, 0, 3, 414.02, 178280, 164, 1, 0
405, 0, 147, 213, 175, 5, 40.29%, 1, 0, 3, 439.78, 180552, 164, 1, 0
410, 0, 147, 215, 177, 5, 40.29%, 1, 0, 3, 404.77, 182606, 164, 1, 0
415, 0, 147, 215, 177, 5, 40.29%, 1, 0, 3, 424.82, 184702, 164, 1, 0
420, 0, 147, 215, 177, 5, 40.29%, 1, 0, 3, 461.70, 187037, 164, 1, 0
426, 0, 147, 215, 177, 5, 40.29%, 1, 0, 3, 475.32, 189476, 164, 1, 0
431, 0, 211, 215, 175, 4, 40.29%, 1, 0, 3, 469.46, 191855, 164, 1, 0
436, 0, 144, 215, 172, 2, 40.29%, 1, 0, 3, 456.91, 194072, 164, 1, 0
441, 0, 118, 216, 172, 1, 40.29%, 1, 0, 3, 431.03, 196200, 164, 1, 0
446, 0, 143, 216, 166, 0, 40.29%, 1, 0, 3, 444.83, 198474, 164, 1, 0
451, 0, 107, 216, 162, 0, 40.29%, 1, 0, 3, 439.35, 200782, 164, 1, 0
456, 0, 163, 217, 161, 0, 40.29%, 1, 0, 3, 458.91, 203067, 164, 1, 0
461, 0, 195, 219, 159, 0, 40.29%, 1, 0, 3, 463.94, 205456, 164, 1, 0
466, 0, 131, 221, 156, 0, 40.29%, 1, 0, 3, 447.35, 207680, 164, 1, 0
471, 0, 222, 223, 156, 1, 41.03%, 1, 0, 3, 464.33, 209985, 167, 1, 0
476, 0, 230, 231, 163, 2, 41.28%, 1, 0, 4, 456.87, 212249, 168, 1, 0
481, 0, 230, 236, 168, 2, 47.42%, 1, 0, 5, 425.08, 214395, 193, 1, 0
486, 0, 230, 237, 169, 2, 47.42%, 1, 0, 5, 443.60, 216658, 193, 1, 0
491, 0, 230, 239, 171, 2, 47.42%, 1, 0, 5, 448.28, 218944, 193, 1, 0
496, 0, 230, 241, 173, 2, 47.67%, 1, 0, 5, 450.71, 221296, 194, 1, 0
501, 0, 230, 244, 176, 2, 47.67%, 1, 0, 5, 437.14, 223443, 194, 1, 0
507, 0, 237, 246, 177, 4, 47.67%, 1, 0, 5, 438.76, 225722, 194, 1, 0
512, 0, 237, 259, 190, 4, 47.67%, 1, 0, 6, 441.87, 227899, 194, 1, 0
517, 0, 237, 267, 198, 4, 47.67%, 1, 0, 6, 436.78, 230179, 194, 1, 0
522, 0, 237, 270, 201, 4, 47.67%, 1, 0, 6, 432.06, 232352, 194, 1, 0
527, 0, 237, 272, 203, 4, 47.67%, 1, 0, 6, 454.61, 234659, 194, 1, 0
532, 0, 237, 273, 204, 4, 47.67%, 1, 0, 6, 440.35, 236901, 194, 1, 0
537, 0, 237, 274, 205, 4, 47.67%, 1, 0, 6, 453.55, 239218, 194, 1, 0
542, 0, 233, 275, 204, 3, 47.67%, 1, 0, 7, 474.16, 241679, 194, 1, 0
547, 0, 239, 275, 203, 2, 47.67%, 1, 0, 7, 459.52, 244033, 194, 1, 0
552, 0, 175, 275, 200, 0, 47.67%, 1, 0, 7, 461.06, 246349, 194, 1, 0
557, 0, 249, 276, 198, 0, 47.67%, 1, 0, 7, 454.27, 248643, 194, 1, 0
562, 0, 249, 281, 203, 0, 47.91%, 1, 0, 7, 457.49, 250905, 195, 1, 0
567, 0, 249, 285, 207, 0, 47.91%, 1, 0, 7, 441.03, 253162, 195, 1, 0
572, 0, 249, 288, 210, 0, 47.91%, 1, 0, 7, 440.37, 255311, 195, 1, 0
577, 0, 249, 288, 210, 0, 47.91%, 1, 0, 7, 459.98, 257686, 195, 1, 0
583, 0, 279, 288, 210, 1, 47.91%, 1, 0, 7, 454.86, 259931, 195, 1, 0
588, 0, 58, 288, 209, 0, 47.91%, 1, 0, 7, 430.15, 262013, 195, 1, 0
593, 0, 7, 288, 207, 0, 47.91%, 1, 0, 7, 418.53, 264095, 195, 1, 0
598, 0, 231, 288, 204, 0, 47.91%, 1, 0, 7, 438.40, 266332, 195, 1, 0
603, 0, 213, 292, 205, 0, 47.91%, 1, 0, 7, 425.19, 268445, 195, 1, 0
608, 0, 213, 297, 210, 0, 47.91%, 1, 0, 7, 442.33, 270688, 195, 1, 0
613, 0, 213, 297, 210, 0, 47.91%, 1, 0, 7, 418.00, 272808, 195, 1, 0
618, 0, 213, 298, 211, 0, 47.91%, 1, 0, 7, 434.01, 275055, 195, 1, 0
623, 0, 213, 298, 211, 0, 47.91%, 1, 0, 7, 427.06, 277231, 195, 1, 0
628, 0, 297, 299, 209, 0, 47.91%, 1, 0, 7, 444.44, 279488, 195, 1, 0
633, 0, 140, 300, 208, 0, 47.91%, 1, 0, 7, 441.90, 281686, 195, 1, 0
638, 0, 249, 302, 210, 0, 47.91%, 1, 0, 7, 436.41, 283849, 195, 1, 0
643, 0, 115, 302, 209, 0, 47.91%, 1, 0, 7, 446.75, 286182, 195, 1, 0
649, 0, 283, 302, 207, 0, 47.91%, 1, 0, 7, 445.76, 288503, 195, 1, 0
654, 0, 288, 305, 207, 0, 47.91%, 1, 0, 7, 444.35, 290822, 195, 1, 0
659, 0, 279, 306, 205, 0, 47.91%, 1, 0, 7, 437.74, 293012, 195, 1, 0
664, 0, 249, 307, 205, 0, 47.91%, 1, 0, 7, 439.57, 295215, 195, 1, 0
669, 0, 149, 308, 204, 0, 47.91%, 1, 0, 7, 449.94, 297530, 195, 1, 0
674, 0, 3, 308, 203, 0, 47.91%, 1, 0, 7, 456.59, 299800, 195, 1, 0
679, 0, 92, 309, 202, 0, 47.91%, 1, 0, 7, 470.94, 302141, 195, 1, 0
684, 0, 121, 309, 199, 0, 47.91%, 1, 0, 7, 445.81, 304349, 195, 1, 0
689, 0, 286, 309, 198, 0, 47.91%, 1, 0, 7, 447.70, 306589, 195, 1, 0
694, 0, 238, 309, 196, 0, 47.91%, 1, 0, 7, 438.56, 308815, 195, 1, 0
699, 0, 176, 309, 193, 0, 47.91%, 1, 0, 7, 427.36, 310914, 195, 1, 0
704, 0, 239, 309, 191, 0, 47.91%, 1, 0, 7, 441.19, 313210, 195, 1, 0
710, 0, 309, 310, 191, 1, 48.16%, 1, 0, 7, 446.65, 315469, 196, 1, 0
715, 0, 237, 315, 195, 0, 48.16%, 1, 0, 7, 426.61, 317631, 196, 1, 0
720, 0, 146, 315, 195, 0, 48.16%, 1, 0, 7, 422.62, 319750, 196, 1, 0
725, 0, 225, 315, 193, 0, 48.16%, 1, 0, 7, 434.93, 321982, 196, 1, 0
730, 0, 294, 316, 190, 0, 48.16%, 1, 0, 7, 429.71, 324195, 196, 1, 0
735, 0, 38, 316, 187, 0, 48.16%, 1, 0, 7, 419.27, 326304, 196, 1, 0
740, 0, 291, 316, 185, 0, 48.16%, 1, 0, 7, 434.65, 328582, 196, 1, 0
745, 0, 31, 316, 183, 0, 48.16%, 1, 0, 7, 445.28, 330784, 196, 1, 0
750, 0, 48, 316, 181, 0, 48.16%, 1, 0, 7, 443.17, 333079, 196, 1, 0
755, 0, 203, 317, 178, 0, 48.16%, 1, 0, 7, 437.19, 335233, 196, 1, 0
760, 1, 223, 317, 175, 0, 48.16%, 1, 0, 7, 439.26, 337463, 196, 1, 0
765, 1, 170, 317, 173, 0, 48.16%, 1, 0, 7, 439.41, 339759, 196, 1, 0
770, 1, 149, 318, 172, 0, 48.40%, 1, 0, 7, 452.39, 342068, 197, 1, 0
775, 1, 277, 318, 170, 0, 48.40%, 1, 0, 7, 452.48, 344315, 197, 1, 0
780, 1, 275, 318, 168, 0, 48.40%, 1, 0, 7, 474.45, 346668, 197, 1, 0
786, 1, 303, 319, 167, 0, 48.40%, 1, 0, 7, 458.85, 349002, 197, 1, 0
791, 1, 301, 319, 165, 0, 48.40%, 1, 0, 7, 457.04, 351303, 197, 1, 0
796, 1, 51, 319, 160, 0, 48.40%, 1, 0, 7, 454.39, 353622, 197, 1, 0
801, 1, 320, 321, 157, 1, 48.65%, 1, 0, 7, 428.64, 355831, 198, 1, 0
806, 1, 322, 323, 156, 1, 49.14%, 1, 0, 7, 432.25, 358052, 200, 1, 0
811, 1, 274, 323, 155, 0, 49.14%, 1, 0, 7, 447.28, 360258, 200, 1, 0
816, 1, 214, 323, 153, 0, 49.14%, 1, 0, 7, 431.52, 362374, 200, 1, 0
821, 1, 64, 323, 147, 0, 49.14%, 1, 0, 7, 456.75, 364790, 200, 1, 0
826, 1, 242, 323, 144, 0, 49.14%, 1, 0, 7, 441.86, 367026, 200, 1, 0
831, 1, 268, 323, 141, 0, 49.14%, 1, 0, 7, 431.24, 369172, 200, 1, 0
837, 1, 247, 324, 139, 0, 49.14%, 1, 0, 7, 449.47, 371567, 200, 1, 0
842, 1, 276, 324, 136, 0, 49.14%, 1, 0, 7, 456.76, 373852, 200, 1, 0
847, 1, 153, 324, 133, 0, 49.14%, 1, 0, 7, 455.65, 376118, 200, 1, 0
852, 1, 227, 324, 130, 0, 49.14%, 1, 0, 7, 458.51, 378508, 200, 1, 0
857, 1, 241, 324, 125, 0, 49.14%, 1, 0, 7, 428.76, 380634, 200, 1, 0
862, 1, 224, 324, 123, 0, 49.14%, 1, 0, 7, 460.95, 382959, 200, 1, 0
867, 1, 278, 325, 122, 0, 49.14%, 1, 0, 7, 446.68, 385189, 200, 1, 0
872, 1, 145, 325, 120, 0, 49.14%, 1, 0, 7, 470.83, 387486, 200, 1, 0
877, 1, 36, 325, 117, 0, 49.14%, 1, 0, 7, 441.20, 389663, 200, 1, 0
882, 1, 266, 325, 113, 0, 49.14%, 1, 0, 7, 441.28, 391957, 200, 1, 0
887, 1, 287, 325, 110, 0, 49.14%, 1, 0, 7, 442.58, 394197, 200, 1, 0
892, 1, 81, 325, 107, 0, 49.14%, 1, 0, 7, 425.18, 396352, 200, 1, 0
897, 1, 125, 325, 104, 0, 49.14%, 1, 0, 7, 428.14, 398596, 200, 1, 0
902, 1, 261, 325, 102, 0, 49.14%, 1, 0, 7, 449.87, 400899, 200, 1, 0
907, 1, 325, 326, 102, 1, 49.39%, 1, 0, 7, 436.69, 403183, 201, 1, 0
912, 1, 147, 326, 97, 0, 49.39%, 1, 0, 7, 458.93, 405524, 201, 1, 0
917, 1, 210, 326, 92, 0, 49.39%, 1, 0, 7, 435.79, 407689, 201, 1, 0
923, 1, 249, 326, 90, 0, 49.39%, 1, 0, 7, 440.97, 409961, 201, 1, 0
928, 1, 312, 326, 90, 0, 49.39%, 1, 0, 7, 455.94, 412254, 201, 1, 0
933, 1, 204, 326, 84, 0, 49.39%, 1, 0, 7, 480.90, 414743, 201, 1, 0
938, 1, 314, 326, 81, 0, 49.39%, 1, 0, 7, 465.24, 417024, 201, 1, 0
943, 1, 249, 326, 79, 0, 49.39%, 1, 0, 7, 484.95, 419434, 201, 1, 0
948, 1, 293, 326, 76, 0, 49.39%, 1, 0, 7, 434.93, 421552, 201, 1, 0
953, 1, 249, 326, 73, 0, 49.39%, 1, 0, 7, 419.89, 423746, 201, 1, 0
958, 1, 240, 326, 70, 0, 49.39%, 1, 0, 7, 459.79, 426135, 201, 1, 0
963, 1, 42, 326, 68, 0, 49.39%, 1, 0, 7, 459.42, 428439, 201, 1, 0
968, 1, 325, 326, 65, 0, 49.39%, 1, 0, 7, 457.88, 430737, 201, 1, 0
973, 1, 230, 326, 64, 0, 49.39%, 1, 0, 7, 456.97, 433048, 201, 1, 0
978, 1, 230, 326, 62, 0, 49.39%, 1, 0, 7, 446.35, 435377, 201, 1, 0
983, 1, 248, 326, 61, 0, 49.39%, 1, 0, 7, 471.94, 437724, 201, 1, 0
988, 1, 167, 326, 58, 0, 49.39%, 1, 0, 7, 462.73, 440058, 201, 1, 0
993, 1, 69, 326, 56, 0, 49.39%, 1, 0, 7, 459.82, 442370, 201, 1, 0
998, 1, 295, 326, 54, 0, 49.39%, 1, 0, 7, 452.26, 444599, 201, 1, 0
1004, 1, 230, 326, 53, 0, 49.39%, 1, 0, 7, 430.64, 446775, 201, 1, 0
1009, 1, 313, 326, 51, 0, 49.39%, 1, 0, 7, 451.40, 449121, 201, 1, 0
1014, 1, 296, 326, 50, 0, 49.39%, 1, 0, 7, 463.84, 451436, 201, 1, 0
1019, 1, 326, 327, 49, 1, 49.63%, 1, 0, 7, 451.56, 453711, 202, 1, 0
1024, 1, 150, 327, 48, 0, 49.63%, 1, 0, 7, 465.24, 456094, 202, 1, 0
1029, 1, 251, 327, 45, 0, 49.63%, 1, 0, 7, 458.75, 458341, 202, 1, 0
1034, 1, 11, 346, 63, 0, 50.86%, 1, 0, 7, 438.05, 460573, 207, 1, 0
1039, 2, 355, 382, 98, 13, 52.83%, 1, 0, 7, 444.68, 462831, 215, 1, 0
1044, 2, 356, 382, 96, 11, 52.83%, 1, 0, 7, 452.10, 465208, 215, 1, 0
1049, 2, 352, 382, 94, 9, 52.83%, 1, 0, 7, 442.32, 467459, 215, 1, 0
1054, 2, 375, 382, 93, 8, 52.83%, 1, 0, 7, 417.96, 469500, 215, 1, 0
1059, 2, 351, 382, 92, 7, 52.83%, 1, 0, 7, 447.14, 471814, 215, 1, 0
1065, 2, 346, 382, 89, 4, 52.83%, 1, 0, 7, 429.44, 473975, 215, 1, 0
1070, 2, 346, 384, 91, 4, 52.83%, 1, 0, 7, 432.62, 476179, 215, 1, 0
1075, 2, 330, 384, 88, 1, 52.83%, 1, 0, 7, 434.46, 478366, 215, 1, 0
1080, 2, 357, 384, 84, 0, 52.83%, 1, 0, 7, 438.37, 480592, 215, 1, 0
1085, 2, 379, 384, 81, 0, 52.83%, 1, 0, 7, 429.18, 482698, 215, 1, 0
1090, 2, 343, 384, 79, 0, 52.83%, 1, 0, 7, 424.28, 484837, 215, 1, 0
1095, 2, 310, 384, 77, 0, 52.83%, 1, 0, 7, 415.18, 486948, 215, 1, 0
1100, 2, 77, 384, 75, 0, 52.83%, 1, 0, 7, 455.00, 489443, 215, 1, 0
1105, 2, 334, 384, 71, 0, 52.83%, 1, 0, 7, 462.22, 491788, 215, 1, 0
1110, 2, 236, 384, 68, 0, 52.83%, 1, 0, 7, 435.45, 493959, 215, 1, 0
1115, 2, 80, 384, 66, 0, 52.83%, 1, 0, 7, 422.04, 496158, 215, 1, 0
1120, 2, 249, 384, 63, 0, 52.83%, 1, 0, 7, 418.56, 498230, 215, 1, 0
1126, 2, 347, 384, 61, 0, 52.83%, 1, 0, 7, 436.42, 500472, 215, 1, 0
1131, 2, 366, 384, 58, 0, 52.83%, 1, 0, 7, 443.62, 502719, 215, 1, 0
1136, 2, 298, 384, 56, 0, 52.83%, 1, 0, 7, 460.66, 505131, 215, 1, 0
1141, 2, 339, 384, 54, 0, 52.83%, 1, 0, 7, 452.26, 507379, 215, 1, 0
1146, 2, 265, 384, 52, 0, 52.83%, 1, 0, 7, 452.87, 509628, 215, 1, 0
1151, 2, 177, 384, 50, 0, 52.83%, 1, 0, 7, 454.29, 511879, 215, 1, 0
1156, 2, 271, 384, 48, 0, 52.83%, 1, 0, 7, 496.38, 514495, 215, 1, 0
1161, 2, 348, 384, 46, 0, 52.83%, 1, 0, 7, 454.07, 516746, 215, 1, 0
1166, 2, 346, 384, 44, 0, 52.83%, 1, 0, 7, 438.13, 518959, 215, 1, 0
1171, 2, 306, 384, 43, 0, 52.83%, 1, 0, 7, 436.43, 521160, 215, 1, 0
1176, 2, 76, 384, 41, 0, 52.83%, 1, 0, 7, 438.96, 523382, 215, 1, 0
1181, 2, 148, 384, 39, 0, 52.83%, 1, 0, 7, 431.41, 525573, 215, 1, 0
1187, 2, 178, 384, 37, 0, 52.83%, 1, 0, 7, 414.84, 527696, 215, 1, 0
1192, 2, 230, 384, 35, 0, 52.83%, 1, 0, 7, 454.84, 529993, 215, 1, 0
1197, 2, 331, 384, 34, 0, 52.83%, 1, 0, 7, 456.26, 532284, 215, 1, 0
1202, 2, 149, 384, 33, 0, 52.83%, 2, 0, 7, 426.17, 534360, 215, 2, 0
1207, 2, 371, 384, 33, 0, 52.83%, 2, 0, 7, 449.05, 536741, 215, 2, 0
1212, 2, 179, 384, 30, 0, 52.83%, 2, 0, 7, 457.81, 539081, 215, 2, 0
1217, 2, 383, 384, 29, 0, 52.83%, 2, 0, 7, 444.84, 541342, 215, 2, 0
1222, 2, 374, 384, 27, 0, 52.83%, 2, 0, 7, 464.70, 543678, 215, 2, 0
1227, 2, 111, 384, 25, 0, 52.83%, 2, 0, 7, 442.08, 546034, 215, 2, 0
1232, 2, 219, 384, 24, 0, 52.83%, 2, 0, 7, 462.76, 548382, 215, 2, 0
1237, 2, 149, 384, 22, 0, 52.83%, 2, 0, 7, 460.75, 550704, 215, 2, 0
1242, 2, 239, 384, 21, 0, 52.83%, 2, 0, 7, 447.74, 552965, 215, 2, 0
1248, 2, 351, 384, 19, 0, 52.83%, 2, 0, 7, 435.05, 555198, 215, 2, 0
1253, 2, 221, 384, 16, 0, 52.83%, 2, 0, 7, 446.55, 557556, 215, 2, 0
1258, 2, 282, 384, 15, 0, 52.83%, 2, 0, 7, 432.52, 559725, 215, 2, 0
1263, 2, 259, 384, 15, 0, 52.83%, 2, 0, 7, 446.72, 562036, 215, 2, 0
1268, 2, 336, 384, 14, 0, 52.83%, 2, 0, 7, 464.88, 564354, 215, 3, 0
1273, 2, 191, 384, 13, 0, 52.83%, 2, 0, 7, 425.40, 566482, 215, 5, 0
1278, 2, 115, 384, 11, 0, 52.83%, 2, 0, 7, 423.46, 568652, 215, 5, 0
1283, 2, 262, 384, 10, 0, 52.83%, 2, 0, 7, 417.32, 570743, 215, 5, 0
1288, 2, 350, 384, 9, 0, 52.83%, 2, 0, 7, 433.77, 573007, 215, 5, 0
1293, 3, 387, 391, 15, 1, 53.07%, 2, 0, 7, 432.26, 575129, 216, 5, 0
1298, 3, 387, 391, 15, 1, 53.07%, 2, 0, 7, 409.38, 577179, 216, 5, 0
1303, 3, 351, 391, 13, 0, 53.07%, 2, 0, 7, 448.31, 579489, 216, 5, 0
1308, 3, 386, 391, 12, 0, 53.07%, 2, 0, 7, 436.73, 581700, 216, 5, 0
1313, 3, 280, 391, 11, 0, 53.07%, 3, 0, 7, 434.39, 583886, 216, 6, 0
1318, 3, 249, 391, 11, 0, 53.07%, 3, 0, 7, 387.75, 585828, 216, 6, 0
1323, 3, 149, 391, 11, 0, 53.07%, 3, 0, 7, 419.19, 588018, 216, 6, 0
1329, 3, 325, 391, 11, 0, 53.07%, 3, 0, 7, 425.66, 590201, 216, 6, 0
1334, 3, 149, 391, 11, 0, 53.07%, 3, 0, 7, 420.98, 592314, 216, 6, 0
1339, 3, 325, 391, 10, 0, 53.07%, 3, 0, 7, 455.80, 594669, 216, 6, 0
1344, 3, 365, 391, 9, 0, 53.07%, 3, 0, 7, 454.32, 596964, 216, 6, 0
1349, 3, 327, 391, 7, 0, 53.07%, 3, 0, 7, 442.31, 599171, 216, 6, 0
1354, 3, 340, 391, 6, 0, 53.07%, 4, 0, 7, 433.12, 601441, 216, 7, 0
1359, 3, 390, 391, 5, 0, 53.07%, 4, 0, 7, 460.53, 603868, 216, 7, 0
1364, 3, 122, 391, 5, 0, 53.07%, 4, 0, 7, 426.83, 606044, 216, 7, 0
1369, 3, 355, 391, 5, 0, 53.07%, 4, 0, 7, 452.44, 608434, 216, 7, 0
1374, 3, 345, 391, 5, 0, 53.07%, 4, 0, 7, 442.06, 610697, 216, 7, 0
1379, 3, 224, 391, 3, 0, 53.07%, 4, 0, 7, 436.80, 612896, 216, 7, 0
1385, 3, 391, 392, 4, 1, 54.30%, 4, 0, 7, 454.25, 615245, 221, 8, 0
1390, 3, 391, 417, 29, 1, 58.23%, 4, 0, 7, 377.54, 617061, 237, 8, 0
1395, 3, 391, 419, 31, 1, 58.23%, 4, 0, 7, 351.90, 618846, 237, 8, 0
1400, 3, 391, 420, 32, 1, 58.48%, 4, 0, 7, 328.10, 620423, 238, 8, 0
1405, 3, 391, 422, 34, 1, 58.48%, 4, 0, 7, 329.10, 622135, 238, 8, 0
1410, 3, 391, 422, 34, 1, 58.48%, 4, 0, 7, 313.61, 623683, 238, 8, 0
1415, 3, 391, 422, 34, 1, 58.48%, 4, 0, 7, 313.39, 625273, 238, 8, 0
1420, 3, 391, 422, 34, 1, 58.48%, 4, 0, 7, 309.94, 626911, 238, 8, 0
1425, 3, 391, 424, 36, 1, 58.48%, 4, 0, 7, 317.19, 628521, 238, 8, 0
1430, 3, 391, 424, 36, 1, 58.48%, 4, 0, 7, 318.72, 630099, 238, 8, 0
1435, 3, 391, 424, 36, 1, 58.48%, 4, 0, 7, 335.40, 631809, 238, 8, 0
1441, 3, 391, 425, 37, 1, 58.48%, 4, 0, 7, 320.47, 633394, 238, 8, 0
1446, 3, 391, 425, 37, 1, 58.48%, 4, 0, 7, 328.61, 635038, 238, 8, 0
1451, 3, 391, 425, 37, 1, 58.48%, 4, 0, 7, 329.24, 636670, 238, 8, 0
1456, 3, 391, 425, 37, 1, 58.48%, 4, 0, 7, 320.63, 638326, 238, 8, 0
1461, 3, 391, 425, 37, 1, 58.48%, 4, 0, 7, 321.50, 639946, 238, 8, 0
1466, 3, 391, 425, 37, 1, 58.48%, 4, 0, 7, 342.39, 641668, 238, 8, 0
1471, 3, 391, 425, 37, 1, 58.48%, 4, 0, 7, 326.77, 643318, 238, 8, 0
1476, 3, 391, 426, 38, 1, 58.48%, 4, 0, 7, 335.04, 645059, 238, 8, 0
1481, 3, 391, 427, 39, 1, 58.48%, 4, 0, 7, 316.91, 646644, 238, 8, 0
1486, 3, 391, 427, 39, 1, 58.48%, 4, 0, 7, 319.93, 648252, 238, 8, 0
1491, 3, 391, 427, 39, 1, 58.48%, 4, 0, 7, 330.79, 649944, 238, 8, 0
1496, 3, 391, 427, 39, 1, 58.48%, 4, 0, 7, 320.25, 651522, 238, 8, 0
1501, 3, 391, 427, 39, 1, 58.48%, 4, 0, 7, 315.01, 653052, 238, 8, 0
1506, 3, 391, 427, 39, 1, 58.48%, 4, 0, 7, 327.98, 654738, 238, 8, 0
1511, 3, 391, 427, 39, 1, 58.48%, 4, 0, 7, 315.08, 656346, 238, 8, 0
1517, 3, 391, 427, 39, 1, 58.48%, 4, 0, 7, 310.62, 657936, 238, 8, 0
1522, 3, 391, 427, 39, 1, 58.48%, 4, 0, 7, 327.32, 659688, 238, 8, 0
1527, 3, 391, 427, 39, 1, 58.48%, 4, 0, 7, 320.10, 661308, 238, 8, 0
1532, 3, 391, 427, 39, 1, 58.48%, 4, 0, 7, 331.02, 663000, 238, 8, 0
1537, 3, 391, 427, 39, 1, 58.48%, 4, 0, 7, 325.41, 664728, 238, 8, 0
1542, 3, 391, 427, 39, 1, 58.48%, 4, 0, 7, 324.32, 666360, 238, 8, 0
1547, 3, 419, 428, 39, 7, 58.48%, 4, 0, 7, 392.91, 668328, 238, 8, 0
1552, 3, 419, 433, 44, 7, 58.48%, 4, 0, 7, 440.84, 670583, 238, 8, 0
1557, 3, 419, 438, 49, 7, 58.48%, 4, 0, 7, 437.96, 672790, 238, 8, 0
1562, 3, 419, 439, 50, 7, 58.48%, 4, 0, 7, 455.64, 675045, 238, 8, 0
1567, 3, 419, 439, 50, 7, 58.48%, 4, 0, 7, 436.14, 677277, 238, 8, 0
1572, 3, 419, 439, 50, 7, 58.48%, 4, 0, 7, 454.56, 679568, 238, 8, 0
1577, 3, 419, 440, 51, 7, 58.48%, 4, 0, 7, 467.72, 681914, 238, 8, 0
1582, 3, 419, 440, 51, 7, 58.48%, 4, 0, 7, 411.75, 683932, 238, 8, 0
1588, 3, 419, 441, 52, 7, 58.48%, 4, 0, 7, 444.90, 686291, 238, 8, 0
1593, 3, 419, 442, 53, 7, 58.48%, 4, 0, 7, 473.72, 688679, 238, 8, 0
1598, 3, 419, 442, 53, 7, 58.48%, 4, 0, 7, 480.54, 691118, 238, 8, 0
1603, 3, 419, 442, 53, 7, 58.48%, 4, 0, 7, 431.96, 693210, 238, 8, 0
1608, 3, 419, 442, 53, 7, 58.48%, 4, 0, 7, 417.24, 695362, 238, 8, 0
1613, 3, 419, 442, 53, 7, 58.48%, 4, 0, 7, 432.33, 697554, 238, 8, 0
1618, 3, 419, 442, 53, 7, 58.48%, 4, 0, 7, 422.21, 699706, 238, 8, 0
1623, 3, 419, 442, 53, 7, 58.48%, 4, 0, 7, 425.11, 701890, 238, 8, 0
1628, 3, 419, 442, 53, 7, 58.48%, 4, 0, 7, 444.39, 704106, 238, 8, 0
1633, 3, 419, 442, 53, 7, 58.48%, 4, 0, 7, 441.08, 706282, 238, 8, 0
1638, 3, 419, 442, 53, 7, 58.48%, 4, 0, 7, 426.72, 708418, 238, 8, 0
1643, 3, 419, 442, 53, 7, 58.48%, 4, 0, 7, 421.96, 710530, 238, 8, 0
1648, 3, 419, 442, 53, 7, 58.48%, 4, 0, 7, 459.94, 712934, 238, 8, 0
1653, 3, 419, 442, 53, 7, 58.48%, 4, 0, 7, 442.98, 715194, 238, 8, 0
1658, 3, 419, 442, 53, 7, 58.48%, 4, 0, 7, 456.80, 717497, 238, 8, 0
1663, 3, 419, 442, 53, 7, 58.48%, 4, 0, 7, 457.68, 719819, 238, 8, 0
1668, 3, 419, 442, 53, 7, 58.48%, 4, 0, 7, 423.49, 721994, 238, 8, 0
1674, 3, 393, 442, 51, 6, 58.48%, 4, 0, 7, 426.71, 724212, 238, 8, 0
1679, 3, 396, 442, 50, 5, 58.48%, 4, 0, 7, 354.82, 726115, 238, 8, 0
1684, 3, 396, 442, 50, 5, 58.48%, 4, 0, 7, 293.08, 727508, 238, 8, 0
1689, 3, 399, 443, 49, 3, 58.48%, 4, 0, 7, 395.85, 729705, 238, 8, 0
1694, 3, 410, 443, 47, 2, 58.48%, 4, 0, 7, 407.02, 731816, 238, 8, 0
1699, 3, 442, 443, 45, 1, 58.48%, 4, 0, 7, 457.35, 734226, 238, 8, 0
1704, 3, 433, 443, 43, 0, 58.48%, 4, 0, 7, 456.23, 736559, 238, 8, 0
1709, 3, 398, 443, 42, 0, 58.48%, 4, 0, 7, 466.89, 738900, 238, 8, 0
1715, 3, 396, 443, 40, 0, 58.48%, 4, 0, 7, 459.20, 741253, 238, 8, 0
1720, 3, 402, 443, 39, 0, 58.48%, 4, 0, 7, 426.82, 743407, 238, 8, 0
1725, 3, 414, 443, 38, 0, 58.48%, 4, 0, 7, 427.96, 745584, 238, 8, 0
1730, 3, 400, 443, 36, 0, 58.48%, 4, 0, 7, 449.73, 747778, 238, 8, 0
1735, 3, 407, 443, 34, 0, 58.48%, 4, 0, 7, 456.89, 750077, 238, 8, 0
1740, 3, 437, 443, 32, 0, 58.48%, 4, 0, 7, 463.09, 752462, 238, 8, 0
1745, 3, 317, 443, 30, 0, 58.48%, 4, 0, 7, 430.13, 754642, 238, 8, 0
1750, 3, 434, 443, 30, 0, 58.48%, 4, 0, 7, 408.33, 756723, 238, 8, 0
1755, 3, 406, 443, 28, 0, 58.48%, 4, 0, 7, 439.77, 758995, 238, 8, 0
1760, 3, 408, 444, 28, 0, 58.48%, 4, 0, 7, 426.59, 761175, 238, 8, 0
1765, 3, 443, 444, 27, 0, 58.48%, 4, 0, 7, 423.32, 763314, 238, 8, 0
1770, 3, 351, 444, 25, 0, 58.48%, 4, 0, 7, 432.12, 765555, 238, 8, 0
1776, 3, 422, 444, 24, 0, 58.48%, 4, 0, 7, 442.32, 767818, 238, 8, 0
1781, 3, 425, 444, 23, 0, 58.48%, 4, 0, 7, 436.85, 770016, 238, 8, 0
1786, 3, 249, 444, 21, 0, 58.48%, 4, 0, 7, 436.84, 772239, 238, 8, 0
1791, 3, 249, 444, 20, 0, 58.48%, 4, 0, 7, 431.45, 774433, 238, 10, 0
1796, 3, 158, 444, 19, 0, 58.48%, 4, 0, 7, 434.02, 776621, 238, 10, 0
1801, 3, 412, 444, 18, 0, 58.48%, 4, 0, 7, 457.92, 778946, 238, 10, 0
1802, 3, 429, 444, 17, 0, 58.48%, 4, 0, 7, 443.72, 779448, 238, 10, 0
