# relative_time, cycles_done, cur_item, corpus_count, pending_total, pending_favs, map_size, saved_crashes, saved_hangs, max_depth, execs_per_sec, total_execs, edges_found, total_crashes, servers_count
61, 0, 9, 78, 73, 4, 30.96%, 0, 0, 2, 319.13, 21459, 126, 0, 0
66, 0, 9, 79, 74, 4, 30.96%, 0, 0, 2, 330.83, 23194, 126, 0, 0
71, 0, 9, 79, 74, 4, 30.96%, 0, 0, 2, 342.38, 24976, 126, 0, 0
76, 0, 9, 82, 77, 4, 30.96%, 0, 0, 2, 340.91, 26713, 126, 0, 0
81, 0, 9, 82, 77, 4, 30.96%, 0, 0, 2, 311.78, 28297, 126, 0, 0
87, 0, 9, 84, 79, 4, 30.96%, 0, 0, 2, 277.24, 29791, 126, 0, 0
92, 0, 9, 85, 80, 4, 30.96%, 0, 0, 2, 308.39, 31392, 126, 0, 0
97, 0, 9, 87, 82, 4, 31.94%, 0, 0, 2, 396.88, 33499, 130, 0, 0
102, 0, 9, 89, 84, 4, 31.94%, 0, 0, 2, 417.38, 35672, 130, 0, 0
107, 0, 9, 91, 86, 4, 31.94%, 0, 0, 2, 456.04, 37938, 130, 0, 0
112, 0, 9, 92, 87, 4, 31.94%, 0, 0, 2, 454.61, 40214, 130, 0, 0
117, 0, 9, 92, 87, 4, 31.94%, 0, 0, 2, 414.74, 42214, 130, 0, 0
122, 0, 9, 93, 88, 4, 31.94%, 0, 0, 2, 416.09, 44333, 130, 0, 0
127, 0, 9, 93, 88, 4, 31.94%, 0, 0, 2, 403.30, 46325, 130, 0, 0
132, 0, 9, 93, 88, 4, 31.94%, 0, 0, 2, 416.36, 48406, 130, 0, 0
137, 0, 9, 95, 90, 4, 31.94%, 0, 0, 2, 428.59, 50556, 130, 0, 0
142, 0, 9, 97, 92, 4, 31.94%, 0, 0, 2, 406.42, 52602, 130, 0, 0
148, 0, 9, 121, 115, 3, 36.12%, 0, 0, 2, 401.73, 54657, 147, 0, 0
153, 0, 121, 149, 136, 27, 43.98%, 0, 0, 3, 436.95, 56878, 179, 0, 0
158, 0, 59, 149, 133, 24, 43.98%, 0, 0, 3, 408.78, 58898, 179, 0, 0
163, 0, 138, 151, 133, 21, 43.98%, 0, 0, 3, 416.72, 61060, 179, 0, 0
168, 0, 138, 181, 163, 21, 43.98%, 0, 0, 3, 416.05, 63100, 179, 0, 0
173, 0, 138, 183, 165, 21, 44.72%, 0, 0, 3, 429.25, 65310, 182, 0, 0
178, 0, 138, 183, 165, 21, 44.72%, 0, 0, 3, 439.76, 67526, 182, 0, 0
183, 0, 144, 184, 164, 20, 44.72%, 0, 0, 3, 446.55, 69853, 182, 0, 0
188, 0, 144, 193, 173, 20, 44.72%, 0, 0, 3, 404.89, 71949, 182, 0, 0
193, 0, 144, 195, 175, 20, 44.72%, 0, 0, 3, 449.92, 74254, 182, 0, 0
198, 0, 144, 195, 175, 20, 44.72%, 0, 0, 3, 417.66, 76371, 182, 0, 0
203, 0, 144, 199, 179, 20, 44.72%, 0, 0, 3, 434.20, 78647, 182, 0, 0
208, 0, 144, 200, 180, 20, 44.72%, 0, 0, 3, 425.58, 80766, 182, 0, 0
214, 0, 144, 200, 180, 20, 44.72%, 0, 0, 3, 446.58, 83014, 182, 0, 0
219, 0, 144, 201, 181, 20, 44.72%, 0, 0, 3, 442.34, 85198, 182, 0, 0
224, 0, 144, 203, 183, 20, 44.72%, 0, 0, 3, 397.67, 87265, 182, 0, 0
229, 0, 144, 203, 183, 20, 44.72%, 0, 0, 3, 432.05, 89436, 182, 0, 0
234, 0, 144, 204, 184, 20, 44.72%, 0, 0, 3, 439.40, 91699, 182, 0, 0
239, 0, 144, 204, 184, 20, 44.72%, 0, 0, 3, 418.82, 93763, 182, 0, 0
244, 0, 144, 205, 185, 20, 44.72%, 0, 0, 3, 401.45, 95843, 182, 0, 0
249, 0, 144, 205, 185, 20, 44.72%, 0, 0, 3, 397.99, 97891, 182, 0, 0
254, 0, 137, 205, 184, 21, 44.72%, 0, 0, 3, 405.64, 99976, 182, 0, 0
259, 0, 119, 206, 183, 20, 44.96%, 0, 0, 3, 419.90, 102038, 183, 0, 0
264, 0, 119, 212, 189, 20, 45.70%, 0, 0, 3, 406.01, 104096, 186, 0, 0
269, 0, 219, 220, 195, 23, 46.19%, 0, 0, 3, 427.33, 106279, 188, 0, 0
275, 0, 123, 220, 194, 22, 46.19%, 0, 0, 3, 420.07, 108383, 188, 0, 0
280, 0, 214, 221, 193, 20, 46.19%, 0, 0, 3, 392.31, 110357, 188, 0, 0
285, 0, 215, 221, 191, 17, 46.19%, 0, 0, 3, 427.12, 112584, 188, 0, 0
290, 0, 132, 222, 190, 15, 46.19%, 0, 0, 3, 425.22, 114819, 188, 0, 0
295, 0, 132, 241, 209, 15, 47.17%, 0, 0, 3, 378.99, 116737, 192, 0, 0
300, 0, 132, 243, 211, 15, 47.17%, 0, 0, 3, 390.40, 118704, 192, 0, 0
305, 0, 132, 245, 213, 15, 47.17%, 0, 0, 3, 400.23, 120726, 192, 0, 0
310, 0, 132, 245, 213, 15, 47.17%, 0, 0, 3, 404.18, 122729, 192, 0, 0
315, 0, 132, 246, 214, 15, 47.17%, 0, 0, 3, 379.94, 124633, 192, 0, 0
321, 0, 102, 246, 212, 15, 47.17%, 0, 0, 3, 434.84, 126865, 192, 0, 0
326, 0, 233, 246, 209, 12, 47.17%, 0, 0, 3, 425.86, 129002, 192, 0, 0
331, 0, 91, 247, 208, 10, 47.17%, 0, 0, 3, 443.30, 131263, 192, 0, 0
336, 0, 117, 250, 208, 7, 47.17%, 0, 0, 3, 445.07, 133513, 192, 0, 0
341, 0, 117, 252, 210, 7, 47.17%, 0, 0, 3, 430.89, 135695, 192, 0, 0
346, 0, 117, 252, 210, 7, 47.17%, 0, 0, 3, 429.99, 137871, 192, 0, 0
351, 0, 117, 254, 212, 7, 47.17%, 0, 0, 3, 408.27, 139789, 192, 0, 0
356, 0, 117, 254, 212, 7, 47.17%, 0, 0, 3, 420.69, 141949, 192, 0, 0
361, 0, 184, 256, 212, 5, 47.17%, 0, 0, 3, 422.92, 144120, 192, 0, 0
366, 0, 122, 258, 213, 4, 47.17%, 0, 0, 3, 417.34, 146184, 192, 0, 0
371, 0, 122, 263, 218, 4, 47.17%, 0, 0, 3, 415.41, 148307, 192, 0, 0
376, 0, 122, 266, 221, 4, 47.17%, 0, 0, 3, 413.50, 150400, 192, 0, 0
381, 0, 122, 266, 221, 4, 47.17%, 0, 0, 3, 423.93, 152584, 192, 0, 0
387, 0, 122, 267, 222, 4, 47.17%, 0, 0, 3, 424.73, 154759, 192, 0, 0
392, 0, 239, 268, 219, 1, 47.42%, 0, 0, 3, 425.45, 157003, 193, 0, 0
397, 0, 126, 268, 218, 0, 47.42%, 0, 0, 3, 421.89, 159108, 193, 0, 0
402, 0, 216, 268, 215, 0, 47.42%, 0, 0, 3, 402.59, 161055, 193, 0, 0
407, 0, 105, 268, 212, 0, 47.42%, 0, 0, 3, 428.36, 163255, 193, 0, 0
412, 0, 268, 269, 210, 1, 47.42%, 0, 0, 3, 432.45, 165443, 193, 0, 0
417, 0, 189, 269, 208, 0, 47.42%, 0, 0, 3, 430.82, 167560, 193, 0, 0
422, 0, 92, 269, 207, 0, 47.42%, 0, 0, 3, 392.01, 169475, 193, 0, 0
427, 0, 170, 269, 206, 0, 47.42%, 0, 0, 3, 402.89, 171526, 193, 0, 0
432, 0, 181, 269, 205, 0, 47.42%, 0, 0, 3, 402.03, 173554, 193, 0, 0
437, 0, 170, 269, 202, 0, 47.42%, 0, 0, 3, 443.16, 175756, 193, 0, 0
443, 0, 257, 270, 199, 0, 47.42%, 0, 0, 3, 428.56, 177963, 193, 0, 0
448, 0, 259, 273, 200, 0, 47.42%, 0, 0, 3, 424.17, 180158, 193, 0, 0
453, 0, 217, 274, 200, 0, 47.42%, 0, 0, 3, 404.53, 182165, 193, 0, 0
458, 0, 118, 274, 198, 0, 47.42%, 0, 0, 3, 434.48, 184361, 193, 0, 0
463, 0, 125, 274, 196, 0, 47.42%, 0, 0, 3, 414.28, 186481, 193, 0, 0
468, 0, 268, 274, 192, 0, 47.42%, 0, 0, 3, 406.01, 188552, 193, 0, 0
473, 0, 227, 274, 190, 0, 47.42%, 0, 0, 3, 404.88, 190630, 193, 0, 0
478, 0, 228, 274, 187, 0, 47.42%, 0, 0, 3, 396.38, 192620, 193, 0, 0
483, 0, 234, 274, 184, 0, 47.42%, 0, 0, 3, 402.13, 194606, 193, 0, 0
488, 0, 55, 274, 182, 0, 47.42%, 0, 0, 3, 401.49, 196652, 193, 0, 0
494, 0, 92, 274, 180, 0, 47.42%, 0, 0, 3, 394.95, 198703, 193, 0, 0
499, 0, 14, 274, 178, 0, 47.42%, 0, 0, 3, 427.45, 200923, 193, 0, 0
504, 0, 189, 274, 176, 0, 47.42%, 0, 0, 3, 427.38, 203077, 193, 0, 0
509, 0, 54, 274, 174, 0, 47.42%, 0, 0, 3, 426.66, 205239, 193, 0, 0
514, 0, 261, 274, 172, 0, 47.42%, 0, 0, 3, 410.51, 207280, 193, 0, 0
519, 0, 241, 274, 170, 0, 47.42%, 0, 0, 3, 433.27, 209527, 193, 0, 0
524, 0, 87, 275, 169, 0, 47.42%, 0, 0, 3, 430.31, 211670, 193, 0, 0
529, 0, 266, 275, 166, 0, 47.42%, 0, 0, 3, 397.71, 213639, 193, 0, 0
534, 0, 269, 278, 167, 0, 47.42%, 0, 0, 3, 408.46, 215702, 193, 0, 0
539, 0, 211, 279, 166, 0, 47.42%, 0, 0, 4, 432.50, 217877, 193, 0, 0
544, 0, 273, 280, 165, 0, 47.42%, 0, 0, 4, 397.28, 219901, 193, 0, 0
549, 0, 219, 280, 163, 0, 47.42%, 0, 0, 4, 385.58, 221777, 193, 0, 0
554, 0, 134, 280, 163, 0, 47.42%, 0, 0, 4, 416.59, 223904, 193, 0, 0
559, 0, 42, 280, 161, 0, 47.42%, 0, 0, 4, 409.55, 225954, 193, 0, 0
564, 0, 166, 281, 158, 0, 47.42%, 0, 0, 4, 433.31, 228176, 193, 0, 0
569, 1, 55, 281, 154, 0, 47.42%, 0, 0, 4, 417.00, 230267, 193, 0, 0
575, 1, 249, 281, 152, 0, 47.42%, 0, 0, 4, 406.39, 232269, 193, 0, 0
580, 1, 178, 281, 150, 0, 47.42%, 0, 0, 4, 437.02, 234510, 193, 0, 0
585, 1, 209, 281, 144, 0, 47.42%, 0, 0, 4, 423.99, 236631, 193, 0, 0
590, 1, 206, 281, 141, 0, 47.42%, 0, 0, 4, 401.93, 238625, 193, 0, 0
595, 1, 235, 281, 139, 0, 47.42%, 0, 0, 4, 416.95, 240735, 193, 0, 0
600, 1, 242, 281, 136, 0, 47.42%, 0, 0, 4, 420.94, 242940, 193, 0, 0
605, 1, 185, 282, 132, 0, 47.42%, 0, 0, 4, 394.48, 244913, 193, 0, 0
610, 1, 128, 282, 129, 0, 47.42%, 0, 0, 4, 409.87, 247055, 193, 0, 0
615, 1, 135, 283, 128, 0, 47.42%, 0, 0, 4, 416.50, 249206, 193, 0, 0
620, 1, 164, 283, 122, 0, 47.42%, 0, 0, 4, 443.65, 251434, 193, 0, 0
625, 1, 131, 283, 121, 0, 47.42%, 0, 0, 4, 423.78, 253619, 193, 0, 0
631, 1, 19, 283, 118, 0, 47.42%, 0, 0, 4, 434.35, 255915, 193, 0, 0
636, 1, 213, 283, 114, 0, 47.42%, 0, 0, 4, 407.09, 257993, 193, 0, 0
641, 1, 104, 283, 110, 0, 47.42%, 0, 0, 4, 404.12, 260023, 193, 0, 0
646, 1, 98, 283, 107, 0, 47.42%, 0, 0, 4, 389.17, 262014, 193, 0, 0
651, 1, 112, 283, 105, 0, 47.42%, 0, 0, 4, 398.13, 263971, 193, 0, 0
656, 1, 159, 283, 101, 0, 47.42%, 0, 0, 4, 433.67, 266122, 193, 0, 0
661, 1, 8, 283, 100, 0, 47.42%, 0, 0, 4, 406.41, 268123, 193, 0, 0
666, 1, 220, 283, 97, 0, 47.42%, 0, 0, 4, 390.14, 270059, 193, 0, 0
671, 1, 76, 283, 93, 0, 47.42%, 0, 0, 4, 411.36, 272153, 193, 0, 0
677, 1, 177, 283, 89, 0, 47.42%, 0, 0, 4, 412.33, 274169, 193, 0, 0
682, 1, 229, 283, 88, 0, 47.42%, 0, 0, 4, 413.21, 276229, 193, 0, 0
687, 1, 124, 283, 85, 0, 47.42%, 0, 0, 4, 405.58, 278235, 193, 0, 0
692, 1, 174, 283, 83, 0, 47.42%, 0, 0, 4, 419.86, 280386, 193, 0, 0
697, 1, 211, 286, 84, 0, 47.42%, 0, 0, 4, 418.13, 282533, 193, 0, 0
702, 1, 212, 286, 83, 0, 47.42%, 0, 0, 4, 398.00, 284557, 193, 0, 0
707, 1, 29, 286, 82, 0, 47.42%, 0, 0, 4, 413.96, 286669, 193, 0, 0
712, 1, 91, 287, 80, 0, 47.42%, 0, 0, 4, 417.05, 288868, 193, 0, 0
717, 1, 279, 287, 78, 0, 47.42%, 0, 0, 4, 382.83, 290790, 193, 0, 0
722, 1, 120, 287, 76, 0, 47.42%, 0, 0, 4, 397.79, 292818, 193, 0, 0
727, 1, 96, 287, 73, 0, 47.42%, 0, 0, 4, 402.91, 294831, 193, 0, 0
733, 1, 268, 289, 72, 0, 47.42%, 0, 0, 4, 398.22, 296876, 193, 0, 0
738, 1, 289, 290, 71, 0, 47.42%, 0, 0, 5, 417.54, 299039, 193, 0, 0
743, 1, 256, 290, 68, 0, 47.42%, 0, 0, 5, 426.99, 301211, 193, 0, 0
748, 1, 139, 290, 65, 0, 47.42%, 0, 0, 5, 427.13, 303438, 193, 0, 0
753, 1, 286, 293, 67, 0, 47.42%, 0, 0, 5, 435.10, 305589, 193, 0, 0
758, 1, 165, 293, 64, 0, 47.42%, 0, 0, 5, 412.23, 307669, 193, 0, 0
763, 1, 10, 293, 62, 0, 47.42%, 0, 0, 5, 391.48, 309678, 193, 0, 0
768, 1, 75, 293, 59, 0, 47.42%, 0, 0, 5, 368.40, 311578, 193, 0, 0
773, 1, 155, 293, 57, 0, 47.42%, 0, 0, 5, 386.50, 313577, 193, 0, 0
778, 1, 238, 293, 55, 0, 47.42%, 0, 0, 5, 416.71, 315691, 193, 0, 0
783, 1, 218, 293, 54, 0, 47.42%, 0, 0, 5, 445.32, 317953, 193, 0, 0
789, 1, 232, 293, 51, 0, 47.42%, 0, 0, 5, 434.15, 320270, 193, 0, 0
794, 1, 43, 293, 49, 0, 47.42%, 0, 0, 5, 427.37, 322390, 193, 0, 0
799, 1, 55, 293, 46, 0, 47.42%, 0, 0, 5, 422.12, 324547, 193, 0, 0
804, 1, 209, 293, 44, 0, 47.42%, 0, 0, 5, 401.68, 326548, 193, 0, 0
809, 1, 127, 294, 45, 0, 47.42%, 0, 0, 5, 386.85, 328525, 193, 0, 0
814, 1, 294, 295, 44, 1, 47.42%, 0, 0, 5, 406.79, 330686, 193, 0, 0
819, 1, 281, 296, 40, 0, 47.42%, 0, 0, 5, 441.70, 332925, 193, 0, 0
824, 1, 92, 296, 38, 0, 47.42%, 0, 0, 5, 430.74, 335054, 193, 0, 0
829, 2, 310, 348, 89, 16, 52.33%, 2, 0, 5, 415.21, 337158, 213, 2, 0
834, 2, 298, 348, 87, 14, 52.33%, 2, 0, 5, 428.11, 339343, 213, 2, 0
839, 2, 298, 348, 87, 14, 52.33%, 2, 0, 5, 405.48, 341388, 213, 2, 0
844, 2, 300, 348, 85, 12, 52.33%, 2, 0, 5, 428.97, 343635, 213, 2, 0
850, 2, 301, 348, 84, 11, 52.33%, 2, 0, 5, 393.90, 345659, 213, 2, 0
855, 2, 322, 348, 83, 10, 52.33%, 2, 0, 5, 379.24, 347563, 213, 2, 0
860, 2, 323, 348, 81, 8, 52.33%, 2, 0, 5, 392.73, 349590, 213, 2, 0
865, 2, 341, 348, 80, 7, 52.33%, 2, 0, 5, 410.55, 351732, 213, 2, 0
870, 2, 340, 348, 79, 6, 52.33%, 2, 0, 5, 407.04, 353768, 213, 2, 0
875, 2, 304, 348, 77, 4, 52.33%, 2, 0, 5, 396.35, 355858, 213, 2, 0
880, 2, 342, 348, 75, 2, 52.33%, 3, 0, 5, 391.87, 357844, 213, 3, 0
885, 2, 275, 348, 72, 0, 52.33%, 4, 0, 5, 435.03, 360085, 213, 4, 0
890, 2, 287, 349, 71, 0, 52.33%, 4, 0, 5, 423.77, 362201, 213, 5, 0
895, 2, 338, 349, 69, 0, 52.33%, 5, 0, 5, 438.81, 364416, 213, 8, 0
900, 2, 176, 349, 67, 0, 52.33%, 5, 0, 5, 415.39, 366447, 213, 8, 0
902, 2, 306, 349, 66, 0, 52.33%, 5, 0, 5, 451.22, 367392, 213, 8, 0
