# relative_time, cycles_done, cur_item, corpus_count, pending_total, pending_favs, map_size, saved_crashes, saved_hangs, max_depth, execs_per_sec, total_execs, edges_found, total_crashes, servers_count
60, 0, 9, 90, 85, 3, 31.94%, 0, 0, 2, 438.27, 29231, 130, 0, 0
66, 0, 9, 91, 86, 3, 31.94%, 0, 0, 2, 466.40, 31656, 130, 0, 0
71, 0, 9, 93, 88, 3, 31.94%, 0, 0, 2, 448.77, 33908, 130, 0, 0
76, 0, 9, 93, 88, 3, 31.94%, 0, 0, 2, 445.87, 36206, 130, 0, 0
81, 0, 9, 94, 89, 3, 31.94%, 0, 0, 2, 447.71, 38451, 130, 0, 0
86, 0, 9, 96, 91, 3, 31.94%, 0, 0, 2, 444.45, 40721, 130, 0, 0
91, 0, 9, 100, 95, 3, 31.94%, 0, 0, 2, 450.94, 42987, 130, 0, 0
96, 0, 9, 100, 95, 3, 31.94%, 0, 0, 2, 432.64, 45093, 130, 0, 0
101, 0, 9, 100, 95, 3, 31.94%, 0, 0, 2, 429.04, 47197, 130, 0, 0
106, 0, 9, 102, 97, 3, 31.94%, 0, 0, 2, 438.12, 49419, 130, 0, 0
111, 0, 9, 103, 98, 3, 31.94%, 0, 0, 2, 443.06, 51634, 130, 0, 0
116, 0, 9, 104, 99, 3, 31.94%, 0, 0, 2, 444.63, 53849, 130, 0, 0
121, 0, 106, 149, 136, 23, 42.51%, 0, 0, 3, 437.01, 56033, 173, 0, 0
126, 0, 121, 154, 140, 22, 42.51%, 0, 0, 3, 452.83, 58273, 173, 0, 0
132, 0, 0, 157, 141, 22, 42.75%, 0, 0, 3, 434.86, 60427, 174, 0, 0
137, 0, 105, 157, 139, 20, 42.75%, 0, 0, 3, 436.60, 62644, 174, 0, 0
142, 0, 123, 157, 138, 19, 42.75%, 0, 0, 3, 450.45, 64971, 174, 0, 0
147, 0, 122, 158, 137, 18, 43.00%, 0, 0, 3, 455.61, 67226, 175, 0, 0
152, 0, 122, 172, 151, 18, 43.24%, 0, 0, 3, 452.64, 69473, 176, 0, 0
157, 0, 167, 184, 162, 19, 43.24%, 0, 0, 3, 471.08, 71806, 176, 0, 0
162, 0, 167, 193, 171, 19, 43.24%, 0, 0, 3, 434.85, 73958, 176, 0, 0
167, 0, 167, 193, 171, 19, 43.24%, 0, 0, 3, 438.71, 76094, 176, 0, 0
172, 0, 167, 194, 172, 19, 43.49%, 0, 0, 3, 454.13, 78421, 177, 0, 0
177, 0, 167, 195, 173, 19, 43.49%, 0, 0, 3, 453.73, 80713, 177, 0, 0
182, 0, 167, 197, 175, 19, 43.49%, 0, 0, 3, 443.08, 82930, 177, 0, 0
187, 0, 194, 197, 174, 20, 43.49%, 0, 0, 3, 475.90, 85382, 177, 0, 0
192, 0, 100, 202, 178, 19, 43.49%, 0, 0, 4, 437.20, 87522, 177, 0, 0
197, 0, 193, 202, 177, 18, 43.49%, 0, 0, 4, 430.43, 89714, 177, 0, 0
203, 0, 193, 202, 177, 18, 43.49%, 0, 0, 4, 428.69, 91925, 177, 0, 0
208, 0, 157, 202, 174, 15, 43.49%, 0, 0, 4, 435.32, 94132, 177, 0, 0
213, 0, 26, 202, 172, 13, 43.49%, 0, 0, 4, 431.58, 96320, 177, 0, 0
218, 0, 64, 207, 174, 12, 43.49%, 0, 0, 4, 440.13, 98580, 177, 0, 0
223, 0, 85, 213, 179, 11, 44.23%, 0, 0, 4, 425.03, 100725, 180, 0, 0
228, 0, 85, 221, 187, 11, 44.23%, 0, 0, 4, 432.24, 102909, 180, 0, 0
233, 0, 85, 221, 187, 11, 44.23%, 0, 0, 4, 418.78, 105021, 180, 0, 0
238, 0, 85, 221, 187, 11, 44.23%, 0, 0, 4, 420.32, 107141, 180, 0, 0
243, 0, 85, 222, 188, 11, 44.23%, 0, 0, 4, 428.14, 109293, 180, 0, 0
248, 0, 85, 223, 189, 11, 44.23%, 0, 0, 4, 410.34, 111308, 180, 0, 0
253, 0, 85, 226, 192, 11, 44.23%, 0, 0, 4, 420.04, 113465, 180, 0, 0
259, 0, 85, 227, 193, 11, 44.23%, 0, 0, 4, 397.96, 115504, 180, 0, 0
264, 0, 85, 227, 193, 11, 44.23%, 0, 0, 4, 429.78, 117680, 180, 0, 0
269, 0, 85, 227, 193, 11, 44.23%, 0, 0, 4, 396.29, 119664, 180, 0, 0
274, 0, 85, 227, 193, 11, 44.23%, 0, 0, 4, 377.58, 121624, 180, 0, 0
279, 0, 85, 227, 193, 11, 44.23%, 0, 0, 4, 406.41, 123752, 180, 0, 0
284, 0, 85, 228, 194, 11, 44.23%, 0, 0, 4, 417.92, 125895, 180, 0, 0
289, 0, 85, 228, 194, 11, 44.23%, 0, 0, 4, 426.19, 128095, 180, 0, 0
294, 0, 85, 228, 194, 11, 44.23%, 0, 0, 4, 432.77, 130279, 180, 0, 0
299, 0, 85, 228, 194, 11, 44.23%, 0, 0, 4, 414.10, 132391, 180, 0, 0
305, 0, 85, 229, 195, 11, 44.23%, 0, 0, 4, 448.74, 134662, 180, 0, 0
310, 0, 85, 229, 195, 11, 44.23%, 0, 0, 4, 444.09, 136958, 180, 0, 0
315, 0, 85, 231, 197, 11, 44.23%, 0, 0, 4, 443.91, 139204, 180, 0, 0
320, 0, 85, 231, 197, 11, 44.23%, 0, 0, 4, 425.48, 141260, 180, 0, 0
325, 0, 85, 231, 197, 11, 44.23%, 0, 0, 4, 441.53, 143556, 180, 0, 0
330, 0, 85, 231, 197, 11, 44.23%, 0, 0, 4, 431.33, 145756, 180, 0, 0
335, 0, 85, 231, 197, 11, 44.23%, 0, 0, 4, 444.32, 148020, 180, 0, 0
340, 0, 85, 231, 197, 11, 44.23%, 0, 0, 4, 432.66, 150212, 180, 0, 0
345, 0, 228, 232, 193, 9, 44.47%, 0, 0, 4, 423.21, 152412, 181, 0, 0
350, 0, 94, 234, 191, 6, 44.47%, 0, 0, 4, 436.08, 154621, 181, 0, 0
355, 0, 136, 237, 193, 5, 44.47%, 0, 0, 4, 392.01, 156496, 181, 0, 0
361, 0, 136, 239, 195, 5, 44.47%, 0, 0, 4, 416.15, 158634, 181, 0, 0
366, 0, 136, 239, 195, 5, 44.47%, 0, 0, 4, 409.37, 160730, 181, 0, 0
371, 0, 136, 241, 197, 5, 44.47%, 0, 0, 4, 439.02, 162936, 181, 0, 0
376, 0, 136, 241, 197, 5, 44.47%, 0, 0, 4, 428.71, 165216, 181, 0, 0
381, 0, 136, 241, 197, 5, 44.47%, 0, 0, 4, 425.64, 167400, 181, 0, 0
386, 0, 136, 241, 197, 5, 44.47%, 0, 0, 4, 401.50, 169440, 181, 0, 0
391, 0, 136, 241, 197, 5, 44.47%, 0, 0, 4, 415.07, 171632, 181, 0, 0
396, 0, 136, 242, 198, 5, 44.47%, 0, 0, 4, 426.36, 173791, 181, 0, 0
401, 0, 136, 244, 200, 5, 44.47%, 0, 0, 4, 444.34, 176164, 181, 0, 0
407, 0, 136, 245, 201, 5, 44.47%, 0, 0, 4, 442.44, 178500, 181, 0, 0
412, 0, 136, 245, 201, 5, 44.47%, 0, 0, 4, 459.18, 180842, 181, 0, 0
417, 0, 136, 245, 201, 5, 44.47%, 0, 0, 4, 390.27, 182767, 181, 0, 0
422, 0, 136, 245, 201, 5, 44.47%, 0, 0, 4, 422.35, 184900, 181, 0, 0
427, 0, 136, 245, 201, 5, 44.47%, 0, 0, 4, 439.23, 187148, 181, 0, 0
432, 0, 136, 245, 201, 5, 44.47%, 0, 0, 4, 435.28, 189420, 181, 0, 0
437, 0, 136, 245, 201, 5, 44.47%, 0, 0, 4, 415.46, 191460, 181, 0, 0
442, 0, 136, 245, 201, 5, 44.47%, 0, 0, 4, 435.71, 193668, 181, 0, 0
447, 0, 104, 245, 197, 4, 44.47%, 0, 0, 4, 443.02, 195926, 181, 0, 0
452, 0, 112, 246, 196, 2, 44.47%, 0, 0, 4, 430.85, 198066, 181, 0, 0
458, 0, 112, 246, 196, 2, 44.47%, 0, 0, 4, 400.88, 200042, 181, 0, 0
463, 0, 112, 246, 196, 2, 44.47%, 0, 0, 4, 399.79, 202097, 181, 0, 0
468, 0, 0, 246, 195, 1, 44.47%, 0, 0, 4, 390.83, 204037, 181, 0, 0
473, 0, 117, 246, 192, 0, 44.47%, 0, 0, 4, 432.82, 206214, 181, 0, 0
478, 0, 163, 248, 192, 0, 44.47%, 0, 0, 4, 433.46, 208454, 181, 0, 0
483, 0, 197, 248, 191, 0, 44.47%, 0, 0, 4, 414.85, 210474, 181, 0, 0
488, 0, 228, 248, 189, 0, 44.47%, 0, 0, 4, 428.42, 212705, 181, 0, 0
493, 0, 131, 248, 182, 0, 44.47%, 0, 0, 4, 455.14, 214958, 181, 0, 0
498, 0, 102, 248, 178, 0, 44.47%, 0, 0, 4, 487.19, 217454, 181, 0, 0
503, 0, 246, 248, 176, 0, 44.47%, 0, 0, 4, 438.41, 219635, 181, 0, 0
508, 0, 228, 248, 172, 0, 44.47%, 0, 0, 4, 458.76, 221904, 181, 0, 0
513, 0, 113, 248, 170, 0, 44.47%, 0, 0, 4, 447.56, 224095, 181, 0, 0
518, 0, 94, 248, 166, 0, 44.47%, 0, 0, 4, 429.65, 226234, 181, 0, 0
523, 0, 195, 249, 164, 0, 44.47%, 0, 0, 4, 438.42, 228501, 181, 0, 0
529, 0, 148, 249, 161, 0, 44.47%, 0, 0, 4, 435.67, 230699, 181, 0, 0
534, 0, 206, 249, 157, 0, 44.47%, 0, 0, 4, 431.68, 232917, 181, 0, 0
539, 0, 207, 249, 154, 0, 44.47%, 0, 0, 4, 422.88, 235048, 181, 0, 0
544, 0, 0, 249, 153, 0, 44.47%, 0, 0, 4, 458.55, 237315, 181, 0, 0
549, 0, 52, 249, 150, 0, 44.47%, 0, 0, 4, 452.19, 239603, 181, 0, 0
554, 0, 109, 249, 149, 0, 44.47%, 0, 0, 4, 399.47, 241519, 181, 0, 0
559, 0, 216, 249, 145, 0, 44.47%, 0, 0, 4, 448.99, 243841, 181, 0, 0
564, 0, 212, 249, 141, 0, 44.47%, 0, 0, 4, 517.80, 245897, 181, 0, 0
569, 0, 116, 253, 142, 0, 44.47%, 0, 0, 4, 440.28, 248075, 181, 0, 0
574, 0, 111, 253, 141, 0, 44.47%, 0, 0, 4, 413.04, 250130, 181, 0, 0
579, 0, 30, 254, 138, 0, 44.47%, 0, 0, 4, 416.70, 252130, 181, 0, 0
584, 0, 251, 254, 137, 0, 44.47%, 0, 0, 4, 442.03, 254360, 181, 0, 0
589, 0, 193, 255, 136, 0, 44.47%, 0, 0, 4, 432.27, 256521, 181, 0, 0
594, 0, 132, 255, 134, 0, 44.47%, 0, 0, 4, 431.07, 258664, 181, 0, 0
600, 0, 110, 255, 132, 0, 44.47%, 0, 0, 4, 430.77, 260878, 181, 0, 0
605, 0, 161, 256, 131, 0, 44.47%, 0, 0, 4, 424.78, 262970, 181, 0, 0
610, 0, 20, 256, 129, 0, 44.47%, 0, 0, 4, 410.04, 265018, 181, 0, 0
615, 0, 228, 256, 126, 0, 44.47%, 0, 0, 4, 428.98, 267228, 181, 0, 0
620, 1, 170, 257, 124, 0, 44.47%, 0, 0, 4, 416.22, 269352, 181, 0, 0
625, 1, 257, 259, 123, 1, 44.72%, 0, 0, 4, 380.35, 271330, 182, 0, 0
630, 1, 152, 259, 122, 0, 44.72%, 0, 0, 4, 420.85, 273403, 182, 0, 0
635, 1, 127, 259, 118, 0, 44.72%, 0, 0, 4, 446.97, 275753, 182, 0, 0
640, 1, 158, 260, 115, 0, 44.72%, 0, 0, 4, 423.90, 277875, 182, 0, 0
646, 1, 168, 260, 112, 0, 44.72%, 0, 0, 4, 414.27, 280046, 182, 0, 0
651, 1, 22, 262, 111, 0, 44.96%, 0, 0, 4, 447.60, 282265, 183, 0, 0
656, 1, 22, 264, 113, 0, 44.96%, 0, 0, 4, 383.61, 284192, 183, 0, 0
661, 1, 22, 266, 115, 0, 44.96%, 0, 0, 4, 410.63, 286292, 183, 0, 0
666, 1, 22, 267, 116, 0, 45.21%, 0, 0, 4, 439.71, 288512, 184, 0, 0
671, 1, 22, 268, 117, 0, 45.21%, 0, 0, 4, 426.45, 290647, 184, 0, 0
676, 1, 266, 270, 119, 3, 45.45%, 0, 0, 4, 424.39, 292798, 185, 0, 0
681, 1, 58, 271, 117, 1, 45.45%, 0, 0, 4, 438.01, 295048, 185, 0, 0
686, 1, 0, 271, 113, 0, 45.45%, 0, 0, 4, 426.14, 297185, 185, 0, 0
691, 1, 213, 271, 110, 0, 45.45%, 0, 0, 4, 398.40, 299207, 185, 0, 0
696, 1, 220, 271, 106, 0, 45.45%, 0, 0, 4, 390.71, 301223, 185, 0, 0
701, 1, 250, 272, 106, 0, 45.45%, 0, 0, 4, 388.90, 303260, 185, 0, 0
706, 1, 149, 272, 102, 0, 45.45%, 0, 0, 4, 413.45, 305320, 185, 0, 0
711, 1, 207, 272, 99, 0, 45.45%, 0, 0, 4, 421.53, 307425, 185, 0, 0
717, 1, 173, 272, 97, 0, 45.45%, 0, 0, 4, 411.81, 309589, 185, 0, 0
722, 1, 203, 272, 94, 0, 45.45%, 0, 0, 4, 397.25, 311619, 185, 0, 0
727, 1, 183, 272, 92, 0, 45.45%, 0, 0, 4, 385.21, 313610, 185, 0, 0
732, 1, 151, 272, 90, 0, 45.45%, 0, 0, 4, 413.91, 315674, 185, 0, 0
737, 1, 186, 273, 86, 0, 45.45%, 0, 0, 4, 452.22, 317973, 185, 0, 0
742, 1, 159, 273, 84, 0, 45.45%, 0, 0, 4, 433.31, 320095, 185, 0, 0
747, 1, 190, 273, 81, 0, 45.45%, 0, 0, 4, 411.54, 322160, 185, 0, 0
752, 1, 190, 276, 84, 0, 45.45%, 0, 0, 4, 380.22, 324138, 185, 0, 0
759, 1, 190, 276, 84, 0, 45.45%, 0, 0, 4, 5.60, 324513, 185, 0, 0
764, 1, 190, 276, 84, 0, 45.45%, 0, 0, 4, 163.90, 324897, 185, 0, 0
769, 1, 190, 276, 84, 0, 45.45%, 0, 0, 4, 129.02, 325495, 185, 0, 0
774, 1, 190, 276, 84, 0, 45.45%, 0, 0, 4, 132.39, 326147, 185, 0, 0
779, 1, 276, 277, 84, 1, 45.95%, 0, 0, 4, 121.90, 326730, 187, 0, 0
784, 1, 34, 277, 83, 0, 45.95%, 0, 0, 4, 116.76, 327342, 187, 0, 0
790, 1, 260, 277, 82, 0, 45.95%, 0, 0, 4, 112.64, 327918, 187, 0, 0
795, 1, 215, 277, 81, 0, 45.95%, 0, 0, 4, 117.83, 328537, 187, 0, 0
800, 1, 114, 277, 80, 0, 45.95%, 0, 0, 4, 118.55, 329150, 187, 0, 0
805, 1, 114, 277, 80, 0, 45.95%, 0, 0, 4, 104.70, 329634, 187, 0, 0
810, 1, 255, 277, 79, 0, 45.95%, 0, 0, 4, 120.55, 330228, 187, 0, 0
815, 1, 255, 277, 79, 0, 45.95%, 0, 0, 4, 130.84, 330913, 187, 0, 0
820, 1, 175, 277, 78, 0, 45.95%, 0, 0, 4, 124.85, 331542, 187, 0, 0
825, 1, 40, 277, 77, 0, 45.95%, 0, 0, 4, 115.63, 332116, 187, 0, 0
830, 1, 222, 277, 77, 0, 45.95%, 0, 0, 4, 122.31, 332730, 187, 0, 0
835, 1, 194, 277, 76, 0, 45.95%, 0, 0, 4, 116.04, 333327, 187, 0, 0
841, 1, 256, 277, 76, 0, 45.95%, 0, 0, 4, 106.76, 333884, 187, 0, 0
846, 1, 155, 277, 76, 0, 45.95%, 0, 0, 4, 113.48, 334486, 187, 0, 0
851, 1, 165, 278, 76, 0, 45.95%, 0, 0, 4, 105.58, 335006, 187, 0, 0
856, 1, 270, 278, 75, 0, 45.95%, 0, 0, 4, 105.62, 335543, 187, 0, 0
861, 1, 80, 279, 74, 0, 45.95%, 0, 0, 4, 110.07, 336130, 187, 0, 0
866, 1, 242, 279, 73, 0, 45.95%, 0, 0, 4, 109.92, 336683, 187, 0, 0
871, 1, 124, 279, 72, 0, 45.95%, 0, 0, 4, 109.90, 337235, 187, 0, 0
876, 1, 124, 279, 72, 0, 45.95%, 0, 0, 4, 76.17, 337957, 187, 0, 0
882, 1, 277, 280, 71, 0, 45.95%, 0, 0, 4, 103.70, 338513, 187, 0, 0
887, 1, 97, 280, 70, 0, 45.95%, 0, 0, 4, 120.50, 339107, 187, 0, 0
892, 1, 126, 280, 67, 0, 45.95%, 0, 0, 4, 123.79, 339767, 187, 0, 0
897, 1, 126, 280, 67, 0, 45.95%, 0, 0, 4, 115.81, 340363, 187, 0, 0
900, 1, 126, 280, 67, 0, 45.95%, 0, 0, 4, 113.59, 340763, 187, 0, 0
