# relative_time, cycles_done, cur_item, corpus_count, pending_total, pending_favs, map_size, saved_crashes, saved_hangs, max_depth, execs_per_sec, total_execs, edges_found, total_crashes, servers_count
61, 0, 3, 27, 22, 3, 22.60%, 0, 0, 2, 473.61, 28342, 92, 0, 0
66, 0, 3, 27, 22, 3, 22.60%, 0, 0, 2, 472.22, 30601, 92, 0, 0
71, 0, 3, 27, 22, 3, 22.60%, 0, 0, 2, 422.69, 32717, 92, 0, 0
76, 0, 3, 27, 22, 3, 22.60%, 0, 0, 2, 440.49, 35101, 92, 0, 0
81, 0, 3, 27, 22, 3, 22.60%, 0, 0, 2, 438.09, 37341, 92, 0, 0
86, 0, 3, 28, 23, 3, 22.60%, 0, 0, 2, 430.07, 39452, 92, 0, 0
92, 0, 3, 28, 23, 3, 22.60%, 0, 0, 2, 440.56, 41708, 92, 0, 0
97, 0, 3, 29, 24, 3, 22.60%, 0, 0, 2, 458.96, 44061, 92, 0, 0
102, 0, 3, 29, 24, 3, 22.60%, 0, 0, 2, 422.98, 46187, 92, 0, 0
107, 0, 3, 29, 24, 3, 22.60%, 0, 0, 2, 434.31, 48403, 92, 0, 0
112, 0, 3, 29, 24, 3, 22.60%, 0, 0, 2, 456.18, 50757, 92, 0, 0
117, 0, 7, 93, 87, 2, 35.38%, 0, 0, 2, 452.59, 53008, 144, 0, 0
122, 0, 8, 117, 111, 28, 35.63%, 0, 0, 2, 392.48, 54895, 145, 0, 0
126, 0, 9, 117, 111, 28, 35.63%, 0, 0, 2, 22.22, 56576, 145, 0, 0
