# relative_time, cycles_done, cur_item, corpus_count, pending_total, pending_favs, map_size, saved_crashes, saved_hangs, max_depth, execs_per_sec, total_execs, edges_found, total_crashes, servers_count
61, 0, 9, 93, 88, 4, 30.96%, 0, 0, 2, 398.47, 25576, 126, 0, 0
66, 0, 9, 94, 89, 4, 30.96%, 0, 0, 2, 426.85, 27724, 126, 0, 0
71, 0, 9, 94, 89, 4, 30.96%, 0, 0, 2, 437.89, 29980, 126, 0, 0
76, 0, 9, 97, 92, 4, 30.96%, 0, 0, 2, 416.21, 32065, 126, 0, 0
81, 0, 9, 97, 92, 4, 30.96%, 0, 0, 2, 438.20, 34281, 126, 0, 0
86, 0, 9, 97, 92, 4, 30.96%, 0, 0, 2, 440.99, 36497, 126, 0, 0
91, 0, 9, 98, 93, 4, 30.96%, 0, 0, 2, 407.80, 38484, 126, 0, 0
96, 0, 9, 98, 93, 4, 30.96%, 0, 0, 2, 471.59, 40959, 126, 0, 0
101, 0, 9, 99, 94, 4, 30.96%, 0, 0, 2, 424.57, 43088, 126, 0, 0
106, 0, 9, 99, 94, 4, 30.96%, 0, 0, 2, 455.57, 45448, 126, 0, 0
112, 0, 9, 100, 95, 4, 30.96%, 0, 0, 2, 414.54, 47583, 126, 0, 0
117, 0, 9, 101, 96, 4, 30.96%, 0, 0, 2, 408.69, 49629, 126, 0, 0
122, 0, 9, 103, 98, 4, 30.96%, 0, 0, 2, 398.37, 51652, 126, 0, 0
127, 0, 9, 103, 98, 4, 30.96%, 0, 0, 2, 441.49, 53932, 126, 0, 0
132, 0, 124, 125, 117, 26, 34.64%, 0, 0, 3, 445.42, 56178, 141, 0, 0
137, 0, 106, 126, 112, 21, 34.89%, 0, 0, 3, 422.61, 58277, 142, 0, 0
142, 0, 0, 132, 117, 22, 35.63%, 1, 0, 3, 417.27, 60395, 145, 1, 0
147, 0, 92, 135, 119, 22, 36.12%, 1, 0, 3, 417.71, 62499, 147, 1, 0
153, 0, 92, 137, 121, 22, 36.12%, 1, 0, 3, 441.89, 64753, 147, 1, 0
158, 0, 92, 138, 122, 22, 36.12%, 1, 0, 3, 422.50, 66889, 147, 1, 0
163, 0, 92, 138, 122, 22, 36.12%, 1, 0, 3, 462.64, 69266, 147, 1, 0
168, 0, 92, 139, 123, 22, 36.12%, 1, 0, 3, 467.39, 71613, 147, 1, 0
173, 0, 92, 139, 123, 22, 36.12%, 1, 0, 3, 469.22, 73962, 147, 1, 0
178, 0, 92, 139, 123, 22, 36.12%, 1, 0, 3, 472.30, 76419, 147, 1, 0
183, 0, 92, 139, 123, 22, 36.12%, 1, 0, 3, 464.18, 78732, 147, 1, 0
188, 0, 92, 139, 123, 22, 36.12%, 1, 0, 3, 464.29, 81054, 147, 1, 0
193, 0, 92, 139, 123, 22, 36.12%, 1, 0, 3, 452.16, 83349, 147, 1, 0
198, 0, 92, 139, 123, 22, 36.12%, 1, 0, 3, 422.87, 85480, 147, 1, 0
204, 0, 70, 139, 122, 21, 36.12%, 1, 0, 3, 426.56, 87709, 147, 1, 0
209, 0, 129, 140, 120, 19, 36.86%, 1, 0, 3, 451.07, 90026, 150, 1, 0
214, 0, 129, 149, 129, 19, 37.84%, 1, 0, 3, 445.50, 92206, 154, 1, 0
219, 0, 129, 150, 130, 19, 37.84%, 1, 0, 3, 430.33, 94317, 154, 1, 0
224, 0, 129, 150, 130, 19, 37.84%, 1, 0, 3, 391.01, 96297, 154, 1, 0
229, 0, 129, 153, 133, 19, 37.84%, 1, 0, 3, 413.00, 98458, 154, 1, 0
234, 0, 129, 154, 134, 19, 38.57%, 1, 0, 3, 418.66, 100593, 157, 1, 0
239, 0, 129, 154, 134, 19, 38.57%, 1, 0, 3, 456.14, 102825, 157, 1, 0
244, 0, 129, 155, 135, 19, 38.57%, 1, 0, 3, 421.98, 104928, 157, 1, 0
249, 0, 129, 156, 136, 19, 38.57%, 1, 0, 3, 420.23, 107071, 157, 1, 0
254, 0, 129, 156, 136, 19, 38.57%, 1, 0, 3, 405.68, 109167, 157, 1, 0
260, 0, 129, 156, 136, 19, 38.57%, 1, 0, 3, 415.88, 111279, 157, 1, 0
265, 0, 129, 156, 136, 19, 38.57%, 1, 0, 3, 399.87, 113415, 157, 1, 0
270, 0, 129, 157, 137, 19, 38.57%, 1, 0, 3, 395.31, 115414, 157, 1, 0
275, 0, 129, 157, 137, 19, 38.57%, 1, 0, 3, 433.02, 117630, 157, 1, 0
280, 0, 129, 157, 137, 19, 38.57%, 1, 0, 3, 444.22, 119878, 157, 1, 0
285, 0, 144, 163, 142, 17, 38.57%, 1, 0, 4, 429.30, 122024, 157, 1, 0
290, 0, 161, 172, 150, 17, 38.57%, 1, 0, 5, 443.14, 124255, 157, 1, 0
295, 0, 161, 176, 154, 17, 38.57%, 1, 0, 5, 422.38, 126371, 157, 1, 0
300, 0, 161, 179, 157, 17, 38.57%, 1, 0, 5, 437.49, 128585, 157, 1, 0
305, 0, 161, 180, 158, 17, 38.57%, 1, 0, 5, 410.04, 130624, 157, 1, 0
310, 0, 161, 183, 161, 17, 38.57%, 1, 0, 5, 398.72, 132696, 157, 1, 0
315, 0, 161, 184, 162, 17, 38.57%, 1, 0, 5, 414.43, 134772, 157, 1, 0
320, 0, 153, 185, 161, 16, 38.82%, 1, 0, 5, 423.73, 136921, 158, 1, 0
326, 0, 100, 185, 156, 12, 38.82%, 1, 0, 5, 424.28, 139067, 158, 1, 0
331, 0, 100, 192, 163, 12, 38.82%, 1, 0, 5, 439.81, 141320, 158, 1, 0
336, 0, 100, 192, 163, 12, 38.82%, 1, 0, 5, 434.11, 143441, 158, 1, 0
341, 0, 100, 192, 163, 12, 38.82%, 1, 0, 5, 423.22, 145561, 158, 1, 0
346, 0, 100, 192, 163, 12, 38.82%, 1, 0, 5, 416.10, 147673, 158, 1, 0
351, 0, 100, 192, 163, 12, 38.82%, 1, 0, 5, 446.40, 150001, 158, 1, 0
356, 0, 100, 192, 163, 12, 38.82%, 1, 0, 5, 417.99, 152065, 158, 1, 0
361, 0, 100, 195, 166, 12, 38.82%, 1, 0, 5, 408.45, 154142, 158, 1, 0
366, 0, 100, 195, 166, 12, 38.82%, 1, 0, 5, 397.95, 156157, 158, 1, 0
371, 0, 100, 196, 167, 12, 38.82%, 1, 0, 5, 408.42, 158213, 158, 1, 0
376, 0, 100, 196, 167, 12, 38.82%, 1, 0, 5, 452.02, 160445, 158, 1, 0
382, 0, 100, 196, 167, 12, 38.82%, 1, 0, 5, 411.96, 162485, 158, 1, 0
387, 0, 100, 196, 167, 12, 38.82%, 1, 0, 5, 412.12, 164597, 158, 1, 0
392, 0, 100, 196, 167, 12, 38.82%, 1, 0, 5, 419.44, 166733, 158, 1, 0
397, 0, 100, 196, 167, 12, 38.82%, 1, 0, 5, 419.88, 168885, 158, 1, 0
402, 0, 100, 196, 167, 12, 38.82%, 1, 0, 5, 407.28, 170941, 158, 1, 0
407, 0, 100, 196, 167, 12, 38.82%, 1, 0, 5, 433.34, 173157, 158, 1, 0
412, 0, 100, 196, 167, 12, 38.82%, 1, 0, 5, 466.91, 175577, 158, 1, 0
417, 0, 100, 196, 167, 12, 38.82%, 1, 0, 5, 434.29, 177749, 158, 1, 0
422, 0, 117, 196, 164, 8, 38.82%, 1, 0, 5, 427.80, 179884, 158, 1, 0
427, 0, 8, 197, 163, 7, 38.82%, 1, 0, 5, 410.11, 181937, 158, 1, 0
432, 0, 8, 197, 163, 7, 38.82%, 1, 0, 5, 388.29, 183865, 158, 1, 0
438, 0, 8, 197, 163, 7, 38.82%, 1, 0, 5, 374.52, 185846, 158, 1, 0
443, 0, 8, 197, 163, 7, 38.82%, 1, 0, 5, 353.73, 187671, 158, 1, 0
448, 0, 125, 198, 161, 5, 38.82%, 1, 0, 5, 408.31, 189823, 158, 1, 0
453, 0, 104, 198, 157, 1, 38.82%, 1, 0, 5, 426.76, 192091, 158, 1, 0
458, 0, 74, 198, 153, 0, 38.82%, 1, 0, 5, 415.61, 194222, 158, 1, 0
463, 0, 132, 198, 149, 0, 38.82%, 1, 0, 5, 431.21, 196395, 158, 1, 0
468, 0, 20, 198, 147, 0, 38.82%, 1, 0, 5, 410.30, 198346, 158, 1, 0
473, 0, 116, 199, 144, 0, 38.82%, 1, 0, 5, 403.98, 200473, 158, 1, 0
478, 0, 170, 199, 138, 0, 38.82%, 1, 0, 5, 411.87, 202564, 158, 1, 0
483, 0, 70, 199, 134, 0, 38.82%, 1, 0, 5, 398.11, 204598, 158, 1, 0
488, 0, 186, 200, 132, 0, 38.82%, 1, 0, 5, 427.46, 206779, 158, 1, 0
493, 0, 154, 200, 131, 0, 38.82%, 1, 0, 5, 433.01, 208986, 158, 1, 0
499, 0, 71, 201, 128, 0, 38.82%, 1, 0, 5, 430.45, 211125, 158, 1, 0
504, 0, 178, 203, 130, 0, 38.82%, 1, 0, 6, 418.78, 213259, 158, 1, 0
509, 0, 174, 203, 128, 0, 38.82%, 1, 0, 6, 410.66, 215346, 158, 1, 0
514, 0, 83, 204, 126, 0, 38.82%, 1, 0, 6, 429.08, 217452, 158, 1, 0
519, 0, 156, 208, 129, 0, 38.82%, 1, 0, 6, 431.82, 219660, 158, 1, 0
524, 0, 156, 210, 131, 0, 38.82%, 1, 0, 6, 404.00, 221690, 158, 1, 0
529, 0, 156, 210, 131, 0, 38.82%, 1, 0, 6, 394.33, 223704, 158, 1, 0
534, 0, 156, 210, 131, 0, 38.82%, 1, 0, 6, 453.74, 225994, 158, 1, 0
539, 0, 156, 211, 132, 0, 38.82%, 1, 0, 6, 424.79, 228073, 158, 1, 0
545, 0, 105, 211, 129, 0, 38.82%, 1, 0, 6, 427.84, 230206, 158, 1, 0
550, 0, 24, 212, 128, 0, 38.82%, 1, 0, 6, 414.35, 232328, 158, 1, 0
555, 0, 163, 212, 126, 0, 38.82%, 1, 0, 6, 434.35, 234576, 158, 1, 0
560, 0, 140, 214, 126, 0, 38.82%, 1, 0, 6, 436.71, 236796, 158, 1, 0
565, 0, 212, 214, 124, 0, 38.82%, 1, 0, 6, 427.71, 238959, 158, 1, 0
570, 0, 132, 215, 124, 0, 38.82%, 2, 0, 7, 402.32, 240991, 158, 2, 0
575, 0, 134, 215, 122, 0, 38.82%, 2, 0, 7, 413.43, 243154, 158, 2, 0
580, 0, 70, 215, 120, 0, 38.82%, 2, 0, 7, 414.68, 245335, 158, 2, 0
585, 0, 205, 215, 118, 0, 38.82%, 2, 0, 7, 404.96, 247398, 158, 2, 0
590, 1, 178, 216, 114, 0, 38.82%, 2, 0, 7, 417.08, 249505, 158, 2, 0
596, 1, 209, 217, 112, 0, 38.82%, 2, 0, 7, 402.32, 251534, 158, 2, 0
601, 1, 143, 219, 112, 0, 38.82%, 2, 0, 7, 402.06, 253660, 158, 2, 0
606, 1, 143, 229, 122, 0, 38.82%, 2, 0, 7, 417.87, 255818, 158, 2, 0
611, 1, 143, 229, 122, 0, 38.82%, 2, 0, 7, 414.66, 257946, 158, 2, 0
616, 1, 143, 231, 124, 0, 38.82%, 2, 0, 7, 403.69, 259984, 158, 2, 0
621, 1, 143, 231, 124, 0, 38.82%, 2, 0, 7, 409.59, 262008, 158, 3, 0
626, 1, 228, 232, 123, 0, 38.82%, 2, 0, 7, 425.87, 264231, 158, 3, 0
631, 1, 204, 237, 125, 0, 38.82%, 2, 0, 7, 425.05, 266302, 158, 3, 0
636, 1, 204, 239, 127, 0, 38.82%, 2, 0, 7, 420.12, 268444, 158, 3, 0
641, 1, 204, 240, 128, 0, 38.82%, 2, 0, 7, 425.83, 270587, 158, 3, 0
646, 1, 204, 240, 128, 0, 38.82%, 2, 0, 7, 471.00, 272956, 158, 3, 0
651, 1, 204, 240, 128, 0, 38.82%, 2, 0, 7, 442.40, 275187, 158, 3, 0
656, 1, 235, 240, 123, 0, 38.82%, 2, 0, 7, 426.72, 277358, 158, 3, 0
662, 1, 162, 242, 124, 0, 38.82%, 2, 0, 7, 435.94, 279628, 158, 3, 0
667, 1, 177, 242, 121, 0, 38.82%, 2, 0, 7, 422.29, 281742, 158, 3, 0
672, 1, 179, 242, 119, 0, 38.82%, 2, 0, 7, 398.32, 283752, 158, 3, 0
677, 1, 118, 242, 116, 0, 38.82%, 2, 0, 7, 447.09, 286105, 158, 3, 0
682, 1, 242, 244, 117, 1, 39.07%, 2, 0, 7, 382.01, 287989, 159, 3, 0
687, 1, 237, 245, 117, 0, 39.07%, 2, 0, 7, 417.61, 290186, 159, 3, 0
692, 1, 234, 245, 115, 0, 39.07%, 2, 0, 7, 425.57, 292310, 159, 3, 0
697, 1, 176, 246, 112, 0, 39.07%, 2, 0, 7, 445.51, 294556, 159, 3, 0
702, 1, 229, 247, 110, 0, 39.07%, 2, 0, 7, 425.62, 296726, 159, 3, 0
707, 1, 124, 249, 110, 0, 39.07%, 2, 0, 7, 466.18, 299069, 159, 3, 0
712, 1, 239, 249, 107, 0, 39.07%, 2, 0, 7, 436.29, 301331, 159, 3, 0
717, 1, 62, 249, 105, 0, 39.07%, 2, 0, 7, 425.20, 303433, 159, 3, 0
722, 1, 146, 249, 102, 0, 39.07%, 2, 0, 7, 438.30, 305664, 159, 3, 0
727, 1, 187, 249, 98, 0, 39.07%, 2, 0, 7, 453.82, 307955, 159, 3, 0
733, 1, 110, 249, 95, 0, 39.07%, 2, 0, 7, 413.60, 310042, 159, 3, 0
738, 1, 222, 251, 94, 0, 39.07%, 2, 0, 7, 426.82, 312197, 159, 3, 0
743, 1, 240, 251, 91, 0, 39.07%, 2, 0, 7, 403.86, 314243, 159, 3, 0
748, 1, 220, 252, 88, 0, 39.07%, 2, 0, 7, 391.88, 316271, 159, 3, 0
753, 1, 109, 252, 85, 0, 39.07%, 2, 0, 7, 412.04, 318354, 159, 3, 0
758, 1, 182, 252, 82, 0, 39.07%, 2, 0, 7, 414.45, 320468, 159, 3, 0
763, 1, 246, 252, 81, 0, 39.07%, 2, 0, 7, 408.94, 322603, 159, 3, 0
768, 1, 141, 253, 79, 0, 39.07%, 2, 0, 7, 413.98, 324675, 159, 3, 0
773, 1, 247, 253, 77, 0, 39.07%, 2, 0, 7, 448.08, 326926, 159, 3, 0
778, 1, 169, 253, 73, 0, 39.07%, 2, 0, 7, 421.61, 329059, 159, 3, 0
783, 1, 161, 253, 71, 0, 39.07%, 2, 0, 7, 445.72, 331409, 159, 3, 0
789, 1, 82, 253, 70, 0, 39.07%, 2, 0, 7, 400.84, 333490, 159, 3, 0
794, 1, 27, 253, 67, 0, 39.07%, 2, 0, 7, 425.13, 335664, 159, 3, 0
799, 1, 231, 253, 62, 0, 39.07%, 2, 0, 7, 435.98, 337804, 159, 3, 0
804, 1, 202, 253, 60, 0, 39.07%, 2, 0, 7, 406.18, 339825, 159, 3, 0
809, 1, 92, 253, 57, 0, 39.07%, 2, 0, 7, 436.52, 342017, 159, 3, 0
814, 1, 85, 253, 55, 0, 39.07%, 2, 0, 7, 450.25, 344400, 159, 3, 0
819, 1, 219, 253, 51, 0, 39.07%, 2, 0, 7, 422.48, 346510, 159, 3, 0
824, 1, 57, 253, 48, 0, 39.07%, 2, 0, 7, 418.42, 348594, 159, 3, 0
829, 1, 111, 253, 45, 0, 39.07%, 2, 0, 7, 407.09, 350701, 159, 3, 0
834, 1, 253, 255, 45, 1, 39.56%, 2, 0, 7, 426.36, 352892, 161, 3, 0
839, 1, 8, 255, 42, 0, 39.56%, 2, 0, 7, 424.56, 355041, 161, 3, 0
844, 1, 203, 255, 40, 0, 39.56%, 2, 0, 7, 395.85, 357024, 161, 3, 0
849, 1, 160, 255, 38, 0, 39.56%, 2, 0, 7, 428.13, 359162, 161, 3, 0
854, 1, 158, 255, 36, 0, 39.56%, 2, 0, 7, 430.12, 361308, 161, 3, 0
860, 1, 103, 255, 33, 0, 39.56%, 2, 0, 7, 417.28, 363410, 161, 3, 0
865, 1, 211, 255, 30, 0, 39.56%, 2, 0, 7, 418.18, 365556, 161, 3, 0
870, 1, 221, 255, 27, 0, 39.56%, 2, 0, 7, 435.84, 367784, 161, 3, 0
875, 1, 46, 255, 26, 0, 39.56%, 2, 0, 7, 421.93, 369850, 161, 3, 0
880, 2, 277, 296, 64, 15, 42.75%, 2, 0, 7, 445.73, 372088, 174, 3, 0
885, 2, 256, 296, 61, 12, 42.75%, 2, 0, 7, 442.28, 374261, 174, 3, 0
890, 2, 272, 296, 58, 9, 42.75%, 2, 0, 7, 423.03, 376364, 174, 3, 0
895, 2, 274, 296, 55, 6, 42.75%, 2, 0, 7, 407.65, 378374, 174, 3, 0
900, 2, 264, 297, 54, 4, 42.75%, 2, 0, 7, 403.90, 380414, 174, 3, 0
900, 2, 264, 297, 54, 4, 42.75%, 2, 0, 7, 398.10, 380542, 174, 3, 0
