# relative_time, cycles_done, cur_item, corpus_count, pending_total, pending_favs, map_size, saved_crashes, saved_hangs, max_depth, execs_per_sec, total_execs, edges_found, total_crashes, servers_count
61, 5, 5, 37, 1, 0, 60.87%, 0, 0, 3, 756.42, 38508, 28, 0, 0
66, 6, 5, 37, 0, 0, 60.87%, 0, 0, 3, 1100.54, 42091, 28, 0, 0
71, 7, 22, 37, 0, 0, 60.87%, 0, 0, 3, 875.47, 46300, 28, 0, 0
76, 8, 32, 37, 0, 0, 60.87%, 0, 0, 3, 786.67, 50564, 28, 0, 0
81, 9, 22, 37, 0, 0, 60.87%, 0, 0, 3, 815.99, 54569, 28, 0, 0
86, 10, 0, 37, 0, 0, 60.87%, 0, 0, 3, 1083.22, 58955, 28, 0, 0
91, 11, 17, 37, 0, 0, 60.87%, 0, 0, 3, 105.43, 61114, 28, 0, 0
97, 11, 24, 37, 0, 0, 60.87%, 0, 0, 3, 849.33, 64347, 28, 0, 0
102, 12, 17, 37, 0, 0, 60.87%, 0, 0, 3, 751.02, 68313, 28, 0, 0
107, 13, 3, 37, 0, 0, 60.87%, 0, 0, 3, 846.76, 72802, 28, 0, 0
112, 14, 32, 37, 0, 0, 60.87%, 0, 0, 3, 20.82, 75065, 28, 0, 0
117, 14, 36, 37, 0, 0, 60.87%, 0, 0, 3, 783.75, 78391, 28, 0, 0
122, 15, 22, 37, 0, 0, 60.87%, 0, 0, 3, 116.63, 80203, 28, 0, 0
127, 15, 36, 37, 0, 0, 60.87%, 0, 0, 3, 876.27, 82688, 28, 0, 0
132, 16, 11, 37, 0, 0, 60.87%, 0, 0, 3, 936.64, 87404, 28, 0, 0
137, 17, 17, 37, 0, 0, 60.87%, 0, 0, 3, 811.02, 90609, 28, 0, 0
143, 18, 24, 37, 0, 0, 60.87%, 0, 0, 3, 715.63, 94237, 28, 0, 0
144, 18, 24, 37, 0, 0, 60.87%, 0, 0, 3, 759.54, 95759, 28, 0, 0
