# relative_time, cycles_done, cur_item, corpus_count, pending_total, pending_favs, map_size, saved_crashes, saved_hangs, max_depth, execs_per_sec, total_execs, edges_found, total_crashes, servers_count
60, 0, 9, 81, 73, 26, 35.14%, 0, 0, 2, 429.37, 25492, 143, 0, 0
65, 0, 9, 85, 77, 26, 35.14%, 0, 0, 2, 432.57, 27728, 143, 0, 0
71, 0, 18, 90, 73, 17, 42.51%, 0, 0, 3, 410.93, 29867, 173, 0, 0
76, 0, 24, 95, 76, 20, 42.51%, 0, 0, 3, 428.60, 32102, 173, 0, 0
81, 0, 24, 98, 79, 20, 43.00%, 0, 0, 3, 427.97, 34252, 175, 0, 0
86, 0, 24, 101, 82, 20, 43.24%, 0, 0, 3, 439.58, 36474, 176, 0, 0
91, 0, 29, 107, 86, 20, 43.24%, 0, 0, 3, 450.64, 38748, 176, 0, 0
96, 0, 35, 117, 93, 20, 43.98%, 0, 0, 3, 431.35, 40918, 179, 0, 0
101, 0, 38, 123, 98, 19, 44.72%, 1, 0, 3, 395.67, 42906, 182, 1, 0
106, 0, 41, 127, 100, 20, 44.72%, 1, 0, 3, 399.18, 44956, 182, 1, 0
111, 0, 41, 133, 106, 20, 44.72%, 1, 0, 3, 445.32, 47229, 182, 1, 0
117, 0, 41, 138, 111, 20, 44.72%, 1, 0, 3, 457.75, 49598, 182, 1, 0
122, 0, 41, 141, 114, 20, 44.72%, 2, 0, 3, 418.74, 51654, 182, 2, 0
127, 0, 41, 143, 116, 20, 44.72%, 2, 0, 3, 431.07, 53852, 182, 2, 0
132, 0, 41, 143, 116, 20, 44.72%, 2, 0, 3, 449.33, 56108, 182, 2, 0
137, 0, 53, 143, 114, 19, 44.72%, 2, 0, 3, 408.94, 58126, 182, 2, 0
142, 0, 53, 143, 114, 19, 44.72%, 2, 0, 3, 410.69, 60158, 182, 2, 0
147, 0, 53, 143, 114, 19, 44.72%, 2, 0, 3, 402.62, 62206, 182, 2, 0
152, 0, 78, 144, 113, 17, 44.72%, 2, 0, 3, 393.59, 64118, 182, 2, 0
157, 0, 78, 153, 122, 17, 44.96%, 2, 0, 3, 404.84, 66210, 183, 2, 0
162, 0, 78, 155, 124, 17, 44.96%, 2, 0, 3, 394.64, 68215, 183, 2, 0
167, 0, 78, 157, 126, 17, 44.96%, 2, 0, 3, 418.58, 70391, 183, 2, 0
172, 0, 78, 158, 127, 17, 44.96%, 2, 0, 3, 407.57, 72414, 183, 2, 0
177, 0, 78, 158, 127, 17, 44.96%, 2, 0, 3, 418.04, 74574, 183, 2, 0
182, 0, 78, 158, 127, 17, 44.96%, 2, 0, 3, 425.46, 76694, 183, 2, 0
187, 0, 78, 160, 129, 17, 44.96%, 2, 0, 3, 416.04, 78796, 183, 2, 0
193, 0, 78, 161, 130, 17, 44.96%, 2, 0, 3, 431.96, 80915, 183, 2, 0
198, 0, 78, 161, 130, 17, 44.96%, 2, 0, 3, 396.47, 82955, 183, 2, 0
203, 0, 78, 162, 131, 17, 44.96%, 2, 0, 3, 426.92, 85130, 183, 2, 0
208, 0, 78, 162, 131, 17, 44.96%, 2, 0, 3, 398.18, 87122, 183, 2, 0
213, 0, 78, 162, 131, 17, 44.96%, 2, 0, 3, 418.20, 89298, 183, 2, 0
218, 0, 78, 162, 131, 17, 44.96%, 2, 0, 3, 404.49, 91378, 183, 2, 0
223, 0, 78, 163, 132, 17, 44.96%, 2, 0, 3, 407.75, 93443, 183, 2, 0
228, 0, 78, 163, 132, 17, 44.96%, 2, 0, 3, 419.37, 95561, 183, 2, 0
233, 0, 78, 164, 133, 17, 44.96%, 2, 0, 3, 419.38, 97672, 183, 2, 0
238, 0, 78, 165, 134, 17, 44.96%, 2, 0, 3, 415.82, 99815, 183, 2, 0
243, 0, 78, 166, 135, 17, 44.96%, 2, 0, 3, 420.74, 101959, 183, 2, 0
248, 0, 86, 167, 133, 16, 44.96%, 2, 0, 4, 425.86, 104138, 183, 2, 0
253, 0, 88, 180, 144, 15, 44.96%, 2, 0, 4, 419.61, 106307, 183, 2, 0
259, 0, 106, 181, 141, 11, 44.96%, 2, 0, 4, 415.75, 108460, 183, 2, 0
264, 0, 107, 193, 152, 10, 45.21%, 2, 0, 4, 418.09, 110623, 184, 2, 0
269, 0, 107, 196, 155, 10, 45.95%, 2, 0, 4, 418.12, 112716, 187, 2, 0
274, 0, 107, 198, 157, 10, 45.95%, 2, 0, 4, 411.21, 114771, 187, 2, 0
279, 0, 107, 198, 157, 10, 45.95%, 2, 0, 4, 417.21, 116779, 187, 2, 0
284, 0, 107, 198, 157, 10, 45.95%, 2, 0, 4, 415.26, 118835, 187, 2, 0
289, 0, 107, 199, 158, 10, 45.95%, 2, 0, 4, 413.05, 120938, 187, 2, 0
294, 0, 118, 199, 154, 8, 45.95%, 2, 0, 4, 404.64, 123000, 187, 2, 0
299, 0, 131, 206, 159, 7, 45.95%, 2, 0, 4, 412.01, 125039, 187, 2, 0
304, 0, 131, 211, 164, 7, 45.95%, 2, 0, 4, 403.29, 127090, 187, 2, 0
309, 0, 131, 213, 166, 7, 45.95%, 2, 0, 4, 377.50, 129022, 187, 2, 0
314, 0, 131, 214, 167, 7, 45.95%, 2, 0, 4, 409.76, 131111, 187, 2, 0
319, 0, 131, 216, 169, 7, 46.19%, 2, 0, 4, 434.42, 133293, 188, 2, 0
325, 0, 131, 216, 169, 7, 46.19%, 2, 0, 4, 423.72, 135469, 188, 2, 0
330, 0, 156, 216, 167, 7, 46.19%, 2, 0, 4, 412.12, 137561, 188, 2, 0
335, 0, 157, 221, 171, 6, 46.19%, 2, 0, 4, 413.43, 139643, 188, 2, 0
340, 0, 157, 224, 174, 6, 46.19%, 2, 0, 4, 409.41, 141736, 188, 2, 0
345, 0, 157, 224, 174, 6, 46.19%, 2, 0, 4, 420.04, 143872, 188, 2, 0
350, 0, 157, 225, 175, 6, 46.19%, 2, 0, 4, 430.86, 146079, 188, 2, 0
355, 0, 157, 225, 175, 6, 46.19%, 2, 0, 4, 434.77, 148271, 188, 2, 0
360, 0, 157, 226, 176, 6, 46.19%, 2, 0, 4, 403.14, 150294, 188, 2, 0
365, 0, 157, 226, 176, 6, 46.19%, 2, 0, 4, 389.83, 152261, 188, 2, 0
371, 0, 157, 227, 177, 6, 46.19%, 2, 0, 4, 404.38, 154373, 188, 2, 0
376, 0, 157, 227, 177, 6, 46.19%, 2, 0, 4, 411.98, 156445, 188, 2, 0
381, 0, 157, 227, 177, 6, 46.19%, 2, 0, 4, 411.35, 158557, 188, 2, 0
386, 0, 157, 227, 177, 6, 46.19%, 2, 0, 4, 380.24, 160472, 188, 2, 0
391, 0, 157, 227, 177, 6, 46.19%, 2, 0, 4, 398.91, 162509, 188, 2, 0
396, 0, 157, 228, 178, 6, 46.19%, 2, 0, 4, 398.28, 164553, 188, 2, 0
401, 0, 157, 228, 178, 6, 46.19%, 2, 0, 4, 408.75, 166668, 188, 2, 0
406, 0, 194, 229, 176, 4, 46.19%, 2, 0, 5, 414.12, 168796, 188, 2, 0
411, 0, 200, 232, 177, 3, 46.19%, 2, 0, 5, 439.95, 170993, 188, 2, 0
416, 0, 200, 233, 178, 3, 46.19%, 2, 0, 5, 416.77, 173104, 188, 2, 0
421, 0, 200, 233, 178, 3, 46.19%, 2, 0, 5, 414.52, 175232, 188, 2, 0
426, 1, 9, 233, 174, 0, 46.19%, 2, 0, 5, 406.27, 177332, 188, 2, 0
431, 1, 43, 235, 173, 0, 46.19%, 2, 0, 5, 327.27, 178944, 188, 2, 0
436, 1, 111, 235, 163, 0, 46.19%, 2, 0, 5, 398.21, 181045, 188, 2, 0
441, 1, 149, 235, 152, 0, 46.19%, 2, 0, 5, 396.90, 183084, 188, 2, 0
447, 1, 235, 238, 152, 1, 46.19%, 2, 0, 5, 436.34, 185312, 188, 2, 0
452, 2, 0, 294, 207, 0, 48.89%, 2, 0, 5, 427.17, 187477, 199, 2, 0
457, 2, 252, 294, 201, 8, 48.89%, 2, 0, 5, 426.69, 189657, 199, 2, 0
462, 2, 258, 294, 198, 5, 48.89%, 2, 0, 5, 415.35, 191767, 199, 2, 0
467, 2, 292, 295, 192, 0, 48.89%, 2, 0, 5, 435.55, 194067, 199, 2, 0
472, 4, 295, 299, 188, 1, 49.39%, 2, 0, 5, 407.70, 196089, 201, 2, 0
477, 5, 40, 299, 184, 0, 49.39%, 2, 0, 5, 434.10, 198350, 201, 2, 0
482, 5, 109, 299, 172, 0, 49.39%, 2, 0, 5, 432.35, 200486, 201, 2, 0
487, 5, 182, 299, 163, 0, 49.39%, 2, 0, 5, 395.79, 202464, 201, 2, 0
492, 5, 222, 299, 159, 0, 49.39%, 2, 0, 5, 422.53, 204645, 201, 2, 0
498, 5, 254, 299, 152, 0, 49.39%, 2, 0, 5, 414.11, 206756, 201, 2, 0
503, 5, 297, 299, 144, 0, 49.39%, 2, 0, 5, 412.88, 208821, 201, 2, 0
508, 6, 45, 300, 142, 0, 49.39%, 2, 0, 5, 416.36, 210940, 201, 2, 0
513, 6, 122, 300, 135, 0, 49.39%, 2, 0, 5, 408.63, 213002, 201, 2, 0
518, 6, 200, 300, 123, 0, 49.39%, 2, 0, 5, 422.23, 215192, 201, 2, 0
523, 6, 247, 300, 118, 0, 49.39%, 2, 0, 5, 421.68, 217313, 201, 2, 0
528, 6, 300, 302, 118, 1, 49.39%, 2, 0, 5, 406.58, 219347, 201, 2, 0
533, 7, 40, 302, 114, 0, 49.39%, 2, 0, 5, 409.94, 221491, 201, 2, 0
538, 7, 169, 302, 106, 0, 49.39%, 2, 0, 5, 416.82, 223668, 201, 2, 0
544, 7, 209, 302, 99, 0, 49.39%, 2, 0, 5, 410.85, 225719, 201, 2, 0
549, 7, 247, 302, 96, 0, 49.39%, 2, 0, 5, 415.67, 227878, 201, 2, 0
554, 7, 302, 303, 90, 1, 49.63%, 2, 0, 5, 433.48, 230101, 202, 2, 0
559, 8, 75, 303, 89, 0, 49.63%, 2, 0, 5, 408.41, 232141, 202, 2, 0
564, 8, 156, 303, 82, 0, 49.63%, 2, 0, 5, 419.65, 234206, 202, 2, 0
569, 8, 218, 303, 77, 0, 49.63%, 2, 0, 5, 408.82, 236241, 202, 2, 0
574, 8, 240, 304, 75, 0, 49.63%, 2, 0, 5, 442.21, 238458, 202, 2, 0
579, 8, 297, 304, 70, 0, 49.63%, 2, 0, 5, 368.47, 240293, 202, 2, 0
584, 9, 15, 304, 69, 0, 49.63%, 2, 0, 5, 409.47, 242314, 202, 2, 0
589, 9, 117, 304, 67, 0, 49.63%, 2, 0, 5, 385.80, 244303, 202, 2, 0
594, 9, 203, 304, 66, 0, 49.63%, 2, 0, 5, 420.29, 246434, 202, 2, 0
599, 9, 304, 305, 62, 1, 49.88%, 2, 0, 5, 420.25, 248613, 203, 2, 0
605, 10, 305, 307, 62, 2, 50.37%, 3, 0, 5, 462.01, 250926, 205, 3, 0
610, 11, 88, 307, 60, 0, 50.37%, 3, 0, 5, 397.33, 252902, 205, 3, 0
615, 11, 193, 308, 56, 0, 50.37%, 3, 0, 5, 401.26, 254897, 205, 3, 0
620, 11, 236, 308, 54, 0, 50.37%, 3, 0, 5, 422.41, 257059, 205, 3, 0
625, 11, 308, 309, 51, 1, 50.61%, 3, 0, 5, 431.11, 259248, 206, 3, 0
630, 12, 68, 311, 51, 0, 51.11%, 3, 0, 5, 416.06, 261364, 208, 3, 0
635, 12, 310, 313, 52, 1, 51.11%, 3, 0, 5, 431.91, 263547, 208, 3, 0
640, 12, 310, 314, 53, 1, 51.35%, 3, 0, 5, 449.21, 265882, 209, 3, 0
645, 13, 17, 314, 51, 0, 51.35%, 3, 0, 5, 423.22, 267997, 209, 3, 0
650, 13, 109, 314, 47, 0, 51.35%, 3, 0, 5, 407.89, 270068, 209, 4, 0
655, 13, 206, 315, 46, 0, 51.35%, 3, 0, 5, 425.45, 272270, 209, 4, 0
661, 13, 229, 315, 45, 0, 51.35%, 3, 0, 5, 402.10, 274276, 209, 4, 0
666, 13, 300, 315, 43, 0, 51.35%, 3, 0, 5, 412.45, 276415, 209, 7, 0
671, 13, 305, 316, 44, 0, 51.35%, 3, 0, 5, 417.81, 278518, 209, 7, 0
676, 13, 316, 317, 44, 0, 51.35%, 4, 0, 5, 424.99, 280671, 209, 8, 0
681, 14, 108, 318, 44, 0, 51.35%, 4, 0, 5, 434.11, 282915, 209, 11, 0
686, 14, 214, 318, 40, 0, 51.35%, 4, 0, 5, 430.56, 285184, 209, 11, 0
691, 14, 251, 318, 37, 0, 51.35%, 4, 0, 5, 409.67, 287261, 209, 11, 0
696, 14, 305, 318, 34, 0, 51.35%, 4, 0, 5, 421.55, 289373, 209, 11, 0
701, 15, 19, 318, 34, 0, 51.35%, 4, 0, 5, 446.62, 291619, 209, 11, 0
706, 15, 117, 318, 33, 0, 51.35%, 4, 0, 5, 429.26, 293769, 209, 12, 0
711, 15, 214, 318, 31, 0, 51.35%, 4, 0, 5, 437.65, 296017, 209, 12, 0
716, 15, 300, 318, 30, 0, 51.35%, 4, 0, 5, 435.73, 298223, 209, 12, 0
721, 15, 307, 319, 31, 0, 51.35%, 4, 0, 5, 408.99, 300274, 209, 12, 0
726, 15, 307, 319, 31, 0, 51.35%, 4, 0, 5, 429.76, 302346, 209, 13, 0
732, 16, 10, 320, 29, 0, 51.35%, 4, 0, 5, 399.65, 304374, 209, 13, 0
737, 16, 126, 320, 28, 0, 51.35%, 4, 0, 5, 416.81, 306579, 209, 14, 0
742, 16, 218, 320, 26, 0, 51.35%, 4, 0, 5, 405.47, 308696, 209, 14, 0
747, 16, 320, 321, 27, 1, 51.60%, 4, 0, 5, 394.74, 310742, 210, 14, 0
752, 18, 24, 327, 30, 0, 51.60%, 4, 0, 5, 396.08, 312783, 210, 14, 0
757, 18, 117, 327, 29, 0, 51.60%, 4, 0, 5, 402.26, 314847, 210, 14, 0
762, 18, 212, 327, 28, 0, 51.60%, 4, 0, 5, 400.00, 316883, 210, 14, 0
767, 18, 296, 327, 27, 0, 51.60%, 4, 0, 5, 415.20, 319023, 210, 14, 0
772, 18, 303, 328, 27, 0, 51.60%, 4, 0, 6, 417.67, 321106, 210, 14, 0
777, 18, 321, 328, 26, 0, 51.60%, 4, 0, 6, 408.84, 323195, 210, 14, 0
782, 19, 9, 329, 24, 0, 51.60%, 4, 0, 6, 442.95, 325489, 210, 14, 0
787, 19, 106, 329, 23, 0, 51.60%, 4, 0, 6, 431.80, 327664, 210, 14, 0
792, 19, 214, 329, 23, 0, 51.60%, 4, 0, 6, 437.87, 329867, 210, 15, 0
797, 19, 260, 329, 22, 0, 51.60%, 4, 0, 6, 433.00, 332082, 210, 16, 0
802, 19, 311, 329, 19, 0, 51.60%, 4, 0, 6, 426.83, 334276, 210, 16, 0
808, 19, 326, 329, 18, 0, 51.60%, 4, 0, 6, 398.06, 336281, 210, 16, 0
813, 20, 76, 329, 16, 0, 51.60%, 4, 0, 6, 398.85, 338360, 210, 16, 0
818, 20, 194, 329, 16, 0, 51.60%, 4, 0, 6, 397.29, 340395, 210, 16, 0
823, 20, 244, 329, 16, 0, 51.60%, 4, 0, 6, 410.65, 342541, 210, 16, 0
828, 20, 310, 329, 16, 0, 51.60%, 4, 0, 6, 414.83, 344619, 210, 16, 0
833, 20, 326, 329, 14, 0, 51.60%, 4, 0, 6, 425.55, 346759, 210, 16, 0
838, 21, 87, 329, 14, 0, 51.60%, 4, 0, 6, 413.05, 348890, 210, 16, 0
843, 21, 193, 329, 14, 0, 51.60%, 4, 0, 6, 422.91, 350992, 210, 16, 0
848, 21, 260, 329, 14, 0, 51.60%, 4, 0, 6, 409.49, 353059, 210, 16, 0
853, 21, 320, 329, 13, 0, 51.60%, 5, 0, 6, 434.59, 355283, 210, 17, 0
858, 22, 332, 333, 15, 1, 51.84%, 5, 0, 6, 412.86, 357353, 211, 17, 0
863, 23, 88, 333, 14, 0, 51.84%, 5, 0, 6, 403.00, 359392, 211, 17, 0
868, 23, 194, 333, 14, 0, 51.84%, 5, 0, 6, 379.62, 361308, 211, 17, 0
874, 23, 218, 334, 15, 0, 51.84%, 5, 0, 6, 439.71, 363636, 211, 17, 0
879, 23, 298, 334, 15, 0, 51.84%, 5, 0, 6, 427.62, 365784, 211, 17, 0
884, 23, 331, 334, 13, 0, 51.84%, 5, 0, 6, 403.26, 367851, 211, 17, 0
889, 24, 53, 334, 12, 0, 51.84%, 5, 0, 6, 425.75, 370080, 211, 17, 0
894, 24, 194, 334, 10, 0, 51.84%, 5, 0, 6, 435.50, 372277, 211, 18, 0
899, 24, 261, 334, 10, 0, 51.84%, 5, 0, 6, 414.07, 374388, 211, 18, 0
904, 24, 318, 334, 8, 0, 51.84%, 5, 0, 6, 400.73, 376351, 211, 18, 0
906, 24, 323, 334, 7, 0, 51.84%, 5, 0, 6, 412.88, 377239, 211, 18, 0
