# relative_time, cycles_done, cur_item, corpus_count, pending_total, pending_favs, map_size, saved_crashes, saved_hangs, max_depth, execs_per_sec, total_execs, edges_found, total_crashes, servers_count
61, 0, 9, 68, 63, 3, 30.96%, 0, 0, 2, 435.40, 26512, 126, 0, 0
66, 0, 9, 68, 63, 3, 30.96%, 0, 0, 2, 434.02, 28689, 126, 0, 0
71, 0, 9, 69, 64, 3, 30.96%, 0, 0, 2, 425.78, 30768, 126, 0, 0
76, 0, 9, 70, 65, 3, 31.94%, 0, 0, 2, 405.30, 32895, 130, 0, 0
81, 0, 9, 70, 65, 3, 31.94%, 0, 0, 2, 452.61, 35237, 130, 0, 0
86, 0, 9, 73, 68, 3, 31.94%, 0, 0, 2, 445.36, 37572, 130, 0, 0
91, 0, 9, 74, 69, 3, 31.94%, 0, 0, 2, 438.69, 39780, 130, 0, 0
96, 0, 9, 75, 70, 3, 31.94%, 0, 0, 2, 449.70, 42005, 130, 0, 0
102, 0, 9, 76, 71, 3, 31.94%, 0, 0, 2, 451.17, 44362, 130, 0, 0
107, 0, 9, 77, 72, 3, 31.94%, 0, 0, 2, 422.22, 46514, 130, 0, 0
112, 0, 9, 77, 72, 3, 31.94%, 0, 0, 2, 424.86, 48690, 130, 0, 0
117, 0, 9, 77, 72, 3, 31.94%, 0, 0, 2, 431.61, 50874, 130, 0, 0
122, 0, 9, 77, 72, 3, 31.94%, 0, 0, 2, 411.40, 52962, 130, 0, 0
127, 0, 9, 154, 148, 2, 46.93%, 0, 0, 2, 423.07, 55083, 191, 0, 0
132, 0, 90, 167, 155, 27, 52.09%, 0, 0, 3, 437.33, 57326, 212, 0, 0
137, 0, 90, 175, 163, 27, 52.58%, 0, 0, 3, 411.71, 59417, 214, 0, 0
142, 0, 90, 177, 165, 27, 52.58%, 0, 0, 3, 395.38, 61488, 214, 0, 0
147, 0, 90, 179, 167, 27, 52.58%, 0, 0, 3, 404.70, 63549, 214, 0, 0
152, 0, 90, 180, 168, 27, 52.58%, 0, 0, 3, 373.67, 65502, 214, 0, 0
158, 0, 90, 180, 168, 27, 52.58%, 0, 0, 3, 396.62, 67567, 214, 0, 0
163, 0, 90, 181, 169, 27, 52.58%, 0, 0, 3, 433.19, 69780, 214, 0, 0
168, 0, 90, 183, 171, 27, 52.58%, 0, 0, 3, 437.73, 72066, 214, 0, 0
173, 0, 90, 183, 171, 27, 52.58%, 0, 0, 3, 454.15, 74362, 214, 0, 0
178, 0, 90, 183, 171, 27, 52.58%, 0, 0, 3, 458.91, 76676, 214, 0, 0
183, 0, 90, 184, 172, 27, 52.58%, 0, 0, 3, 423.07, 78769, 214, 0, 0
188, 0, 90, 185, 173, 27, 52.58%, 0, 0, 3, 420.22, 80840, 214, 0, 0
193, 0, 90, 185, 173, 27, 52.58%, 0, 0, 3, 440.03, 83088, 214, 0, 0
198, 0, 90, 185, 173, 27, 52.58%, 0, 0, 3, 433.89, 85312, 214, 0, 0
203, 0, 90, 185, 173, 27, 52.58%, 0, 0, 3, 439.50, 87560, 214, 0, 0
208, 0, 90, 185, 173, 27, 52.58%, 0, 0, 3, 424.51, 89736, 214, 0, 0
213, 0, 90, 185, 173, 27, 52.58%, 0, 0, 3, 386.45, 91717, 214, 0, 0
218, 0, 90, 186, 174, 27, 52.58%, 0, 0, 3, 429.36, 94007, 214, 0, 0
224, 0, 90, 186, 174, 27, 52.58%, 0, 0, 3, 435.13, 96119, 214, 0, 0
229, 0, 90, 186, 174, 27, 52.58%, 0, 0, 3, 377.63, 98066, 214, 0, 0
234, 0, 90, 187, 175, 27, 52.58%, 0, 0, 3, 349.19, 99788, 214, 0, 0
239, 0, 90, 188, 176, 27, 52.58%, 0, 0, 3, 326.08, 101449, 214, 0, 0
244, 0, 90, 188, 176, 27, 52.58%, 0, 0, 3, 347.93, 103273, 214, 0, 0
249, 0, 90, 188, 176, 27, 52.58%, 0, 0, 3, 348.45, 105031, 214, 0, 0
254, 0, 90, 188, 176, 27, 52.58%, 0, 0, 3, 298.20, 106568, 214, 0, 0
259, 0, 90, 189, 177, 27, 52.83%, 0, 0, 3, 276.39, 107905, 215, 0, 0
265, 0, 175, 189, 176, 35, 52.83%, 0, 0, 3, 307.15, 109510, 215, 0, 0
270, 0, 161, 189, 174, 33, 52.83%, 0, 0, 3, 352.65, 111301, 215, 0, 0
275, 0, 106, 189, 173, 32, 52.83%, 0, 0, 3, 325.37, 112971, 215, 0, 0
280, 0, 106, 222, 206, 32, 53.32%, 0, 0, 3, 337.23, 114752, 217, 0, 0
285, 0, 106, 225, 209, 32, 53.32%, 0, 0, 3, 384.96, 116773, 217, 0, 0
290, 0, 106, 227, 211, 32, 53.32%, 0, 0, 3, 383.90, 118712, 217, 0, 0
295, 0, 106, 230, 214, 32, 53.56%, 0, 0, 3, 413.49, 120988, 218, 0, 0
300, 0, 106, 232, 216, 32, 53.56%, 0, 0, 3, 464.70, 123362, 218, 0, 0
305, 0, 106, 233, 217, 32, 53.56%, 0, 0, 3, 443.77, 125569, 218, 0, 0
310, 0, 106, 233, 217, 32, 53.56%, 0, 0, 3, 403.88, 127529, 218, 0, 0
315, 0, 106, 235, 219, 32, 53.81%, 0, 0, 3, 410.37, 129631, 219, 0, 0
320, 0, 106, 235, 219, 32, 53.81%, 0, 0, 3, 442.64, 131887, 219, 0, 0
326, 0, 106, 235, 219, 32, 53.81%, 0, 0, 3, 456.23, 134201, 219, 0, 0
331, 0, 106, 235, 219, 32, 53.81%, 0, 0, 3, 461.15, 136505, 219, 0, 0
336, 0, 106, 235, 219, 32, 53.81%, 0, 0, 3, 399.31, 138535, 219, 0, 0
341, 0, 106, 235, 219, 32, 53.81%, 0, 0, 3, 399.88, 140543, 219, 0, 0
346, 0, 106, 235, 219, 32, 53.81%, 0, 0, 3, 400.35, 142610, 219, 0, 0
351, 0, 106, 235, 219, 32, 53.81%, 0, 0, 3, 433.34, 144759, 219, 0, 0
356, 0, 106, 236, 220, 32, 53.81%, 0, 0, 3, 447.71, 146950, 219, 0, 0
361, 0, 106, 236, 220, 32, 53.81%, 0, 0, 3, 419.84, 149062, 219, 0, 0
366, 0, 106, 236, 220, 32, 53.81%, 0, 0, 3, 470.36, 151542, 219, 0, 0
371, 0, 176, 236, 219, 36, 53.81%, 0, 0, 3, 459.39, 153798, 219, 0, 0
377, 0, 197, 236, 217, 34, 53.81%, 0, 0, 3, 464.78, 156075, 219, 0, 0
382, 0, 191, 236, 214, 31, 53.81%, 0, 0, 3, 485.59, 158535, 219, 0, 0
387, 0, 181, 236, 212, 29, 53.81%, 0, 0, 3, 409.63, 160516, 219, 0, 0
392, 0, 164, 238, 213, 29, 53.81%, 0, 0, 3, 425.14, 162690, 219, 0, 0
397, 0, 162, 238, 211, 27, 53.81%, 0, 0, 3, 431.48, 164803, 219, 0, 0
402, 0, 8, 238, 210, 26, 53.81%, 0, 0, 3, 449.21, 167098, 219, 0, 0
407, 0, 8, 238, 210, 26, 53.81%, 0, 0, 3, 402.56, 169174, 219, 0, 0
412, 0, 8, 238, 210, 26, 53.81%, 0, 0, 3, 399.41, 171183, 219, 0, 0
417, 0, 108, 238, 209, 25, 53.81%, 0, 0, 3, 382.48, 172974, 219, 0, 0
422, 0, 165, 238, 207, 23, 53.81%, 0, 0, 3, 428.82, 175215, 219, 0, 0
428, 0, 165, 249, 218, 23, 53.81%, 0, 0, 3, 399.10, 177250, 219, 0, 0
433, 0, 188, 250, 218, 23, 53.81%, 0, 0, 3, 425.89, 179330, 219, 0, 0
438, 0, 95, 252, 218, 21, 54.05%, 0, 0, 3, 416.20, 181422, 220, 0, 0
443, 0, 95, 260, 226, 21, 54.79%, 1, 0, 3, 408.55, 183482, 223, 1, 0
448, 0, 95, 261, 227, 21, 54.79%, 1, 0, 3, 440.96, 185763, 223, 1, 0
453, 0, 95, 263, 229, 21, 54.79%, 1, 0, 3, 432.68, 187969, 223, 1, 0
458, 0, 95, 264, 230, 21, 54.79%, 1, 0, 3, 407.72, 190049, 223, 1, 0
463, 0, 95, 266, 232, 21, 54.79%, 1, 0, 3, 393.37, 192060, 223, 1, 0
468, 0, 95, 266, 232, 21, 54.79%, 1, 0, 3, 444.15, 194327, 223, 1, 0
473, 0, 95, 267, 233, 21, 54.79%, 1, 0, 3, 429.80, 196526, 223, 1, 0
478, 0, 95, 268, 234, 21, 54.79%, 1, 0, 3, 440.36, 198733, 223, 1, 0
483, 0, 95, 269, 235, 21, 54.79%, 1, 0, 3, 401.33, 200756, 223, 1, 0
488, 0, 95, 269, 235, 21, 54.79%, 1, 0, 3, 487.83, 203295, 223, 1, 0
494, 0, 95, 270, 236, 21, 54.79%, 1, 0, 3, 434.09, 205403, 223, 1, 0
499, 0, 95, 272, 238, 21, 54.79%, 1, 0, 3, 426.68, 207529, 223, 1, 0
504, 0, 95, 272, 238, 21, 54.79%, 1, 0, 3, 426.27, 209777, 223, 1, 0
509, 0, 95, 273, 239, 21, 54.79%, 1, 0, 3, 418.34, 211896, 223, 1, 0
514, 0, 95, 273, 239, 21, 54.79%, 1, 0, 3, 424.03, 214056, 223, 1, 0
519, 0, 95, 273, 239, 21, 54.79%, 1, 0, 3, 412.20, 216104, 223, 1, 0
524, 0, 95, 274, 240, 21, 54.79%, 1, 0, 3, 402.41, 218135, 223, 1, 0
529, 0, 95, 275, 241, 21, 54.79%, 1, 0, 3, 422.14, 220326, 223, 1, 0
534, 0, 93, 276, 241, 22, 54.79%, 1, 0, 3, 389.84, 222267, 223, 1, 0
539, 0, 93, 283, 248, 22, 55.28%, 2, 0, 3, 435.66, 224508, 225, 2, 0
544, 0, 275, 294, 258, 19, 56.02%, 2, 0, 3, 472.32, 226937, 228, 2, 0
550, 0, 275, 304, 268, 19, 56.02%, 2, 0, 3, 432.04, 229098, 228, 2, 0
555, 0, 275, 305, 269, 19, 56.02%, 2, 0, 3, 428.81, 231281, 228, 2, 0
560, 0, 275, 306, 270, 19, 56.02%, 2, 0, 3, 443.54, 233504, 228, 2, 0
565, 0, 275, 307, 271, 19, 56.02%, 2, 0, 3, 412.85, 235527, 228, 2, 0
570, 0, 275, 307, 271, 19, 56.02%, 2, 0, 3, 401.09, 237583, 228, 2, 0
575, 0, 275, 308, 272, 19, 56.02%, 2, 0, 3, 391.02, 239565, 228, 2, 0
580, 0, 275, 308, 272, 19, 56.02%, 2, 0, 3, 384.55, 241532, 228, 2, 0
585, 0, 275, 308, 272, 19, 56.02%, 2, 0, 3, 410.75, 243590, 228, 2, 0
590, 0, 275, 309, 273, 19, 56.02%, 2, 0, 3, 415.59, 245733, 228, 2, 0
595, 0, 275, 311, 275, 19, 56.02%, 2, 0, 3, 397.65, 247779, 228, 2, 0
600, 0, 275, 311, 275, 19, 56.02%, 2, 0, 3, 435.68, 250035, 228, 2, 0
606, 0, 275, 311, 275, 19, 56.02%, 2, 0, 3, 407.68, 252043, 228, 2, 0
611, 0, 275, 311, 275, 19, 56.02%, 2, 0, 3, 416.41, 254227, 228, 2, 0
616, 0, 275, 311, 275, 19, 56.02%, 2, 0, 3, 432.06, 256419, 228, 2, 0
621, 0, 275, 311, 275, 19, 56.02%, 2, 0, 3, 412.41, 258467, 228, 2, 0
626, 0, 275, 311, 275, 19, 56.02%, 2, 0, 3, 407.52, 260507, 228, 2, 0
631, 0, 275, 311, 275, 19, 56.02%, 2, 0, 3, 387.15, 262525, 228, 3, 0
636, 0, 275, 314, 278, 19, 56.27%, 2, 0, 3, 394.96, 264485, 229, 3, 0
641, 0, 275, 315, 279, 19, 56.76%, 2, 0, 3, 410.19, 266527, 231, 3, 0
646, 0, 275, 315, 279, 19, 56.76%, 2, 0, 3, 436.13, 268727, 231, 3, 0
651, 0, 275, 315, 279, 19, 56.76%, 2, 0, 3, 461.90, 271048, 231, 3, 0
657, 0, 275, 315, 279, 19, 56.76%, 2, 0, 3, 436.50, 273175, 231, 3, 0
662, 0, 275, 315, 279, 19, 56.76%, 2, 0, 3, 431.59, 275367, 231, 3, 0
667, 0, 275, 315, 279, 19, 56.76%, 2, 0, 3, 438.30, 277615, 231, 3, 0
672, 0, 303, 315, 277, 20, 56.76%, 2, 0, 3, 440.32, 279913, 231, 3, 0
677, 0, 0, 315, 275, 18, 56.76%, 2, 0, 3, 399.67, 281931, 231, 3, 0
682, 0, 105, 316, 274, 17, 57.00%, 2, 0, 3, 433.95, 284157, 232, 3, 0
687, 0, 227, 316, 273, 16, 57.00%, 2, 0, 3, 441.72, 286490, 232, 3, 0
692, 0, 233, 316, 272, 15, 57.00%, 2, 0, 3, 428.88, 288584, 232, 3, 0
697, 0, 53, 320, 274, 14, 57.00%, 2, 0, 3, 437.81, 290783, 232, 3, 0
702, 0, 316, 321, 272, 11, 57.00%, 2, 0, 3, 429.46, 292989, 232, 3, 0
708, 0, 81, 321, 268, 8, 57.00%, 2, 0, 3, 431.64, 295135, 232, 3, 0
713, 0, 96, 321, 266, 6, 57.00%, 2, 0, 3, 428.22, 297314, 232, 3, 0
718, 0, 272, 321, 264, 4, 57.00%, 2, 0, 3, 442.35, 299707, 232, 3, 0
723, 0, 293, 321, 262, 2, 57.00%, 2, 0, 3, 401.10, 301727, 232, 3, 0
728, 0, 212, 321, 259, 0, 57.00%, 2, 0, 3, 393.41, 303668, 232, 3, 0
733, 0, 81, 321, 258, 0, 57.00%, 2, 0, 3, 413.38, 305819, 232, 3, 0
738, 0, 26, 322, 257, 0, 57.00%, 2, 0, 3, 425.80, 307998, 232, 3, 0
743, 0, 219, 322, 253, 0, 57.00%, 2, 0, 3, 436.22, 310184, 232, 3, 0
748, 0, 53, 322, 250, 0, 57.00%, 2, 0, 3, 445.85, 312451, 232, 3, 0
754, 0, 53, 322, 248, 0, 57.00%, 2, 0, 3, 439.21, 314763, 232, 3, 0
759, 0, 312, 322, 247, 0, 57.00%, 2, 0, 3, 432.98, 316895, 232, 3, 0
764, 0, 245, 323, 246, 0, 57.00%, 2, 0, 3, 422.63, 318982, 232, 3, 0
769, 0, 122, 323, 244, 0, 57.00%, 2, 0, 3, 404.89, 321040, 232, 3, 0
774, 0, 227, 324, 243, 0, 57.25%, 2, 0, 3, 394.67, 323094, 233, 3, 0
779, 0, 206, 324, 242, 0, 57.25%, 2, 0, 3, 415.29, 325201, 233, 3, 0
784, 0, 262, 324, 240, 0, 57.25%, 2, 0, 3, 421.92, 327379, 233, 3, 0
789, 0, 303, 324, 237, 0, 57.25%, 2, 0, 3, 447.82, 329698, 233, 3, 0
794, 0, 193, 324, 234, 0, 57.25%, 2, 0, 3, 440.75, 331871, 233, 3, 0
799, 0, 193, 329, 239, 0, 57.25%, 2, 0, 3, 423.24, 333954, 233, 3, 0
804, 0, 193, 331, 241, 0, 57.25%, 2, 0, 3, 419.69, 336072, 233, 3, 0
809, 0, 193, 334, 244, 0, 57.25%, 2, 0, 3, 404.60, 338237, 233, 3, 0
814, 0, 193, 334, 244, 0, 57.25%, 2, 0, 3, 396.28, 340196, 233, 3, 0
820, 0, 193, 334, 244, 0, 57.25%, 2, 0, 3, 413.72, 342365, 233, 3, 0
825, 0, 193, 334, 244, 0, 57.25%, 2, 0, 3, 446.09, 344629, 233, 3, 0
830, 0, 260, 334, 242, 0, 57.25%, 2, 0, 3, 431.20, 346771, 233, 3, 0
835, 0, 70, 337, 243, 0, 57.25%, 2, 0, 3, 436.78, 348982, 233, 3, 0
840, 0, 238, 337, 240, 0, 57.25%, 2, 0, 3, 413.84, 351031, 233, 3, 0
845, 0, 13, 337, 236, 0, 57.25%, 2, 0, 3, 409.94, 353151, 233, 3, 0
850, 0, 207, 338, 235, 0, 57.25%, 2, 0, 3, 417.24, 355233, 233, 3, 0
855, 0, 259, 338, 233, 0, 57.25%, 2, 0, 3, 455.02, 357654, 233, 3, 0
860, 0, 249, 342, 233, 0, 57.25%, 2, 0, 4, 423.15, 359837, 233, 3, 0
865, 0, 249, 345, 236, 0, 57.49%, 2, 0, 4, 449.23, 362116, 234, 3, 0
870, 0, 249, 345, 236, 0, 57.49%, 2, 0, 4, 461.16, 364420, 234, 3, 0
875, 0, 249, 345, 236, 0, 57.49%, 2, 0, 4, 417.12, 366442, 234, 3, 0
880, 0, 249, 346, 237, 0, 57.49%, 2, 0, 4, 383.61, 368364, 234, 3, 0
886, 0, 344, 346, 236, 1, 57.49%, 2, 0, 4, 410.29, 370467, 234, 3, 0
891, 0, 190, 346, 234, 0, 57.49%, 2, 0, 4, 419.40, 372571, 234, 3, 0
896, 0, 230, 346, 231, 0, 57.49%, 2, 0, 4, 408.09, 374598, 234, 3, 0
901, 0, 346, 347, 231, 1, 57.74%, 2, 0, 4, 397.44, 376598, 235, 3, 0
902, 0, 346, 347, 231, 1, 57.74%, 2, 0, 4, 402.61, 377247, 235, 3, 0
