# relative_time, cycles_done, cur_item, corpus_count, pending_total, pending_favs, map_size, saved_crashes, saved_hangs, max_depth, execs_per_sec, total_execs, edges_found, total_crashes, servers_count
60, 0, 12, 63, 52, 23, 33.17%, 0, 0, 2, 393.67, 24527, 135, 0, 0
65, 0, 20, 69, 51, 16, 33.17%, 0, 0, 2, 416.69, 26716, 135, 0, 0
71, 0, 20, 76, 58, 16, 33.42%, 0, 0, 2, 420.31, 28791, 136, 0, 0
76, 0, 20, 81, 63, 16, 33.42%, 0, 0, 2, 420.19, 30946, 136, 0, 0
81, 0, 20, 85, 67, 16, 33.66%, 0, 0, 2, 436.14, 33126, 137, 0, 0
86, 0, 20, 88, 70, 16, 33.66%, 0, 0, 2, 447.29, 35347, 137, 0, 0
91, 0, 20, 88, 70, 16, 33.66%, 0, 0, 2, 662.13, 38527, 137, 0, 0
96, 0, 20, 90, 72, 16, 34.15%, 0, 0, 2, 788.25, 42720, 139, 0, 0
101, 0, 20, 95, 77, 16, 34.40%, 0, 0, 2, 905.62, 47534, 140, 0, 0
106, 0, 20, 98, 80, 16, 34.64%, 0, 0, 2, 924.39, 52181, 141, 0, 0
111, 0, 20, 101, 83, 16, 34.89%, 0, 0, 2, 611.36, 55298, 142, 0, 0
116, 0, 32, 108, 86, 18, 34.89%, 0, 0, 2, 485.13, 57599, 142, 0, 0
121, 0, 38, 116, 90, 15, 35.63%, 1, 0, 3, 435.50, 59733, 145, 1, 0
127, 0, 39, 119, 92, 16, 35.63%, 1, 0, 3, 397.48, 61798, 145, 1, 0
132, 0, 39, 125, 98, 16, 35.63%, 1, 0, 3, 411.43, 63854, 145, 1, 0
137, 0, 39, 130, 103, 16, 37.35%, 1, 0, 3, 436.17, 66177, 152, 1, 0
142, 0, 39, 133, 106, 16, 37.35%, 1, 0, 3, 453.65, 68497, 152, 1, 0
147, 0, 83, 135, 101, 10, 37.35%, 1, 0, 3, 459.40, 70816, 152, 1, 0
152, 0, 93, 152, 116, 10, 37.59%, 1, 0, 3, 438.48, 73101, 153, 1, 0
157, 0, 93, 156, 120, 10, 37.59%, 1, 0, 3, 453.94, 75369, 153, 1, 0
162, 0, 93, 156, 120, 10, 37.59%, 1, 0, 3, 421.11, 77489, 153, 1, 0
167, 0, 93, 156, 120, 10, 37.59%, 1, 0, 3, 428.71, 79625, 153, 1, 0
172, 0, 93, 157, 121, 10, 37.59%, 1, 0, 3, 485.50, 82295, 153, 1, 0
178, 0, 93, 157, 121, 10, 37.59%, 1, 0, 3, 472.57, 84734, 153, 1, 0
183, 0, 93, 158, 122, 10, 37.59%, 1, 0, 3, 419.76, 86767, 153, 1, 0
188, 0, 93, 158, 122, 10, 37.59%, 1, 0, 3, 438.00, 88999, 153, 1, 0
193, 0, 93, 158, 122, 10, 37.59%, 1, 0, 3, 440.76, 91175, 153, 1, 0
198, 0, 93, 158, 122, 10, 37.59%, 1, 0, 3, 432.00, 93303, 153, 1, 0
203, 0, 93, 158, 122, 10, 37.59%, 1, 0, 3, 424.02, 95383, 153, 1, 0
208, 0, 93, 159, 123, 10, 37.59%, 1, 0, 3, 426.77, 97574, 153, 1, 0
213, 0, 93, 159, 123, 10, 37.59%, 1, 0, 3, 423.51, 99710, 153, 1, 0
218, 0, 93, 159, 123, 10, 37.59%, 1, 0, 3, 390.85, 101656, 153, 1, 0
223, 0, 93, 159, 123, 10, 37.59%, 1, 0, 3, 428.11, 103838, 153, 1, 0
228, 0, 93, 159, 123, 10, 37.59%, 1, 0, 3, 424.20, 105958, 153, 1, 0
233, 0, 93, 159, 123, 10, 37.59%, 1, 0, 3, 410.45, 108046, 153, 1, 0
238, 0, 93, 159, 123, 10, 37.59%, 1, 0, 3, 429.32, 110222, 153, 1, 0
243, 0, 93, 159, 123, 10, 37.59%, 1, 0, 3, 418.51, 112310, 153, 1, 0
248, 0, 93, 159, 123, 10, 37.59%, 1, 0, 3, 428.49, 114494, 153, 1, 0
253, 0, 93, 159, 123, 10, 37.59%, 1, 0, 3, 430.01, 116654, 153, 1, 0
258, 0, 93, 159, 123, 10, 37.59%, 1, 0, 3, 457.38, 118885, 153, 1, 0
263, 0, 93, 159, 123, 10, 37.59%, 1, 0, 3, 464.09, 121198, 153, 1, 0
268, 0, 93, 159, 123, 10, 37.59%, 1, 0, 3, 438.92, 123462, 153, 1, 0
273, 0, 113, 162, 123, 8, 37.59%, 1, 0, 4, 451.85, 125764, 153, 1, 0
279, 0, 113, 164, 125, 8, 37.59%, 1, 0, 4, 424.00, 127934, 153, 1, 0
284, 0, 113, 166, 127, 8, 37.59%, 1, 0, 4, 411.32, 129980, 153, 1, 0
289, 0, 113, 168, 129, 8, 38.33%, 1, 0, 4, 422.86, 132130, 156, 1, 0
294, 0, 113, 168, 129, 8, 38.33%, 1, 0, 4, 418.66, 134290, 156, 1, 0
299, 0, 113, 169, 130, 8, 38.33%, 1, 0, 4, 417.47, 136417, 156, 1, 0
304, 0, 113, 169, 130, 8, 38.33%, 1, 0, 4, 420.31, 138521, 156, 1, 0
309, 0, 113, 170, 131, 8, 38.33%, 1, 0, 4, 421.68, 140624, 156, 1, 0
314, 0, 113, 170, 131, 8, 38.33%, 1, 0, 4, 424.29, 142752, 156, 1, 0
319, 0, 113, 171, 132, 8, 38.33%, 1, 0, 4, 419.56, 144783, 156, 1, 0
324, 0, 113, 171, 132, 8, 38.33%, 1, 0, 4, 416.49, 146871, 156, 1, 0
329, 0, 113, 171, 132, 8, 38.33%, 1, 0, 4, 418.96, 148975, 156, 1, 0
334, 0, 113, 171, 132, 8, 38.33%, 1, 0, 4, 464.13, 151279, 156, 1, 0
339, 0, 113, 172, 133, 8, 38.33%, 1, 0, 4, 447.09, 153518, 156, 1, 0
344, 0, 113, 172, 133, 8, 38.33%, 1, 0, 4, 423.25, 155646, 156, 1, 0
350, 0, 113, 172, 133, 8, 38.33%, 1, 0, 4, 427.73, 157838, 156, 1, 0
355, 0, 113, 172, 133, 8, 38.33%, 1, 0, 4, 419.85, 159950, 156, 1, 0
360, 0, 113, 172, 133, 8, 38.33%, 1, 0, 4, 430.70, 162126, 156, 1, 0
365, 0, 134, 173, 133, 9, 38.33%, 1, 0, 4, 428.08, 164304, 156, 1, 0
370, 0, 134, 180, 140, 9, 38.33%, 1, 0, 4, 424.48, 166447, 156, 1, 0
375, 0, 134, 181, 141, 9, 38.33%, 1, 0, 4, 440.98, 168662, 156, 1, 0
380, 0, 134, 184, 144, 9, 38.33%, 1, 0, 4, 438.60, 170875, 156, 1, 0
385, 0, 134, 184, 144, 9, 38.33%, 1, 0, 4, 434.96, 173083, 156, 1, 0
390, 0, 134, 184, 144, 9, 38.33%, 1, 0, 4, 414.56, 175187, 156, 1, 0
395, 0, 134, 185, 145, 9, 38.33%, 1, 0, 4, 407.36, 177170, 156, 1, 0
400, 0, 134, 186, 146, 9, 38.33%, 1, 0, 4, 419.99, 179225, 156, 1, 0
405, 0, 134, 187, 147, 9, 38.33%, 1, 0, 4, 397.81, 181240, 156, 1, 0
410, 0, 134, 189, 149, 9, 38.33%, 1, 0, 4, 429.57, 183398, 156, 1, 0
415, 0, 134, 189, 149, 9, 38.33%, 1, 0, 4, 404.17, 185406, 156, 1, 0
420, 0, 134, 189, 149, 9, 38.33%, 1, 0, 4, 440.72, 187702, 156, 1, 0
425, 0, 134, 189, 149, 9, 38.33%, 1, 0, 4, 440.34, 189870, 156, 1, 0
431, 0, 134, 190, 150, 9, 38.33%, 1, 0, 4, 419.75, 192013, 156, 1, 0
436, 0, 134, 190, 150, 9, 38.33%, 1, 0, 4, 412.03, 194029, 156, 1, 0
441, 0, 134, 190, 150, 9, 38.33%, 1, 0, 4, 421.94, 196197, 156, 1, 0
446, 0, 134, 192, 152, 9, 38.33%, 1, 0, 4, 423.82, 198315, 156, 1, 0
451, 0, 134, 192, 152, 9, 38.33%, 1, 0, 4, 418.33, 200379, 156, 1, 0
456, 0, 134, 193, 153, 9, 38.33%, 1, 0, 4, 430.14, 202570, 156, 1, 0
461, 0, 134, 193, 153, 9, 38.33%, 1, 0, 4, 426.45, 204738, 156, 1, 0
466, 0, 134, 193, 153, 9, 38.33%, 1, 0, 4, 405.94, 206802, 156, 1, 0
471, 0, 134, 193, 153, 9, 38.33%, 1, 0, 4, 405.14, 208898, 156, 1, 0
476, 0, 134, 193, 153, 9, 38.33%, 1, 0, 4, 426.00, 211058, 156, 1, 0
482, 0, 134, 193, 153, 9, 38.33%, 1, 0, 4, 400.58, 213114, 156, 1, 0
487, 0, 134, 193, 153, 9, 38.33%, 1, 0, 4, 385.98, 215160, 156, 1, 0
492, 0, 157, 194, 150, 7, 38.33%, 1, 0, 4, 411.93, 217320, 156, 1, 0
497, 0, 164, 196, 150, 5, 38.33%, 1, 0, 5, 416.02, 219407, 156, 1, 0
502, 0, 164, 200, 154, 5, 38.33%, 1, 0, 5, 399.20, 221460, 156, 1, 0
507, 0, 164, 200, 154, 5, 38.33%, 1, 0, 5, 405.94, 223540, 156, 1, 0
512, 0, 164, 202, 156, 5, 38.57%, 1, 0, 5, 413.42, 225642, 157, 1, 0
517, 0, 164, 202, 156, 5, 38.57%, 1, 0, 5, 420.15, 227770, 157, 1, 0
522, 0, 164, 203, 157, 5, 38.57%, 1, 0, 5, 425.16, 229945, 157, 1, 0
527, 0, 164, 204, 158, 5, 38.57%, 1, 0, 5, 414.89, 232080, 157, 1, 0
533, 0, 164, 205, 159, 5, 38.57%, 1, 0, 5, 421.94, 234279, 157, 1, 0
538, 0, 164, 205, 159, 5, 38.57%, 1, 0, 5, 424.44, 236439, 157, 1, 0
543, 0, 164, 206, 160, 5, 38.82%, 1, 0, 5, 451.77, 238829, 158, 1, 0
548, 0, 164, 207, 161, 5, 38.82%, 1, 0, 5, 437.63, 241045, 158, 1, 0
553, 0, 164, 207, 161, 5, 38.82%, 1, 0, 5, 418.84, 243165, 158, 1, 0
558, 0, 164, 210, 164, 5, 38.82%, 1, 0, 5, 431.67, 245354, 158, 1, 0
563, 0, 164, 210, 164, 5, 38.82%, 1, 0, 5, 422.23, 247458, 158, 1, 0
568, 0, 182, 211, 162, 4, 38.82%, 1, 0, 5, 485.06, 250008, 158, 1, 0
573, 0, 182, 213, 164, 4, 38.82%, 1, 0, 5, 454.85, 252335, 158, 1, 0
578, 0, 205, 214, 161, 3, 39.07%, 1, 0, 6, 411.22, 254401, 159, 1, 0
583, 0, 212, 215, 160, 2, 39.07%, 1, 0, 6, 397.46, 256480, 159, 1, 0
589, 1, 40, 215, 157, 0, 39.07%, 1, 0, 6, 405.86, 258568, 159, 1, 0
594, 1, 84, 216, 145, 0, 39.07%, 1, 0, 6, 405.88, 260531, 159, 1, 0
599, 1, 144, 217, 132, 0, 39.07%, 1, 0, 6, 420.41, 262677, 159, 1, 0
604, 1, 192, 221, 131, 2, 39.56%, 1, 0, 6, 429.36, 264885, 161, 1, 0
609, 2, 222, 321, 227, 14, 49.88%, 1, 0, 6, 421.30, 267067, 203, 1, 0
614, 2, 241, 322, 225, 11, 49.88%, 1, 0, 6, 432.84, 269190, 203, 1, 0
619, 2, 296, 322, 218, 5, 49.88%, 1, 0, 6, 429.54, 271431, 203, 1, 0
624, 3, 12, 324, 214, 0, 49.88%, 1, 0, 6, 430.73, 273597, 203, 1, 0
630, 3, 64, 324, 206, 0, 49.88%, 1, 0, 6, 411.87, 275739, 203, 1, 0
635, 3, 142, 324, 192, 0, 49.88%, 2, 0, 6, 415.39, 277885, 203, 3, 0
640, 3, 169, 324, 187, 0, 49.88%, 2, 0, 6, 443.05, 280121, 203, 3, 0
645, 4, 23, 328, 184, 0, 50.12%, 2, 0, 6, 467.35, 282503, 204, 3, 0
650, 4, 108, 328, 182, 0, 50.12%, 2, 0, 6, 421.27, 284586, 204, 5, 0
655, 4, 160, 328, 175, 0, 50.12%, 2, 0, 6, 412.30, 286743, 204, 6, 0
660, 4, 207, 328, 172, 0, 50.12%, 2, 0, 6, 426.77, 289005, 204, 6, 0
665, 4, 328, 329, 171, 1, 50.37%, 2, 0, 6, 431.61, 291198, 205, 6, 0
670, 4, 329, 330, 171, 1, 50.37%, 2, 0, 7, 444.77, 293397, 205, 6, 0
675, 4, 329, 331, 172, 1, 50.37%, 2, 0, 8, 428.13, 295580, 205, 6, 0
680, 5, 331, 337, 174, 3, 50.86%, 2, 0, 8, 426.80, 297694, 207, 10, 0
685, 6, 7, 337, 170, 0, 50.86%, 5, 0, 8, 394.60, 299669, 207, 18, 0
690, 6, 103, 337, 166, 0, 50.86%, 5, 0, 8, 407.35, 301729, 207, 18, 0
696, 6, 163, 337, 159, 0, 50.86%, 5, 0, 8, 413.87, 303889, 207, 18, 0
701, 6, 211, 338, 152, 0, 50.86%, 5, 0, 8, 446.28, 306188, 207, 18, 0
706, 6, 230, 338, 150, 0, 50.86%, 5, 0, 8, 426.95, 308331, 207, 18, 0
711, 6, 338, 339, 146, 1, 51.11%, 6, 0, 8, 407.57, 310390, 208, 19, 0
716, 7, 11, 339, 145, 0, 51.11%, 6, 0, 8, 414.39, 312487, 208, 19, 0
721, 7, 339, 340, 143, 1, 51.35%, 6, 0, 8, 440.73, 314827, 209, 19, 0
726, 8, 52, 340, 139, 0, 51.35%, 6, 0, 8, 404.79, 316729, 209, 19, 0
731, 8, 160, 340, 131, 0, 51.35%, 6, 0, 8, 410.06, 318817, 209, 25, 0
736, 8, 205, 340, 126, 0, 51.35%, 6, 0, 8, 431.86, 321019, 209, 25, 0
741, 8, 227, 340, 126, 0, 51.35%, 6, 0, 8, 384.34, 322948, 209, 25, 0
747, 8, 290, 340, 120, 0, 51.35%, 6, 0, 8, 394.29, 324964, 209, 25, 0
752, 8, 329, 340, 115, 0, 51.35%, 6, 0, 8, 427.15, 327218, 209, 25, 0
757, 9, 39, 340, 113, 0, 51.35%, 6, 0, 8, 415.23, 329331, 209, 26, 0
762, 9, 160, 340, 110, 0, 51.35%, 6, 0, 8, 421.44, 331490, 209, 27, 0
767, 9, 200, 340, 107, 0, 51.35%, 6, 0, 8, 409.82, 333552, 209, 27, 0
772, 9, 212, 340, 106, 0, 51.35%, 6, 0, 8, 424.04, 335734, 209, 27, 0
777, 9, 340, 341, 107, 1, 51.60%, 6, 0, 8, 407.67, 337769, 210, 27, 0
782, 10, 73, 341, 103, 0, 51.60%, 6, 0, 8, 395.42, 339814, 210, 27, 0
787, 10, 160, 341, 100, 0, 51.60%, 6, 0, 8, 404.53, 341860, 210, 31, 0
793, 10, 212, 341, 97, 0, 51.60%, 6, 0, 8, 432.36, 344002, 210, 31, 0
798, 10, 246, 341, 92, 0, 51.60%, 6, 0, 8, 407.62, 346127, 210, 31, 0
803, 10, 284, 343, 89, 0, 51.60%, 6, 0, 8, 411.13, 348210, 210, 31, 0
808, 10, 305, 345, 87, 0, 51.60%, 6, 0, 8, 386.38, 350130, 210, 31, 0
813, 10, 329, 346, 84, 0, 51.60%, 6, 0, 8, 410.70, 352163, 210, 31, 0
818, 10, 339, 346, 83, 0, 51.60%, 6, 0, 8, 403.15, 354129, 210, 32, 0
823, 10, 345, 347, 82, 0, 51.60%, 6, 0, 8, 395.46, 356100, 210, 32, 0
828, 11, 55, 348, 79, 0, 51.60%, 6, 0, 8, 399.00, 358231, 210, 32, 0
833, 11, 160, 348, 74, 0, 51.60%, 6, 0, 8, 421.31, 360392, 210, 37, 0
838, 11, 187, 348, 73, 0, 51.60%, 6, 0, 8, 405.11, 362434, 210, 37, 0
843, 11, 212, 348, 71, 0, 51.60%, 6, 0, 8, 412.06, 364608, 210, 37, 0
848, 11, 255, 348, 66, 0, 51.60%, 6, 0, 8, 403.79, 366567, 210, 37, 0
854, 11, 310, 348, 61, 0, 51.60%, 6, 0, 8, 406.80, 368672, 210, 37, 0
859, 11, 332, 348, 57, 0, 51.60%, 6, 0, 8, 416.01, 370793, 210, 37, 0
864, 11, 347, 350, 57, 0, 51.60%, 6, 0, 8, 414.37, 372938, 210, 38, 0
869, 12, 350, 352, 58, 2, 53.07%, 6, 0, 8, 416.06, 374995, 216, 38, 0
874, 13, 3, 353, 57, 0, 53.07%, 6, 0, 8, 409.83, 377084, 216, 38, 0
879, 13, 81, 353, 56, 0, 53.07%, 6, 0, 8, 378.40, 378983, 216, 38, 0
884, 13, 186, 353, 55, 0, 53.07%, 6, 0, 8, 408.00, 381136, 216, 39, 0
889, 13, 211, 353, 53, 0, 53.07%, 6, 0, 8, 427.71, 383316, 216, 39, 0
894, 13, 257, 353, 51, 0, 53.07%, 6, 0, 8, 429.41, 385467, 216, 39, 0
900, 13, 314, 353, 42, 0, 53.07%, 6, 0, 8, 444.64, 387731, 216, 39, 0
905, 13, 351, 353, 42, 0, 53.07%, 6, 0, 8, 432.87, 389887, 216, 43, 0
906, 13, 352, 354, 43, 0, 53.07%, 6, 0, 8, 422.35, 390513, 216, 43, 0
