# relative_time, cycles_done, cur_item, corpus_count, pending_total, pending_favs, map_size, saved_crashes, saved_hangs, max_depth, execs_per_sec, total_execs, edges_found, total_crashes, servers_count
61, 0, 9, 89, 84, 5, 30.71%, 0, 0, 2, 468.48, 27412, 125, 0, 0
66, 0, 9, 91, 86, 5, 30.71%, 0, 0, 2, 430.72, 29510, 125, 0, 0
71, 0, 9, 92, 87, 5, 30.71%, 0, 0, 2, 455.55, 31834, 125, 0, 0
76, 0, 9, 95, 90, 5, 31.70%, 0, 0, 2, 454.49, 34114, 129, 0, 0
81, 0, 9, 95, 90, 5, 31.70%, 0, 0, 2, 434.87, 36282, 129, 0, 0
86, 0, 9, 95, 90, 5, 31.70%, 0, 0, 2, 445.87, 38522, 129, 0, 0
91, 0, 9, 96, 91, 5, 31.70%, 0, 0, 2, 451.09, 40736, 129, 0, 0
96, 0, 9, 97, 92, 5, 31.94%, 0, 0, 2, 416.22, 42816, 130, 0, 0
101, 0, 9, 98, 93, 5, 31.94%, 0, 0, 2, 404.77, 44896, 130, 0, 0
106, 0, 9, 98, 93, 5, 31.94%, 0, 0, 2, 444.28, 47216, 130, 0, 0
111, 0, 9, 98, 93, 5, 31.94%, 0, 0, 2, 442.00, 49416, 130, 0, 0
116, 0, 9, 98, 93, 5, 31.94%, 0, 0, 2, 442.91, 51767, 130, 0, 0
122, 0, 9, 100, 95, 5, 31.94%, 0, 0, 2, 423.45, 53911, 130, 0, 0
127, 0, 117, 120, 113, 25, 33.91%, 0, 0, 2, 445.30, 56171, 138, 0, 0
132, 0, 117, 124, 117, 25, 33.91%, 0, 0, 2, 434.60, 58399, 138, 0, 0
137, 0, 117, 128, 121, 25, 33.91%, 0, 0, 2, 441.16, 60661, 138, 0, 0
142, 0, 117, 130, 123, 25, 33.91%, 0, 0, 2, 433.15, 62827, 138, 0, 0
147, 0, 117, 131, 124, 25, 33.91%, 0, 0, 2, 448.43, 65099, 138, 0, 0
152, 0, 117, 131, 124, 25, 33.91%, 0, 0, 2, 397.69, 67123, 138, 0, 0
157, 0, 117, 132, 125, 25, 33.91%, 0, 0, 2, 416.39, 69226, 138, 0, 0
162, 0, 117, 134, 127, 25, 33.91%, 0, 0, 2, 419.03, 71408, 138, 0, 0
167, 0, 117, 134, 127, 25, 33.91%, 0, 0, 2, 418.10, 73520, 138, 0, 0
172, 0, 117, 134, 127, 25, 33.91%, 0, 0, 2, 426.79, 75768, 138, 0, 0
178, 0, 117, 134, 127, 25, 33.91%, 0, 0, 2, 419.35, 77968, 138, 0, 0
183, 0, 117, 135, 128, 25, 33.91%, 0, 0, 2, 421.70, 80127, 138, 0, 0
188, 0, 117, 135, 128, 25, 33.91%, 0, 0, 2, 420.69, 82127, 138, 0, 0
193, 0, 117, 135, 128, 25, 33.91%, 0, 0, 2, 444.55, 84439, 138, 0, 0
198, 0, 90, 137, 122, 18, 34.15%, 0, 0, 3, 463.80, 86787, 139, 0, 0
203, 0, 90, 139, 124, 18, 34.15%, 0, 0, 3, 422.19, 88846, 139, 0, 0
208, 0, 139, 140, 123, 17, 36.12%, 0, 0, 3, 435.55, 91080, 147, 0, 0
213, 0, 139, 157, 140, 17, 39.56%, 0, 0, 3, 372.61, 92953, 161, 0, 0
218, 0, 139, 158, 141, 17, 39.56%, 0, 0, 3, 379.79, 94843, 161, 0, 0
223, 0, 157, 158, 140, 23, 39.56%, 0, 0, 3, 395.86, 96893, 161, 0, 0
228, 0, 159, 167, 147, 22, 39.56%, 0, 0, 4, 441.56, 99173, 161, 0, 0
233, 0, 92, 172, 151, 21, 40.29%, 0, 0, 4, 449.10, 101528, 164, 0, 0
238, 0, 92, 176, 155, 21, 40.29%, 0, 0, 4, 454.92, 103869, 164, 0, 0
243, 0, 92, 176, 155, 21, 40.29%, 0, 0, 4, 472.68, 106272, 164, 0, 0
249, 0, 92, 178, 157, 21, 40.29%, 0, 0, 4, 466.50, 108581, 164, 0, 0
254, 0, 92, 180, 159, 21, 40.29%, 0, 0, 4, 446.47, 110882, 164, 0, 0
259, 0, 92, 180, 159, 21, 40.29%, 0, 0, 4, 464.65, 113320, 164, 0, 0
264, 0, 92, 181, 160, 21, 40.29%, 0, 0, 4, 439.60, 115505, 164, 0, 0
269, 0, 92, 181, 160, 21, 40.29%, 0, 0, 4, 440.93, 117753, 164, 0, 0
274, 0, 92, 182, 161, 21, 40.29%, 0, 0, 4, 434.70, 119872, 164, 0, 0
279, 0, 92, 183, 162, 21, 40.29%, 0, 0, 4, 450.47, 122206, 164, 0, 0
284, 0, 92, 184, 163, 21, 40.29%, 0, 0, 4, 434.24, 124382, 164, 0, 0
289, 0, 92, 184, 163, 21, 40.29%, 0, 0, 4, 421.22, 126542, 164, 0, 0
294, 0, 92, 185, 164, 21, 40.29%, 0, 0, 4, 437.50, 128741, 164, 0, 0
299, 0, 92, 185, 164, 21, 40.29%, 0, 0, 4, 449.39, 130914, 164, 0, 0
305, 0, 92, 186, 165, 21, 40.29%, 0, 0, 4, 462.28, 133171, 164, 0, 0
310, 0, 92, 186, 165, 21, 40.29%, 0, 0, 4, 421.34, 135196, 164, 0, 0
315, 0, 92, 186, 165, 21, 40.29%, 0, 0, 4, 413.54, 137300, 164, 0, 0
320, 0, 92, 187, 166, 21, 40.29%, 0, 0, 4, 434.39, 139467, 164, 0, 0
325, 0, 92, 187, 166, 21, 40.29%, 0, 0, 4, 452.10, 141764, 164, 0, 0
330, 0, 92, 188, 167, 21, 40.29%, 0, 0, 4, 459.53, 144076, 164, 0, 0
335, 0, 92, 188, 167, 21, 40.29%, 0, 0, 4, 443.88, 146283, 164, 0, 0
340, 0, 92, 188, 167, 21, 40.29%, 0, 0, 4, 418.29, 148339, 164, 0, 0
345, 0, 92, 188, 167, 21, 40.29%, 0, 0, 4, 469.47, 150772, 164, 0, 0
350, 0, 147, 189, 167, 22, 40.29%, 0, 0, 4, 459.52, 153118, 164, 0, 0
356, 0, 103, 201, 177, 21, 40.29%, 0, 0, 4, 457.44, 155517, 164, 0, 0
361, 0, 103, 201, 177, 21, 40.29%, 0, 0, 4, 433.76, 157741, 164, 0, 0
366, 0, 133, 201, 176, 20, 40.29%, 0, 0, 4, 386.96, 159715, 164, 0, 0
371, 0, 133, 205, 180, 20, 40.29%, 0, 0, 4, 435.31, 162070, 164, 0, 0
376, 0, 133, 205, 180, 20, 40.29%, 0, 0, 4, 410.06, 164102, 164, 0, 0
381, 0, 30, 209, 182, 18, 40.29%, 0, 0, 4, 458.24, 166483, 164, 0, 0
386, 0, 142, 211, 181, 16, 40.54%, 0, 0, 4, 471.03, 168791, 165, 0, 0
391, 0, 197, 211, 178, 14, 40.54%, 0, 0, 4, 465.62, 171068, 165, 0, 0
396, 0, 145, 211, 175, 12, 40.54%, 0, 0, 4, 433.54, 173271, 165, 0, 0
401, 0, 102, 211, 172, 9, 40.54%, 0, 0, 4, 438.01, 175502, 165, 0, 0
406, 0, 213, 217, 176, 11, 42.75%, 0, 0, 4, 412.33, 177554, 174, 0, 0
411, 0, 213, 227, 186, 11, 43.49%, 1, 0, 4, 417.01, 179654, 177, 1, 0
417, 0, 213, 230, 189, 11, 43.49%, 1, 0, 4, 428.86, 181843, 177, 1, 0
422, 0, 213, 231, 190, 11, 43.49%, 1, 0, 4, 436.06, 184130, 177, 1, 0
427, 0, 213, 231, 190, 11, 43.49%, 1, 0, 4, 422.88, 186274, 177, 1, 0
432, 0, 213, 232, 191, 11, 43.49%, 1, 0, 4, 395.92, 188255, 177, 1, 0
437, 0, 213, 233, 192, 11, 43.49%, 1, 0, 4, 401.26, 190296, 177, 1, 0
442, 0, 213, 233, 192, 11, 43.49%, 1, 0, 4, 429.84, 192496, 177, 1, 0
447, 0, 213, 233, 192, 11, 43.49%, 1, 0, 4, 444.36, 194712, 177, 1, 0
452, 0, 213, 234, 193, 11, 43.49%, 1, 0, 4, 414.43, 196783, 177, 1, 0
457, 0, 213, 235, 194, 11, 43.49%, 1, 0, 4, 410.85, 198918, 177, 1, 0
462, 0, 213, 235, 194, 11, 43.49%, 1, 0, 4, 391.79, 200946, 177, 1, 0
467, 0, 213, 235, 194, 11, 43.49%, 1, 0, 4, 410.46, 203054, 177, 1, 0
473, 0, 213, 235, 194, 11, 43.49%, 1, 0, 4, 422.73, 205238, 177, 1, 0
478, 0, 213, 235, 194, 11, 43.49%, 1, 0, 4, 406.78, 207318, 177, 1, 0
483, 0, 213, 236, 195, 11, 43.73%, 1, 0, 4, 392.97, 209389, 178, 1, 0
488, 0, 213, 238, 197, 11, 43.73%, 1, 0, 4, 407.30, 211443, 178, 1, 0
493, 0, 213, 238, 197, 11, 43.73%, 1, 0, 4, 420.66, 213667, 178, 1, 0
498, 0, 213, 238, 197, 11, 43.73%, 1, 0, 4, 418.09, 215771, 178, 1, 0
503, 0, 213, 239, 198, 11, 43.73%, 1, 0, 4, 444.01, 217978, 178, 1, 0
508, 0, 213, 239, 198, 11, 43.73%, 1, 0, 4, 447.11, 220267, 178, 1, 0
513, 0, 213, 239, 198, 11, 43.73%, 1, 0, 4, 431.40, 222482, 178, 1, 0
519, 0, 213, 239, 198, 11, 43.73%, 1, 0, 4, 409.14, 224546, 178, 1, 0
524, 0, 213, 239, 198, 11, 43.73%, 1, 0, 4, 420.98, 226634, 178, 1, 0
529, 0, 213, 239, 198, 11, 43.73%, 1, 0, 4, 413.36, 228738, 178, 1, 0
534, 0, 235, 239, 197, 13, 43.73%, 1, 0, 4, 443.52, 230994, 178, 1, 0
539, 0, 225, 239, 194, 11, 43.73%, 1, 0, 4, 448.22, 233289, 178, 1, 0
544, 0, 217, 241, 194, 9, 43.73%, 1, 0, 4, 439.42, 235490, 178, 1, 0
549, 0, 0, 241, 192, 7, 43.73%, 1, 0, 4, 384.68, 237365, 178, 1, 0
554, 0, 37, 241, 189, 4, 43.73%, 1, 0, 4, 384.59, 239387, 178, 1, 0
560, 0, 218, 241, 187, 2, 43.73%, 1, 0, 4, 404.08, 241413, 178, 1, 0
565, 0, 218, 242, 188, 2, 43.73%, 1, 0, 4, 398.86, 243448, 178, 1, 0
570, 0, 241, 243, 187, 1, 43.73%, 1, 0, 5, 406.36, 245503, 178, 1, 0
575, 0, 146, 243, 185, 0, 43.73%, 1, 0, 5, 406.90, 247573, 178, 1, 0
580, 0, 225, 243, 182, 0, 43.73%, 1, 0, 5, 415.55, 249665, 178, 1, 0
585, 0, 141, 243, 180, 0, 43.73%, 1, 0, 5, 458.57, 252044, 178, 1, 0
590, 0, 244, 246, 182, 1, 43.73%, 1, 0, 5, 485.40, 254521, 178, 1, 0
595, 0, 103, 247, 182, 0, 43.73%, 1, 0, 5, 452.90, 256697, 178, 1, 0
600, 0, 198, 250, 185, 0, 44.47%, 1, 0, 5, 446.00, 258972, 181, 1, 0
605, 0, 37, 251, 184, 0, 44.47%, 1, 0, 6, 388.48, 260947, 181, 1, 0
610, 0, 247, 255, 187, 0, 44.47%, 1, 0, 6, 349.11, 262742, 181, 1, 0
615, 0, 212, 255, 186, 0, 44.47%, 1, 0, 6, 379.19, 264657, 181, 1, 0
620, 0, 157, 255, 184, 0, 44.47%, 1, 0, 6, 400.24, 266697, 181, 1, 0
626, 0, 187, 255, 181, 0, 44.47%, 1, 0, 6, 438.43, 269001, 181, 1, 0
631, 0, 181, 255, 180, 0, 44.47%, 1, 0, 6, 407.87, 271124, 181, 1, 0
636, 0, 144, 255, 176, 0, 44.47%, 1, 0, 6, 429.32, 273315, 181, 1, 0
641, 0, 215, 256, 175, 0, 44.47%, 1, 0, 6, 416.65, 275427, 181, 1, 0
646, 0, 252, 256, 173, 0, 44.47%, 1, 0, 6, 416.27, 277585, 181, 1, 0
651, 0, 256, 257, 172, 1, 45.21%, 1, 0, 6, 450.45, 279794, 184, 1, 0
656, 0, 244, 258, 171, 0, 45.21%, 1, 0, 6, 419.35, 281870, 184, 1, 0
661, 0, 67, 258, 167, 0, 45.21%, 1, 0, 6, 414.09, 283906, 184, 1, 0
666, 0, 131, 258, 164, 0, 45.21%, 1, 0, 6, 423.58, 286001, 184, 1, 0
671, 0, 240, 258, 161, 0, 45.21%, 1, 0, 6, 415.33, 288097, 184, 1, 0
676, 0, 225, 258, 159, 0, 45.21%, 1, 0, 6, 426.80, 290289, 184, 1, 0
681, 0, 237, 260, 160, 0, 45.21%, 1, 0, 6, 449.78, 292513, 184, 1, 0
686, 0, 237, 263, 163, 0, 45.21%, 1, 0, 6, 420.22, 294646, 184, 1, 0
692, 0, 237, 264, 164, 0, 45.21%, 1, 0, 6, 412.40, 296749, 184, 1, 0
697, 0, 237, 264, 164, 0, 45.21%, 1, 0, 6, 420.40, 298837, 184, 1, 0
702, 0, 159, 265, 164, 0, 45.21%, 1, 0, 6, 444.42, 301118, 184, 1, 0
707, 0, 61, 265, 163, 0, 45.21%, 1, 0, 6, 441.03, 303305, 184, 1, 0
712, 0, 166, 265, 161, 0, 45.21%, 1, 0, 6, 461.01, 305567, 184, 1, 0
717, 0, 248, 265, 158, 0, 45.21%, 1, 0, 6, 469.74, 307915, 184, 1, 0
722, 0, 202, 265, 156, 0, 45.21%, 1, 0, 6, 415.11, 310002, 184, 1, 0
727, 0, 220, 265, 153, 0, 45.21%, 1, 0, 6, 400.33, 312085, 184, 1, 0
732, 0, 220, 272, 160, 0, 45.45%, 1, 0, 6, 467.83, 314685, 185, 1, 0
737, 0, 220, 276, 164, 0, 45.45%, 1, 0, 6, 432.80, 316792, 185, 1, 0
742, 0, 220, 278, 166, 0, 45.70%, 1, 0, 6, 423.08, 318918, 186, 1, 0
747, 0, 277, 280, 167, 2, 45.70%, 1, 0, 6, 432.37, 321125, 186, 1, 0
753, 0, 263, 283, 169, 1, 45.70%, 1, 0, 6, 452.59, 323541, 186, 1, 0
758, 0, 271, 284, 167, 1, 45.70%, 1, 0, 6, 407.59, 325594, 186, 1, 0
763, 0, 14, 284, 165, 0, 45.70%, 1, 0, 6, 388.67, 327680, 186, 1, 0
768, 0, 197, 285, 163, 0, 45.70%, 1, 0, 6, 410.09, 329745, 186, 1, 0
773, 0, 103, 286, 162, 0, 45.70%, 1, 0, 6, 383.65, 331587, 186, 1, 0
778, 1, 267, 288, 162, 0, 45.70%, 1, 0, 6, 433.59, 333826, 186, 1, 0
783, 1, 267, 290, 164, 0, 45.70%, 1, 0, 6, 431.96, 336008, 186, 1, 0
788, 1, 267, 292, 166, 0, 45.70%, 1, 0, 6, 405.90, 338030, 186, 1, 0
793, 1, 214, 293, 166, 0, 45.70%, 1, 0, 6, 413.21, 340188, 186, 1, 0
798, 1, 16, 293, 163, 0, 45.70%, 1, 0, 6, 383.37, 342142, 186, 1, 0
803, 1, 140, 293, 158, 0, 45.70%, 1, 0, 6, 433.64, 344420, 186, 1, 0
809, 1, 277, 293, 155, 0, 45.70%, 1, 0, 6, 428.55, 346586, 186, 1, 0
814, 1, 189, 293, 153, 0, 45.70%, 1, 0, 6, 422.49, 348704, 186, 1, 0
819, 1, 162, 294, 152, 0, 45.70%, 1, 0, 6, 425.07, 350859, 186, 1, 0
824, 1, 91, 294, 147, 0, 45.70%, 1, 0, 6, 437.67, 353136, 186, 1, 0
829, 1, 198, 294, 143, 0, 45.70%, 1, 0, 6, 442.18, 355410, 186, 1, 0
834, 1, 193, 295, 142, 0, 45.70%, 1, 0, 6, 425.81, 357512, 186, 1, 0
839, 1, 272, 295, 138, 0, 45.70%, 1, 0, 6, 400.88, 359491, 186, 1, 0
844, 1, 295, 297, 138, 1, 46.19%, 1, 0, 6, 429.64, 361717, 188, 1, 0
849, 1, 265, 297, 134, 0, 46.19%, 1, 0, 6, 438.74, 364005, 188, 1, 0
854, 1, 155, 297, 129, 0, 46.19%, 1, 0, 6, 440.89, 366161, 188, 1, 0
859, 1, 15, 297, 127, 0, 46.19%, 1, 0, 6, 405.73, 368110, 188, 1, 0
865, 1, 297, 298, 125, 1, 46.44%, 1, 0, 6, 444.47, 370385, 189, 1, 0
870, 1, 160, 298, 123, 0, 46.44%, 1, 0, 6, 427.67, 372562, 189, 1, 0
875, 1, 197, 298, 119, 0, 46.44%, 1, 0, 6, 430.85, 374751, 189, 1, 0
880, 1, 254, 298, 117, 0, 46.44%, 1, 0, 6, 418.17, 376829, 189, 1, 0
885, 1, 8, 299, 117, 0, 46.44%, 1, 0, 7, 434.66, 378970, 189, 1, 0
890, 1, 273, 299, 115, 0, 46.44%, 1, 0, 7, 410.09, 381034, 189, 1, 0
895, 1, 106, 299, 112, 0, 46.44%, 1, 0, 7, 418.04, 383114, 189, 1, 0
900, 1, 249, 300, 109, 0, 46.68%, 1, 0, 7, 430.37, 385344, 190, 1, 0
