# relative_time, cycles_done, cur_item, corpus_count, pending_total, pending_favs, map_size, saved_crashes, saved_hangs, max_depth, execs_per_sec, total_execs, edges_found, total_crashes, servers_count
60, 0, 9, 104, 99, 5, 30.96%, 0, 0, 2, 484.22, 30570, 126, 0, 0
66, 0, 9, 104, 99, 5, 30.96%, 0, 0, 2, 490.91, 33108, 126, 0, 0
71, 0, 9, 104, 99, 5, 30.96%, 0, 0, 2, 445.99, 35284, 126, 0, 0
76, 0, 9, 105, 100, 5, 30.96%, 0, 0, 2, 432.06, 37435, 126, 0, 0
81, 0, 9, 105, 100, 5, 30.96%, 0, 0, 2, 460.69, 39821, 126, 0, 0
86, 0, 9, 106, 101, 5, 30.96%, 0, 0, 2, 448.27, 42141, 126, 0, 0
91, 0, 9, 107, 102, 5, 30.96%, 0, 0, 2, 489.90, 44758, 126, 0, 0
96, 0, 9, 107, 102, 5, 30.96%, 0, 0, 2, 452.68, 47008, 126, 0, 0
101, 0, 9, 107, 102, 5, 30.96%, 0, 0, 2, 432.56, 49225, 126, 0, 0
106, 0, 9, 110, 105, 5, 30.96%, 0, 0, 2, 436.21, 51454, 126, 0, 0
111, 0, 9, 110, 105, 5, 30.96%, 0, 0, 2, 479.08, 53887, 126, 0, 0
117, 0, 13, 145, 135, 31, 45.45%, 0, 0, 3, 418.77, 55953, 185, 0, 0
122, 0, 146, 148, 133, 29, 46.44%, 0, 0, 3, 614.30, 59445, 189, 0, 0
127, 0, 115, 151, 133, 26, 46.68%, 0, 0, 3, 648.59, 62861, 190, 0, 0
132, 0, 73, 156, 136, 26, 47.17%, 1, 0, 3, 681.91, 66169, 192, 1, 0
137, 0, 124, 157, 134, 24, 47.42%, 1, 0, 3, 789.54, 70434, 193, 1, 0
142, 0, 126, 165, 140, 22, 47.42%, 1, 0, 3, 521.83, 72737, 193, 1, 0
147, 0, 160, 174, 148, 23, 47.42%, 1, 0, 3, 454.87, 74988, 193, 1, 0
152, 0, 160, 184, 158, 23, 47.67%, 1, 0, 3, 451.42, 77245, 194, 1, 0
157, 0, 160, 187, 161, 23, 47.67%, 1, 0, 3, 443.50, 79448, 194, 1, 0
162, 0, 160, 188, 162, 23, 47.67%, 1, 0, 3, 427.50, 81688, 194, 1, 0
167, 0, 160, 190, 164, 23, 47.67%, 1, 0, 3, 461.60, 84092, 194, 1, 0
172, 0, 160, 190, 164, 23, 47.67%, 1, 0, 3, 462.56, 86432, 194, 1, 0
178, 0, 182, 191, 162, 23, 47.91%, 1, 0, 3, 510.48, 89158, 195, 1, 0
183, 0, 183, 191, 160, 21, 47.91%, 1, 0, 3, 553.72, 92018, 195, 1, 0
188, 0, 121, 192, 160, 20, 47.91%, 1, 0, 3, 472.32, 94452, 195, 1, 0
193, 0, 121, 192, 160, 20, 47.91%, 1, 0, 3, 470.02, 96756, 195, 1, 0
198, 0, 121, 193, 161, 20, 47.91%, 1, 0, 3, 426.07, 98862, 195, 1, 0
203, 0, 193, 195, 160, 18, 47.91%, 1, 0, 4, 466.56, 101300, 195, 1, 0
208, 0, 108, 197, 159, 16, 47.91%, 1, 0, 4, 495.79, 103826, 195, 1, 0
213, 0, 142, 199, 157, 13, 47.91%, 1, 0, 4, 489.24, 106359, 195, 1, 0
218, 0, 29, 201, 157, 11, 47.91%, 1, 0, 4, 484.86, 108767, 195, 1, 0
223, 0, 133, 201, 153, 8, 47.91%, 1, 0, 4, 468.17, 111102, 195, 1, 0
228, 0, 133, 203, 155, 8, 47.91%, 1, 0, 4, 488.45, 113594, 195, 1, 0
234, 0, 133, 207, 159, 8, 48.16%, 1, 0, 4, 430.92, 115779, 196, 1, 0
239, 0, 133, 208, 160, 8, 48.16%, 1, 0, 4, 475.51, 118228, 196, 1, 0
244, 0, 133, 208, 160, 8, 48.16%, 1, 0, 4, 471.17, 120550, 196, 1, 0
249, 0, 133, 210, 162, 8, 48.16%, 1, 0, 4, 469.25, 122922, 196, 1, 0
254, 0, 133, 211, 163, 8, 48.16%, 1, 0, 4, 447.40, 125199, 196, 1, 0
259, 0, 133, 211, 163, 8, 48.16%, 1, 0, 4, 462.29, 127519, 196, 1, 0
264, 0, 133, 211, 163, 8, 48.16%, 1, 0, 4, 463.17, 129904, 196, 1, 0
269, 0, 133, 212, 164, 8, 48.16%, 1, 0, 4, 475.67, 132332, 196, 1, 0
274, 0, 133, 212, 164, 8, 48.16%, 1, 0, 4, 430.72, 134510, 196, 1, 0
280, 0, 133, 212, 164, 8, 48.16%, 1, 0, 4, 448.49, 136774, 196, 1, 0
285, 0, 133, 212, 164, 8, 48.16%, 1, 0, 4, 448.98, 139091, 196, 1, 0
290, 0, 203, 213, 163, 8, 48.16%, 1, 0, 4, 478.36, 141809, 196, 1, 0
295, 0, 152, 213, 160, 5, 48.16%, 1, 0, 4, 446.23, 144024, 196, 1, 0
300, 0, 83, 213, 154, 0, 48.16%, 1, 0, 4, 474.95, 146493, 196, 1, 0
305, 0, 95, 216, 155, 0, 48.16%, 1, 0, 4, 471.91, 148779, 196, 1, 0
310, 0, 95, 221, 160, 0, 48.16%, 1, 0, 4, 446.23, 151066, 196, 1, 0
315, 0, 95, 222, 161, 0, 48.16%, 1, 0, 4, 453.67, 153303, 196, 1, 0
320, 0, 95, 227, 166, 0, 48.16%, 1, 0, 4, 445.79, 155620, 196, 1, 0
325, 0, 95, 228, 167, 0, 48.16%, 1, 0, 4, 475.19, 158079, 196, 1, 0
330, 0, 108, 229, 162, 0, 48.16%, 1, 0, 4, 473.03, 160499, 196, 1, 0
335, 0, 226, 230, 160, 0, 48.16%, 1, 0, 4, 463.10, 162822, 196, 1, 0
341, 0, 170, 230, 156, 0, 48.16%, 1, 0, 4, 489.26, 165316, 196, 1, 0
346, 0, 233, 234, 158, 1, 48.40%, 1, 0, 5, 484.81, 167701, 197, 1, 0
351, 0, 90, 235, 158, 0, 48.40%, 1, 0, 5, 481.55, 170092, 197, 1, 0
356, 0, 231, 238, 160, 0, 48.65%, 1, 0, 5, 378.83, 172075, 198, 1, 0
361, 0, 102, 238, 159, 0, 48.65%, 1, 0, 5, 347.36, 173660, 198, 1, 0
366, 0, 195, 238, 156, 0, 48.65%, 1, 0, 5, 419.82, 175866, 198, 1, 0
371, 0, 30, 238, 154, 0, 48.65%, 1, 0, 5, 359.91, 177706, 198, 1, 0
376, 0, 161, 238, 153, 0, 48.65%, 1, 0, 5, 318.99, 179201, 198, 1, 0
381, 0, 133, 239, 151, 0, 48.65%, 1, 0, 5, 346.66, 180992, 198, 1, 0
386, 0, 216, 240, 152, 0, 48.65%, 1, 0, 5, 424.74, 183296, 198, 1, 0
391, 0, 133, 242, 151, 0, 48.65%, 1, 0, 5, 463.35, 185654, 198, 1, 0
397, 0, 243, 244, 153, 1, 48.65%, 1, 0, 5, 437.32, 187918, 198, 1, 0
402, 0, 149, 246, 153, 0, 48.65%, 1, 0, 5, 448.55, 190202, 198, 1, 0
407, 0, 242, 246, 151, 0, 48.65%, 1, 0, 5, 425.86, 192263, 198, 1, 0
412, 0, 246, 248, 150, 0, 48.65%, 1, 0, 5, 421.67, 194382, 198, 1, 0
417, 0, 193, 248, 149, 0, 48.65%, 1, 0, 5, 406.31, 196402, 198, 1, 0
422, 0, 172, 250, 151, 0, 48.65%, 1, 0, 5, 407.14, 198460, 198, 1, 0
427, 0, 250, 251, 148, 1, 48.65%, 1, 0, 5, 420.02, 200607, 198, 1, 0
432, 0, 115, 252, 147, 0, 48.65%, 1, 0, 5, 397.71, 202620, 198, 1, 0
437, 0, 222, 253, 146, 0, 48.65%, 1, 0, 5, 454.71, 204986, 198, 1, 0
442, 0, 147, 254, 142, 0, 48.65%, 1, 0, 5, 481.08, 207508, 198, 1, 0
447, 1, 121, 254, 141, 0, 48.65%, 1, 0, 5, 422.84, 209633, 198, 1, 0
452, 1, 168, 254, 140, 0, 48.65%, 1, 0, 5, 426.44, 211848, 198, 1, 0
457, 1, 232, 254, 135, 0, 48.65%, 1, 0, 5, 466.86, 214221, 198, 1, 0
463, 1, 141, 254, 128, 0, 48.65%, 1, 0, 5, 444.97, 216405, 198, 1, 0
468, 1, 92, 254, 124, 0, 48.65%, 1, 0, 5, 415.44, 218491, 198, 1, 0
473, 1, 238, 254, 120, 0, 48.65%, 1, 0, 5, 444.78, 220698, 198, 1, 0
478, 1, 173, 254, 115, 0, 48.65%, 1, 0, 5, 449.10, 222948, 198, 1, 0
483, 1, 253, 259, 119, 0, 48.65%, 1, 0, 5, 455.21, 225275, 198, 1, 0
488, 1, 253, 262, 122, 0, 48.65%, 1, 0, 5, 446.64, 227568, 198, 1, 0
493, 1, 253, 263, 123, 0, 48.65%, 1, 0, 5, 446.98, 229863, 198, 1, 0
498, 1, 253, 265, 125, 0, 48.65%, 1, 0, 5, 428.28, 232125, 198, 1, 0
503, 1, 121, 266, 124, 0, 48.65%, 1, 0, 5, 467.40, 234513, 198, 1, 0
508, 1, 218, 266, 119, 0, 48.65%, 1, 0, 5, 451.66, 236772, 198, 1, 0
513, 1, 189, 266, 114, 0, 48.65%, 1, 0, 5, 464.52, 239189, 198, 1, 0
518, 1, 174, 266, 110, 0, 48.65%, 1, 0, 5, 458.60, 241531, 198, 1, 0
524, 1, 191, 266, 107, 0, 48.65%, 1, 0, 5, 478.73, 244078, 198, 1, 0
529, 1, 87, 266, 103, 0, 48.65%, 1, 0, 5, 149.42, 246312, 198, 1, 0
534, 1, 19, 266, 100, 0, 48.65%, 1, 0, 5, 286.02, 247985, 198, 1, 0
539, 1, 260, 266, 94, 0, 48.65%, 1, 0, 5, 339.31, 249920, 198, 1, 0
544, 1, 73, 266, 91, 0, 48.65%, 1, 0, 5, 449.47, 252209, 198, 1, 0
549, 1, 122, 266, 87, 0, 48.65%, 1, 0, 5, 453.60, 254783, 198, 1, 0
554, 1, 45, 266, 83, 0, 48.65%, 1, 0, 5, 490.10, 257138, 198, 1, 0
559, 1, 243, 267, 80, 0, 48.65%, 1, 0, 5, 460.25, 259379, 198, 1, 0
564, 1, 261, 267, 77, 0, 48.65%, 1, 0, 5, 527.25, 262074, 198, 1, 0
570, 1, 262, 268, 75, 0, 48.65%, 1, 0, 6, 125.94, 264986, 198, 1, 0
575, 1, 171, 268, 65, 0, 48.65%, 1, 0, 6, 786.90, 269195, 198, 1, 0
580, 1, 178, 268, 58, 0, 48.65%, 1, 0, 6, 769.95, 273197, 198, 1, 0
585, 1, 148, 268, 55, 0, 48.65%, 1, 0, 6, 680.12, 274496, 198, 1, 0
590, 1, 181, 268, 51, 0, 48.65%, 1, 0, 6, 785.82, 278698, 198, 1, 0
595, 1, 124, 268, 46, 0, 48.65%, 1, 0, 6, 111.28, 281468, 198, 1, 0
600, 1, 23, 268, 45, 0, 48.65%, 1, 0, 6, 243.24, 282750, 198, 1, 0
605, 1, 252, 268, 43, 0, 48.65%, 1, 0, 6, 474.20, 285246, 198, 1, 0
610, 1, 269, 271, 45, 0, 48.65%, 1, 0, 6, 615.11, 288555, 198, 1, 0
615, 1, 209, 272, 40, 0, 48.89%, 1, 0, 6, 691.60, 292115, 199, 1, 0
621, 1, 111, 276, 40, 0, 49.39%, 1, 0, 6, 86.49, 294642, 201, 1, 0
626, 1, 153, 277, 39, 0, 49.63%, 1, 0, 6, 759.87, 298149, 202, 1, 0
631, 1, 94, 279, 37, 0, 49.63%, 1, 0, 6, 772.02, 302082, 202, 1, 0
636, 1, 267, 284, 41, 0, 49.63%, 1, 0, 7, 789.72, 306093, 202, 1, 0
641, 1, 267, 286, 43, 0, 49.63%, 1, 0, 7, 794.14, 310112, 202, 1, 0
646, 1, 283, 286, 42, 1, 49.63%, 1, 0, 7, 646.69, 313566, 202, 1, 0
651, 1, 3, 286, 41, 0, 49.63%, 1, 0, 7, 291.29, 314490, 202, 1, 0
656, 1, 194, 286, 41, 0, 49.63%, 1, 0, 7, 239.28, 315562, 202, 1, 0
661, 1, 146, 288, 41, 0, 49.63%, 1, 0, 7, 440.24, 317976, 202, 1, 0
667, 2, 347, 416, 169, 22, 60.93%, 1, 0, 7, 541.58, 320837, 248, 1, 0
672, 2, 310, 416, 166, 19, 60.93%, 1, 0, 7, 140.07, 324028, 248, 1, 0
677, 2, 353, 416, 163, 16, 60.93%, 1, 0, 7, 836.90, 327823, 248, 1, 0
682, 2, 378, 416, 158, 11, 60.93%, 1, 0, 7, 825.56, 331898, 248, 1, 0
687, 2, 399, 416, 154, 7, 60.93%, 1, 0, 7, 838.20, 336156, 248, 1, 0
692, 2, 323, 417, 151, 3, 60.93%, 1, 0, 7, 839.57, 340353, 248, 1, 0
697, 2, 391, 418, 148, 1, 60.93%, 1, 0, 7, 866.35, 344912, 248, 1, 0
702, 2, 281, 418, 146, 0, 60.93%, 4, 0, 7, 844.45, 349160, 248, 5, 0
707, 2, 367, 418, 139, 0, 60.93%, 4, 0, 7, 820.65, 353285, 248, 5, 0
712, 2, 345, 418, 136, 0, 60.93%, 4, 0, 7, 811.90, 357294, 248, 5, 0
717, 2, 316, 418, 133, 0, 60.93%, 4, 0, 7, 843.77, 361603, 248, 5, 0
722, 2, 183, 418, 127, 0, 60.93%, 4, 0, 7, 845.90, 366038, 248, 5, 0
727, 2, 289, 418, 124, 0, 60.93%, 4, 0, 7, 793.71, 370049, 248, 5, 0
732, 2, 303, 418, 122, 0, 60.93%, 4, 0, 7, 139.14, 372765, 248, 5, 0
737, 2, 311, 418, 121, 0, 60.93%, 4, 0, 7, 105.82, 373277, 248, 5, 0
743, 2, 311, 418, 121, 0, 60.93%, 4, 0, 7, 103.29, 373803, 248, 5, 0
748, 2, 372, 418, 119, 0, 60.93%, 4, 0, 7, 117.02, 374428, 248, 5, 0
753, 2, 372, 418, 119, 0, 60.93%, 4, 0, 7, 121.56, 375022, 248, 5, 0
758, 2, 364, 418, 117, 0, 60.93%, 4, 0, 7, 736.31, 377273, 248, 5, 0
763, 2, 386, 418, 113, 0, 60.93%, 4, 0, 7, 790.41, 381332, 248, 5, 0
768, 2, 417, 419, 110, 0, 60.93%, 4, 0, 7, 840.99, 385633, 248, 5, 0
773, 2, 319, 419, 107, 0, 60.93%, 4, 0, 7, 850.43, 389964, 248, 6, 0
778, 2, 348, 419, 104, 0, 60.93%, 4, 0, 7, 902.94, 394582, 248, 6, 0
783, 2, 380, 419, 101, 0, 60.93%, 4, 0, 7, 835.45, 398859, 248, 6, 0
788, 2, 389, 419, 96, 0, 60.93%, 4, 0, 7, 871.88, 403235, 248, 6, 0
793, 2, 309, 419, 93, 0, 60.93%, 4, 0, 7, 154.93, 405266, 248, 6, 0
798, 2, 357, 419, 92, 0, 60.93%, 4, 0, 7, 155.68, 406039, 248, 6, 0
803, 2, 409, 419, 91, 0, 60.93%, 4, 0, 7, 160.03, 406885, 248, 6, 0
808, 2, 285, 419, 88, 0, 60.93%, 4, 0, 7, 840.48, 409565, 248, 6, 0
814, 2, 361, 419, 84, 0, 60.93%, 4, 0, 7, 797.25, 413598, 248, 6, 0
819, 2, 325, 419, 83, 0, 60.93%, 4, 0, 7, 271.08, 415161, 248, 6, 0
824, 2, 321, 419, 81, 0, 60.93%, 4, 0, 7, 436.09, 417401, 248, 6, 0
829, 2, 329, 419, 79, 0, 60.93%, 4, 0, 7, 476.95, 419618, 248, 6, 0
834, 2, 397, 419, 76, 0, 60.93%, 4, 0, 7, 545.66, 422452, 248, 6, 0
839, 2, 317, 419, 73, 0, 60.93%, 4, 0, 7, 636.89, 425454, 248, 6, 0
844, 2, 415, 419, 72, 0, 60.93%, 4, 0, 7, 645.39, 427773, 248, 6, 0
849, 2, 375, 419, 71, 0, 60.93%, 4, 0, 7, 208.91, 429150, 248, 6, 0
854, 2, 336, 419, 70, 0, 60.93%, 4, 0, 7, 309.20, 430860, 248, 6, 0
859, 2, 296, 419, 69, 0, 60.93%, 4, 0, 7, 311.95, 432426, 248, 6, 0
864, 2, 331, 419, 67, 0, 60.93%, 4, 0, 7, 354.30, 434229, 248, 6, 0
869, 2, 347, 419, 65, 0, 60.93%, 4, 0, 7, 391.16, 436237, 248, 8, 0
875, 2, 335, 419, 63, 0, 60.93%, 4, 0, 7, 594.49, 439443, 248, 8, 0
880, 2, 156, 419, 62, 0, 60.93%, 4, 0, 7, 402.06, 441224, 248, 10, 0
885, 2, 417, 420, 63, 0, 61.18%, 6, 0, 7, 356.97, 442914, 249, 15, 0
890, 2, 417, 422, 65, 0, 61.18%, 6, 0, 7, 328.08, 444578, 249, 15, 0
895, 2, 419, 422, 65, 1, 61.18%, 6, 0, 7, 321.69, 446139, 249, 15, 0
900, 2, 355, 422, 64, 0, 61.18%, 6, 0, 7, 125.33, 449253, 249, 15, 0
902, 2, 284, 422, 63, 0, 61.18%, 6, 0, 7, 272.08, 450077, 249, 15, 0
