# relative_time, cycles_done, cur_item, corpus_count, pending_total, pending_favs, map_size, saved_crashes, saved_hangs, max_depth, execs_per_sec, total_execs, edges_found, total_crashes, servers_count
60, 0, 9, 91, 86, 5, 32.19%, 0, 0, 2, 417.70, 26629, 131, 0, 0
65, 0, 9, 91, 86, 5, 32.19%, 0, 0, 2, 403.09, 28677, 131, 0, 0
71, 0, 9, 92, 87, 5, 32.19%, 0, 0, 2, 423.33, 30860, 131, 0, 0
76, 0, 9, 92, 87, 5, 32.19%, 0, 0, 2, 403.45, 32893, 131, 0, 0
81, 0, 9, 93, 88, 5, 32.19%, 0, 0, 2, 424.96, 35108, 131, 0, 0
86, 0, 9, 95, 90, 5, 32.19%, 0, 0, 2, 437.09, 37402, 131, 0, 0
91, 0, 9, 95, 90, 5, 32.19%, 0, 0, 2, 429.73, 39522, 131, 0, 0
96, 0, 9, 95, 90, 5, 32.19%, 0, 0, 2, 419.05, 41666, 131, 0, 0
101, 0, 9, 96, 91, 5, 32.19%, 0, 0, 2, 437.84, 43849, 131, 0, 0
106, 0, 9, 96, 91, 5, 32.19%, 0, 0, 2, 425.04, 45946, 131, 0, 0
111, 0, 9, 97, 92, 5, 32.19%, 0, 0, 2, 419.42, 48145, 131, 0, 0
116, 0, 9, 97, 92, 5, 32.19%, 0, 0, 2, 442.31, 50393, 131, 0, 0
121, 0, 9, 97, 92, 5, 32.19%, 0, 0, 2, 404.66, 52481, 131, 0, 0
127, 0, 9, 118, 112, 4, 36.61%, 0, 0, 2, 422.07, 54636, 149, 0, 0
132, 0, 86, 151, 145, 34, 39.80%, 0, 0, 3, 395.53, 56584, 162, 0, 0
137, 0, 86, 153, 147, 34, 40.05%, 0, 0, 3, 414.97, 58773, 163, 0, 0
142, 0, 86, 155, 149, 34, 40.05%, 0, 0, 3, 410.24, 60852, 163, 0, 0
147, 0, 86, 158, 152, 34, 40.05%, 0, 0, 3, 403.26, 62961, 163, 0, 0
152, 0, 86, 160, 154, 34, 40.05%, 0, 0, 3, 415.65, 65119, 163, 0, 0
157, 0, 86, 161, 155, 34, 40.05%, 0, 0, 3, 431.40, 67286, 163, 0, 0
162, 0, 86, 161, 155, 34, 40.05%, 0, 0, 3, 424.54, 69518, 163, 0, 0
167, 0, 86, 161, 155, 34, 40.05%, 0, 0, 3, 411.97, 71574, 163, 0, 0
172, 0, 86, 162, 156, 34, 40.05%, 0, 0, 3, 425.80, 73781, 163, 0, 0
177, 0, 86, 162, 156, 34, 40.05%, 0, 0, 3, 433.07, 75965, 163, 0, 0
182, 0, 86, 165, 159, 34, 40.05%, 0, 0, 3, 410.77, 77986, 163, 0, 0
187, 0, 86, 167, 161, 34, 40.05%, 0, 0, 3, 406.32, 80096, 163, 0, 0
193, 0, 86, 167, 161, 34, 40.05%, 0, 0, 3, 418.25, 82216, 163, 0, 0
198, 0, 86, 167, 161, 34, 40.05%, 0, 0, 3, 430.78, 84376, 163, 0, 0
203, 0, 86, 167, 161, 34, 40.05%, 0, 0, 3, 427.04, 86560, 163, 0, 0
208, 0, 86, 167, 161, 34, 40.05%, 0, 0, 3, 434.94, 88760, 163, 0, 0
213, 0, 86, 167, 161, 34, 40.05%, 0, 0, 3, 445.10, 90968, 163, 0, 0
218, 0, 86, 168, 162, 34, 40.05%, 0, 0, 3, 442.83, 93167, 163, 0, 0
223, 0, 86, 168, 162, 34, 40.05%, 0, 0, 3, 441.66, 95359, 163, 0, 0
228, 0, 86, 168, 162, 34, 40.05%, 0, 0, 3, 415.93, 97463, 163, 0, 0
233, 0, 86, 169, 163, 34, 40.05%, 0, 0, 3, 391.76, 99517, 163, 0, 0
238, 0, 86, 169, 163, 34, 40.05%, 0, 0, 3, 400.01, 101568, 163, 0, 0
243, 0, 86, 169, 163, 34, 40.05%, 0, 0, 3, 410.71, 103630, 163, 0, 0
248, 0, 86, 170, 164, 34, 40.05%, 0, 0, 3, 416.48, 105757, 163, 0, 0
254, 0, 12, 171, 161, 33, 40.29%, 0, 0, 3, 392.63, 107742, 164, 0, 0
259, 0, 139, 177, 163, 29, 40.29%, 0, 0, 3, 422.31, 109947, 164, 0, 0
264, 0, 97, 177, 160, 26, 40.29%, 0, 0, 3, 461.36, 112217, 164, 0, 0
269, 0, 134, 177, 159, 25, 40.29%, 0, 0, 3, 421.33, 114357, 164, 0, 0
274, 0, 126, 177, 158, 24, 40.29%, 0, 0, 3, 431.60, 116543, 164, 0, 0
279, 0, 36, 177, 156, 22, 40.29%, 0, 0, 3, 420.67, 118723, 164, 0, 0
284, 0, 112, 179, 156, 21, 40.54%, 0, 0, 3, 428.57, 120905, 165, 0, 0
289, 0, 133, 180, 156, 20, 40.54%, 0, 0, 3, 389.75, 122885, 165, 0, 0
294, 0, 116, 195, 169, 19, 40.54%, 0, 0, 3, 416.31, 124991, 165, 0, 0
299, 0, 116, 196, 170, 19, 40.54%, 0, 0, 3, 431.39, 127193, 165, 0, 0
304, 0, 116, 197, 171, 19, 40.54%, 0, 0, 3, 411.60, 129272, 165, 0, 0
310, 0, 116, 198, 172, 19, 40.54%, 0, 0, 3, 428.00, 131511, 165, 0, 0
315, 0, 116, 198, 172, 19, 40.54%, 0, 0, 3, 396.48, 133520, 165, 0, 0
320, 0, 104, 198, 171, 18, 40.54%, 0, 0, 3, 407.43, 135623, 165, 0, 0
325, 0, 0, 198, 169, 16, 40.54%, 0, 0, 3, 416.60, 137761, 165, 0, 0
330, 0, 203, 206, 175, 20, 44.72%, 0, 0, 3, 449.88, 140104, 182, 0, 0
335, 0, 123, 208, 176, 19, 44.72%, 0, 0, 3, 441.96, 142393, 182, 0, 0
340, 0, 123, 208, 176, 19, 44.72%, 0, 0, 3, 382.66, 144277, 182, 0, 0
345, 0, 123, 208, 176, 19, 44.72%, 0, 0, 3, 383.30, 146265, 182, 0, 0
350, 0, 54, 210, 177, 18, 44.72%, 0, 0, 3, 351.46, 148066, 182, 0, 0
355, 0, 199, 211, 176, 17, 44.96%, 0, 0, 4, 405.47, 150232, 183, 0, 0
360, 0, 199, 220, 185, 17, 51.60%, 0, 0, 4, 398.24, 152238, 210, 0, 0
365, 0, 199, 222, 187, 17, 51.60%, 0, 0, 4, 385.50, 154170, 210, 0, 0
371, 0, 199, 224, 189, 17, 51.60%, 0, 0, 4, 370.32, 156081, 210, 0, 0
376, 0, 199, 226, 191, 17, 51.84%, 0, 0, 4, 393.46, 158090, 211, 0, 0
381, 0, 199, 229, 194, 17, 52.83%, 0, 0, 4, 393.32, 160057, 215, 0, 0
386, 0, 199, 229, 194, 17, 52.83%, 0, 0, 4, 395.41, 162060, 215, 0, 0
391, 0, 217, 229, 193, 23, 52.83%, 0, 0, 4, 429.38, 164268, 215, 0, 0
396, 0, 227, 229, 191, 21, 52.83%, 0, 0, 4, 414.97, 166391, 215, 0, 0
401, 0, 236, 237, 198, 22, 53.07%, 0, 0, 4, 404.51, 168445, 216, 0, 0
406, 0, 159, 239, 199, 21, 53.07%, 0, 0, 4, 402.57, 170401, 216, 0, 0
411, 0, 205, 239, 197, 19, 53.07%, 0, 0, 4, 421.30, 172529, 216, 0, 0
416, 0, 201, 243, 198, 16, 53.81%, 0, 0, 4, 429.78, 174760, 219, 0, 0
421, 0, 222, 247, 201, 17, 53.81%, 1, 0, 4, 410.95, 176818, 219, 1, 0
426, 0, 222, 284, 238, 17, 53.81%, 1, 0, 4, 423.99, 178975, 219, 1, 0
432, 0, 279, 290, 243, 17, 53.81%, 1, 0, 5, 436.05, 181185, 219, 1, 0
437, 0, 279, 294, 247, 17, 53.81%, 1, 0, 5, 404.16, 183237, 219, 1, 0
442, 0, 279, 297, 250, 17, 53.81%, 1, 0, 5, 428.82, 185419, 219, 1, 0
447, 0, 279, 298, 251, 17, 53.81%, 1, 0, 5, 459.09, 187850, 219, 1, 0
452, 0, 279, 298, 251, 17, 53.81%, 1, 0, 5, 608.74, 190841, 219, 1, 0
457, 0, 204, 298, 250, 16, 53.81%, 1, 0, 5, 694.14, 194172, 219, 1, 0
462, 0, 204, 304, 256, 16, 54.55%, 1, 0, 5, 755.16, 198099, 222, 1, 0
467, 0, 204, 306, 258, 16, 54.55%, 1, 0, 5, 805.78, 202155, 222, 1, 0
472, 0, 204, 308, 260, 16, 55.04%, 1, 0, 5, 762.72, 205912, 224, 1, 0
477, 0, 240, 308, 257, 14, 55.04%, 1, 0, 5, 830.66, 210161, 224, 1, 0
482, 0, 302, 308, 253, 10, 55.04%, 1, 0, 5, 727.63, 213525, 224, 1, 0
487, 0, 302, 337, 282, 10, 55.28%, 2, 0, 5, 747.93, 217517, 225, 2, 0
493, 0, 302, 338, 283, 10, 55.28%, 2, 0, 5, 383.34, 218966, 225, 2, 0
498, 0, 302, 338, 283, 10, 55.28%, 2, 0, 5, 278.73, 220269, 225, 2, 0
503, 0, 302, 338, 283, 10, 55.28%, 2, 0, 5, 284.62, 221724, 225, 3, 0
508, 0, 302, 342, 287, 10, 55.28%, 2, 0, 5, 485.48, 224089, 225, 3, 0
513, 0, 302, 342, 287, 10, 55.28%, 2, 0, 5, 668.58, 227463, 225, 4, 0
518, 0, 302, 342, 287, 10, 55.28%, 2, 0, 5, 865.85, 232107, 225, 4, 0
523, 0, 302, 342, 287, 10, 55.28%, 2, 0, 5, 781.61, 235928, 225, 4, 0
529, 0, 302, 342, 287, 10, 55.28%, 2, 0, 5, 791.61, 239783, 225, 5, 0
534, 0, 302, 342, 287, 10, 55.28%, 2, 0, 5, 202.61, 241970, 225, 5, 0
539, 0, 302, 342, 287, 10, 55.28%, 2, 0, 5, 249.17, 243323, 225, 6, 0
544, 0, 327, 343, 287, 11, 55.28%, 2, 0, 5, 280.12, 244695, 225, 6, 0
549, 0, 329, 345, 286, 9, 55.53%, 2, 0, 5, 392.88, 247209, 226, 6, 0
554, 0, 306, 345, 285, 8, 55.53%, 2, 0, 5, 320.13, 248724, 226, 6, 0
559, 0, 241, 345, 279, 2, 55.53%, 2, 0, 5, 577.57, 251882, 226, 6, 0
564, 0, 129, 346, 278, 1, 55.53%, 2, 0, 5, 587.53, 255097, 226, 6, 0
569, 0, 125, 346, 270, 0, 55.53%, 2, 0, 5, 1110.19, 259504, 226, 6, 0
574, 0, 303, 346, 265, 0, 55.53%, 2, 0, 5, 1197.56, 266106, 226, 6, 0
580, 0, 253, 346, 259, 0, 55.53%, 2, 0, 5, 971.11, 270898, 226, 6, 0
585, 0, 255, 352, 259, 0, 55.53%, 2, 0, 5, 1175.23, 277465, 226, 6, 0
590, 0, 230, 352, 257, 0, 55.53%, 2, 0, 5, 906.31, 281789, 226, 6, 0
595, 0, 208, 352, 253, 0, 55.53%, 2, 0, 5, 783.01, 285615, 226, 6, 0
600, 0, 105, 352, 251, 0, 55.53%, 2, 0, 5, 548.34, 288492, 226, 6, 0
605, 0, 296, 352, 250, 0, 55.53%, 2, 0, 5, 299.71, 289640, 226, 6, 0
610, 0, 291, 352, 249, 0, 55.53%, 2, 0, 5, 285.48, 291118, 226, 6, 0
615, 0, 246, 352, 248, 0, 55.53%, 2, 0, 5, 458.57, 293461, 226, 6, 0
620, 0, 286, 353, 248, 0, 55.53%, 2, 0, 5, 349.03, 295289, 226, 6, 0
625, 0, 99, 353, 245, 0, 55.53%, 2, 0, 5, 290.61, 296702, 226, 6, 0
631, 0, 118, 353, 244, 0, 55.53%, 2, 0, 5, 273.58, 298030, 226, 6, 0
636, 0, 327, 353, 243, 0, 55.53%, 2, 0, 5, 252.21, 299299, 226, 6, 0
641, 0, 341, 353, 242, 0, 55.53%, 2, 0, 5, 342.97, 301253, 226, 6, 0
646, 0, 206, 353, 240, 0, 55.53%, 2, 0, 5, 297.64, 302701, 226, 6, 0
651, 0, 33, 353, 239, 0, 55.53%, 2, 0, 5, 297.33, 304183, 226, 6, 0
656, 0, 329, 353, 236, 0, 55.53%, 2, 0, 5, 291.11, 305657, 226, 6, 0
661, 0, 273, 353, 236, 0, 55.53%, 2, 0, 5, 297.39, 307225, 226, 6, 0
666, 0, 72, 353, 234, 0, 55.53%, 2, 0, 5, 285.73, 308585, 226, 6, 0
672, 0, 329, 353, 232, 0, 55.53%, 2, 0, 5, 279.64, 310061, 226, 6, 0
677, 0, 329, 356, 235, 0, 55.77%, 2, 0, 5, 283.65, 311462, 227, 6, 0
682, 0, 329, 357, 236, 0, 55.77%, 2, 0, 5, 276.03, 312879, 227, 6, 0
687, 0, 329, 357, 236, 0, 55.77%, 2, 0, 5, 241.86, 314068, 227, 6, 0
692, 0, 329, 357, 236, 0, 55.77%, 2, 0, 5, 462.54, 316276, 227, 6, 0
697, 0, 355, 360, 239, 1, 55.77%, 3, 0, 6, 782.70, 320798, 227, 7, 0
702, 0, 319, 362, 236, 0, 55.77%, 3, 0, 7, 911.38, 325600, 227, 7, 0
707, 0, 256, 363, 233, 0, 55.77%, 3, 0, 7, 902.44, 330087, 227, 7, 0
713, 0, 219, 363, 227, 0, 55.77%, 3, 0, 7, 868.43, 334552, 227, 7, 0
718, 0, 298, 364, 225, 0, 55.77%, 3, 0, 7, 793.85, 338621, 227, 7, 0
723, 0, 329, 364, 222, 0, 55.77%, 3, 0, 7, 433.31, 340245, 227, 7, 0
728, 0, 348, 364, 222, 0, 55.77%, 3, 0, 7, 294.23, 341577, 227, 7, 0
733, 0, 341, 364, 221, 0, 55.77%, 3, 0, 7, 261.69, 342828, 227, 7, 0
738, 0, 83, 364, 220, 0, 55.77%, 3, 0, 7, 259.96, 344215, 227, 7, 0
743, 0, 269, 364, 220, 0, 55.77%, 3, 0, 7, 272.14, 345642, 227, 7, 0
748, 0, 224, 364, 218, 0, 55.77%, 3, 0, 7, 416.53, 347785, 227, 7, 0
753, 0, 185, 364, 217, 0, 55.77%, 3, 0, 7, 308.64, 349156, 227, 7, 0
759, 0, 269, 364, 216, 0, 55.77%, 3, 0, 7, 277.63, 350537, 227, 7, 0
764, 0, 364, 365, 217, 1, 56.02%, 3, 0, 7, 273.93, 351894, 228, 7, 0
769, 0, 364, 365, 217, 1, 56.02%, 3, 0, 7, 290.75, 353403, 228, 7, 0
774, 0, 365, 366, 217, 1, 56.27%, 3, 0, 7, 271.36, 354810, 229, 7, 0
779, 0, 306, 366, 216, 0, 56.27%, 3, 0, 7, 281.41, 356226, 229, 7, 0
784, 0, 329, 366, 215, 0, 56.27%, 3, 0, 7, 285.13, 357635, 229, 7, 0
789, 0, 288, 366, 215, 0, 56.27%, 3, 0, 7, 293.43, 359097, 229, 7, 0
794, 0, 354, 367, 215, 0, 56.27%, 3, 0, 7, 283.59, 360512, 229, 7, 0
799, 0, 350, 367, 214, 0, 56.27%, 3, 0, 7, 291.46, 361942, 229, 7, 0
804, 0, 135, 367, 212, 0, 56.27%, 3, 0, 7, 301.43, 363443, 229, 8, 0
809, 0, 250, 367, 211, 0, 56.27%, 3, 0, 7, 293.78, 364925, 229, 8, 0
815, 0, 311, 367, 210, 0, 56.27%, 3, 0, 7, 289.92, 366417, 229, 8, 0
820, 0, 312, 367, 209, 0, 56.27%, 3, 0, 7, 290.97, 367932, 229, 8, 0
825, 0, 139, 367, 206, 0, 56.27%, 3, 0, 7, 726.19, 371897, 229, 8, 0
830, 0, 335, 369, 202, 0, 56.27%, 3, 0, 7, 792.75, 376517, 229, 8, 0
835, 0, 211, 369, 201, 0, 56.27%, 3, 0, 7, 562.58, 379046, 229, 8, 0
840, 0, 324, 369, 199, 0, 56.27%, 3, 0, 7, 407.63, 380967, 229, 8, 0
845, 1, 46, 370, 195, 0, 56.27%, 3, 0, 7, 424.32, 383149, 229, 8, 0
851, 1, 238, 373, 197, 0, 56.27%, 3, 0, 7, 468.78, 385579, 229, 8, 0
856, 1, 215, 373, 194, 0, 56.27%, 3, 0, 7, 461.85, 387985, 229, 8, 0
861, 1, 289, 373, 192, 0, 56.27%, 3, 0, 7, 434.23, 390170, 229, 8, 0
866, 1, 235, 373, 191, 0, 56.27%, 3, 0, 7, 439.91, 392398, 229, 8, 0
871, 1, 373, 374, 188, 1, 56.51%, 3, 0, 7, 421.02, 394506, 230, 8, 0
876, 1, 305, 374, 186, 0, 56.51%, 3, 0, 7, 418.95, 396596, 230, 8, 0
881, 1, 237, 378, 189, 0, 56.51%, 3, 0, 7, 415.20, 398749, 230, 8, 0
886, 1, 136, 378, 188, 0, 56.51%, 3, 0, 7, 416.26, 400843, 230, 8, 0
891, 1, 344, 379, 186, 0, 56.51%, 3, 0, 7, 413.45, 402944, 230, 8, 0
896, 1, 379, 380, 184, 1, 56.76%, 3, 0, 7, 438.33, 405154, 231, 8, 0
901, 1, 122, 380, 182, 0, 56.76%, 3, 0, 7, 411.14, 407210, 231, 8, 0
902, 1, 122, 381, 183, 0, 57.00%, 3, 0, 7, 405.96, 407551, 232, 8, 0
