# relative_time, cycles_done, cur_item, corpus_count, pending_total, pending_favs, map_size, saved_crashes, saved_hangs, max_depth, execs_per_sec, total_execs, edges_found, total_crashes, servers_count
61, 0, 10, 114, 107, 35, 40.54%, 0, 0, 2, 428.87, 27562, 165, 0, 0
66, 0, 15, 114, 103, 31, 40.54%, 0, 0, 2, 468.40, 29943, 165, 0, 0
71, 0, 25, 120, 104, 26, 42.75%, 0, 0, 3, 436.89, 32095, 174, 0, 0
76, 0, 29, 122, 104, 24, 42.75%, 0, 0, 3, 444.99, 34339, 174, 0, 0
81, 0, 45, 126, 104, 20, 43.49%, 0, 0, 3, 414.32, 36402, 177, 0, 0
86, 0, 47, 134, 111, 22, 44.47%, 1, 0, 3, 442.86, 38626, 181, 1, 0
91, 0, 64, 144, 115, 16, 44.47%, 1, 0, 3, 434.35, 40759, 181, 1, 0
96, 0, 66, 153, 123, 15, 44.72%, 1, 0, 3, 426.94, 42876, 182, 1, 0
101, 0, 74, 161, 129, 15, 44.72%, 1, 0, 3, 389.44, 44863, 182, 1, 0
106, 0, 74, 164, 132, 15, 44.72%, 1, 0, 3, 423.85, 47058, 182, 1, 0
111, 0, 74, 167, 135, 15, 44.72%, 1, 0, 3, 460.83, 49437, 182, 1, 0
116, 0, 83, 167, 134, 13, 44.72%, 1, 0, 3, 425.85, 51585, 182, 1, 0
121, 0, 118, 189, 152, 9, 44.72%, 1, 0, 4, 393.98, 53692, 182, 1, 0
127, 0, 124, 193, 155, 9, 44.96%, 1, 0, 4, 359.79, 55420, 183, 1, 0
132, 0, 126, 201, 162, 8, 45.21%, 1, 0, 4, 392.70, 57466, 184, 1, 0
137, 0, 143, 203, 160, 6, 45.45%, 1, 0, 4, 435.64, 59732, 185, 1, 0
142, 0, 143, 211, 168, 6, 46.44%, 1, 0, 4, 397.02, 61658, 189, 1, 0
147, 0, 143, 218, 175, 6, 47.17%, 1, 0, 4, 417.97, 63830, 192, 1, 0
152, 0, 143, 220, 177, 6, 47.17%, 1, 0, 4, 404.36, 65908, 192, 1, 0
157, 0, 143, 222, 179, 6, 47.17%, 1, 0, 4, 431.82, 68098, 192, 1, 0
162, 0, 143, 224, 181, 6, 47.17%, 1, 0, 4, 405.93, 70136, 192, 1, 0
167, 0, 143, 225, 182, 6, 47.17%, 1, 0, 4, 401.35, 72263, 192, 1, 0
172, 0, 143, 226, 183, 6, 47.17%, 1, 0, 4, 424.27, 74478, 192, 1, 0
177, 0, 143, 229, 186, 6, 47.17%, 1, 0, 4, 440.82, 76699, 192, 1, 0
182, 0, 143, 230, 187, 6, 47.17%, 1, 0, 4, 422.32, 78770, 192, 1, 0
187, 0, 143, 231, 188, 6, 47.17%, 1, 0, 4, 414.00, 80929, 192, 1, 0
193, 0, 143, 231, 188, 6, 47.17%, 1, 0, 4, 405.58, 82913, 192, 1, 0
198, 0, 143, 231, 188, 6, 47.17%, 1, 0, 4, 418.35, 85033, 192, 1, 0
203, 0, 143, 231, 188, 6, 47.17%, 1, 0, 4, 407.55, 87041, 192, 1, 0
208, 0, 143, 231, 188, 6, 47.17%, 1, 0, 4, 427.13, 89361, 192, 1, 0
213, 0, 143, 231, 188, 6, 47.17%, 1, 0, 4, 449.03, 91571, 192, 1, 0
218, 0, 143, 231, 188, 6, 47.17%, 1, 0, 4, 462.67, 93857, 192, 1, 0
223, 0, 143, 231, 188, 6, 47.17%, 1, 0, 4, 460.26, 96215, 192, 1, 0
228, 0, 149, 231, 187, 8, 47.17%, 1, 0, 4, 425.12, 98433, 192, 1, 0
233, 0, 164, 236, 190, 7, 47.17%, 1, 0, 4, 451.24, 100702, 192, 1, 0
238, 0, 164, 236, 190, 7, 47.17%, 1, 0, 4, 431.86, 102857, 192, 1, 0
243, 0, 164, 236, 190, 7, 47.17%, 1, 0, 4, 404.49, 104929, 192, 1, 0
248, 0, 198, 238, 188, 6, 47.17%, 1, 0, 5, 414.12, 107064, 192, 1, 0
254, 0, 231, 240, 185, 1, 47.17%, 1, 0, 5, 424.13, 109229, 192, 1, 0
259, 1, 35, 240, 182, 0, 47.17%, 1, 0, 5, 420.02, 111338, 192, 1, 0
264, 1, 92, 240, 174, 0, 47.17%, 1, 0, 5, 430.24, 113581, 192, 1, 0
269, 2, 169, 292, 218, 9, 48.89%, 1, 0, 5, 434.57, 115734, 199, 1, 0
274, 2, 268, 293, 214, 7, 49.14%, 1, 0, 5, 416.26, 117871, 200, 1, 0
279, 2, 290, 294, 210, 2, 49.14%, 1, 0, 5, 473.31, 120300, 200, 1, 0
284, 3, 51, 297, 203, 0, 49.14%, 1, 0, 5, 493.71, 122906, 200, 1, 0
289, 3, 143, 297, 191, 0, 49.14%, 1, 0, 5, 474.72, 125230, 200, 1, 0
294, 3, 183, 297, 180, 0, 49.14%, 1, 0, 5, 389.82, 127206, 200, 1, 0
299, 3, 219, 298, 172, 0, 49.14%, 1, 0, 5, 394.52, 129189, 200, 1, 0
305, 3, 253, 300, 169, 0, 49.14%, 1, 0, 5, 425.36, 131460, 200, 1, 0
310, 3, 253, 302, 171, 0, 49.14%, 1, 0, 5, 420.67, 133690, 200, 1, 0
315, 3, 285, 302, 165, 0, 49.14%, 1, 0, 5, 436.35, 135934, 200, 1, 0
320, 4, 22, 310, 169, 0, 49.14%, 1, 0, 5, 455.74, 138314, 200, 1, 0
325, 4, 93, 310, 164, 0, 49.14%, 1, 0, 5, 475.02, 140658, 200, 1, 0
330, 4, 156, 310, 156, 0, 49.14%, 1, 0, 5, 452.68, 142966, 200, 1, 0
335, 4, 229, 310, 145, 0, 49.14%, 1, 0, 5, 449.25, 145247, 200, 1, 0
340, 4, 268, 310, 139, 0, 49.14%, 1, 0, 5, 431.35, 147407, 200, 1, 0
345, 4, 281, 311, 134, 0, 49.14%, 1, 0, 5, 423.94, 149559, 200, 1, 0
351, 4, 308, 311, 130, 0, 49.14%, 1, 0, 5, 443.01, 151765, 200, 1, 0
356, 5, 45, 311, 124, 0, 49.14%, 1, 0, 5, 441.07, 153937, 200, 1, 0
361, 5, 138, 311, 115, 0, 49.14%, 1, 0, 5, 515.86, 156405, 200, 1, 0
366, 5, 311, 312, 109, 1, 49.14%, 1, 0, 5, 430.77, 158503, 200, 1, 0
371, 5, 311, 313, 110, 1, 49.14%, 1, 0, 6, 493.85, 161092, 200, 1, 0
376, 6, 67, 313, 106, 0, 49.14%, 1, 0, 6, 475.24, 163449, 200, 1, 0
381, 6, 131, 313, 97, 0, 49.14%, 1, 0, 6, 443.02, 165608, 200, 1, 0
386, 6, 206, 313, 87, 0, 49.14%, 1, 0, 6, 499.13, 168161, 200, 1, 0
391, 6, 250, 313, 79, 0, 49.14%, 1, 0, 6, 477.99, 170580, 200, 1, 0
396, 6, 285, 313, 75, 0, 49.14%, 1, 0, 6, 406.93, 172593, 200, 1, 0
401, 7, 11, 318, 78, 0, 49.14%, 1, 0, 6, 423.74, 174834, 200, 1, 0
407, 7, 83, 318, 75, 0, 49.14%, 1, 0, 6, 436.13, 177095, 200, 1, 0
412, 7, 157, 318, 71, 0, 49.14%, 1, 0, 6, 407.73, 179173, 200, 1, 0
417, 7, 231, 318, 67, 0, 49.14%, 1, 0, 6, 425.27, 181252, 200, 1, 0
422, 7, 284, 318, 64, 0, 49.14%, 1, 0, 6, 449.01, 183530, 200, 1, 0
427, 8, 16, 318, 61, 0, 49.14%, 1, 0, 6, 438.66, 185827, 200, 1, 0
432, 8, 86, 318, 56, 0, 49.14%, 1, 0, 6, 488.86, 188249, 200, 1, 0
437, 8, 182, 318, 51, 0, 49.14%, 1, 0, 6, 405.86, 190285, 200, 1, 0
442, 8, 226, 318, 48, 0, 49.14%, 1, 0, 6, 398.65, 192196, 200, 1, 0
447, 8, 256, 318, 44, 0, 49.14%, 1, 0, 6, 438.39, 194455, 200, 1, 0
452, 8, 296, 318, 41, 0, 49.14%, 1, 0, 6, 417.53, 196649, 200, 1, 0
458, 9, 319, 325, 47, 1, 49.14%, 1, 0, 6, 433.55, 198829, 200, 1, 0
463, 9, 324, 326, 47, 1, 49.14%, 1, 0, 6, 421.03, 200996, 200, 1, 0
468, 10, 22, 327, 46, 0, 49.14%, 1, 0, 6, 402.27, 203069, 200, 1, 0
473, 10, 138, 327, 44, 0, 49.14%, 1, 0, 6, 403.45, 205120, 200, 1, 0
478, 10, 231, 327, 42, 0, 49.14%, 1, 0, 6, 439.64, 207382, 200, 1, 0
483, 10, 288, 327, 41, 0, 49.14%, 1, 0, 6, 439.65, 209526, 200, 1, 0
488, 10, 311, 327, 37, 0, 49.14%, 1, 0, 6, 421.14, 211634, 200, 1, 0
493, 10, 324, 327, 33, 0, 49.14%, 1, 0, 6, 394.96, 213598, 200, 1, 0
498, 11, 68, 327, 33, 0, 49.14%, 1, 0, 6, 431.11, 215787, 200, 1, 0
503, 11, 189, 327, 31, 0, 49.14%, 1, 0, 6, 405.82, 217799, 200, 1, 0
508, 11, 266, 327, 30, 0, 49.14%, 1, 0, 6, 423.61, 219959, 200, 1, 0
513, 11, 311, 327, 27, 0, 49.14%, 1, 0, 6, 447.54, 222187, 200, 1, 0
518, 12, 60, 327, 27, 0, 49.14%, 1, 0, 6, 411.85, 224284, 200, 1, 0
523, 12, 145, 327, 26, 0, 49.14%, 1, 0, 6, 397.77, 226259, 200, 1, 0
528, 12, 240, 327, 26, 0, 49.14%, 1, 0, 6, 415.33, 228392, 200, 1, 0
534, 13, 25, 328, 25, 0, 49.39%, 1, 0, 6, 410.55, 230564, 201, 1, 0
539, 13, 131, 328, 22, 0, 49.39%, 1, 0, 6, 397.63, 232635, 201, 1, 0
544, 13, 201, 328, 21, 0, 49.39%, 1, 0, 6, 385.46, 234601, 201, 1, 0
549, 13, 265, 328, 19, 0, 49.39%, 1, 0, 6, 420.08, 236735, 201, 1, 0
554, 13, 312, 328, 19, 0, 49.39%, 1, 0, 6, 478.05, 239145, 201, 1, 0
559, 15, 39, 329, 19, 0, 49.63%, 1, 0, 6, 484.74, 241535, 202, 1, 0
564, 15, 138, 329, 17, 0, 49.63%, 1, 0, 6, 432.46, 243705, 202, 1, 0
569, 15, 180, 330, 18, 0, 49.63%, 1, 0, 6, 351.27, 245545, 202, 1, 0
574, 15, 249, 330, 17, 0, 49.63%, 1, 0, 6, 429.90, 247869, 202, 1, 0
579, 15, 312, 330, 16, 0, 49.63%, 2, 0, 6, 456.36, 250219, 202, 2, 0
584, 15, 330, 332, 16, 0, 49.63%, 2, 0, 6, 420.88, 252229, 202, 2, 0
589, 16, 77, 332, 14, 0, 49.63%, 2, 0, 6, 403.52, 254313, 202, 2, 0
594, 16, 226, 332, 13, 0, 49.63%, 2, 0, 6, 423.08, 256494, 202, 2, 0
600, 16, 268, 332, 13, 0, 49.63%, 2, 0, 6, 424.00, 258676, 202, 2, 0
605, 16, 311, 333, 12, 0, 49.63%, 2, 0, 6, 450.94, 260923, 202, 2, 0
610, 16, 326, 334, 10, 0, 49.63%, 2, 0, 6, 436.04, 263119, 202, 2, 0
615, 17, 53, 336, 11, 0, 49.63%, 2, 0, 6, 442.58, 265361, 202, 2, 0
620, 17, 149, 337, 12, 0, 49.63%, 2, 0, 6, 414.11, 267369, 202, 2, 0
625, 17, 231, 337, 12, 0, 49.63%, 3, 0, 6, 418.31, 269479, 202, 7, 0
630, 17, 301, 337, 12, 0, 49.63%, 3, 0, 6, 407.84, 271582, 202, 7, 0
635, 17, 333, 338, 12, 0, 49.88%, 3, 0, 6, 395.23, 273671, 203, 7, 0
640, 17, 337, 338, 11, 1, 49.88%, 3, 0, 6, 413.14, 275759, 203, 7, 0
645, 17, 337, 338, 11, 1, 49.88%, 3, 0, 6, 427.50, 277880, 203, 7, 0
650, 17, 338, 339, 11, 0, 49.88%, 3, 0, 6, 443.17, 280151, 203, 7, 0
655, 17, 338, 340, 12, 0, 49.88%, 3, 0, 7, 436.26, 282374, 203, 7, 0
660, 17, 338, 340, 12, 0, 49.88%, 3, 0, 7, 417.52, 284486, 203, 7, 0
666, 18, 109, 340, 11, 0, 49.88%, 3, 0, 7, 489.15, 287046, 203, 7, 0
671, 18, 226, 340, 11, 0, 49.88%, 4, 0, 7, 458.79, 289315, 203, 8, 0
676, 18, 278, 341, 12, 0, 49.88%, 4, 0, 7, 430.61, 291441, 203, 8, 0
681, 18, 334, 342, 13, 0, 49.88%, 4, 0, 7, 458.72, 293776, 203, 8, 0
686, 18, 341, 344, 14, 1, 49.88%, 5, 0, 7, 444.68, 295972, 203, 9, 0
691, 18, 341, 344, 14, 1, 49.88%, 5, 0, 7, 425.81, 298052, 203, 9, 0
696, 19, 309, 345, 13, 1, 50.12%, 5, 0, 7, 416.01, 300112, 204, 9, 0
701, 20, 72, 345, 11, 0, 50.12%, 5, 0, 7, 439.80, 302321, 204, 9, 0
706, 20, 191, 345, 10, 0, 50.12%, 5, 0, 7, 374.95, 304179, 204, 10, 0
711, 20, 271, 345, 10, 0, 50.12%, 5, 0, 7, 410.45, 306275, 204, 10, 0
716, 20, 337, 345, 9, 0, 50.12%, 5, 0, 7, 489.51, 308697, 204, 10, 0
721, 20, 343, 345, 9, 0, 50.12%, 5, 0, 7, 426.31, 310770, 204, 10, 0
727, 21, 345, 348, 11, 1, 50.86%, 5, 0, 7, 430.69, 312903, 207, 10, 0
732, 21, 345, 348, 11, 1, 50.86%, 5, 0, 7, 425.01, 314995, 207, 10, 0
737, 22, 18, 348, 8, 0, 50.86%, 6, 0, 7, 403.95, 316995, 207, 11, 0
742, 22, 149, 348, 8, 0, 50.86%, 6, 0, 7, 402.05, 319036, 207, 12, 0
747, 22, 266, 348, 8, 0, 50.86%, 6, 0, 7, 443.53, 321269, 207, 13, 0
752, 22, 337, 348, 7, 0, 50.86%, 6, 0, 7, 419.30, 323356, 207, 13, 0
757, 22, 341, 348, 6, 0, 50.86%, 6, 0, 7, 393.58, 325385, 207, 13, 0
762, 22, 347, 348, 6, 0, 50.86%, 6, 0, 7, 403.01, 327528, 207, 13, 0
767, 23, 118, 348, 6, 0, 50.86%, 6, 0, 7, 421.46, 329748, 207, 13, 0
772, 23, 231, 348, 6, 0, 50.86%, 8, 0, 7, 424.99, 331889, 207, 18, 0
777, 23, 328, 348, 6, 0, 50.86%, 8, 0, 7, 435.38, 334153, 207, 18, 0
782, 23, 337, 348, 5, 0, 50.86%, 8, 0, 7, 464.15, 336476, 207, 18, 0
788, 23, 341, 348, 4, 0, 50.86%, 8, 0, 7, 440.04, 338618, 207, 18, 0
793, 23, 345, 349, 5, 0, 50.86%, 8, 0, 7, 406.32, 340669, 207, 18, 0
798, 24, 40, 349, 5, 0, 50.86%, 8, 0, 7, 405.49, 342739, 207, 18, 0
803, 24, 198, 349, 5, 0, 50.86%, 8, 0, 7, 431.65, 344992, 207, 22, 0
808, 24, 289, 349, 5, 0, 50.86%, 8, 0, 7, 430.47, 347082, 207, 22, 0
813, 24, 341, 349, 5, 0, 50.86%, 8, 0, 7, 408.25, 349105, 207, 22, 0
818, 24, 349, 350, 6, 1, 50.86%, 8, 0, 7, 419.84, 351342, 207, 22, 0
823, 25, 76, 351, 6, 0, 50.86%, 8, 0, 7, 436.96, 353599, 207, 22, 0
828, 25, 216, 351, 5, 0, 50.86%, 8, 0, 7, 437.49, 355821, 207, 26, 0
833, 25, 288, 351, 5, 0, 50.86%, 8, 0, 7, 409.32, 357876, 207, 26, 0
838, 25, 341, 351, 5, 0, 50.86%, 8, 0, 7, 442.54, 360030, 207, 26, 0
843, 25, 348, 351, 5, 0, 50.86%, 8, 0, 7, 455.79, 362422, 207, 26, 0
848, 26, 67, 353, 6, 0, 50.86%, 8, 0, 7, 451.75, 364706, 207, 26, 0
854, 26, 231, 353, 6, 0, 50.86%, 8, 0, 7, 444.48, 366837, 207, 29, 0
859, 26, 327, 353, 6, 0, 50.86%, 8, 0, 7, 457.52, 369162, 207, 30, 0
864, 26, 338, 354, 6, 0, 50.86%, 8, 0, 7, 467.63, 371539, 207, 30, 0
869, 26, 338, 354, 6, 0, 50.86%, 8, 0, 7, 440.87, 373735, 207, 30, 0
874, 26, 349, 354, 6, 0, 50.86%, 8, 0, 7, 457.71, 376144, 207, 30, 0
879, 27, 13, 354, 4, 0, 50.86%, 8, 0, 7, 447.76, 378327, 207, 30, 0
884, 27, 157, 354, 4, 0, 50.86%, 8, 0, 7, 457.95, 380801, 207, 32, 0
889, 27, 271, 354, 4, 0, 50.86%, 8, 0, 7, 460.91, 383072, 207, 32, 0
894, 27, 329, 354, 3, 0, 50.86%, 9, 0, 7, 412.02, 385192, 207, 33, 0
899, 27, 349, 354, 3, 0, 50.86%, 9, 0, 7, 422.47, 387299, 207, 33, 0
904, 29, 25, 356, 3, 0, 51.11%, 9, 0, 7, 440.82, 389616, 208, 33, 0
906, 29, 69, 356, 3, 0, 51.11%, 9, 0, 7, 448.35, 390514, 208, 33, 0
