# relative_time, cycles_done, cur_item, corpus_count, pending_total, pending_favs, map_size, saved_crashes, saved_hangs, max_depth, execs_per_sec, total_execs, edges_found, total_crashes, servers_count
61, 0, 3, 29, 28, 2, 54.35%, 0, 0, 2, 799.49, 34844, 25, 0, 0
66, 0, 3, 29, 28, 2, 54.35%, 0, 0, 2, 786.98, 38750, 25, 0, 0
71, 0, 3, 29, 28, 2, 54.35%, 0, 0, 2, 588.05, 42009, 25, 0, 0
76, 0, 3, 29, 28, 2, 54.35%, 0, 0, 2, 133.73, 43692, 25, 0, 0
81, 0, 3, 29, 28, 2, 54.35%, 0, 0, 2, 493.49, 46428, 25, 0, 0
86, 0, 3, 29, 28, 2, 54.35%, 0, 0, 2, 1175.00, 47692, 25, 0, 0
92, 0, 3, 29, 28, 2, 54.35%, 0, 0, 2, 53.02, 49351, 25, 0, 0
97, 0, 28, 34, 27, 4, 60.87%, 0, 0, 2, 152.57, 52527, 28, 0, 0
102, 1, 28, 34, 19, 0, 60.87%, 0, 0, 2, 847.33, 56131, 28, 0, 0
107, 2, 22, 34, 7, 0, 60.87%, 0, 0, 2, 840.59, 60346, 28, 0, 0
112, 2, 32, 34, 3, 0, 60.87%, 0, 0, 2, 25.44, 62752, 28, 0, 0
117, 3, 29, 34, 2, 0, 60.87%, 0, 0, 2, 830.00, 65924, 28, 0, 0
122, 4, 30, 34, 0, 0, 60.87%, 0, 0, 2, 191.12, 69141, 28, 0, 0
127, 5, 32, 34, 0, 0, 60.87%, 0, 0, 2, 1019.66, 73511, 28, 0, 0
132, 5, 9, 34, 0, 0, 60.87%, 0, 0, 2, 1300.24, 76320, 28, 0, 0
137, 7, 3, 34, 0, 0, 60.87%, 0, 0, 2, 969.22, 80759, 28, 0, 0
142, 8, 28, 34, 0, 0, 60.87%, 0, 0, 2, 895.19, 85089, 28, 0, 0
147, 8, 6, 34, 0, 0, 60.87%, 0, 0, 2, 931.56, 88589, 28, 0, 0
152, 9, 19, 34, 0, 0, 60.87%, 0, 0, 2, 1285.71, 91093, 28, 0, 0
153, 9, 30, 34, 0, 0, 60.87%, 0, 0, 2, 240.57, 91333, 28, 0, 0
