# relative_time, cycles_done, cur_item, corpus_count, pending_total, pending_favs, map_size, saved_crashes, saved_hangs, max_depth, execs_per_sec, total_execs, edges_found, total_crashes, servers_count
61, 0, 17, 129, 109, 16, 44.96%, 2, 0, 4, 441.31, 26613, 183, 2, 0
66, 0, 17, 129, 109, 16, 44.96%, 2, 0, 4, 421.16, 28686, 183, 2, 0
71, 0, 17, 130, 110, 16, 44.96%, 2, 0, 4, 422.85, 30854, 183, 2, 0
76, 0, 17, 130, 110, 16, 44.96%, 2, 0, 4, 425.72, 33086, 183, 2, 0
81, 0, 17, 131, 111, 16, 44.96%, 2, 0, 4, 451.36, 35446, 183, 2, 0
86, 0, 17, 131, 111, 16, 44.96%, 2, 0, 4, 432.68, 37589, 183, 2, 0
91, 0, 17, 131, 111, 16, 44.96%, 2, 0, 4, 436.92, 39693, 183, 2, 0
96, 0, 17, 131, 111, 16, 44.96%, 2, 0, 4, 445.19, 41973, 183, 2, 0
101, 0, 17, 133, 113, 16, 44.96%, 2, 0, 4, 421.92, 44067, 183, 2, 0
106, 0, 17, 135, 115, 16, 45.21%, 2, 0, 4, 446.85, 46345, 184, 2, 0
111, 0, 17, 135, 115, 16, 45.21%, 2, 0, 4, 438.89, 48497, 184, 2, 0
116, 0, 17, 136, 116, 16, 45.21%, 2, 0, 4, 446.13, 50781, 184, 2, 0
122, 0, 17, 138, 118, 16, 45.21%, 2, 0, 4, 510.00, 52846, 184, 2, 0
127, 0, 17, 138, 118, 16, 45.21%, 2, 0, 4, 426.40, 54918, 184, 2, 0
132, 0, 17, 138, 118, 16, 45.21%, 2, 0, 4, 414.45, 56942, 184, 2, 0
137, 0, 17, 138, 118, 16, 45.21%, 2, 0, 4, 432.05, 59166, 184, 2, 0
142, 0, 37, 142, 121, 25, 45.21%, 2, 0, 4, 396.96, 61176, 184, 2, 0
147, 0, 152, 153, 130, 25, 45.45%, 2, 0, 5, 391.46, 63166, 185, 2, 0
152, 0, 153, 154, 130, 24, 45.45%, 2, 0, 6, 430.83, 65404, 185, 2, 0
157, 0, 63, 167, 142, 23, 45.70%, 2, 0, 6, 416.52, 67511, 186, 2, 0
162, 0, 34, 168, 141, 23, 45.70%, 2, 0, 6, 435.80, 69698, 186, 2, 0
167, 0, 108, 172, 144, 22, 45.70%, 2, 0, 6, 479.42, 72205, 186, 2, 0
173, 0, 108, 175, 147, 22, 45.70%, 2, 0, 6, 444.26, 74355, 186, 2, 0
178, 0, 108, 179, 151, 22, 46.44%, 3, 0, 6, 394.06, 76286, 189, 3, 0
183, 0, 108, 180, 152, 22, 46.44%, 3, 0, 6, 427.19, 78478, 189, 3, 0
188, 0, 108, 183, 155, 22, 46.44%, 3, 0, 6, 439.68, 80675, 189, 3, 0
193, 0, 30, 194, 165, 22, 46.44%, 3, 0, 6, 427.77, 82823, 189, 3, 0
198, 0, 173, 195, 164, 21, 46.44%, 3, 0, 6, 405.90, 84918, 189, 3, 0
203, 0, 167, 195, 163, 20, 46.44%, 3, 0, 6, 394.73, 86847, 189, 3, 0
208, 0, 113, 195, 161, 18, 46.44%, 3, 0, 6, 418.05, 89018, 189, 3, 0
213, 0, 134, 195, 160, 17, 46.44%, 3, 0, 6, 438.33, 91233, 189, 3, 0
218, 0, 26, 211, 175, 16, 53.81%, 3, 0, 6, 416.20, 93360, 219, 3, 0
223, 0, 70, 211, 173, 18, 53.81%, 3, 0, 6, 416.23, 95459, 219, 3, 0
228, 0, 183, 212, 170, 16, 54.05%, 3, 0, 6, 413.63, 97569, 220, 3, 0
233, 0, 183, 230, 188, 16, 54.05%, 3, 0, 6, 388.79, 99524, 220, 3, 0
238, 0, 183, 242, 200, 16, 54.05%, 3, 0, 6, 397.16, 101516, 220, 3, 0
243, 0, 183, 247, 205, 16, 54.05%, 3, 0, 6, 382.23, 103420, 220, 3, 0
249, 0, 183, 250, 208, 16, 54.30%, 3, 0, 6, 413.93, 105555, 221, 3, 0
254, 0, 183, 250, 208, 16, 54.30%, 3, 0, 6, 408.81, 107611, 221, 3, 0
259, 0, 183, 250, 208, 16, 54.30%, 3, 0, 6, 379.58, 109552, 221, 4, 0
264, 0, 183, 252, 210, 16, 54.30%, 3, 0, 6, 397.85, 111554, 221, 4, 0
269, 0, 183, 252, 210, 16, 54.30%, 3, 0, 6, 409.18, 113610, 221, 5, 0
274, 0, 183, 254, 212, 16, 54.30%, 3, 0, 6, 418.15, 115768, 221, 5, 0
279, 0, 183, 256, 214, 16, 54.30%, 3, 0, 6, 396.72, 117736, 221, 5, 0
284, 0, 183, 256, 214, 16, 54.30%, 3, 0, 6, 383.48, 119689, 221, 7, 0
289, 0, 183, 256, 214, 16, 54.30%, 3, 0, 6, 396.32, 121705, 221, 7, 0
294, 0, 183, 256, 214, 16, 54.30%, 3, 0, 6, 412.20, 123806, 221, 8, 0
299, 0, 183, 257, 215, 16, 54.30%, 3, 0, 6, 423.13, 125949, 221, 9, 0
304, 0, 183, 257, 215, 16, 54.30%, 3, 0, 6, 419.54, 128061, 221, 9, 0
309, 0, 183, 257, 215, 16, 54.30%, 3, 0, 6, 423.37, 130197, 221, 9, 0
314, 0, 183, 257, 215, 16, 54.30%, 3, 0, 6, 431.56, 132373, 221, 9, 0
320, 0, 183, 257, 215, 16, 54.30%, 3, 0, 6, 436.96, 134637, 221, 9, 0
325, 0, 183, 257, 215, 16, 54.30%, 3, 0, 6, 408.40, 136605, 221, 9, 0
330, 0, 183, 257, 215, 16, 54.30%, 3, 0, 6, 410.64, 138685, 221, 9, 0
335, 0, 200, 266, 223, 16, 54.30%, 3, 0, 6, 413.32, 140800, 221, 9, 0
340, 0, 200, 272, 229, 16, 54.30%, 3, 0, 6, 413.62, 142935, 221, 9, 0
345, 0, 201, 272, 227, 14, 54.30%, 3, 0, 6, 425.01, 145078, 221, 9, 0
350, 0, 196, 272, 225, 12, 54.30%, 3, 0, 6, 429.27, 147272, 221, 9, 0
355, 0, 109, 272, 223, 11, 54.30%, 3, 0, 6, 417.12, 149460, 221, 9, 0
360, 0, 164, 275, 225, 10, 54.30%, 4, 0, 6, 395.04, 151474, 221, 10, 0
365, 0, 100, 275, 223, 7, 54.30%, 4, 0, 6, 417.95, 153643, 221, 10, 0
370, 0, 253, 276, 223, 6, 54.30%, 4, 0, 6, 398.70, 155674, 221, 10, 0
375, 0, 177, 281, 227, 6, 54.30%, 4, 0, 6, 420.96, 157838, 221, 11, 0
380, 0, 177, 285, 231, 6, 54.30%, 4, 0, 6, 436.92, 160082, 221, 11, 0
386, 0, 177, 285, 231, 6, 54.30%, 4, 0, 6, 393.26, 162037, 221, 11, 0
391, 0, 177, 286, 232, 6, 54.55%, 4, 0, 6, 436.49, 164249, 222, 11, 0
396, 0, 177, 288, 234, 6, 54.55%, 4, 0, 6, 414.84, 166391, 222, 11, 0
401, 0, 177, 289, 235, 6, 54.55%, 4, 0, 6, 423.55, 168614, 222, 11, 0
406, 0, 177, 289, 235, 6, 54.55%, 4, 0, 6, 451.40, 170902, 222, 11, 0
411, 0, 177, 290, 236, 6, 54.55%, 4, 0, 6, 456.17, 173172, 222, 11, 0
416, 0, 177, 290, 236, 6, 54.55%, 4, 0, 6, 489.55, 175602, 222, 11, 0
421, 0, 177, 290, 236, 6, 54.55%, 4, 0, 6, 450.71, 177807, 222, 11, 0
426, 0, 177, 290, 236, 6, 54.55%, 4, 0, 6, 416.63, 179973, 222, 11, 0
432, 0, 177, 291, 237, 6, 54.55%, 4, 0, 6, 407.86, 182052, 222, 11, 0
437, 0, 177, 291, 237, 6, 54.55%, 4, 0, 6, 406.15, 184060, 222, 11, 0
442, 0, 177, 291, 237, 6, 54.55%, 4, 0, 6, 400.45, 186082, 222, 11, 0
447, 0, 177, 292, 238, 6, 54.79%, 4, 0, 6, 430.27, 188211, 223, 11, 0
452, 0, 177, 292, 238, 6, 54.79%, 4, 0, 6, 403.50, 190243, 223, 11, 0
457, 0, 177, 292, 238, 6, 54.79%, 4, 0, 6, 433.43, 192603, 223, 11, 0
462, 0, 177, 293, 239, 6, 54.79%, 4, 0, 6, 440.67, 194754, 223, 11, 0
467, 0, 291, 293, 238, 8, 54.79%, 4, 0, 6, 405.37, 196797, 223, 12, 0
472, 0, 8, 298, 242, 7, 55.04%, 4, 0, 6, 395.68, 198816, 224, 12, 0
477, 0, 8, 298, 242, 7, 55.04%, 4, 0, 6, 411.74, 200880, 224, 12, 0
482, 0, 8, 298, 242, 7, 55.04%, 4, 0, 6, 387.11, 202820, 224, 12, 0
488, 0, 294, 298, 241, 8, 55.04%, 4, 0, 6, 413.99, 204964, 224, 12, 0
493, 0, 28, 298, 239, 6, 55.04%, 4, 0, 6, 417.66, 207163, 224, 12, 0
498, 0, 292, 304, 244, 5, 55.04%, 4, 0, 6, 414.64, 209326, 224, 12, 0
503, 0, 292, 307, 247, 5, 55.04%, 4, 0, 6, 445.51, 211595, 224, 12, 0
508, 0, 292, 309, 249, 5, 55.04%, 4, 0, 6, 441.17, 213849, 224, 12, 0
513, 0, 292, 310, 250, 5, 55.04%, 4, 0, 6, 450.56, 216080, 224, 12, 0
518, 0, 292, 311, 251, 5, 55.04%, 4, 0, 6, 427.00, 218231, 224, 12, 0
523, 0, 292, 312, 252, 5, 55.04%, 4, 0, 6, 441.31, 220486, 224, 12, 0
528, 0, 292, 312, 252, 5, 55.04%, 4, 0, 6, 445.74, 222710, 224, 12, 0
533, 0, 292, 313, 253, 5, 55.04%, 4, 0, 6, 483.01, 225193, 224, 12, 0
538, 0, 292, 314, 254, 5, 55.04%, 4, 0, 6, 412.27, 227268, 224, 12, 0
543, 0, 292, 314, 254, 5, 55.04%, 4, 0, 6, 420.87, 229412, 224, 12, 0
548, 0, 292, 314, 254, 5, 55.04%, 4, 0, 6, 417.30, 231484, 224, 12, 0
553, 0, 292, 314, 254, 5, 55.04%, 4, 0, 6, 423.78, 233628, 224, 12, 0
559, 0, 292, 314, 254, 5, 55.04%, 4, 0, 6, 397.72, 235660, 224, 12, 0
564, 0, 292, 315, 255, 5, 55.04%, 4, 0, 6, 396.69, 237701, 224, 12, 0
569, 0, 292, 315, 255, 5, 55.04%, 4, 0, 6, 427.52, 239859, 224, 12, 0
574, 0, 292, 315, 255, 5, 55.04%, 4, 0, 6, 424.48, 242027, 224, 12, 0
579, 0, 292, 315, 255, 5, 55.04%, 4, 0, 6, 405.74, 244099, 224, 12, 0
584, 0, 292, 315, 255, 5, 55.04%, 4, 0, 6, 415.68, 246163, 224, 12, 0
589, 0, 249, 315, 253, 4, 55.04%, 4, 0, 6, 414.72, 248319, 224, 12, 0
594, 0, 285, 315, 252, 3, 55.04%, 4, 0, 6, 427.29, 250582, 224, 12, 0
599, 0, 73, 315, 249, 1, 55.04%, 4, 0, 6, 444.74, 252853, 224, 12, 0
604, 0, 95, 315, 247, 1, 55.04%, 4, 0, 6, 423.31, 255001, 224, 12, 0
609, 0, 148, 315, 245, 1, 55.04%, 4, 0, 6, 388.16, 256947, 224, 12, 0
614, 0, 293, 315, 243, 1, 55.04%, 4, 0, 6, 429.79, 259201, 224, 12, 0
619, 0, 66, 315, 242, 0, 55.04%, 4, 0, 6, 424.67, 261321, 224, 12, 0
625, 0, 185, 315, 240, 0, 55.04%, 4, 0, 6, 433.29, 263502, 224, 12, 0
630, 0, 319, 320, 244, 1, 55.04%, 4, 0, 6, 422.90, 265605, 224, 12, 0
635, 0, 58, 321, 243, 0, 55.04%, 4, 0, 6, 410.73, 267793, 224, 12, 0
640, 0, 146, 323, 244, 0, 55.04%, 4, 0, 6, 428.23, 270033, 224, 12, 0
645, 0, 144, 324, 244, 0, 55.04%, 4, 0, 6, 438.19, 272157, 224, 12, 0
650, 0, 51, 324, 244, 0, 55.04%, 4, 0, 6, 426.05, 274296, 224, 12, 0
655, 0, 152, 325, 245, 0, 55.04%, 4, 0, 7, 417.96, 276415, 224, 12, 0
660, 0, 183, 326, 245, 0, 55.04%, 4, 0, 7, 377.65, 278340, 224, 12, 0
665, 0, 136, 326, 245, 0, 55.04%, 4, 0, 7, 381.57, 280339, 224, 12, 0
670, 0, 249, 326, 243, 0, 55.04%, 4, 0, 7, 396.05, 282369, 224, 12, 0
675, 0, 176, 326, 242, 0, 55.04%, 4, 0, 7, 396.38, 284364, 224, 12, 0
681, 0, 75, 326, 240, 0, 55.04%, 4, 0, 7, 401.78, 286467, 224, 12, 0
686, 0, 326, 327, 239, 1, 55.28%, 4, 0, 7, 415.92, 288541, 225, 12, 0
691, 0, 326, 327, 239, 1, 55.28%, 4, 0, 7, 415.16, 290632, 225, 12, 0
696, 0, 89, 327, 238, 0, 55.28%, 4, 0, 7, 396.84, 292603, 225, 12, 0
701, 0, 84, 327, 235, 0, 55.28%, 4, 0, 7, 432.16, 294907, 225, 12, 0
706, 0, 327, 328, 235, 1, 55.53%, 4, 0, 7, 421.97, 297080, 226, 12, 0
711, 0, 86, 328, 233, 0, 55.53%, 4, 0, 7, 416.56, 299240, 226, 12, 0
716, 0, 154, 329, 233, 0, 55.53%, 4, 0, 7, 395.98, 301235, 226, 12, 0
722, 0, 286, 329, 232, 0, 55.53%, 4, 0, 7, 408.42, 303319, 226, 12, 0
727, 0, 165, 329, 231, 0, 55.53%, 4, 0, 7, 409.87, 305388, 226, 12, 0
732, 0, 40, 329, 229, 0, 55.53%, 4, 0, 7, 417.45, 307615, 226, 12, 0
737, 0, 146, 329, 227, 0, 55.53%, 4, 0, 7, 401.90, 309720, 226, 12, 0
742, 0, 164, 329, 226, 0, 55.53%, 4, 0, 7, 437.45, 311893, 226, 12, 0
747, 0, 166, 330, 226, 0, 55.53%, 4, 0, 7, 435.36, 314193, 226, 12, 0
752, 0, 202, 330, 225, 0, 55.53%, 4, 0, 7, 440.50, 316469, 226, 12, 0
757, 0, 77, 330, 223, 0, 55.53%, 4, 0, 7, 423.96, 318562, 226, 12, 0
762, 0, 120, 330, 221, 0, 55.53%, 4, 0, 7, 436.28, 320786, 226, 12, 0
767, 0, 194, 330, 219, 0, 55.53%, 4, 0, 7, 439.65, 323092, 226, 12, 0
773, 0, 122, 330, 217, 0, 55.53%, 4, 0, 7, 435.19, 325272, 226, 12, 0
778, 0, 29, 330, 215, 0, 55.53%, 4, 0, 7, 426.14, 327453, 226, 12, 0
783, 0, 152, 330, 213, 0, 55.53%, 4, 0, 7, 432.26, 329633, 226, 12, 0
788, 0, 216, 330, 212, 0, 55.53%, 4, 0, 7, 430.25, 331783, 226, 12, 0
793, 0, 164, 330, 209, 0, 55.53%, 4, 0, 7, 427.94, 334029, 226, 12, 0
798, 0, 181, 330, 208, 0, 55.53%, 4, 0, 7, 411.18, 336235, 226, 12, 0
803, 0, 263, 331, 207, 0, 55.53%, 4, 0, 7, 403.64, 338310, 226, 12, 0
808, 0, 103, 331, 205, 0, 55.53%, 4, 0, 7, 400.10, 340361, 226, 12, 0
813, 0, 146, 331, 203, 0, 55.53%, 4, 0, 7, 388.62, 342325, 226, 12, 0
818, 0, 302, 331, 202, 0, 55.53%, 4, 0, 7, 386.51, 344243, 226, 12, 0
823, 0, 311, 331, 200, 0, 55.53%, 4, 0, 7, 422.79, 346379, 226, 12, 0
828, 0, 268, 345, 214, 0, 55.53%, 4, 0, 7, 426.34, 348469, 226, 12, 0
833, 0, 268, 348, 217, 0, 55.77%, 4, 0, 7, 421.29, 350610, 227, 12, 0
839, 0, 268, 350, 219, 0, 55.77%, 4, 0, 7, 395.95, 352534, 227, 12, 0
844, 0, 268, 351, 220, 0, 55.77%, 4, 0, 7, 405.43, 354647, 227, 12, 0
849, 0, 268, 351, 220, 0, 55.77%, 4, 0, 7, 424.82, 356799, 227, 12, 0
854, 0, 268, 351, 220, 0, 55.77%, 4, 0, 7, 420.22, 358903, 227, 12, 0
859, 0, 345, 353, 221, 2, 55.77%, 4, 0, 7, 415.40, 361021, 227, 12, 0
864, 0, 260, 353, 219, 0, 55.77%, 4, 0, 7, 424.88, 363230, 227, 12, 0
869, 0, 58, 353, 217, 0, 55.77%, 4, 0, 7, 416.45, 365320, 227, 12, 0
874, 0, 173, 353, 216, 0, 55.77%, 4, 0, 7, 414.40, 367363, 227, 12, 0
879, 0, 180, 353, 215, 0, 55.77%, 4, 0, 7, 413.29, 369442, 227, 12, 0
884, 0, 336, 353, 213, 0, 55.77%, 4, 0, 7, 404.80, 371507, 227, 12, 0
889, 0, 57, 353, 211, 0, 55.77%, 4, 0, 7, 422.36, 373658, 227, 12, 0
894, 0, 346, 353, 210, 0, 55.77%, 4, 0, 7, 425.16, 375854, 227, 12, 0
899, 0, 235, 354, 209, 0, 55.77%, 4, 0, 7, 431.48, 377950, 227, 12, 0
902, 0, 294, 354, 208, 0, 55.77%, 4, 0, 7, 420.38, 379333, 227, 12, 0
