# relative_time, cycles_done, cur_item, corpus_count, pending_total, pending_favs, map_size, saved_crashes, saved_hangs, max_depth, execs_per_sec, total_execs, edges_found, total_crashes, servers_count
61, 0, 8, 54, 46, 18, 25.80%, 0, 0, 2, 385.77, 26283, 105, 0, 0
66, 0, 8, 54, 46, 18, 25.80%, 0, 0, 2, 401.85, 28369, 105, 0, 0
71, 0, 8, 54, 46, 18, 25.80%, 0, 0, 2, 409.51, 30424, 105, 0, 0
76, 0, 8, 54, 46, 18, 25.80%, 0, 0, 2, 415.87, 32512, 105, 0, 0
81, 0, 8, 54, 46, 18, 25.80%, 0, 0, 2, 409.43, 34584, 105, 0, 0
86, 0, 8, 54, 46, 18, 25.80%, 0, 0, 2, 417.04, 36824, 105, 0, 0
91, 0, 8, 54, 46, 18, 25.80%, 0, 0, 2, 403.13, 38848, 105, 0, 0
96, 0, 8, 54, 46, 18, 25.80%, 0, 0, 2, 404.16, 40904, 105, 0, 0
101, 0, 8, 54, 46, 18, 25.80%, 0, 0, 2, 410.33, 43032, 105, 0, 0
106, 0, 8, 54, 46, 18, 25.80%, 0, 0, 2, 387.24, 44973, 105, 0, 0
112, 0, 8, 54, 46, 18, 25.80%, 0, 0, 2, 408.10, 47104, 105, 0, 0
117, 0, 8, 54, 46, 18, 25.80%, 0, 0, 2, 422.92, 49192, 105, 0, 0
122, 0, 8, 54, 46, 18, 25.80%, 0, 0, 2, 396.99, 51168, 105, 0, 0
127, 0, 8, 54, 46, 18, 25.80%, 0, 0, 2, 384.19, 53128, 105, 0, 0
132, 0, 8, 54, 46, 18, 25.80%, 0, 0, 2, 399.10, 55152, 105, 0, 0
137, 0, 8, 54, 46, 18, 25.80%, 0, 0, 2, 397.01, 57111, 105, 0, 0
142, 0, 8, 54, 46, 18, 25.80%, 0, 0, 2, 399.31, 59128, 105, 0, 0
147, 0, 8, 54, 46, 18, 25.80%, 0, 0, 2, 383.62, 61039, 105, 0, 0
152, 0, 18, 54, 37, 13, 25.80%, 0, 0, 2, 426.14, 63240, 105, 0, 0
157, 0, 18, 66, 49, 13, 32.43%, 0, 0, 2, 441.21, 65460, 132, 0, 0
162, 0, 18, 72, 55, 13, 32.43%, 0, 0, 2, 437.04, 67686, 132, 0, 0
167, 0, 18, 78, 61, 13, 33.42%, 0, 0, 2, 452.03, 69930, 136, 0, 0
172, 0, 18, 84, 67, 13, 34.40%, 0, 0, 2, 464.25, 72256, 140, 0, 0
177, 0, 18, 86, 69, 13, 35.14%, 0, 0, 2, 481.69, 74619, 143, 0, 0
182, 0, 22, 91, 73, 16, 35.14%, 0, 0, 2, 433.91, 76796, 143, 0, 0
187, 0, 22, 95, 77, 16, 35.14%, 0, 0, 2, 433.75, 79057, 143, 0, 0
192, 0, 22, 101, 83, 16, 35.14%, 0, 0, 2, 453.46, 81346, 143, 0, 0
198, 0, 22, 105, 87, 16, 35.14%, 0, 0, 2, 467.07, 83705, 143, 0, 0
203, 0, 22, 109, 91, 16, 35.14%, 0, 0, 2, 443.25, 85964, 143, 0, 0
208, 0, 22, 111, 93, 16, 35.14%, 0, 0, 2, 445.59, 88266, 143, 0, 0
213, 0, 22, 113, 95, 16, 35.14%, 0, 0, 2, 428.08, 90440, 143, 0, 0
218, 0, 22, 116, 98, 16, 35.14%, 0, 0, 2, 446.32, 92765, 143, 0, 0
223, 0, 22, 117, 99, 16, 35.14%, 0, 0, 2, 442.91, 95052, 143, 0, 0
228, 0, 22, 120, 102, 16, 35.14%, 0, 0, 2, 427.68, 97225, 143, 0, 0
233, 0, 22, 121, 103, 16, 35.14%, 0, 0, 2, 431.16, 99393, 143, 0, 0
238, 0, 22, 124, 106, 16, 35.14%, 0, 0, 2, 428.81, 101607, 143, 0, 0
243, 0, 22, 124, 106, 16, 35.14%, 0, 0, 2, 436.89, 103847, 143, 0, 0
249, 0, 22, 126, 108, 16, 35.14%, 0, 0, 2, 425.75, 105981, 143, 0, 0
254, 0, 22, 127, 109, 16, 35.14%, 0, 0, 2, 431.05, 108196, 143, 0, 0
259, 0, 22, 127, 109, 16, 35.14%, 0, 0, 2, 463.13, 110583, 143, 0, 0
264, 0, 22, 127, 109, 16, 35.14%, 0, 0, 2, 428.10, 112709, 143, 0, 0
269, 0, 22, 127, 109, 16, 35.14%, 0, 0, 2, 434.13, 114973, 143, 0, 0
274, 0, 28, 133, 112, 14, 35.87%, 1, 0, 3, 453.93, 117332, 146, 1, 0
279, 0, 78, 137, 111, 10, 35.87%, 1, 0, 3, 440.83, 119521, 146, 1, 0
284, 0, 78, 139, 113, 10, 35.87%, 1, 0, 3, 424.24, 121703, 146, 1, 0
289, 0, 78, 139, 113, 10, 35.87%, 1, 0, 3, 436.63, 123983, 146, 1, 0
294, 0, 78, 140, 114, 10, 35.87%, 1, 0, 3, 446.92, 126182, 146, 1, 0
300, 0, 78, 142, 116, 10, 35.87%, 1, 0, 3, 432.58, 128492, 146, 1, 0
305, 0, 78, 142, 116, 10, 35.87%, 1, 0, 3, 436.09, 130741, 146, 1, 0
310, 0, 78, 143, 117, 10, 35.87%, 1, 0, 3, 483.83, 133211, 146, 1, 0
315, 0, 78, 144, 118, 10, 35.87%, 1, 0, 3, 458.35, 135507, 146, 1, 0
320, 0, 78, 145, 119, 10, 35.87%, 1, 0, 3, 425.20, 137658, 146, 1, 0
325, 0, 78, 145, 119, 10, 35.87%, 1, 0, 3, 452.71, 140002, 146, 1, 0
330, 0, 78, 145, 119, 10, 35.87%, 1, 0, 3, 423.66, 142146, 146, 1, 0
335, 0, 78, 145, 119, 10, 35.87%, 1, 0, 3, 418.98, 144250, 146, 1, 0
340, 0, 78, 145, 119, 10, 35.87%, 1, 0, 3, 450.57, 146599, 146, 1, 0
345, 0, 78, 145, 119, 10, 35.87%, 1, 0, 3, 445.43, 148770, 146, 1, 0
350, 0, 78, 145, 119, 10, 35.87%, 1, 0, 3, 459.21, 151099, 146, 1, 0
356, 0, 78, 145, 119, 10, 35.87%, 1, 0, 3, 449.04, 153412, 146, 1, 0
361, 0, 78, 147, 121, 10, 35.87%, 1, 0, 3, 467.74, 155766, 146, 1, 0
366, 0, 94, 147, 118, 8, 35.87%, 1, 0, 3, 445.35, 158041, 146, 1, 0
371, 0, 121, 151, 119, 6, 35.87%, 1, 0, 3, 458.67, 160427, 146, 1, 0
376, 0, 129, 152, 118, 4, 35.87%, 1, 0, 4, 451.33, 162750, 146, 1, 0
381, 0, 131, 159, 124, 3, 37.59%, 1, 0, 4, 473.80, 165162, 153, 1, 0
386, 0, 131, 160, 125, 3, 37.59%, 1, 0, 4, 439.21, 167380, 153, 1, 0
391, 0, 131, 160, 125, 3, 37.59%, 1, 0, 4, 438.17, 169580, 153, 1, 0
396, 0, 140, 161, 124, 2, 37.59%, 1, 0, 4, 478.75, 172062, 153, 1, 0
401, 0, 157, 168, 130, 1, 37.59%, 1, 0, 5, 437.70, 174225, 153, 1, 0
406, 0, 157, 174, 136, 1, 37.59%, 1, 0, 5, 428.78, 176419, 153, 1, 0
412, 0, 157, 177, 139, 1, 37.59%, 1, 0, 5, 449.45, 178809, 153, 1, 0
417, 0, 157, 182, 144, 1, 37.59%, 1, 0, 5, 445.25, 181035, 153, 1, 0
422, 0, 157, 184, 146, 1, 37.59%, 1, 0, 5, 440.04, 183265, 153, 1, 0
427, 0, 157, 187, 149, 1, 37.59%, 1, 0, 5, 429.21, 185487, 153, 1, 0
432, 0, 157, 187, 149, 1, 37.59%, 1, 0, 5, 416.75, 187542, 153, 1, 0
437, 0, 157, 187, 149, 1, 37.59%, 1, 0, 5, 424.68, 189702, 153, 1, 0
442, 0, 157, 187, 149, 1, 37.59%, 1, 0, 5, 442.45, 191958, 153, 1, 0
447, 0, 157, 188, 150, 1, 37.59%, 1, 0, 5, 435.44, 194125, 153, 1, 0
452, 0, 157, 189, 151, 1, 37.59%, 1, 0, 5, 438.71, 196300, 153, 1, 0
457, 0, 157, 189, 151, 1, 37.59%, 1, 0, 5, 467.71, 198711, 153, 1, 0
462, 0, 157, 189, 151, 1, 37.59%, 1, 0, 5, 435.84, 200892, 153, 1, 0
467, 0, 157, 189, 151, 1, 37.59%, 1, 0, 5, 459.07, 203211, 153, 1, 0
472, 0, 157, 190, 152, 1, 37.59%, 1, 0, 5, 436.45, 205419, 153, 1, 0
477, 0, 157, 190, 152, 1, 37.59%, 1, 0, 5, 445.38, 207675, 153, 1, 0
482, 0, 157, 191, 153, 1, 37.59%, 1, 0, 5, 439.11, 209890, 153, 1, 0
487, 0, 163, 191, 152, 2, 37.59%, 1, 0, 5, 453.66, 212195, 153, 1, 0
493, 0, 168, 193, 153, 1, 37.59%, 1, 0, 6, 450.00, 214504, 153, 1, 0
498, 0, 168, 195, 155, 1, 37.59%, 1, 0, 6, 457.78, 216855, 153, 1, 0
503, 0, 168, 197, 157, 1, 37.59%, 1, 0, 6, 432.12, 219068, 153, 1, 0
508, 0, 168, 198, 158, 1, 37.59%, 1, 0, 6, 429.44, 221275, 153, 1, 0
513, 0, 168, 198, 158, 1, 37.59%, 1, 0, 6, 468.05, 223644, 153, 1, 0
518, 0, 197, 199, 158, 1, 37.59%, 1, 0, 6, 437.65, 225826, 153, 1, 0
523, 0, 197, 201, 160, 1, 38.33%, 1, 0, 7, 438.73, 228080, 156, 1, 0
528, 0, 200, 201, 159, 1, 38.33%, 1, 0, 7, 455.70, 230348, 156, 1, 0
533, 1, 49, 201, 150, 0, 38.33%, 1, 0, 7, 414.61, 232457, 156, 1, 0
538, 1, 137, 202, 138, 0, 38.33%, 1, 0, 7, 443.07, 234757, 156, 1, 0
543, 1, 178, 202, 129, 0, 38.33%, 1, 0, 7, 461.20, 237056, 156, 1, 0
548, 1, 192, 206, 129, 0, 38.33%, 1, 0, 7, 455.11, 239345, 156, 1, 0
553, 1, 192, 208, 131, 0, 38.33%, 1, 0, 7, 441.96, 241581, 156, 1, 0
558, 1, 192, 208, 131, 0, 38.33%, 1, 0, 7, 438.51, 243837, 156, 1, 0
563, 1, 192, 209, 132, 0, 38.33%, 1, 0, 7, 442.94, 246044, 156, 1, 0
568, 1, 192, 210, 133, 0, 38.33%, 1, 0, 7, 427.45, 248211, 156, 1, 0
574, 1, 192, 210, 133, 0, 38.33%, 1, 0, 7, 428.79, 250475, 156, 1, 0
579, 1, 197, 210, 131, 0, 38.33%, 2, 0, 7, 461.04, 252788, 156, 2, 0
584, 1, 210, 243, 160, 0, 39.07%, 2, 0, 7, 468.66, 255241, 159, 2, 0
589, 3, 13, 247, 156, 0, 39.56%, 2, 0, 7, 459.42, 257559, 161, 2, 0
594, 3, 111, 247, 142, 0, 39.56%, 2, 0, 7, 447.64, 259842, 161, 2, 0
599, 3, 173, 247, 131, 0, 39.56%, 2, 0, 7, 439.56, 262023, 161, 2, 0
604, 3, 242, 249, 129, 1, 39.80%, 2, 0, 7, 411.48, 264123, 162, 2, 0
609, 4, 229, 252, 127, 1, 41.28%, 2, 0, 7, 423.50, 266306, 168, 2, 0
614, 4, 249, 268, 142, 1, 48.65%, 2, 0, 7, 358.36, 268066, 198, 2, 0
619, 4, 256, 268, 140, 4, 48.65%, 2, 0, 7, 383.78, 269918, 198, 2, 0
624, 4, 257, 272, 143, 3, 48.65%, 2, 0, 7, 429.26, 272144, 198, 2, 0
629, 4, 257, 325, 196, 3, 48.89%, 2, 0, 7, 447.93, 274422, 199, 2, 0
635, 4, 257, 332, 203, 3, 48.89%, 2, 0, 7, 419.00, 276551, 199, 2, 0
640, 4, 257, 341, 212, 3, 48.89%, 2, 0, 7, 430.89, 278766, 199, 2, 0
645, 4, 257, 347, 218, 3, 49.14%, 2, 0, 7, 427.20, 280888, 200, 2, 0
650, 4, 257, 349, 220, 3, 49.14%, 2, 0, 7, 403.14, 282926, 200, 2, 0
655, 4, 257, 349, 220, 3, 49.14%, 2, 0, 7, 438.16, 285174, 200, 2, 0
660, 4, 257, 349, 220, 3, 49.14%, 2, 0, 7, 417.00, 287270, 200, 2, 0
665, 4, 257, 349, 220, 3, 49.14%, 2, 0, 7, 436.15, 289502, 200, 2, 0
670, 4, 257, 350, 221, 3, 49.14%, 2, 0, 7, 431.68, 291717, 200, 2, 0
675, 4, 257, 351, 222, 3, 49.14%, 2, 0, 7, 462.61, 294017, 200, 2, 0
680, 4, 257, 351, 222, 3, 49.14%, 2, 0, 7, 448.94, 296237, 200, 2, 0
685, 4, 257, 352, 223, 3, 49.14%, 2, 0, 7, 421.44, 298364, 200, 2, 0
690, 4, 257, 352, 223, 3, 49.14%, 2, 0, 7, 429.63, 300540, 200, 2, 0
695, 4, 257, 352, 223, 3, 49.14%, 2, 0, 7, 437.69, 302820, 200, 2, 0
700, 4, 257, 352, 223, 3, 49.14%, 2, 0, 7, 436.04, 305076, 200, 2, 0
706, 4, 257, 352, 223, 3, 49.14%, 2, 0, 7, 448.22, 307318, 200, 2, 0
711, 4, 257, 353, 224, 3, 49.39%, 2, 0, 7, 422.09, 309403, 201, 2, 0
716, 4, 257, 354, 225, 3, 49.39%, 2, 0, 7, 414.53, 311490, 201, 2, 0
721, 4, 257, 356, 227, 3, 49.39%, 2, 0, 7, 428.68, 313656, 201, 2, 0
726, 4, 257, 356, 227, 3, 49.39%, 2, 0, 7, 421.10, 315752, 201, 2, 0
731, 4, 257, 358, 229, 3, 49.39%, 2, 0, 7, 418.55, 317854, 201, 2, 0
736, 4, 257, 358, 229, 3, 49.39%, 2, 0, 7, 423.58, 320014, 201, 2, 0
741, 4, 257, 358, 229, 3, 49.39%, 2, 0, 7, 397.66, 321982, 201, 2, 0
746, 4, 257, 358, 229, 3, 49.39%, 2, 0, 7, 392.75, 323949, 201, 2, 0
751, 4, 265, 359, 228, 5, 49.63%, 2, 0, 7, 402.56, 325976, 202, 2, 0
756, 4, 317, 359, 226, 5, 49.63%, 2, 0, 7, 421.22, 328129, 202, 2, 0
761, 4, 355, 359, 223, 2, 49.63%, 2, 0, 7, 441.14, 330369, 202, 2, 0
766, 4, 355, 361, 225, 2, 49.63%, 2, 0, 7, 463.79, 332735, 202, 2, 0
771, 4, 355, 363, 227, 2, 49.63%, 2, 0, 7, 445.40, 334958, 202, 2, 0
776, 4, 355, 363, 227, 2, 49.63%, 2, 0, 7, 462.27, 337303, 202, 2, 0
781, 4, 355, 363, 227, 2, 49.63%, 2, 0, 7, 486.36, 339724, 202, 2, 0
786, 4, 361, 364, 227, 1, 49.63%, 2, 0, 7, 470.40, 342031, 202, 2, 0
791, 4, 366, 367, 229, 1, 49.63%, 2, 0, 7, 477.68, 344400, 202, 2, 0
796, 5, 371, 382, 242, 4, 50.86%, 2, 0, 7, 434.65, 346578, 207, 2, 0
802, 5, 378, 382, 240, 2, 50.86%, 4, 0, 7, 416.30, 348774, 207, 10, 0
807, 6, 21, 385, 239, 0, 50.86%, 4, 0, 7, 473.67, 351253, 207, 13, 0
812, 6, 161, 385, 233, 0, 50.86%, 4, 0, 7, 441.54, 353473, 207, 13, 0
817, 6, 197, 385, 228, 0, 50.86%, 4, 0, 7, 431.65, 355693, 207, 13, 0
822, 6, 213, 385, 226, 0, 50.86%, 4, 0, 7, 431.10, 357846, 207, 13, 0
827, 6, 235, 386, 220, 0, 50.86%, 4, 0, 7, 444.58, 360122, 207, 13, 0
832, 6, 255, 386, 214, 0, 50.86%, 4, 0, 7, 410.60, 362221, 207, 13, 0
837, 6, 265, 386, 211, 0, 50.86%, 4, 0, 7, 320.58, 363663, 207, 13, 0
842, 6, 272, 386, 209, 0, 50.86%, 4, 0, 7, 417.38, 365843, 207, 13, 0
847, 6, 281, 386, 207, 0, 50.86%, 4, 0, 7, 431.45, 368067, 207, 13, 0
852, 6, 297, 386, 204, 0, 50.86%, 4, 0, 7, 428.47, 370243, 207, 13, 0
857, 6, 301, 386, 201, 0, 50.86%, 4, 0, 7, 428.75, 372411, 207, 13, 0
862, 6, 307, 386, 199, 0, 50.86%, 4, 0, 7, 422.13, 374555, 207, 13, 0
868, 6, 328, 386, 197, 0, 50.86%, 4, 0, 7, 423.76, 376719, 207, 13, 0
873, 6, 349, 386, 194, 0, 50.86%, 4, 0, 7, 421.71, 378895, 207, 13, 0
878, 6, 360, 387, 193, 0, 50.86%, 4, 0, 7, 437.80, 381194, 207, 13, 0
883, 6, 368, 388, 192, 0, 51.11%, 4, 0, 7, 445.84, 383441, 208, 13, 0
888, 7, 78, 388, 187, 0, 51.11%, 4, 0, 7, 441.88, 385686, 208, 13, 0
893, 7, 160, 388, 173, 0, 51.11%, 5, 0, 7, 447.55, 387968, 208, 14, 0
898, 7, 199, 388, 170, 0, 51.11%, 5, 0, 7, 453.37, 390323, 208, 14, 0
903, 7, 209, 389, 169, 0, 51.11%, 5, 0, 7, 461.75, 392659, 208, 14, 0
908, 7, 252, 389, 163, 0, 51.11%, 5, 0, 7, 431.48, 394862, 208, 14, 0
913, 7, 265, 389, 161, 0, 51.11%, 5, 0, 7, 333.54, 396406, 208, 14, 0
918, 7, 302, 389, 159, 0, 51.11%, 5, 0, 7, 399.76, 398484, 208, 14, 0
923, 7, 319, 389, 157, 0, 51.11%, 5, 0, 7, 405.81, 400578, 208, 14, 0
928, 7, 327, 389, 155, 0, 51.11%, 5, 0, 7, 444.27, 402794, 208, 14, 0
933, 7, 336, 389, 152, 0, 51.11%, 5, 0, 7, 457.99, 405106, 208, 14, 0
938, 7, 341, 389, 149, 0, 51.11%, 5, 0, 7, 432.48, 407298, 208, 14, 0
943, 7, 351, 389, 147, 0, 51.11%, 5, 0, 7, 450.09, 409570, 208, 14, 0
948, 7, 389, 390, 146, 1, 51.35%, 5, 0, 7, 436.73, 411771, 209, 14, 0
954, 8, 14, 390, 145, 0, 51.35%, 5, 0, 7, 438.14, 413964, 209, 14, 0
959, 8, 118, 390, 136, 0, 51.35%, 6, 0, 7, 440.38, 416197, 209, 16, 0
964, 8, 195, 390, 131, 0, 51.35%, 6, 0, 7, 443.95, 418374, 209, 16, 0
969, 8, 212, 390, 129, 0, 51.35%, 6, 0, 7, 436.10, 420580, 209, 16, 0
974, 8, 250, 390, 125, 0, 51.35%, 6, 0, 7, 442.26, 422850, 209, 16, 0
979, 8, 285, 390, 122, 0, 51.35%, 6, 0, 7, 365.50, 424503, 209, 16, 0
984, 8, 304, 390, 120, 0, 51.35%, 6, 0, 7, 406.99, 426584, 209, 16, 0
989, 8, 346, 390, 117, 0, 51.35%, 6, 0, 7, 430.22, 428816, 209, 16, 0
994, 8, 386, 390, 115, 0, 51.35%, 6, 0, 7, 430.38, 430985, 209, 19, 0
999, 8, 389, 390, 113, 0, 51.35%, 6, 0, 7, 450.76, 433280, 209, 19, 0
1004, 9, 96, 390, 106, 0, 51.35%, 6, 0, 7, 474.77, 435658, 209, 19, 0
1009, 9, 197, 390, 103, 0, 51.35%, 6, 0, 7, 475.94, 438036, 209, 19, 0
1014, 9, 237, 390, 99, 0, 51.35%, 6, 0, 7, 474.77, 440441, 209, 19, 0
1019, 9, 280, 390, 97, 0, 51.35%, 6, 0, 7, 387.65, 442337, 209, 19, 0
1025, 9, 295, 390, 94, 0, 51.35%, 6, 0, 7, 405.80, 444454, 209, 19, 0
1030, 9, 308, 390, 92, 0, 51.35%, 6, 0, 7, 437.61, 446738, 209, 19, 0
1035, 9, 320, 390, 90, 0, 51.35%, 6, 0, 7, 433.89, 449010, 209, 19, 0
1040, 9, 350, 390, 87, 0, 51.35%, 6, 0, 7, 447.99, 451391, 209, 19, 0
1045, 9, 377, 390, 85, 0, 51.35%, 6, 0, 7, 451.87, 453650, 209, 19, 0
1050, 10, 168, 393, 86, 1, 51.60%, 6, 0, 7, 451.03, 455935, 210, 20, 0
1055, 11, 53, 393, 83, 0, 51.60%, 6, 0, 7, 444.87, 458157, 210, 20, 0
1060, 11, 137, 393, 73, 0, 51.60%, 6, 0, 7, 462.02, 460581, 210, 20, 0
1065, 11, 197, 393, 69, 0, 51.60%, 6, 0, 7, 430.31, 462716, 210, 20, 0
1070, 11, 227, 393, 68, 0, 51.60%, 6, 0, 7, 452.46, 465025, 210, 20, 0
1075, 11, 270, 393, 66, 0, 51.60%, 6, 0, 7, 445.79, 467308, 210, 20, 0
1080, 11, 289, 393, 64, 0, 51.60%, 6, 0, 7, 439.81, 469501, 210, 20, 0
1086, 11, 317, 393, 61, 0, 51.60%, 6, 0, 7, 446.12, 471709, 210, 20, 0
1091, 11, 335, 393, 59, 0, 51.60%, 6, 0, 7, 442.03, 474025, 210, 20, 0
1096, 11, 356, 394, 59, 0, 51.60%, 6, 0, 7, 424.44, 476188, 210, 20, 0
1101, 11, 373, 394, 56, 0, 51.60%, 6, 0, 7, 418.23, 478343, 210, 20, 0
1106, 12, 155, 397, 56, 1, 51.84%, 7, 0, 7, 456.21, 480655, 211, 23, 0
1111, 13, 78, 397, 54, 0, 51.84%, 7, 0, 7, 434.56, 482842, 211, 23, 0
1116, 13, 197, 397, 50, 0, 51.84%, 7, 0, 7, 456.31, 485179, 211, 23, 0
1121, 13, 253, 397, 50, 0, 51.84%, 7, 0, 7, 433.12, 487338, 211, 23, 0
1126, 13, 322, 397, 49, 0, 51.84%, 7, 0, 7, 427.40, 489568, 211, 23, 0
1131, 13, 378, 397, 47, 0, 51.84%, 7, 0, 7, 440.37, 491778, 211, 23, 0
1136, 14, 399, 400, 48, 1, 52.09%, 7, 0, 7, 452.01, 494063, 212, 27, 0
1141, 15, 166, 400, 47, 0, 52.09%, 7, 0, 7, 459.27, 496354, 212, 27, 0
1146, 15, 197, 400, 47, 0, 52.09%, 7, 0, 7, 462.54, 498682, 212, 27, 0
1152, 15, 265, 400, 46, 0, 52.09%, 7, 0, 7, 444.97, 500944, 212, 27, 0
1157, 15, 294, 400, 44, 0, 52.09%, 7, 0, 7, 415.51, 502988, 212, 27, 0
1162, 15, 331, 400, 42, 0, 52.09%, 7, 0, 7, 414.96, 505128, 212, 27, 0
1167, 15, 366, 400, 39, 0, 52.09%, 7, 0, 7, 428.91, 507268, 212, 27, 0
1172, 15, 394, 400, 37, 0, 52.09%, 7, 0, 7, 427.38, 509388, 212, 28, 0
1177, 16, 134, 401, 36, 0, 52.09%, 7, 0, 7, 419.87, 511521, 212, 28, 0
1182, 16, 180, 401, 34, 0, 52.09%, 7, 0, 7, 452.55, 513786, 212, 28, 0
1187, 16, 237, 401, 32, 0, 52.09%, 7, 0, 7, 445.26, 516064, 212, 28, 0
1192, 16, 348, 401, 31, 0, 52.09%, 7, 0, 7, 452.23, 518398, 212, 28, 0
1197, 16, 371, 401, 28, 0, 52.09%, 7, 0, 7, 448.80, 520677, 212, 28, 0
1202, 17, 11, 401, 26, 0, 52.09%, 7, 0, 7, 420.18, 522791, 212, 31, 0
1207, 17, 184, 401, 25, 0, 52.09%, 7, 0, 7, 457.77, 525168, 212, 31, 0
1212, 17, 256, 401, 25, 0, 52.09%, 7, 0, 7, 442.91, 527355, 212, 31, 0
1217, 17, 316, 401, 23, 0, 52.09%, 7, 0, 7, 465.58, 529726, 212, 31, 0
1222, 17, 352, 401, 21, 0, 52.09%, 7, 0, 7, 455.36, 531939, 212, 31, 0
1227, 17, 395, 401, 20, 0, 52.09%, 7, 0, 7, 440.04, 534184, 212, 34, 0
1233, 18, 124, 401, 19, 0, 52.09%, 7, 0, 7, 436.53, 536405, 212, 34, 0
1238, 18, 214, 401, 18, 0, 52.09%, 7, 0, 7, 442.58, 538688, 212, 34, 0
1243, 18, 301, 401, 17, 0, 52.09%, 7, 0, 7, 419.83, 540774, 212, 34, 0
1248, 18, 387, 401, 17, 0, 52.09%, 7, 0, 7, 430.24, 542921, 212, 36, 0
1253, 19, 32, 401, 15, 0, 52.09%, 7, 0, 7, 435.16, 545222, 212, 36, 0
1258, 19, 164, 401, 14, 0, 52.09%, 7, 0, 7, 453.45, 547589, 212, 36, 0
1263, 19, 197, 401, 14, 0, 52.09%, 7, 0, 7, 453.92, 549920, 212, 36, 0
1268, 19, 226, 402, 15, 0, 52.09%, 7, 0, 7, 435.96, 552112, 212, 36, 0
1273, 19, 317, 402, 15, 0, 52.09%, 7, 0, 7, 421.15, 554322, 212, 36, 0
1278, 19, 402, 404, 16, 1, 52.58%, 7, 0, 7, 442.83, 556636, 214, 36, 0
1284, 20, 89, 404, 14, 0, 52.58%, 7, 0, 7, 439.85, 558896, 214, 36, 0
1289, 20, 169, 404, 13, 0, 52.58%, 7, 0, 7, 426.85, 561029, 214, 36, 0
1294, 20, 203, 404, 13, 0, 52.58%, 7, 0, 7, 457.45, 563383, 214, 36, 0
1299, 20, 318, 404, 12, 0, 52.58%, 7, 0, 7, 446.50, 565650, 214, 36, 0
1304, 20, 371, 404, 11, 0, 52.58%, 7, 0, 7, 455.43, 567914, 214, 36, 0
1309, 21, 33, 404, 11, 0, 52.58%, 7, 0, 7, 470.82, 570276, 214, 37, 0
1314, 21, 176, 404, 9, 0, 52.58%, 7, 0, 7, 449.81, 572501, 214, 37, 0
1319, 21, 256, 404, 9, 0, 52.58%, 7, 0, 7, 446.04, 574767, 214, 37, 0
1324, 21, 288, 404, 8, 0, 52.58%, 7, 0, 7, 391.39, 576517, 214, 37, 0
1329, 21, 366, 404, 6, 0, 52.58%, 7, 0, 7, 422.26, 578689, 214, 37, 0
1334, 21, 393, 404, 6, 0, 52.58%, 7, 0, 7, 408.43, 580760, 214, 38, 0
1339, 21, 403, 404, 4, 0, 52.58%, 7, 0, 7, 445.93, 583005, 214, 38, 0
1345, 22, 121, 404, 4, 0, 52.58%, 7, 0, 7, 422.96, 585067, 214, 38, 0
1350, 22, 197, 404, 4, 0, 52.58%, 7, 0, 7, 433.69, 587304, 214, 38, 0
1355, 22, 265, 404, 4, 0, 52.58%, 7, 0, 7, 447.78, 589702, 214, 38, 0
1360, 22, 366, 404, 4, 0, 52.58%, 7, 0, 7, 455.24, 591978, 214, 38, 0
1365, 23, 15, 404, 4, 0, 52.58%, 7, 0, 7, 447.31, 594268, 214, 38, 0
1370, 23, 197, 404, 4, 0, 52.58%, 7, 0, 7, 448.77, 596593, 214, 38, 0
1375, 23, 263, 404, 4, 0, 52.58%, 7, 0, 7, 458.34, 598940, 214, 38, 0
1380, 23, 376, 404, 4, 0, 52.58%, 7, 0, 7, 459.67, 601194, 214, 38, 0
1385, 24, 184, 427, 27, 8, 60.44%, 7, 0, 7, 433.12, 603386, 246, 39, 0
1391, 24, 406, 432, 31, 7, 60.44%, 7, 0, 7, 457.42, 605787, 246, 39, 0
1396, 24, 406, 434, 33, 7, 60.44%, 7, 0, 7, 453.31, 608004, 246, 39, 0
1401, 24, 406, 434, 33, 7, 60.44%, 7, 0, 7, 429.55, 610154, 246, 39, 0
1406, 24, 406, 434, 33, 7, 60.44%, 7, 0, 7, 433.61, 612386, 246, 39, 0
1411, 24, 407, 434, 32, 7, 60.44%, 7, 0, 7, 418.90, 614562, 246, 39, 0
1416, 24, 410, 443, 39, 6, 60.44%, 7, 0, 7, 417.41, 616711, 246, 39, 0
1421, 24, 410, 446, 42, 6, 60.44%, 7, 0, 7, 412.94, 618756, 246, 39, 0
1426, 24, 410, 448, 44, 6, 60.44%, 7, 0, 7, 431.15, 621010, 246, 39, 0
1431, 24, 410, 449, 45, 6, 60.44%, 7, 0, 7, 441.73, 623249, 246, 39, 0
1436, 24, 410, 451, 47, 6, 60.69%, 7, 0, 7, 440.90, 625463, 247, 39, 0
1441, 24, 410, 453, 49, 6, 60.69%, 7, 0, 7, 420.55, 627557, 247, 39, 0
1446, 24, 410, 453, 49, 6, 60.69%, 7, 0, 7, 427.21, 629742, 247, 39, 0
1452, 24, 410, 454, 50, 6, 60.69%, 7, 0, 7, 441.06, 631949, 247, 39, 0
1457, 24, 410, 454, 50, 6, 60.69%, 7, 0, 7, 455.41, 634217, 247, 39, 0
1462, 24, 410, 455, 51, 6, 60.69%, 7, 0, 7, 435.96, 636356, 247, 39, 0
1467, 24, 410, 457, 53, 6, 60.69%, 7, 0, 7, 449.44, 638674, 247, 39, 0
1472, 24, 410, 457, 53, 6, 60.69%, 7, 0, 7, 456.49, 640997, 247, 39, 0
1477, 24, 410, 458, 54, 6, 60.93%, 7, 0, 7, 422.00, 643017, 248, 39, 0
1482, 24, 410, 459, 55, 6, 60.93%, 7, 0, 7, 434.58, 645248, 248, 39, 0
1487, 24, 410, 459, 55, 6, 60.93%, 7, 0, 7, 429.77, 647400, 248, 39, 0
1492, 24, 410, 459, 55, 6, 60.93%, 7, 0, 7, 419.79, 649480, 248, 39, 0
1497, 24, 410, 459, 55, 6, 60.93%, 7, 0, 7, 423.88, 651648, 248, 39, 0
1502, 24, 410, 459, 55, 6, 60.93%, 7, 0, 7, 426.93, 653816, 248, 39, 0
1507, 24, 410, 461, 57, 6, 60.93%, 7, 0, 7, 410.30, 655862, 248, 39, 0
1512, 24, 410, 462, 58, 6, 60.93%, 7, 0, 7, 433.83, 658125, 248, 39, 0
1517, 24, 410, 462, 58, 6, 60.93%, 7, 0, 7, 427.79, 660317, 248, 39, 0
1523, 24, 410, 462, 58, 6, 60.93%, 7, 0, 7, 437.17, 662573, 248, 39, 0
1528, 24, 410, 462, 58, 6, 60.93%, 7, 0, 7, 415.94, 664669, 248, 39, 0
1533, 24, 410, 462, 58, 6, 60.93%, 7, 0, 7, 427.33, 666869, 248, 39, 0
1538, 24, 428, 467, 61, 6, 60.93%, 7, 0, 7, 419.14, 668996, 248, 39, 0
1543, 24, 428, 469, 63, 6, 60.93%, 7, 0, 7, 399.25, 671064, 248, 39, 0
1548, 24, 428, 469, 63, 6, 60.93%, 7, 0, 7, 461.43, 673538, 248, 39, 0
1553, 24, 428, 469, 63, 6, 60.93%, 7, 0, 7, 455.91, 675797, 248, 39, 0
1558, 24, 432, 470, 63, 5, 60.93%, 7, 0, 7, 432.90, 677957, 248, 39, 0
1563, 24, 432, 471, 64, 5, 60.93%, 7, 0, 7, 361.09, 679699, 248, 39, 0
1568, 24, 432, 472, 65, 5, 60.93%, 7, 0, 7, 338.35, 681332, 248, 39, 0
1573, 24, 443, 472, 64, 4, 60.93%, 7, 0, 7, 377.89, 683267, 248, 39, 0
1578, 24, 450, 472, 63, 3, 60.93%, 7, 0, 7, 409.93, 685440, 248, 39, 0
1583, 24, 465, 473, 60, 0, 60.93%, 7, 0, 7, 404.37, 687514, 248, 39, 0
1589, 25, 491, 497, 81, 2, 61.43%, 7, 0, 7, 418.76, 689679, 250, 39, 0
1594, 26, 14, 497, 78, 0, 61.43%, 7, 0, 7, 426.05, 691896, 250, 39, 0
1599, 26, 129, 498, 79, 0, 61.43%, 7, 0, 7, 423.33, 694063, 250, 39, 0
1604, 26, 200, 498, 79, 0, 61.43%, 7, 0, 7, 457.53, 696389, 250, 39, 0
1609, 26, 274, 498, 79, 0, 61.43%, 7, 0, 7, 454.74, 698655, 250, 39, 0
1614, 26, 330, 498, 77, 0, 61.43%, 7, 0, 7, 437.26, 700831, 250, 39, 0
1619, 26, 371, 498, 76, 0, 61.43%, 8, 0, 7, 422.40, 702945, 250, 40, 0
1624, 26, 393, 498, 76, 0, 61.43%, 8, 0, 7, 431.73, 705122, 250, 41, 0
1629, 26, 414, 498, 74, 0, 61.43%, 8, 0, 7, 443.97, 707440, 250, 41, 0
1634, 26, 427, 498, 71, 0, 61.43%, 8, 0, 7, 429.46, 709648, 250, 41, 0
1639, 26, 443, 498, 67, 0, 61.43%, 8, 0, 7, 424.88, 711796, 250, 41, 0
1645, 26, 473, 498, 65, 0, 61.43%, 8, 0, 7, 439.17, 714072, 250, 41, 0
1650, 26, 491, 498, 62, 0, 61.43%, 8, 0, 7, 431.12, 716172, 250, 41, 0
1655, 26, 493, 501, 65, 0, 61.43%, 8, 0, 7, 467.02, 718550, 250, 41, 0
1660, 26, 493, 501, 65, 0, 61.43%, 8, 0, 7, 447.08, 720829, 250, 41, 0
1665, 27, 33, 502, 63, 0, 61.43%, 8, 0, 7, 429.38, 723036, 250, 41, 0
1670, 27, 176, 502, 63, 0, 61.43%, 8, 0, 7, 444.82, 725299, 250, 42, 0
1675, 27, 237, 502, 63, 0, 61.43%, 8, 0, 7, 470.62, 727671, 250, 42, 0
1680, 27, 352, 502, 63, 0, 61.43%, 8, 0, 7, 427.66, 729804, 250, 42, 0
1685, 27, 389, 502, 63, 0, 61.43%, 8, 0, 7, 419.79, 731947, 250, 43, 0
1690, 27, 417, 502, 61, 0, 61.43%, 8, 0, 7, 429.10, 734153, 250, 43, 0
1695, 27, 428, 502, 59, 0, 61.43%, 8, 0, 7, 411.72, 736273, 250, 43, 0
1701, 27, 450, 502, 56, 0, 61.43%, 8, 0, 7, 441.13, 738545, 250, 43, 0
1706, 27, 491, 502, 54, 0, 61.43%, 8, 0, 7, 417.20, 740609, 250, 43, 0
1711, 27, 494, 503, 54, 0, 61.43%, 8, 0, 7, 433.01, 742820, 250, 43, 0
1716, 28, 92, 504, 53, 1, 61.92%, 8, 0, 7, 439.82, 745023, 252, 43, 0
1721, 28, 503, 504, 53, 1, 61.92%, 8, 0, 7, 439.01, 747200, 252, 43, 0
1726, 29, 197, 504, 52, 0, 61.92%, 8, 0, 7, 444.21, 749427, 252, 45, 0
1731, 29, 265, 504, 52, 0, 61.92%, 8, 0, 7, 469.90, 751789, 252, 45, 0
1736, 29, 367, 504, 52, 0, 61.92%, 8, 0, 7, 463.57, 754038, 252, 45, 0
1741, 29, 405, 504, 52, 0, 61.92%, 8, 0, 7, 443.81, 756261, 252, 51, 0
1746, 29, 443, 504, 50, 0, 61.92%, 8, 0, 7, 445.25, 758485, 252, 51, 0
1751, 29, 453, 504, 47, 0, 61.92%, 8, 0, 7, 448.66, 760745, 252, 51, 0
1756, 29, 486, 504, 42, 0, 61.92%, 8, 0, 7, 404.03, 762778, 252, 51, 0
1761, 29, 494, 505, 43, 0, 61.92%, 8, 0, 7, 431.94, 765012, 252, 51, 0
1766, 29, 505, 505, 41, 0, 61.92%, 8, 0, 7, 409.66, 767077, 252, 51, 0
1771, 30, 145, 505, 41, 0, 61.92%, 8, 0, 7, 428.96, 769317, 252, 51, 0
1776, 30, 197, 505, 41, 0, 61.92%, 8, 0, 7, 448.82, 771648, 252, 52, 0
1781, 30, 279, 505, 41, 0, 61.92%, 8, 0, 7, 452.96, 773920, 252, 52, 0
1787, 30, 366, 505, 41, 0, 61.92%, 8, 0, 7, 438.42, 776076, 252, 52, 0
1792, 30, 407, 505, 41, 0, 61.92%, 8, 0, 7, 447.55, 778345, 252, 52, 0
1797, 30, 437, 505, 39, 0, 61.92%, 8, 0, 7, 440.63, 780513, 252, 52, 0
1802, 30, 452, 506, 39, 0, 61.92%, 8, 0, 7, 437.61, 782768, 252, 52, 0
1806, 30, 477, 506, 36, 0, 61.92%, 8, 0, 7, 411.72, 784741, 252, 52, 0
