# relative_time, cycles_done, cur_item, corpus_count, pending_total, pending_favs, map_size, saved_crashes, saved_hangs, max_depth, execs_per_sec, total_execs, edges_found, total_crashes, servers_count
60, 0, 8, 60, 54, 20, 32.19%, 0, 0, 2, 411.62, 26601, 131, 0, 0
66, 0, 8, 60, 54, 20, 32.19%, 0, 0, 2, 408.72, 28689, 131, 0, 0
71, 0, 8, 60, 54, 20, 32.19%, 0, 0, 2, 424.35, 30897, 131, 0, 0
76, 0, 8, 60, 54, 20, 32.19%, 0, 0, 2, 410.73, 32961, 131, 0, 0
81, 0, 8, 60, 54, 20, 32.19%, 0, 0, 2, 388.36, 34893, 131, 0, 0
86, 0, 8, 60, 54, 20, 32.19%, 0, 0, 2, 388.57, 36902, 131, 0, 0
91, 0, 8, 60, 54, 20, 32.19%, 0, 0, 2, 397.06, 38925, 131, 0, 0
96, 0, 8, 60, 54, 20, 32.19%, 0, 0, 2, 404.40, 40921, 131, 0, 0
101, 0, 8, 60, 54, 20, 32.19%, 0, 0, 2, 394.63, 42908, 131, 0, 0
106, 0, 8, 60, 54, 20, 32.19%, 0, 0, 2, 370.66, 44798, 131, 0, 0
111, 0, 8, 60, 54, 20, 32.19%, 0, 0, 2, 377.37, 46717, 131, 0, 0
117, 0, 8, 60, 54, 20, 32.19%, 0, 0, 2, 380.71, 48677, 131, 0, 0
122, 0, 8, 60, 54, 20, 32.19%, 0, 0, 2, 389.18, 50679, 131, 0, 0
127, 0, 8, 60, 54, 20, 32.19%, 0, 0, 2, 379.40, 52555, 131, 0, 0
132, 0, 8, 61, 55, 20, 32.19%, 0, 0, 2, 399.05, 54620, 131, 0, 0
137, 0, 8, 61, 55, 20, 32.19%, 0, 0, 2, 412.04, 56657, 131, 0, 0
142, 0, 8, 61, 55, 20, 32.19%, 0, 0, 2, 395.51, 58745, 131, 0, 0
147, 0, 8, 61, 55, 20, 32.19%, 0, 0, 2, 421.98, 60905, 131, 0, 0
152, 0, 11, 61, 53, 21, 32.19%, 0, 0, 2, 401.57, 62929, 131, 0, 0
157, 0, 18, 66, 51, 14, 40.05%, 0, 0, 3, 421.30, 65116, 163, 0, 0
162, 0, 20, 73, 56, 17, 40.54%, 0, 0, 3, 437.47, 67345, 165, 0, 0
167, 0, 20, 91, 74, 17, 41.03%, 0, 0, 3, 451.26, 69577, 167, 0, 0
172, 0, 20, 94, 77, 17, 41.03%, 0, 0, 3, 448.00, 71886, 167, 0, 0
177, 0, 20, 98, 81, 17, 41.28%, 0, 0, 3, 453.93, 74156, 168, 0, 0
183, 0, 20, 102, 85, 17, 41.52%, 0, 0, 3, 458.09, 76578, 169, 0, 0
188, 0, 20, 102, 85, 17, 41.52%, 0, 0, 3, 435.30, 78734, 169, 0, 0
193, 0, 20, 106, 89, 17, 41.52%, 0, 0, 3, 449.79, 81053, 169, 0, 0
198, 0, 20, 106, 89, 17, 41.52%, 0, 0, 3, 428.61, 83122, 169, 0, 0
203, 0, 20, 109, 92, 17, 42.01%, 0, 0, 3, 440.48, 85359, 171, 0, 0
208, 0, 20, 111, 94, 17, 42.26%, 0, 0, 3, 460.28, 87631, 172, 0, 0
213, 0, 20, 113, 96, 17, 42.26%, 0, 0, 3, 473.74, 89985, 172, 0, 0
218, 0, 20, 114, 97, 17, 42.26%, 0, 0, 3, 431.68, 92162, 172, 0, 0
223, 0, 20, 114, 97, 17, 42.26%, 0, 0, 3, 442.26, 94410, 172, 0, 0
228, 0, 20, 116, 99, 17, 42.26%, 0, 0, 3, 423.02, 96536, 172, 0, 0
233, 0, 20, 118, 101, 17, 42.26%, 0, 0, 3, 433.03, 98718, 172, 0, 0
238, 0, 20, 118, 101, 17, 42.26%, 0, 0, 3, 445.39, 101054, 172, 0, 0
243, 0, 20, 118, 101, 17, 42.26%, 0, 0, 3, 440.50, 103295, 172, 0, 0
249, 0, 20, 119, 102, 17, 42.26%, 0, 0, 3, 428.65, 105494, 172, 0, 0
254, 0, 33, 126, 107, 18, 42.26%, 0, 0, 3, 436.49, 107789, 172, 0, 0
259, 0, 64, 126, 100, 13, 42.26%, 0, 0, 3, 408.00, 109779, 172, 0, 0
264, 0, 65, 128, 101, 12, 42.26%, 0, 0, 4, 407.22, 111779, 172, 0, 0
269, 0, 65, 134, 107, 12, 42.26%, 0, 0, 4, 424.22, 113888, 172, 0, 0
274, 0, 65, 136, 109, 12, 42.26%, 0, 0, 4, 446.31, 116182, 172, 0, 0
279, 0, 65, 137, 110, 12, 42.51%, 0, 0, 4, 457.82, 118472, 173, 0, 0
284, 0, 65, 137, 110, 12, 42.51%, 0, 0, 4, 450.52, 120776, 173, 0, 0
289, 0, 65, 137, 110, 12, 42.51%, 0, 0, 4, 452.61, 123125, 173, 0, 0
294, 0, 65, 137, 110, 12, 42.51%, 0, 0, 4, 427.32, 125277, 173, 0, 0
299, 0, 65, 138, 111, 12, 42.51%, 0, 0, 4, 446.96, 127540, 173, 0, 0
304, 0, 65, 138, 111, 12, 42.51%, 0, 0, 4, 447.14, 129796, 173, 0, 0
309, 0, 65, 138, 111, 12, 42.51%, 0, 0, 4, 432.92, 131996, 173, 0, 0
314, 0, 65, 138, 111, 12, 42.51%, 0, 0, 4, 459.05, 134373, 173, 0, 0
320, 0, 65, 138, 111, 12, 42.51%, 0, 0, 4, 446.25, 136588, 173, 0, 0
325, 0, 65, 139, 112, 12, 42.51%, 0, 0, 4, 428.13, 138715, 173, 0, 0
330, 0, 65, 139, 112, 12, 42.51%, 0, 0, 4, 429.58, 140843, 173, 0, 0
335, 0, 65, 139, 112, 12, 42.51%, 0, 0, 4, 443.09, 143075, 173, 0, 0
340, 0, 65, 139, 112, 12, 42.51%, 0, 0, 4, 465.36, 145495, 173, 0, 0
345, 0, 65, 139, 112, 12, 42.51%, 0, 0, 4, 465.03, 147871, 173, 0, 0
350, 0, 65, 139, 112, 12, 42.51%, 0, 0, 4, 454.10, 150193, 173, 0, 0
355, 0, 90, 143, 113, 11, 42.51%, 0, 0, 4, 441.82, 152428, 173, 0, 0
360, 0, 90, 145, 115, 11, 42.51%, 0, 0, 4, 443.44, 154627, 173, 0, 0
365, 0, 90, 147, 117, 11, 42.51%, 0, 0, 4, 439.90, 156929, 173, 0, 0
371, 0, 90, 147, 117, 11, 42.51%, 0, 0, 4, 470.07, 159380, 173, 0, 0
376, 0, 97, 147, 115, 9, 42.51%, 0, 0, 4, 480.96, 161794, 173, 0, 0
381, 0, 97, 153, 121, 9, 42.51%, 0, 0, 4, 445.48, 163986, 173, 0, 0
386, 0, 97, 156, 124, 9, 42.51%, 0, 0, 4, 446.61, 166255, 173, 0, 0
391, 0, 97, 156, 124, 9, 42.51%, 0, 0, 4, 452.92, 168542, 173, 0, 0
396, 0, 97, 156, 124, 9, 42.51%, 0, 0, 4, 426.69, 170727, 173, 0, 0
401, 0, 97, 156, 124, 9, 42.51%, 0, 0, 4, 457.17, 173087, 173, 0, 0
406, 0, 97, 157, 125, 9, 42.51%, 0, 0, 4, 465.70, 175470, 173, 0, 0
411, 0, 97, 157, 125, 9, 42.51%, 0, 0, 4, 477.95, 177846, 173, 0, 0
416, 0, 97, 157, 125, 9, 42.51%, 0, 0, 4, 441.20, 180095, 173, 0, 0
421, 0, 97, 158, 126, 9, 43.49%, 0, 0, 4, 442.87, 182382, 177, 0, 0
426, 0, 97, 159, 127, 9, 43.49%, 0, 0, 4, 454.91, 184665, 177, 0, 0
431, 0, 97, 160, 128, 9, 43.49%, 0, 0, 4, 454.14, 187048, 177, 0, 0
436, 0, 97, 160, 128, 9, 43.49%, 0, 0, 4, 433.03, 189180, 177, 0, 0
442, 0, 97, 160, 128, 9, 43.49%, 0, 0, 4, 466.27, 191566, 177, 0, 0
447, 0, 97, 160, 128, 9, 43.49%, 0, 0, 4, 449.05, 193756, 177, 0, 0
452, 0, 97, 161, 129, 9, 43.49%, 0, 0, 4, 425.89, 196019, 177, 0, 0
457, 0, 97, 161, 129, 9, 43.49%, 0, 0, 4, 391.91, 197945, 177, 0, 0
462, 0, 97, 161, 129, 9, 43.49%, 0, 0, 4, 439.37, 200187, 177, 0, 0
467, 0, 97, 162, 130, 9, 43.49%, 0, 0, 4, 453.16, 202498, 177, 0, 0
472, 0, 97, 162, 130, 9, 43.49%, 0, 0, 4, 466.49, 204810, 177, 0, 0
477, 0, 97, 162, 130, 9, 43.49%, 0, 0, 4, 445.72, 207026, 177, 0, 0
482, 0, 97, 163, 131, 9, 43.49%, 0, 0, 4, 449.96, 209345, 177, 0, 0
487, 0, 97, 163, 131, 9, 43.49%, 0, 0, 4, 452.41, 211630, 177, 0, 0
492, 0, 102, 163, 130, 9, 43.49%, 0, 0, 4, 471.71, 213979, 177, 0, 0
497, 0, 117, 168, 133, 7, 43.49%, 0, 0, 4, 449.40, 216225, 177, 0, 0
502, 0, 117, 172, 137, 7, 43.49%, 0, 0, 4, 445.55, 218477, 177, 0, 0
508, 0, 117, 173, 138, 7, 43.49%, 0, 0, 4, 480.26, 221045, 177, 0, 0
513, 0, 117, 173, 138, 7, 43.49%, 0, 0, 4, 452.35, 223295, 177, 0, 0
518, 0, 125, 173, 137, 6, 43.49%, 0, 0, 4, 454.30, 225569, 177, 0, 0
523, 0, 132, 190, 153, 5, 43.73%, 0, 0, 5, 448.38, 227868, 178, 0, 0
528, 0, 132, 190, 153, 5, 43.73%, 0, 0, 5, 462.73, 230181, 178, 0, 0
533, 0, 132, 190, 153, 5, 43.73%, 0, 0, 5, 428.86, 232347, 178, 0, 0
538, 0, 136, 191, 153, 6, 43.73%, 0, 0, 5, 453.61, 234701, 178, 0, 0
543, 0, 136, 193, 155, 6, 43.73%, 0, 0, 5, 465.32, 237029, 178, 0, 0
548, 0, 157, 198, 158, 5, 44.47%, 0, 0, 5, 423.44, 239162, 181, 0, 0
553, 0, 157, 202, 162, 5, 44.47%, 0, 0, 5, 445.12, 241454, 181, 0, 0
558, 0, 157, 203, 163, 5, 44.47%, 0, 0, 5, 461.38, 243838, 181, 0, 0
563, 0, 157, 203, 163, 5, 44.47%, 0, 0, 5, 462.23, 246124, 181, 0, 0
568, 0, 157, 203, 163, 5, 44.47%, 0, 0, 5, 444.59, 248357, 181, 0, 0
573, 0, 157, 204, 164, 5, 44.47%, 0, 0, 5, 462.32, 250721, 181, 0, 0
579, 0, 157, 208, 168, 5, 44.47%, 0, 0, 5, 451.79, 252990, 181, 0, 0
584, 0, 157, 209, 169, 5, 44.47%, 0, 0, 5, 434.73, 255239, 181, 0, 0
589, 0, 157, 209, 169, 5, 44.47%, 0, 0, 5, 447.71, 257551, 181, 0, 0
594, 0, 157, 209, 169, 5, 44.47%, 0, 0, 5, 442.00, 259799, 181, 0, 0
599, 0, 157, 210, 170, 5, 44.47%, 0, 0, 5, 428.69, 261950, 181, 0, 0
604, 0, 157, 210, 170, 5, 44.47%, 0, 0, 5, 437.00, 264158, 181, 0, 0
609, 0, 157, 210, 170, 5, 44.47%, 0, 0, 5, 450.63, 266438, 181, 0, 0
614, 0, 157, 211, 171, 5, 44.47%, 0, 0, 5, 440.57, 268653, 181, 0, 0
619, 0, 157, 211, 171, 5, 44.47%, 0, 0, 5, 451.30, 270917, 181, 0, 0
624, 0, 157, 211, 171, 5, 44.47%, 0, 0, 5, 425.46, 273061, 181, 0, 0
629, 0, 157, 211, 171, 5, 44.47%, 0, 0, 5, 444.04, 275285, 181, 0, 0
634, 0, 157, 212, 172, 5, 44.47%, 0, 0, 5, 437.23, 277652, 181, 0, 0
640, 0, 157, 213, 173, 5, 44.47%, 0, 0, 5, 457.94, 280025, 181, 0, 0
645, 0, 157, 214, 174, 5, 44.47%, 0, 0, 5, 431.44, 282170, 181, 0, 0
650, 0, 157, 214, 174, 5, 44.47%, 0, 0, 5, 426.40, 284354, 181, 0, 0
655, 0, 157, 215, 175, 5, 44.47%, 0, 0, 5, 440.85, 286673, 181, 0, 0
660, 0, 157, 215, 175, 5, 44.47%, 0, 0, 5, 440.78, 288865, 181, 0, 0
665, 0, 165, 244, 202, 6, 46.93%, 0, 0, 5, 428.13, 291051, 191, 0, 0
670, 0, 173, 358, 315, 33, 56.76%, 0, 0, 5, 409.29, 293124, 231, 0, 0
675, 0, 207, 358, 309, 28, 56.76%, 0, 0, 5, 441.31, 295378, 231, 0, 0
680, 0, 281, 358, 302, 21, 56.76%, 0, 0, 5, 454.14, 297718, 231, 0, 0
685, 0, 294, 358, 299, 18, 56.76%, 0, 0, 5, 425.60, 299929, 231, 0, 0
690, 0, 300, 358, 297, 16, 56.76%, 0, 0, 5, 426.31, 302086, 231, 0, 0
695, 0, 321, 358, 293, 12, 56.76%, 1, 0, 5, 433.47, 304250, 231, 1, 0
700, 0, 324, 358, 292, 11, 56.76%, 1, 0, 5, 434.35, 306463, 231, 1, 0
705, 0, 330, 358, 289, 8, 56.76%, 1, 0, 5, 458.07, 308795, 231, 1, 0
710, 0, 335, 372, 299, 5, 56.76%, 1, 0, 5, 432.46, 310959, 231, 1, 0
716, 0, 373, 380, 302, 1, 57.00%, 1, 0, 5, 461.35, 313329, 232, 1, 0
721, 1, 12, 381, 299, 0, 57.00%, 1, 0, 5, 511.25, 315964, 232, 1, 0
726, 1, 97, 381, 284, 0, 57.00%, 1, 0, 5, 476.83, 318289, 232, 1, 0
731, 1, 138, 381, 274, 0, 57.00%, 1, 0, 5, 476.22, 320703, 232, 1, 0
736, 1, 175, 381, 262, 0, 57.00%, 1, 0, 5, 447.87, 322990, 232, 1, 0
741, 1, 200, 381, 254, 0, 57.00%, 1, 0, 5, 448.20, 325216, 232, 1, 0
746, 1, 231, 381, 245, 0, 57.00%, 1, 0, 5, 440.05, 327459, 232, 1, 0
751, 1, 294, 382, 235, 0, 57.00%, 1, 0, 5, 457.66, 329783, 232, 1, 0
756, 1, 383, 386, 236, 1, 57.74%, 1, 0, 5, 439.40, 331992, 235, 1, 0
761, 3, 18, 391, 231, 0, 57.74%, 1, 0, 5, 463.58, 334366, 235, 1, 0
766, 3, 103, 391, 219, 0, 57.74%, 1, 0, 5, 449.99, 336588, 235, 1, 0
771, 3, 220, 392, 209, 1, 57.99%, 5, 0, 5, 482.53, 339032, 236, 18, 0
776, 4, 393, 398, 207, 2, 58.23%, 6, 0, 5, 448.85, 341282, 237, 58, 0
781, 4, 398, 400, 207, 2, 58.72%, 6, 0, 5, 451.48, 343520, 239, 58, 0
786, 5, 48, 401, 203, 0, 58.72%, 6, 0, 5, 426.73, 345668, 239, 58, 0
792, 5, 144, 401, 196, 0, 58.72%, 6, 0, 5, 445.95, 347983, 239, 58, 0
797, 5, 183, 401, 190, 0, 58.72%, 6, 0, 5, 431.81, 350167, 239, 64, 0
802, 5, 207, 401, 185, 0, 58.72%, 6, 0, 5, 443.65, 352393, 239, 64, 0
807, 5, 257, 401, 175, 0, 58.72%, 6, 0, 5, 434.43, 354597, 239, 65, 0
812, 5, 261, 406, 178, 0, 58.72%, 6, 0, 5, 447.39, 356879, 239, 65, 0
817, 5, 261, 407, 179, 0, 58.72%, 6, 0, 5, 447.10, 359150, 239, 65, 0
822, 5, 261, 407, 179, 0, 58.72%, 6, 0, 5, 466.78, 361571, 239, 65, 0
827, 5, 261, 407, 179, 0, 58.72%, 6, 0, 5, 460.35, 363938, 239, 65, 0
832, 5, 282, 407, 173, 0, 58.72%, 6, 0, 5, 461.57, 366256, 239, 65, 0
837, 5, 320, 408, 167, 0, 58.72%, 6, 0, 5, 453.60, 368548, 239, 65, 0
842, 5, 383, 409, 162, 0, 58.72%, 6, 0, 5, 456.37, 370902, 239, 65, 0
847, 5, 400, 410, 162, 0, 58.72%, 12, 0, 5, 436.85, 373040, 239, 111, 0
852, 5, 407, 410, 159, 0, 58.72%, 12, 0, 5, 410.16, 375160, 239, 122, 0
858, 5, 410, 411, 158, 0, 58.72%, 12, 0, 5, 441.65, 377391, 239, 122, 0
863, 6, 414, 417, 160, 0, 58.97%, 12, 0, 5, 448.22, 379652, 240, 122, 0
868, 7, 87, 418, 152, 0, 58.97%, 12, 0, 5, 461.89, 382017, 240, 122, 0
873, 7, 164, 418, 144, 0, 58.97%, 12, 0, 5, 411.98, 384143, 240, 129, 0
878, 7, 202, 418, 140, 0, 58.97%, 12, 0, 5, 427.13, 386325, 240, 130, 0
883, 7, 273, 419, 134, 0, 58.97%, 12, 0, 5, 460.20, 388693, 240, 130, 0
888, 7, 316, 419, 127, 0, 58.97%, 12, 0, 5, 444.48, 390824, 240, 130, 0
893, 7, 377, 419, 120, 0, 58.97%, 12, 0, 5, 453.74, 393034, 240, 130, 0
898, 7, 401, 419, 118, 0, 58.97%, 12, 0, 5, 454.34, 395346, 240, 144, 0
903, 8, 66, 422, 116, 0, 58.97%, 12, 0, 5, 433.12, 397520, 240, 144, 0
908, 8, 167, 422, 109, 0, 58.97%, 12, 0, 5, 426.85, 399757, 240, 148, 0
913, 8, 234, 422, 108, 0, 58.97%, 12, 0, 5, 442.56, 402005, 240, 148, 0
918, 8, 294, 422, 102, 0, 58.97%, 12, 0, 5, 459.83, 404327, 240, 148, 0
923, 8, 327, 423, 99, 0, 58.97%, 12, 0, 5, 442.88, 406508, 240, 148, 0
929, 8, 391, 423, 91, 0, 58.97%, 12, 0, 5, 442.27, 408749, 240, 155, 0
934, 8, 409, 423, 89, 0, 58.97%, 13, 0, 5, 458.95, 411065, 240, 206, 0
939, 8, 422, 424, 87, 0, 58.97%, 13, 0, 5, 455.05, 413297, 240, 221, 0
944, 9, 432, 433, 93, 1, 58.97%, 13, 0, 5, 459.69, 415684, 240, 221, 0
949, 10, 90, 433, 87, 0, 58.97%, 13, 0, 5, 446.66, 417900, 240, 221, 0
954, 10, 149, 433, 85, 0, 58.97%, 13, 0, 5, 454.35, 420198, 240, 221, 0
959, 10, 207, 433, 83, 0, 58.97%, 13, 0, 5, 464.17, 422515, 240, 226, 0
964, 10, 271, 433, 80, 0, 58.97%, 13, 0, 5, 455.29, 424795, 240, 226, 0
969, 10, 318, 433, 76, 0, 58.97%, 13, 0, 5, 448.77, 427074, 240, 226, 0
974, 10, 398, 433, 73, 0, 58.97%, 13, 0, 5, 452.53, 429385, 240, 228, 0
979, 11, 61, 433, 73, 0, 58.97%, 13, 0, 5, 451.56, 431636, 240, 228, 0
984, 11, 170, 433, 69, 0, 58.97%, 13, 0, 5, 453.33, 433932, 240, 235, 0
989, 11, 235, 433, 69, 0, 58.97%, 13, 0, 5, 490.11, 436377, 240, 235, 0
994, 11, 306, 433, 68, 0, 58.97%, 13, 0, 5, 453.64, 438649, 240, 235, 0
999, 11, 383, 434, 64, 0, 58.97%, 13, 0, 5, 459.27, 440956, 240, 235, 0
1004, 11, 430, 434, 61, 0, 58.97%, 13, 0, 5, 461.23, 443279, 240, 261, 0
1010, 12, 90, 436, 61, 0, 58.97%, 13, 0, 5, 455.30, 445533, 240, 261, 0
1015, 12, 187, 436, 59, 0, 58.97%, 13, 0, 5, 459.06, 447832, 240, 267, 0
1020, 12, 244, 436, 57, 0, 58.97%, 13, 0, 5, 467.18, 450192, 240, 267, 0
1025, 12, 309, 436, 57, 0, 58.97%, 13, 0, 5, 454.43, 452519, 240, 267, 0
1030, 12, 397, 436, 54, 0, 58.97%, 13, 0, 5, 476.69, 454919, 240, 271, 0
1035, 12, 423, 436, 52, 0, 58.97%, 13, 0, 5, 443.62, 457143, 240, 271, 0
1040, 13, 436, 437, 50, 1, 59.21%, 13, 0, 5, 442.84, 459262, 241, 271, 0
1045, 14, 100, 437, 48, 0, 59.21%, 13, 0, 5, 451.75, 461559, 241, 271, 0
1050, 14, 173, 437, 47, 0, 59.21%, 13, 0, 5, 447.64, 463825, 241, 274, 0
1055, 14, 244, 437, 46, 0, 59.21%, 13, 0, 5, 434.99, 466004, 241, 274, 0
1060, 14, 335, 437, 45, 0, 59.21%, 13, 0, 5, 454.53, 468280, 241, 274, 0
1066, 14, 429, 437, 43, 0, 59.21%, 13, 0, 5, 492.34, 470887, 241, 298, 0
1071, 15, 90, 438, 43, 0, 59.21%, 13, 0, 5, 460.89, 473115, 241, 298, 0
1076, 15, 173, 438, 40, 0, 59.21%, 14, 0, 5, 445.09, 475349, 241, 305, 0
1081, 15, 250, 438, 40, 0, 59.21%, 14, 0, 5, 463.77, 477732, 241, 309, 0
1086, 15, 412, 439, 39, 1, 59.21%, 14, 0, 5, 456.96, 480030, 241, 309, 0
1091, 16, 117, 439, 37, 0, 59.21%, 14, 0, 5, 449.53, 482299, 241, 309, 0
1096, 16, 207, 439, 37, 0, 59.21%, 14, 0, 5, 450.71, 484624, 241, 313, 0
1101, 16, 306, 439, 37, 0, 59.21%, 14, 0, 5, 451.91, 486941, 241, 313, 0
1106, 16, 396, 439, 37, 0, 59.21%, 14, 0, 5, 446.14, 489292, 241, 321, 0
1111, 16, 411, 441, 38, 0, 59.21%, 14, 0, 5, 445.75, 491531, 241, 321, 0
1116, 16, 436, 441, 35, 0, 59.21%, 14, 0, 5, 455.00, 493896, 241, 324, 0
1121, 16, 441, 444, 37, 0, 59.21%, 14, 0, 5, 440.55, 496087, 241, 324, 0
1126, 17, 125, 445, 36, 0, 59.21%, 14, 0, 5, 482.68, 498485, 241, 325, 0
1132, 17, 206, 445, 35, 0, 59.21%, 14, 0, 5, 485.47, 500980, 241, 329, 0
1137, 17, 273, 445, 34, 0, 59.21%, 14, 0, 5, 472.63, 503411, 241, 329, 0
1142, 17, 335, 445, 33, 0, 59.21%, 14, 0, 5, 480.99, 505779, 241, 329, 0
1147, 17, 398, 445, 28, 0, 59.21%, 14, 0, 5, 457.18, 508044, 241, 336, 0
1152, 17, 441, 446, 28, 0, 61.43%, 14, 0, 5, 417.42, 510230, 250, 336, 0
1157, 17, 441, 448, 30, 0, 61.43%, 14, 0, 5, 379.06, 512129, 250, 336, 0
1162, 17, 445, 463, 44, 1, 61.43%, 14, 0, 5, 446.57, 514359, 250, 336, 0
1167, 17, 445, 464, 45, 1, 61.43%, 14, 0, 5, 463.91, 516760, 250, 336, 0
1172, 17, 445, 464, 45, 1, 61.43%, 14, 0, 5, 471.46, 519145, 250, 336, 0
1177, 17, 445, 464, 45, 1, 61.43%, 14, 0, 5, 455.73, 521458, 250, 336, 0
1182, 17, 445, 466, 47, 1, 61.43%, 14, 0, 5, 456.99, 523776, 250, 336, 0
1187, 17, 445, 467, 48, 1, 61.43%, 14, 0, 5, 464.13, 526150, 250, 336, 0
1192, 17, 445, 467, 48, 1, 61.43%, 14, 0, 5, 414.16, 528187, 250, 336, 0
1198, 17, 445, 468, 49, 1, 61.43%, 14, 0, 5, 448.41, 530522, 250, 336, 0
1203, 17, 445, 470, 51, 1, 61.43%, 14, 0, 5, 445.97, 532776, 250, 336, 0
1208, 17, 445, 470, 51, 1, 61.43%, 14, 0, 5, 459.24, 535117, 250, 336, 0
1213, 17, 445, 471, 52, 1, 61.67%, 14, 0, 5, 449.99, 537375, 251, 336, 0
1218, 17, 445, 471, 52, 1, 61.67%, 14, 0, 5, 466.88, 539714, 251, 336, 0
1223, 17, 445, 471, 52, 1, 61.67%, 14, 0, 5, 451.10, 541973, 251, 336, 0
1228, 17, 445, 471, 52, 1, 61.67%, 14, 0, 5, 449.61, 544223, 251, 336, 0
1233, 17, 445, 471, 52, 1, 61.67%, 14, 0, 5, 467.82, 546554, 251, 336, 0
1238, 17, 445, 471, 52, 1, 61.67%, 14, 0, 5, 466.77, 548876, 251, 336, 0
1243, 17, 445, 471, 52, 1, 61.67%, 14, 0, 5, 446.07, 551117, 251, 336, 0
1248, 17, 445, 471, 52, 1, 61.67%, 14, 0, 5, 450.54, 553421, 251, 336, 0
1253, 17, 445, 472, 53, 1, 61.67%, 14, 0, 5, 428.20, 555654, 251, 336, 0
1258, 17, 445, 473, 54, 1, 61.67%, 14, 0, 5, 449.58, 557965, 251, 336, 0
1263, 17, 445, 473, 54, 1, 61.67%, 14, 0, 5, 440.90, 560197, 251, 336, 0
1268, 17, 445, 473, 54, 1, 61.67%, 14, 0, 5, 435.00, 562413, 251, 336, 0
1274, 17, 445, 473, 54, 1, 61.67%, 14, 0, 5, 434.38, 564605, 251, 336, 0
1279, 17, 470, 473, 52, 1, 61.67%, 14, 0, 5, 445.51, 566871, 251, 336, 0
1284, 18, 165, 481, 59, 1, 61.67%, 14, 0, 5, 446.27, 569133, 251, 338, 0
1289, 18, 474, 483, 61, 1, 61.92%, 15, 0, 5, 454.73, 571488, 252, 341, 0
1294, 19, 66, 483, 58, 0, 61.92%, 16, 0, 5, 444.25, 573747, 252, 343, 0
1299, 19, 190, 483, 58, 0, 61.92%, 16, 0, 5, 456.10, 576158, 252, 345, 0
1304, 19, 281, 483, 56, 0, 61.92%, 16, 0, 5, 466.53, 578553, 252, 346, 0
1309, 19, 353, 483, 55, 0, 61.92%, 16, 0, 5, 467.25, 580875, 252, 346, 0
1314, 19, 432, 484, 53, 0, 61.92%, 16, 0, 5, 457.78, 583178, 252, 352, 0
1319, 19, 452, 484, 50, 0, 61.92%, 16, 0, 5, 440.42, 585387, 252, 352, 0
1324, 19, 459, 484, 47, 0, 61.92%, 16, 0, 5, 451.51, 587723, 252, 352, 0
1329, 19, 474, 484, 42, 0, 61.92%, 16, 0, 5, 459.19, 589989, 252, 353, 0
1335, 20, 484, 485, 40, 1, 61.92%, 16, 0, 5, 455.76, 592309, 252, 353, 0
1340, 21, 15, 486, 40, 0, 61.92%, 16, 0, 5, 456.42, 594655, 252, 353, 0
1345, 21, 146, 486, 40, 0, 61.92%, 16, 0, 5, 457.19, 597019, 252, 353, 0
1350, 21, 226, 486, 40, 0, 61.92%, 16, 0, 5, 465.49, 599427, 252, 356, 0
1355, 21, 314, 486, 40, 0, 61.92%, 16, 0, 5, 466.98, 601766, 252, 356, 0
1360, 21, 385, 486, 39, 0, 61.92%, 16, 0, 5, 419.55, 603811, 252, 356, 0
1365, 21, 455, 486, 38, 0, 61.92%, 16, 0, 5, 404.69, 605870, 252, 373, 0
1370, 21, 473, 486, 37, 0, 61.92%, 16, 0, 5, 461.08, 608287, 252, 373, 0
1376, 22, 15, 488, 37, 0, 62.16%, 16, 0, 5, 435.13, 610488, 253, 373, 0
1381, 22, 132, 488, 37, 0, 62.16%, 16, 0, 5, 458.04, 612788, 253, 373, 0
1386, 22, 207, 488, 37, 0, 62.16%, 16, 0, 5, 451.98, 615077, 253, 377, 0
1391, 22, 294, 488, 35, 0, 62.16%, 16, 0, 5, 457.38, 617352, 253, 377, 0
1396, 22, 377, 488, 33, 0, 62.16%, 16, 0, 5, 447.73, 619621, 253, 377, 0
1401, 22, 438, 488, 32, 0, 62.16%, 16, 0, 5, 438.05, 621775, 253, 393, 0
1406, 22, 470, 488, 31, 0, 62.16%, 16, 0, 5, 460.98, 624086, 253, 393, 0
1411, 22, 484, 488, 29, 0, 62.16%, 16, 0, 5, 425.96, 626261, 253, 393, 0
1416, 23, 18, 488, 28, 0, 62.16%, 16, 0, 5, 421.24, 628411, 253, 393, 0
1421, 23, 125, 488, 28, 0, 62.16%, 16, 0, 5, 430.57, 630502, 253, 394, 0
1426, 23, 190, 488, 27, 0, 62.16%, 16, 0, 5, 432.13, 632694, 253, 399, 0
1431, 23, 281, 488, 27, 0, 62.16%, 16, 0, 5, 446.07, 634979, 253, 399, 0
1436, 23, 337, 489, 28, 0, 62.16%, 16, 0, 5, 435.53, 637129, 253, 399, 0
1441, 23, 432, 489, 28, 0, 62.16%, 16, 0, 5, 451.94, 639450, 253, 411, 0
1446, 23, 461, 489, 26, 0, 62.16%, 16, 0, 5, 418.22, 641566, 253, 411, 0
1452, 23, 474, 489, 22, 0, 62.16%, 16, 0, 5, 455.61, 643923, 253, 411, 0
1457, 23, 484, 489, 21, 0, 62.16%, 16, 0, 5, 427.93, 646130, 253, 412, 0
1462, 24, 489, 490, 20, 1, 62.90%, 16, 0, 5, 429.92, 648266, 256, 412, 0
1467, 25, 117, 490, 17, 0, 62.90%, 16, 0, 5, 424.87, 650410, 256, 413, 0
1472, 25, 206, 490, 17, 0, 62.90%, 16, 0, 5, 447.97, 652746, 256, 416, 0
1477, 25, 292, 490, 17, 0, 62.90%, 16, 0, 5, 434.77, 654979, 256, 416, 0
1482, 25, 382, 490, 17, 0, 62.90%, 16, 0, 5, 465.30, 657319, 256, 416, 0
1487, 25, 446, 490, 17, 0, 62.90%, 16, 0, 5, 443.91, 659600, 256, 425, 0
1492, 25, 470, 490, 13, 0, 62.90%, 16, 0, 5, 419.30, 661689, 256, 425, 0
1497, 25, 489, 490, 12, 0, 62.90%, 16, 0, 5, 445.71, 663947, 256, 425, 0
1502, 26, 117, 490, 12, 0, 62.90%, 16, 0, 5, 437.97, 666186, 256, 425, 0
1507, 26, 189, 490, 12, 0, 62.90%, 16, 0, 5, 433.91, 668412, 256, 433, 0
1512, 26, 265, 490, 12, 0, 62.90%, 16, 0, 5, 422.77, 670574, 256, 433, 0
1518, 26, 371, 490, 11, 0, 62.90%, 16, 0, 5, 415.61, 672641, 256, 433, 0
1523, 26, 455, 490, 10, 0, 62.90%, 16, 0, 5, 443.80, 674912, 256, 455, 0
1528, 26, 489, 490, 9, 0, 62.90%, 16, 0, 5, 444.63, 677246, 256, 455, 0
1533, 27, 125, 490, 9, 0, 62.90%, 16, 0, 5, 466.11, 679542, 256, 455, 0
1538, 27, 190, 490, 9, 0, 62.90%, 16, 0, 5, 438.64, 681739, 256, 456, 0
1543, 27, 299, 490, 9, 0, 62.90%, 16, 0, 5, 436.37, 683983, 256, 456, 0
1548, 27, 398, 490, 9, 0, 62.90%, 16, 0, 5, 460.94, 686363, 256, 476, 0
1553, 27, 474, 490, 8, 0, 62.90%, 16, 0, 5, 432.20, 688496, 256, 476, 0
1558, 28, 490, 491, 9, 1, 62.90%, 16, 0, 5, 425.48, 690701, 256, 476, 0
1563, 29, 35, 491, 8, 0, 62.90%, 16, 0, 5, 428.87, 692892, 256, 476, 0
1568, 29, 173, 491, 8, 0, 62.90%, 16, 0, 5, 433.55, 695116, 256, 482, 0
1573, 29, 268, 491, 8, 0, 62.90%, 16, 0, 5, 424.00, 697275, 256, 482, 0
1578, 29, 353, 491, 7, 0, 62.90%, 16, 0, 5, 447.70, 699583, 256, 482, 0
1583, 29, 455, 491, 7, 0, 62.90%, 16, 0, 5, 448.32, 701864, 256, 497, 0
1589, 29, 490, 491, 7, 0, 62.90%, 16, 0, 5, 430.15, 704063, 256, 497, 0
1594, 31, 18, 495, 10, 0, 63.39%, 16, 0, 5, 449.15, 706298, 258, 497, 0
1599, 31, 130, 495, 10, 0, 63.39%, 16, 0, 5, 438.40, 708526, 258, 498, 0
1604, 31, 187, 495, 10, 0, 63.39%, 16, 0, 5, 435.14, 710716, 258, 506, 0
1609, 31, 273, 495, 10, 0, 63.39%, 16, 0, 5, 424.07, 712874, 258, 506, 0
1614, 31, 356, 495, 10, 0, 63.39%, 16, 0, 5, 448.54, 715207, 258, 506, 0
1619, 31, 420, 495, 10, 0, 63.39%, 16, 0, 5, 428.44, 717364, 258, 518, 0
1624, 31, 480, 495, 10, 0, 63.39%, 16, 0, 5, 438.00, 719591, 258, 518, 0
1629, 31, 493, 495, 9, 0, 63.39%, 16, 0, 5, 447.00, 721866, 258, 518, 0
1634, 32, 97, 495, 8, 0, 63.39%, 16, 0, 5, 454.07, 724181, 258, 518, 0
1639, 32, 173, 495, 8, 0, 63.39%, 16, 0, 5, 435.28, 726368, 258, 523, 0
1644, 32, 259, 495, 8, 0, 63.39%, 16, 0, 5, 466.71, 728747, 258, 524, 0
1649, 32, 353, 495, 8, 0, 63.39%, 16, 0, 5, 456.69, 731056, 258, 524, 0
1654, 32, 444, 495, 8, 0, 63.39%, 16, 0, 5, 450.32, 733372, 258, 536, 0
1659, 32, 490, 495, 7, 0, 63.39%, 16, 0, 5, 433.49, 735615, 258, 536, 0
1664, 34, 16, 497, 8, 0, 63.39%, 16, 0, 5, 478.24, 738076, 258, 536, 0
1669, 34, 126, 497, 8, 0, 63.39%, 16, 0, 5, 483.38, 740495, 258, 536, 0
1675, 34, 207, 497, 8, 0, 63.39%, 16, 0, 5, 447.11, 742776, 258, 539, 0
1680, 34, 294, 497, 8, 0, 63.39%, 16, 0, 5, 445.90, 745119, 258, 539, 0
1685, 34, 398, 497, 8, 0, 63.39%, 16, 0, 5, 457.25, 747438, 258, 545, 0
1690, 34, 460, 497, 7, 0, 63.39%, 16, 0, 5, 456.09, 749723, 258, 545, 0
1695, 34, 491, 497, 7, 0, 63.39%, 16, 0, 5, 460.64, 752078, 258, 546, 0
1700, 35, 18, 498, 8, 0, 63.39%, 16, 0, 5, 465.98, 754362, 258, 546, 0
1705, 35, 150, 498, 8, 0, 63.39%, 16, 0, 5, 456.26, 756678, 258, 546, 0
1710, 35, 207, 498, 8, 0, 63.39%, 16, 0, 5, 433.37, 758875, 258, 551, 0
1715, 35, 300, 498, 8, 0, 63.39%, 16, 0, 5, 466.49, 761242, 258, 552, 0
1720, 35, 398, 498, 7, 0, 63.39%, 16, 0, 5, 455.98, 763505, 258, 571, 0
1725, 35, 454, 498, 6, 0, 63.39%, 16, 0, 5, 424.96, 765626, 258, 572, 0
1730, 35, 490, 499, 7, 0, 63.39%, 16, 0, 5, 462.00, 767974, 258, 572, 0
1735, 35, 496, 499, 7, 0, 63.39%, 16, 0, 5, 466.48, 770345, 258, 572, 0
1740, 36, 98, 499, 7, 0, 63.39%, 16, 0, 5, 443.27, 772539, 258, 574, 0
1746, 36, 200, 499, 7, 0, 63.39%, 16, 0, 5, 425.33, 774799, 258, 580, 0
1751, 36, 293, 499, 7, 0, 63.39%, 16, 0, 5, 425.21, 776959, 258, 580, 0
1756, 36, 374, 499, 7, 0, 63.39%, 16, 0, 5, 411.41, 779118, 258, 580, 0
1761, 36, 470, 499, 7, 0, 63.39%, 16, 0, 5, 428.32, 781334, 258, 587, 0
1766, 37, 7, 499, 7, 0, 63.39%, 16, 0, 5, 457.56, 783758, 258, 587, 0
1771, 37, 128, 499, 7, 0, 63.39%, 16, 0, 5, 434.78, 785994, 258, 587, 0
1776, 37, 207, 499, 7, 0, 63.39%, 16, 0, 5, 437.74, 788252, 258, 593, 0
1781, 37, 303, 499, 7, 0, 63.39%, 16, 0, 5, 468.78, 790687, 258, 593, 0
1786, 37, 398, 499, 6, 0, 63.39%, 16, 0, 5, 459.30, 792952, 258, 613, 0
1792, 37, 490, 499, 5, 0, 63.39%, 16, 0, 5, 446.30, 795171, 258, 613, 0
1797, 37, 496, 500, 5, 0, 63.39%, 16, 0, 5, 450.35, 797442, 258, 614, 0
1802, 38, 18, 500, 4, 0, 63.39%, 16, 0, 5, 451.45, 799712, 258, 614, 0
1806, 38, 174, 500, 4, 0, 63.39%, 16, 0, 5, 457.19, 801935, 258, 621, 0
