# relative_time, cycles_done, cur_item, corpus_count, pending_total, pending_favs, map_size, saved_crashes, saved_hangs, max_depth, execs_per_sec, total_execs, edges_found, total_crashes, servers_count
61, 0, 46, 82, 75, 24, 35.87%, 0, 0, 3, 441.82, 26523, 146, 0, 0
66, 0, 46, 82, 75, 24, 35.87%, 0, 0, 3, 427.78, 28603, 146, 0, 0
71, 0, 46, 83, 76, 24, 35.87%, 0, 0, 3, 445.89, 30842, 146, 0, 0
76, 0, 46, 85, 78, 24, 35.87%, 0, 0, 3, 413.35, 32808, 146, 0, 0
81, 0, 46, 85, 78, 24, 35.87%, 0, 0, 3, 417.28, 34904, 146, 0, 0
86, 0, 46, 86, 79, 24, 36.12%, 0, 0, 3, 434.59, 37167, 147, 0, 0
91, 0, 46, 86, 79, 24, 36.12%, 0, 0, 3, 422.58, 39343, 147, 0, 0
96, 0, 46, 87, 80, 24, 36.12%, 0, 0, 3, 420.04, 41462, 147, 0, 0
101, 0, 46, 87, 80, 24, 36.12%, 0, 0, 3, 426.66, 43655, 147, 0, 0
106, 0, 46, 88, 81, 24, 36.12%, 0, 0, 3, 401.34, 45648, 147, 0, 0
111, 0, 46, 90, 83, 24, 36.12%, 0, 0, 3, 409.52, 47748, 147, 0, 0
117, 0, 46, 90, 83, 24, 36.12%, 0, 0, 3, 437.03, 49996, 147, 0, 0
122, 0, 46, 90, 83, 24, 36.12%, 0, 0, 3, 415.56, 52148, 147, 0, 0
127, 0, 46, 90, 83, 24, 36.12%, 0, 0, 3, 412.09, 54212, 147, 0, 0
132, 0, 46, 91, 84, 24, 36.12%, 0, 0, 3, 414.24, 56291, 147, 0, 0
137, 0, 46, 92, 85, 24, 36.12%, 0, 0, 3, 408.09, 58434, 147, 0, 0
142, 0, 46, 92, 85, 24, 36.12%, 0, 0, 3, 408.13, 60517, 147, 0, 0
147, 0, 46, 93, 86, 24, 36.12%, 0, 0, 3, 455.86, 62806, 147, 0, 0
152, 0, 46, 94, 87, 24, 36.12%, 0, 0, 3, 422.29, 64947, 147, 0, 0
157, 0, 46, 94, 87, 24, 36.12%, 0, 0, 3, 425.43, 67155, 147, 0, 0
162, 0, 46, 95, 88, 24, 36.12%, 0, 0, 3, 450.60, 69458, 147, 0, 0
167, 0, 95, 96, 87, 25, 36.36%, 0, 0, 3, 449.91, 71637, 148, 0, 0
172, 0, 8, 96, 81, 19, 36.36%, 0, 0, 3, 455.09, 74003, 148, 0, 0
177, 0, 8, 102, 87, 19, 36.36%, 0, 0, 3, 383.04, 76001, 148, 0, 0
182, 0, 8, 102, 87, 19, 36.36%, 0, 0, 3, 365.73, 77856, 148, 0, 0
187, 0, 8, 102, 87, 19, 36.36%, 0, 0, 3, 387.43, 79816, 148, 0, 0
192, 0, 19, 103, 87, 19, 36.36%, 0, 0, 3, 412.71, 81934, 148, 0, 0
198, 0, 116, 124, 107, 25, 40.29%, 0, 0, 3, 461.46, 84317, 164, 0, 0
203, 0, 125, 126, 107, 24, 40.29%, 0, 0, 5, 463.96, 86629, 164, 0, 0
208, 0, 115, 139, 119, 23, 40.29%, 0, 0, 5, 447.76, 88919, 164, 0, 0
213, 0, 0, 139, 117, 22, 40.29%, 0, 0, 5, 434.57, 91111, 164, 0, 0
218, 0, 21, 156, 133, 21, 47.91%, 0, 0, 5, 434.06, 93443, 195, 0, 0
223, 0, 81, 156, 130, 24, 47.91%, 0, 0, 5, 467.65, 95762, 195, 0, 0
228, 0, 75, 163, 135, 21, 48.65%, 0, 0, 5, 492.95, 98401, 198, 0, 0
233, 0, 75, 168, 140, 21, 48.65%, 0, 0, 5, 445.34, 100602, 198, 0, 0
239, 0, 75, 169, 141, 21, 48.65%, 0, 0, 5, 486.26, 103205, 198, 0, 0
244, 0, 75, 169, 141, 21, 48.65%, 0, 0, 5, 457.95, 105491, 198, 0, 0
249, 0, 118, 170, 141, 22, 48.89%, 0, 0, 5, 464.96, 107827, 199, 0, 0
254, 0, 150, 179, 149, 21, 48.89%, 0, 0, 5, 469.97, 110220, 199, 0, 0
259, 0, 150, 226, 196, 21, 48.89%, 0, 0, 5, 457.74, 112502, 199, 0, 0
264, 0, 150, 228, 198, 21, 48.89%, 0, 0, 5, 447.40, 114789, 199, 0, 0
269, 0, 150, 228, 198, 21, 48.89%, 0, 0, 5, 451.04, 117109, 199, 0, 0
274, 0, 150, 228, 198, 21, 48.89%, 0, 0, 5, 453.25, 119456, 199, 0, 0
279, 0, 150, 228, 198, 21, 48.89%, 0, 0, 5, 459.97, 121796, 199, 0, 0
284, 0, 150, 229, 199, 21, 48.89%, 0, 0, 5, 464.88, 124125, 199, 0, 0
289, 0, 150, 230, 200, 21, 48.89%, 0, 0, 5, 480.36, 126562, 199, 0, 0
295, 0, 150, 230, 200, 21, 48.89%, 0, 0, 5, 450.63, 128820, 199, 0, 0
300, 0, 150, 230, 200, 21, 48.89%, 0, 0, 5, 472.10, 131251, 199, 0, 0
305, 0, 150, 230, 200, 21, 48.89%, 0, 0, 5, 477.60, 133655, 199, 0, 0
310, 0, 150, 230, 200, 21, 48.89%, 0, 0, 5, 450.47, 135941, 199, 0, 0
315, 0, 150, 230, 200, 21, 48.89%, 0, 0, 5, 438.21, 138125, 199, 0, 0
320, 0, 104, 230, 199, 21, 48.89%, 0, 0, 5, 430.41, 140277, 199, 0, 0
325, 0, 90, 234, 202, 20, 48.89%, 0, 0, 5, 448.03, 142535, 199, 0, 0
330, 0, 90, 237, 205, 20, 48.89%, 0, 0, 5, 450.10, 144812, 199, 0, 0
335, 0, 90, 237, 205, 20, 48.89%, 0, 0, 5, 427.92, 146980, 199, 0, 0
340, 0, 90, 237, 205, 20, 48.89%, 0, 0, 5, 428.09, 149132, 199, 0, 0
345, 0, 90, 237, 205, 20, 48.89%, 0, 0, 5, 432.14, 151260, 199, 0, 0
350, 0, 90, 238, 206, 20, 48.89%, 0, 0, 5, 452.19, 153616, 199, 0, 0
355, 0, 191, 238, 205, 20, 48.89%, 0, 0, 5, 427.58, 155763, 199, 0, 0
361, 0, 149, 241, 205, 18, 49.14%, 0, 0, 5, 403.36, 157852, 200, 0, 0
366, 0, 241, 242, 205, 18, 49.39%, 0, 0, 5, 442.90, 160096, 201, 0, 0
371, 0, 67, 242, 203, 16, 49.39%, 0, 0, 5, 424.98, 162202, 201, 0, 0
376, 0, 67, 251, 212, 16, 49.39%, 0, 0, 5, 413.40, 164313, 201, 0, 0
381, 0, 67, 255, 216, 16, 49.39%, 0, 0, 5, 420.19, 166445, 201, 0, 0
386, 0, 67, 256, 217, 16, 49.39%, 0, 0, 5, 409.61, 168524, 201, 0, 0
391, 0, 67, 256, 217, 16, 49.39%, 0, 0, 5, 424.06, 170725, 201, 0, 0
396, 0, 147, 258, 218, 14, 49.39%, 0, 0, 5, 462.98, 173021, 201, 0, 0
401, 0, 169, 266, 224, 14, 49.63%, 0, 0, 5, 439.40, 175230, 202, 0, 0
406, 0, 169, 270, 228, 14, 50.37%, 0, 0, 5, 436.07, 177386, 205, 0, 0
411, 0, 169, 274, 232, 14, 50.37%, 0, 0, 5, 402.14, 179372, 205, 0, 0
416, 0, 169, 276, 234, 14, 50.37%, 0, 0, 5, 402.01, 181444, 205, 0, 0
422, 0, 169, 279, 237, 14, 50.37%, 0, 0, 5, 430.91, 183649, 205, 0, 0
427, 0, 169, 281, 239, 14, 50.37%, 0, 0, 5, 425.16, 185807, 205, 0, 0
432, 0, 169, 282, 240, 14, 50.37%, 0, 0, 5, 408.74, 187886, 205, 0, 0
437, 0, 169, 282, 240, 14, 50.37%, 0, 0, 5, 411.09, 190039, 205, 0, 0
442, 0, 169, 283, 241, 14, 50.37%, 0, 0, 5, 407.03, 192054, 205, 0, 0
447, 0, 169, 283, 241, 14, 50.37%, 0, 0, 5, 419.12, 194182, 205, 0, 0
452, 0, 169, 285, 243, 14, 50.37%, 0, 0, 5, 446.07, 196508, 205, 0, 0
457, 0, 169, 285, 243, 14, 50.37%, 0, 0, 5, 427.57, 198700, 205, 0, 0
462, 0, 169, 285, 243, 14, 50.37%, 0, 0, 5, 440.91, 200964, 205, 0, 0
467, 0, 169, 285, 243, 14, 50.37%, 0, 0, 5, 413.77, 203036, 205, 0, 0
472, 0, 169, 285, 243, 14, 50.37%, 0, 0, 5, 436.16, 205324, 205, 0, 0
477, 0, 169, 285, 243, 14, 50.37%, 0, 0, 5, 470.37, 207693, 205, 0, 0
482, 0, 169, 286, 244, 14, 50.37%, 0, 0, 5, 435.78, 209875, 205, 0, 0
487, 0, 169, 286, 244, 14, 50.37%, 0, 0, 5, 490.95, 212299, 205, 0, 0
492, 0, 272, 286, 243, 15, 50.37%, 0, 0, 5, 499.07, 214816, 205, 0, 0
498, 0, 155, 286, 240, 12, 50.37%, 0, 0, 5, 472.07, 217192, 205, 0, 0
503, 0, 243, 286, 237, 9, 50.37%, 0, 0, 5, 477.41, 219612, 205, 0, 0
508, 0, 275, 287, 236, 7, 50.37%, 0, 0, 6, 501.44, 222160, 205, 0, 0
513, 0, 242, 295, 241, 5, 50.61%, 0, 0, 6, 484.29, 224565, 206, 0, 0
518, 0, 242, 295, 241, 5, 50.61%, 0, 0, 6, 438.28, 226760, 206, 0, 0
523, 0, 242, 295, 241, 5, 50.61%, 0, 0, 6, 446.02, 229080, 206, 0, 0
528, 0, 242, 297, 243, 5, 50.61%, 0, 0, 6, 444.90, 231334, 206, 0, 0
533, 0, 242, 297, 243, 5, 50.61%, 0, 0, 6, 423.24, 233478, 206, 0, 0
538, 0, 242, 298, 244, 5, 50.61%, 0, 0, 6, 458.81, 235818, 206, 0, 0
543, 0, 242, 298, 244, 5, 50.61%, 0, 0, 6, 484.44, 238356, 206, 0, 0
548, 0, 242, 299, 245, 5, 50.61%, 0, 0, 6, 482.37, 240784, 206, 0, 0
553, 0, 242, 299, 245, 5, 50.61%, 0, 0, 6, 445.40, 242964, 206, 0, 0
558, 0, 242, 300, 246, 5, 50.61%, 0, 0, 6, 433.51, 245123, 206, 0, 0
564, 0, 242, 301, 247, 5, 50.86%, 0, 0, 6, 445.54, 247338, 207, 0, 0
569, 0, 242, 301, 247, 5, 50.86%, 0, 0, 6, 449.24, 249562, 207, 0, 0
574, 0, 242, 301, 247, 5, 50.86%, 0, 0, 6, 511.30, 252140, 207, 0, 0
579, 0, 302, 305, 249, 7, 50.86%, 0, 0, 6, 480.98, 254501, 207, 0, 0
584, 0, 298, 307, 249, 5, 50.86%, 0, 0, 6, 445.11, 256780, 207, 0, 0
589, 0, 46, 307, 242, 0, 50.86%, 0, 0, 6, 444.23, 259139, 207, 0, 0
594, 0, 211, 307, 240, 0, 50.86%, 0, 0, 6, 428.15, 261313, 207, 0, 0
599, 0, 17, 307, 237, 0, 50.86%, 0, 0, 6, 445.11, 263586, 207, 0, 0
604, 0, 214, 307, 236, 0, 50.86%, 0, 0, 6, 431.27, 265750, 207, 0, 0
609, 0, 232, 307, 233, 0, 50.86%, 0, 0, 6, 428.64, 267921, 207, 0, 0
614, 0, 133, 311, 236, 0, 50.86%, 0, 0, 6, 404.06, 270001, 207, 0, 0
619, 0, 133, 311, 236, 0, 50.86%, 0, 0, 6, 385.61, 271954, 207, 0, 0
624, 0, 135, 313, 236, 0, 50.86%, 0, 0, 6, 414.93, 274105, 207, 0, 0
630, 0, 135, 314, 237, 0, 50.86%, 0, 0, 6, 375.34, 276077, 207, 0, 0
635, 0, 313, 314, 237, 1, 50.86%, 0, 0, 6, 410.11, 278192, 207, 0, 0
640, 0, 261, 314, 236, 0, 50.86%, 0, 0, 6, 413.20, 280307, 207, 0, 0
645, 0, 305, 316, 238, 0, 50.86%, 0, 0, 7, 434.87, 282555, 207, 0, 0
650, 0, 305, 317, 239, 0, 50.86%, 0, 0, 7, 442.74, 284874, 207, 0, 0
655, 0, 305, 317, 239, 0, 50.86%, 0, 0, 7, 456.53, 287173, 207, 0, 0
660, 0, 265, 317, 237, 0, 50.86%, 0, 0, 7, 431.20, 289258, 207, 0, 0
665, 0, 292, 317, 234, 0, 50.86%, 0, 0, 7, 457.27, 291717, 207, 0, 0
670, 0, 305, 318, 233, 0, 50.86%, 0, 0, 7, 441.55, 293961, 207, 0, 0
675, 0, 196, 318, 233, 0, 50.86%, 0, 0, 7, 414.46, 296009, 207, 0, 0
680, 0, 186, 318, 232, 0, 50.86%, 0, 0, 7, 418.21, 298190, 207, 0, 0
685, 0, 305, 318, 230, 0, 50.86%, 0, 0, 7, 401.94, 300230, 207, 0, 0
691, 0, 119, 318, 229, 0, 50.86%, 0, 0, 7, 425.91, 302444, 207, 0, 0
696, 0, 135, 320, 228, 0, 50.86%, 0, 0, 7, 391.28, 304452, 207, 0, 0
701, 0, 182, 321, 229, 0, 50.86%, 0, 0, 7, 409.22, 306536, 207, 0, 0
706, 0, 116, 321, 225, 0, 50.86%, 0, 0, 7, 458.07, 308883, 207, 0, 0
711, 0, 85, 321, 222, 0, 50.86%, 0, 0, 7, 452.15, 311108, 207, 0, 0
716, 0, 157, 321, 220, 0, 50.86%, 0, 0, 7, 430.81, 313273, 207, 0, 0
721, 0, 212, 321, 217, 0, 50.86%, 0, 0, 7, 440.40, 315554, 207, 0, 0
726, 0, 116, 321, 213, 0, 50.86%, 0, 0, 7, 436.47, 317781, 207, 0, 0
731, 0, 135, 321, 212, 0, 50.86%, 0, 0, 7, 406.92, 319793, 207, 0, 0
736, 0, 123, 321, 211, 0, 50.86%, 0, 0, 7, 421.71, 322015, 207, 0, 0
741, 0, 220, 321, 209, 0, 50.86%, 0, 0, 7, 436.80, 324240, 207, 0, 0
747, 0, 304, 321, 206, 0, 50.86%, 0, 0, 7, 420.46, 326400, 207, 0, 0
752, 0, 321, 322, 205, 1, 51.11%, 0, 0, 7, 418.01, 328501, 208, 0, 0
757, 0, 152, 322, 203, 0, 51.11%, 0, 0, 7, 439.98, 330786, 208, 0, 0
762, 0, 317, 323, 203, 0, 51.11%, 0, 0, 8, 429.06, 333017, 208, 0, 0
767, 0, 117, 323, 201, 0, 51.11%, 0, 0, 8, 414.13, 335066, 208, 0, 0
772, 0, 151, 323, 200, 0, 51.11%, 0, 0, 8, 391.91, 337042, 208, 0, 0
777, 0, 308, 323, 198, 0, 51.11%, 0, 0, 8, 397.23, 339078, 208, 0, 0
782, 0, 171, 323, 197, 0, 51.11%, 0, 0, 8, 414.12, 341167, 208, 0, 0
787, 0, 292, 323, 195, 0, 51.11%, 0, 0, 8, 407.85, 343235, 208, 0, 0
792, 0, 113, 323, 194, 0, 51.11%, 0, 0, 8, 418.69, 345367, 208, 0, 0
797, 0, 259, 323, 193, 0, 51.11%, 0, 0, 8, 429.03, 347525, 208, 0, 0
802, 0, 272, 323, 191, 0, 51.11%, 0, 0, 8, 435.02, 349733, 208, 0, 0
807, 0, 198, 323, 190, 0, 51.11%, 0, 0, 8, 401.95, 351734, 208, 0, 0
812, 0, 111, 323, 189, 0, 51.11%, 0, 0, 8, 399.89, 353772, 208, 0, 0
818, 0, 116, 324, 187, 0, 51.11%, 0, 0, 8, 419.79, 355967, 208, 0, 0
823, 0, 295, 324, 185, 0, 51.11%, 0, 0, 8, 434.47, 358159, 208, 0, 0
828, 0, 173, 324, 182, 0, 51.11%, 0, 0, 8, 445.44, 360402, 208, 0, 0
833, 0, 272, 324, 180, 0, 51.11%, 0, 0, 8, 457.34, 362695, 208, 0, 0
838, 0, 292, 325, 180, 0, 51.11%, 0, 0, 8, 450.15, 364855, 208, 0, 0
843, 0, 193, 326, 180, 0, 51.11%, 0, 0, 8, 444.60, 367008, 208, 0, 0
848, 0, 271, 326, 178, 0, 51.11%, 0, 0, 8, 446.70, 369265, 208, 0, 0
853, 0, 103, 326, 175, 0, 51.11%, 0, 0, 8, 458.99, 371568, 208, 0, 0
858, 0, 298, 327, 174, 0, 51.11%, 0, 0, 8, 426.04, 373674, 208, 0, 0
863, 0, 292, 327, 173, 0, 51.11%, 0, 0, 8, 452.82, 375939, 208, 0, 0
868, 1, 199, 327, 171, 0, 51.11%, 0, 0, 8, 397.62, 377901, 208, 0, 0
873, 1, 103, 328, 170, 0, 51.11%, 0, 0, 8, 404.65, 379941, 208, 0, 0
878, 1, 153, 328, 168, 0, 51.11%, 0, 0, 8, 419.95, 382057, 208, 0, 0
884, 1, 97, 329, 166, 0, 51.11%, 0, 0, 8, 425.76, 384254, 208, 0, 0
889, 1, 305, 332, 167, 0, 51.11%, 0, 0, 8, 420.87, 386336, 208, 0, 0
894, 1, 133, 332, 164, 0, 51.11%, 0, 0, 8, 476.93, 389001, 208, 0, 0
899, 1, 174, 332, 162, 0, 51.11%, 0, 0, 8, 457.95, 391339, 208, 0, 0
902, 1, 143, 332, 160, 0, 51.11%, 0, 0, 8, 432.78, 392840, 208, 0, 0
