# relative_time, cycles_done, cur_item, corpus_count, pending_total, pending_favs, map_size, saved_crashes, saved_hangs, max_depth, execs_per_sec, total_execs, edges_found, total_crashes, servers_count
61, 0, 9, 83, 78, 3, 30.96%, 0, 0, 2, 441.46, 26306, 126, 0, 0
66, 0, 9, 87, 82, 3, 30.96%, 0, 0, 2, 413.98, 28374, 126, 0, 0
71, 0, 9, 88, 83, 3, 30.96%, 0, 0, 2, 427.40, 30565, 126, 0, 0
76, 0, 9, 88, 83, 3, 30.96%, 0, 0, 2, 422.73, 32741, 126, 0, 0
81, 0, 9, 88, 83, 3, 30.96%, 0, 0, 2, 450.12, 35037, 126, 0, 0
86, 0, 9, 90, 85, 3, 30.96%, 0, 0, 2, 418.96, 37155, 126, 0, 0
91, 0, 9, 92, 87, 3, 30.96%, 0, 0, 2, 426.38, 39361, 126, 0, 0
96, 0, 9, 95, 90, 3, 30.96%, 0, 0, 2, 421.61, 41486, 126, 0, 0
102, 0, 9, 95, 90, 3, 30.96%, 0, 0, 2, 426.00, 43622, 126, 0, 0
107, 0, 9, 95, 90, 3, 30.96%, 0, 0, 2, 438.12, 45807, 126, 0, 0
112, 0, 9, 96, 91, 3, 30.96%, 0, 0, 2, 411.26, 47886, 126, 0, 0
117, 0, 9, 96, 91, 3, 30.96%, 0, 0, 2, 310.64, 49286, 126, 0, 0
122, 0, 9, 97, 92, 3, 30.96%, 0, 0, 2, 381.00, 51241, 126, 0, 0
127, 0, 9, 97, 92, 3, 30.96%, 0, 0, 2, 439.19, 53445, 126, 0, 0
132, 0, 118, 120, 113, 28, 35.14%, 0, 0, 2, 397.30, 55436, 143, 0, 0
137, 0, 118, 129, 122, 28, 36.86%, 0, 0, 2, 399.19, 57519, 150, 0, 0
142, 0, 118, 136, 129, 28, 37.10%, 0, 0, 2, 369.98, 59311, 151, 0, 0
147, 0, 118, 140, 133, 28, 37.10%, 0, 0, 2, 376.75, 61257, 151, 0, 0
152, 0, 118, 143, 136, 28, 37.10%, 0, 0, 2, 391.57, 63239, 151, 0, 0
157, 0, 118, 143, 136, 28, 37.10%, 0, 0, 2, 393.77, 65178, 151, 0, 0
162, 0, 103, 144, 130, 24, 37.35%, 0, 0, 3, 392.05, 67153, 152, 0, 0
168, 0, 150, 153, 138, 29, 42.51%, 0, 0, 3, 430.58, 69345, 173, 0, 0
173, 0, 150, 158, 143, 29, 42.51%, 0, 0, 3, 410.55, 71418, 173, 0, 0
178, 0, 150, 160, 145, 29, 42.51%, 0, 0, 3, 409.48, 73457, 173, 0, 0
183, 0, 150, 160, 145, 29, 42.51%, 0, 0, 3, 421.59, 75625, 173, 0, 0
188, 0, 150, 162, 147, 29, 42.51%, 0, 0, 3, 439.17, 77847, 173, 0, 0
193, 0, 150, 162, 147, 29, 42.51%, 0, 0, 3, 416.50, 79839, 173, 0, 0
198, 0, 150, 162, 147, 29, 42.51%, 0, 0, 3, 418.03, 81960, 173, 0, 0
203, 0, 97, 162, 145, 27, 42.51%, 0, 0, 3, 436.42, 84169, 173, 0, 0
208, 0, 148, 163, 144, 26, 43.00%, 0, 0, 3, 425.61, 86340, 175, 0, 0
213, 0, 167, 170, 150, 27, 43.24%, 0, 0, 3, 488.16, 88885, 176, 0, 0
218, 0, 140, 172, 151, 26, 43.24%, 0, 0, 3, 425.91, 91026, 176, 0, 0
223, 0, 147, 178, 156, 25, 43.24%, 0, 0, 3, 390.89, 93013, 176, 0, 0
228, 0, 67, 189, 166, 24, 43.24%, 0, 0, 3, 389.27, 94953, 176, 0, 0
234, 0, 67, 190, 167, 24, 43.24%, 0, 0, 3, 444.74, 97154, 176, 0, 0
239, 0, 67, 192, 169, 24, 43.24%, 0, 0, 3, 403.71, 99176, 176, 0, 0
244, 0, 67, 195, 172, 24, 43.24%, 0, 0, 3, 402.41, 101293, 176, 0, 0
249, 0, 144, 197, 173, 23, 43.24%, 0, 0, 3, 435.15, 103387, 176, 0, 0
254, 0, 68, 201, 176, 22, 43.24%, 0, 0, 3, 435.30, 105568, 176, 0, 0
259, 0, 68, 205, 180, 22, 43.24%, 0, 0, 3, 408.30, 107676, 176, 0, 0
264, 0, 68, 208, 183, 22, 43.24%, 0, 0, 3, 396.39, 109625, 176, 0, 0
269, 0, 68, 208, 183, 22, 43.24%, 0, 0, 3, 428.64, 111841, 176, 0, 0
274, 0, 68, 210, 185, 22, 43.24%, 0, 0, 3, 437.02, 114055, 176, 0, 0
279, 0, 68, 211, 186, 22, 43.24%, 0, 0, 3, 422.62, 116214, 176, 0, 0
284, 0, 68, 211, 186, 22, 43.24%, 0, 0, 3, 412.23, 118326, 176, 0, 0
289, 0, 68, 212, 187, 22, 43.24%, 0, 0, 3, 443.37, 120597, 176, 0, 0
294, 0, 68, 214, 189, 22, 43.24%, 0, 0, 3, 408.29, 122691, 176, 0, 0
300, 0, 68, 214, 189, 22, 43.24%, 0, 0, 3, 425.52, 124931, 176, 0, 0
305, 0, 68, 214, 189, 22, 43.24%, 0, 0, 3, 420.74, 127043, 176, 0, 0
310, 0, 68, 214, 189, 22, 43.24%, 0, 0, 3, 397.00, 129044, 176, 0, 0
315, 0, 68, 214, 189, 22, 43.24%, 0, 0, 3, 431.25, 131228, 176, 0, 0
320, 0, 68, 214, 189, 22, 43.24%, 0, 0, 3, 439.00, 133532, 176, 0, 0
325, 0, 68, 214, 189, 22, 43.24%, 0, 0, 3, 430.36, 135660, 176, 0, 0
330, 0, 68, 214, 189, 22, 43.24%, 0, 0, 3, 395.54, 137660, 176, 0, 0
335, 0, 68, 214, 189, 22, 43.24%, 0, 0, 3, 400.14, 139670, 176, 0, 0
340, 0, 68, 214, 189, 22, 43.24%, 0, 0, 3, 390.87, 141679, 176, 0, 0
345, 0, 68, 214, 189, 22, 43.24%, 0, 0, 3, 428.40, 143900, 176, 0, 0
351, 0, 68, 214, 189, 22, 43.24%, 0, 0, 3, 426.23, 146036, 176, 0, 0
356, 0, 68, 214, 189, 22, 43.24%, 0, 0, 3, 429.70, 148252, 176, 0, 0
361, 0, 68, 215, 190, 22, 43.24%, 0, 0, 3, 444.38, 150507, 176, 0, 0
366, 0, 68, 215, 190, 22, 43.24%, 0, 0, 3, 446.42, 152827, 176, 0, 0
371, 0, 68, 215, 190, 22, 43.24%, 0, 0, 3, 413.91, 154867, 176, 0, 0
376, 0, 102, 215, 189, 19, 43.24%, 0, 0, 3, 415.61, 156995, 176, 0, 0
381, 0, 22, 218, 190, 18, 43.24%, 0, 0, 3, 445.02, 159359, 176, 0, 0
386, 0, 152, 234, 205, 17, 43.49%, 0, 0, 3, 464.48, 161713, 177, 0, 0
391, 0, 224, 236, 206, 18, 43.49%, 0, 0, 4, 455.85, 163992, 177, 0, 0
396, 0, 24, 238, 205, 16, 43.73%, 0, 0, 4, 439.39, 166157, 178, 0, 0
401, 0, 231, 244, 209, 14, 43.73%, 0, 0, 4, 445.86, 168476, 178, 0, 0
406, 0, 145, 244, 206, 11, 43.73%, 0, 0, 4, 433.34, 170676, 178, 0, 0
411, 0, 130, 245, 204, 8, 43.73%, 0, 0, 5, 468.34, 173114, 178, 0, 0
417, 0, 214, 246, 203, 6, 43.73%, 0, 0, 5, 430.09, 175261, 178, 0, 0
422, 0, 214, 252, 209, 6, 43.73%, 0, 0, 5, 541.70, 178175, 178, 0, 0
427, 0, 214, 252, 209, 6, 43.73%, 0, 0, 5, 531.29, 180855, 178, 0, 0
432, 0, 214, 252, 209, 6, 43.73%, 0, 0, 5, 449.88, 183223, 178, 0, 0
437, 0, 214, 252, 209, 6, 43.73%, 0, 0, 5, 493.48, 185704, 178, 0, 0
442, 0, 214, 252, 209, 6, 43.73%, 0, 0, 5, 470.40, 188089, 178, 0, 0
447, 0, 214, 252, 209, 6, 43.73%, 0, 0, 5, 494.83, 190645, 178, 0, 0
452, 0, 214, 252, 209, 6, 43.73%, 0, 0, 5, 504.06, 193210, 178, 0, 0
457, 0, 214, 252, 209, 6, 43.73%, 0, 0, 5, 448.10, 195407, 178, 0, 0
462, 0, 214, 252, 209, 6, 43.73%, 0, 0, 5, 420.63, 197503, 178, 0, 0
467, 0, 214, 252, 209, 6, 43.73%, 0, 0, 5, 438.89, 199767, 178, 0, 0
473, 0, 214, 252, 209, 6, 43.73%, 0, 0, 5, 430.65, 202023, 178, 0, 0
478, 0, 214, 253, 210, 6, 43.98%, 0, 0, 5, 445.70, 204230, 179, 0, 0
483, 0, 214, 253, 210, 6, 43.98%, 0, 0, 5, 432.42, 206494, 179, 0, 0
488, 0, 214, 253, 210, 6, 43.98%, 0, 0, 5, 452.92, 208758, 179, 0, 0
493, 0, 214, 253, 210, 6, 43.98%, 0, 0, 5, 448.17, 211006, 179, 0, 0
498, 0, 214, 253, 210, 6, 43.98%, 0, 0, 5, 407.43, 213134, 179, 0, 0
503, 0, 210, 253, 206, 3, 43.98%, 0, 0, 5, 415.91, 215236, 179, 0, 0
508, 0, 150, 253, 200, 0, 43.98%, 0, 0, 5, 453.13, 217443, 179, 0, 0
513, 0, 222, 254, 197, 0, 43.98%, 0, 0, 5, 425.79, 219521, 179, 0, 0
518, 0, 106, 254, 196, 0, 43.98%, 0, 0, 5, 401.56, 221548, 179, 0, 0
523, 0, 128, 254, 194, 0, 43.98%, 0, 0, 5, 388.15, 223561, 179, 0, 0
528, 0, 126, 255, 192, 0, 43.98%, 0, 0, 5, 421.49, 225703, 179, 0, 0
533, 0, 180, 255, 190, 0, 43.98%, 0, 0, 5, 413.13, 227767, 179, 0, 0
539, 0, 219, 255, 190, 0, 43.98%, 0, 0, 5, 409.91, 229834, 179, 0, 0
544, 0, 150, 255, 188, 0, 43.98%, 0, 0, 5, 364.68, 231663, 179, 0, 0
549, 0, 34, 255, 185, 0, 43.98%, 0, 0, 5, 387.87, 233646, 179, 0, 0
554, 0, 225, 255, 184, 0, 43.98%, 0, 0, 5, 395.54, 235678, 179, 0, 0
559, 0, 210, 255, 182, 0, 43.98%, 0, 0, 5, 385.57, 237659, 179, 0, 0
564, 0, 255, 256, 181, 1, 45.45%, 0, 0, 5, 404.00, 239679, 185, 0, 0
569, 0, 255, 275, 200, 1, 53.07%, 0, 0, 5, 404.39, 241761, 216, 0, 0
574, 0, 258, 275, 198, 5, 53.07%, 0, 0, 5, 439.35, 243975, 216, 0, 0
579, 0, 263, 275, 196, 3, 53.07%, 0, 0, 5, 433.93, 245905, 216, 0, 0
584, 0, 273, 284, 203, 2, 53.32%, 0, 0, 5, 444.18, 248102, 217, 0, 0
589, 0, 273, 308, 227, 2, 53.56%, 0, 0, 5, 441.63, 250351, 218, 0, 0
594, 0, 171, 308, 225, 3, 53.56%, 0, 0, 5, 405.76, 252407, 218, 0, 0
600, 0, 276, 308, 223, 3, 53.56%, 0, 0, 5, 404.06, 254430, 218, 0, 0
605, 0, 276, 308, 223, 3, 53.56%, 0, 0, 5, 369.32, 256225, 218, 0, 0
610, 0, 276, 310, 225, 3, 54.05%, 0, 0, 5, 392.11, 258233, 220, 0, 0
615, 0, 308, 310, 224, 4, 54.05%, 0, 0, 5, 422.44, 260402, 220, 0, 0
620, 0, 260, 310, 222, 2, 54.05%, 0, 0, 5, 419.19, 262548, 220, 0, 0
625, 0, 310, 311, 222, 2, 54.05%, 0, 0, 5, 423.12, 264722, 220, 0, 0
630, 0, 278, 311, 220, 0, 54.05%, 0, 0, 5, 445.74, 267000, 220, 0, 0
635, 0, 233, 311, 218, 0, 54.05%, 0, 0, 5, 438.08, 269242, 220, 0, 0
640, 0, 105, 311, 216, 0, 54.05%, 0, 0, 5, 484.00, 271621, 220, 0, 0
645, 0, 310, 311, 213, 0, 54.05%, 0, 0, 5, 440.49, 273745, 220, 0, 0
650, 0, 311, 312, 213, 1, 54.30%, 0, 0, 5, 406.22, 275841, 221, 0, 0
655, 0, 24, 312, 210, 0, 54.30%, 0, 0, 5, 404.27, 277907, 221, 0, 0
660, 0, 283, 312, 210, 0, 54.30%, 0, 0, 5, 412.21, 279973, 221, 0, 0
666, 0, 172, 312, 208, 0, 54.30%, 0, 0, 5, 395.96, 282029, 221, 0, 0
671, 0, 141, 312, 206, 0, 54.30%, 0, 0, 5, 418.90, 284192, 221, 0, 0
676, 0, 305, 317, 209, 0, 54.30%, 0, 0, 5, 423.69, 286429, 221, 0, 0
681, 0, 305, 317, 209, 0, 54.30%, 0, 0, 5, 433.05, 288689, 221, 0, 0
686, 0, 305, 317, 209, 0, 54.30%, 0, 0, 5, 430.20, 290845, 221, 0, 0
691, 0, 305, 317, 209, 0, 54.30%, 0, 0, 5, 429.76, 293021, 221, 0, 0
696, 0, 115, 317, 206, 0, 54.30%, 0, 0, 5, 427.39, 295160, 221, 0, 0
701, 0, 100, 317, 203, 0, 54.30%, 0, 0, 5, 423.07, 297283, 221, 0, 0
706, 0, 309, 318, 200, 0, 54.30%, 0, 0, 5, 394.34, 299286, 221, 0, 0
712, 0, 319, 320, 201, 1, 54.55%, 0, 0, 5, 393.65, 301311, 222, 0, 0
717, 0, 282, 320, 200, 0, 54.55%, 0, 0, 5, 383.11, 303246, 222, 0, 0
722, 0, 134, 320, 199, 0, 54.55%, 0, 0, 5, 409.34, 305338, 222, 0, 0
727, 0, 70, 321, 196, 0, 54.55%, 0, 0, 5, 438.03, 307664, 222, 0, 0
732, 0, 266, 321, 194, 0, 54.55%, 0, 0, 5, 421.61, 309752, 222, 0, 0
737, 0, 221, 321, 192, 0, 54.55%, 0, 0, 5, 458.38, 312080, 222, 0, 0
742, 0, 240, 322, 192, 0, 54.55%, 0, 0, 5, 445.24, 314342, 222, 0, 0
747, 0, 24, 323, 191, 0, 54.55%, 0, 0, 5, 447.73, 316634, 222, 0, 0
752, 0, 31, 323, 188, 0, 54.55%, 0, 0, 5, 418.58, 318730, 222, 0, 0
757, 0, 176, 323, 186, 0, 54.55%, 0, 0, 5, 405.27, 320747, 222, 0, 0
762, 0, 180, 324, 183, 0, 54.55%, 0, 0, 5, 455.05, 322998, 222, 0, 0
767, 0, 311, 324, 181, 0, 54.55%, 0, 0, 5, 436.63, 325232, 222, 0, 0
772, 0, 276, 327, 182, 0, 54.79%, 0, 0, 5, 428.62, 327451, 223, 0, 0
778, 0, 325, 327, 182, 2, 54.79%, 0, 0, 5, 427.20, 329643, 223, 0, 0
783, 0, 325, 327, 182, 2, 54.79%, 0, 0, 5, 420.82, 331774, 223, 0, 0
788, 0, 157, 327, 179, 0, 54.79%, 0, 0, 5, 418.57, 333752, 223, 0, 0
793, 0, 122, 327, 178, 0, 54.79%, 0, 0, 5, 393.44, 335753, 223, 0, 0
798, 0, 300, 327, 176, 0, 54.79%, 0, 0, 5, 422.48, 337860, 223, 0, 0
803, 0, 256, 327, 175, 0, 54.79%, 0, 0, 5, 422.19, 339905, 223, 0, 0
808, 0, 326, 327, 173, 0, 54.79%, 0, 0, 5, 413.81, 341977, 223, 0, 0
813, 1, 299, 327, 173, 0, 54.79%, 0, 0, 5, 393.20, 343953, 223, 0, 0
818, 1, 117, 327, 171, 0, 54.79%, 0, 0, 5, 422.32, 346177, 223, 0, 0
823, 1, 316, 327, 168, 0, 54.79%, 0, 0, 5, 412.37, 348226, 223, 0, 0
828, 1, 307, 327, 167, 0, 54.79%, 0, 0, 5, 420.48, 350352, 223, 0, 0
833, 1, 259, 327, 164, 0, 54.79%, 0, 0, 5, 447.31, 352729, 223, 0, 0
839, 1, 153, 327, 162, 0, 54.79%, 0, 0, 5, 409.60, 354785, 223, 0, 0
844, 1, 289, 327, 160, 0, 54.79%, 0, 0, 5, 439.38, 356968, 223, 0, 0
849, 1, 210, 327, 158, 0, 54.79%, 0, 0, 5, 407.46, 359062, 223, 0, 0
854, 1, 295, 328, 157, 0, 54.79%, 0, 0, 5, 418.72, 361175, 223, 0, 0
859, 1, 161, 328, 156, 0, 54.79%, 0, 0, 5, 388.36, 363122, 223, 0, 0
864, 1, 297, 328, 155, 0, 54.79%, 0, 0, 5, 414.90, 365177, 223, 0, 0
869, 1, 319, 329, 154, 0, 54.79%, 0, 0, 5, 417.97, 367249, 223, 0, 0
874, 1, 108, 329, 152, 0, 54.79%, 0, 0, 5, 409.80, 369350, 223, 0, 0
879, 1, 0, 329, 149, 0, 54.79%, 0, 0, 5, 414.35, 371414, 223, 0, 0
884, 1, 166, 329, 147, 0, 54.79%, 0, 0, 5, 431.94, 373542, 223, 0, 0
889, 1, 303, 329, 146, 0, 54.79%, 0, 0, 5, 401.67, 375597, 223, 0, 0
894, 1, 288, 331, 145, 0, 54.79%, 0, 0, 5, 418.62, 377741, 223, 0, 0
899, 1, 163, 332, 144, 0, 54.79%, 0, 0, 5, 413.48, 379833, 223, 0, 0
900, 1, 163, 332, 144, 0, 54.79%, 0, 0, 5, 412.48, 380248, 223, 0, 0
