# relative_time, cycles_done, cur_item, corpus_count, pending_total, pending_favs, map_size, saved_crashes, saved_hangs, max_depth, execs_per_sec, total_execs, edges_found, total_crashes, servers_count
61, 0, 144, 166, 124, 1, 38.33%, 1, 0, 4, 1899.20, 117752, 156, 1, 0
66, 0, 151, 172, 128, 2, 38.33%, 1, 0, 5, 1708.06, 125401, 156, 1, 0
71, 0, 165, 189, 144, 1, 38.33%, 1, 0, 5, 1917.97, 135679, 156, 1, 0
76, 0, 165, 195, 150, 1, 38.33%, 1, 0, 5, 1860.79, 145238, 156, 1, 0
81, 0, 165, 196, 151, 1, 38.33%, 1, 0, 5, 1840.44, 154532, 156, 1, 0
86, 0, 165, 198, 153, 1, 38.82%, 1, 0, 5, 1963.74, 164313, 158, 1, 0
91, 0, 165, 199, 154, 1, 38.82%, 1, 0, 5, 1910.10, 174655, 158, 1, 0
96, 0, 196, 201, 154, 1, 40.05%, 1, 0, 6, 1699.47, 182480, 163, 1, 0
102, 1, 161, 207, 125, 0, 40.05%, 1, 0, 6, 1870.36, 192008, 163, 1, 0
107, 1, 192, 220, 130, 0, 40.05%, 1, 0, 6, 1853.82, 201654, 163, 1, 0
112, 2, 266, 287, 179, 3, 49.14%, 1, 0, 7, 1834.73, 211301, 200, 1, 0
117, 3, 234, 291, 153, 0, 49.14%, 2, 0, 7, 1816.41, 220248, 200, 2, 0
122, 3, 270, 318, 173, 0, 49.14%, 2, 0, 7, 1865.16, 229613, 200, 2, 0
127, 5, 77, 331, 174, 0, 49.39%, 2, 0, 7, 1889.76, 239053, 201, 2, 0
132, 5, 317, 332, 140, 0, 49.39%, 2, 0, 7, 1982.98, 249188, 201, 2, 0
137, 7, 260, 335, 117, 0, 49.39%, 2, 0, 7, 1989.82, 258882, 201, 2, 0
142, 9, 163, 347, 108, 0, 49.63%, 2, 0, 7, 2040.53, 268913, 202, 2, 0
147, 10, 46, 347, 88, 0, 49.63%, 2, 0, 7, 2003.72, 278989, 202, 2, 0
153, 11, 95, 349, 67, 0, 49.88%, 2, 0, 7, 2008.99, 289352, 203, 2, 0
158, 12, 68, 351, 52, 0, 49.88%, 2, 0, 7, 1920.38, 299376, 203, 2, 0
163, 13, 194, 354, 41, 0, 50.12%, 2, 0, 7, 1946.80, 309287, 204, 2, 0
168, 14, 287, 356, 32, 0, 50.12%, 2, 0, 7, 2315.73, 318452, 204, 2, 0
173, 15, 353, 357, 22, 0, 50.12%, 2, 0, 7, 2077.69, 328462, 204, 2, 0
178, 18, 51, 362, 22, 0, 50.61%, 2, 0, 7, 1776.10, 336928, 206, 2, 0
183, 18, 351, 365, 21, 0, 50.61%, 2, 0, 8, 1928.81, 346824, 206, 2, 0
188, 19, 361, 365, 13, 0, 50.61%, 2, 0, 8, 1937.15, 356663, 206, 2, 0
193, 20, 364, 367, 10, 0, 50.61%, 2, 0, 9, 2096.89, 367310, 206, 2, 0
198, 21, 263, 370, 10, 0, 50.61%, 2, 0, 11, 1964.70, 377218, 206, 2, 0
204, 22, 366, 370, 6, 0, 50.61%, 2, 0, 11, 2010.42, 387649, 206, 2, 0
209, 24, 300, 372, 5, 0, 51.11%, 2, 0, 11, 1971.59, 397974, 208, 2, 0
214, 26, 314, 373, 4, 0, 51.35%, 2, 0, 11, 1965.56, 408103, 209, 2, 0
219, 27, 290, 375, 4, 0, 51.35%, 2, 0, 11, 1866.45, 417455, 209, 2, 0
224, 28, 359, 376, 5, 0, 51.35%, 2, 0, 11, 1907.41, 427291, 209, 2, 0
229, 29, 338, 378, 7, 0, 51.35%, 2, 0, 11, 1887.13, 436171, 209, 2, 0
234, 31, 370, 379, 7, 0, 51.35%, 2, 0, 11, 1939.36, 446450, 209, 2, 0
239, 32, 381, 402, 27, 3, 60.20%, 2, 0, 11, 1686.12, 454830, 245, 2, 0
244, 32, 381, 403, 28, 3, 60.44%, 2, 0, 11, 1744.26, 463514, 246, 2, 0
249, 32, 381, 405, 30, 3, 60.44%, 2, 0, 11, 1949.42, 473598, 246, 2, 0
254, 32, 381, 405, 30, 3, 60.44%, 2, 0, 11, 1905.17, 483259, 246, 2, 0
260, 32, 381, 405, 30, 3, 60.44%, 2, 0, 11, 1842.40, 491547, 246, 2, 0
265, 32, 381, 406, 31, 3, 60.44%, 2, 0, 11, 2000.28, 502301, 246, 2, 0
270, 32, 387, 438, 60, 5, 60.93%, 2, 0, 11, 1842.69, 511337, 248, 2, 0
275, 32, 402, 442, 63, 5, 61.18%, 2, 0, 11, 1845.79, 521024, 249, 2, 0
280, 33, 447, 453, 65, 3, 61.92%, 2, 0, 11, 1932.40, 530725, 252, 2, 0
285, 34, 372, 453, 61, 0, 61.92%, 2, 0, 11, 1858.42, 540222, 252, 2, 0
290, 34, 411, 454, 51, 0, 61.92%, 2, 0, 12, 1620.35, 548573, 252, 2, 0
295, 35, 164, 454, 41, 0, 61.92%, 2, 0, 12, 1733.48, 557763, 252, 2, 0
298, 35, 369, 454, 41, 0, 61.92%, 2, 0, 12, 790.26, 561612, 252, 3, 0
