# relative_time, cycles_done, cur_item, corpus_count, pending_total, pending_favs, map_size, saved_crashes, saved_hangs, max_depth, execs_per_sec, total_execs, edges_found, total_crashes, servers_count
61, 0, 9, 72, 67, 4, 30.47%, 0, 0, 2, 430.43, 26760, 124, 0, 0
66, 0, 9, 72, 67, 4, 30.47%, 0, 0, 2, 427.43, 28857, 124, 0, 0
71, 0, 9, 73, 68, 4, 30.47%, 0, 0, 2, 419.65, 31008, 124, 0, 0
76, 0, 9, 75, 70, 4, 30.47%, 0, 0, 2, 423.82, 33182, 124, 0, 0
81, 0, 9, 75, 70, 4, 30.47%, 0, 0, 2, 429.66, 35374, 124, 0, 0
86, 0, 9, 75, 70, 4, 30.47%, 0, 0, 2, 450.59, 37670, 124, 0, 0
91, 0, 9, 75, 70, 4, 30.47%, 0, 0, 2, 445.25, 39887, 124, 0, 0
96, 0, 9, 75, 70, 4, 30.47%, 0, 0, 2, 431.64, 42142, 124, 0, 0
101, 0, 9, 76, 71, 4, 30.47%, 0, 0, 2, 425.03, 44389, 124, 0, 0
106, 0, 9, 76, 71, 4, 30.47%, 0, 0, 2, 436.13, 46605, 124, 0, 0
111, 0, 9, 76, 71, 4, 30.47%, 0, 0, 2, 434.92, 48885, 124, 0, 0
116, 0, 9, 76, 71, 4, 30.47%, 0, 0, 2, 440.96, 51165, 124, 0, 0
121, 0, 9, 76, 71, 4, 30.47%, 0, 0, 2, 446.68, 53469, 124, 0, 0
127, 0, 10, 136, 129, 29, 41.52%, 0, 0, 3, 406.29, 55480, 169, 0, 0
132, 0, 101, 136, 121, 22, 41.52%, 0, 0, 3, 439.09, 57707, 169, 0, 0
137, 0, 101, 150, 135, 22, 41.52%, 0, 0, 3, 439.81, 59980, 169, 0, 0
142, 0, 145, 170, 154, 22, 42.01%, 0, 0, 3, 427.21, 62177, 171, 0, 0
147, 0, 145, 175, 159, 22, 42.26%, 0, 0, 3, 436.43, 64398, 172, 0, 0
152, 0, 145, 176, 160, 22, 42.26%, 0, 0, 3, 414.09, 66462, 172, 0, 0
157, 0, 145, 177, 161, 22, 42.51%, 0, 0, 3, 407.72, 68501, 173, 0, 0
162, 0, 145, 177, 161, 22, 42.51%, 0, 0, 3, 93.50, 69372, 173, 0, 0
167, 0, 145, 177, 161, 22, 42.51%, 0, 0, 3, 107.23, 69951, 173, 0, 0
172, 0, 145, 177, 161, 22, 42.51%, 0, 0, 3, 116.86, 70551, 173, 0, 0
178, 0, 145, 177, 161, 22, 42.51%, 0, 0, 3, 119.40, 71168, 173, 0, 0
183, 0, 145, 177, 161, 22, 42.51%, 0, 0, 3, 121.14, 71782, 173, 0, 0
188, 0, 145, 177, 161, 22, 42.51%, 0, 0, 3, 111.19, 72348, 173, 0, 0
193, 0, 145, 177, 161, 22, 42.51%, 0, 0, 3, 109.02, 72910, 173, 0, 0
198, 0, 145, 177, 161, 22, 42.51%, 0, 0, 3, 108.01, 73440, 173, 0, 0
203, 0, 145, 177, 161, 22, 42.51%, 0, 0, 3, 118.01, 74046, 173, 0, 0
208, 0, 168, 177, 160, 25, 42.51%, 0, 0, 3, 125.09, 74692, 173, 0, 0
213, 0, 168, 177, 160, 25, 42.51%, 0, 0, 3, 117.73, 75272, 173, 0, 0
218, 0, 7, 177, 159, 24, 42.51%, 0, 0, 3, 113.69, 75854, 173, 0, 0
224, 0, 7, 182, 164, 24, 44.47%, 0, 0, 3, 113.09, 76406, 181, 0, 0
229, 0, 180, 183, 164, 27, 44.72%, 0, 0, 3, 170.00, 77175, 182, 0, 0
234, 0, 178, 186, 165, 26, 45.21%, 1, 0, 3, 388.87, 79254, 184, 1, 0
239, 0, 178, 188, 167, 26, 45.70%, 1, 0, 3, 446.26, 81559, 186, 1, 0
244, 0, 89, 188, 165, 27, 45.70%, 1, 0, 3, 450.99, 83843, 186, 1, 0
249, 0, 89, 188, 165, 27, 45.70%, 1, 0, 3, 417.84, 85924, 186, 1, 0
254, 0, 155, 188, 163, 25, 45.70%, 1, 0, 3, 417.14, 87960, 186, 1, 0
259, 0, 0, 192, 166, 24, 45.70%, 1, 0, 4, 424.77, 90140, 186, 1, 0
264, 0, 182, 192, 164, 22, 45.70%, 1, 0, 4, 446.62, 92363, 186, 1, 0
269, 0, 170, 192, 162, 20, 45.70%, 1, 0, 4, 440.05, 94577, 186, 1, 0
274, 0, 100, 192, 160, 18, 45.70%, 1, 0, 4, 443.63, 96828, 186, 1, 0
279, 0, 176, 193, 160, 18, 45.95%, 1, 0, 4, 453.16, 99104, 187, 1, 0
284, 0, 192, 193, 159, 17, 45.95%, 1, 0, 4, 430.08, 101196, 187, 1, 0
289, 0, 59, 194, 157, 14, 45.95%, 1, 0, 4, 456.37, 103479, 187, 1, 0
294, 0, 59, 197, 160, 14, 45.95%, 1, 0, 4, 469.86, 105860, 187, 1, 0
299, 0, 59, 201, 164, 14, 45.95%, 1, 0, 4, 446.88, 108138, 187, 1, 0
304, 0, 59, 202, 165, 14, 45.95%, 1, 0, 4, 442.04, 110428, 187, 1, 0
309, 0, 59, 202, 165, 14, 45.95%, 1, 0, 4, 447.01, 112717, 187, 1, 0
314, 0, 59, 202, 165, 14, 45.95%, 1, 0, 4, 453.73, 115020, 187, 1, 0
320, 0, 59, 202, 165, 14, 45.95%, 1, 0, 4, 433.50, 117260, 187, 1, 0
325, 0, 59, 202, 165, 14, 45.95%, 1, 0, 4, 455.51, 119557, 187, 1, 0
330, 0, 59, 202, 165, 14, 45.95%, 1, 0, 4, 440.03, 121724, 187, 1, 0
335, 0, 59, 203, 166, 14, 45.95%, 1, 0, 4, 463.07, 124064, 187, 1, 0
340, 0, 59, 204, 167, 14, 45.95%, 1, 0, 4, 458.16, 126393, 187, 1, 0
345, 0, 59, 204, 167, 14, 45.95%, 1, 0, 4, 425.22, 128514, 187, 1, 0
350, 0, 59, 204, 167, 14, 45.95%, 1, 0, 4, 429.04, 130658, 187, 1, 0
355, 0, 59, 204, 167, 14, 45.95%, 1, 0, 4, 453.06, 132936, 187, 1, 0
360, 0, 59, 204, 167, 14, 45.95%, 1, 0, 4, 462.15, 135249, 187, 1, 0
365, 0, 59, 204, 167, 14, 45.95%, 1, 0, 4, 442.91, 137450, 187, 1, 0
370, 0, 59, 205, 168, 14, 45.95%, 1, 0, 4, 446.25, 139697, 187, 1, 0
375, 0, 59, 205, 168, 14, 45.95%, 1, 0, 4, 453.95, 141970, 187, 1, 0
380, 0, 59, 205, 168, 14, 45.95%, 1, 0, 4, 466.49, 144355, 187, 1, 0
385, 0, 59, 205, 168, 14, 45.95%, 1, 0, 4, 442.58, 146585, 187, 1, 0
390, 0, 59, 205, 168, 14, 45.95%, 1, 0, 4, 461.64, 148981, 187, 1, 0
396, 0, 59, 206, 169, 14, 45.95%, 1, 0, 4, 471.72, 151364, 187, 1, 0
401, 0, 59, 206, 169, 14, 45.95%, 1, 0, 4, 449.53, 153632, 187, 1, 0
406, 0, 50, 207, 168, 12, 45.95%, 1, 0, 4, 462.05, 155984, 187, 1, 0
411, 0, 201, 209, 169, 11, 45.95%, 1, 0, 4, 483.80, 158425, 187, 1, 0
416, 0, 205, 211, 168, 8, 45.95%, 1, 0, 4, 462.75, 160788, 187, 1, 0
421, 0, 208, 215, 169, 6, 45.95%, 1, 0, 5, 453.22, 163145, 187, 1, 0
426, 0, 208, 216, 170, 6, 46.19%, 1, 0, 5, 461.28, 165420, 188, 1, 0
431, 0, 208, 216, 170, 6, 46.19%, 1, 0, 5, 453.43, 167733, 188, 1, 0
436, 0, 208, 217, 171, 6, 46.19%, 1, 0, 5, 442.30, 170007, 188, 1, 0
441, 0, 208, 217, 171, 6, 46.19%, 1, 0, 5, 446.31, 172239, 188, 1, 0
446, 0, 208, 218, 172, 6, 46.19%, 1, 0, 5, 433.53, 174398, 188, 1, 0
451, 0, 208, 218, 172, 6, 46.19%, 1, 0, 5, 425.69, 176526, 188, 1, 0
456, 0, 208, 218, 172, 6, 46.19%, 1, 0, 5, 440.64, 178758, 188, 1, 0
462, 0, 208, 218, 172, 6, 46.19%, 1, 0, 5, 465.27, 181076, 188, 1, 0
467, 0, 208, 218, 172, 6, 46.19%, 1, 0, 5, 462.58, 183416, 188, 1, 0
472, 0, 208, 218, 172, 6, 46.19%, 1, 0, 5, 455.40, 185720, 188, 1, 0
477, 0, 208, 219, 173, 6, 46.19%, 1, 0, 5, 483.54, 188148, 188, 1, 0
482, 0, 208, 219, 173, 6, 46.19%, 1, 0, 5, 466.46, 190461, 188, 1, 0
487, 0, 208, 219, 173, 6, 46.19%, 1, 0, 5, 441.32, 192701, 188, 1, 0
492, 0, 208, 219, 173, 6, 46.19%, 1, 0, 5, 425.94, 194669, 188, 1, 0
497, 0, 208, 219, 173, 6, 46.19%, 1, 0, 5, 424.27, 196765, 188, 1, 0
502, 0, 208, 219, 173, 6, 46.19%, 1, 0, 5, 432.01, 198989, 188, 1, 0
507, 0, 215, 219, 172, 6, 46.19%, 1, 0, 5, 423.98, 201195, 188, 1, 0
512, 0, 185, 220, 171, 4, 46.19%, 1, 0, 5, 451.63, 203454, 188, 1, 0
517, 0, 186, 220, 169, 2, 46.19%, 1, 0, 5, 478.35, 205882, 188, 1, 0
522, 0, 162, 220, 166, 1, 46.19%, 1, 0, 5, 451.81, 208190, 188, 1, 0
527, 0, 168, 220, 162, 0, 46.19%, 1, 0, 5, 459.37, 210484, 188, 1, 0
532, 0, 192, 221, 160, 0, 46.19%, 1, 0, 5, 465.65, 212809, 188, 1, 0
537, 0, 184, 224, 157, 0, 46.19%, 1, 0, 5, 456.19, 215115, 188, 1, 0
542, 0, 69, 224, 154, 0, 46.19%, 1, 0, 5, 459.39, 217475, 188, 1, 0
547, 0, 146, 225, 152, 0, 46.19%, 1, 0, 5, 442.90, 219693, 188, 1, 0
552, 0, 167, 225, 148, 0, 46.19%, 1, 0, 5, 489.34, 222143, 188, 1, 0
558, 0, 215, 225, 146, 0, 46.19%, 1, 0, 5, 451.93, 224449, 188, 1, 0
563, 0, 192, 225, 145, 0, 46.19%, 1, 0, 5, 430.12, 226583, 188, 1, 0
568, 0, 215, 225, 142, 0, 46.19%, 1, 0, 5, 416.38, 228690, 188, 1, 0
573, 0, 140, 225, 140, 0, 46.19%, 1, 0, 5, 455.72, 231102, 188, 1, 0
578, 0, 210, 226, 139, 0, 46.19%, 1, 0, 5, 470.01, 233451, 188, 1, 0
583, 0, 210, 227, 140, 0, 46.19%, 1, 0, 5, 445.34, 235711, 188, 1, 0
588, 0, 221, 227, 138, 0, 46.19%, 1, 0, 5, 435.09, 237953, 188, 1, 0
593, 0, 144, 227, 137, 0, 46.19%, 1, 0, 5, 414.40, 240065, 188, 1, 0
598, 0, 170, 230, 135, 0, 47.17%, 1, 0, 5, 434.55, 242345, 192, 1, 0
603, 0, 22, 231, 134, 0, 47.17%, 1, 0, 5, 455.10, 244620, 192, 1, 0
608, 0, 231, 243, 145, 1, 47.17%, 1, 0, 5, 459.66, 246937, 192, 1, 0
613, 0, 231, 245, 147, 1, 47.91%, 1, 0, 5, 425.38, 249091, 195, 1, 0
619, 0, 231, 247, 149, 1, 47.91%, 1, 0, 5, 429.22, 251337, 195, 1, 0
624, 0, 231, 247, 149, 1, 47.91%, 1, 0, 5, 453.67, 253617, 195, 1, 0
629, 0, 231, 248, 150, 1, 47.91%, 1, 0, 5, 488.50, 256044, 195, 1, 0
634, 0, 231, 248, 150, 1, 47.91%, 1, 0, 5, 472.66, 258438, 195, 1, 0
639, 0, 81, 249, 146, 0, 47.91%, 1, 0, 5, 448.58, 260727, 195, 1, 0
644, 0, 190, 249, 142, 0, 47.91%, 1, 0, 5, 426.77, 262842, 195, 1, 0
649, 0, 141, 255, 147, 0, 47.91%, 1, 0, 5, 449.52, 265076, 195, 1, 0
654, 0, 141, 256, 148, 0, 47.91%, 1, 0, 5, 439.20, 267299, 195, 1, 0
659, 0, 141, 256, 148, 0, 47.91%, 1, 0, 5, 457.55, 269674, 195, 1, 0
664, 0, 248, 257, 149, 0, 47.91%, 1, 0, 6, 467.00, 272088, 195, 1, 0
669, 0, 160, 257, 147, 0, 47.91%, 1, 0, 6, 414.92, 274160, 195, 1, 0
674, 0, 221, 258, 146, 0, 47.91%, 1, 0, 6, 437.21, 276414, 195, 1, 0
680, 0, 187, 258, 144, 0, 47.91%, 1, 0, 6, 432.23, 278645, 195, 1, 0
685, 0, 177, 258, 140, 0, 47.91%, 1, 0, 6, 452.75, 280942, 195, 1, 0
690, 1, 166, 258, 134, 0, 47.91%, 1, 0, 6, 453.98, 283234, 195, 1, 0
695, 1, 189, 258, 131, 0, 47.91%, 1, 0, 6, 453.10, 285492, 195, 1, 0
700, 1, 150, 258, 128, 0, 47.91%, 1, 0, 6, 467.02, 287822, 195, 1, 0
705, 1, 90, 258, 126, 0, 47.91%, 1, 0, 6, 468.87, 290207, 195, 1, 0
710, 1, 258, 260, 126, 1, 48.16%, 1, 0, 6, 457.35, 292496, 196, 1, 0
715, 1, 225, 261, 125, 0, 48.16%, 1, 0, 6, 445.59, 294664, 196, 1, 0
720, 1, 174, 262, 124, 0, 48.16%, 1, 0, 6, 447.17, 296908, 196, 1, 0
725, 1, 117, 263, 123, 0, 48.16%, 1, 0, 6, 437.41, 299160, 196, 1, 0
730, 1, 197, 263, 119, 0, 48.16%, 1, 0, 6, 443.38, 301463, 196, 1, 0
735, 1, 142, 263, 115, 0, 48.16%, 1, 0, 6, 421.31, 303670, 196, 1, 0
740, 1, 63, 263, 110, 0, 48.16%, 1, 0, 6, 481.04, 306092, 196, 1, 0
745, 1, 254, 264, 108, 0, 48.16%, 1, 0, 6, 424.20, 308226, 196, 1, 0
750, 1, 147, 264, 106, 0, 48.16%, 1, 0, 6, 437.80, 310456, 196, 1, 0
755, 1, 252, 264, 105, 0, 48.16%, 1, 0, 6, 393.99, 312461, 196, 1, 0
761, 1, 78, 264, 103, 0, 48.16%, 1, 0, 6, 438.03, 314789, 196, 1, 0
766, 1, 242, 264, 101, 0, 48.16%, 1, 0, 6, 433.63, 317065, 196, 1, 0
771, 1, 173, 266, 101, 0, 48.40%, 1, 0, 6, 437.38, 319366, 197, 1, 0
776, 1, 210, 266, 99, 0, 48.40%, 1, 0, 6, 456.20, 321667, 197, 1, 0
781, 1, 217, 267, 98, 0, 48.40%, 1, 0, 6, 464.72, 324008, 197, 1, 0
786, 1, 16, 267, 94, 0, 48.40%, 1, 0, 6, 457.15, 326274, 197, 1, 0
791, 1, 259, 268, 92, 0, 48.65%, 1, 0, 6, 424.94, 328428, 198, 1, 0
796, 1, 35, 268, 90, 0, 48.65%, 1, 0, 6, 482.80, 330876, 198, 1, 0
801, 1, 265, 268, 87, 0, 48.65%, 1, 0, 6, 460.16, 333195, 198, 1, 0
806, 1, 255, 268, 84, 0, 48.65%, 1, 0, 6, 462.33, 335555, 198, 1, 0
812, 1, 215, 268, 81, 0, 48.65%, 1, 0, 6, 409.69, 337674, 198, 1, 0
817, 1, 26, 268, 77, 0, 48.65%, 1, 0, 6, 399.58, 339726, 198, 1, 0
822, 1, 97, 269, 75, 0, 48.65%, 1, 0, 6, 439.76, 342020, 198, 1, 0
827, 1, 269, 272, 77, 1, 48.65%, 1, 0, 6, 403.79, 344045, 198, 1, 0
832, 1, 251, 272, 75, 0, 48.65%, 1, 0, 6, 431.79, 346281, 198, 1, 0
837, 1, 186, 272, 70, 0, 48.65%, 1, 0, 6, 423.18, 348443, 198, 1, 0
842, 1, 187, 272, 69, 0, 48.65%, 1, 0, 6, 449.03, 350822, 198, 1, 0
847, 1, 87, 275, 71, 0, 48.65%, 1, 0, 6, 416.34, 353001, 198, 1, 0
852, 1, 143, 275, 67, 0, 48.65%, 1, 0, 6, 443.13, 355236, 198, 1, 0
857, 1, 176, 275, 64, 0, 48.65%, 1, 0, 6, 444.06, 357479, 198, 1, 0
862, 1, 264, 277, 65, 0, 48.65%, 1, 0, 6, 445.42, 359684, 198, 1, 0
868, 1, 276, 277, 64, 1, 48.65%, 1, 0, 6, 440.58, 361930, 198, 1, 0
873, 1, 153, 277, 61, 0, 48.65%, 1, 0, 6, 445.06, 364205, 198, 1, 0
878, 1, 248, 277, 57, 0, 48.65%, 1, 0, 6, 436.31, 366377, 198, 1, 0
883, 1, 239, 277, 54, 0, 48.65%, 1, 0, 6, 436.61, 368562, 198, 1, 0
888, 1, 272, 281, 57, 0, 48.65%, 1, 0, 6, 401.22, 370641, 198, 1, 0
893, 1, 272, 283, 59, 0, 48.65%, 1, 0, 6, 379.92, 372534, 198, 1, 0
898, 1, 272, 284, 60, 0, 48.65%, 1, 0, 6, 399.67, 374670, 198, 1, 0
903, 1, 272, 285, 61, 0, 48.65%, 1, 0, 6, 406.91, 376805, 198, 1, 0
908, 1, 272, 285, 61, 0, 48.65%, 1, 0, 6, 404.47, 378837, 198, 1, 0
913, 1, 277, 286, 59, 0, 48.89%, 1, 0, 6, 438.52, 381098, 199, 1, 0
918, 1, 126, 286, 58, 0, 48.89%, 1, 0, 6, 452.86, 383371, 199, 1, 0
923, 1, 264, 286, 57, 0, 48.89%, 1, 0, 6, 452.74, 385720, 199, 1, 0
928, 1, 76, 286, 55, 0, 48.89%, 1, 0, 6, 473.27, 388033, 199, 1, 0
934, 1, 124, 286, 53, 0, 48.89%, 1, 0, 6, 450.10, 390341, 199, 1, 0
939, 1, 269, 286, 50, 0, 48.89%, 1, 0, 6, 468.18, 392673, 199, 1, 0
944, 1, 10, 286, 49, 0, 48.89%, 1, 0, 6, 468.35, 395102, 199, 1, 0
949, 1, 248, 287, 49, 0, 48.89%, 1, 0, 6, 471.03, 397467, 199, 1, 0
954, 1, 263, 289, 50, 0, 48.89%, 1, 0, 7, 452.00, 399741, 199, 1, 0
959, 1, 185, 289, 48, 0, 48.89%, 1, 0, 7, 415.13, 401796, 199, 1, 0
964, 1, 278, 289, 47, 0, 48.89%, 1, 0, 7, 424.69, 403959, 199, 1, 0
969, 1, 127, 289, 45, 0, 48.89%, 1, 0, 7, 445.71, 406224, 199, 1, 0
974, 2, 305, 346, 99, 14, 52.09%, 1, 0, 7, 431.35, 408454, 212, 1, 0
979, 2, 305, 346, 99, 14, 52.09%, 1, 0, 7, 440.64, 410688, 212, 1, 0
984, 2, 309, 346, 96, 11, 52.09%, 1, 0, 7, 443.87, 412917, 212, 1, 0
989, 2, 308, 346, 94, 9, 52.09%, 1, 0, 7, 449.74, 415186, 212, 1, 0
995, 2, 344, 346, 91, 6, 52.09%, 1, 0, 7, 440.18, 417464, 212, 1, 0
1000, 2, 332, 346, 88, 3, 52.09%, 1, 0, 7, 471.35, 419814, 212, 1, 0
1005, 2, 325, 347, 87, 1, 52.09%, 1, 0, 7, 439.36, 421991, 212, 1, 0
1010, 2, 336, 347, 86, 0, 52.09%, 1, 0, 7, 416.51, 424055, 212, 1, 0
1015, 2, 335, 347, 84, 0, 52.09%, 1, 0, 7, 434.45, 426256, 212, 1, 0
1020, 2, 307, 347, 81, 0, 52.09%, 2, 0, 7, 448.29, 428619, 212, 2, 0
1025, 2, 126, 347, 77, 0, 52.09%, 2, 0, 7, 447.06, 430906, 212, 2, 0
1030, 2, 268, 347, 75, 0, 52.09%, 2, 0, 7, 440.98, 433087, 212, 2, 0
1035, 2, 283, 347, 73, 0, 52.09%, 2, 0, 7, 435.59, 435324, 212, 2, 0
1040, 2, 322, 347, 70, 0, 52.09%, 2, 0, 7, 439.12, 437603, 212, 2, 0
1045, 2, 301, 347, 68, 0, 52.09%, 2, 0, 7, 433.18, 439801, 212, 2, 0
1050, 2, 210, 347, 66, 0, 52.09%, 2, 0, 7, 460.20, 442133, 212, 2, 0
1055, 2, 88, 347, 65, 0, 52.09%, 2, 0, 7, 431.54, 444355, 212, 2, 0
1060, 2, 323, 347, 62, 0, 52.09%, 2, 0, 7, 445.38, 446628, 212, 2, 0
1066, 2, 271, 347, 60, 0, 52.09%, 2, 0, 7, 444.70, 448910, 212, 2, 0
1071, 2, 324, 348, 59, 0, 52.09%, 2, 0, 7, 427.84, 451129, 212, 2, 0
1076, 2, 132, 348, 57, 0, 52.09%, 3, 0, 7, 451.40, 453458, 212, 4, 0
1081, 2, 276, 348, 54, 0, 52.09%, 3, 0, 7, 432.24, 455607, 212, 4, 0
1086, 2, 91, 348, 52, 0, 52.09%, 3, 0, 7, 456.06, 457920, 212, 4, 0
1091, 2, 302, 348, 50, 0, 52.09%, 3, 0, 7, 457.54, 460369, 212, 4, 0
1096, 2, 208, 348, 47, 0, 52.09%, 3, 0, 7, 459.44, 462736, 212, 4, 0
1101, 2, 347, 348, 46, 0, 52.09%, 3, 0, 7, 429.80, 464895, 212, 6, 0
1106, 2, 292, 348, 44, 0, 52.09%, 3, 0, 7, 434.54, 467094, 212, 6, 0
1112, 2, 316, 348, 42, 0, 52.09%, 3, 0, 7, 441.34, 469345, 212, 6, 0
1117, 2, 181, 348, 40, 0, 52.09%, 3, 0, 7, 438.30, 471549, 212, 6, 0
1122, 2, 303, 349, 39, 0, 52.09%, 3, 0, 7, 465.56, 473904, 212, 6, 0
1127, 2, 326, 349, 38, 0, 52.09%, 3, 0, 7, 462.55, 476314, 212, 6, 0
1132, 2, 309, 349, 37, 0, 52.09%, 3, 0, 7, 445.65, 478569, 212, 6, 0
1137, 2, 276, 349, 35, 0, 52.09%, 3, 0, 7, 444.62, 480804, 212, 7, 0
1142, 2, 319, 349, 34, 0, 52.09%, 3, 0, 7, 433.86, 482978, 212, 8, 0
1147, 2, 210, 349, 33, 0, 52.09%, 3, 0, 7, 442.48, 485208, 212, 8, 0
1152, 2, 137, 349, 32, 0, 52.09%, 3, 0, 7, 441.58, 487429, 212, 8, 0
1157, 2, 327, 349, 30, 0, 52.09%, 3, 0, 7, 449.55, 489672, 212, 8, 0
1162, 2, 288, 349, 28, 0, 52.09%, 3, 0, 7, 428.48, 491803, 212, 8, 0
1167, 2, 156, 349, 25, 0, 52.09%, 3, 0, 7, 433.87, 494014, 212, 8, 0
1173, 2, 346, 349, 24, 0, 52.09%, 3, 0, 7, 452.47, 496289, 212, 8, 0
1178, 2, 308, 349, 22, 0, 52.09%, 3, 0, 7, 446.59, 498626, 212, 8, 0
1183, 2, 345, 349, 22, 0, 52.09%, 3, 0, 7, 444.71, 500936, 212, 8, 0
1188, 2, 241, 349, 20, 0, 52.09%, 3, 0, 7, 452.14, 503240, 212, 8, 0
1193, 2, 308, 349, 19, 0, 52.09%, 3, 0, 7, 450.68, 505577, 212, 8, 0
1198, 2, 215, 349, 18, 0, 52.09%, 3, 0, 7, 417.63, 507670, 212, 8, 0
1203, 3, 349, 352, 20, 2, 52.58%, 3, 0, 7, 435.25, 509965, 214, 8, 0
1208, 3, 36, 352, 18, 0, 52.58%, 3, 0, 7, 433.11, 512184, 214, 8, 0
1213, 3, 219, 352, 17, 0, 52.58%, 3, 0, 7, 429.92, 514347, 214, 8, 0
1218, 3, 264, 352, 15, 0, 52.58%, 3, 0, 7, 445.43, 516631, 214, 8, 0
1224, 3, 195, 352, 14, 0, 52.58%, 3, 0, 7, 450.39, 518931, 214, 8, 0
1229, 3, 282, 352, 14, 0, 52.58%, 3, 0, 7, 435.70, 521130, 214, 8, 0
1234, 3, 50, 352, 13, 0, 52.58%, 3, 0, 7, 432.80, 523298, 214, 9, 0
1239, 3, 24, 352, 13, 0, 52.58%, 3, 0, 7, 445.00, 525534, 214, 9, 0
1244, 3, 305, 352, 12, 0, 52.58%, 3, 0, 7, 446.06, 527786, 214, 9, 0
1249, 3, 331, 352, 12, 0, 52.58%, 3, 0, 7, 428.74, 529978, 214, 9, 0
1254, 3, 351, 352, 12, 0, 52.58%, 3, 0, 7, 426.49, 532198, 214, 11, 0
1259, 3, 275, 352, 9, 0, 52.58%, 3, 0, 7, 446.77, 534565, 214, 11, 0
1264, 3, 77, 352, 9, 0, 52.58%, 4, 0, 7, 446.88, 536831, 214, 12, 0
1269, 3, 325, 352, 9, 0, 52.58%, 4, 0, 7, 435.30, 539028, 214, 12, 0
1274, 3, 210, 352, 9, 0, 52.58%, 4, 0, 7, 437.71, 541202, 214, 12, 0
1279, 3, 168, 352, 9, 0, 52.58%, 4, 0, 7, 444.57, 543434, 214, 12, 0
1284, 3, 265, 352, 8, 0, 52.58%, 4, 0, 7, 450.08, 545714, 214, 12, 0
1290, 3, 349, 352, 8, 0, 52.58%, 4, 0, 7, 455.05, 547954, 214, 12, 0
1295, 3, 79, 352, 7, 0, 52.58%, 5, 0, 7, 436.48, 550163, 214, 13, 0
1300, 3, 168, 352, 5, 0, 52.58%, 5, 0, 7, 423.05, 552286, 214, 13, 0
1305, 3, 276, 352, 5, 0, 52.58%, 5, 0, 7, 428.48, 554462, 214, 13, 0
1310, 3, 264, 353, 6, 0, 52.58%, 5, 0, 7, 447.01, 556754, 214, 13, 0
1315, 3, 268, 353, 6, 0, 52.58%, 5, 0, 7, 433.88, 558935, 214, 17, 0
1320, 3, 334, 353, 5, 0, 52.58%, 5, 0, 7, 433.01, 561123, 214, 18, 0
1325, 3, 295, 353, 5, 0, 52.58%, 5, 0, 7, 441.49, 563333, 214, 18, 0
1330, 3, 275, 353, 3, 0, 52.58%, 5, 0, 7, 437.04, 565494, 214, 18, 0
1335, 4, 185, 355, 5, 0, 52.58%, 5, 0, 7, 440.95, 567696, 214, 18, 0
1340, 4, 306, 355, 4, 0, 52.58%, 5, 0, 7, 444.65, 569928, 214, 18, 0
1345, 4, 210, 355, 3, 0, 52.58%, 5, 0, 7, 469.52, 572345, 214, 18, 0
1350, 4, 168, 355, 3, 0, 52.58%, 5, 0, 7, 434.29, 574579, 214, 18, 0
1355, 4, 305, 355, 3, 0, 52.58%, 5, 0, 7, 426.63, 576736, 214, 18, 0
1361, 4, 325, 355, 3, 0, 52.58%, 5, 0, 7, 439.08, 579084, 214, 18, 0
1366, 4, 306, 355, 3, 0, 52.58%, 5, 0, 7, 421.63, 581185, 214, 19, 0
1371, 4, 268, 355, 3, 0, 52.58%, 5, 0, 7, 441.98, 583387, 214, 19, 0
1376, 4, 122, 355, 3, 0, 52.58%, 5, 0, 7, 427.59, 585517, 214, 19, 0
1381, 4, 268, 355, 3, 0, 52.58%, 5, 0, 7, 438.94, 587769, 214, 19, 0
1386, 4, 275, 355, 3, 0, 52.58%, 5, 0, 7, 411.83, 589851, 214, 19, 0
1391, 4, 225, 355, 3, 0, 52.58%, 5, 0, 7, 423.56, 592002, 214, 19, 0
1396, 4, 233, 355, 3, 0, 52.58%, 5, 0, 7, 427.29, 594272, 214, 19, 0
1401, 4, 268, 355, 2, 0, 52.58%, 5, 0, 7, 316.63, 596168, 214, 20, 0
1406, 4, 332, 355, 2, 0, 52.58%, 5, 0, 7, 393.53, 598253, 214, 20, 0
1411, 4, 305, 355, 2, 0, 52.58%, 5, 0, 7, 422.79, 600413, 214, 20, 0
1417, 4, 262, 355, 2, 0, 52.58%, 5, 0, 7, 437.55, 602623, 214, 21, 0
1422, 4, 158, 355, 2, 0, 52.58%, 5, 0, 7, 435.81, 604805, 214, 21, 0
1427, 4, 349, 355, 2, 0, 52.58%, 5, 0, 7, 431.92, 606953, 214, 21, 0
1432, 4, 268, 355, 2, 0, 52.58%, 5, 0, 7, 447.48, 609280, 214, 21, 0
1437, 4, 334, 355, 2, 0, 52.58%, 5, 0, 7, 418.92, 611389, 214, 22, 0
1442, 4, 269, 355, 2, 0, 52.58%, 5, 0, 7, 416.85, 613505, 214, 23, 0
1447, 4, 241, 355, 2, 0, 52.58%, 5, 0, 7, 446.16, 615727, 214, 26, 0
1452, 5, 276, 355, 2, 0, 52.58%, 5, 0, 7, 436.64, 617919, 214, 27, 0
1457, 5, 176, 355, 2, 0, 52.58%, 5, 0, 7, 424.49, 620040, 214, 27, 0
1462, 5, 267, 355, 2, 0, 52.58%, 5, 0, 7, 472.05, 622520, 214, 27, 0
1467, 5, 268, 355, 2, 0, 52.58%, 5, 0, 7, 421.35, 624595, 214, 27, 0
1472, 5, 206, 355, 2, 0, 52.58%, 5, 0, 7, 417.86, 626755, 214, 27, 0
1477, 5, 305, 355, 2, 0, 52.58%, 5, 0, 7, 401.35, 628751, 214, 27, 0
1483, 5, 305, 355, 2, 0, 52.58%, 5, 0, 7, 414.74, 630833, 214, 28, 0
1488, 5, 76, 355, 2, 0, 52.58%, 5, 0, 7, 430.68, 632997, 214, 28, 0
1493, 5, 276, 355, 2, 0, 52.58%, 5, 0, 7, 421.49, 635158, 214, 28, 0
1498, 5, 241, 355, 2, 0, 52.58%, 5, 0, 7, 437.43, 637356, 214, 28, 0
1503, 5, 168, 356, 3, 0, 52.58%, 5, 0, 7, 430.16, 639530, 214, 28, 0
1508, 5, 269, 356, 3, 0, 52.58%, 5, 0, 7, 428.94, 641699, 214, 28, 0
1513, 5, 86, 356, 3, 0, 52.58%, 5, 0, 7, 423.51, 643869, 214, 28, 0
1518, 5, 355, 356, 3, 0, 52.58%, 5, 0, 7, 452.36, 646190, 214, 28, 0
1523, 5, 168, 356, 2, 0, 52.58%, 5, 0, 7, 434.35, 648382, 214, 28, 0
1528, 5, 301, 356, 2, 0, 52.58%, 5, 0, 7, 430.37, 650565, 214, 28, 0
1533, 5, 275, 356, 2, 0, 52.58%, 5, 0, 7, 414.60, 652668, 214, 28, 0
1538, 5, 325, 356, 2, 0, 52.58%, 5, 0, 7, 432.51, 654851, 214, 30, 0
1543, 5, 99, 356, 2, 0, 52.58%, 5, 0, 7, 401.65, 656873, 214, 30, 0
1548, 5, 80, 356, 2, 0, 52.58%, 5, 0, 7, 443.56, 659180, 214, 30, 0
1554, 5, 241, 356, 2, 0, 52.58%, 5, 0, 7, 456.04, 661412, 214, 30, 0
1559, 5, 268, 356, 2, 0, 52.58%, 5, 0, 7, 437.01, 663586, 214, 30, 0
1564, 5, 318, 372, 18, 0, 57.74%, 5, 0, 7, 442.00, 665838, 235, 31, 0
1569, 6, 372, 378, 24, 7, 57.74%, 5, 0, 7, 447.93, 668077, 235, 31, 0
1574, 6, 364, 382, 27, 6, 57.74%, 5, 0, 7, 468.31, 670483, 235, 31, 0
1579, 6, 380, 382, 26, 6, 57.74%, 5, 0, 7, 441.15, 672628, 235, 31, 0
1584, 6, 366, 391, 34, 5, 57.74%, 5, 0, 7, 439.85, 674809, 235, 31, 0
1589, 6, 382, 391, 33, 5, 57.74%, 5, 0, 7, 435.16, 677017, 235, 31, 0
1594, 6, 356, 400, 40, 3, 57.74%, 5, 0, 7, 438.44, 679276, 235, 31, 0
1599, 6, 361, 400, 39, 2, 57.74%, 5, 0, 7, 440.15, 681497, 235, 31, 0
1604, 6, 363, 401, 38, 1, 57.99%, 5, 0, 7, 459.79, 683810, 236, 31, 0
1609, 6, 362, 402, 38, 1, 58.23%, 5, 0, 7, 473.39, 686220, 237, 31, 0
1614, 6, 136, 402, 36, 0, 58.23%, 5, 0, 7, 459.34, 688501, 237, 31, 0
1620, 6, 356, 402, 35, 0, 58.23%, 5, 0, 7, 442.96, 690743, 237, 31, 0
1625, 6, 356, 402, 34, 0, 58.23%, 5, 0, 7, 428.22, 692855, 237, 31, 0
1630, 6, 370, 402, 34, 0, 58.23%, 5, 0, 7, 480.48, 695306, 237, 31, 0
1635, 6, 255, 402, 32, 0, 58.23%, 5, 0, 7, 481.48, 697815, 237, 31, 0
1640, 6, 168, 402, 31, 0, 58.23%, 5, 0, 7, 450.62, 700105, 237, 31, 0
1645, 6, 367, 402, 31, 0, 58.23%, 5, 0, 7, 465.13, 702472, 237, 33, 0
1650, 6, 360, 402, 30, 0, 58.23%, 5, 0, 7, 447.66, 704757, 237, 33, 0
1655, 6, 185, 402, 28, 0, 58.23%, 5, 0, 7, 420.42, 706855, 237, 33, 0
1660, 6, 379, 402, 27, 0, 58.23%, 5, 0, 7, 418.85, 708953, 237, 33, 0
1665, 6, 264, 402, 25, 0, 58.23%, 5, 0, 7, 424.88, 711177, 237, 33, 0
1670, 6, 356, 402, 24, 0, 58.23%, 5, 0, 7, 434.89, 713398, 237, 33, 0
1675, 6, 126, 402, 24, 0, 58.23%, 5, 0, 7, 456.46, 715745, 237, 33, 0
1680, 6, 395, 402, 23, 0, 58.23%, 5, 0, 7, 464.30, 718112, 237, 33, 0
1686, 6, 269, 402, 22, 0, 58.23%, 5, 0, 7, 453.97, 720361, 237, 34, 0
1691, 6, 369, 402, 22, 0, 58.23%, 5, 0, 7, 452.85, 722584, 237, 34, 0
1696, 6, 264, 402, 20, 0, 58.23%, 5, 0, 7, 456.72, 724907, 237, 34, 0
1701, 6, 331, 402, 20, 0, 58.23%, 5, 0, 7, 430.12, 727067, 237, 34, 0
1706, 6, 389, 402, 20, 0, 58.23%, 5, 0, 7, 442.52, 729350, 237, 36, 0
1711, 6, 392, 402, 19, 0, 58.23%, 5, 0, 7, 449.94, 731558, 237, 36, 0
1716, 6, 368, 402, 18, 0, 58.23%, 5, 0, 7, 456.97, 733859, 237, 36, 0
1721, 6, 216, 402, 17, 0, 58.23%, 5, 0, 7, 445.39, 736149, 237, 36, 0
1726, 6, 10, 402, 16, 0, 58.23%, 5, 0, 7, 435.88, 738380, 237, 36, 0
1731, 6, 386, 402, 15, 0, 58.23%, 5, 0, 7, 430.82, 740572, 237, 36, 0
1736, 6, 401, 402, 14, 0, 58.23%, 5, 0, 7, 429.75, 742778, 237, 36, 0
1741, 6, 382, 403, 15, 0, 58.23%, 5, 0, 7, 428.63, 744933, 237, 36, 0
1746, 6, 309, 403, 15, 0, 58.23%, 5, 0, 7, 431.18, 747141, 237, 36, 0
1751, 6, 398, 403, 14, 0, 58.23%, 5, 0, 7, 433.33, 749383, 237, 36, 0
1756, 6, 241, 404, 13, 0, 58.23%, 5, 0, 7, 450.20, 751693, 237, 36, 0
1762, 6, 210, 404, 13, 0, 58.23%, 5, 0, 7, 448.54, 753931, 237, 36, 0
1767, 6, 403, 404, 12, 0, 58.23%, 5, 0, 7, 454.17, 756270, 237, 36, 0
1772, 6, 358, 404, 11, 0, 58.23%, 5, 0, 7, 449.98, 758504, 237, 36, 0
1777, 6, 36, 404, 11, 0, 58.23%, 6, 0, 7, 468.70, 760849, 237, 37, 0
1782, 6, 359, 404, 11, 0, 58.23%, 6, 0, 7, 477.49, 763251, 237, 37, 0
1787, 6, 168, 404, 9, 0, 58.23%, 6, 0, 7, 459.99, 765556, 237, 37, 0
1792, 6, 126, 404, 9, 0, 58.23%, 6, 0, 7, 469.84, 767862, 237, 37, 0
1797, 7, 404, 457, 62, 3, 61.43%, 6, 0, 7, 417.16, 769860, 250, 37, 0
1800, 7, 404, 457, 62, 3, 61.43%, 6, 0, 7, 434.34, 771331, 250, 37, 0
