# relative_time, cycles_done, cur_item, corpus_count, pending_total, pending_favs, map_size, saved_crashes, saved_hangs, max_depth, execs_per_sec, total_execs, edges_found, total_crashes, servers_count
60, 0, 9, 74, 69, 5, 31.70%, 0, 0, 2, 458.22, 26453, 129, 0, 0
66, 0, 9, 74, 69, 5, 31.70%, 0, 0, 2, 493.19, 28983, 129, 0, 0
71, 0, 9, 75, 70, 5, 31.70%, 0, 0, 2, 434.78, 31152, 129, 0, 0
76, 0, 9, 79, 74, 5, 31.70%, 0, 0, 2, 420.65, 33228, 129, 0, 0
81, 0, 9, 81, 76, 5, 31.70%, 0, 0, 2, 439.69, 35562, 129, 0, 0
86, 0, 9, 83, 78, 5, 31.70%, 0, 0, 2, 426.72, 37712, 129, 0, 0
91, 0, 9, 83, 78, 5, 31.70%, 0, 0, 2, 445.08, 39976, 129, 0, 0
96, 0, 9, 84, 79, 5, 31.70%, 0, 0, 2, 423.79, 42112, 129, 0, 0
101, 0, 9, 84, 79, 5, 31.70%, 0, 0, 2, 422.94, 44272, 129, 0, 0
106, 0, 9, 85, 80, 5, 31.70%, 0, 0, 2, 446.42, 46567, 129, 0, 0
111, 0, 9, 85, 80, 5, 31.70%, 0, 0, 2, 431.36, 48791, 129, 0, 0
116, 0, 9, 85, 80, 5, 31.70%, 0, 0, 2, 443.85, 51015, 129, 0, 0
122, 0, 9, 85, 80, 5, 31.70%, 0, 0, 2, 438.45, 53167, 129, 0, 0
127, 0, 19, 130, 124, 32, 43.98%, 0, 0, 2, 413.43, 55192, 179, 0, 0
132, 0, 3, 143, 130, 26, 47.42%, 0, 0, 3, 434.65, 57487, 193, 0, 0
137, 0, 140, 154, 140, 28, 52.58%, 0, 0, 3, 400.23, 59535, 214, 0, 0
142, 0, 140, 155, 141, 28, 52.58%, 0, 0, 3, 447.83, 61840, 214, 0, 0
147, 0, 148, 171, 156, 33, 52.58%, 0, 0, 4, 400.81, 63871, 214, 0, 0
152, 0, 170, 179, 163, 34, 52.83%, 0, 0, 4, 401.04, 65916, 215, 0, 0
157, 0, 122, 182, 165, 33, 52.83%, 0, 0, 4, 422.08, 68041, 215, 0, 0
162, 0, 42, 185, 166, 32, 52.83%, 0, 0, 4, 423.72, 70138, 215, 0, 0
167, 0, 151, 190, 170, 31, 52.83%, 0, 0, 4, 437.36, 72449, 215, 0, 0
172, 0, 67, 194, 173, 30, 53.56%, 0, 0, 4, 425.72, 74648, 218, 0, 0
178, 0, 67, 196, 175, 30, 53.56%, 0, 0, 4, 415.08, 76758, 218, 0, 0
183, 0, 67, 199, 178, 30, 53.56%, 0, 0, 4, 420.47, 78932, 218, 0, 0
188, 0, 67, 201, 180, 30, 53.56%, 0, 0, 4, 412.56, 81050, 218, 0, 0
193, 0, 67, 204, 183, 30, 53.56%, 0, 0, 4, 405.03, 83159, 218, 0, 0
198, 0, 67, 205, 184, 30, 53.56%, 0, 0, 4, 398.93, 85150, 218, 0, 0
203, 0, 67, 207, 186, 30, 53.56%, 0, 0, 4, 416.62, 87276, 218, 0, 0
208, 0, 67, 209, 188, 30, 53.56%, 0, 0, 4, 407.31, 89338, 218, 0, 0
213, 0, 67, 209, 188, 30, 53.56%, 0, 0, 4, 477.03, 91859, 218, 0, 0
218, 0, 67, 209, 188, 30, 53.56%, 0, 0, 4, 424.97, 93946, 218, 0, 0
224, 0, 67, 209, 188, 30, 53.56%, 0, 0, 4, 400.16, 95970, 218, 0, 0
229, 0, 67, 209, 188, 30, 53.56%, 0, 0, 4, 400.07, 97932, 218, 0, 0
234, 0, 67, 210, 189, 30, 53.56%, 0, 0, 4, 443.98, 100121, 218, 0, 0
239, 0, 67, 210, 189, 30, 53.56%, 0, 0, 4, 461.27, 102441, 218, 0, 0
244, 0, 67, 212, 191, 30, 53.56%, 0, 0, 4, 404.94, 104439, 218, 0, 0
249, 0, 67, 212, 191, 30, 53.56%, 0, 0, 4, 437.50, 106703, 218, 0, 0
254, 0, 67, 213, 192, 30, 53.56%, 0, 0, 4, 418.85, 108838, 218, 0, 0
259, 0, 67, 213, 192, 30, 53.56%, 0, 0, 4, 413.82, 110942, 218, 0, 0
264, 0, 67, 213, 192, 30, 53.56%, 0, 0, 4, 413.64, 113046, 218, 0, 0
269, 0, 67, 213, 192, 30, 53.56%, 0, 0, 4, 403.67, 115086, 218, 0, 0
274, 0, 67, 213, 192, 30, 53.56%, 0, 0, 4, 426.42, 117318, 218, 0, 0
279, 0, 67, 214, 193, 30, 53.56%, 0, 0, 4, 433.85, 119525, 218, 0, 0
284, 0, 67, 215, 194, 30, 53.56%, 0, 0, 4, 412.80, 121620, 218, 0, 0
289, 0, 67, 216, 195, 30, 53.56%, 0, 0, 4, 421.42, 123707, 218, 0, 0
294, 0, 215, 216, 193, 30, 53.56%, 0, 0, 4, 399.49, 125704, 218, 0, 0
299, 0, 215, 219, 196, 30, 53.56%, 0, 0, 4, 400.69, 127744, 218, 0, 0
304, 0, 106, 219, 194, 28, 53.56%, 0, 0, 4, 451.22, 130082, 218, 0, 0
309, 0, 146, 232, 206, 29, 53.56%, 0, 0, 4, 444.54, 132334, 218, 0, 0
314, 0, 238, 240, 213, 29, 53.81%, 0, 0, 4, 392.11, 134144, 219, 0, 0
320, 0, 218, 243, 215, 28, 53.81%, 0, 0, 5, 416.87, 136307, 219, 0, 0
325, 0, 105, 243, 214, 27, 53.81%, 0, 0, 5, 414.20, 138476, 219, 0, 0
330, 0, 143, 243, 213, 26, 53.81%, 0, 0, 5, 428.44, 140570, 219, 0, 0
335, 0, 220, 243, 211, 24, 53.81%, 0, 0, 5, 431.05, 142713, 219, 0, 0
340, 0, 244, 245, 210, 23, 54.55%, 0, 0, 5, 446.22, 144938, 222, 0, 0
345, 0, 144, 245, 206, 19, 54.55%, 0, 0, 5, 420.47, 147109, 222, 0, 0
350, 0, 79, 246, 206, 18, 54.55%, 0, 0, 5, 416.71, 149192, 222, 0, 0
355, 0, 90, 255, 214, 18, 55.28%, 1, 0, 5, 457.00, 151490, 225, 1, 0
360, 0, 90, 260, 219, 18, 55.28%, 1, 0, 5, 432.60, 153680, 225, 1, 0
365, 0, 90, 263, 222, 18, 55.28%, 1, 0, 5, 412.25, 155741, 225, 1, 0
370, 0, 90, 266, 225, 18, 55.28%, 1, 0, 5, 430.99, 157994, 225, 1, 0
375, 0, 90, 268, 227, 18, 55.28%, 1, 0, 5, 430.22, 160065, 225, 1, 0
381, 0, 90, 271, 230, 18, 55.28%, 1, 0, 5, 438.55, 162310, 225, 1, 0
386, 0, 90, 272, 231, 18, 55.28%, 1, 0, 5, 422.35, 164485, 225, 1, 0
391, 0, 90, 273, 232, 18, 55.28%, 1, 0, 5, 384.87, 166474, 225, 1, 0
396, 0, 90, 273, 232, 18, 55.28%, 1, 0, 5, 444.77, 168844, 225, 1, 0
401, 0, 90, 274, 233, 18, 55.77%, 1, 0, 5, 428.37, 170987, 227, 1, 0
406, 0, 90, 275, 234, 18, 55.77%, 1, 0, 5, 474.81, 173371, 227, 1, 0
411, 0, 90, 276, 235, 18, 56.02%, 1, 0, 5, 424.15, 175473, 228, 1, 0
416, 0, 90, 278, 237, 18, 56.02%, 1, 0, 5, 448.70, 177767, 228, 1, 0
421, 0, 90, 279, 238, 18, 56.02%, 1, 0, 5, 392.83, 179690, 228, 1, 0
426, 0, 254, 280, 238, 19, 56.02%, 1, 0, 5, 393.37, 181718, 228, 1, 0
431, 0, 226, 280, 236, 17, 56.02%, 1, 0, 5, 405.42, 183706, 228, 1, 0
436, 0, 275, 280, 233, 14, 56.02%, 1, 0, 5, 440.95, 185920, 228, 1, 0
441, 0, 0, 280, 232, 13, 56.02%, 1, 0, 5, 425.75, 188031, 228, 1, 0
447, 0, 251, 280, 231, 12, 56.02%, 1, 0, 5, 434.01, 190376, 228, 1, 0
452, 0, 87, 280, 229, 10, 56.02%, 1, 0, 5, 434.65, 192555, 228, 1, 0
457, 0, 87, 281, 230, 10, 56.02%, 1, 0, 5, 404.48, 194534, 228, 1, 0
462, 0, 282, 291, 238, 9, 56.02%, 1, 0, 5, 445.22, 196918, 228, 1, 0
467, 0, 104, 291, 237, 8, 56.02%, 1, 0, 5, 419.43, 198985, 228, 1, 0
472, 0, 97, 292, 234, 4, 56.02%, 1, 0, 5, 414.13, 201035, 228, 1, 0
477, 0, 97, 292, 234, 4, 56.02%, 1, 0, 5, 402.09, 203033, 228, 1, 0
482, 0, 97, 292, 234, 4, 56.02%, 1, 0, 5, 390.53, 205017, 228, 1, 0
487, 0, 114, 293, 234, 3, 56.02%, 1, 0, 5, 391.47, 207009, 228, 1, 0
492, 0, 261, 299, 237, 0, 56.02%, 1, 0, 5, 401.12, 209085, 228, 1, 0
497, 0, 261, 300, 238, 0, 56.02%, 1, 0, 5, 416.61, 211132, 228, 1, 0
503, 0, 261, 300, 238, 0, 56.02%, 1, 0, 5, 388.78, 213107, 228, 1, 0
508, 0, 261, 302, 240, 0, 56.02%, 1, 0, 5, 413.80, 215226, 228, 1, 0
513, 0, 251, 304, 239, 0, 56.02%, 1, 0, 5, 407.50, 217252, 228, 1, 0
518, 0, 3, 305, 238, 0, 56.02%, 1, 0, 5, 408.93, 219343, 228, 1, 0
523, 0, 85, 305, 234, 0, 56.02%, 1, 0, 5, 408.87, 221455, 228, 1, 0
528, 0, 269, 306, 234, 0, 56.02%, 1, 0, 5, 437.37, 223703, 228, 1, 0
533, 0, 181, 314, 241, 0, 56.02%, 1, 0, 5, 431.32, 225988, 228, 1, 0
538, 0, 181, 317, 244, 0, 56.02%, 1, 0, 5, 428.68, 228169, 228, 1, 0
544, 0, 181, 318, 245, 0, 56.27%, 1, 0, 5, 429.90, 230392, 229, 1, 0
549, 0, 181, 318, 245, 0, 56.27%, 1, 0, 5, 424.81, 232480, 229, 1, 0
554, 0, 317, 318, 244, 1, 56.27%, 1, 0, 5, 422.38, 234605, 229, 1, 0
559, 0, 114, 319, 242, 0, 56.27%, 1, 0, 5, 401.11, 236670, 229, 1, 0
564, 0, 145, 319, 240, 0, 56.27%, 1, 0, 5, 419.19, 238879, 229, 1, 0
569, 0, 226, 321, 241, 0, 56.27%, 1, 0, 5, 404.73, 240934, 229, 1, 0
574, 0, 98, 322, 241, 0, 56.27%, 1, 0, 5, 410.96, 243075, 229, 1, 0
579, 0, 238, 325, 242, 0, 56.27%, 1, 0, 5, 459.78, 245382, 229, 1, 0
584, 0, 324, 325, 240, 0, 56.27%, 1, 0, 5, 426.87, 247447, 229, 1, 0
589, 0, 93, 325, 237, 0, 56.27%, 1, 0, 5, 415.94, 249521, 229, 1, 0
594, 0, 259, 325, 236, 0, 56.27%, 1, 0, 5, 449.12, 251752, 229, 1, 0
599, 0, 290, 325, 234, 0, 56.27%, 1, 0, 5, 442.24, 253988, 229, 1, 0
605, 0, 227, 339, 247, 0, 56.51%, 1, 0, 5, 452.09, 256322, 230, 1, 0
610, 0, 227, 348, 256, 0, 56.51%, 1, 0, 5, 444.27, 258592, 230, 1, 0
615, 0, 227, 348, 256, 0, 56.51%, 1, 0, 5, 410.15, 260641, 230, 1, 0
620, 0, 227, 349, 257, 0, 56.76%, 1, 0, 5, 410.89, 262784, 231, 1, 0
625, 0, 227, 349, 257, 0, 56.76%, 1, 0, 5, 426.03, 265008, 231, 1, 0
630, 0, 348, 349, 255, 2, 56.76%, 1, 0, 5, 420.04, 267161, 231, 1, 0
635, 0, 348, 349, 255, 2, 56.76%, 1, 0, 5, 389.21, 269159, 231, 1, 0
640, 0, 339, 349, 254, 1, 56.76%, 1, 0, 5, 413.72, 271242, 231, 1, 0
646, 0, 151, 349, 252, 0, 56.76%, 1, 0, 5, 420.56, 273366, 231, 1, 0
651, 0, 349, 350, 252, 1, 56.76%, 1, 0, 5, 423.43, 275575, 231, 1, 0
656, 0, 253, 351, 248, 0, 56.76%, 1, 0, 5, 425.27, 277738, 231, 1, 0
661, 0, 253, 356, 253, 0, 56.76%, 1, 0, 5, 421.91, 279917, 231, 1, 0
666, 0, 253, 357, 254, 0, 56.76%, 1, 0, 5, 406.01, 281940, 231, 1, 0
671, 0, 253, 359, 256, 0, 56.76%, 1, 0, 5, 452.97, 284267, 231, 1, 0
676, 0, 253, 359, 256, 0, 56.76%, 1, 0, 5, 399.66, 286314, 231, 1, 0
681, 0, 202, 361, 256, 0, 56.76%, 1, 0, 5, 411.57, 288420, 231, 1, 0
686, 0, 344, 361, 253, 0, 56.76%, 1, 0, 5, 424.88, 290501, 231, 1, 0
691, 0, 181, 361, 251, 0, 56.76%, 1, 0, 5, 403.95, 292515, 231, 1, 0
696, 0, 59, 361, 248, 0, 56.76%, 1, 0, 5, 405.51, 294586, 231, 1, 0
701, 0, 254, 364, 248, 0, 56.76%, 1, 0, 5, 444.39, 296831, 231, 1, 0
706, 0, 359, 364, 246, 0, 56.76%, 1, 0, 5, 425.30, 298951, 231, 1, 0
711, 0, 359, 372, 254, 0, 56.76%, 1, 0, 5, 414.90, 301031, 231, 1, 0
716, 0, 359, 373, 255, 0, 56.76%, 1, 0, 5, 433.83, 303238, 231, 1, 0
722, 0, 359, 373, 255, 0, 56.76%, 1, 0, 5, 420.12, 305462, 231, 1, 0
727, 0, 359, 374, 256, 0, 56.76%, 1, 0, 5, 412.91, 307653, 231, 1, 0
732, 0, 326, 375, 256, 0, 56.76%, 1, 0, 5, 409.67, 309732, 231, 1, 0
737, 0, 300, 375, 253, 0, 56.76%, 1, 0, 5, 415.87, 311887, 231, 1, 0
742, 0, 230, 376, 252, 0, 56.76%, 1, 0, 5, 449.41, 314148, 231, 1, 0
747, 0, 283, 376, 248, 0, 56.76%, 1, 0, 5, 437.38, 316345, 231, 1, 0
752, 0, 94, 376, 246, 0, 56.76%, 1, 0, 5, 434.74, 318575, 231, 1, 0
757, 0, 245, 376, 244, 0, 56.76%, 1, 0, 5, 404.94, 320657, 231, 1, 0
762, 0, 150, 376, 243, 0, 56.76%, 1, 0, 5, 422.25, 322779, 231, 1, 0
767, 0, 364, 376, 241, 0, 56.76%, 1, 0, 5, 430.13, 324989, 231, 1, 0
772, 0, 139, 376, 238, 0, 56.76%, 1, 0, 5, 411.97, 326994, 231, 1, 0
777, 0, 267, 376, 236, 0, 56.76%, 1, 0, 5, 404.68, 329064, 231, 1, 0
782, 0, 347, 376, 232, 0, 56.76%, 1, 0, 5, 449.85, 331338, 231, 1, 0
788, 0, 198, 376, 229, 0, 56.76%, 1, 0, 5, 434.42, 333597, 231, 1, 0
793, 0, 365, 376, 227, 0, 56.76%, 1, 0, 5, 414.48, 335684, 231, 1, 0
798, 0, 165, 380, 230, 0, 56.76%, 1, 0, 5, 414.42, 337854, 231, 1, 0
803, 0, 165, 380, 230, 0, 56.76%, 1, 0, 5, 437.91, 340062, 231, 1, 0
808, 0, 86, 380, 227, 0, 56.76%, 1, 0, 5, 439.14, 342295, 231, 1, 0
813, 0, 89, 380, 225, 0, 56.76%, 1, 0, 5, 425.71, 344411, 231, 1, 0
818, 0, 238, 380, 224, 0, 56.76%, 1, 0, 5, 418.48, 346611, 231, 1, 0
823, 0, 339, 380, 223, 0, 56.76%, 1, 0, 5, 445.77, 348910, 231, 1, 0
828, 0, 236, 381, 222, 0, 56.76%, 1, 0, 5, 417.81, 350938, 231, 1, 0
833, 0, 274, 381, 220, 0, 56.76%, 1, 0, 5, 394.32, 352909, 231, 1, 0
838, 0, 70, 382, 219, 0, 56.76%, 1, 0, 5, 415.92, 355176, 231, 1, 0
843, 0, 349, 382, 217, 0, 56.76%, 1, 0, 5, 409.77, 357242, 231, 1, 0
849, 1, 167, 382, 215, 0, 56.76%, 1, 0, 5, 428.27, 359406, 231, 1, 0
854, 1, 273, 384, 215, 0, 56.76%, 1, 0, 5, 403.43, 361537, 231, 1, 0
859, 1, 161, 384, 213, 0, 56.76%, 1, 0, 5, 426.80, 363722, 231, 1, 0
864, 1, 372, 385, 212, 0, 56.76%, 1, 0, 5, 434.57, 365933, 231, 1, 0
869, 1, 294, 385, 209, 0, 56.76%, 1, 0, 5, 418.84, 368053, 231, 1, 0
874, 1, 343, 385, 203, 0, 56.76%, 1, 0, 5, 391.17, 370116, 231, 1, 0
879, 1, 133, 385, 202, 0, 56.76%, 1, 0, 5, 358.48, 371897, 231, 1, 0
884, 1, 153, 386, 199, 0, 56.76%, 1, 0, 5, 399.27, 373985, 231, 1, 0
889, 1, 177, 386, 197, 0, 56.76%, 1, 0, 5, 414.49, 376055, 231, 1, 0
894, 1, 288, 386, 195, 0, 56.76%, 1, 0, 5, 411.92, 378170, 231, 1, 0
900, 1, 331, 386, 192, 0, 56.76%, 1, 0, 5, 395.13, 380182, 231, 1, 0
900, 1, 331, 386, 192, 0, 56.76%, 1, 0, 5, 390.26, 380430, 231, 1, 0
