# relative_time, cycles_done, cur_item, corpus_count, pending_total, pending_favs, map_size, saved_crashes, saved_hangs, max_depth, execs_per_sec, total_execs, edges_found, total_crashes, servers_count
61, 0, 9, 66, 61, 3, 30.47%, 0, 0, 2, 450.28, 27429, 124, 0, 0
66, 0, 9, 67, 62, 3, 30.47%, 0, 0, 2, 445.84, 29776, 124, 0, 0
71, 0, 9, 69, 64, 3, 30.71%, 0, 0, 2, 455.62, 32040, 125, 0, 0
76, 0, 9, 69, 64, 3, 30.71%, 0, 0, 2, 430.58, 34226, 125, 0, 0
81, 0, 9, 71, 66, 3, 30.71%, 0, 0, 2, 441.06, 36544, 125, 0, 0
86, 0, 9, 72, 67, 3, 30.71%, 0, 0, 2, 441.27, 38775, 125, 0, 0
91, 0, 9, 73, 68, 3, 30.71%, 0, 0, 2, 446.26, 40998, 125, 0, 0
96, 0, 9, 74, 69, 3, 30.71%, 0, 0, 2, 436.60, 43205, 125, 0, 0
101, 0, 9, 74, 69, 3, 30.71%, 0, 0, 2, 439.72, 45437, 125, 0, 0
106, 0, 9, 74, 69, 3, 30.71%, 0, 0, 2, 471.91, 47807, 125, 0, 0
111, 0, 9, 74, 69, 3, 30.71%, 0, 0, 2, 451.29, 50037, 125, 0, 0
116, 0, 9, 74, 69, 3, 30.71%, 0, 0, 2, 426.10, 52189, 125, 0, 0
121, 0, 9, 74, 69, 3, 30.71%, 0, 0, 2, 404.08, 54181, 125, 0, 0
126, 0, 78, 98, 84, 25, 36.12%, 0, 0, 3, 422.40, 56318, 147, 0, 0
132, 0, 30, 98, 81, 22, 36.12%, 0, 0, 3, 442.99, 58668, 147, 0, 0
137, 0, 76, 106, 87, 22, 36.12%, 0, 0, 3, 479.06, 61087, 147, 0, 0
142, 0, 106, 111, 91, 22, 36.61%, 0, 0, 3, 454.45, 63289, 149, 0, 0
147, 0, 31, 114, 91, 19, 36.61%, 0, 0, 3, 448.09, 65570, 149, 0, 0
152, 0, 31, 123, 100, 19, 36.61%, 0, 0, 3, 447.78, 67791, 149, 0, 0
157, 0, 31, 126, 103, 19, 36.61%, 0, 0, 3, 458.01, 70111, 149, 0, 0
162, 0, 31, 128, 105, 19, 36.61%, 0, 0, 3, 464.31, 72493, 149, 0, 0
167, 0, 31, 129, 106, 19, 36.61%, 0, 0, 3, 436.04, 74675, 149, 0, 0
172, 0, 31, 133, 110, 19, 36.86%, 0, 0, 3, 459.36, 77055, 150, 0, 0
177, 0, 122, 137, 113, 18, 36.86%, 0, 0, 4, 445.21, 79288, 150, 0, 0
182, 0, 122, 140, 116, 18, 36.86%, 0, 0, 4, 438.71, 81462, 150, 0, 0
187, 0, 122, 140, 116, 18, 36.86%, 0, 0, 4, 445.08, 83736, 150, 0, 0
192, 0, 122, 141, 117, 18, 36.86%, 0, 0, 4, 442.75, 85997, 150, 0, 0
197, 0, 122, 142, 118, 18, 36.86%, 0, 0, 4, 450.74, 88322, 150, 0, 0
202, 0, 122, 143, 119, 18, 36.86%, 0, 0, 4, 427.58, 90539, 150, 0, 0
207, 0, 122, 144, 120, 18, 36.86%, 0, 0, 4, 449.84, 92782, 150, 0, 0
213, 0, 122, 146, 122, 18, 36.86%, 0, 0, 4, 448.50, 95064, 150, 0, 0
218, 0, 122, 146, 122, 18, 36.86%, 0, 0, 4, 480.51, 97494, 150, 0, 0
223, 0, 122, 146, 122, 18, 36.86%, 0, 0, 4, 445.21, 99753, 150, 0, 0
228, 0, 122, 146, 122, 18, 36.86%, 0, 0, 4, 429.70, 101928, 150, 0, 0
233, 0, 122, 147, 123, 18, 36.86%, 0, 0, 4, 438.02, 104159, 150, 0, 0
238, 0, 122, 147, 123, 18, 36.86%, 0, 0, 4, 443.94, 106375, 150, 0, 0
243, 0, 122, 147, 123, 18, 36.86%, 0, 0, 4, 423.05, 108503, 150, 0, 0
248, 0, 122, 147, 123, 18, 36.86%, 0, 0, 4, 434.16, 110767, 150, 0, 0
253, 0, 122, 147, 123, 18, 36.86%, 0, 0, 4, 450.65, 113026, 150, 0, 0
258, 0, 122, 148, 124, 18, 36.86%, 0, 0, 4, 433.51, 115150, 150, 0, 0
263, 0, 122, 148, 124, 18, 36.86%, 0, 0, 4, 454.96, 117416, 150, 0, 0
268, 0, 122, 148, 124, 18, 36.86%, 0, 0, 4, 467.38, 119909, 150, 0, 0
273, 0, 122, 148, 124, 18, 36.86%, 0, 0, 4, 426.82, 122006, 150, 0, 0
278, 0, 122, 148, 124, 18, 36.86%, 0, 0, 4, 445.62, 124319, 150, 0, 0
283, 0, 122, 148, 124, 18, 36.86%, 0, 0, 4, 450.04, 126566, 150, 0, 0
288, 0, 122, 148, 124, 18, 36.86%, 0, 0, 4, 442.24, 128814, 150, 0, 0
294, 0, 129, 149, 123, 16, 36.86%, 0, 0, 4, 456.55, 131111, 150, 0, 0
299, 0, 93, 153, 124, 15, 36.86%, 0, 0, 4, 442.20, 133338, 150, 0, 0
304, 0, 93, 159, 130, 15, 37.59%, 0, 0, 4, 421.78, 135446, 153, 0, 0
309, 0, 93, 162, 133, 15, 37.59%, 0, 0, 4, 411.43, 137515, 153, 0, 0
314, 0, 93, 166, 137, 15, 37.59%, 0, 0, 4, 423.18, 139647, 153, 0, 0
319, 0, 93, 168, 139, 15, 37.59%, 0, 0, 4, 397.00, 141585, 153, 0, 0
324, 0, 93, 168, 139, 15, 37.59%, 0, 0, 4, 392.56, 143545, 153, 0, 0
329, 0, 93, 169, 140, 15, 37.59%, 0, 0, 4, 391.43, 145547, 153, 0, 0
334, 0, 93, 169, 140, 15, 37.59%, 0, 0, 4, 397.34, 147563, 153, 0, 0
339, 0, 93, 169, 140, 15, 37.59%, 0, 0, 4, 409.55, 149644, 153, 0, 0
344, 0, 93, 170, 141, 15, 37.59%, 0, 0, 4, 420.23, 151763, 153, 0, 0
349, 0, 93, 170, 141, 15, 37.59%, 0, 0, 4, 428.16, 153939, 153, 0, 0
354, 0, 93, 171, 142, 15, 37.59%, 0, 0, 4, 402.36, 155956, 153, 0, 0
359, 0, 93, 172, 143, 15, 37.59%, 0, 0, 4, 409.78, 158033, 153, 0, 0
365, 0, 93, 173, 144, 15, 37.59%, 0, 0, 4, 423.01, 160192, 153, 0, 0
370, 0, 93, 173, 144, 15, 37.59%, 0, 0, 4, 423.76, 162312, 153, 0, 0
375, 0, 93, 173, 144, 15, 37.59%, 0, 0, 4, 404.15, 164376, 153, 0, 0
380, 0, 93, 173, 144, 15, 37.59%, 0, 0, 4, 403.04, 166424, 153, 0, 0
385, 0, 93, 173, 144, 15, 37.59%, 0, 0, 4, 393.58, 168374, 153, 0, 0
390, 0, 93, 173, 144, 15, 37.59%, 0, 0, 4, 416.74, 170464, 153, 0, 0
395, 0, 158, 173, 143, 15, 37.59%, 0, 0, 4, 412.05, 172528, 153, 0, 0
400, 0, 110, 173, 140, 13, 37.59%, 0, 0, 4, 443.52, 174799, 153, 0, 0
405, 0, 110, 179, 146, 13, 37.84%, 0, 0, 4, 438.76, 177043, 154, 0, 0
410, 0, 110, 182, 149, 13, 37.84%, 0, 0, 4, 448.42, 179343, 154, 0, 0
415, 0, 110, 182, 149, 13, 37.84%, 0, 0, 4, 455.18, 181665, 154, 0, 0
420, 0, 55, 182, 148, 13, 37.84%, 0, 0, 4, 414.74, 183693, 154, 0, 0
425, 0, 143, 189, 153, 11, 37.84%, 0, 0, 5, 462.14, 186050, 154, 0, 0
430, 0, 143, 191, 155, 11, 37.84%, 0, 0, 5, 448.06, 188270, 154, 0, 0
435, 0, 143, 195, 159, 11, 37.84%, 0, 0, 5, 441.98, 190562, 154, 0, 0
440, 0, 143, 195, 159, 11, 37.84%, 0, 0, 5, 459.44, 192932, 154, 0, 0
446, 0, 143, 195, 159, 11, 37.84%, 0, 0, 5, 468.27, 195281, 154, 0, 0
451, 0, 143, 198, 162, 11, 38.08%, 0, 0, 5, 457.36, 197534, 155, 0, 0
456, 0, 143, 198, 162, 11, 38.08%, 0, 0, 5, 428.89, 199663, 155, 0, 0
461, 0, 143, 199, 163, 11, 38.08%, 0, 0, 5, 426.45, 201870, 155, 0, 0
466, 0, 143, 200, 164, 11, 38.08%, 0, 0, 5, 429.81, 204053, 155, 0, 0
471, 0, 143, 200, 164, 11, 38.08%, 0, 0, 5, 462.44, 206440, 155, 0, 0
476, 0, 143, 201, 165, 11, 38.08%, 0, 0, 5, 445.57, 208620, 155, 0, 0
481, 0, 143, 201, 165, 11, 38.08%, 0, 0, 5, 436.77, 210836, 155, 0, 0
486, 0, 143, 202, 166, 11, 38.08%, 0, 0, 5, 431.92, 213051, 155, 0, 0
491, 0, 143, 202, 166, 11, 38.08%, 0, 0, 5, 443.27, 215291, 155, 0, 0
496, 0, 143, 202, 166, 11, 38.08%, 0, 0, 5, 442.74, 217491, 155, 0, 0
501, 0, 143, 202, 166, 11, 38.08%, 0, 0, 5, 446.25, 219738, 155, 0, 0
506, 0, 143, 202, 166, 11, 38.08%, 0, 0, 5, 442.59, 221995, 155, 0, 0
511, 0, 143, 203, 167, 11, 38.08%, 0, 0, 5, 443.02, 224146, 155, 0, 0
516, 0, 143, 204, 168, 11, 38.08%, 0, 0, 5, 465.98, 226520, 155, 0, 0
521, 0, 143, 204, 168, 11, 38.08%, 0, 0, 5, 431.56, 228665, 155, 0, 0
526, 0, 143, 204, 168, 11, 38.08%, 0, 0, 5, 459.64, 231119, 155, 0, 0
532, 0, 143, 205, 169, 11, 38.08%, 0, 0, 5, 477.26, 233547, 155, 0, 0
537, 0, 143, 205, 169, 11, 38.08%, 0, 0, 5, 458.69, 235905, 155, 0, 0
542, 0, 199, 205, 164, 9, 38.08%, 0, 0, 5, 442.88, 238133, 155, 0, 0
547, 0, 108, 205, 162, 7, 38.08%, 0, 0, 5, 434.37, 240331, 155, 0, 0
552, 0, 173, 207, 160, 4, 38.08%, 0, 0, 5, 441.25, 242669, 155, 0, 0
557, 0, 142, 209, 159, 4, 38.08%, 0, 0, 5, 446.89, 244913, 155, 0, 0
562, 0, 208, 209, 153, 1, 38.08%, 0, 0, 5, 443.88, 247150, 155, 0, 0
567, 0, 0, 211, 153, 0, 38.08%, 0, 0, 5, 455.79, 249397, 155, 0, 0
572, 0, 166, 211, 148, 0, 38.08%, 0, 0, 5, 458.46, 251653, 155, 0, 0
577, 0, 49, 212, 147, 0, 38.08%, 0, 0, 5, 431.25, 253773, 155, 0, 0
582, 0, 141, 213, 145, 0, 38.08%, 0, 0, 5, 447.88, 256066, 155, 0, 0
587, 0, 34, 213, 139, 0, 38.08%, 0, 0, 5, 478.84, 258514, 155, 0, 0
592, 0, 180, 213, 136, 0, 38.08%, 0, 0, 5, 450.28, 260735, 155, 0, 0
597, 0, 153, 213, 135, 0, 38.08%, 0, 0, 5, 450.20, 263112, 155, 0, 0
603, 0, 14, 213, 129, 0, 38.08%, 0, 0, 5, 438.22, 265390, 155, 0, 0
608, 0, 74, 214, 129, 0, 38.08%, 0, 0, 5, 430.90, 267582, 155, 0, 0
613, 0, 114, 214, 127, 0, 38.08%, 0, 0, 5, 415.76, 269635, 155, 0, 0
618, 0, 208, 214, 124, 0, 38.08%, 0, 0, 5, 446.93, 271911, 155, 0, 0
623, 0, 213, 214, 122, 0, 38.08%, 0, 0, 5, 443.54, 274228, 155, 0, 0
628, 0, 34, 214, 120, 0, 38.08%, 0, 0, 5, 458.82, 276523, 155, 0, 0
633, 0, 20, 214, 117, 0, 38.08%, 0, 0, 5, 455.53, 278798, 155, 0, 0
638, 0, 107, 214, 113, 0, 38.08%, 0, 0, 5, 448.90, 281034, 155, 0, 0
643, 0, 126, 214, 110, 0, 38.08%, 0, 0, 5, 471.75, 283421, 155, 0, 0
648, 0, 89, 214, 109, 0, 38.08%, 0, 0, 5, 473.12, 285826, 155, 0, 0
653, 0, 45, 214, 105, 0, 38.08%, 0, 0, 5, 439.22, 288005, 155, 0, 0
658, 0, 84, 214, 103, 0, 38.08%, 0, 0, 5, 451.20, 290309, 155, 0, 0
663, 0, 96, 214, 100, 0, 38.08%, 0, 0, 5, 470.57, 292730, 155, 0, 0
668, 1, 210, 215, 98, 0, 38.08%, 0, 0, 5, 460.11, 295068, 155, 0, 0
674, 1, 177, 216, 97, 0, 38.08%, 0, 0, 5, 460.96, 297430, 155, 0, 0
679, 1, 108, 219, 97, 0, 38.08%, 0, 0, 5, 460.48, 299725, 155, 0, 0
684, 1, 217, 220, 96, 1, 38.08%, 0, 0, 5, 480.02, 302161, 155, 0, 0
689, 1, 92, 220, 92, 0, 38.08%, 0, 0, 5, 462.39, 304496, 155, 0, 0
694, 1, 45, 221, 90, 0, 38.08%, 0, 0, 5, 447.42, 306707, 155, 0, 0
699, 1, 161, 221, 88, 0, 38.08%, 0, 0, 5, 443.55, 309027, 155, 0, 0
704, 1, 47, 221, 84, 0, 38.08%, 0, 0, 5, 453.81, 311349, 155, 0, 0
709, 1, 222, 225, 85, 2, 38.82%, 0, 0, 5, 465.68, 313657, 158, 0, 0
714, 1, 159, 225, 82, 0, 38.82%, 0, 0, 5, 447.21, 315906, 158, 0, 0
719, 1, 140, 227, 80, 0, 38.82%, 0, 0, 5, 448.81, 318247, 158, 0, 0
724, 1, 212, 228, 77, 0, 38.82%, 0, 0, 5, 461.93, 320626, 158, 0, 0
729, 1, 39, 229, 73, 0, 38.82%, 0, 0, 6, 454.68, 322908, 158, 0, 0
734, 1, 165, 229, 66, 0, 38.82%, 0, 0, 6, 463.27, 325287, 158, 0, 0
739, 1, 228, 229, 64, 0, 38.82%, 0, 0, 6, 443.99, 327509, 158, 0, 0
744, 1, 156, 229, 63, 0, 38.82%, 0, 0, 6, 464.26, 329897, 158, 0, 0
750, 1, 215, 229, 61, 0, 38.82%, 0, 0, 6, 424.53, 332100, 158, 0, 0
755, 1, 225, 229, 59, 0, 38.82%, 0, 0, 6, 416.48, 334215, 158, 0, 0
760, 1, 157, 230, 56, 0, 38.82%, 0, 0, 6, 437.33, 336455, 158, 0, 0
765, 1, 26, 230, 53, 0, 38.82%, 0, 0, 6, 426.92, 338615, 158, 0, 0
770, 1, 103, 231, 52, 0, 38.82%, 0, 0, 6, 452.96, 340891, 158, 0, 0
775, 1, 170, 231, 49, 0, 38.82%, 0, 0, 6, 461.79, 343193, 158, 0, 0
780, 1, 90, 231, 46, 0, 38.82%, 0, 0, 6, 427.79, 345378, 158, 0, 0
785, 1, 199, 232, 44, 0, 38.82%, 0, 0, 6, 424.97, 347528, 158, 0, 0
790, 1, 154, 232, 43, 0, 38.82%, 0, 0, 6, 406.31, 349616, 158, 0, 0
795, 1, 214, 236, 46, 0, 38.82%, 0, 0, 6, 456.05, 351940, 158, 0, 0
800, 1, 214, 237, 47, 0, 38.82%, 0, 0, 6, 460.60, 354267, 158, 0, 0
805, 1, 214, 238, 48, 0, 39.07%, 0, 0, 6, 454.82, 356542, 159, 0, 0
811, 1, 214, 240, 50, 0, 39.07%, 0, 0, 6, 448.92, 358800, 159, 0, 0
816, 1, 214, 240, 50, 0, 39.07%, 0, 0, 6, 453.87, 361110, 159, 0, 0
821, 1, 237, 240, 49, 1, 39.07%, 0, 0, 6, 457.33, 363423, 159, 0, 0
826, 1, 224, 240, 46, 0, 39.07%, 0, 0, 6, 443.76, 365612, 159, 0, 0
831, 1, 220, 240, 44, 0, 39.07%, 0, 0, 6, 438.66, 367758, 159, 0, 0
836, 1, 82, 240, 41, 0, 39.07%, 0, 0, 6, 444.88, 369997, 159, 0, 0
841, 1, 240, 241, 40, 1, 39.56%, 0, 0, 6, 457.60, 372349, 161, 0, 0
846, 1, 193, 241, 37, 0, 39.56%, 0, 0, 6, 456.04, 374644, 161, 0, 0
851, 1, 224, 242, 35, 0, 39.56%, 0, 0, 6, 417.63, 376729, 161, 0, 0
856, 1, 231, 242, 32, 0, 39.56%, 0, 0, 6, 456.00, 379153, 161, 0, 0
861, 1, 162, 243, 32, 0, 39.56%, 0, 0, 6, 457.01, 381456, 161, 0, 0
866, 1, 26, 243, 28, 0, 39.56%, 0, 0, 6, 438.76, 383676, 161, 0, 0
871, 1, 239, 245, 28, 0, 39.56%, 0, 0, 7, 444.71, 385995, 161, 0, 0
876, 1, 241, 246, 27, 0, 39.56%, 0, 0, 7, 462.41, 388345, 161, 0, 0
882, 1, 80, 361, 140, 0, 53.32%, 0, 0, 7, 440.25, 390551, 217, 0, 0
887, 2, 264, 380, 158, 21, 53.56%, 0, 0, 7, 452.51, 392832, 218, 0, 0
892, 2, 378, 380, 156, 19, 53.56%, 0, 0, 7, 468.34, 395196, 218, 0, 0
897, 2, 378, 382, 158, 19, 53.56%, 0, 0, 7, 437.39, 397330, 218, 0, 0
902, 2, 378, 386, 162, 19, 53.56%, 0, 0, 7, 433.27, 399527, 218, 0, 0
907, 2, 378, 386, 162, 19, 53.56%, 0, 0, 7, 442.12, 401735, 218, 0, 0
912, 2, 289, 386, 161, 19, 53.56%, 0, 0, 7, 440.44, 403936, 218, 0, 0
917, 2, 354, 387, 160, 18, 54.55%, 0, 0, 7, 429.96, 406171, 222, 0, 0
922, 2, 284, 387, 159, 17, 54.55%, 0, 0, 7, 462.04, 408507, 222, 0, 0
927, 2, 230, 387, 156, 15, 54.55%, 0, 0, 7, 462.63, 410893, 222, 0, 0
932, 2, 343, 389, 156, 16, 55.04%, 0, 0, 7, 460.57, 413209, 224, 0, 0
937, 2, 388, 389, 154, 14, 55.04%, 0, 0, 7, 450.31, 415460, 224, 0, 0
942, 2, 309, 389, 152, 12, 55.04%, 0, 0, 7, 430.72, 417668, 224, 0, 0
947, 2, 304, 391, 153, 11, 55.04%, 0, 0, 7, 414.13, 419855, 224, 0, 0
952, 2, 352, 391, 151, 9, 55.04%, 0, 0, 7, 441.77, 422088, 224, 0, 0
958, 2, 380, 391, 148, 7, 55.04%, 0, 0, 7, 405.93, 424158, 224, 0, 0
963, 2, 275, 391, 145, 4, 55.04%, 0, 0, 7, 451.74, 426510, 224, 0, 0
968, 2, 248, 391, 143, 2, 55.04%, 0, 0, 7, 452.64, 428801, 224, 0, 0
973, 2, 357, 391, 140, 0, 55.04%, 0, 0, 7, 447.34, 431081, 224, 0, 0
978, 2, 329, 391, 139, 0, 55.04%, 0, 0, 7, 445.97, 433337, 224, 0, 0
983, 2, 311, 391, 137, 0, 55.04%, 0, 0, 7, 440.00, 435598, 224, 0, 0
988, 2, 331, 391, 135, 0, 55.04%, 0, 0, 7, 423.64, 437707, 224, 0, 0
993, 2, 264, 391, 132, 0, 55.04%, 0, 0, 7, 448.41, 440093, 224, 0, 0
998, 2, 325, 391, 130, 0, 55.04%, 0, 0, 7, 460.06, 442439, 224, 0, 0
1003, 2, 369, 391, 128, 0, 55.04%, 0, 0, 7, 456.66, 444695, 224, 0, 0
1008, 2, 348, 391, 126, 0, 55.04%, 0, 0, 7, 441.54, 446877, 224, 0, 0
1013, 2, 348, 392, 125, 0, 55.04%, 0, 0, 7, 465.46, 449254, 224, 0, 0
1018, 2, 312, 392, 124, 0, 55.04%, 0, 0, 7, 469.88, 451608, 224, 0, 0
1024, 2, 302, 392, 121, 0, 55.04%, 0, 0, 7, 448.02, 453861, 224, 0, 0
1029, 2, 361, 392, 120, 0, 55.04%, 1, 0, 7, 458.08, 456151, 224, 1, 0
1034, 2, 284, 392, 116, 0, 55.04%, 1, 0, 7, 458.73, 458464, 224, 1, 0
1039, 2, 365, 392, 114, 0, 55.04%, 1, 0, 7, 452.05, 460776, 224, 1, 0
1044, 2, 202, 392, 112, 0, 55.04%, 1, 0, 7, 457.03, 463041, 224, 1, 0
1049, 2, 198, 392, 111, 0, 55.04%, 1, 0, 7, 436.80, 465220, 224, 1, 0
1054, 2, 308, 392, 109, 0, 55.04%, 1, 0, 7, 444.46, 467479, 224, 1, 0
1059, 2, 367, 392, 107, 0, 55.04%, 1, 0, 7, 467.24, 469875, 224, 1, 0
1064, 2, 392, 393, 107, 1, 55.28%, 1, 0, 7, 465.67, 472193, 225, 1, 0
1069, 2, 350, 393, 104, 0, 55.28%, 1, 0, 7, 451.16, 474477, 225, 1, 0
1074, 2, 307, 393, 102, 0, 55.28%, 1, 0, 7, 437.73, 476659, 225, 1, 0
1079, 2, 78, 393, 100, 0, 55.28%, 1, 0, 7, 458.67, 479005, 225, 1, 0
1084, 2, 267, 393, 99, 0, 55.28%, 1, 0, 7, 446.65, 481218, 225, 1, 0
1090, 2, 193, 393, 96, 0, 55.28%, 1, 0, 7, 442.27, 483455, 225, 1, 0
1095, 2, 391, 393, 95, 0, 55.28%, 1, 0, 7, 469.00, 485826, 225, 1, 0
1100, 2, 381, 393, 93, 0, 55.28%, 1, 0, 7, 450.64, 488017, 225, 1, 0
1105, 2, 345, 393, 90, 0, 55.28%, 1, 0, 7, 456.24, 490311, 225, 1, 0
1110, 2, 35, 393, 87, 0, 55.28%, 1, 0, 7, 449.86, 492549, 225, 1, 0
1115, 2, 360, 393, 86, 0, 55.28%, 1, 0, 7, 457.32, 494851, 225, 1, 0
1120, 2, 282, 393, 84, 0, 55.28%, 1, 0, 7, 447.12, 497057, 225, 1, 0
1125, 2, 310, 393, 82, 0, 55.28%, 1, 0, 7, 450.02, 499371, 225, 1, 0
1130, 2, 327, 393, 79, 0, 55.28%, 1, 0, 7, 462.52, 501657, 225, 1, 0
1135, 2, 8, 393, 77, 0, 55.28%, 1, 0, 7, 437.13, 503913, 225, 1, 0
1140, 2, 384, 393, 75, 0, 55.28%, 1, 0, 7, 422.53, 506069, 225, 1, 0
1145, 2, 330, 393, 73, 0, 55.28%, 1, 0, 7, 434.56, 508216, 225, 1, 0
1150, 2, 296, 393, 71, 0, 55.28%, 1, 0, 7, 453.27, 510494, 225, 1, 0
1155, 2, 379, 393, 69, 0, 55.28%, 1, 0, 7, 356.03, 512300, 225, 1, 0
1160, 2, 353, 393, 67, 0, 55.28%, 1, 0, 7, 415.72, 514474, 225, 1, 0
1165, 2, 269, 393, 65, 0, 55.28%, 1, 0, 7, 437.45, 516736, 225, 1, 0
1170, 2, 242, 393, 63, 0, 55.28%, 1, 0, 7, 421.28, 518843, 225, 1, 0
1176, 2, 270, 394, 62, 0, 55.28%, 1, 0, 7, 456.32, 521208, 225, 1, 0
1181, 2, 303, 394, 61, 0, 55.28%, 1, 0, 7, 461.12, 523529, 225, 1, 0
1186, 2, 370, 394, 60, 0, 55.28%, 1, 0, 7, 441.51, 525709, 225, 1, 0
1191, 2, 319, 395, 59, 0, 55.28%, 1, 0, 7, 454.91, 527992, 225, 1, 0
1196, 2, 252, 395, 57, 0, 55.28%, 1, 0, 7, 477.79, 530335, 225, 1, 0
1201, 2, 253, 395, 55, 0, 55.28%, 1, 0, 7, 459.65, 532667, 225, 1, 0
1206, 2, 53, 395, 53, 0, 55.28%, 1, 0, 7, 467.36, 535017, 225, 1, 0
1211, 2, 248, 395, 50, 0, 55.28%, 1, 0, 7, 460.09, 537367, 225, 1, 0
1216, 2, 358, 395, 49, 0, 55.28%, 1, 0, 7, 467.55, 539670, 225, 1, 0
1221, 2, 376, 395, 48, 0, 55.28%, 1, 0, 7, 431.08, 541829, 225, 1, 0
1226, 2, 34, 395, 46, 0, 55.28%, 1, 0, 7, 457.08, 544169, 225, 1, 0
1231, 2, 74, 395, 45, 0, 55.28%, 1, 0, 7, 457.93, 546531, 225, 1, 0
1236, 2, 286, 395, 43, 0, 55.28%, 1, 0, 7, 452.51, 548811, 225, 1, 0
1241, 2, 300, 395, 42, 0, 55.28%, 1, 0, 7, 461.86, 551221, 225, 1, 0
1246, 2, 320, 396, 42, 0, 55.28%, 1, 0, 7, 442.90, 553443, 225, 1, 0
1251, 2, 349, 396, 40, 0, 55.28%, 1, 0, 7, 448.58, 555733, 225, 1, 0
1256, 2, 169, 396, 38, 0, 55.28%, 1, 0, 7, 452.68, 558034, 225, 1, 0
1261, 2, 322, 396, 35, 0, 55.28%, 1, 0, 7, 441.27, 560257, 225, 1, 0
1267, 2, 255, 396, 32, 0, 55.28%, 1, 0, 7, 446.55, 562461, 225, 1, 0
1272, 2, 261, 396, 32, 0, 55.28%, 1, 0, 7, 444.34, 564788, 225, 1, 0
1277, 2, 214, 396, 31, 0, 55.28%, 1, 0, 7, 456.64, 567108, 225, 1, 0
1282, 3, 398, 443, 77, 7, 61.18%, 1, 0, 7, 450.44, 569359, 249, 1, 0
1287, 3, 442, 443, 75, 5, 61.18%, 1, 0, 7, 455.97, 571679, 249, 1, 0
1292, 3, 442, 453, 85, 5, 61.18%, 1, 0, 7, 474.26, 574084, 249, 1, 0
1297, 3, 442, 456, 88, 5, 61.18%, 1, 0, 7, 462.71, 576374, 249, 1, 0
1302, 3, 442, 458, 90, 5, 61.18%, 1, 0, 7, 451.16, 578611, 249, 1, 0
1307, 3, 442, 459, 91, 5, 61.18%, 1, 0, 7, 453.25, 581003, 249, 1, 0
1312, 3, 442, 460, 92, 5, 61.18%, 1, 0, 7, 444.13, 583200, 249, 1, 0
1317, 3, 442, 461, 93, 5, 61.18%, 1, 0, 7, 473.74, 585544, 249, 1, 0
1322, 3, 442, 461, 93, 5, 61.18%, 1, 0, 7, 470.06, 587956, 249, 1, 0
1327, 3, 442, 461, 93, 5, 61.18%, 1, 0, 7, 462.15, 590269, 249, 1, 0
1332, 3, 442, 462, 94, 5, 61.18%, 1, 0, 7, 431.97, 592422, 249, 1, 0
1337, 3, 442, 465, 97, 5, 61.43%, 1, 0, 7, 453.56, 594763, 250, 1, 0
1342, 3, 442, 465, 97, 5, 61.43%, 1, 0, 7, 495.07, 597236, 250, 1, 0
1348, 3, 442, 466, 98, 5, 61.43%, 1, 0, 7, 456.90, 599520, 250, 1, 0
1353, 3, 442, 467, 99, 5, 61.43%, 1, 0, 7, 454.62, 601813, 250, 1, 0
1358, 3, 442, 467, 99, 5, 61.43%, 1, 0, 7, 444.67, 604137, 250, 1, 0
1363, 3, 442, 467, 99, 5, 61.43%, 1, 0, 7, 424.41, 606257, 250, 1, 0
1368, 3, 442, 467, 99, 5, 61.43%, 1, 0, 7, 444.07, 608527, 250, 1, 0
1373, 3, 442, 467, 99, 5, 61.43%, 1, 0, 7, 451.57, 610849, 250, 1, 0
1378, 3, 442, 467, 99, 5, 61.43%, 1, 0, 7, 463.52, 613162, 250, 1, 0
1383, 3, 442, 467, 99, 5, 61.43%, 1, 0, 7, 426.72, 615321, 250, 1, 0
1388, 3, 442, 467, 99, 5, 61.43%, 1, 0, 7, 430.95, 617569, 250, 1, 0
1393, 3, 442, 467, 99, 5, 61.43%, 1, 0, 7, 469.47, 619975, 250, 1, 0
1398, 3, 442, 467, 99, 5, 61.43%, 1, 0, 7, 436.51, 622097, 250, 1, 0
1403, 3, 442, 467, 99, 5, 61.43%, 1, 0, 7, 464.39, 624475, 250, 1, 0
1408, 3, 435, 467, 97, 5, 61.43%, 1, 0, 7, 460.88, 626768, 250, 1, 0
1413, 3, 436, 467, 96, 4, 61.43%, 1, 0, 7, 456.97, 629098, 250, 1, 0
1419, 3, 409, 467, 94, 2, 61.43%, 1, 0, 7, 429.07, 631301, 250, 1, 0
1424, 3, 467, 468, 93, 1, 61.67%, 1, 0, 7, 425.80, 633457, 251, 1, 0
1429, 3, 423, 468, 92, 0, 61.67%, 1, 0, 7, 440.94, 635726, 251, 1, 0
1434, 3, 106, 468, 89, 0, 61.67%, 1, 0, 7, 446.19, 637975, 251, 1, 0
1439, 3, 396, 468, 87, 0, 61.67%, 1, 0, 7, 453.57, 640326, 251, 1, 0
1444, 3, 257, 469, 87, 0, 61.92%, 1, 0, 7, 430.83, 642472, 252, 1, 0
1449, 3, 382, 469, 86, 0, 61.92%, 1, 0, 7, 458.67, 644826, 252, 1, 0
1454, 3, 304, 469, 82, 0, 61.92%, 1, 0, 7, 455.29, 647181, 252, 1, 0
1459, 3, 30, 469, 80, 0, 61.92%, 2, 0, 7, 445.24, 649416, 252, 2, 0
1464, 3, 406, 469, 79, 0, 61.92%, 2, 0, 7, 449.69, 651661, 252, 2, 0
1469, 3, 416, 469, 76, 0, 61.92%, 2, 0, 7, 452.24, 653961, 252, 2, 0
1474, 3, 408, 469, 74, 0, 61.92%, 2, 0, 7, 461.50, 656276, 252, 2, 0
1479, 3, 341, 469, 71, 0, 61.92%, 2, 0, 7, 467.72, 658637, 252, 2, 0
1485, 3, 424, 469, 69, 0, 61.92%, 2, 0, 7, 446.40, 660927, 252, 2, 0
1490, 3, 456, 470, 68, 0, 61.92%, 2, 0, 7, 410.26, 663019, 252, 2, 0
1495, 3, 452, 470, 65, 0, 61.92%, 2, 0, 7, 424.33, 665187, 252, 2, 0
1500, 3, 435, 471, 64, 0, 61.92%, 2, 0, 7, 428.01, 667326, 252, 2, 0
1505, 3, 457, 471, 63, 0, 61.92%, 2, 0, 7, 439.06, 669563, 252, 2, 0
1510, 3, 312, 471, 61, 0, 61.92%, 2, 0, 7, 434.53, 671750, 252, 2, 0
1515, 3, 470, 471, 60, 0, 61.92%, 2, 0, 7, 449.75, 674009, 252, 2, 0
1520, 3, 54, 471, 57, 0, 61.92%, 2, 0, 7, 439.10, 676215, 252, 2, 0
1525, 3, 433, 471, 56, 0, 61.92%, 2, 0, 7, 450.34, 678514, 252, 2, 0
1530, 3, 321, 471, 54, 0, 61.92%, 2, 0, 7, 442.85, 680747, 252, 2, 0
1535, 3, 45, 471, 52, 0, 61.92%, 2, 0, 7, 462.97, 683061, 252, 2, 0
1540, 3, 429, 471, 51, 0, 61.92%, 2, 0, 7, 429.36, 685145, 252, 2, 0
1545, 3, 255, 471, 48, 0, 61.92%, 2, 0, 7, 423.42, 687314, 252, 2, 0
1550, 3, 298, 471, 46, 0, 61.92%, 2, 0, 7, 430.84, 689559, 252, 2, 0
1555, 3, 440, 471, 44, 0, 61.92%, 2, 0, 7, 470.16, 691960, 252, 2, 0
1561, 3, 403, 471, 42, 0, 61.92%, 2, 0, 7, 451.15, 694243, 252, 2, 0
1566, 3, 224, 471, 40, 0, 61.92%, 2, 0, 7, 470.49, 696629, 252, 2, 0
1571, 3, 295, 471, 40, 0, 61.92%, 2, 0, 7, 429.60, 698740, 252, 2, 0
1576, 3, 380, 471, 38, 0, 61.92%, 2, 0, 7, 427.16, 700886, 252, 2, 0
1581, 3, 366, 471, 37, 0, 61.92%, 2, 0, 7, 421.13, 703011, 252, 2, 0
1586, 3, 253, 471, 36, 0, 61.92%, 2, 0, 7, 415.64, 705149, 252, 2, 0
1591, 3, 179, 471, 35, 0, 61.92%, 2, 0, 7, 434.30, 707386, 252, 2, 0
1596, 3, 106, 471, 35, 0, 61.92%, 2, 0, 7, 432.43, 709612, 252, 2, 0
1601, 3, 191, 471, 34, 0, 61.92%, 2, 0, 7, 422.40, 711741, 252, 2, 0
1606, 3, 104, 471, 33, 0, 61.92%, 2, 0, 7, 443.24, 714052, 252, 2, 0
1611, 3, 289, 471, 32, 0, 61.92%, 2, 0, 7, 429.79, 716214, 252, 2, 0
1616, 3, 234, 471, 31, 0, 61.92%, 3, 0, 7, 444.29, 718485, 252, 3, 0
1622, 3, 419, 471, 29, 0, 61.92%, 3, 0, 7, 436.49, 720677, 252, 3, 0
1627, 3, 255, 471, 26, 0, 61.92%, 3, 0, 7, 462.86, 723023, 252, 3, 0
1632, 3, 270, 471, 25, 0, 61.92%, 3, 0, 7, 453.98, 725317, 252, 3, 0
1637, 3, 333, 471, 24, 0, 61.92%, 3, 0, 7, 455.24, 727603, 252, 3, 0
1642, 3, 222, 471, 22, 0, 61.92%, 3, 0, 7, 444.38, 729812, 252, 3, 0
1647, 3, 441, 471, 20, 0, 61.92%, 3, 0, 7, 426.70, 731968, 252, 3, 0
1652, 3, 55, 471, 20, 0, 61.92%, 3, 0, 7, 432.61, 734130, 252, 4, 0
1657, 3, 460, 471, 20, 0, 61.92%, 3, 0, 7, 484.33, 736718, 252, 4, 0
1662, 3, 59, 471, 18, 0, 61.92%, 3, 0, 7, 446.37, 738901, 252, 4, 0
1667, 3, 451, 471, 17, 0, 61.92%, 3, 0, 7, 430.09, 741083, 252, 4, 0
1672, 3, 469, 471, 16, 0, 61.92%, 5, 0, 7, 432.95, 743299, 252, 6, 0
1678, 3, 98, 471, 15, 0, 61.92%, 5, 0, 7, 429.70, 745440, 252, 6, 0
1683, 3, 348, 471, 14, 0, 61.92%, 5, 0, 7, 444.49, 747701, 252, 6, 0
1688, 3, 203, 471, 13, 0, 61.92%, 5, 0, 7, 451.20, 750036, 252, 6, 0
1693, 4, 479, 480, 21, 1, 63.39%, 6, 0, 7, 445.89, 752264, 258, 8, 0
1698, 4, 471, 480, 20, 0, 63.39%, 6, 0, 7, 444.97, 754438, 258, 9, 0
1703, 4, 275, 480, 19, 0, 63.39%, 6, 0, 7, 429.55, 756753, 258, 9, 0
1708, 4, 257, 480, 19, 0, 63.39%, 6, 0, 7, 445.62, 759049, 258, 11, 0
1713, 4, 409, 480, 18, 0, 63.39%, 6, 0, 7, 454.78, 761411, 258, 12, 0
1718, 4, 55, 480, 17, 0, 63.39%, 7, 0, 7, 445.66, 763669, 258, 15, 0
1723, 4, 472, 480, 16, 0, 63.39%, 7, 0, 7, 451.96, 766041, 258, 15, 0
1728, 4, 479, 480, 15, 0, 63.39%, 7, 0, 7, 448.61, 768389, 258, 15, 0
1733, 4, 348, 480, 14, 0, 63.39%, 7, 0, 7, 432.40, 770550, 258, 15, 0
1738, 4, 473, 480, 13, 0, 63.39%, 7, 0, 7, 426.41, 772697, 258, 15, 0
1744, 4, 238, 480, 12, 0, 63.39%, 7, 0, 7, 455.39, 775036, 258, 18, 0
1749, 4, 469, 480, 11, 0, 63.39%, 7, 0, 7, 442.87, 777278, 258, 18, 0
1754, 4, 131, 480, 10, 0, 63.39%, 7, 0, 7, 436.01, 779505, 258, 22, 0
1759, 4, 451, 480, 10, 0, 63.39%, 7, 0, 7, 471.30, 781944, 258, 30, 0
1764, 4, 304, 480, 10, 0, 63.39%, 7, 0, 7, 457.53, 784277, 258, 30, 0
1769, 4, 466, 480, 10, 0, 63.39%, 7, 0, 7, 456.55, 786636, 258, 30, 0
1774, 4, 34, 480, 8, 0, 63.39%, 7, 0, 7, 465.25, 788926, 258, 30, 0
1779, 4, 274, 480, 8, 0, 63.39%, 7, 0, 7, 440.78, 791082, 258, 30, 0
1784, 4, 238, 480, 7, 0, 63.39%, 7, 0, 7, 429.16, 793256, 258, 30, 0
1789, 4, 290, 480, 7, 0, 63.39%, 7, 0, 7, 448.28, 795482, 258, 30, 0
1794, 4, 478, 480, 7, 0, 63.39%, 7, 0, 7, 468.34, 797902, 258, 30, 0
1799, 4, 246, 480, 6, 0, 63.39%, 7, 0, 7, 439.74, 800114, 258, 31, 0
1800, 4, 223, 480, 6, 0, 63.39%, 7, 0, 7, 437.16, 800332, 258, 31, 0
