# relative_time, cycles_done, cur_item, corpus_count, pending_total, pending_favs, map_size, saved_crashes, saved_hangs, max_depth, execs_per_sec, total_execs, edges_found, total_crashes, servers_count
61, 0, 115, 250, 183, 0, 45.95%, 1, 0, 4, 2017.76, 123859, 187, 1, 0
66, 0, 230, 258, 177, 0, 45.95%, 1, 0, 4, 1948.14, 133597, 187, 1, 0
71, 0, 250, 262, 167, 0, 46.19%, 1, 0, 5, 2044.60, 143862, 188, 1, 0
76, 0, 174, 271, 169, 0, 46.19%, 1, 0, 5, 2040.84, 154111, 188, 1, 0
81, 0, 237, 274, 167, 0, 46.19%, 1, 0, 5, 2033.83, 163346, 188, 1, 0
86, 0, 185, 276, 160, 0, 46.19%, 1, 0, 5, 1765.71, 172136, 188, 1, 0
91, 1, 116, 277, 147, 0, 46.19%, 1, 0, 5, 1966.63, 182782, 188, 1, 0
96, 1, 205, 279, 138, 0, 46.19%, 1, 0, 5, 2009.25, 193062, 188, 1, 0
101, 1, 142, 284, 127, 0, 46.19%, 1, 0, 5, 1914.03, 202706, 188, 1, 0
106, 1, 72, 288, 127, 0, 46.19%, 1, 0, 5, 1968.50, 213089, 188, 1, 0
112, 1, 129, 288, 113, 0, 46.19%, 1, 0, 5, 2015.54, 223283, 188, 1, 0
117, 1, 66, 289, 98, 0, 46.19%, 1, 0, 5, 1923.46, 233031, 188, 1, 0
122, 1, 222, 292, 86, 0, 46.19%, 1, 0, 5, 2000.90, 243160, 188, 1, 0
127, 1, 239, 293, 68, 0, 46.19%, 1, 0, 5, 2034.88, 253317, 188, 1, 0
132, 1, 196, 293, 55, 0, 46.19%, 1, 0, 5, 1931.78, 263067, 188, 1, 0
137, 1, 75, 336, 89, 0, 48.89%, 1, 0, 5, 1866.95, 272459, 199, 1, 0
142, 2, 339, 350, 95, 1, 49.39%, 1, 0, 5, 2149.96, 281157, 201, 1, 0
147, 2, 295, 350, 84, 0, 49.39%, 1, 0, 5, 2072.13, 291053, 201, 1, 0
152, 2, 310, 351, 73, 0, 49.39%, 1, 0, 5, 1936.22, 300643, 201, 1, 0
158, 2, 177, 351, 58, 0, 49.39%, 1, 0, 5, 2035.22, 311190, 201, 1, 0
163, 2, 185, 352, 49, 0, 49.39%, 1, 0, 5, 1957.61, 320953, 201, 1, 0
168, 2, 309, 352, 38, 0, 49.39%, 1, 0, 5, 2154.60, 332224, 201, 1, 0
173, 2, 328, 353, 32, 0, 49.39%, 1, 0, 5, 1992.53, 342571, 201, 1, 0
178, 2, 185, 353, 21, 0, 49.39%, 1, 0, 5, 1985.59, 352971, 201, 1, 0
183, 3, 372, 383, 45, 2, 58.72%, 1, 0, 5, 2093.89, 363616, 239, 1, 0
188, 3, 389, 397, 58, 3, 58.97%, 1, 0, 5, 2071.37, 374345, 240, 1, 0
193, 3, 366, 399, 52, 0, 58.97%, 1, 0, 5, 2037.48, 384561, 240, 1, 0
198, 3, 384, 407, 57, 0, 58.97%, 1, 0, 5, 2079.28, 395054, 240, 1, 0
204, 3, 406, 414, 62, 0, 58.97%, 1, 0, 5, 1938.98, 404683, 240, 1, 0
209, 3, 409, 414, 59, 0, 58.97%, 1, 0, 5, 1803.50, 413943, 240, 1, 0
214, 3, 402, 420, 61, 0, 58.97%, 1, 0, 5, 1739.98, 422141, 240, 1, 0
219, 3, 420, 426, 66, 0, 58.97%, 1, 0, 6, 2026.74, 431496, 240, 1, 0
224, 3, 430, 432, 71, 2, 59.21%, 1, 0, 6, 2066.86, 442401, 241, 1, 0
229, 3, 429, 448, 86, 1, 59.21%, 1, 0, 7, 2038.79, 452599, 241, 1, 0
234, 3, 443, 450, 82, 0, 59.21%, 1, 0, 8, 2024.92, 463032, 241, 1, 0
239, 3, 419, 453, 77, 0, 59.21%, 1, 0, 9, 1908.69, 472307, 241, 1, 0
245, 3, 411, 455, 73, 0, 59.21%, 1, 0, 9, 1969.13, 482576, 241, 1, 0
250, 3, 397, 455, 68, 0, 59.21%, 1, 0, 9, 1721.24, 491066, 241, 1, 0
255, 3, 433, 456, 61, 0, 59.21%, 1, 0, 9, 1876.97, 500751, 241, 1, 0
260, 3, 434, 456, 54, 0, 59.21%, 1, 0, 9, 1907.65, 510672, 241, 1, 0
265, 3, 262, 457, 48, 0, 59.21%, 1, 0, 9, 2038.12, 521544, 241, 1, 0
270, 3, 451, 457, 41, 0, 59.21%, 1, 0, 9, 1964.35, 531704, 241, 1, 0
275, 3, 416, 457, 35, 0, 59.21%, 1, 0, 9, 1864.99, 541341, 241, 1, 0
280, 3, 441, 457, 27, 0, 59.21%, 1, 0, 9, 2021.16, 552027, 241, 1, 0
286, 3, 421, 457, 20, 0, 59.21%, 1, 0, 9, 1990.56, 562349, 241, 1, 0
291, 4, 474, 488, 47, 8, 62.65%, 1, 0, 9, 1934.83, 572244, 255, 1, 0
296, 4, 404, 488, 39, 0, 62.65%, 1, 0, 9, 1915.07, 581806, 255, 1, 0
301, 4, 362, 489, 32, 0, 62.65%, 1, 0, 9, 1961.60, 591486, 255, 1, 0
306, 4, 132, 489, 27, 0, 62.65%, 1, 0, 9, 1922.96, 601016, 255, 1, 0
311, 4, 396, 489, 20, 0, 62.65%, 1, 0, 9, 1890.78, 610820, 255, 1, 0
316, 4, 359, 489, 16, 0, 62.65%, 1, 0, 9, 1212.72, 620275, 255, 1, 0
321, 4, 110, 489, 10, 0, 62.65%, 1, 0, 9, 1925.38, 631001, 255, 1, 0
326, 4, 476, 489, 7, 0, 62.65%, 1, 0, 9, 1954.36, 641125, 255, 1, 0
331, 5, 403, 493, 10, 0, 62.65%, 1, 0, 9, 1803.25, 650300, 255, 1, 0
336, 5, 26, 493, 6, 0, 62.65%, 1, 0, 9, 1911.68, 660011, 255, 1, 0
342, 5, 349, 493, 5, 0, 62.65%, 1, 0, 9, 2003.34, 670419, 255, 1, 0
347, 5, 164, 493, 4, 0, 62.65%, 1, 0, 9, 1938.48, 680070, 255, 1, 0
352, 5, 454, 493, 3, 0, 62.65%, 1, 0, 9, 1891.89, 689552, 255, 1, 0
357, 5, 344, 493, 2, 0, 62.65%, 1, 0, 9, 1904.77, 699180, 255, 1, 0
362, 6, 389, 494, 2, 0, 62.65%, 1, 0, 9, 2035.78, 709518, 255, 1, 0
367, 6, 52, 494, 2, 0, 62.65%, 1, 0, 9, 1994.49, 719915, 255, 1, 0
372, 6, 260, 495, 2, 0, 62.65%, 1, 0, 9, 2079.74, 730421, 255, 1, 0
377, 6, 226, 495, 1, 0, 62.65%, 1, 0, 9, 1957.55, 740307, 255, 1, 0
382, 6, 438, 495, 1, 0, 62.65%, 1, 0, 9, 1881.77, 749566, 255, 1, 0
387, 7, 34, 495, 1, 0, 62.65%, 1, 0, 9, 1920.83, 759376, 255, 1, 0
393, 7, 474, 495, 1, 0, 62.65%, 1, 0, 9, 1928.50, 769594, 255, 1, 0
398, 7, 494, 495, 1, 0, 62.65%, 1, 0, 9, 2013.41, 779731, 255, 1, 0
403, 7, 321, 495, 1, 0, 62.65%, 1, 0, 9, 1887.51, 789677, 255, 1, 0
408, 7, 352, 495, 1, 0, 62.65%, 1, 0, 9, 1966.08, 799532, 255, 1, 0
413, 7, 389, 496, 2, 0, 62.65%, 1, 0, 9, 240.85, 808922, 255, 1, 0
418, 8, 407, 496, 1, 0, 62.65%, 1, 0, 9, 1972.79, 818393, 255, 1, 0
423, 8, 110, 496, 1, 0, 62.65%, 1, 0, 9, 1853.11, 827766, 255, 1, 0
428, 8, 462, 496, 1, 0, 62.65%, 1, 0, 9, 1888.55, 837279, 255, 1, 0
434, 8, 469, 496, 1, 0, 62.65%, 1, 0, 9, 1888.08, 846860, 255, 1, 0
439, 8, 440, 496, 1, 0, 62.65%, 1, 0, 9, 2063.25, 856389, 255, 1, 0
444, 9, 355, 496, 1, 0, 62.65%, 1, 0, 9, 2037.82, 866957, 255, 1, 0
449, 9, 134, 496, 1, 0, 62.65%, 1, 0, 9, 1932.40, 876674, 255, 1, 0
454, 9, 462, 496, 1, 0, 62.65%, 1, 0, 9, 1797.02, 885488, 255, 1, 0
459, 9, 496, 497, 2, 1, 62.65%, 1, 0, 9, 1817.87, 894976, 255, 1, 0
464, 9, 430, 497, 1, 0, 62.65%, 1, 0, 9, 1738.67, 903949, 255, 1, 0
469, 10, 397, 497, 1, 0, 62.65%, 1, 0, 9, 1911.49, 913973, 255, 1, 0
475, 10, 329, 497, 1, 0, 62.65%, 1, 0, 9, 2001.39, 924358, 255, 1, 0
480, 10, 494, 497, 0, 0, 62.65%, 1, 0, 9, 2008.66, 934386, 255, 1, 0
485, 10, 160, 497, 0, 0, 62.65%, 1, 0, 9, 2084.69, 945356, 255, 1, 0
490, 10, 227, 497, 0, 0, 62.65%, 1, 0, 9, 1838.73, 953525, 255, 1, 0
495, 11, 110, 498, 0, 0, 62.90%, 1, 0, 9, 1914.89, 963112, 256, 1, 0
500, 11, 290, 498, 0, 0, 62.90%, 1, 0, 9, 2029.57, 973177, 256, 1, 0
505, 11, 496, 498, 0, 0, 62.90%, 1, 0, 9, 1961.81, 982779, 256, 1, 0
510, 11, 259, 498, 0, 0, 62.90%, 1, 0, 9, 1926.98, 992835, 256, 1, 0
515, 11, 314, 498, 0, 0, 62.90%, 1, 0, 9, 2001.05, 1003242, 256, 1, 0
520, 12, 414, 499, 0, 0, 62.90%, 1, 0, 9, 1903.43, 1012944, 256, 1, 0
525, 12, 80, 499, 0, 0, 62.90%, 1, 0, 9, 1825.43, 1021990, 256, 1, 0
531, 12, 75, 499, 0, 0, 62.90%, 1, 0, 9, 1841.04, 1031038, 256, 1, 0
536, 12, 34, 499, 0, 0, 62.90%, 1, 0, 9, 2014.42, 1041391, 256, 1, 0
541, 12, 226, 499, 0, 0, 62.90%, 1, 0, 9, 1938.04, 1051358, 256, 1, 0
546, 13, 499, 500, 1, 0, 62.90%, 1, 0, 9, 1840.61, 1060809, 256, 1, 0
551, 13, 248, 500, 0, 0, 62.90%, 1, 0, 9, 2048.72, 1070416, 256, 1, 0
556, 13, 61, 500, 0, 0, 62.90%, 1, 0, 9, 1961.80, 1080167, 256, 1, 0
561, 13, 27, 500, 0, 0, 62.90%, 1, 0, 9, 1978.24, 1090328, 256, 1, 0
566, 13, 410, 500, 0, 0, 62.90%, 1, 0, 9, 2000.76, 1100478, 256, 1, 0
571, 14, 259, 501, 1, 0, 62.90%, 1, 0, 9, 1989.41, 1110476, 256, 1, 0
576, 14, 479, 501, 1, 0, 62.90%, 1, 0, 9, 1816.88, 1119471, 256, 1, 0
582, 14, 461, 501, 0, 0, 62.90%, 1, 0, 9, 1805.24, 1127260, 256, 1, 0
587, 14, 126, 501, 0, 0, 62.90%, 1, 0, 9, 1753.09, 1136388, 256, 1, 0
592, 14, 434, 501, 0, 0, 62.90%, 1, 0, 9, 1809.04, 1145867, 256, 1, 0
597, 14, 342, 501, 0, 0, 62.90%, 1, 0, 9, 1823.10, 1154874, 256, 1, 0
598, 15, 439, 501, 0, 0, 62.90%, 1, 0, 9, 1839.16, 1157542, 256, 1, 0
