# relative_time, cycles_done, cur_item, corpus_count, pending_total, pending_favs, map_size, saved_crashes, saved_hangs, max_depth, execs_per_sec, total_execs, edges_found, total_crashes, servers_count
60, 0, 9, 86, 81, 4, 31.70%, 0, 0, 2, 472.56, 28076, 129, 0, 0
65, 0, 9, 88, 83, 4, 31.94%, 0, 0, 2, 478.84, 30430, 130, 0, 0
70, 0, 9, 89, 84, 4, 31.94%, 0, 0, 2, 482.31, 32822, 130, 0, 0
75, 0, 9, 89, 84, 4, 31.94%, 0, 0, 2, 472.27, 35189, 130, 0, 0
81, 0, 9, 89, 84, 4, 31.94%, 0, 0, 2, 440.12, 37313, 130, 0, 0
86, 0, 9, 89, 84, 4, 31.94%, 0, 0, 2, 430.79, 39490, 130, 0, 0
91, 0, 9, 90, 85, 4, 31.94%, 0, 0, 2, 429.04, 41649, 130, 0, 0
96, 0, 9, 90, 85, 4, 31.94%, 0, 0, 2, 441.50, 43825, 130, 0, 0
101, 0, 9, 90, 85, 4, 31.94%, 0, 0, 2, 439.44, 46009, 130, 0, 0
106, 0, 9, 90, 85, 4, 31.94%, 0, 0, 2, 454.97, 48265, 130, 0, 0
111, 0, 9, 93, 88, 4, 31.94%, 0, 0, 2, 457.02, 50527, 130, 0, 0
116, 0, 9, 93, 88, 4, 31.94%, 0, 0, 2, 440.11, 52777, 130, 0, 0
121, 0, 141, 145, 139, 32, 36.36%, 0, 0, 2, 440.23, 54956, 148, 0, 0
126, 0, 141, 150, 144, 32, 36.36%, 0, 0, 2, 432.49, 57176, 148, 0, 0
131, 0, 141, 153, 147, 32, 36.36%, 0, 0, 2, 405.90, 59213, 148, 0, 0
136, 0, 141, 155, 149, 32, 36.36%, 0, 0, 2, 428.51, 61436, 148, 0, 0
141, 0, 141, 158, 152, 32, 36.36%, 0, 0, 2, 442.97, 63681, 148, 0, 0
146, 0, 141, 162, 156, 32, 36.36%, 0, 0, 2, 452.53, 66008, 148, 0, 0
151, 0, 141, 164, 158, 32, 36.36%, 0, 0, 2, 443.39, 68210, 148, 0, 0
157, 0, 165, 167, 153, 27, 37.59%, 0, 0, 3, 461.57, 70573, 153, 0, 0
162, 0, 40, 167, 151, 25, 37.59%, 0, 0, 3, 461.21, 72911, 153, 0, 0
167, 0, 99, 169, 151, 24, 43.73%, 0, 0, 3, 456.47, 75218, 178, 0, 0
172, 0, 169, 172, 153, 25, 43.98%, 0, 0, 3, 449.82, 77540, 179, 0, 0
177, 0, 135, 187, 166, 26, 44.23%, 0, 0, 4, 464.81, 79889, 180, 0, 0
182, 0, 112, 192, 170, 25, 44.23%, 0, 0, 4, 582.76, 82420, 180, 0, 0
187, 0, 112, 192, 170, 25, 44.23%, 0, 0, 4, 448.95, 84602, 180, 0, 0
192, 0, 112, 193, 171, 25, 44.23%, 0, 0, 4, 415.68, 86719, 180, 0, 0
197, 0, 112, 193, 171, 25, 44.23%, 0, 0, 4, 443.23, 88967, 180, 0, 0
202, 0, 112, 194, 172, 25, 44.23%, 0, 0, 4, 447.95, 91182, 180, 0, 0
207, 0, 112, 194, 172, 25, 44.23%, 0, 0, 4, 468.32, 93517, 180, 0, 0
213, 0, 112, 194, 172, 25, 44.23%, 0, 0, 4, 478.23, 95911, 180, 0, 0
218, 0, 112, 194, 172, 25, 44.23%, 0, 0, 4, 432.17, 98054, 180, 0, 0
223, 0, 112, 194, 172, 25, 44.23%, 0, 0, 4, 435.19, 100222, 180, 0, 0
228, 0, 112, 194, 172, 25, 44.23%, 0, 0, 4, 445.48, 102462, 180, 0, 0
233, 0, 112, 194, 172, 25, 44.23%, 0, 0, 4, 430.47, 104638, 180, 0, 0
238, 0, 112, 194, 172, 25, 44.23%, 0, 0, 4, 460.62, 107035, 180, 0, 0
243, 0, 112, 194, 172, 25, 44.23%, 0, 0, 4, 419.70, 109126, 180, 0, 0
248, 0, 112, 194, 172, 25, 44.23%, 0, 0, 4, 443.00, 111364, 180, 0, 0
253, 0, 112, 194, 172, 25, 44.23%, 0, 0, 4, 447.09, 113606, 180, 0, 0
258, 0, 112, 194, 172, 25, 44.23%, 0, 0, 4, 434.60, 115750, 180, 0, 0
263, 0, 112, 194, 172, 25, 44.23%, 0, 0, 4, 414.85, 117830, 180, 0, 0
268, 0, 185, 195, 171, 24, 44.47%, 0, 0, 4, 430.70, 120029, 181, 0, 0
273, 0, 117, 195, 169, 22, 44.47%, 0, 0, 4, 436.95, 122261, 181, 0, 0
278, 0, 144, 195, 167, 20, 44.47%, 0, 0, 4, 424.89, 124427, 181, 0, 0
284, 0, 170, 196, 166, 18, 44.47%, 0, 0, 4, 411.76, 126556, 181, 0, 0
289, 0, 170, 197, 167, 18, 44.72%, 0, 0, 4, 405.54, 128550, 182, 0, 0
294, 0, 198, 200, 169, 18, 44.72%, 0, 0, 4, 417.34, 130709, 182, 0, 0
299, 0, 42, 202, 170, 17, 44.72%, 0, 0, 5, 426.86, 132954, 182, 0, 0
304, 0, 101, 202, 168, 16, 44.72%, 0, 0, 5, 440.85, 135208, 182, 0, 0
309, 0, 113, 202, 165, 13, 44.72%, 0, 0, 5, 451.07, 137499, 182, 0, 0
314, 0, 113, 208, 171, 13, 44.72%, 0, 0, 5, 442.47, 139740, 182, 0, 0
319, 0, 113, 209, 172, 13, 44.72%, 0, 0, 5, 461.27, 142208, 182, 0, 0
324, 0, 113, 211, 174, 13, 44.72%, 0, 0, 5, 453.56, 144498, 182, 0, 0
329, 0, 113, 212, 175, 13, 44.72%, 0, 0, 5, 433.84, 146633, 182, 0, 0
334, 0, 113, 214, 177, 13, 44.96%, 0, 0, 5, 411.11, 148711, 183, 0, 0
339, 0, 113, 217, 180, 13, 44.96%, 0, 0, 5, 446.84, 151012, 183, 0, 0
345, 0, 113, 217, 180, 13, 44.96%, 0, 0, 5, 428.03, 153132, 183, 0, 0
350, 0, 113, 218, 181, 13, 44.96%, 0, 0, 5, 412.93, 155243, 183, 0, 0
355, 0, 113, 219, 182, 13, 45.70%, 0, 0, 5, 431.19, 157466, 186, 0, 0
360, 0, 113, 219, 182, 13, 45.70%, 0, 0, 5, 89.03, 158047, 186, 0, 0
365, 0, 113, 219, 182, 13, 45.70%, 0, 0, 5, 122.60, 158702, 186, 0, 0
370, 0, 113, 219, 182, 13, 45.70%, 0, 0, 5, 139.26, 159434, 186, 0, 0
375, 0, 113, 220, 183, 13, 45.70%, 0, 0, 5, 136.29, 160147, 186, 0, 0
380, 0, 113, 220, 183, 13, 45.70%, 0, 0, 5, 129.43, 160813, 186, 0, 0
385, 0, 113, 220, 183, 13, 45.70%, 0, 0, 5, 134.43, 161511, 186, 0, 0
391, 0, 113, 220, 183, 13, 45.70%, 0, 0, 5, 131.18, 162181, 186, 0, 0
396, 0, 113, 220, 183, 13, 45.70%, 0, 0, 5, 130.10, 162851, 186, 0, 0
401, 0, 113, 220, 183, 13, 45.70%, 0, 0, 5, 143.75, 163604, 186, 0, 0
406, 0, 113, 220, 183, 13, 45.70%, 0, 0, 5, 130.24, 164254, 186, 0, 0
411, 0, 113, 220, 183, 13, 45.70%, 0, 0, 5, 129.13, 164924, 186, 0, 0
416, 0, 113, 220, 183, 13, 45.70%, 0, 0, 5, 125.53, 165560, 186, 0, 0
421, 0, 113, 220, 183, 13, 45.70%, 0, 0, 5, 131.63, 166250, 186, 0, 0
426, 0, 113, 220, 183, 13, 45.70%, 0, 0, 5, 136.05, 166946, 186, 0, 0
431, 0, 113, 220, 183, 13, 45.70%, 0, 0, 5, 133.20, 167662, 186, 0, 0
437, 0, 113, 220, 183, 13, 45.70%, 0, 0, 5, 131.46, 168354, 186, 0, 0
442, 0, 113, 220, 183, 13, 45.70%, 0, 0, 5, 144.60, 169104, 186, 0, 0
447, 0, 113, 220, 183, 13, 45.70%, 0, 0, 5, 129.11, 169730, 186, 0, 0
452, 0, 113, 221, 184, 13, 45.70%, 0, 0, 5, 134.30, 170411, 186, 0, 0
457, 0, 113, 221, 184, 13, 45.70%, 0, 0, 5, 142.56, 171159, 186, 0, 0
462, 0, 113, 221, 184, 13, 45.70%, 0, 0, 5, 147.33, 171927, 186, 0, 0
468, 0, 113, 221, 184, 13, 45.70%, 0, 0, 5, 155.77, 172725, 186, 0, 0
473, 0, 113, 221, 184, 13, 45.70%, 0, 0, 5, 141.51, 173455, 186, 0, 0
478, 0, 113, 221, 184, 13, 45.70%, 0, 0, 5, 130.29, 174103, 186, 0, 0
483, 0, 113, 221, 184, 13, 45.70%, 0, 0, 5, 128.50, 174719, 186, 0, 0
488, 0, 113, 221, 184, 13, 45.70%, 0, 0, 5, 146.86, 175477, 186, 0, 0
493, 0, 113, 221, 184, 13, 45.70%, 0, 0, 5, 141.04, 176183, 186, 0, 0
498, 0, 113, 221, 184, 13, 45.70%, 0, 0, 5, 131.83, 176839, 186, 0, 0
503, 0, 113, 221, 184, 13, 45.70%, 0, 0, 5, 127.09, 177489, 186, 0, 0
508, 0, 113, 221, 184, 13, 45.70%, 0, 0, 5, 131.39, 178177, 186, 0, 0
513, 0, 113, 221, 184, 13, 45.70%, 0, 0, 5, 132.35, 178847, 186, 0, 0
518, 0, 113, 221, 184, 13, 45.70%, 0, 0, 5, 134.40, 179529, 186, 0, 0
523, 0, 113, 221, 184, 13, 45.70%, 0, 0, 5, 137.92, 180233, 186, 0, 0
528, 0, 113, 221, 184, 13, 45.70%, 0, 0, 5, 147.10, 180985, 186, 0, 0
534, 0, 113, 221, 184, 13, 45.70%, 0, 0, 5, 136.14, 181665, 186, 0, 0
539, 0, 113, 221, 184, 13, 45.70%, 0, 0, 5, 140.52, 182369, 186, 0, 0
544, 0, 113, 221, 184, 13, 45.70%, 0, 0, 5, 142.13, 183091, 186, 0, 0
549, 0, 113, 221, 184, 13, 45.70%, 0, 0, 5, 144.36, 183839, 186, 0, 0
554, 0, 113, 221, 184, 13, 45.70%, 0, 0, 5, 132.54, 184521, 186, 0, 0
559, 0, 113, 221, 184, 13, 45.70%, 0, 0, 5, 135.57, 185195, 186, 0, 0
564, 0, 113, 221, 184, 13, 45.70%, 0, 0, 5, 137.61, 185923, 186, 0, 0
569, 0, 113, 221, 184, 13, 45.70%, 0, 0, 5, 136.82, 186615, 186, 0, 0
574, 0, 113, 221, 184, 13, 45.70%, 0, 0, 5, 141.70, 187349, 186, 0, 0
580, 0, 113, 221, 184, 13, 45.70%, 0, 0, 5, 124.47, 187959, 186, 0, 0
585, 0, 113, 221, 184, 13, 45.70%, 0, 0, 5, 130.97, 188667, 186, 0, 0
590, 0, 113, 221, 184, 13, 45.70%, 0, 0, 5, 135.33, 189363, 186, 0, 0
595, 0, 207, 221, 182, 13, 45.70%, 0, 0, 5, 144.73, 190115, 186, 0, 0
600, 0, 73, 221, 181, 12, 45.70%, 0, 0, 5, 133.02, 190766, 186, 0, 0
605, 0, 15, 221, 180, 11, 45.70%, 0, 0, 5, 125.75, 191412, 186, 0, 0
610, 0, 157, 222, 180, 10, 45.70%, 0, 0, 5, 146.70, 192126, 186, 0, 0
615, 0, 157, 224, 182, 10, 45.70%, 0, 0, 5, 139.74, 192828, 186, 0, 0
620, 0, 157, 224, 182, 10, 45.70%, 0, 0, 5, 130.67, 193480, 186, 0, 0
625, 0, 157, 224, 182, 10, 45.70%, 0, 0, 5, 139.30, 194176, 186, 0, 0
630, 0, 115, 224, 181, 9, 45.70%, 0, 0, 5, 141.87, 194880, 186, 0, 0
635, 0, 115, 224, 181, 9, 45.70%, 0, 0, 5, 145.07, 195614, 186, 0, 0
640, 0, 115, 225, 182, 9, 45.70%, 0, 0, 5, 133.91, 196283, 186, 0, 0
645, 0, 115, 225, 182, 9, 45.70%, 0, 0, 5, 137.68, 196975, 186, 0, 0
651, 0, 115, 225, 182, 9, 45.70%, 0, 0, 5, 135.75, 197633, 186, 0, 0
656, 0, 115, 225, 182, 9, 45.70%, 0, 0, 5, 126.73, 198279, 186, 0, 0
661, 0, 115, 225, 182, 9, 45.70%, 0, 0, 5, 123.93, 198915, 186, 0, 0
666, 0, 115, 225, 182, 9, 45.70%, 0, 0, 5, 122.41, 199543, 186, 0, 0
671, 0, 115, 225, 182, 9, 45.70%, 0, 0, 5, 123.07, 200175, 186, 0, 0
676, 0, 115, 225, 182, 9, 45.70%, 0, 0, 5, 124.67, 200789, 186, 0, 0
681, 0, 115, 226, 183, 9, 45.70%, 0, 0, 5, 125.02, 201415, 186, 0, 0
686, 0, 26, 226, 181, 8, 45.70%, 0, 0, 5, 133.26, 202124, 186, 0, 0
692, 0, 213, 226, 179, 6, 45.70%, 0, 0, 5, 135.62, 202832, 186, 0, 0
697, 0, 68, 226, 178, 5, 45.70%, 0, 0, 5, 129.36, 203499, 186, 0, 0
702, 0, 107, 226, 177, 4, 45.70%, 0, 0, 5, 131.94, 204171, 186, 0, 0
707, 0, 127, 226, 175, 3, 45.70%, 0, 0, 5, 129.20, 204813, 186, 0, 0
712, 0, 94, 226, 173, 1, 45.70%, 0, 0, 5, 128.77, 205475, 186, 0, 0
717, 0, 14, 226, 172, 0, 45.70%, 0, 0, 5, 144.18, 206226, 186, 0, 0
722, 0, 170, 227, 173, 0, 45.70%, 0, 0, 5, 136.33, 206901, 186, 0, 0
727, 0, 73, 227, 173, 0, 45.70%, 0, 0, 5, 148.46, 207649, 186, 0, 0
732, 0, 22, 227, 172, 0, 45.70%, 0, 0, 5, 139.52, 208344, 186, 0, 0
737, 0, 141, 227, 169, 0, 45.70%, 0, 0, 5, 136.17, 209017, 186, 0, 0
742, 0, 182, 227, 169, 0, 45.70%, 0, 0, 5, 140.62, 209703, 186, 0, 0
748, 0, 182, 227, 169, 0, 45.70%, 0, 0, 5, 136.70, 210417, 186, 0, 0
753, 0, 102, 227, 167, 0, 45.70%, 0, 0, 5, 136.10, 211112, 186, 0, 0
758, 0, 102, 227, 167, 0, 45.70%, 0, 0, 5, 135.81, 211824, 186, 0, 0
763, 0, 166, 227, 166, 0, 45.70%, 0, 0, 5, 134.73, 212488, 186, 0, 0
768, 0, 11, 227, 164, 0, 45.70%, 0, 0, 5, 135.33, 213181, 186, 0, 0
773, 0, 21, 227, 162, 0, 45.70%, 0, 0, 5, 138.12, 213895, 186, 0, 0
778, 0, 157, 227, 161, 0, 45.70%, 0, 0, 5, 149.08, 214655, 186, 0, 0
783, 0, 198, 227, 160, 0, 45.70%, 0, 0, 5, 145.89, 215376, 186, 0, 0
789, 0, 198, 228, 161, 0, 45.70%, 0, 0, 5, 136.51, 216040, 186, 0, 0
794, 0, 198, 228, 161, 0, 45.70%, 0, 0, 5, 136.89, 216722, 186, 0, 0
799, 0, 198, 228, 161, 0, 45.70%, 0, 0, 5, 132.81, 217380, 186, 0, 0
804, 0, 58, 228, 160, 0, 45.70%, 0, 0, 5, 137.83, 218081, 186, 0, 0
809, 0, 34, 228, 158, 0, 45.70%, 0, 0, 5, 133.97, 218742, 186, 0, 0
814, 0, 224, 228, 157, 0, 45.70%, 0, 0, 5, 137.21, 219426, 186, 0, 0
819, 0, 57, 228, 156, 0, 45.70%, 0, 0, 5, 134.57, 220102, 186, 0, 0
824, 0, 57, 228, 155, 0, 45.70%, 0, 0, 5, 132.20, 220791, 186, 0, 0
829, 0, 226, 228, 155, 0, 45.70%, 0, 0, 5, 131.86, 221471, 186, 0, 0
834, 0, 226, 228, 155, 0, 45.70%, 0, 0, 5, 140.36, 222171, 186, 0, 0
839, 0, 135, 228, 153, 0, 45.70%, 0, 0, 5, 145.27, 222919, 186, 0, 0
844, 0, 57, 228, 153, 0, 45.70%, 0, 0, 5, 150.72, 223665, 186, 0, 0
849, 0, 197, 228, 153, 0, 45.70%, 0, 0, 5, 136.61, 224346, 186, 0, 0
855, 0, 197, 230, 155, 0, 45.70%, 0, 0, 5, 143.18, 225056, 186, 0, 0
860, 0, 197, 231, 156, 0, 45.70%, 0, 0, 5, 137.10, 225739, 186, 0, 0
865, 0, 197, 231, 156, 0, 45.70%, 0, 0, 5, 124.70, 226367, 186, 0, 0
870, 0, 197, 233, 158, 0, 45.70%, 0, 0, 5, 121.15, 226999, 186, 0, 0
875, 0, 197, 234, 159, 0, 45.70%, 0, 0, 5, 119.95, 227606, 186, 0, 0
880, 0, 197, 234, 159, 0, 45.70%, 0, 0, 5, 137.92, 228344, 186, 0, 0
885, 0, 197, 234, 159, 0, 45.70%, 0, 0, 5, 137.26, 229060, 186, 0, 0
890, 0, 197, 234, 159, 0, 45.70%, 0, 0, 5, 142.35, 229782, 186, 0, 0
896, 0, 197, 234, 159, 0, 45.70%, 0, 0, 5, 141.17, 230532, 186, 0, 0
901, 0, 197, 234, 159, 0, 45.70%, 0, 0, 5, 139.43, 231230, 186, 0, 0
906, 0, 197, 234, 159, 0, 45.70%, 0, 0, 5, 134.89, 231960, 186, 0, 0
911, 0, 179, 234, 158, 0, 45.70%, 0, 0, 5, 130.53, 232608, 186, 0, 0
916, 0, 179, 240, 164, 0, 45.70%, 0, 0, 5, 131.03, 233296, 186, 0, 0
921, 0, 179, 242, 166, 0, 45.70%, 0, 0, 5, 136.53, 233988, 186, 0, 0
926, 0, 179, 242, 166, 0, 45.70%, 0, 0, 5, 135.91, 234704, 186, 0, 0
931, 0, 179, 242, 166, 0, 45.70%, 0, 0, 5, 129.57, 235346, 186, 0, 0
936, 0, 179, 242, 166, 0, 45.70%, 0, 0, 5, 127.77, 235966, 186, 0, 0
942, 0, 179, 242, 166, 0, 45.70%, 0, 0, 5, 145.13, 236710, 186, 0, 0
947, 0, 179, 242, 166, 0, 45.70%, 0, 0, 5, 147.72, 237444, 186, 0, 0
952, 0, 179, 242, 166, 0, 45.70%, 0, 0, 5, 133.87, 238100, 186, 0, 0
957, 0, 179, 242, 166, 0, 45.70%, 0, 0, 5, 131.02, 238764, 186, 0, 0
962, 0, 179, 243, 167, 0, 45.70%, 0, 0, 5, 137.09, 239481, 186, 0, 0
967, 0, 179, 244, 168, 0, 45.70%, 0, 0, 5, 139.54, 240180, 186, 0, 0
972, 0, 107, 244, 166, 0, 45.70%, 0, 0, 5, 146.61, 240919, 186, 0, 0
977, 0, 107, 244, 165, 0, 45.70%, 0, 0, 5, 134.27, 241616, 186, 0, 0
983, 0, 237, 244, 165, 0, 45.70%, 0, 0, 5, 141.60, 242370, 186, 0, 0
988, 0, 107, 244, 164, 0, 45.70%, 0, 0, 5, 129.69, 243028, 186, 0, 0
993, 0, 170, 244, 163, 0, 45.70%, 0, 0, 5, 135.61, 243737, 186, 0, 0
998, 0, 39, 244, 163, 0, 45.70%, 0, 0, 5, 134.35, 244442, 186, 0, 0
1003, 0, 74, 244, 162, 0, 45.70%, 0, 0, 5, 130.74, 245117, 186, 0, 0
1008, 0, 141, 244, 160, 0, 45.70%, 0, 0, 5, 130.68, 245793, 186, 0, 0
1013, 0, 112, 244, 160, 0, 45.70%, 0, 0, 5, 134.78, 246509, 186, 0, 0
1018, 0, 221, 244, 160, 0, 45.70%, 0, 0, 5, 134.04, 247204, 186, 0, 0
1023, 0, 178, 244, 159, 0, 45.70%, 0, 0, 5, 128.60, 247868, 186, 0, 0
1029, 0, 178, 244, 159, 0, 45.70%, 0, 0, 5, 134.04, 248558, 186, 0, 0
1034, 0, 28, 244, 158, 0, 45.70%, 0, 0, 5, 143.87, 249305, 186, 0, 0
1039, 0, 171, 244, 156, 0, 45.70%, 0, 0, 5, 141.51, 250045, 186, 0, 0
1044, 0, 171, 244, 156, 0, 45.70%, 0, 0, 5, 138.47, 250757, 186, 0, 0
1049, 0, 96, 244, 155, 0, 45.70%, 0, 0, 5, 143.18, 251472, 186, 0, 0
1054, 0, 60, 244, 155, 0, 45.70%, 0, 0, 5, 143.21, 252223, 186, 0, 0
1059, 0, 96, 244, 155, 0, 45.70%, 0, 0, 5, 139.72, 252886, 186, 0, 0
1064, 0, 225, 244, 155, 0, 45.70%, 0, 0, 5, 141.80, 253588, 186, 0, 0
1069, 0, 225, 244, 155, 0, 45.70%, 0, 0, 5, 133.24, 254258, 186, 0, 0
1075, 0, 78, 244, 154, 0, 45.70%, 0, 0, 5, 126.02, 254886, 186, 0, 0
1080, 0, 170, 245, 155, 0, 45.70%, 0, 0, 5, 130.50, 255570, 186, 0, 0
1085, 0, 144, 245, 155, 0, 45.70%, 0, 0, 5, 124.74, 256187, 186, 0, 0
1090, 0, 118, 245, 154, 0, 45.70%, 0, 0, 5, 135.27, 256876, 186, 0, 0
1095, 0, 116, 245, 153, 0, 45.70%, 0, 0, 5, 156.67, 257649, 186, 0, 0
1100, 0, 116, 245, 153, 0, 45.70%, 0, 0, 5, 137.54, 258321, 186, 0, 0
1105, 0, 157, 245, 152, 0, 45.70%, 0, 0, 5, 136.52, 259036, 186, 0, 0
1111, 0, 98, 245, 151, 0, 45.70%, 0, 0, 5, 139.16, 259764, 186, 0, 0
1116, 0, 98, 245, 151, 0, 45.70%, 0, 0, 5, 129.44, 260408, 186, 0, 0
1121, 0, 137, 245, 150, 0, 45.70%, 0, 0, 5, 127.72, 261046, 186, 0, 0
1126, 0, 198, 245, 150, 0, 45.70%, 0, 0, 5, 126.39, 261716, 186, 0, 0
1131, 0, 109, 245, 149, 0, 45.70%, 0, 0, 5, 143.29, 262415, 186, 0, 0
1136, 0, 10, 245, 148, 0, 45.70%, 0, 0, 5, 131.91, 263069, 186, 0, 0
1141, 0, 243, 245, 147, 0, 45.70%, 0, 0, 5, 134.94, 263757, 186, 0, 0
1146, 0, 243, 245, 147, 0, 45.70%, 0, 0, 5, 138.45, 264465, 186, 0, 0
1151, 0, 112, 245, 146, 0, 45.70%, 0, 0, 5, 136.61, 265167, 186, 0, 0
1156, 1, 229, 245, 146, 0, 45.70%, 0, 0, 5, 148.14, 265931, 186, 0, 0
1161, 1, 229, 246, 147, 0, 45.70%, 0, 0, 6, 136.56, 266618, 186, 0, 0
1166, 1, 120, 246, 146, 0, 45.70%, 0, 0, 6, 130.71, 267269, 186, 0, 0
1172, 1, 184, 246, 145, 0, 45.70%, 0, 0, 6, 129.19, 267919, 186, 0, 0
1177, 1, 88, 246, 144, 0, 45.70%, 0, 0, 6, 139.85, 268671, 186, 0, 0
1182, 1, 223, 247, 143, 0, 45.70%, 0, 0, 6, 143.15, 269410, 186, 0, 0
1187, 1, 8, 247, 142, 0, 45.70%, 0, 0, 6, 139.12, 270104, 186, 0, 0
1192, 1, 247, 248, 142, 1, 45.95%, 0, 0, 6, 131.51, 270771, 187, 0, 0
1197, 1, 247, 248, 142, 1, 45.95%, 0, 0, 6, 125.95, 271393, 187, 0, 0
1202, 1, 218, 248, 141, 0, 45.95%, 0, 0, 6, 147.01, 272155, 187, 0, 0
1207, 1, 214, 250, 142, 0, 45.95%, 0, 0, 6, 146.87, 272904, 187, 0, 0
1212, 1, 135, 250, 140, 0, 45.95%, 0, 0, 6, 141.64, 273596, 187, 0, 0
1217, 1, 168, 250, 138, 0, 45.95%, 0, 0, 6, 146.58, 274310, 187, 0, 0
1222, 1, 172, 250, 138, 0, 45.95%, 0, 0, 6, 141.08, 274986, 187, 0, 0
1227, 1, 192, 250, 137, 0, 45.95%, 0, 0, 6, 140.02, 275710, 187, 0, 0
1233, 1, 61, 250, 135, 0, 45.95%, 0, 0, 6, 141.88, 276414, 187, 0, 0
1238, 1, 100, 250, 134, 0, 45.95%, 0, 0, 6, 143.04, 277138, 187, 0, 0
1243, 1, 92, 250, 133, 0, 45.95%, 0, 0, 6, 137.42, 277823, 187, 0, 0
1248, 1, 158, 250, 131, 0, 45.95%, 0, 0, 6, 128.30, 278466, 187, 0, 0
1253, 1, 200, 250, 130, 0, 45.95%, 0, 0, 6, 131.77, 279119, 187, 0, 0
1258, 1, 200, 250, 130, 0, 45.95%, 0, 0, 6, 136.83, 279817, 187, 0, 0
1263, 1, 244, 250, 129, 0, 45.95%, 0, 0, 6, 134.44, 280481, 187, 0, 0
1268, 1, 244, 252, 131, 0, 45.95%, 0, 0, 6, 121.86, 281094, 187, 0, 0
1273, 1, 119, 252, 128, 0, 45.95%, 0, 0, 6, 133.52, 281772, 187, 0, 0
1278, 1, 177, 252, 126, 0, 45.95%, 0, 0, 6, 137.26, 282458, 187, 0, 0
1283, 1, 177, 252, 126, 0, 45.95%, 0, 0, 6, 136.97, 283142, 187, 0, 0
1288, 1, 241, 252, 124, 0, 45.95%, 0, 0, 6, 133.52, 283814, 187, 0, 0
1293, 1, 241, 252, 124, 0, 45.95%, 0, 0, 6, 131.01, 284452, 187, 0, 0
1298, 1, 147, 252, 123, 0, 45.95%, 0, 0, 6, 129.40, 285110, 187, 0, 0
1304, 1, 186, 253, 123, 0, 45.95%, 0, 0, 6, 134.79, 285798, 187, 0, 0
1309, 1, 186, 253, 123, 0, 45.95%, 0, 0, 6, 142.14, 286510, 187, 0, 0
1314, 1, 231, 253, 122, 0, 45.95%, 0, 0, 6, 137.43, 287200, 187, 0, 0
1319, 1, 231, 253, 122, 0, 45.95%, 0, 0, 6, 139.38, 287914, 187, 0, 0
1324, 1, 57, 253, 121, 0, 45.95%, 0, 0, 6, 134.81, 288597, 187, 0, 0
1329, 1, 170, 254, 121, 0, 45.95%, 0, 0, 6, 130.32, 289249, 187, 0, 0
1334, 1, 201, 254, 121, 0, 45.95%, 0, 0, 6, 135.83, 289978, 187, 0, 0
1339, 1, 201, 254, 121, 0, 45.95%, 0, 0, 6, 140.92, 290704, 187, 0, 0
1345, 1, 252, 259, 123, 0, 45.95%, 0, 0, 6, 138.19, 291394, 187, 0, 0
1350, 1, 305, 316, 180, 10, 50.12%, 0, 0, 6, 133.95, 292040, 204, 0, 0
1355, 1, 305, 316, 180, 10, 50.12%, 0, 0, 6, 132.77, 292735, 204, 0, 0
1360, 1, 288, 316, 179, 9, 50.12%, 0, 0, 6, 138.39, 293444, 204, 0, 0
1365, 1, 288, 316, 179, 9, 50.12%, 0, 0, 6, 144.87, 294197, 204, 0, 0
1370, 1, 289, 316, 178, 8, 50.12%, 0, 0, 6, 143.42, 294914, 204, 0, 0
1375, 1, 299, 316, 177, 7, 50.12%, 0, 0, 6, 148.94, 295664, 204, 0, 0
1380, 1, 299, 316, 177, 7, 50.12%, 0, 0, 6, 133.26, 296326, 204, 0, 0
1385, 1, 304, 316, 176, 6, 50.12%, 0, 0, 6, 129.85, 297010, 204, 0, 0
1390, 1, 302, 316, 175, 5, 50.12%, 0, 0, 6, 139.62, 297709, 204, 0, 0
1396, 1, 302, 316, 175, 5, 50.12%, 0, 0, 6, 135.91, 298398, 204, 0, 0
1401, 1, 180, 316, 174, 4, 50.12%, 0, 0, 6, 142.19, 299144, 204, 0, 0
1406, 1, 296, 316, 173, 4, 50.12%, 0, 0, 6, 137.52, 299832, 204, 0, 0
1411, 1, 296, 316, 173, 4, 50.12%, 0, 0, 6, 140.72, 300520, 204, 0, 0
1416, 1, 300, 316, 171, 3, 50.12%, 0, 0, 6, 135.10, 301205, 204, 0, 0
1421, 1, 107, 316, 170, 2, 50.12%, 0, 0, 6, 133.82, 301881, 204, 0, 0
1426, 1, 307, 316, 170, 2, 50.12%, 0, 0, 6, 133.11, 302559, 204, 0, 0
1431, 1, 311, 319, 172, 1, 50.12%, 0, 0, 6, 136.45, 303259, 204, 0, 0
1436, 1, 238, 319, 171, 0, 50.12%, 0, 0, 6, 143.71, 303953, 204, 0, 0
1441, 1, 238, 319, 171, 0, 50.12%, 0, 0, 6, 128.13, 304585, 204, 0, 0
1446, 1, 238, 319, 171, 0, 50.12%, 0, 0, 6, 123.12, 305219, 204, 0, 0
1451, 1, 236, 319, 169, 0, 50.12%, 0, 0, 6, 120.58, 305831, 204, 0, 0
1457, 1, 236, 319, 169, 0, 50.12%, 0, 0, 6, 128.54, 306517, 204, 0, 0
1462, 1, 295, 319, 167, 0, 50.12%, 0, 0, 6, 138.58, 307245, 204, 0, 0
1467, 1, 295, 319, 167, 0, 50.12%, 0, 0, 6, 127.80, 307921, 204, 0, 0
1472, 1, 176, 321, 168, 0, 50.12%, 0, 0, 6, 126.04, 308564, 204, 0, 0
1477, 1, 176, 321, 168, 0, 50.12%, 0, 0, 6, 150.19, 309306, 204, 0, 0
1482, 1, 291, 321, 167, 0, 50.12%, 0, 0, 6, 147.58, 310088, 204, 0, 0
1487, 1, 183, 321, 166, 0, 50.12%, 0, 0, 6, 136.28, 310765, 204, 0, 0
1492, 1, 183, 321, 166, 0, 50.12%, 0, 0, 6, 137.30, 311473, 204, 0, 0
1497, 1, 218, 321, 164, 0, 50.12%, 0, 0, 6, 154.34, 312288, 204, 0, 0
1502, 1, 199, 321, 164, 0, 50.12%, 0, 0, 6, 145.03, 312984, 204, 0, 0
1508, 1, 199, 321, 164, 0, 50.12%, 0, 0, 6, 130.39, 313646, 204, 0, 0
1513, 1, 228, 321, 163, 0, 50.12%, 0, 0, 6, 128.35, 314316, 204, 0, 0
1518, 1, 306, 321, 162, 0, 50.12%, 0, 0, 6, 125.30, 314962, 204, 0, 0
1523, 1, 286, 321, 159, 0, 50.12%, 0, 0, 6, 131.93, 315673, 204, 0, 0
1528, 1, 68, 321, 158, 0, 50.12%, 0, 0, 6, 139.36, 316388, 204, 0, 0
1533, 1, 283, 321, 157, 0, 50.12%, 0, 0, 6, 141.25, 317113, 204, 0, 0
1538, 1, 101, 321, 156, 0, 50.12%, 0, 0, 6, 137.24, 317799, 204, 0, 0
1543, 1, 78, 321, 154, 0, 50.12%, 0, 0, 6, 139.39, 318538, 204, 0, 0
1549, 1, 64, 321, 153, 0, 50.12%, 0, 0, 6, 138.68, 319224, 204, 0, 0
1554, 1, 233, 321, 151, 0, 50.12%, 0, 0, 6, 131.01, 319869, 204, 0, 0
1559, 1, 233, 321, 151, 0, 50.12%, 0, 0, 6, 133.14, 320549, 204, 0, 0
1564, 1, 123, 321, 149, 0, 50.12%, 0, 0, 6, 134.82, 321241, 204, 0, 0
1569, 1, 154, 321, 147, 0, 50.12%, 0, 0, 6, 140.56, 321942, 204, 0, 0
1574, 1, 198, 321, 146, 0, 50.12%, 0, 0, 6, 136.90, 322618, 204, 0, 0
1579, 1, 201, 321, 146, 0, 50.12%, 0, 0, 6, 124.86, 323256, 204, 0, 0
1584, 1, 279, 321, 145, 0, 50.12%, 0, 0, 6, 132.64, 323943, 204, 0, 0
1589, 1, 279, 321, 145, 0, 50.12%, 0, 0, 6, 139.35, 324655, 204, 0, 0
1594, 1, 104, 321, 143, 0, 50.12%, 0, 0, 6, 133.89, 325321, 204, 0, 0
1600, 1, 104, 321, 143, 0, 50.12%, 0, 0, 6, 135.18, 326017, 204, 0, 0
1605, 1, 313, 321, 142, 0, 50.12%, 0, 0, 6, 134.72, 326731, 204, 0, 0
1610, 1, 68, 321, 141, 0, 50.12%, 0, 0, 6, 131.92, 327396, 204, 0, 0
1615, 1, 18, 321, 141, 0, 50.12%, 0, 0, 6, 129.65, 328067, 204, 0, 0
1620, 1, 277, 321, 140, 0, 50.12%, 0, 0, 6, 141.97, 328821, 204, 0, 0
1625, 1, 277, 321, 140, 0, 50.12%, 0, 0, 6, 142.23, 329549, 204, 0, 0
1630, 1, 207, 321, 139, 0, 50.12%, 0, 0, 6, 139.50, 330235, 204, 0, 0
1635, 1, 55, 321, 138, 0, 50.12%, 0, 0, 6, 130.03, 330887, 204, 0, 0
1640, 1, 269, 321, 138, 0, 50.12%, 0, 0, 6, 140.69, 331581, 204, 0, 0
1645, 1, 146, 321, 137, 0, 50.12%, 0, 0, 6, 142.67, 332315, 204, 0, 0
1650, 1, 103, 321, 135, 0, 50.12%, 0, 0, 6, 133.90, 332988, 204, 0, 0
1656, 1, 103, 321, 135, 0, 50.12%, 0, 0, 6, 129.61, 333654, 204, 0, 0
1661, 1, 97, 321, 133, 0, 50.12%, 0, 0, 6, 149.61, 334408, 204, 0, 0
1666, 1, 272, 321, 133, 0, 50.12%, 0, 0, 6, 136.43, 335084, 204, 0, 0
1671, 1, 111, 321, 132, 0, 50.12%, 0, 0, 6, 141.02, 335822, 204, 0, 0
1676, 1, 302, 321, 131, 0, 50.12%, 0, 0, 6, 143.45, 336563, 204, 0, 0
1681, 1, 208, 321, 131, 0, 50.12%, 0, 0, 6, 134.61, 337247, 204, 0, 0
1686, 1, 137, 321, 129, 0, 50.12%, 0, 0, 6, 143.28, 337989, 204, 0, 0
1691, 1, 168, 321, 129, 0, 50.12%, 0, 0, 6, 140.50, 338681, 204, 0, 0
1696, 1, 281, 321, 129, 0, 50.12%, 0, 0, 6, 129.37, 339347, 204, 0, 0
1701, 1, 56, 321, 128, 0, 50.12%, 0, 0, 6, 133.00, 339997, 204, 0, 0
1706, 1, 301, 321, 126, 0, 50.12%, 0, 0, 6, 134.29, 340681, 204, 0, 0
1712, 1, 84, 321, 125, 0, 50.12%, 0, 0, 6, 126.32, 341334, 204, 0, 0
1717, 1, 66, 321, 124, 0, 50.12%, 0, 0, 6, 128.61, 341984, 204, 0, 0
1722, 1, 210, 321, 123, 0, 50.12%, 0, 0, 6, 124.84, 342613, 204, 0, 0
1727, 1, 292, 321, 122, 0, 50.12%, 0, 0, 6, 135.37, 343305, 204, 0, 0
1732, 1, 314, 321, 121, 0, 50.12%, 0, 0, 6, 137.60, 344014, 204, 0, 0
1737, 1, 314, 321, 121, 0, 50.12%, 0, 0, 6, 133.78, 344680, 204, 0, 0
1742, 1, 30, 321, 119, 0, 50.12%, 0, 0, 6, 138.43, 345405, 204, 0, 0
1747, 1, 127, 321, 117, 0, 50.12%, 0, 0, 6, 130.95, 346063, 204, 0, 0
1752, 1, 242, 321, 117, 0, 50.12%, 0, 0, 6, 130.44, 346737, 204, 0, 0
1757, 1, 242, 321, 117, 0, 50.12%, 0, 0, 6, 141.31, 347465, 204, 0, 0
1762, 1, 250, 321, 115, 0, 50.12%, 0, 0, 6, 143.62, 348194, 204, 0, 0
1768, 1, 250, 321, 115, 0, 50.12%, 0, 0, 6, 144.63, 348946, 204, 0, 0
1773, 1, 175, 321, 113, 0, 50.12%, 0, 0, 6, 139.19, 349668, 204, 0, 0
1778, 1, 168, 321, 111, 0, 50.12%, 0, 0, 6, 141.03, 350412, 204, 0, 0
1783, 1, 320, 321, 110, 0, 50.12%, 0, 0, 6, 149.64, 351175, 204, 0, 0
1788, 1, 54, 321, 109, 0, 50.12%, 0, 0, 6, 150.40, 351965, 204, 0, 0
1793, 1, 321, 322, 108, 1, 50.12%, 0, 0, 6, 145.53, 352712, 204, 0, 0
1798, 1, 90, 322, 106, 0, 50.12%, 0, 0, 6, 153.51, 353465, 204, 0, 0
1803, 1, 262, 322, 105, 0, 50.12%, 0, 0, 6, 130.10, 354118, 204, 0, 0
1809, 1, 246, 322, 103, 0, 50.12%, 0, 0, 6, 156.92, 354953, 204, 0, 0
1814, 1, 275, 322, 101, 0, 50.12%, 0, 0, 6, 138.14, 355658, 204, 0, 0
1819, 1, 275, 322, 101, 0, 50.12%, 0, 0, 6, 145.59, 356390, 204, 0, 0
1824, 1, 239, 322, 99, 0, 50.12%, 0, 0, 6, 142.18, 357107, 204, 0, 0
1829, 1, 239, 322, 99, 0, 50.12%, 0, 0, 6, 143.98, 357813, 204, 0, 0
1834, 1, 78, 322, 97, 0, 50.12%, 0, 0, 6, 136.32, 358505, 204, 0, 0
1839, 1, 265, 322, 97, 0, 50.12%, 0, 0, 6, 135.76, 359193, 204, 0, 0
1844, 1, 107, 322, 96, 0, 50.12%, 0, 0, 6, 153.01, 359952, 204, 0, 0
1850, 1, 222, 322, 96, 0, 50.12%, 0, 0, 6, 140.78, 360653, 204, 0, 0
1855, 1, 80, 323, 96, 0, 50.12%, 0, 0, 6, 141.27, 361366, 204, 0, 0
1860, 1, 125, 323, 95, 0, 50.12%, 0, 0, 6, 134.36, 362022, 204, 0, 0
1865, 1, 152, 323, 93, 0, 50.12%, 0, 0, 6, 142.43, 362703, 204, 0, 0
1870, 1, 232, 323, 92, 0, 50.12%, 0, 0, 6, 136.46, 363434, 204, 0, 0
1875, 1, 232, 323, 92, 0, 50.12%, 0, 0, 6, 137.43, 364150, 204, 0, 0
1880, 1, 201, 323, 91, 0, 50.12%, 0, 0, 6, 140.04, 364866, 204, 0, 0
1885, 1, 216, 323, 91, 0, 50.12%, 0, 0, 6, 135.05, 365564, 204, 0, 0
1891, 1, 302, 323, 89, 0, 50.12%, 0, 0, 6, 130.96, 366241, 204, 0, 0
1896, 1, 173, 323, 89, 0, 50.12%, 0, 0, 6, 131.91, 366929, 204, 0, 0
1901, 1, 173, 323, 89, 0, 50.12%, 0, 0, 6, 135.51, 367617, 204, 0, 0
1906, 1, 218, 323, 88, 0, 50.12%, 0, 0, 6, 130.89, 368273, 204, 0, 0
1911, 1, 217, 323, 87, 0, 50.12%, 0, 0, 6, 135.03, 368959, 204, 0, 0
1916, 1, 15, 323, 85, 0, 50.12%, 0, 0, 6, 124.89, 369611, 204, 0, 0
1921, 1, 302, 323, 84, 0, 50.12%, 0, 0, 6, 147.29, 370415, 204, 0, 0
1926, 1, 282, 323, 84, 0, 50.12%, 0, 0, 6, 145.01, 371147, 204, 0, 0
1932, 1, 57, 323, 83, 0, 50.12%, 0, 0, 6, 130.93, 371844, 204, 0, 0
1937, 1, 57, 323, 83, 0, 50.12%, 0, 0, 6, 134.08, 372516, 204, 0, 0
1942, 1, 260, 323, 83, 0, 50.12%, 0, 0, 6, 141.62, 373238, 204, 0, 0
1947, 1, 251, 323, 82, 0, 50.12%, 0, 0, 6, 152.79, 374038, 204, 0, 0
1952, 1, 322, 323, 81, 0, 50.12%, 0, 0, 6, 137.42, 374765, 204, 0, 0
1957, 1, 290, 323, 80, 0, 50.12%, 0, 0, 6, 134.55, 375436, 204, 0, 0
1962, 1, 290, 323, 80, 0, 50.12%, 0, 0, 6, 122.95, 376059, 204, 0, 0
1967, 1, 137, 323, 78, 0, 50.12%, 0, 0, 6, 135.62, 376762, 204, 0, 0
1972, 1, 19, 323, 77, 0, 50.12%, 0, 0, 6, 145.43, 377518, 204, 0, 0
1977, 1, 274, 323, 76, 0, 50.12%, 0, 0, 6, 138.65, 378164, 204, 0, 0
1983, 1, 274, 323, 76, 0, 50.12%, 0, 0, 6, 125.14, 378788, 204, 0, 0
1988, 1, 196, 323, 75, 0, 50.12%, 0, 0, 6, 121.13, 379390, 204, 0, 0
1993, 1, 196, 323, 75, 0, 50.12%, 0, 0, 6, 130.98, 380106, 204, 0, 0
1998, 1, 145, 323, 73, 0, 50.12%, 0, 0, 6, 141.14, 380830, 204, 0, 0
2003, 1, 205, 323, 71, 0, 50.12%, 0, 0, 6, 146.93, 381564, 204, 0, 0
2008, 1, 209, 323, 70, 0, 50.12%, 0, 0, 6, 145.21, 382302, 204, 0, 0
2013, 1, 323, 324, 70, 1, 50.37%, 0, 0, 6, 142.26, 383013, 205, 0, 0
2018, 1, 78, 324, 69, 0, 50.37%, 0, 0, 6, 138.11, 383747, 205, 0, 0
2023, 1, 27, 324, 69, 0, 50.37%, 0, 0, 6, 129.64, 384383, 205, 0, 0
2029, 1, 245, 324, 67, 0, 50.37%, 0, 0, 6, 135.61, 385057, 205, 0, 0
2034, 1, 245, 324, 67, 0, 50.37%, 0, 0, 6, 140.96, 385787, 205, 0, 0
2039, 1, 258, 324, 66, 0, 50.37%, 0, 0, 6, 137.91, 386460, 205, 0, 0
2044, 1, 280, 324, 64, 0, 50.37%, 0, 0, 6, 134.65, 387136, 205, 0, 0
2049, 1, 280, 324, 64, 0, 50.37%, 0, 0, 6, 137.02, 387816, 205, 0, 0
2054, 1, 305, 324, 63, 0, 50.37%, 0, 0, 6, 147.51, 388554, 205, 0, 0
2059, 1, 160, 324, 62, 0, 50.37%, 0, 0, 6, 135.18, 389277, 205, 0, 0
2065, 1, 230, 324, 61, 0, 50.37%, 0, 0, 6, 151.78, 390078, 205, 0, 0
2070, 1, 230, 324, 61, 0, 50.37%, 0, 0, 6, 140.52, 390762, 205, 0, 0
2075, 1, 234, 324, 60, 0, 50.37%, 0, 0, 6, 137.90, 391446, 205, 0, 0
2080, 1, 247, 324, 59, 0, 50.37%, 0, 0, 6, 124.75, 392077, 205, 0, 0
2085, 1, 257, 324, 59, 0, 50.37%, 0, 0, 6, 128.23, 392743, 205, 0, 0
2090, 2, 235, 324, 58, 0, 50.37%, 1, 0, 6, 134.32, 393435, 205, 1, 0
2095, 2, 235, 324, 58, 0, 50.37%, 1, 0, 6, 157.64, 394230, 205, 1, 0
2100, 2, 157, 324, 56, 0, 50.37%, 1, 0, 6, 153.91, 395004, 205, 1, 0
2105, 2, 0, 324, 56, 0, 50.37%, 1, 0, 6, 129.32, 395655, 205, 1, 0
2110, 2, 126, 324, 56, 0, 50.37%, 1, 0, 6, 143.03, 396388, 205, 1, 0
2116, 2, 44, 324, 55, 0, 50.37%, 1, 0, 6, 138.60, 397105, 205, 5, 0
2121, 2, 107, 324, 54, 0, 50.37%, 2, 0, 6, 133.16, 397771, 205, 6, 0
2126, 2, 157, 324, 54, 0, 50.37%, 2, 0, 6, 139.56, 398485, 205, 6, 0
2131, 2, 319, 324, 54, 0, 50.37%, 2, 0, 6, 139.06, 399183, 205, 7, 0
2136, 2, 319, 324, 54, 0, 50.37%, 2, 0, 6, 128.47, 399819, 205, 7, 0
2141, 2, 157, 326, 55, 0, 50.37%, 2, 0, 6, 124.75, 400427, 205, 7, 0
2146, 2, 175, 326, 54, 0, 50.37%, 2, 0, 6, 130.63, 401112, 205, 7, 0
2151, 2, 175, 326, 54, 0, 50.37%, 3, 0, 6, 127.88, 401752, 205, 8, 0
2156, 2, 241, 326, 53, 0, 50.37%, 4, 0, 6, 137.87, 402469, 205, 9, 0
2161, 2, 293, 326, 53, 0, 50.37%, 4, 0, 6, 133.13, 403132, 205, 9, 0
2166, 2, 293, 326, 53, 0, 50.37%, 4, 0, 6, 152.34, 403921, 205, 9, 0
2171, 2, 207, 326, 51, 0, 50.37%, 4, 0, 6, 127.92, 404546, 205, 9, 0
2177, 2, 107, 326, 51, 0, 50.37%, 4, 0, 6, 122.52, 405176, 205, 9, 0
2182, 2, 271, 327, 52, 0, 50.86%, 4, 0, 6, 142.43, 405930, 207, 9, 0
2187, 2, 174, 327, 50, 0, 50.86%, 4, 0, 6, 137.78, 406626, 207, 9, 0
2192, 2, 174, 327, 50, 0, 50.86%, 4, 0, 6, 136.64, 407352, 207, 9, 0
2197, 2, 131, 327, 49, 0, 50.86%, 4, 0, 6, 153.60, 408134, 207, 9, 0
2202, 2, 175, 327, 47, 0, 50.86%, 4, 0, 6, 153.70, 408924, 207, 9, 0
2207, 2, 273, 327, 47, 0, 50.86%, 4, 0, 6, 149.29, 409678, 207, 9, 0
2213, 2, 168, 327, 46, 0, 50.86%, 4, 0, 6, 142.39, 410407, 207, 9, 0
2218, 2, 73, 327, 45, 0, 50.86%, 5, 0, 6, 138.95, 411115, 207, 10, 0
2223, 2, 95, 327, 44, 0, 50.86%, 5, 0, 6, 146.60, 411896, 207, 10, 0
2228, 2, 212, 327, 43, 0, 50.86%, 5, 0, 6, 143.98, 412637, 207, 10, 0
2233, 2, 141, 327, 42, 0, 50.86%, 5, 0, 6, 145.61, 413395, 207, 10, 0
2238, 2, 157, 327, 42, 0, 50.86%, 5, 0, 6, 135.09, 414085, 207, 10, 0
2243, 2, 170, 327, 42, 0, 50.86%, 5, 0, 6, 128.84, 414747, 207, 10, 0
2248, 2, 86, 327, 42, 0, 50.86%, 5, 0, 6, 131.05, 415411, 207, 10, 0
2253, 2, 218, 327, 41, 0, 50.86%, 5, 0, 6, 126.91, 416070, 207, 10, 0
2259, 2, 325, 327, 40, 0, 50.86%, 5, 0, 6, 127.89, 416710, 207, 10, 0
2264, 2, 325, 327, 40, 0, 50.86%, 5, 0, 6, 131.71, 417374, 207, 10, 0
2269, 2, 227, 327, 39, 0, 50.86%, 5, 0, 6, 130.86, 418051, 207, 10, 0
2274, 2, 227, 327, 39, 0, 50.86%, 5, 0, 6, 135.59, 418745, 207, 10, 0
2279, 2, 50, 327, 38, 0, 50.86%, 5, 0, 6, 131.80, 419411, 207, 10, 0
2284, 2, 219, 327, 37, 0, 50.86%, 5, 0, 6, 129.05, 420057, 207, 10, 0
2289, 2, 170, 327, 37, 0, 50.86%, 5, 0, 6, 128.81, 420701, 207, 10, 0
2294, 2, 211, 327, 37, 0, 50.86%, 5, 0, 6, 124.64, 421305, 207, 10, 0
2299, 2, 7, 327, 37, 0, 50.86%, 5, 0, 6, 129.14, 421984, 207, 10, 0
2304, 2, 135, 327, 36, 0, 50.86%, 6, 0, 6, 142.16, 422698, 207, 11, 0
2309, 2, 276, 327, 36, 0, 50.86%, 6, 0, 6, 135.10, 423372, 207, 11, 0
2314, 2, 101, 327, 35, 0, 50.86%, 6, 0, 6, 131.19, 424039, 207, 11, 0
2319, 2, 144, 327, 35, 0, 50.86%, 6, 0, 6, 134.25, 424732, 207, 11, 0
2325, 2, 132, 327, 34, 0, 50.86%, 6, 0, 6, 131.07, 425430, 207, 11, 0
2330, 2, 10, 327, 33, 0, 50.86%, 6, 0, 6, 134.54, 426126, 207, 12, 0
2335, 2, 157, 327, 33, 0, 50.86%, 6, 0, 6, 142.45, 426837, 207, 13, 0
2340, 2, 218, 327, 31, 0, 50.86%, 6, 0, 6, 138.21, 427547, 207, 13, 0
2345, 2, 263, 327, 31, 0, 50.86%, 6, 0, 6, 141.98, 428265, 207, 13, 0
2350, 2, 26, 327, 30, 0, 50.86%, 6, 0, 6, 134.99, 428926, 207, 13, 0
2355, 2, 208, 327, 30, 0, 50.86%, 6, 0, 6, 128.23, 429581, 207, 13, 0
2361, 2, 311, 327, 30, 0, 50.86%, 6, 0, 6, 136.03, 430277, 207, 13, 0
2366, 2, 324, 327, 30, 0, 50.86%, 6, 0, 6, 136.44, 430992, 207, 13, 0
2371, 2, 324, 327, 30, 0, 50.86%, 6, 0, 6, 135.62, 431682, 207, 13, 0
2376, 2, 107, 327, 29, 0, 50.86%, 6, 0, 6, 144.53, 432385, 207, 13, 0
2381, 2, 101, 327, 29, 0, 50.86%, 6, 0, 6, 140.16, 433085, 207, 15, 0
2386, 2, 141, 327, 29, 0, 50.86%, 6, 0, 6, 147.17, 433826, 207, 15, 0
2391, 2, 96, 327, 28, 0, 50.86%, 6, 0, 6, 137.55, 434508, 207, 15, 0
2396, 2, 67, 327, 28, 0, 50.86%, 6, 0, 6, 133.27, 435165, 207, 15, 0
2401, 2, 57, 327, 27, 0, 50.86%, 6, 0, 6, 138.80, 435902, 207, 15, 0
2406, 2, 107, 327, 27, 0, 50.86%, 6, 0, 6, 138.13, 436606, 207, 15, 0
2412, 2, 286, 327, 27, 0, 50.86%, 6, 0, 6, 130.11, 437275, 207, 15, 0
2417, 2, 96, 327, 27, 0, 50.86%, 6, 0, 6, 141.82, 437994, 207, 15, 0
2422, 2, 198, 327, 27, 0, 50.86%, 7, 0, 6, 141.25, 438700, 207, 16, 0
2427, 2, 96, 327, 27, 0, 50.86%, 7, 0, 6, 130.04, 439350, 207, 16, 0
2432, 2, 137, 327, 27, 0, 50.86%, 7, 0, 6, 132.06, 440015, 207, 16, 0
2437, 2, 302, 327, 26, 0, 50.86%, 7, 0, 6, 135.07, 440720, 207, 16, 0
2442, 2, 230, 327, 26, 0, 50.86%, 7, 0, 6, 134.73, 441403, 207, 16, 0
2447, 2, 135, 327, 25, 0, 50.86%, 7, 0, 6, 139.64, 442076, 207, 16, 0
2453, 2, 207, 327, 25, 0, 50.86%, 7, 0, 6, 137.98, 442782, 207, 18, 0
2458, 2, 168, 327, 25, 0, 50.86%, 7, 0, 6, 136.50, 443474, 207, 18, 0
2463, 2, 78, 327, 25, 0, 50.86%, 7, 0, 6, 136.13, 444164, 207, 20, 0
2468, 2, 81, 327, 25, 0, 50.86%, 7, 0, 6, 142.85, 444889, 207, 20, 0
2473, 2, 181, 327, 24, 0, 50.86%, 7, 0, 6, 143.99, 445609, 207, 20, 0
2478, 2, 101, 327, 22, 0, 50.86%, 7, 0, 6, 143.72, 446347, 207, 20, 0
2483, 2, 198, 327, 22, 0, 50.86%, 7, 0, 6, 143.38, 447064, 207, 20, 0
2488, 2, 12, 327, 22, 0, 50.86%, 7, 0, 6, 151.04, 447801, 207, 20, 0
2493, 2, 310, 327, 22, 0, 50.86%, 7, 0, 6, 139.06, 448490, 207, 20, 0
2498, 2, 141, 327, 21, 0, 50.86%, 7, 0, 6, 147.15, 449256, 207, 20, 0
2503, 2, 137, 327, 21, 0, 50.86%, 7, 0, 6, 141.39, 449963, 207, 20, 0
2508, 2, 101, 327, 21, 0, 50.86%, 7, 0, 6, 174.85, 450763, 207, 20, 0
2514, 2, 57, 327, 21, 0, 50.86%, 7, 0, 6, 149.25, 451508, 207, 20, 0
2519, 2, 31, 327, 21, 0, 50.86%, 7, 0, 6, 147.38, 452293, 207, 20, 0
2524, 2, 3, 328, 21, 0, 50.86%, 7, 0, 6, 144.21, 453005, 207, 20, 0
2529, 2, 213, 328, 21, 0, 50.86%, 7, 0, 6, 133.67, 453680, 207, 20, 0
2534, 2, 157, 328, 21, 0, 50.86%, 7, 0, 6, 138.09, 454382, 207, 20, 0
2539, 2, 170, 328, 21, 0, 50.86%, 7, 0, 6, 142.94, 455121, 207, 21, 0
2544, 2, 303, 328, 21, 0, 50.86%, 7, 0, 6, 148.36, 455853, 207, 21, 0
2549, 2, 167, 328, 20, 0, 50.86%, 7, 0, 6, 145.74, 456579, 207, 21, 0
2554, 2, 96, 328, 19, 0, 50.86%, 7, 0, 6, 138.59, 457288, 207, 21, 0
2559, 2, 302, 328, 19, 0, 50.86%, 7, 0, 6, 126.31, 457934, 207, 21, 0
2564, 2, 327, 331, 22, 0, 50.86%, 7, 0, 6, 132.12, 458598, 207, 21, 0
2570, 2, 327, 331, 22, 0, 50.86%, 7, 0, 6, 137.32, 459317, 207, 21, 0
2575, 2, 25, 331, 21, 0, 50.86%, 7, 0, 6, 146.17, 460060, 207, 21, 0
2580, 2, 78, 331, 19, 0, 50.86%, 7, 0, 6, 134.67, 460743, 207, 21, 0
2585, 2, 101, 331, 19, 0, 50.86%, 7, 0, 6, 138.56, 461448, 207, 24, 0
2590, 2, 115, 331, 19, 0, 50.86%, 7, 0, 6, 133.19, 462129, 207, 24, 0
2595, 2, 127, 331, 19, 0, 50.86%, 7, 0, 6, 138.24, 462845, 207, 29, 0
2600, 2, 287, 331, 19, 0, 50.86%, 7, 0, 6, 131.92, 463501, 207, 29, 0
2605, 2, 15, 331, 19, 0, 50.86%, 7, 0, 6, 134.58, 464207, 207, 29, 0
2610, 3, 0, 331, 17, 0, 50.86%, 7, 0, 6, 140.03, 464908, 207, 29, 0
2616, 3, 135, 331, 17, 0, 50.86%, 7, 0, 6, 139.87, 465630, 207, 31, 0
2621, 3, 326, 331, 17, 0, 50.86%, 7, 0, 6, 138.60, 466348, 207, 31, 0
2626, 3, 78, 331, 17, 0, 50.86%, 7, 0, 6, 135.30, 467041, 207, 31, 0
2631, 3, 294, 331, 16, 0, 50.86%, 7, 0, 6, 141.52, 467758, 207, 31, 0
2636, 3, 294, 331, 16, 0, 50.86%, 7, 0, 6, 140.51, 468473, 207, 31, 0
2641, 3, 166, 331, 15, 0, 50.86%, 7, 0, 6, 138.30, 469168, 207, 31, 0
2646, 3, 115, 331, 15, 0, 50.86%, 7, 0, 6, 132.04, 469834, 207, 31, 0
2651, 3, 141, 331, 15, 0, 50.86%, 7, 0, 6, 135.12, 470540, 207, 31, 0
2656, 3, 198, 331, 14, 0, 50.86%, 7, 0, 6, 124.11, 471182, 207, 31, 0
2661, 3, 302, 331, 14, 0, 50.86%, 7, 0, 6, 138.91, 471876, 207, 31, 0
2667, 3, 207, 331, 14, 0, 50.86%, 7, 0, 6, 129.42, 472544, 207, 33, 0
2672, 3, 175, 331, 14, 0, 50.86%, 7, 0, 6, 128.42, 473210, 207, 33, 0
2677, 3, 175, 331, 14, 0, 50.86%, 7, 0, 6, 137.55, 473924, 207, 36, 0
2682, 3, 175, 331, 14, 0, 50.86%, 7, 0, 6, 132.58, 474593, 207, 36, 0
2687, 3, 135, 331, 14, 0, 50.86%, 7, 0, 6, 141.40, 475321, 207, 36, 0
2692, 3, 302, 331, 14, 0, 50.86%, 7, 0, 6, 132.14, 475988, 207, 36, 0
2697, 3, 152, 331, 14, 0, 50.86%, 7, 0, 6, 136.59, 476692, 207, 36, 0
2702, 3, 99, 331, 14, 0, 50.86%, 7, 0, 6, 132.60, 477369, 207, 36, 0
2707, 3, 198, 331, 13, 0, 50.86%, 7, 0, 6, 145.57, 478119, 207, 36, 0
2713, 3, 326, 331, 13, 0, 50.86%, 7, 0, 6, 123.73, 478735, 207, 36, 0
2718, 3, 170, 331, 13, 0, 50.86%, 7, 0, 6, 134.09, 479446, 207, 36, 0
2723, 3, 57, 331, 13, 0, 50.86%, 7, 0, 6, 136.84, 480150, 207, 36, 0
2728, 3, 57, 331, 13, 0, 50.86%, 7, 0, 6, 130.64, 480803, 207, 37, 0
2733, 3, 135, 331, 13, 0, 50.86%, 7, 0, 6, 140.15, 481550, 207, 38, 0
2738, 3, 168, 331, 13, 0, 50.86%, 7, 0, 6, 145.02, 482260, 207, 42, 0
2743, 3, 330, 331, 13, 0, 50.86%, 7, 0, 6, 148.16, 483010, 207, 42, 0
2748, 3, 213, 331, 12, 0, 50.86%, 7, 0, 6, 155.28, 483775, 207, 42, 0
2753, 3, 326, 331, 12, 0, 50.86%, 7, 0, 6, 147.08, 484528, 207, 43, 0
2758, 3, 198, 331, 12, 0, 50.86%, 7, 0, 6, 131.36, 485173, 207, 43, 0
2763, 3, 234, 331, 12, 0, 50.86%, 7, 0, 6, 129.63, 485821, 207, 43, 0
2769, 3, 97, 331, 12, 0, 50.86%, 7, 0, 6, 136.05, 486497, 207, 47, 0
2774, 3, 135, 331, 12, 0, 50.86%, 7, 0, 6, 135.08, 487193, 207, 47, 0
2779, 3, 261, 331, 12, 0, 50.86%, 7, 0, 6, 146.89, 487949, 207, 48, 0
2784, 3, 57, 331, 11, 0, 50.86%, 7, 0, 6, 147.94, 488691, 207, 48, 0
2789, 3, 278, 331, 11, 0, 50.86%, 7, 0, 6, 142.98, 489431, 207, 48, 0
2794, 3, 278, 331, 11, 0, 50.86%, 7, 0, 6, 136.48, 490113, 207, 48, 0
2799, 3, 117, 331, 10, 0, 50.86%, 7, 0, 6, 137.64, 490829, 207, 48, 0
2804, 3, 137, 331, 10, 0, 50.86%, 7, 0, 6, 139.07, 491534, 207, 48, 0
2810, 3, 141, 331, 10, 0, 50.86%, 7, 0, 6, 153.68, 492303, 207, 48, 0
2815, 3, 328, 331, 10, 0, 50.86%, 7, 0, 6, 140.24, 492992, 207, 48, 0
2820, 3, 124, 331, 9, 0, 50.86%, 7, 0, 6, 139.46, 493681, 207, 49, 0
2825, 3, 198, 331, 9, 0, 50.86%, 7, 0, 6, 133.66, 494369, 207, 49, 0
2830, 3, 302, 331, 9, 0, 50.86%, 7, 0, 6, 129.96, 495033, 207, 49, 0
2835, 3, 137, 331, 9, 0, 50.86%, 7, 0, 6, 135.48, 495735, 207, 49, 0
2840, 3, 137, 331, 9, 0, 50.86%, 7, 0, 6, 151.20, 496537, 207, 49, 0
2845, 3, 170, 331, 9, 0, 50.86%, 7, 0, 6, 146.68, 497301, 207, 50, 0
2850, 3, 170, 331, 9, 0, 50.86%, 7, 0, 6, 143.42, 497993, 207, 50, 0
2855, 3, 144, 331, 9, 0, 50.86%, 7, 0, 6, 131.27, 498665, 207, 50, 0
2861, 3, 137, 331, 9, 0, 50.86%, 7, 0, 6, 137.09, 499397, 207, 52, 0
2866, 3, 25, 331, 9, 0, 50.86%, 7, 0, 6, 131.57, 500064, 207, 52, 0
2871, 3, 115, 331, 9, 0, 50.86%, 7, 0, 6, 147.08, 500837, 207, 52, 0
2876, 3, 15, 331, 9, 0, 50.86%, 7, 0, 6, 133.88, 501520, 207, 55, 0
2881, 3, 117, 331, 9, 0, 50.86%, 7, 0, 6, 143.62, 502267, 207, 55, 0
2886, 3, 207, 331, 9, 0, 50.86%, 7, 0, 6, 143.80, 503001, 207, 55, 0
2891, 3, 154, 331, 9, 0, 50.86%, 7, 0, 6, 145.36, 503756, 207, 55, 0
2896, 3, 15, 331, 9, 0, 50.86%, 7, 0, 6, 143.57, 504509, 207, 55, 0
2902, 3, 141, 331, 9, 0, 50.86%, 7, 0, 6, 145.14, 505250, 207, 57, 0
2907, 3, 99, 331, 9, 0, 50.86%, 7, 0, 6, 150.75, 506025, 207, 57, 0
2912, 3, 99, 331, 9, 0, 50.86%, 7, 0, 6, 149.71, 506772, 207, 57, 0
2917, 3, 10, 331, 9, 0, 50.86%, 7, 0, 6, 135.51, 507455, 207, 57, 0
2922, 3, 135, 331, 9, 0, 50.86%, 7, 0, 6, 146.38, 508235, 207, 58, 0
2927, 3, 321, 331, 9, 0, 50.86%, 7, 0, 6, 148.49, 508988, 207, 61, 0
2932, 3, 233, 331, 9, 0, 50.86%, 7, 0, 6, 140.55, 509667, 207, 61, 0
2937, 3, 144, 331, 9, 0, 50.86%, 7, 0, 6, 135.97, 510360, 207, 61, 0
2942, 3, 115, 331, 9, 0, 50.86%, 7, 0, 6, 146.28, 511118, 207, 61, 0
2947, 3, 135, 331, 9, 0, 50.86%, 7, 0, 6, 135.26, 511816, 207, 62, 0
2953, 3, 241, 331, 9, 0, 50.86%, 7, 0, 6, 128.89, 512486, 207, 64, 0
2958, 3, 26, 331, 9, 0, 50.86%, 7, 0, 6, 133.72, 513162, 207, 64, 0
2963, 3, 288, 331, 9, 0, 50.86%, 7, 0, 6, 142.19, 513932, 207, 64, 0
2968, 3, 198, 331, 9, 0, 50.86%, 7, 0, 6, 142.99, 514642, 207, 64, 0
2973, 3, 114, 331, 9, 0, 50.86%, 7, 0, 6, 131.61, 515323, 207, 64, 0
2978, 3, 114, 331, 9, 0, 50.86%, 7, 0, 6, 128.51, 515993, 207, 64, 0
2983, 3, 137, 331, 8, 0, 50.86%, 7, 0, 6, 133.67, 516679, 207, 64, 0
2988, 3, 141, 331, 8, 0, 50.86%, 7, 0, 6, 129.08, 517325, 207, 64, 0
2993, 3, 57, 331, 8, 0, 50.86%, 7, 0, 6, 132.31, 517996, 207, 64, 0
2999, 3, 170, 331, 8, 0, 50.86%, 7, 0, 6, 129.31, 518657, 207, 66, 0
3004, 3, 57, 331, 8, 0, 50.86%, 7, 0, 6, 130.24, 519335, 207, 67, 0
3009, 3, 287, 331, 8, 0, 50.86%, 7, 0, 6, 134.02, 520017, 207, 67, 0
3014, 3, 107, 331, 8, 0, 50.86%, 7, 0, 6, 135.70, 520732, 207, 67, 0
3019, 3, 78, 331, 8, 0, 50.86%, 7, 0, 6, 139.39, 521416, 207, 67, 0
3024, 3, 144, 331, 8, 0, 50.86%, 7, 0, 6, 138.70, 522135, 207, 69, 0
3029, 3, 326, 331, 8, 0, 50.86%, 7, 0, 6, 135.59, 522821, 207, 69, 0
3034, 3, 144, 331, 8, 0, 50.86%, 7, 0, 6, 137.45, 523540, 207, 69, 0
3039, 4, 333, 334, 11, 1, 51.35%, 7, 0, 6, 142.98, 524243, 209, 69, 0
3044, 4, 333, 337, 14, 1, 52.09%, 7, 0, 6, 147.83, 525001, 212, 69, 0
3050, 4, 334, 337, 13, 3, 52.09%, 7, 0, 6, 142.67, 525723, 212, 69, 0
3055, 4, 334, 337, 13, 3, 52.09%, 7, 0, 6, 142.07, 526455, 212, 69, 0
3060, 4, 334, 337, 13, 3, 52.09%, 7, 0, 6, 139.63, 527163, 212, 69, 0
3065, 4, 335, 338, 13, 2, 52.09%, 7, 0, 6, 135.82, 527868, 212, 69, 0
3070, 4, 335, 338, 13, 2, 52.09%, 7, 0, 6, 124.92, 528492, 212, 69, 0
3075, 4, 335, 338, 13, 2, 52.09%, 7, 0, 6, 150.80, 529294, 212, 69, 0
3080, 4, 336, 338, 12, 1, 52.09%, 7, 0, 6, 144.47, 530036, 212, 69, 0
3085, 4, 176, 338, 11, 0, 52.09%, 7, 0, 6, 144.73, 530755, 212, 69, 0
3090, 4, 45, 338, 11, 0, 52.09%, 7, 0, 6, 135.39, 531436, 212, 69, 0
3095, 4, 173, 338, 11, 0, 52.09%, 7, 0, 6, 137.83, 532128, 212, 71, 0
3101, 4, 141, 338, 11, 0, 52.09%, 7, 0, 6, 358.30, 533944, 212, 71, 0
3106, 4, 198, 338, 11, 0, 52.09%, 7, 0, 6, 481.78, 536678, 212, 73, 0
3111, 4, 104, 338, 11, 0, 52.09%, 7, 0, 6, 575.75, 539624, 212, 73, 0
3116, 4, 78, 338, 11, 0, 52.09%, 7, 0, 6, 521.02, 542071, 212, 73, 0
3121, 4, 219, 338, 11, 0, 52.09%, 7, 0, 6, 520.96, 544749, 212, 73, 0
3126, 4, 92, 338, 11, 0, 52.09%, 7, 0, 6, 479.61, 547114, 212, 80, 0
3131, 4, 142, 338, 11, 0, 52.09%, 7, 0, 6, 497.51, 549582, 212, 80, 0
3136, 4, 135, 338, 11, 0, 52.09%, 7, 0, 6, 497.96, 552136, 212, 83, 0
3141, 4, 191, 338, 11, 0, 52.09%, 7, 0, 6, 476.12, 554598, 212, 83, 0
3147, 4, 277, 338, 11, 0, 52.09%, 7, 0, 6, 473.51, 556984, 212, 83, 0
3152, 4, 198, 338, 11, 0, 52.09%, 7, 0, 6, 463.07, 559237, 212, 83, 0
3157, 4, 198, 338, 11, 0, 52.09%, 7, 0, 6, 499.31, 561969, 212, 83, 0
3162, 4, 78, 338, 11, 0, 52.09%, 7, 0, 6, 466.89, 564288, 212, 83, 0
3167, 4, 188, 338, 11, 0, 52.09%, 7, 0, 6, 472.19, 566715, 212, 83, 0
3172, 4, 270, 338, 11, 0, 52.09%, 7, 0, 6, 479.07, 569171, 212, 84, 0
3177, 4, 333, 338, 10, 0, 52.09%, 7, 0, 6, 477.01, 571578, 212, 84, 0
3182, 4, 72, 338, 10, 0, 52.09%, 7, 0, 6, 474.30, 574018, 212, 84, 0
3187, 4, 137, 338, 10, 0, 52.09%, 7, 0, 6, 459.93, 576269, 212, 84, 0
3192, 4, 209, 338, 10, 0, 52.09%, 8, 0, 6, 461.24, 578629, 212, 88, 0
3197, 4, 120, 338, 10, 0, 52.09%, 8, 0, 6, 455.09, 580923, 212, 88, 0
3203, 4, 137, 338, 9, 0, 52.09%, 8, 0, 6, 458.77, 583246, 212, 89, 0
3208, 4, 198, 338, 9, 0, 52.09%, 8, 0, 6, 458.25, 585599, 212, 89, 0
3213, 4, 182, 338, 9, 0, 52.09%, 8, 0, 6, 446.97, 587871, 212, 92, 0
3218, 4, 305, 338, 9, 0, 52.09%, 8, 0, 6, 437.31, 590147, 212, 92, 0
3223, 5, 345, 350, 21, 5, 52.83%, 8, 0, 6, 482.20, 592637, 215, 93, 0
3228, 5, 349, 350, 19, 3, 52.83%, 8, 0, 6, 457.18, 594966, 215, 93, 0
3233, 5, 348, 350, 16, 1, 52.83%, 8, 0, 6, 466.48, 597365, 215, 93, 0
3238, 5, 342, 350, 15, 0, 52.83%, 8, 0, 6, 479.69, 599817, 215, 94, 0
3243, 5, 236, 350, 14, 0, 52.83%, 8, 0, 6, 468.13, 602181, 215, 94, 0
3248, 5, 343, 350, 14, 0, 52.83%, 8, 0, 6, 488.98, 604706, 215, 95, 0
3253, 5, 99, 350, 12, 0, 52.83%, 8, 0, 6, 511.28, 607292, 215, 95, 0
3258, 5, 207, 350, 11, 0, 52.83%, 8, 0, 6, 500.29, 609775, 215, 97, 0
3263, 5, 201, 350, 11, 0, 52.83%, 8, 0, 6, 479.63, 612194, 215, 97, 0
3268, 5, 96, 350, 11, 0, 52.83%, 8, 0, 6, 485.00, 614599, 215, 97, 0
3273, 5, 137, 350, 11, 0, 52.83%, 8, 0, 6, 486.93, 617022, 215, 97, 0
3279, 5, 101, 350, 11, 0, 52.83%, 8, 0, 6, 463.19, 619382, 215, 98, 0
3284, 5, 78, 350, 11, 0, 52.83%, 8, 0, 6, 468.52, 621820, 215, 98, 0
3289, 5, 198, 350, 11, 0, 52.83%, 8, 0, 6, 465.14, 624156, 215, 98, 0
3294, 5, 321, 350, 11, 0, 52.83%, 8, 0, 6, 467.04, 626516, 215, 102, 0
3299, 5, 135, 350, 10, 0, 52.83%, 8, 0, 6, 457.69, 628944, 215, 107, 0
3304, 5, 344, 350, 10, 0, 52.83%, 8, 0, 6, 469.82, 631321, 215, 112, 0
3309, 5, 198, 350, 9, 0, 52.83%, 8, 0, 6, 463.95, 633672, 215, 112, 0
3314, 5, 350, 351, 10, 1, 55.28%, 8, 0, 6, 495.06, 636162, 225, 112, 0
3319, 5, 350, 376, 35, 1, 57.99%, 8, 0, 6, 511.13, 638703, 236, 112, 0
3324, 5, 350, 377, 36, 1, 57.99%, 8, 0, 6, 523.96, 641320, 236, 112, 0
3329, 5, 350, 377, 36, 1, 57.99%, 8, 0, 6, 470.08, 643662, 236, 112, 0
3334, 5, 363, 377, 34, 5, 57.99%, 8, 0, 6, 474.48, 646076, 236, 112, 0
3339, 5, 362, 377, 33, 4, 57.99%, 8, 0, 6, 483.28, 648521, 236, 112, 0
3344, 5, 383, 388, 43, 5, 57.99%, 8, 0, 6, 452.96, 650819, 236, 112, 0
3349, 5, 384, 389, 42, 4, 58.72%, 8, 0, 6, 451.49, 653083, 239, 112, 0
3354, 5, 384, 389, 42, 4, 58.72%, 8, 0, 6, 478.16, 655512, 239, 112, 0
3360, 5, 384, 390, 43, 4, 58.72%, 8, 0, 6, 474.33, 657823, 239, 112, 0
3365, 5, 353, 393, 44, 2, 58.72%, 8, 0, 6, 477.83, 660198, 239, 112, 0
3370, 5, 388, 393, 43, 1, 58.72%, 8, 0, 6, 437.91, 662513, 239, 112, 0
3375, 5, 380, 393, 42, 0, 58.72%, 8, 0, 6, 440.84, 664741, 239, 115, 0
3380, 5, 368, 393, 40, 0, 58.72%, 8, 0, 6, 451.33, 666979, 239, 115, 0
3385, 5, 389, 395, 40, 0, 58.72%, 8, 0, 6, 428.75, 669197, 239, 115, 0
3390, 5, 389, 395, 40, 0, 58.72%, 8, 0, 6, 418.83, 671397, 239, 115, 0
3395, 5, 381, 395, 39, 0, 58.72%, 8, 0, 6, 439.74, 673631, 239, 115, 0
3400, 5, 289, 395, 38, 0, 58.72%, 8, 0, 6, 438.89, 675825, 239, 115, 0
3405, 5, 389, 395, 37, 0, 58.72%, 8, 0, 6, 477.65, 678277, 239, 122, 0
3410, 5, 166, 395, 36, 0, 58.72%, 8, 0, 6, 470.57, 680610, 239, 122, 0
3415, 5, 391, 395, 35, 0, 58.72%, 8, 0, 6, 465.07, 682920, 239, 122, 0
3420, 5, 354, 395, 34, 0, 58.72%, 8, 0, 6, 454.35, 685204, 239, 125, 0
3426, 5, 383, 396, 33, 0, 58.72%, 8, 0, 6, 475.41, 687599, 239, 125, 0
3431, 5, 352, 396, 32, 0, 58.72%, 8, 0, 6, 457.90, 689903, 239, 125, 0
3436, 5, 358, 396, 31, 0, 58.72%, 8, 0, 6, 468.74, 692315, 239, 125, 0
3441, 5, 164, 396, 30, 0, 58.72%, 8, 0, 6, 463.77, 694613, 239, 125, 0
3446, 5, 75, 396, 30, 0, 58.72%, 8, 0, 6, 479.01, 697052, 239, 125, 0
3451, 5, 380, 396, 28, 0, 58.72%, 8, 0, 6, 453.70, 699382, 239, 125, 0
3456, 5, 340, 396, 27, 0, 58.72%, 8, 0, 6, 470.91, 701737, 239, 125, 0
3461, 5, 389, 396, 26, 0, 58.72%, 8, 0, 6, 452.04, 703989, 239, 125, 0
3466, 5, 379, 396, 25, 0, 58.72%, 8, 0, 6, 522.48, 706801, 239, 125, 0
3471, 5, 170, 397, 25, 0, 58.72%, 8, 0, 6, 468.85, 709125, 239, 126, 0
3476, 6, 408, 437, 65, 3, 61.43%, 8, 0, 6, 451.64, 711381, 250, 127, 0
3481, 6, 408, 437, 65, 3, 61.43%, 8, 0, 6, 458.83, 713748, 250, 127, 0
3486, 6, 365, 437, 63, 1, 61.43%, 8, 0, 6, 461.95, 716061, 250, 127, 0
3492, 6, 430, 437, 62, 1, 61.43%, 8, 0, 6, 451.63, 718325, 250, 127, 0
3497, 6, 364, 438, 62, 0, 61.43%, 8, 0, 6, 454.66, 720597, 250, 127, 0
3502, 6, 399, 438, 60, 0, 61.43%, 8, 0, 6, 463.80, 722894, 250, 129, 0
3507, 6, 355, 438, 59, 0, 61.43%, 8, 0, 6, 470.00, 725302, 250, 129, 0
3512, 6, 115, 438, 57, 0, 61.43%, 8, 0, 6, 451.23, 727611, 250, 130, 0
3517, 6, 423, 438, 55, 0, 61.43%, 8, 0, 6, 480.21, 730056, 250, 130, 0
3522, 6, 394, 438, 53, 0, 61.43%, 8, 0, 6, 477.75, 732464, 250, 130, 0
3527, 6, 426, 438, 52, 0, 61.43%, 8, 0, 6, 464.77, 734785, 250, 130, 0
3532, 6, 376, 438, 51, 0, 61.43%, 8, 0, 6, 465.61, 737131, 250, 130, 0
3537, 6, 57, 438, 49, 0, 61.43%, 8, 0, 6, 472.15, 739475, 250, 133, 0
3542, 6, 392, 438, 48, 0, 61.43%, 8, 0, 6, 460.50, 741780, 250, 133, 0
3547, 6, 373, 438, 46, 0, 61.43%, 8, 0, 6, 442.71, 743968, 250, 134, 0
3552, 6, 430, 438, 45, 0, 61.43%, 8, 0, 6, 435.34, 746213, 250, 134, 0
3557, 6, 402, 438, 44, 0, 61.43%, 8, 0, 6, 477.45, 748659, 250, 134, 0
3562, 6, 420, 438, 42, 0, 61.43%, 8, 0, 6, 466.25, 750982, 250, 134, 0
3567, 6, 367, 438, 41, 0, 61.43%, 8, 0, 6, 446.70, 753239, 250, 134, 0
3573, 6, 397, 438, 39, 0, 61.43%, 8, 0, 6, 421.17, 755421, 250, 134, 0
3578, 6, 428, 438, 38, 0, 61.43%, 8, 0, 6, 476.10, 757807, 250, 135, 0
3583, 6, 421, 438, 36, 0, 61.43%, 8, 0, 6, 459.00, 760100, 250, 135, 0
3588, 6, 135, 438, 34, 0, 61.43%, 8, 0, 6, 463.64, 762446, 250, 135, 0
3593, 6, 433, 438, 33, 0, 61.43%, 8, 0, 6, 475.56, 764917, 250, 135, 0
3598, 6, 436, 438, 31, 0, 61.43%, 8, 0, 6, 453.23, 767215, 250, 135, 0
3603, 6, 68, 438, 29, 0, 61.43%, 8, 0, 6, 460.91, 769558, 250, 139, 0
3608, 6, 247, 438, 28, 0, 61.43%, 8, 0, 6, 466.05, 771873, 250, 139, 0
3613, 6, 111, 438, 27, 0, 61.43%, 8, 0, 6, 478.78, 774300, 250, 139, 0
3618, 6, 396, 438, 27, 0, 61.43%, 8, 0, 6, 467.88, 776622, 250, 139, 0
3624, 6, 274, 438, 26, 0, 61.43%, 8, 0, 6, 486.46, 779202, 250, 139, 0
3629, 6, 419, 439, 25, 0, 61.43%, 8, 0, 6, 479.01, 781608, 250, 139, 0
3634, 6, 415, 439, 25, 0, 61.43%, 8, 0, 6, 478.97, 783976, 250, 141, 0
3639, 6, 430, 439, 23, 0, 61.43%, 8, 0, 6, 452.67, 786284, 250, 141, 0
3644, 6, 94, 439, 23, 0, 61.43%, 8, 0, 6, 451.66, 788569, 250, 141, 0
3649, 6, 356, 439, 23, 0, 61.43%, 8, 0, 6, 459.89, 790965, 250, 141, 0
3654, 6, 107, 439, 21, 0, 61.43%, 8, 0, 6, 475.98, 793384, 250, 141, 0
3659, 6, 408, 439, 21, 0, 61.43%, 8, 0, 6, 472.36, 795753, 250, 141, 0
3664, 6, 431, 439, 20, 0, 61.43%, 8, 0, 6, 469.29, 798083, 250, 142, 0
3669, 6, 438, 439, 19, 0, 61.43%, 8, 0, 6, 466.94, 800360, 250, 143, 0
3674, 6, 410, 439, 19, 0, 61.43%, 8, 0, 6, 473.10, 802737, 250, 148, 0
3679, 6, 359, 439, 18, 0, 61.43%, 8, 0, 6, 480.89, 805161, 250, 148, 0
3684, 6, 266, 439, 17, 0, 61.43%, 8, 0, 6, 455.52, 807414, 250, 150, 0
3689, 6, 418, 439, 17, 0, 61.43%, 8, 0, 6, 447.75, 809674, 250, 150, 0
3694, 6, 11, 439, 16, 0, 61.43%, 8, 0, 6, 474.65, 812073, 250, 150, 0
3699, 6, 0, 439, 16, 0, 61.43%, 8, 0, 6, 451.05, 814360, 250, 150, 0
3704, 6, 141, 439, 15, 0, 61.43%, 8, 0, 6, 459.46, 816678, 250, 150, 0
3709, 6, 361, 439, 15, 0, 61.43%, 8, 0, 6, 452.56, 818979, 250, 154, 0
3714, 6, 175, 439, 15, 0, 61.43%, 8, 0, 6, 453.47, 821321, 250, 154, 0
3720, 6, 207, 439, 15, 0, 61.43%, 8, 0, 6, 466.09, 823655, 250, 154, 0
3725, 6, 336, 439, 14, 0, 61.43%, 8, 0, 6, 484.95, 826051, 250, 154, 0
3730, 6, 78, 440, 15, 0, 61.43%, 8, 0, 6, 492.18, 828515, 250, 154, 0
3735, 6, 12, 440, 14, 0, 61.43%, 8, 0, 6, 464.29, 830855, 250, 156, 0
3740, 6, 386, 440, 14, 0, 61.43%, 8, 0, 6, 438.90, 833053, 250, 156, 0
3745, 6, 137, 440, 13, 0, 61.43%, 8, 0, 6, 455.65, 835313, 250, 156, 0
3750, 6, 240, 440, 13, 0, 61.43%, 8, 0, 6, 440.35, 837560, 250, 164, 0
3755, 6, 429, 440, 12, 0, 61.43%, 8, 0, 6, 445.14, 839788, 250, 165, 0
3760, 6, 137, 440, 11, 0, 61.43%, 8, 0, 6, 463.03, 842199, 250, 165, 0
3765, 7, 446, 448, 18, 0, 61.67%, 8, 0, 6, 424.27, 844407, 251, 166, 0
3770, 7, 63, 448, 16, 0, 61.67%, 8, 0, 6, 443.53, 846645, 251, 166, 0
3775, 7, 175, 448, 16, 0, 61.67%, 8, 0, 6, 454.60, 848995, 251, 167, 0
3780, 7, 447, 448, 15, 0, 61.67%, 8, 0, 6, 449.09, 851297, 251, 167, 0
3785, 7, 346, 448, 13, 0, 61.67%, 8, 0, 6, 470.28, 853706, 251, 167, 0
3790, 7, 381, 448, 13, 0, 61.67%, 8, 0, 6, 489.96, 856132, 251, 167, 0
3795, 7, 183, 448, 12, 0, 61.67%, 8, 0, 6, 467.43, 858435, 251, 168, 0
3800, 7, 441, 448, 12, 0, 61.67%, 8, 0, 6, 484.70, 860889, 251, 170, 0
3806, 7, 168, 448, 11, 0, 61.67%, 8, 0, 6, 482.62, 863302, 251, 170, 0
3811, 7, 416, 448, 11, 0, 61.67%, 8, 0, 6, 478.70, 865765, 251, 171, 0
3816, 7, 107, 448, 10, 0, 61.67%, 8, 0, 6, 458.61, 868051, 251, 174, 0
3821, 7, 389, 448, 10, 0, 61.67%, 8, 0, 6, 448.04, 870261, 251, 177, 0
3826, 7, 443, 448, 9, 0, 61.67%, 8, 0, 6, 458.43, 872619, 251, 177, 0
3831, 7, 448, 449, 9, 0, 61.67%, 8, 0, 6, 424.52, 874853, 251, 177, 0
3836, 7, 442, 449, 8, 0, 61.67%, 8, 0, 6, 429.39, 876992, 251, 177, 0
3841, 7, 78, 449, 7, 0, 61.67%, 8, 0, 6, 483.81, 879424, 251, 179, 0
3846, 7, 361, 449, 7, 0, 61.67%, 8, 0, 6, 455.45, 881709, 251, 179, 0
3851, 7, 408, 449, 7, 0, 61.67%, 8, 0, 6, 441.06, 883917, 251, 179, 0
3856, 7, 424, 449, 7, 0, 61.67%, 8, 0, 6, 476.64, 886394, 251, 180, 0
3861, 7, 108, 449, 6, 0, 61.67%, 8, 0, 6, 460.18, 888740, 251, 182, 0
3867, 7, 384, 450, 7, 0, 61.67%, 8, 0, 6, 461.80, 891073, 251, 185, 0
3872, 7, 449, 450, 7, 0, 61.67%, 8, 0, 6, 475.01, 893474, 251, 185, 0
3877, 7, 137, 450, 6, 0, 61.67%, 8, 0, 6, 446.88, 895666, 251, 185, 0
3882, 7, 383, 450, 6, 0, 61.67%, 8, 0, 6, 474.42, 898088, 251, 185, 0
3887, 7, 335, 450, 6, 0, 61.67%, 8, 0, 6, 480.24, 900521, 251, 185, 0
3892, 7, 198, 450, 6, 0, 61.67%, 8, 0, 6, 470.14, 902923, 251, 185, 0
3897, 7, 389, 450, 6, 0, 61.67%, 8, 0, 6, 423.12, 905012, 251, 185, 0
3902, 7, 166, 450, 6, 0, 61.67%, 8, 0, 6, 445.28, 907305, 251, 185, 0
3907, 7, 366, 450, 6, 0, 61.67%, 8, 0, 6, 457.85, 909635, 251, 185, 0
3912, 7, 135, 450, 5, 0, 61.67%, 8, 0, 6, 448.34, 911883, 251, 187, 0
3917, 7, 384, 450, 5, 0, 61.67%, 8, 0, 6, 437.41, 914118, 251, 188, 0
3922, 7, 137, 450, 5, 0, 61.67%, 8, 0, 6, 435.51, 916361, 251, 188, 0
3927, 7, 437, 450, 5, 0, 61.67%, 8, 0, 6, 458.89, 918658, 251, 188, 0
3933, 7, 335, 450, 5, 0, 61.67%, 8, 0, 6, 449.45, 921004, 251, 188, 0
3938, 7, 175, 450, 5, 0, 61.67%, 8, 0, 6, 444.41, 923265, 251, 189, 0
3943, 7, 185, 450, 5, 0, 61.67%, 8, 0, 6, 446.04, 925584, 251, 199, 0
3948, 7, 384, 450, 5, 0, 61.67%, 8, 0, 6, 458.52, 927819, 251, 199, 0
3953, 7, 399, 450, 5, 0, 61.67%, 8, 0, 6, 438.15, 930101, 251, 199, 0
3958, 7, 430, 450, 5, 0, 61.67%, 8, 0, 6, 443.54, 932353, 251, 199, 0
3963, 7, 383, 450, 5, 0, 61.67%, 8, 0, 6, 417.30, 934506, 251, 201, 0
3968, 8, 137, 454, 9, 0, 61.67%, 8, 0, 6, 421.21, 936768, 251, 201, 0
3973, 8, 135, 454, 9, 0, 61.67%, 8, 0, 6, 453.50, 939181, 251, 202, 0
3978, 8, 452, 454, 9, 0, 61.67%, 8, 0, 6, 462.88, 941488, 251, 205, 0
3983, 8, 207, 454, 8, 0, 61.67%, 8, 0, 6, 481.50, 943911, 251, 205, 0
3988, 8, 254, 454, 8, 0, 61.67%, 8, 0, 6, 463.55, 946285, 251, 208, 0
3993, 8, 225, 454, 8, 0, 61.67%, 8, 0, 6, 426.54, 948366, 251, 208, 0
3999, 8, 73, 454, 8, 0, 61.67%, 8, 0, 6, 463.80, 950766, 251, 208, 0
4004, 8, 99, 454, 8, 0, 61.67%, 8, 0, 6, 459.09, 953063, 251, 208, 0
4009, 8, 383, 454, 8, 0, 61.67%, 8, 0, 6, 441.10, 955338, 251, 208, 0
4014, 8, 198, 454, 8, 0, 61.67%, 8, 0, 6, 460.47, 957683, 251, 208, 0
4019, 8, 141, 454, 7, 0, 61.67%, 8, 0, 6, 436.99, 959880, 251, 208, 0
4024, 8, 394, 454, 7, 0, 61.67%, 8, 0, 6, 454.57, 962310, 251, 208, 0
4029, 8, 64, 454, 7, 0, 61.67%, 8, 0, 6, 429.70, 964415, 251, 208, 0
4034, 8, 218, 454, 7, 0, 61.67%, 8, 0, 6, 456.65, 966730, 251, 208, 0
4039, 8, 455, 456, 7, 1, 62.90%, 8, 0, 6, 430.47, 968872, 256, 208, 0
4044, 8, 389, 456, 5, 0, 62.90%, 8, 0, 6, 465.78, 971221, 256, 208, 0
4049, 8, 96, 456, 5, 0, 62.90%, 8, 0, 6, 455.19, 973440, 256, 208, 0
4055, 8, 349, 457, 6, 0, 62.90%, 8, 0, 6, 466.83, 975855, 256, 210, 0
4060, 8, 440, 457, 6, 0, 62.90%, 8, 0, 6, 453.14, 978151, 256, 211, 0
4065, 8, 336, 457, 5, 0, 62.90%, 8, 0, 6, 485.74, 980691, 256, 211, 0
4070, 8, 383, 457, 4, 0, 62.90%, 8, 0, 6, 416.78, 982727, 256, 211, 0
4075, 8, 408, 457, 3, 0, 62.90%, 8, 0, 6, 440.65, 985012, 256, 213, 0
4080, 8, 99, 458, 4, 0, 62.90%, 8, 0, 6, 462.89, 987360, 256, 213, 0
4085, 8, 336, 458, 4, 0, 62.90%, 8, 0, 6, 454.53, 989701, 256, 213, 0
4090, 8, 57, 458, 4, 0, 62.90%, 8, 0, 6, 478.15, 992121, 256, 213, 0
4095, 8, 430, 458, 4, 0, 62.90%, 8, 0, 6, 500.27, 994698, 256, 213, 0
4100, 8, 205, 458, 4, 0, 62.90%, 8, 0, 6, 485.29, 997064, 256, 213, 0
4105, 8, 175, 458, 4, 0, 62.90%, 8, 0, 6, 466.51, 999531, 256, 214, 0
4111, 8, 383, 458, 4, 0, 62.90%, 8, 0, 6, 431.10, 1001693, 256, 220, 0
4116, 8, 389, 458, 3, 0, 62.90%, 8, 0, 6, 457.90, 1004022, 256, 220, 0
4121, 8, 330, 458, 3, 0, 62.90%, 8, 0, 6, 463.03, 1006365, 256, 220, 0
4126, 8, 191, 458, 3, 0, 62.90%, 8, 0, 6, 472.95, 1008695, 256, 220, 0
4131, 8, 265, 458, 3, 0, 62.90%, 8, 0, 6, 457.33, 1010994, 256, 220, 0
4136, 8, 445, 458, 3, 0, 62.90%, 8, 0, 6, 472.45, 1013497, 256, 221, 0
4141, 8, 174, 458, 3, 0, 62.90%, 8, 0, 6, 447.34, 1015805, 256, 224, 0
4146, 8, 346, 458, 3, 0, 62.90%, 8, 0, 6, 447.82, 1018050, 256, 225, 0
4151, 8, 113, 458, 3, 0, 62.90%, 8, 0, 6, 494.69, 1020637, 256, 226, 0
4156, 9, 459, 463, 8, 2, 62.90%, 8, 0, 6, 462.31, 1022986, 256, 226, 0
4161, 9, 461, 463, 7, 1, 62.90%, 8, 0, 6, 475.78, 1025364, 256, 226, 0
4166, 9, 198, 463, 6, 0, 62.90%, 8, 0, 6, 455.77, 1027658, 256, 226, 0
4172, 9, 194, 464, 6, 0, 62.90%, 8, 0, 6, 463.15, 1030069, 256, 226, 0
4177, 9, 360, 464, 5, 0, 62.90%, 8, 0, 6, 450.55, 1032308, 256, 227, 0
4182, 9, 383, 464, 5, 0, 62.90%, 8, 0, 6, 482.26, 1034785, 256, 227, 0
4187, 9, 360, 464, 5, 0, 62.90%, 8, 0, 6, 455.98, 1037028, 256, 230, 0
4192, 9, 463, 464, 5, 0, 62.90%, 8, 0, 6, 471.84, 1039366, 256, 230, 0
4197, 9, 338, 464, 4, 0, 62.90%, 8, 0, 6, 465.49, 1041715, 256, 231, 0
4202, 9, 383, 464, 4, 0, 62.90%, 8, 0, 6, 457.51, 1044026, 256, 233, 0
4207, 9, 389, 464, 4, 0, 62.90%, 8, 0, 6, 479.25, 1046494, 256, 233, 0
4212, 9, 384, 464, 4, 0, 62.90%, 8, 0, 6, 466.87, 1048898, 256, 233, 0
4217, 9, 175, 464, 4, 0, 62.90%, 8, 0, 6, 456.41, 1051243, 256, 233, 0
4222, 9, 383, 464, 4, 0, 62.90%, 8, 0, 6, 458.56, 1053654, 256, 237, 0
4227, 9, 287, 464, 4, 0, 62.90%, 8, 0, 6, 463.53, 1055949, 256, 237, 0
4232, 9, 73, 464, 4, 0, 62.90%, 8, 0, 6, 457.18, 1058296, 256, 239, 0
4237, 9, 383, 464, 4, 0, 62.90%, 8, 0, 6, 468.77, 1060589, 256, 239, 0
4242, 9, 436, 464, 4, 0, 62.90%, 8, 0, 6, 462.52, 1062920, 256, 239, 0
4247, 9, 207, 464, 4, 0, 62.90%, 8, 0, 6, 476.85, 1065286, 256, 239, 0
4253, 9, 463, 464, 4, 0, 62.90%, 8, 0, 6, 482.76, 1067802, 256, 243, 0
4258, 9, 185, 464, 4, 0, 62.90%, 8, 0, 6, 476.08, 1070178, 256, 243, 0
4263, 9, 430, 464, 4, 0, 62.90%, 8, 0, 6, 472.21, 1072655, 256, 243, 0
4268, 9, 307, 464, 4, 0, 62.90%, 8, 0, 6, 473.62, 1075021, 256, 251, 0
4273, 9, 445, 465, 5, 0, 62.90%, 8, 0, 6, 455.67, 1077295, 256, 252, 0
4278, 9, 338, 465, 5, 0, 62.90%, 8, 0, 6, 461.59, 1079660, 256, 252, 0
4283, 9, 459, 465, 5, 0, 62.90%, 8, 0, 6, 497.03, 1082136, 256, 253, 0
4288, 9, 383, 465, 5, 0, 62.90%, 8, 0, 6, 457.95, 1084420, 256, 253, 0
4293, 9, 361, 465, 5, 0, 62.90%, 8, 0, 6, 484.40, 1086916, 256, 253, 0
4298, 9, 464, 465, 5, 0, 62.90%, 8, 0, 6, 495.04, 1089509, 256, 253, 0
4303, 9, 307, 465, 4, 0, 62.90%, 8, 0, 6, 472.75, 1091831, 256, 255, 0
4309, 9, 207, 465, 4, 0, 62.90%, 8, 0, 6, 444.50, 1094079, 256, 255, 0
4314, 9, 175, 465, 4, 0, 62.90%, 8, 0, 6, 466.35, 1096515, 256, 256, 0
4319, 9, 383, 465, 4, 0, 62.90%, 8, 0, 6, 482.88, 1098942, 256, 256, 0
4324, 9, 144, 465, 4, 0, 62.90%, 8, 0, 6, 459.76, 1101252, 256, 258, 0
4329, 9, 170, 465, 3, 0, 62.90%, 8, 0, 6, 431.37, 1103334, 256, 258, 0
4334, 9, 168, 465, 3, 0, 62.90%, 8, 0, 6, 443.69, 1105622, 256, 258, 0
4339, 9, 338, 465, 3, 0, 62.90%, 8, 0, 6, 465.67, 1108006, 256, 258, 0
4344, 9, 0, 465, 3, 0, 62.90%, 8, 0, 6, 435.61, 1110178, 256, 259, 0
4349, 9, 135, 465, 3, 0, 62.90%, 8, 0, 6, 443.56, 1112405, 256, 266, 0
4354, 10, 99, 471, 9, 0, 62.90%, 8, 0, 6, 432.46, 1114698, 256, 270, 0
4359, 10, 383, 471, 9, 0, 62.90%, 8, 0, 6, 456.79, 1117015, 256, 270, 0
4364, 10, 466, 471, 9, 0, 62.90%, 8, 0, 6, 453.98, 1119348, 256, 272, 0
4370, 10, 175, 471, 7, 0, 62.90%, 8, 0, 6, 425.23, 1121503, 256, 273, 0
4375, 10, 175, 471, 7, 0, 62.90%, 8, 0, 6, 480.14, 1123855, 256, 281, 0
4380, 10, 170, 471, 6, 0, 62.90%, 8, 0, 6, 471.13, 1126195, 256, 282, 0
4385, 10, 384, 471, 6, 0, 62.90%, 8, 0, 6, 479.79, 1128610, 256, 284, 0
4390, 10, 466, 471, 6, 0, 62.90%, 8, 0, 6, 441.53, 1130891, 256, 284, 0
4395, 10, 198, 471, 6, 0, 62.90%, 8, 0, 6, 431.14, 1133097, 256, 285, 0
4400, 10, 311, 471, 6, 0, 62.90%, 8, 0, 6, 435.65, 1135293, 256, 285, 0
4405, 10, 289, 471, 6, 0, 62.90%, 8, 0, 6, 456.56, 1137578, 256, 285, 0
4410, 10, 338, 471, 5, 0, 62.90%, 8, 0, 6, 459.53, 1139903, 256, 288, 0
4415, 10, 445, 471, 5, 0, 62.90%, 8, 0, 6, 482.03, 1142282, 256, 288, 0
4420, 10, 289, 471, 5, 0, 62.90%, 8, 0, 6, 432.18, 1144391, 256, 292, 0
4425, 10, 99, 471, 5, 0, 62.90%, 8, 0, 6, 452.57, 1146729, 256, 292, 0
4430, 10, 430, 471, 5, 0, 62.90%, 8, 0, 6, 493.49, 1149323, 256, 292, 0
4435, 10, 389, 471, 5, 0, 62.90%, 8, 0, 6, 456.80, 1151593, 256, 292, 0
4440, 10, 198, 471, 5, 0, 62.90%, 8, 0, 6, 455.23, 1153915, 256, 292, 0
4446, 10, 438, 471, 5, 0, 62.90%, 8, 0, 6, 470.03, 1156337, 256, 295, 0
4451, 10, 383, 471, 5, 0, 62.90%, 8, 0, 6, 470.33, 1158642, 256, 295, 0
4456, 10, 389, 471, 5, 0, 62.90%, 8, 0, 6, 478.99, 1161022, 256, 295, 0
4461, 10, 73, 471, 5, 0, 62.90%, 8, 0, 6, 467.05, 1163291, 256, 298, 0
4466, 10, 168, 471, 5, 0, 62.90%, 8, 0, 6, 452.72, 1165576, 256, 298, 0
4471, 10, 389, 471, 5, 0, 62.90%, 8, 0, 6, 446.46, 1167873, 256, 298, 0
4476, 10, 395, 471, 5, 0, 62.90%, 8, 0, 6, 473.24, 1170272, 256, 298, 0
4481, 10, 270, 471, 4, 0, 62.90%, 8, 0, 6, 454.87, 1172565, 256, 298, 0
4486, 10, 389, 471, 4, 0, 62.90%, 8, 0, 6, 457.53, 1174832, 256, 298, 0
4491, 10, 360, 471, 4, 0, 62.90%, 8, 0, 6, 456.46, 1177121, 256, 298, 0
4496, 10, 12, 471, 4, 0, 62.90%, 8, 0, 6, 459.92, 1179461, 256, 298, 0
4501, 10, 99, 471, 4, 0, 62.90%, 8, 0, 6, 438.18, 1181676, 256, 298, 0
4506, 10, 232, 471, 3, 0, 62.90%, 8, 0, 6, 441.46, 1183917, 256, 298, 0
4511, 10, 389, 471, 3, 0, 62.90%, 8, 0, 6, 460.84, 1186226, 256, 301, 0
4516, 10, 383, 471, 3, 0, 62.90%, 8, 0, 6, 460.17, 1188609, 256, 301, 0
4521, 10, 349, 471, 3, 0, 62.90%, 8, 0, 6, 455.70, 1190929, 256, 302, 0
4526, 10, 383, 471, 3, 0, 62.90%, 8, 0, 6, 426.28, 1193034, 256, 303, 0
4531, 10, 144, 471, 3, 0, 62.90%, 8, 0, 6, 476.30, 1195452, 256, 303, 0
4537, 10, 361, 471, 3, 0, 62.90%, 8, 0, 6, 464.50, 1197748, 256, 303, 0
4542, 11, 96, 471, 3, 0, 62.90%, 8, 0, 6, 458.12, 1200088, 256, 306, 0
4547, 11, 288, 471, 2, 0, 62.90%, 8, 0, 6, 433.69, 1202269, 256, 307, 0
4552, 11, 334, 471, 2, 0, 62.90%, 8, 0, 6, 423.85, 1204415, 256, 307, 0
4557, 11, 20, 471, 2, 0, 62.90%, 8, 0, 6, 451.26, 1206667, 256, 307, 0
4562, 11, 289, 471, 2, 0, 62.90%, 8, 0, 6, 466.73, 1209042, 256, 307, 0
4567, 11, 389, 471, 2, 0, 62.90%, 8, 0, 6, 455.17, 1211341, 256, 307, 0
4572, 11, 442, 471, 2, 0, 62.90%, 8, 0, 6, 437.39, 1213524, 256, 307, 0
4577, 11, 135, 471, 2, 0, 62.90%, 8, 0, 6, 445.89, 1215787, 256, 311, 0
4582, 11, 389, 471, 2, 0, 62.90%, 8, 0, 6, 444.43, 1218119, 256, 311, 0
4587, 11, 436, 471, 2, 0, 62.90%, 8, 0, 6, 482.57, 1220582, 256, 313, 0
4592, 11, 207, 471, 2, 0, 62.90%, 8, 0, 6, 471.43, 1222940, 256, 317, 0
4597, 11, 96, 471, 2, 0, 62.90%, 8, 0, 6, 471.32, 1225291, 256, 317, 0
4602, 11, 406, 471, 2, 0, 62.90%, 8, 0, 6, 453.21, 1227539, 256, 317, 0
4607, 11, 459, 471, 2, 0, 62.90%, 8, 0, 6, 480.35, 1230018, 256, 324, 0
4613, 11, 175, 471, 2, 0, 62.90%, 8, 0, 6, 462.04, 1232389, 256, 324, 0
4618, 11, 135, 471, 2, 0, 62.90%, 8, 0, 6, 435.42, 1234563, 256, 326, 0
4623, 11, 464, 471, 2, 0, 62.90%, 8, 0, 6, 438.50, 1236824, 256, 329, 0
4628, 11, 361, 471, 2, 0, 62.90%, 8, 0, 6, 479.50, 1239276, 256, 329, 0
4633, 11, 335, 471, 2, 0, 62.90%, 8, 0, 6, 448.15, 1241507, 256, 329, 0
4638, 11, 419, 473, 4, 0, 62.90%, 8, 0, 6, 437.53, 1243714, 256, 329, 0
4643, 11, 361, 473, 4, 0, 62.90%, 8, 0, 6, 457.92, 1246066, 256, 329, 0
4648, 11, 467, 473, 4, 0, 62.90%, 8, 0, 6, 482.98, 1248496, 256, 329, 0
4653, 11, 141, 473, 3, 0, 62.90%, 8, 0, 6, 491.72, 1250942, 256, 329, 0
4658, 11, 170, 473, 3, 0, 62.90%, 8, 0, 6, 455.78, 1253236, 256, 329, 0
4663, 11, 461, 473, 3, 0, 62.90%, 8, 0, 6, 471.80, 1255563, 256, 329, 0
4668, 11, 311, 473, 3, 0, 62.90%, 8, 0, 6, 478.92, 1257957, 256, 329, 0
4673, 11, 472, 473, 3, 0, 62.90%, 8, 0, 6, 459.13, 1260192, 256, 329, 0
4678, 11, 472, 474, 4, 0, 62.90%, 8, 0, 6, 422.30, 1262414, 256, 329, 0
4684, 11, 73, 474, 3, 0, 62.90%, 8, 0, 6, 459.56, 1264753, 256, 329, 0
4689, 11, 135, 474, 3, 0, 62.90%, 8, 0, 6, 440.70, 1266933, 256, 334, 0
4694, 11, 135, 474, 3, 0, 62.90%, 8, 0, 6, 483.05, 1269401, 256, 339, 0
4699, 11, 349, 474, 3, 0, 62.90%, 8, 0, 6, 466.54, 1271714, 256, 339, 0
4704, 11, 383, 474, 3, 0, 62.90%, 8, 0, 6, 458.68, 1274032, 256, 339, 0
4709, 11, 72, 474, 3, 0, 62.90%, 8, 0, 6, 456.85, 1276334, 256, 340, 0
4714, 11, 384, 474, 3, 0, 62.90%, 8, 0, 6, 449.21, 1278605, 256, 340, 0
4719, 12, 68, 475, 3, 0, 62.90%, 8, 0, 6, 453.83, 1280953, 256, 346, 0
4724, 12, 430, 475, 3, 0, 62.90%, 8, 0, 6, 470.39, 1283337, 256, 346, 0
4729, 12, 189, 475, 3, 0, 62.90%, 8, 0, 6, 471.78, 1285694, 256, 346, 0
4734, 12, 336, 475, 3, 0, 62.90%, 8, 0, 6, 456.68, 1287973, 256, 348, 0
4740, 12, 473, 475, 3, 0, 62.90%, 8, 0, 6, 304.29, 1289982, 256, 348, 0
4745, 12, 198, 475, 2, 0, 62.90%, 8, 0, 6, 378.41, 1291993, 256, 348, 0
4750, 12, 170, 475, 2, 0, 62.90%, 8, 0, 6, 428.96, 1294221, 256, 348, 0
4755, 12, 198, 475, 2, 0, 62.90%, 8, 0, 6, 450.91, 1296498, 256, 348, 0
4760, 12, 361, 475, 2, 0, 62.90%, 8, 0, 6, 476.96, 1298962, 256, 349, 0
4765, 12, 125, 475, 2, 0, 62.90%, 8, 0, 6, 473.33, 1301303, 256, 352, 0
4770, 12, 408, 476, 3, 0, 62.90%, 8, 0, 6, 464.92, 1303619, 256, 352, 0
4775, 12, 361, 476, 3, 0, 62.90%, 8, 0, 6, 455.84, 1305840, 256, 352, 0
4780, 12, 475, 476, 3, 0, 62.90%, 8, 0, 6, 452.72, 1308143, 256, 352, 0
4785, 12, 198, 476, 2, 0, 62.90%, 8, 0, 6, 452.48, 1310420, 256, 356, 0
4790, 12, 383, 476, 2, 0, 62.90%, 8, 0, 6, 450.16, 1312671, 256, 356, 0
4795, 12, 383, 476, 2, 0, 62.90%, 8, 0, 6, 480.83, 1315137, 256, 356, 0
4801, 12, 389, 476, 2, 0, 62.90%, 8, 0, 6, 442.13, 1317368, 256, 356, 0
4806, 12, 78, 476, 2, 0, 62.90%, 8, 0, 6, 447.99, 1319630, 256, 360, 0
4811, 12, 471, 476, 2, 0, 62.90%, 8, 0, 6, 472.51, 1322120, 256, 360, 0
4816, 12, 57, 476, 1, 0, 62.90%, 8, 0, 6, 459.93, 1324394, 256, 361, 0
4821, 12, 389, 476, 1, 0, 62.90%, 8, 0, 6, 433.09, 1326622, 256, 361, 0
4826, 12, 0, 476, 1, 0, 62.90%, 8, 0, 6, 437.92, 1328835, 256, 361, 0
4831, 12, 384, 476, 1, 0, 62.90%, 8, 0, 6, 432.38, 1330971, 256, 361, 0
4836, 12, 311, 476, 1, 0, 62.90%, 8, 0, 6, 424.47, 1333196, 256, 361, 0
4841, 12, 430, 476, 1, 0, 62.90%, 8, 0, 6, 421.69, 1335380, 256, 361, 0
4846, 12, 89, 476, 1, 0, 62.90%, 8, 0, 6, 439.98, 1337628, 256, 361, 0
4852, 12, 459, 476, 1, 0, 62.90%, 8, 0, 6, 475.39, 1340113, 256, 361, 0
4857, 12, 198, 476, 1, 0, 62.90%, 8, 0, 6, 465.39, 1342457, 256, 361, 0
4862, 12, 120, 476, 1, 0, 62.90%, 8, 0, 6, 479.96, 1344847, 256, 361, 0
4867, 12, 383, 476, 1, 0, 62.90%, 8, 0, 6, 447.99, 1347140, 256, 361, 0
4872, 12, 15, 476, 1, 0, 62.90%, 8, 0, 6, 435.08, 1349349, 256, 361, 0
4877, 12, 141, 476, 1, 0, 62.90%, 8, 0, 6, 434.65, 1351549, 256, 361, 0
4882, 12, 175, 476, 1, 0, 62.90%, 8, 0, 6, 454.44, 1353819, 256, 363, 0
4887, 12, 117, 476, 1, 0, 62.90%, 8, 0, 6, 466.60, 1356124, 256, 363, 0
4892, 12, 207, 476, 1, 0, 62.90%, 8, 0, 6, 446.53, 1358405, 256, 363, 0
4897, 12, 107, 476, 1, 0, 62.90%, 8, 0, 6, 474.97, 1360842, 256, 364, 0
4902, 12, 101, 476, 1, 0, 62.90%, 8, 0, 6, 463.82, 1363130, 256, 364, 0
4908, 12, 198, 476, 1, 0, 62.90%, 8, 0, 6, 450.76, 1365378, 256, 364, 0
4913, 13, 168, 476, 1, 0, 62.90%, 8, 0, 6, 440.71, 1367629, 256, 366, 0
4918, 13, 383, 476, 1, 0, 62.90%, 8, 0, 6, 444.54, 1369846, 256, 366, 0
4923, 13, 207, 476, 1, 0, 62.90%, 8, 0, 6, 432.52, 1372040, 256, 367, 0
4928, 13, 336, 476, 1, 0, 62.90%, 8, 0, 6, 437.95, 1374368, 256, 367, 0
4933, 13, 408, 476, 1, 0, 62.90%, 8, 0, 6, 457.47, 1376750, 256, 369, 0
4938, 13, 198, 476, 1, 0, 62.90%, 8, 0, 6, 459.20, 1379068, 256, 369, 0
4943, 13, 96, 476, 1, 0, 62.90%, 8, 0, 6, 456.96, 1381386, 256, 369, 0
4948, 13, 448, 476, 1, 0, 62.90%, 8, 0, 6, 437.63, 1383589, 256, 369, 0
4953, 13, 135, 476, 1, 0, 62.90%, 8, 0, 6, 456.59, 1385954, 256, 372, 0
4958, 13, 18, 476, 1, 0, 62.90%, 8, 0, 6, 461.25, 1388283, 256, 372, 0
4963, 13, 361, 476, 1, 0, 62.90%, 8, 0, 6, 477.80, 1390664, 256, 374, 0
4968, 13, 384, 476, 1, 0, 62.90%, 8, 0, 6, 474.31, 1392993, 256, 376, 0
4974, 13, 57, 476, 1, 0, 62.90%, 8, 0, 6, 437.24, 1395148, 256, 376, 0
4979, 13, 383, 476, 1, 0, 62.90%, 8, 0, 6, 435.44, 1397357, 256, 376, 0
4984, 13, 430, 476, 1, 0, 62.90%, 8, 0, 6, 452.30, 1399664, 256, 376, 0
4989, 13, 207, 476, 1, 0, 62.90%, 8, 0, 6, 458.52, 1402019, 256, 380, 0
4994, 13, 398, 476, 1, 0, 62.90%, 8, 0, 6, 441.03, 1404189, 256, 382, 0
4999, 13, 335, 476, 0, 0, 62.90%, 8, 0, 6, 428.69, 1406346, 256, 382, 0
5004, 13, 26, 476, 0, 0, 62.90%, 8, 0, 6, 474.60, 1408895, 256, 382, 0
5009, 13, 343, 476, 0, 0, 62.90%, 8, 0, 6, 476.54, 1411229, 256, 382, 0
5014, 13, 335, 476, 0, 0, 62.90%, 8, 0, 6, 463.88, 1413574, 256, 382, 0
5019, 13, 144, 476, 0, 0, 62.90%, 8, 0, 6, 432.59, 1415714, 256, 385, 0
5024, 13, 185, 476, 0, 0, 62.90%, 8, 0, 6, 433.91, 1417890, 256, 385, 0
5029, 13, 338, 476, 0, 0, 62.90%, 8, 0, 6, 425.69, 1420009, 256, 385, 0
5034, 13, 173, 476, 0, 0, 62.90%, 8, 0, 6, 431.83, 1422192, 256, 385, 0
5039, 13, 170, 476, 0, 0, 62.90%, 8, 0, 6, 443.87, 1424439, 256, 387, 0
5044, 13, 355, 476, 0, 0, 62.90%, 8, 0, 6, 462.64, 1426788, 256, 387, 0
5049, 13, 141, 476, 0, 0, 62.90%, 8, 0, 6, 451.65, 1429128, 256, 394, 0
5055, 13, 57, 476, 0, 0, 62.90%, 8, 0, 6, 458.35, 1431425, 256, 394, 0
5060, 13, 175, 476, 0, 0, 62.90%, 8, 0, 6, 456.26, 1433684, 256, 395, 0
5065, 13, 168, 476, 0, 0, 62.90%, 8, 0, 6, 465.67, 1436030, 256, 395, 0
5070, 13, 406, 476, 0, 0, 62.90%, 8, 0, 6, 467.54, 1438320, 256, 395, 0
5075, 13, 141, 476, 0, 0, 62.90%, 8, 0, 6, 450.50, 1440557, 256, 395, 0
5080, 13, 360, 476, 0, 0, 62.90%, 8, 0, 6, 449.90, 1442806, 256, 396, 0
5085, 13, 141, 476, 0, 0, 62.90%, 8, 0, 6, 451.69, 1445086, 256, 396, 0
5090, 13, 243, 476, 0, 0, 62.90%, 8, 0, 6, 449.54, 1447409, 256, 399, 0
5095, 13, 141, 476, 0, 0, 62.90%, 8, 0, 6, 439.19, 1449644, 256, 399, 0
5100, 14, 97, 476, 0, 0, 62.90%, 8, 0, 6, 431.34, 1451824, 256, 399, 0
5105, 14, 459, 476, 0, 0, 62.90%, 8, 0, 6, 466.19, 1454249, 256, 399, 0
5110, 14, 141, 476, 0, 0, 62.90%, 8, 0, 6, 483.83, 1456650, 256, 404, 0
5115, 14, 125, 476, 0, 0, 62.90%, 8, 0, 6, 461.00, 1458928, 256, 406, 0
5120, 14, 383, 476, 0, 0, 62.90%, 8, 0, 6, 448.71, 1461158, 256, 408, 0
5125, 14, 168, 476, 0, 0, 62.90%, 8, 0, 6, 445.55, 1463391, 256, 408, 0
5130, 14, 384, 476, 0, 0, 62.90%, 8, 0, 6, 432.71, 1465567, 256, 408, 0
5135, 14, 207, 476, 0, 0, 62.90%, 8, 0, 6, 455.31, 1467887, 256, 411, 0
5140, 14, 205, 476, 0, 0, 62.90%, 8, 0, 6, 428.76, 1469972, 256, 413, 0
5146, 14, 78, 476, 0, 0, 62.90%, 8, 0, 6, 424.65, 1472144, 256, 416, 0
5151, 14, 361, 476, 0, 0, 62.90%, 8, 0, 6, 431.47, 1474300, 256, 416, 0
5156, 14, 144, 476, 0, 0, 62.90%, 8, 0, 6, 452.40, 1476626, 256, 418, 0
5161, 14, 247, 476, 0, 0, 62.90%, 8, 0, 6, 442.30, 1478825, 256, 418, 0
5166, 14, 361, 476, 0, 0, 62.90%, 8, 0, 6, 451.37, 1481095, 256, 419, 0
5171, 14, 461, 476, 0, 0, 62.90%, 8, 0, 6, 467.99, 1483472, 256, 421, 0
5176, 14, 461, 476, 0, 0, 62.90%, 8, 0, 6, 477.94, 1485856, 256, 421, 0
5181, 14, 144, 476, 0, 0, 62.90%, 8, 0, 6, 432.73, 1487950, 256, 421, 0
5186, 14, 166, 476, 0, 0, 62.90%, 8, 0, 6, 452.02, 1490289, 256, 422, 0
5191, 14, 73, 476, 0, 0, 62.90%, 8, 0, 6, 463.69, 1492677, 256, 424, 0
5196, 14, 278, 476, 0, 0, 62.90%, 8, 0, 6, 438.60, 1494875, 256, 431, 0
5201, 14, 99, 476, 0, 0, 62.90%, 8, 0, 6, 483.52, 1497310, 256, 431, 0
5206, 14, 459, 476, 0, 0, 62.90%, 8, 0, 6, 477.60, 1499689, 256, 431, 0
5211, 14, 384, 476, 0, 0, 62.90%, 8, 0, 6, 473.06, 1502052, 256, 431, 0
5217, 14, 229, 476, 0, 0, 62.90%, 8, 0, 6, 470.99, 1504455, 256, 433, 0
5222, 14, 207, 476, 0, 0, 62.90%, 8, 0, 6, 464.64, 1506751, 256, 434, 0
5227, 14, 135, 476, 0, 0, 62.90%, 8, 0, 6, 455.19, 1509048, 256, 437, 0
5232, 14, 26, 476, 0, 0, 62.90%, 8, 0, 6, 429.80, 1511197, 256, 438, 0
5237, 14, 430, 476, 0, 0, 62.90%, 8, 0, 6, 443.67, 1513454, 256, 440, 0
5242, 14, 459, 476, 0, 0, 62.90%, 8, 0, 6, 430.67, 1515634, 256, 440, 0
5247, 14, 428, 476, 0, 0, 62.90%, 8, 0, 6, 450.57, 1517944, 256, 440, 0
5252, 14, 333, 476, 0, 0, 62.90%, 8, 0, 6, 449.40, 1520206, 256, 440, 0
5257, 14, 36, 476, 0, 0, 62.90%, 8, 0, 6, 443.71, 1522417, 256, 442, 0
5262, 14, 408, 476, 0, 0, 62.90%, 8, 0, 6, 426.48, 1524619, 256, 443, 0
5267, 14, 15, 476, 0, 0, 62.90%, 8, 0, 6, 433.87, 1526839, 256, 443, 0
5272, 14, 459, 476, 0, 0, 62.90%, 8, 0, 6, 429.90, 1529113, 256, 443, 0
5277, 15, 15, 476, 0, 0, 62.90%, 9, 0, 6, 436.71, 1531406, 256, 452, 0
5282, 15, 334, 476, 0, 0, 62.90%, 9, 0, 6, 478.75, 1533845, 256, 452, 0
5287, 15, 3, 476, 0, 0, 62.90%, 9, 0, 6, 439.79, 1535971, 256, 457, 0
5292, 15, 144, 476, 0, 0, 62.90%, 9, 0, 6, 451.20, 1538242, 256, 458, 0
5297, 15, 141, 476, 0, 0, 62.90%, 9, 0, 6, 447.25, 1540537, 256, 458, 0
5302, 15, 438, 476, 0, 0, 62.90%, 9, 0, 6, 450.73, 1542849, 256, 460, 0
5307, 15, 10, 476, 0, 0, 62.90%, 9, 0, 6, 434.70, 1544921, 256, 460, 0
5313, 15, 135, 476, 0, 0, 62.90%, 9, 0, 6, 428.91, 1547129, 256, 463, 0
5318, 15, 430, 476, 0, 0, 62.90%, 9, 0, 6, 437.15, 1549377, 256, 467, 0
5323, 15, 112, 476, 0, 0, 62.90%, 9, 0, 6, 441.19, 1551651, 256, 467, 0
5328, 15, 461, 476, 0, 0, 62.90%, 9, 0, 6, 427.88, 1553740, 256, 467, 0
5333, 15, 60, 476, 0, 0, 62.90%, 9, 0, 6, 438.34, 1555959, 256, 467, 0
5338, 15, 389, 476, 0, 0, 62.90%, 9, 0, 6, 435.54, 1558153, 256, 467, 0
5343, 15, 311, 476, 0, 0, 62.90%, 9, 0, 6, 481.81, 1560579, 256, 467, 0
5348, 15, 175, 476, 0, 0, 62.90%, 9, 0, 6, 451.20, 1562878, 256, 467, 0
5353, 15, 26, 477, 1, 0, 62.90%, 9, 0, 6, 470.32, 1565212, 256, 467, 0
5358, 15, 229, 477, 1, 0, 62.90%, 9, 0, 6, 462.31, 1567466, 256, 467, 0
5363, 15, 430, 477, 1, 0, 62.90%, 9, 0, 6, 435.62, 1569644, 256, 467, 0
5368, 15, 360, 477, 1, 0, 62.90%, 9, 0, 6, 416.15, 1571749, 256, 467, 0
5373, 15, 336, 477, 1, 0, 62.90%, 9, 0, 6, 435.26, 1573947, 256, 467, 0
5378, 15, 430, 477, 1, 0, 62.90%, 9, 0, 6, 435.36, 1576106, 256, 467, 0
5383, 15, 107, 477, 1, 0, 62.90%, 9, 0, 6, 449.51, 1578509, 256, 470, 0
5388, 15, 383, 477, 1, 0, 62.90%, 9, 0, 6, 441.10, 1580739, 256, 472, 0
5394, 15, 408, 477, 1, 0, 62.90%, 9, 0, 6, 450.44, 1582971, 256, 472, 0
5399, 15, 474, 477, 1, 0, 62.90%, 9, 0, 6, 440.12, 1585155, 256, 473, 0
5402, 15, 107, 477, 1, 0, 62.90%, 9, 0, 6, 444.83, 1586851, 256, 474, 0
