# relative_time, cycles_done, cur_item, corpus_count, pending_total, pending_favs, map_size, saved_crashes, saved_hangs, max_depth, execs_per_sec, total_execs, edges_found, total_crashes, servers_count
61, 0, 9, 76, 71, 3, 30.71%, 0, 0, 2, 421.21, 26439, 125, 0, 0
66, 0, 9, 78, 73, 3, 31.70%, 0, 0, 2, 423.89, 28565, 129, 0, 0
71, 0, 9, 78, 73, 3, 31.70%, 0, 0, 2, 416.86, 30701, 129, 0, 0
76, 0, 9, 79, 74, 3, 31.70%, 0, 0, 2, 434.82, 32908, 129, 0, 0
81, 0, 9, 79, 74, 3, 31.70%, 0, 0, 2, 405.17, 34924, 129, 0, 0
86, 0, 9, 80, 75, 3, 31.70%, 0, 0, 2, 414.72, 37003, 129, 0, 0
91, 0, 9, 81, 76, 3, 31.70%, 0, 0, 2, 433.09, 39218, 129, 0, 0
96, 0, 9, 82, 77, 3, 31.70%, 0, 0, 2, 384.38, 41158, 129, 0, 0
101, 0, 9, 83, 78, 3, 31.70%, 0, 0, 2, 413.06, 43328, 129, 0, 0
106, 0, 9, 84, 79, 3, 31.70%, 0, 0, 2, 369.75, 45176, 129, 0, 0
111, 0, 9, 84, 79, 3, 31.70%, 0, 0, 2, 396.68, 47249, 129, 0, 0
116, 0, 9, 86, 81, 3, 31.70%, 0, 0, 2, 436.14, 49391, 129, 0, 0
122, 0, 9, 86, 81, 3, 31.70%, 0, 0, 2, 431.50, 51535, 129, 0, 0
122, 0, 9, 86, 81, 3, 31.70%, 0, 0, 2, 412.45, 51872, 129, 0, 0
