# relative_time, cycles_done, cur_item, corpus_count, pending_total, pending_favs, map_size, saved_crashes, saved_hangs, max_depth, execs_per_sec, total_execs, edges_found, total_crashes, servers_count
61, 0, 9, 68, 63, 4, 30.22%, 0, 0, 2, 433.53, 27335, 123, 0, 0
66, 0, 9, 68, 63, 4, 30.22%, 0, 0, 2, 432.99, 29639, 123, 0, 0
71, 0, 9, 68, 63, 4, 30.22%, 0, 0, 2, 401.28, 31719, 123, 0, 0
76, 0, 9, 68, 63, 4, 30.22%, 0, 0, 2, 403.93, 33745, 123, 0, 0
81, 0, 9, 68, 63, 4, 30.22%, 0, 0, 2, 421.87, 35911, 123, 0, 0
86, 0, 9, 68, 63, 4, 30.22%, 0, 0, 2, 429.11, 38031, 123, 0, 0
91, 0, 9, 69, 64, 4, 30.22%, 0, 0, 2, 439.68, 40270, 123, 0, 0
96, 0, 9, 70, 65, 4, 30.22%, 0, 0, 2, 429.24, 42509, 123, 0, 0
101, 0, 9, 71, 66, 4, 30.22%, 0, 0, 2, 413.11, 44573, 123, 0, 0
106, 0, 9, 71, 66, 4, 30.22%, 0, 0, 2, 404.63, 46597, 123, 0, 0
111, 0, 9, 72, 67, 4, 30.22%, 0, 0, 2, 418.23, 48756, 123, 0, 0
117, 0, 9, 73, 68, 4, 30.22%, 0, 0, 2, 415.35, 50891, 123, 0, 0
122, 0, 9, 73, 68, 4, 30.22%, 0, 0, 2, 419.43, 53011, 123, 0, 0
127, 0, 89, 92, 85, 26, 33.66%, 0, 0, 2, 425.82, 55197, 137, 0, 0
132, 0, 62, 103, 93, 24, 34.40%, 0, 0, 3, 453.14, 57448, 140, 0, 0
137, 0, 62, 113, 103, 24, 35.38%, 0, 0, 3, 445.03, 59721, 144, 0, 0
142, 0, 62, 120, 110, 24, 35.38%, 0, 0, 3, 443.36, 62042, 144, 0, 0
147, 0, 62, 122, 112, 24, 35.38%, 0, 0, 3, 418.23, 64113, 144, 0, 0
152, 0, 62, 123, 113, 24, 35.38%, 0, 0, 3, 422.99, 66328, 144, 0, 0
157, 0, 62, 125, 115, 24, 35.38%, 0, 0, 3, 448.91, 68629, 144, 0, 0
162, 0, 62, 127, 117, 24, 35.38%, 0, 0, 3, 461.87, 70902, 144, 0, 0
167, 0, 62, 130, 120, 24, 35.38%, 0, 0, 3, 448.24, 73164, 144, 0, 0
172, 0, 62, 133, 123, 24, 35.38%, 0, 0, 3, 482.54, 75606, 144, 0, 0
177, 0, 62, 134, 124, 24, 35.38%, 0, 0, 3, 458.34, 77926, 144, 0, 0
182, 0, 62, 134, 124, 24, 35.38%, 0, 0, 3, 450.73, 80181, 144, 0, 0
188, 0, 62, 134, 124, 24, 35.38%, 0, 0, 3, 403.29, 82213, 144, 0, 0
193, 0, 62, 136, 126, 24, 35.38%, 0, 0, 3, 416.48, 84371, 144, 0, 0
198, 0, 62, 136, 126, 24, 35.38%, 0, 0, 3, 419.41, 86523, 144, 0, 0
203, 0, 62, 136, 126, 24, 35.38%, 0, 0, 3, 440.72, 88763, 144, 0, 0
208, 0, 62, 137, 127, 24, 35.38%, 0, 0, 3, 458.93, 91015, 144, 0, 0
213, 0, 62, 138, 128, 24, 35.38%, 0, 0, 3, 445.89, 93200, 144, 0, 0
218, 0, 62, 139, 129, 24, 35.38%, 0, 0, 3, 421.68, 95289, 144, 0, 0
223, 0, 22, 139, 123, 17, 35.38%, 0, 0, 3, 419.94, 97423, 144, 0, 0
228, 0, 76, 140, 121, 14, 35.38%, 0, 0, 3, 440.38, 99677, 144, 0, 0
233, 0, 74, 147, 127, 14, 43.49%, 0, 0, 3, 429.87, 101852, 177, 0, 0
238, 0, 147, 148, 127, 18, 43.73%, 0, 0, 3, 456.03, 104216, 178, 0, 0
243, 0, 140, 152, 129, 16, 43.73%, 0, 0, 3, 459.16, 106486, 178, 0, 0
249, 0, 155, 156, 131, 16, 43.98%, 0, 0, 4, 417.01, 108615, 179, 0, 0
254, 0, 144, 159, 133, 15, 43.98%, 0, 0, 4, 431.48, 110830, 179, 0, 0
259, 0, 15, 166, 138, 14, 43.98%, 0, 0, 4, 425.81, 112922, 179, 0, 0
264, 0, 145, 169, 139, 14, 44.72%, 0, 0, 4, 459.66, 115315, 182, 0, 0
269, 0, 30, 183, 152, 13, 44.72%, 0, 0, 4, 442.69, 117553, 182, 0, 0
274, 0, 135, 188, 155, 12, 44.72%, 0, 0, 4, 458.52, 119861, 182, 0, 0
279, 0, 135, 193, 160, 12, 44.72%, 0, 0, 4, 454.58, 122189, 182, 0, 0
284, 0, 135, 195, 162, 12, 44.72%, 0, 0, 4, 450.80, 124494, 182, 0, 0
289, 0, 135, 198, 165, 12, 44.72%, 0, 0, 4, 446.35, 126707, 182, 0, 0
294, 0, 135, 200, 167, 12, 44.72%, 0, 0, 4, 454.02, 129049, 182, 0, 0
300, 0, 135, 201, 168, 12, 44.72%, 0, 0, 4, 435.97, 131224, 182, 0, 0
305, 0, 135, 203, 170, 12, 44.72%, 0, 0, 4, 458.50, 133518, 182, 0, 0
310, 0, 135, 204, 171, 12, 44.72%, 0, 0, 4, 429.59, 135677, 182, 0, 0
315, 0, 135, 205, 172, 12, 44.72%, 0, 0, 4, 435.18, 137876, 182, 0, 0
320, 0, 135, 205, 172, 12, 44.72%, 0, 0, 4, 415.81, 139940, 182, 0, 0
325, 0, 135, 206, 173, 12, 44.72%, 0, 0, 4, 437.49, 142163, 182, 0, 0
330, 0, 135, 207, 174, 12, 44.72%, 0, 0, 4, 451.58, 144445, 182, 0, 0
335, 0, 135, 209, 176, 12, 44.72%, 0, 0, 4, 468.45, 146808, 182, 0, 0
340, 0, 141, 209, 175, 12, 44.72%, 0, 0, 4, 472.40, 149175, 182, 0, 0
345, 0, 190, 209, 173, 10, 44.72%, 0, 0, 4, 446.80, 151393, 182, 0, 0
350, 0, 35, 209, 169, 6, 44.72%, 0, 0, 4, 438.93, 153642, 182, 0, 0
355, 0, 168, 216, 175, 5, 44.72%, 0, 0, 5, 451.09, 155960, 182, 0, 0
361, 0, 168, 216, 175, 5, 44.72%, 0, 0, 5, 430.14, 158157, 182, 0, 0
366, 0, 168, 217, 176, 5, 44.72%, 0, 0, 5, 485.58, 160755, 182, 0, 0
371, 0, 168, 219, 178, 5, 44.72%, 0, 0, 5, 458.72, 163064, 182, 0, 0
376, 0, 168, 221, 180, 5, 44.72%, 0, 0, 5, 431.08, 165168, 182, 0, 0
381, 0, 97, 222, 179, 4, 44.72%, 0, 0, 5, 436.59, 167355, 182, 0, 0
386, 0, 151, 227, 182, 2, 44.72%, 0, 0, 5, 436.14, 169558, 182, 0, 0
391, 0, 151, 241, 196, 2, 44.96%, 0, 0, 5, 430.20, 171744, 183, 0, 0
396, 0, 151, 246, 201, 2, 44.96%, 0, 0, 5, 441.89, 174075, 183, 0, 0
401, 0, 151, 247, 202, 2, 44.96%, 0, 0, 5, 463.20, 176470, 183, 0, 0
406, 0, 151, 247, 202, 2, 44.96%, 0, 0, 5, 458.64, 178810, 183, 0, 0
411, 0, 184, 248, 201, 2, 44.96%, 0, 0, 5, 461.90, 181088, 183, 0, 0
416, 0, 167, 249, 197, 0, 44.96%, 0, 0, 5, 440.94, 183321, 183, 0, 0
421, 0, 225, 249, 193, 0, 44.96%, 0, 0, 5, 463.92, 185682, 183, 0, 0
427, 0, 90, 249, 192, 0, 44.96%, 0, 0, 5, 448.06, 187986, 183, 0, 0
432, 0, 221, 250, 191, 0, 44.96%, 0, 0, 5, 445.30, 190183, 183, 0, 0
437, 0, 215, 253, 193, 0, 44.96%, 0, 0, 6, 435.19, 192403, 183, 0, 0
442, 0, 43, 254, 192, 0, 44.96%, 0, 0, 6, 452.94, 194675, 183, 0, 0
447, 0, 133, 255, 191, 0, 44.96%, 0, 0, 6, 416.94, 196770, 183, 0, 0
452, 0, 59, 255, 189, 0, 44.96%, 0, 0, 6, 411.82, 198804, 183, 0, 0
457, 0, 202, 256, 187, 0, 44.96%, 0, 0, 6, 455.68, 201205, 183, 0, 0
462, 0, 224, 256, 185, 0, 44.96%, 0, 0, 6, 454.53, 203503, 183, 0, 0
467, 0, 232, 257, 184, 0, 44.96%, 0, 0, 6, 459.31, 205841, 183, 0, 0
472, 0, 143, 257, 183, 0, 44.96%, 0, 0, 6, 459.56, 208206, 183, 0, 0
478, 0, 25, 258, 180, 0, 44.96%, 0, 0, 6, 455.82, 210545, 183, 0, 0
483, 0, 242, 259, 178, 0, 44.96%, 0, 0, 6, 463.96, 212916, 183, 0, 0
488, 0, 82, 260, 177, 0, 44.96%, 0, 0, 6, 485.72, 215339, 183, 0, 0
493, 0, 259, 260, 174, 0, 44.96%, 0, 0, 6, 454.99, 217559, 183, 0, 0
498, 0, 168, 261, 174, 0, 44.96%, 0, 0, 6, 452.32, 219882, 183, 0, 0
503, 0, 155, 261, 171, 0, 44.96%, 0, 0, 6, 456.25, 222254, 183, 0, 0
508, 0, 260, 263, 172, 0, 44.96%, 0, 0, 6, 451.99, 224517, 183, 0, 0
513, 0, 161, 263, 170, 0, 44.96%, 0, 0, 6, 446.23, 226800, 183, 0, 0
518, 0, 171, 263, 166, 0, 44.96%, 0, 0, 6, 444.44, 229025, 183, 0, 0
523, 0, 185, 264, 166, 0, 44.96%, 0, 0, 6, 451.46, 231336, 183, 0, 0
528, 0, 51, 264, 163, 0, 44.96%, 0, 0, 6, 439.58, 233548, 183, 0, 0
533, 0, 169, 264, 158, 0, 44.96%, 0, 0, 6, 463.45, 235926, 183, 0, 0
539, 0, 258, 264, 156, 0, 44.96%, 0, 0, 6, 474.79, 238377, 183, 0, 0
544, 0, 168, 264, 153, 0, 44.96%, 0, 0, 6, 446.80, 240606, 183, 0, 0
549, 0, 190, 265, 151, 0, 44.96%, 0, 0, 6, 459.65, 242974, 183, 0, 0
554, 0, 179, 265, 150, 0, 44.96%, 0, 0, 6, 445.79, 245204, 183, 0, 0
559, 1, 148, 265, 148, 0, 44.96%, 0, 0, 6, 454.53, 247491, 183, 0, 0
564, 1, 136, 265, 143, 0, 44.96%, 0, 0, 6, 412.52, 249543, 183, 0, 0
569, 1, 238, 265, 139, 0, 44.96%, 0, 0, 6, 440.03, 251850, 183, 0, 0
574, 1, 249, 265, 137, 0, 44.96%, 0, 0, 6, 448.10, 254051, 183, 0, 0
579, 1, 245, 267, 137, 0, 44.96%, 0, 0, 6, 441.69, 256256, 183, 0, 0
584, 1, 265, 267, 135, 0, 44.96%, 0, 0, 6, 441.22, 258523, 183, 0, 0
589, 1, 265, 275, 143, 0, 44.96%, 0, 0, 6, 402.44, 260471, 183, 0, 0
594, 1, 265, 277, 145, 0, 44.96%, 0, 0, 6, 384.08, 262375, 183, 0, 0
599, 1, 265, 279, 147, 0, 44.96%, 0, 0, 6, 375.51, 264286, 183, 0, 0
604, 1, 265, 281, 149, 0, 44.96%, 0, 0, 6, 416.12, 266393, 183, 0, 0
609, 1, 265, 281, 149, 0, 44.96%, 0, 0, 6, 406.27, 268385, 183, 0, 0
615, 1, 265, 282, 150, 0, 44.96%, 0, 0, 6, 395.86, 270355, 183, 0, 0
620, 1, 176, 282, 148, 0, 44.96%, 0, 0, 6, 422.79, 272514, 183, 0, 0
625, 1, 105, 282, 144, 0, 44.96%, 0, 0, 6, 470.04, 274856, 183, 0, 0
630, 1, 7, 283, 142, 0, 44.96%, 0, 0, 6, 474.39, 277163, 183, 0, 0
635, 1, 7, 288, 147, 0, 47.17%, 0, 0, 6, 451.46, 279455, 192, 0, 0
640, 1, 285, 294, 152, 4, 47.91%, 1, 0, 6, 430.32, 281623, 195, 1, 0
645, 1, 287, 294, 149, 3, 47.91%, 1, 0, 6, 444.54, 283900, 195, 1, 0
650, 1, 290, 295, 149, 2, 47.91%, 1, 0, 6, 411.00, 285994, 195, 1, 0
655, 1, 177, 295, 146, 0, 47.91%, 1, 0, 6, 435.27, 288285, 195, 1, 0
660, 1, 16, 295, 141, 0, 47.91%, 1, 0, 6, 429.99, 290510, 195, 1, 0
665, 1, 84, 295, 138, 0, 47.91%, 1, 0, 6, 417.12, 292602, 195, 1, 0
671, 1, 36, 296, 136, 0, 47.91%, 1, 0, 6, 455.17, 294941, 195, 1, 0
676, 1, 293, 299, 137, 0, 47.91%, 1, 0, 6, 467.36, 297273, 195, 1, 0
681, 1, 294, 300, 136, 0, 47.91%, 1, 0, 6, 425.35, 299363, 195, 1, 0
686, 1, 158, 300, 134, 0, 47.91%, 1, 0, 6, 430.66, 301578, 195, 1, 0
691, 1, 295, 300, 131, 0, 47.91%, 1, 0, 6, 438.02, 303749, 195, 1, 0
696, 1, 298, 301, 130, 0, 47.91%, 1, 0, 6, 444.24, 305958, 195, 1, 0
701, 1, 199, 301, 127, 0, 47.91%, 1, 0, 6, 449.79, 308279, 195, 1, 0
706, 1, 292, 301, 124, 0, 47.91%, 1, 0, 6, 450.92, 310521, 195, 1, 0
711, 1, 197, 301, 122, 0, 47.91%, 1, 0, 6, 460.43, 312864, 195, 1, 0
716, 1, 233, 302, 120, 0, 47.91%, 1, 0, 6, 455.54, 315311, 195, 1, 0
721, 1, 109, 302, 118, 0, 47.91%, 1, 0, 6, 477.62, 317722, 195, 1, 0
726, 1, 230, 303, 114, 0, 47.91%, 1, 0, 6, 475.44, 320127, 195, 1, 0
731, 1, 46, 303, 111, 0, 47.91%, 1, 0, 6, 438.85, 322350, 195, 1, 0
736, 1, 232, 304, 105, 0, 47.91%, 1, 0, 6, 445.46, 324551, 195, 1, 0
742, 1, 228, 304, 101, 0, 47.91%, 1, 0, 6, 436.75, 326778, 195, 1, 0
747, 1, 231, 304, 99, 0, 47.91%, 1, 0, 6, 450.27, 329111, 195, 1, 0
752, 1, 81, 304, 96, 0, 47.91%, 1, 0, 6, 456.00, 331410, 195, 1, 0
757, 1, 267, 304, 94, 0, 47.91%, 1, 0, 6, 422.77, 333561, 195, 1, 0
762, 1, 275, 305, 93, 0, 47.91%, 1, 0, 6, 425.96, 335749, 195, 1, 0
767, 1, 42, 307, 92, 0, 48.16%, 1, 0, 6, 448.93, 338069, 196, 1, 0
772, 1, 307, 310, 92, 2, 48.65%, 1, 0, 6, 460.72, 340423, 198, 1, 0
777, 1, 309, 314, 93, 1, 48.65%, 1, 0, 6, 440.72, 342643, 198, 1, 0
782, 1, 309, 314, 93, 1, 48.65%, 1, 0, 6, 418.09, 344691, 198, 1, 0
787, 1, 279, 314, 89, 0, 48.65%, 1, 0, 6, 451.28, 347069, 198, 1, 0
792, 1, 277, 314, 88, 0, 48.65%, 1, 0, 6, 435.68, 349306, 198, 1, 0
797, 1, 307, 314, 84, 0, 48.65%, 1, 0, 6, 432.09, 351511, 198, 1, 0
802, 1, 240, 315, 83, 0, 48.65%, 1, 0, 6, 420.86, 353598, 198, 1, 0
807, 1, 296, 315, 79, 0, 48.65%, 1, 0, 6, 452.11, 355892, 198, 1, 0
812, 1, 165, 315, 77, 0, 48.65%, 1, 0, 6, 470.66, 358277, 198, 1, 0
818, 1, 146, 315, 74, 0, 48.65%, 1, 0, 6, 465.08, 360621, 198, 1, 0
823, 1, 201, 316, 73, 0, 48.65%, 1, 0, 6, 448.27, 362859, 198, 1, 0
828, 1, 289, 316, 70, 0, 48.65%, 1, 0, 6, 449.19, 365193, 198, 1, 0
833, 1, 124, 316, 68, 0, 48.65%, 1, 0, 6, 453.15, 367494, 198, 1, 0
838, 1, 38, 316, 64, 0, 48.65%, 1, 0, 6, 436.24, 369745, 198, 1, 0
843, 1, 247, 317, 63, 0, 48.65%, 1, 0, 6, 437.45, 371985, 198, 1, 0
848, 1, 241, 318, 63, 0, 48.65%, 1, 0, 6, 420.33, 374074, 198, 1, 0
853, 1, 251, 319, 60, 0, 48.65%, 1, 0, 6, 468.90, 376494, 198, 1, 0
858, 1, 237, 319, 57, 0, 48.65%, 1, 0, 6, 463.36, 378761, 198, 1, 0
863, 1, 178, 319, 55, 0, 48.65%, 1, 0, 6, 460.39, 381100, 198, 1, 0
868, 1, 271, 319, 53, 0, 48.65%, 1, 0, 6, 441.01, 383327, 198, 1, 0
873, 1, 169, 319, 51, 0, 48.65%, 1, 0, 6, 433.39, 385481, 198, 1, 0
878, 1, 78, 319, 49, 0, 48.65%, 1, 0, 6, 419.77, 387643, 198, 1, 0
884, 1, 297, 321, 48, 0, 48.65%, 1, 0, 6, 430.36, 389850, 198, 1, 0
889, 1, 319, 321, 48, 0, 48.65%, 1, 0, 6, 470.43, 392214, 198, 1, 0
894, 1, 299, 321, 46, 0, 48.65%, 1, 0, 6, 433.51, 394362, 198, 1, 0
899, 1, 290, 324, 47, 0, 48.89%, 1, 0, 6, 457.08, 396714, 199, 1, 0
904, 2, 368, 428, 151, 25, 58.72%, 2, 0, 6, 440.91, 398903, 239, 2, 0
909, 2, 388, 430, 152, 24, 58.72%, 2, 0, 6, 439.93, 401157, 239, 2, 0
914, 2, 402, 431, 151, 22, 58.72%, 2, 0, 6, 471.42, 403496, 239, 2, 0
919, 2, 420, 431, 150, 21, 58.72%, 2, 0, 6, 437.86, 405681, 239, 2, 0
924, 2, 407, 431, 148, 19, 58.72%, 2, 0, 6, 433.30, 407872, 239, 2, 0
929, 2, 434, 437, 152, 17, 58.72%, 2, 0, 6, 455.89, 410243, 239, 2, 0
934, 2, 335, 437, 150, 15, 58.72%, 2, 0, 6, 481.17, 412668, 239, 2, 0
939, 2, 357, 437, 148, 13, 58.72%, 2, 0, 6, 446.40, 414906, 239, 2, 0
944, 2, 359, 437, 146, 12, 58.72%, 2, 0, 6, 466.28, 417272, 239, 2, 0
949, 2, 334, 437, 143, 9, 58.72%, 2, 0, 6, 477.16, 419684, 239, 4, 0
954, 2, 329, 437, 142, 8, 58.72%, 2, 0, 6, 482.26, 422096, 239, 4, 0
959, 2, 340, 437, 140, 7, 58.72%, 2, 0, 6, 462.07, 424395, 239, 4, 0
964, 2, 432, 437, 138, 5, 58.72%, 2, 0, 6, 460.40, 426730, 239, 4, 0
970, 2, 399, 437, 136, 4, 58.72%, 2, 0, 6, 467.03, 429076, 239, 4, 0
975, 2, 323, 437, 134, 2, 58.72%, 2, 0, 6, 459.73, 431460, 239, 4, 0
980, 2, 323, 437, 134, 2, 58.72%, 2, 0, 6, 443.38, 433721, 239, 4, 0
985, 2, 384, 437, 132, 0, 58.72%, 2, 0, 6, 469.88, 436217, 239, 4, 0
990, 2, 270, 437, 130, 0, 58.72%, 2, 0, 6, 442.14, 438408, 239, 4, 0
995, 2, 385, 437, 127, 0, 58.72%, 2, 0, 6, 466.11, 440744, 239, 4, 0
1000, 2, 303, 438, 125, 0, 58.72%, 2, 0, 6, 462.97, 443087, 239, 4, 0
1005, 2, 312, 438, 122, 0, 58.72%, 3, 0, 6, 453.67, 445378, 239, 5, 0
1010, 2, 131, 438, 120, 0, 58.72%, 6, 0, 6, 462.30, 447763, 239, 12, 0
1015, 2, 423, 438, 118, 0, 58.72%, 6, 0, 6, 451.30, 450084, 239, 12, 0
1021, 2, 289, 438, 117, 0, 58.72%, 6, 0, 6, 428.04, 452205, 239, 15, 0
1026, 2, 251, 438, 115, 0, 58.72%, 6, 0, 6, 455.38, 454611, 239, 15, 0
1031, 2, 269, 438, 114, 0, 58.72%, 6, 0, 6, 451.88, 456904, 239, 15, 0
1036, 2, 310, 438, 111, 0, 58.72%, 7, 0, 6, 474.13, 459295, 239, 21, 0
1041, 2, 360, 438, 110, 0, 58.72%, 7, 0, 6, 442.69, 461542, 239, 23, 0
1046, 2, 156, 438, 106, 0, 58.72%, 7, 0, 6, 446.53, 463817, 239, 24, 0
1051, 2, 347, 438, 104, 0, 58.72%, 7, 0, 6, 435.43, 466017, 239, 24, 0
1056, 2, 410, 438, 101, 0, 58.72%, 7, 0, 6, 470.48, 468421, 239, 24, 0
1061, 2, 365, 438, 99, 0, 58.72%, 7, 0, 6, 479.43, 470994, 239, 24, 0
1066, 2, 373, 438, 96, 0, 58.72%, 7, 0, 6, 461.54, 473290, 239, 24, 0
1071, 2, 334, 438, 93, 0, 58.72%, 7, 0, 6, 469.93, 475609, 239, 24, 0
1076, 2, 375, 438, 91, 0, 58.72%, 7, 0, 6, 463.97, 477932, 239, 24, 0
1081, 2, 268, 438, 90, 0, 58.72%, 7, 0, 6, 458.19, 480265, 239, 24, 0
1086, 2, 323, 438, 88, 0, 58.72%, 7, 0, 6, 438.17, 482498, 239, 24, 0
1092, 2, 337, 438, 87, 0, 58.72%, 7, 0, 6, 469.88, 484927, 239, 24, 0
1097, 2, 366, 438, 84, 0, 58.72%, 7, 0, 6, 471.33, 487345, 239, 24, 0
1102, 2, 356, 438, 81, 0, 58.72%, 7, 0, 6, 457.49, 489628, 239, 24, 0
1107, 2, 309, 438, 79, 0, 58.72%, 7, 0, 6, 449.49, 491966, 239, 28, 0
1112, 2, 355, 438, 78, 0, 58.72%, 7, 0, 6, 431.66, 494170, 239, 33, 0
1117, 2, 392, 438, 76, 0, 58.72%, 7, 0, 6, 434.43, 496429, 239, 33, 0
1122, 2, 368, 438, 74, 0, 58.72%, 7, 0, 6, 482.36, 498984, 239, 33, 0
1127, 2, 358, 438, 74, 0, 58.72%, 7, 0, 6, 469.75, 501337, 239, 36, 0
1133, 2, 378, 438, 71, 0, 58.72%, 7, 0, 6, 447.26, 503715, 239, 38, 0
1138, 2, 342, 439, 71, 0, 58.72%, 7, 0, 6, 469.70, 506148, 239, 38, 0
1143, 2, 309, 439, 68, 0, 58.72%, 8, 0, 6, 460.30, 508450, 239, 40, 0
1148, 2, 412, 439, 67, 0, 58.72%, 8, 0, 6, 458.25, 510716, 239, 40, 0
1153, 2, 371, 440, 67, 0, 58.72%, 8, 0, 6, 474.52, 513085, 239, 40, 0
1158, 2, 155, 440, 64, 0, 58.72%, 8, 0, 6, 467.16, 515467, 239, 40, 0
1163, 2, 419, 441, 64, 0, 58.72%, 8, 0, 6, 458.17, 517820, 239, 40, 0
1168, 2, 307, 441, 62, 0, 58.72%, 8, 0, 6, 465.78, 520199, 239, 40, 0
1173, 2, 83, 441, 61, 0, 58.72%, 8, 0, 6, 459.38, 522502, 239, 40, 0
1178, 2, 353, 441, 58, 0, 58.72%, 9, 0, 6, 457.07, 524816, 239, 42, 0
1183, 2, 440, 441, 57, 0, 58.72%, 9, 0, 6, 461.10, 527164, 239, 42, 0
1188, 2, 435, 441, 55, 0, 58.72%, 9, 0, 6, 452.76, 529355, 239, 42, 0
1193, 2, 346, 441, 54, 0, 58.72%, 9, 0, 6, 451.30, 531628, 239, 42, 0
1198, 2, 206, 441, 51, 0, 58.72%, 9, 0, 6, 448.61, 533861, 239, 42, 0
1204, 2, 85, 441, 49, 0, 58.72%, 9, 0, 6, 429.44, 536097, 239, 42, 0
1209, 2, 326, 441, 48, 0, 58.72%, 9, 0, 6, 443.94, 538397, 239, 42, 0
1214, 2, 387, 441, 46, 0, 58.72%, 9, 0, 6, 452.38, 540738, 239, 44, 0
1219, 2, 30, 441, 44, 0, 58.72%, 9, 0, 6, 450.30, 543026, 239, 44, 0
1224, 2, 414, 441, 42, 0, 58.72%, 9, 0, 6, 467.40, 545335, 239, 44, 0
1229, 2, 430, 441, 41, 0, 58.72%, 9, 0, 6, 482.17, 547779, 239, 44, 0
1234, 2, 317, 441, 39, 0, 58.72%, 9, 0, 6, 460.63, 550121, 239, 44, 0
1239, 2, 390, 441, 37, 0, 58.72%, 9, 0, 6, 454.63, 552374, 239, 44, 0
1244, 2, 121, 441, 35, 0, 58.72%, 9, 0, 6, 452.41, 554687, 239, 44, 0
1249, 2, 367, 441, 34, 0, 58.72%, 9, 0, 6, 443.74, 556892, 239, 44, 0
1254, 2, 327, 441, 32, 0, 58.72%, 9, 0, 6, 447.40, 559152, 239, 46, 0
1259, 2, 439, 441, 31, 0, 58.72%, 9, 0, 6, 458.70, 561462, 239, 46, 0
1264, 2, 429, 441, 30, 0, 58.72%, 9, 0, 6, 441.29, 563668, 239, 49, 0
1269, 2, 341, 441, 28, 0, 58.72%, 9, 0, 6, 424.24, 565778, 239, 49, 0
1274, 2, 115, 441, 28, 0, 58.72%, 9, 0, 6, 446.90, 568061, 239, 50, 0
1279, 2, 390, 441, 27, 0, 58.72%, 9, 0, 6, 449.63, 570363, 239, 50, 0
1284, 2, 441, 442, 27, 1, 58.97%, 9, 0, 6, 443.28, 572589, 240, 50, 0
1289, 2, 396, 442, 25, 0, 58.97%, 9, 0, 6, 447.79, 574864, 240, 50, 0
1294, 2, 0, 451, 34, 0, 59.21%, 9, 0, 6, 451.27, 577155, 241, 52, 0
1299, 3, 477, 490, 72, 4, 61.92%, 9, 0, 6, 454.60, 579444, 252, 52, 0
1305, 3, 482, 490, 71, 3, 61.92%, 9, 0, 6, 468.09, 581872, 252, 52, 0
1310, 3, 489, 490, 69, 1, 61.92%, 9, 0, 6, 452.81, 584111, 252, 52, 0
1315, 3, 481, 490, 67, 0, 61.92%, 9, 0, 6, 470.77, 586481, 252, 52, 0
1320, 3, 449, 490, 66, 0, 61.92%, 9, 0, 6, 440.73, 588717, 252, 52, 0
1325, 3, 115, 490, 63, 0, 61.92%, 9, 0, 6, 437.54, 590970, 252, 52, 0
1330, 3, 323, 490, 62, 0, 61.92%, 9, 0, 6, 474.31, 593349, 252, 52, 0
1335, 3, 202, 490, 61, 0, 61.92%, 9, 0, 6, 455.21, 595585, 252, 54, 0
1340, 3, 444, 490, 60, 0, 61.92%, 9, 0, 6, 474.50, 598010, 252, 54, 0
1345, 3, 391, 490, 58, 0, 61.92%, 9, 0, 6, 438.56, 600228, 252, 54, 0
1350, 3, 455, 490, 56, 0, 61.92%, 9, 0, 6, 431.69, 602459, 252, 54, 0
1355, 3, 446, 490, 54, 0, 61.92%, 9, 0, 6, 415.56, 604524, 252, 54, 0
1360, 3, 457, 490, 53, 0, 61.92%, 9, 0, 6, 425.16, 606673, 252, 54, 0
1365, 3, 340, 490, 50, 0, 61.92%, 9, 0, 6, 461.67, 609046, 252, 54, 0
1370, 3, 405, 490, 49, 0, 61.92%, 9, 0, 6, 438.26, 611209, 252, 54, 0
1375, 3, 476, 490, 47, 0, 61.92%, 9, 0, 6, 452.25, 613460, 252, 54, 0
1380, 3, 168, 490, 46, 0, 61.92%, 9, 0, 6, 441.28, 615705, 252, 57, 0
1385, 3, 447, 490, 44, 0, 61.92%, 9, 0, 6, 452.44, 617968, 252, 57, 0
1391, 3, 35, 490, 42, 0, 61.92%, 9, 0, 6, 430.33, 620166, 252, 57, 0
1396, 3, 483, 490, 41, 0, 61.92%, 9, 0, 6, 444.19, 622418, 252, 61, 0
1401, 3, 202, 490, 40, 0, 61.92%, 9, 0, 6, 459.22, 624719, 252, 62, 0
1406, 3, 406, 490, 40, 0, 61.92%, 9, 0, 6, 437.63, 626919, 252, 62, 0
1411, 3, 407, 490, 37, 0, 61.92%, 9, 0, 6, 442.59, 629177, 252, 62, 0
1416, 3, 469, 490, 36, 0, 61.92%, 9, 0, 6, 447.50, 631497, 252, 63, 0
1421, 3, 349, 490, 34, 0, 61.92%, 9, 0, 6, 454.41, 633748, 252, 63, 0
1426, 3, 466, 490, 33, 0, 61.92%, 9, 0, 6, 457.74, 636064, 252, 63, 0
1431, 3, 238, 490, 31, 0, 61.92%, 9, 0, 6, 467.31, 638367, 252, 63, 0
1436, 3, 241, 490, 30, 0, 61.92%, 9, 0, 6, 440.74, 640565, 252, 63, 0
1441, 3, 44, 490, 29, 0, 61.92%, 9, 0, 6, 420.60, 642697, 252, 63, 0
1446, 3, 209, 490, 27, 0, 61.92%, 9, 0, 6, 462.26, 645089, 252, 63, 0
1451, 3, 173, 490, 27, 0, 61.92%, 9, 0, 6, 462.87, 647461, 252, 65, 0
1457, 3, 452, 490, 26, 0, 61.92%, 9, 0, 6, 430.84, 649655, 252, 65, 0
1462, 3, 309, 490, 24, 0, 61.92%, 9, 0, 6, 430.55, 651853, 252, 67, 0
1467, 3, 80, 490, 24, 0, 61.92%, 9, 0, 6, 459.57, 654245, 252, 75, 0
1472, 3, 480, 490, 22, 0, 61.92%, 9, 0, 6, 437.30, 656414, 252, 75, 0
1477, 3, 359, 490, 21, 0, 61.92%, 9, 0, 6, 471.69, 658916, 252, 75, 0
1482, 3, 334, 490, 20, 0, 61.92%, 10, 0, 6, 438.37, 661150, 252, 80, 0
1487, 3, 203, 490, 20, 0, 61.92%, 10, 0, 6, 417.70, 663294, 252, 84, 0
1492, 3, 228, 490, 19, 0, 61.92%, 10, 0, 6, 448.01, 665583, 252, 84, 0
1497, 3, 340, 490, 19, 0, 61.92%, 10, 0, 6, 443.73, 667794, 252, 84, 0
1502, 3, 458, 490, 19, 0, 61.92%, 10, 0, 6, 424.42, 669891, 252, 84, 0
1508, 3, 335, 490, 18, 0, 61.92%, 10, 0, 6, 424.19, 672058, 252, 87, 0
1513, 3, 155, 490, 17, 0, 61.92%, 10, 0, 6, 433.95, 674255, 252, 93, 0
1518, 3, 467, 490, 17, 0, 61.92%, 10, 0, 6, 449.87, 676459, 252, 93, 0
1523, 3, 471, 490, 16, 0, 61.92%, 10, 0, 6, 449.05, 678729, 252, 95, 0
1528, 3, 351, 490, 15, 0, 61.92%, 11, 0, 6, 469.22, 681095, 252, 99, 0
1533, 3, 393, 490, 15, 0, 61.92%, 11, 0, 6, 448.53, 683359, 252, 104, 0
1538, 3, 283, 490, 14, 0, 61.92%, 11, 0, 6, 436.56, 685578, 252, 106, 0
1543, 3, 446, 490, 13, 0, 61.92%, 11, 0, 6, 445.61, 687893, 252, 106, 0
1548, 3, 241, 490, 13, 0, 61.92%, 11, 0, 6, 433.31, 690015, 252, 106, 0
1553, 3, 350, 490, 13, 0, 61.92%, 11, 0, 6, 430.00, 692174, 252, 108, 0
1558, 3, 468, 490, 12, 0, 61.92%, 11, 0, 6, 429.47, 694376, 252, 109, 0
1563, 3, 307, 490, 10, 0, 61.92%, 11, 0, 6, 437.48, 696551, 252, 110, 0
1568, 3, 209, 490, 10, 0, 61.92%, 11, 0, 6, 447.65, 698836, 252, 110, 0
1573, 3, 318, 490, 10, 0, 61.92%, 11, 0, 6, 434.87, 701113, 252, 111, 0
1578, 4, 494, 500, 19, 1, 63.39%, 11, 0, 6, 466.87, 703499, 258, 111, 0
1583, 4, 496, 500, 18, 1, 63.39%, 11, 0, 6, 426.04, 705618, 258, 111, 0
1588, 4, 272, 500, 17, 0, 63.39%, 11, 0, 6, 463.74, 708001, 258, 111, 0
1594, 4, 495, 500, 17, 0, 63.39%, 11, 0, 6, 456.98, 710259, 258, 112, 0
1599, 4, 27, 500, 16, 0, 63.39%, 11, 0, 6, 439.08, 712460, 258, 112, 0
1604, 4, 255, 501, 16, 0, 63.39%, 11, 0, 6, 437.51, 714664, 258, 112, 0
1609, 4, 400, 501, 16, 0, 63.39%, 11, 0, 6, 449.61, 716957, 258, 112, 0
1614, 4, 492, 501, 16, 0, 63.39%, 11, 0, 6, 433.85, 719080, 258, 114, 0
1619, 4, 358, 501, 15, 0, 63.39%, 11, 0, 6, 442.46, 721364, 258, 114, 0
1624, 4, 477, 501, 14, 0, 63.39%, 11, 0, 6, 458.38, 723665, 258, 114, 0
1629, 4, 324, 501, 14, 0, 63.39%, 11, 0, 6, 450.16, 725958, 258, 114, 0
1634, 4, 488, 501, 14, 0, 63.39%, 11, 0, 6, 459.13, 728297, 258, 117, 0
1639, 4, 472, 503, 14, 0, 63.39%, 11, 0, 6, 455.61, 730669, 258, 117, 0
1644, 4, 497, 503, 13, 0, 63.39%, 11, 0, 6, 451.63, 732986, 258, 117, 0
1649, 4, 388, 503, 12, 0, 63.39%, 11, 0, 6, 460.73, 735323, 258, 117, 0
1654, 4, 276, 503, 11, 0, 63.39%, 11, 0, 6, 449.45, 737589, 258, 117, 0
1660, 4, 462, 503, 10, 0, 63.39%, 11, 0, 6, 466.34, 740057, 258, 121, 0
1665, 4, 290, 503, 9, 0, 63.39%, 11, 0, 6, 487.91, 742544, 258, 121, 0
1670, 4, 0, 503, 9, 0, 63.39%, 11, 0, 6, 481.19, 744918, 258, 127, 0
1675, 4, 73, 503, 9, 0, 63.39%, 11, 0, 6, 463.32, 747233, 258, 128, 0
1680, 4, 310, 503, 9, 0, 63.39%, 11, 0, 6, 463.03, 749577, 258, 130, 0
1685, 4, 499, 503, 9, 0, 63.39%, 11, 0, 6, 462.59, 751864, 258, 130, 0
1690, 4, 407, 503, 8, 0, 63.39%, 11, 0, 6, 454.32, 754160, 258, 130, 0
1695, 4, 460, 503, 8, 0, 63.39%, 11, 0, 6, 489.25, 756662, 258, 133, 0
1700, 4, 155, 503, 7, 0, 63.39%, 11, 0, 6, 449.74, 758923, 258, 133, 0
1705, 4, 341, 503, 7, 0, 63.39%, 11, 0, 6, 445.50, 761216, 258, 133, 0
1710, 4, 423, 503, 7, 0, 63.39%, 11, 0, 6, 448.00, 763521, 258, 133, 0
1715, 4, 155, 503, 6, 0, 63.39%, 11, 0, 6, 464.34, 765881, 258, 133, 0
1720, 4, 309, 503, 5, 0, 63.39%, 11, 0, 6, 455.36, 768104, 258, 136, 0
1725, 4, 290, 503, 5, 0, 63.39%, 11, 0, 6, 495.55, 770612, 258, 144, 0
1730, 4, 75, 503, 5, 0, 63.39%, 11, 0, 6, 482.65, 772993, 258, 144, 0
1735, 4, 318, 503, 4, 0, 63.39%, 11, 0, 6, 447.98, 775200, 258, 145, 0
1740, 4, 27, 503, 4, 0, 63.39%, 11, 0, 6, 422.93, 777367, 258, 145, 0
1745, 4, 493, 503, 4, 0, 63.39%, 11, 0, 6, 441.50, 779572, 258, 145, 0
1751, 4, 0, 503, 2, 0, 63.39%, 11, 0, 6, 417.94, 781613, 258, 145, 0
1756, 4, 496, 503, 2, 0, 63.39%, 11, 0, 6, 422.97, 783794, 258, 145, 0
1761, 4, 81, 503, 2, 0, 63.39%, 11, 0, 6, 462.78, 786250, 258, 145, 0
1766, 4, 446, 503, 2, 0, 63.39%, 11, 0, 6, 444.83, 788463, 258, 145, 0
1771, 4, 489, 503, 2, 0, 63.39%, 11, 0, 6, 440.24, 790675, 258, 145, 0
1776, 5, 121, 505, 4, 0, 63.39%, 11, 0, 6, 462.01, 793093, 258, 145, 0
1781, 5, 318, 505, 4, 0, 63.39%, 11, 0, 6, 448.05, 795284, 258, 145, 0
1786, 5, 303, 505, 4, 0, 63.39%, 11, 0, 6, 439.28, 797511, 258, 146, 0
1791, 5, 240, 505, 4, 0, 63.39%, 11, 0, 6, 452.64, 799831, 258, 146, 0
1796, 5, 289, 505, 4, 0, 63.39%, 11, 0, 6, 452.99, 802102, 258, 149, 0
1800, 5, 309, 505, 4, 0, 63.39%, 11, 0, 6, 431.09, 803813, 258, 149, 0
