# relative_time, cycles_done, cur_item, corpus_count, pending_total, pending_favs, map_size, saved_crashes, saved_hangs, max_depth, execs_per_sec, total_execs, edges_found, total_crashes, servers_count
61, 0, 85, 141, 112, 18, 43.00%, 1, 0, 4, 2016.92, 116843, 175, 1, 0
66, 0, 67, 165, 127, 13, 43.49%, 1, 0, 4, 2057.43, 127496, 177, 1, 0
71, 0, 36, 187, 141, 6, 45.45%, 1, 0, 4, 1922.07, 137228, 185, 2, 0
76, 0, 36, 192, 146, 6, 45.70%, 1, 0, 4, 1943.71, 147115, 186, 2, 0
81, 0, 36, 194, 148, 6, 45.70%, 1, 0, 4, 1931.65, 156933, 186, 2, 0
86, 0, 36, 196, 150, 6, 45.70%, 1, 0, 4, 1981.72, 167157, 186, 2, 0
91, 0, 36, 197, 151, 6, 45.70%, 1, 0, 4, 1877.17, 176434, 186, 3, 0
96, 0, 36, 197, 151, 6, 45.70%, 1, 0, 4, 1056.90, 184296, 186, 3, 0
102, 0, 40, 203, 156, 8, 45.70%, 1, 0, 4, 1593.51, 193388, 186, 3, 0
107, 0, 208, 209, 160, 9, 45.70%, 2, 0, 5, 2036.85, 203932, 186, 4, 0
112, 0, 207, 218, 168, 8, 45.70%, 2, 0, 6, 1845.87, 213105, 186, 4, 0
117, 0, 167, 225, 174, 7, 45.95%, 2, 0, 6, 1873.72, 222535, 187, 4, 0
122, 0, 167, 229, 178, 7, 45.95%, 2, 0, 6, 1845.76, 231887, 187, 4, 0
127, 0, 167, 230, 179, 7, 45.95%, 2, 0, 6, 1855.61, 241648, 187, 4, 0
132, 0, 167, 231, 180, 7, 45.95%, 2, 0, 6, 2009.71, 251918, 187, 4, 0
137, 0, 195, 238, 183, 5, 45.95%, 2, 0, 6, 2057.34, 262224, 187, 4, 0
142, 0, 195, 240, 185, 5, 46.19%, 2, 0, 6, 1857.66, 271281, 188, 4, 0
147, 0, 195, 241, 186, 5, 46.19%, 2, 0, 6, 1929.97, 281428, 188, 4, 0
153, 0, 195, 242, 187, 5, 46.19%, 3, 0, 6, 1943.73, 291692, 188, 5, 0
158, 0, 118, 243, 184, 3, 46.19%, 3, 0, 6, 1934.25, 301791, 188, 5, 0
163, 0, 139, 243, 174, 0, 46.19%, 3, 0, 6, 1920.95, 311608, 188, 5, 0
168, 0, 53, 245, 169, 0, 46.19%, 3, 0, 6, 1935.50, 321330, 188, 5, 0
173, 0, 118, 245, 161, 0, 46.19%, 3, 0, 6, 1834.80, 330073, 188, 5, 0
178, 0, 124, 247, 156, 0, 46.19%, 3, 0, 6, 1887.14, 340158, 188, 5, 0
183, 0, 172, 249, 151, 0, 46.19%, 3, 0, 6, 1955.12, 349907, 188, 5, 0
189, 0, 116, 251, 147, 0, 46.19%, 3, 0, 6, 1992.03, 360317, 188, 5, 0
194, 0, 221, 252, 139, 0, 46.19%, 3, 0, 6, 1971.61, 370697, 188, 5, 0
199, 1, 189, 255, 134, 0, 46.19%, 3, 0, 6, 1966.96, 380510, 188, 6, 0
204, 1, 95, 256, 126, 0, 46.19%, 3, 0, 6, 1869.43, 390008, 188, 6, 0
209, 1, 195, 258, 121, 0, 46.19%, 3, 0, 6, 1680.81, 398076, 188, 6, 0
214, 1, 171, 258, 113, 0, 46.19%, 3, 0, 6, 1958.88, 408097, 188, 6, 0
219, 1, 212, 258, 103, 0, 46.19%, 3, 0, 6, 1940.55, 417935, 188, 6, 0
224, 1, 200, 261, 96, 0, 46.19%, 3, 0, 6, 2073.68, 428546, 188, 6, 0
229, 1, 149, 264, 98, 0, 46.19%, 3, 0, 6, 1989.42, 438524, 188, 6, 0
235, 1, 169, 265, 90, 0, 46.19%, 3, 0, 7, 1930.17, 448680, 188, 6, 0
240, 1, 126, 265, 80, 0, 46.19%, 3, 0, 7, 1968.39, 458819, 188, 6, 0
245, 1, 96, 266, 73, 0, 46.19%, 3, 0, 7, 2200.00, 467746, 188, 6, 0
250, 1, 268, 269, 69, 1, 48.40%, 3, 0, 7, 2058.23, 477945, 197, 6, 0
255, 1, 39, 275, 65, 0, 48.40%, 3, 0, 7, 1953.75, 487786, 197, 6, 0
260, 1, 32, 275, 58, 0, 48.40%, 3, 0, 7, 1888.00, 497050, 197, 6, 0
265, 1, 175, 275, 51, 0, 48.40%, 3, 0, 7, 1726.48, 506040, 197, 6, 0
270, 1, 275, 276, 44, 1, 48.65%, 3, 0, 7, 1895.30, 516009, 198, 6, 0
275, 2, 315, 436, 197, 20, 60.44%, 3, 0, 7, 1995.11, 526465, 246, 6, 0
280, 2, 316, 436, 191, 14, 60.44%, 3, 0, 7, 1794.77, 535414, 246, 6, 0
285, 2, 278, 436, 176, 2, 60.44%, 3, 0, 7, 1774.09, 544281, 246, 6, 0
291, 2, 100, 436, 167, 0, 60.44%, 3, 0, 7, 1977.56, 554904, 246, 6, 0
296, 2, 363, 436, 157, 0, 60.44%, 3, 0, 7, 1965.20, 565040, 246, 6, 0
298, 2, 343, 436, 152, 0, 60.44%, 3, 0, 7, 1995.38, 570023, 246, 6, 0
