# relative_time, cycles_done, cur_item, corpus_count, pending_total, pending_favs, map_size, saved_crashes, saved_hangs, max_depth, execs_per_sec, total_execs, edges_found, total_crashes, servers_count
60, 0, 9, 84, 79, 4, 30.71%, 0, 0, 2, 457.52, 27762, 125, 0, 0
66, 0, 9, 87, 82, 4, 31.70%, 0, 0, 2, 445.20, 29987, 129, 0, 0
71, 0, 9, 88, 83, 4, 31.70%, 0, 0, 2, 434.53, 32154, 129, 0, 0
76, 0, 9, 89, 84, 4, 31.70%, 0, 0, 2, 429.23, 34313, 129, 0, 0
81, 0, 9, 90, 85, 4, 31.70%, 0, 0, 2, 429.02, 36512, 129, 0, 0
86, 0, 9, 94, 89, 4, 31.70%, 0, 0, 2, 424.68, 38692, 129, 0, 0
91, 0, 9, 94, 89, 4, 31.70%, 0, 0, 2, 447.37, 40940, 129, 0, 0
96, 0, 9, 94, 89, 4, 31.70%, 0, 0, 2, 356.01, 42886, 129, 0, 0
101, 0, 9, 94, 89, 4, 31.70%, 0, 0, 2, 413.67, 45036, 129, 0, 0
106, 0, 9, 95, 90, 4, 31.70%, 0, 0, 2, 405.82, 47108, 129, 0, 0
111, 0, 9, 95, 90, 4, 31.70%, 0, 0, 2, 407.16, 49096, 129, 0, 0
116, 0, 9, 95, 90, 4, 31.70%, 0, 0, 2, 429.33, 51372, 129, 0, 0
121, 0, 9, 96, 91, 4, 31.70%, 0, 0, 2, 422.08, 53595, 129, 0, 0
127, 0, 12, 118, 109, 25, 36.12%, 0, 0, 3, 413.27, 55714, 147, 0, 0
132, 0, 106, 118, 104, 20, 36.12%, 0, 0, 3, 405.91, 57677, 147, 0, 0
137, 0, 106, 131, 117, 20, 41.28%, 0, 0, 3, 423.23, 59830, 168, 0, 0
142, 0, 106, 133, 119, 20, 41.28%, 0, 0, 3, 421.54, 61996, 168, 0, 0
147, 0, 106, 135, 121, 20, 41.28%, 0, 0, 3, 389.32, 64000, 168, 0, 0
152, 0, 106, 136, 122, 20, 41.28%, 0, 0, 3, 406.78, 66075, 168, 0, 0
157, 0, 106, 136, 122, 20, 41.28%, 0, 0, 3, 370.04, 67927, 168, 0, 0
162, 0, 106, 136, 122, 20, 41.28%, 0, 0, 3, 383.38, 69825, 168, 0, 0
167, 0, 106, 136, 122, 20, 41.28%, 0, 0, 3, 389.06, 71848, 168, 0, 0
172, 0, 106, 136, 122, 20, 41.28%, 0, 0, 3, 443.20, 74077, 168, 0, 0
178, 0, 106, 137, 123, 20, 41.28%, 0, 0, 3, 447.19, 76367, 168, 0, 0
183, 0, 106, 137, 123, 20, 41.28%, 0, 0, 3, 419.53, 78493, 168, 0, 0
188, 0, 106, 137, 123, 20, 41.28%, 0, 0, 3, 417.81, 80557, 168, 0, 0
193, 0, 106, 137, 123, 20, 41.28%, 0, 0, 3, 382.34, 82497, 168, 0, 0
198, 0, 106, 137, 123, 20, 41.28%, 0, 0, 3, 436.56, 84789, 168, 0, 0
203, 0, 106, 137, 123, 20, 41.28%, 0, 0, 3, 423.27, 86861, 168, 0, 0
208, 0, 106, 137, 123, 20, 41.28%, 0, 0, 3, 415.38, 88909, 168, 0, 0
213, 0, 106, 139, 125, 20, 41.52%, 0, 0, 3, 402.93, 90953, 169, 0, 0
218, 0, 106, 139, 125, 20, 41.52%, 0, 0, 3, 408.58, 92963, 169, 0, 0
223, 0, 106, 139, 125, 20, 41.52%, 0, 0, 3, 431.39, 95107, 169, 0, 0
228, 0, 106, 139, 125, 20, 41.52%, 0, 0, 3, 441.16, 97339, 169, 0, 0
233, 0, 106, 139, 125, 20, 41.52%, 0, 0, 3, 426.99, 99523, 169, 0, 0
238, 0, 106, 139, 125, 20, 41.52%, 0, 0, 3, 442.74, 101683, 169, 0, 0
244, 0, 106, 139, 125, 20, 41.52%, 0, 0, 3, 414.13, 103739, 169, 0, 0
249, 0, 106, 139, 125, 20, 41.52%, 0, 0, 3, 423.72, 105923, 169, 0, 0
254, 0, 106, 139, 125, 20, 41.52%, 0, 0, 3, 443.32, 108188, 169, 0, 0
259, 0, 137, 140, 125, 25, 41.52%, 0, 0, 3, 452.58, 110462, 169, 0, 0
264, 0, 143, 146, 130, 25, 41.52%, 0, 0, 3, 408.96, 112496, 169, 0, 0
269, 0, 124, 151, 132, 23, 41.77%, 0, 0, 3, 414.03, 114682, 170, 0, 0
274, 0, 124, 158, 139, 23, 41.77%, 0, 0, 3, 437.62, 116952, 170, 0, 0
280, 0, 124, 162, 143, 23, 41.77%, 0, 0, 3, 414.99, 118996, 170, 0, 0
285, 0, 124, 164, 145, 23, 42.01%, 0, 0, 3, 425.84, 121130, 171, 0, 0
290, 0, 124, 166, 147, 23, 42.01%, 0, 0, 3, 404.83, 123152, 171, 0, 0
295, 0, 124, 167, 148, 23, 42.01%, 0, 0, 3, 431.02, 125375, 171, 0, 0
300, 0, 124, 169, 150, 23, 42.01%, 0, 0, 3, 430.01, 127589, 171, 0, 0
305, 0, 124, 170, 151, 23, 42.01%, 0, 0, 3, 441.26, 129860, 171, 0, 0
310, 0, 124, 171, 152, 23, 42.01%, 0, 0, 3, 475.57, 132267, 171, 0, 0
315, 0, 124, 171, 152, 23, 42.01%, 0, 0, 3, 440.98, 134507, 171, 0, 0
320, 0, 124, 171, 152, 23, 42.01%, 0, 0, 3, 447.66, 136723, 171, 0, 0
325, 0, 124, 171, 152, 23, 42.01%, 0, 0, 3, 459.53, 139071, 171, 0, 0
330, 0, 124, 172, 153, 23, 42.01%, 0, 0, 3, 439.45, 141298, 171, 0, 0
336, 0, 124, 173, 154, 23, 42.01%, 0, 0, 3, 429.90, 143505, 171, 0, 0
341, 0, 124, 174, 155, 23, 42.01%, 0, 0, 3, 432.63, 145696, 171, 0, 0
346, 0, 124, 176, 157, 23, 42.26%, 0, 0, 3, 457.24, 148025, 172, 0, 0
351, 0, 124, 176, 157, 23, 42.26%, 0, 0, 3, 411.38, 150094, 172, 0, 0
356, 0, 124, 176, 157, 23, 42.26%, 0, 0, 3, 405.94, 152182, 172, 0, 0
361, 0, 139, 176, 156, 24, 42.26%, 0, 0, 3, 420.11, 154366, 172, 0, 0
366, 0, 118, 176, 155, 23, 42.26%, 0, 0, 3, 397.85, 156323, 172, 0, 0
371, 0, 101, 176, 153, 21, 42.26%, 0, 0, 3, 424.04, 158535, 172, 0, 0
376, 0, 85, 183, 158, 19, 42.51%, 0, 0, 3, 422.93, 160787, 173, 0, 0
381, 0, 85, 185, 160, 19, 42.51%, 0, 0, 3, 420.98, 162954, 173, 0, 0
386, 0, 85, 186, 161, 19, 42.51%, 0, 0, 3, 439.96, 165137, 173, 0, 0
392, 0, 85, 188, 163, 19, 42.51%, 0, 0, 3, 434.19, 167343, 173, 0, 0
397, 0, 85, 190, 165, 19, 42.51%, 0, 0, 3, 396.11, 169346, 173, 0, 0
402, 0, 163, 190, 163, 19, 42.51%, 0, 0, 3, 412.09, 171431, 173, 0, 0
407, 0, 7, 190, 161, 17, 42.51%, 0, 0, 3, 420.40, 173564, 173, 0, 0
412, 0, 192, 197, 167, 21, 44.96%, 0, 0, 3, 387.12, 175617, 183, 0, 0
417, 0, 192, 223, 193, 21, 46.93%, 1, 0, 3, 423.17, 177868, 191, 1, 0
422, 0, 192, 225, 195, 21, 46.93%, 1, 0, 3, 433.30, 180139, 191, 1, 0
427, 0, 192, 225, 195, 21, 46.93%, 1, 0, 3, 403.33, 182083, 191, 1, 0
432, 0, 192, 225, 195, 21, 46.93%, 1, 0, 3, 414.13, 184243, 191, 1, 0
437, 0, 192, 225, 195, 21, 46.93%, 1, 0, 3, 422.18, 186411, 191, 1, 0
442, 0, 192, 226, 196, 21, 46.93%, 1, 0, 3, 419.14, 188514, 191, 1, 0
448, 0, 192, 227, 197, 21, 46.93%, 1, 0, 3, 425.46, 190713, 191, 1, 0
453, 0, 192, 227, 197, 21, 46.93%, 1, 0, 3, 429.84, 192953, 191, 1, 0
458, 0, 192, 227, 197, 21, 46.93%, 1, 0, 3, 399.59, 194977, 191, 1, 0
463, 0, 192, 228, 198, 21, 46.93%, 1, 0, 3, 414.84, 197040, 191, 1, 0
468, 0, 192, 228, 198, 21, 46.93%, 1, 0, 3, 431.71, 199216, 191, 1, 0
473, 0, 192, 228, 198, 21, 46.93%, 1, 0, 3, 414.31, 201336, 191, 1, 0
478, 0, 192, 229, 199, 21, 46.93%, 1, 0, 3, 395.24, 203403, 191, 1, 0
483, 0, 192, 230, 200, 21, 46.93%, 1, 0, 3, 413.33, 205486, 191, 1, 0
488, 0, 192, 230, 200, 21, 46.93%, 1, 0, 3, 411.99, 207518, 191, 1, 0
493, 0, 192, 230, 200, 21, 46.93%, 1, 0, 3, 417.61, 209646, 191, 1, 0
498, 0, 192, 230, 200, 21, 46.93%, 1, 0, 3, 399.41, 211646, 191, 1, 0
503, 0, 192, 230, 200, 21, 46.93%, 1, 0, 3, 447.92, 213942, 191, 1, 0
508, 0, 192, 230, 200, 21, 46.93%, 1, 0, 3, 408.84, 215966, 191, 1, 0
513, 0, 192, 230, 200, 21, 46.93%, 1, 0, 3, 393.56, 217970, 191, 1, 0
519, 0, 192, 231, 201, 21, 46.93%, 1, 0, 3, 394.44, 219958, 191, 2, 0
524, 0, 192, 231, 201, 21, 46.93%, 1, 0, 3, 412.08, 222069, 191, 2, 0
529, 0, 192, 231, 201, 21, 46.93%, 1, 0, 3, 396.12, 224081, 191, 2, 0
534, 0, 192, 232, 202, 21, 46.93%, 1, 0, 3, 407.19, 226132, 191, 2, 0
539, 0, 201, 232, 201, 24, 46.93%, 1, 0, 3, 427.78, 228284, 191, 2, 0
544, 0, 202, 235, 203, 23, 46.93%, 1, 0, 4, 412.61, 230314, 191, 2, 0
549, 0, 202, 241, 209, 23, 46.93%, 1, 0, 4, 444.98, 232522, 191, 2, 0
554, 0, 202, 242, 210, 23, 46.93%, 1, 0, 4, 416.87, 234609, 191, 2, 0
559, 0, 202, 244, 212, 23, 46.93%, 2, 0, 4, 403.20, 236623, 191, 3, 0
564, 0, 202, 247, 215, 23, 46.93%, 2, 0, 4, 422.87, 238780, 191, 3, 0
569, 0, 202, 248, 216, 23, 46.93%, 2, 0, 4, 413.81, 240875, 191, 3, 0
575, 0, 202, 250, 218, 23, 46.93%, 2, 0, 4, 418.62, 242994, 191, 3, 0
580, 0, 202, 253, 221, 23, 47.17%, 2, 0, 4, 437.99, 245271, 192, 3, 0
585, 0, 202, 253, 221, 23, 47.17%, 2, 0, 4, 412.31, 247391, 192, 3, 0
590, 0, 202, 254, 222, 23, 47.17%, 2, 0, 4, 428.66, 249598, 192, 3, 0
595, 0, 202, 255, 223, 23, 47.17%, 2, 0, 4, 402.35, 251605, 192, 3, 0
600, 0, 202, 255, 223, 23, 47.17%, 2, 0, 4, 417.69, 253733, 192, 3, 0
605, 0, 202, 256, 224, 23, 47.17%, 2, 0, 4, 414.58, 255844, 192, 3, 0
610, 0, 202, 256, 224, 23, 47.17%, 2, 0, 4, 415.65, 257940, 192, 3, 0
615, 0, 202, 256, 224, 23, 47.17%, 2, 0, 4, 440.93, 260228, 192, 3, 0
620, 0, 202, 256, 224, 23, 47.17%, 2, 0, 4, 425.48, 262356, 192, 3, 0
625, 0, 202, 256, 224, 23, 47.17%, 2, 0, 4, 416.66, 264428, 192, 3, 0
631, 0, 202, 256, 224, 23, 47.17%, 2, 0, 4, 408.57, 266444, 192, 4, 0
636, 0, 202, 256, 224, 23, 47.17%, 2, 0, 4, 420.27, 268556, 192, 4, 0
641, 0, 202, 257, 225, 23, 47.17%, 2, 0, 4, 457.43, 270784, 192, 4, 0
646, 0, 202, 257, 225, 23, 47.17%, 2, 0, 4, 415.93, 272787, 192, 4, 0
651, 0, 202, 257, 225, 23, 47.17%, 2, 0, 4, 430.36, 274979, 192, 4, 0
656, 0, 202, 257, 225, 23, 47.17%, 2, 0, 4, 418.49, 277115, 192, 4, 0
661, 0, 202, 259, 227, 23, 47.42%, 2, 0, 4, 413.90, 279177, 193, 4, 0
666, 0, 202, 260, 228, 23, 47.42%, 2, 0, 4, 394.75, 281157, 193, 4, 0
671, 0, 0, 260, 227, 24, 47.42%, 2, 0, 4, 414.31, 283262, 193, 4, 0
676, 0, 63, 267, 233, 24, 47.91%, 2, 0, 4, 391.12, 285227, 195, 4, 0
681, 0, 63, 269, 235, 24, 47.91%, 2, 0, 4, 421.84, 287451, 195, 4, 0
687, 0, 63, 269, 235, 24, 47.91%, 2, 0, 4, 427.62, 289621, 195, 4, 0
692, 0, 63, 269, 235, 24, 47.91%, 2, 0, 4, 418.75, 291749, 195, 4, 0
697, 0, 63, 270, 236, 24, 47.91%, 2, 0, 4, 403.28, 293748, 195, 4, 0
702, 0, 63, 271, 237, 24, 47.91%, 2, 0, 4, 429.60, 295947, 195, 4, 0
707, 0, 63, 272, 238, 24, 47.91%, 2, 0, 4, 448.20, 298219, 195, 4, 0
712, 0, 63, 272, 238, 24, 47.91%, 2, 0, 4, 417.38, 300339, 195, 4, 0
717, 0, 63, 272, 238, 24, 47.91%, 2, 0, 4, 448.84, 302643, 195, 4, 0
722, 0, 63, 273, 239, 24, 47.91%, 2, 0, 4, 418.86, 304802, 195, 4, 0
728, 0, 63, 273, 239, 24, 47.91%, 2, 0, 4, 448.96, 307138, 195, 4, 0
733, 0, 63, 273, 239, 24, 47.91%, 2, 0, 4, 433.57, 309378, 195, 4, 0
738, 0, 63, 273, 239, 24, 47.91%, 2, 0, 4, 429.03, 311594, 195, 4, 0
743, 0, 63, 273, 239, 24, 47.91%, 2, 0, 4, 405.38, 313666, 195, 4, 0
748, 0, 63, 273, 239, 24, 47.91%, 2, 0, 4, 443.90, 316026, 195, 4, 0
753, 0, 63, 273, 239, 24, 47.91%, 2, 0, 4, 411.10, 318146, 195, 4, 0
758, 0, 63, 273, 239, 24, 47.91%, 2, 0, 4, 428.43, 320330, 195, 4, 0
764, 0, 63, 273, 239, 24, 47.91%, 2, 0, 4, 412.00, 322426, 195, 4, 0
769, 0, 257, 274, 238, 22, 47.91%, 2, 0, 5, 402.54, 324432, 195, 4, 0
774, 0, 270, 278, 240, 21, 47.91%, 2, 0, 5, 428.85, 326733, 195, 4, 0
779, 0, 218, 278, 238, 19, 47.91%, 2, 0, 5, 438.05, 328931, 195, 4, 0
784, 0, 90, 278, 235, 16, 47.91%, 2, 0, 5, 424.09, 331068, 195, 4, 0
789, 0, 200, 278, 233, 14, 47.91%, 2, 0, 5, 421.03, 333199, 195, 4, 0
794, 0, 200, 289, 244, 14, 47.91%, 2, 0, 5, 425.00, 335380, 195, 4, 0
799, 0, 200, 294, 249, 14, 47.91%, 2, 0, 5, 419.38, 337495, 195, 4, 0
804, 0, 200, 298, 253, 14, 47.91%, 2, 0, 5, 477.99, 339954, 195, 4, 0
809, 0, 111, 298, 252, 13, 47.91%, 2, 0, 5, 423.32, 342087, 195, 4, 0
814, 0, 111, 298, 252, 13, 47.91%, 2, 0, 5, 414.05, 344167, 195, 4, 0
819, 0, 111, 298, 252, 13, 47.91%, 2, 0, 5, 418.88, 346199, 195, 4, 0
825, 0, 198, 298, 250, 12, 47.91%, 2, 0, 5, 407.97, 348228, 195, 4, 0
830, 0, 295, 299, 249, 10, 47.91%, 2, 0, 5, 420.14, 350415, 195, 4, 0
835, 0, 295, 303, 253, 10, 47.91%, 2, 0, 5, 426.23, 352604, 195, 4, 0
840, 0, 295, 303, 253, 10, 47.91%, 2, 0, 5, 417.49, 354620, 195, 4, 0
845, 0, 295, 303, 253, 10, 47.91%, 2, 0, 5, 425.57, 356788, 195, 4, 0
850, 0, 272, 303, 251, 8, 47.91%, 2, 0, 5, 400.81, 358796, 195, 4, 0
855, 0, 228, 305, 249, 6, 47.91%, 2, 0, 5, 440.83, 361068, 195, 4, 0
860, 0, 298, 305, 247, 4, 47.91%, 2, 0, 5, 391.98, 363051, 195, 4, 0
865, 0, 252, 305, 245, 2, 47.91%, 2, 0, 5, 396.26, 365084, 195, 4, 0
871, 0, 305, 306, 243, 2, 47.91%, 2, 0, 5, 417.36, 367292, 195, 4, 0
876, 0, 234, 306, 241, 0, 47.91%, 2, 0, 5, 404.66, 369306, 195, 4, 0
881, 0, 11, 306, 239, 0, 47.91%, 2, 0, 5, 398.59, 371307, 195, 4, 0
886, 0, 172, 306, 238, 0, 47.91%, 2, 0, 5, 404.77, 373430, 195, 4, 0
891, 0, 144, 306, 236, 0, 47.91%, 2, 0, 5, 410.51, 375587, 195, 4, 0
896, 0, 280, 306, 234, 0, 47.91%, 2, 0, 5, 416.11, 377673, 195, 4, 0
901, 0, 289, 306, 232, 0, 47.91%, 2, 0, 5, 422.43, 379836, 195, 4, 0
904, 0, 130, 307, 230, 0, 47.91%, 2, 0, 5, 422.54, 381276, 195, 4, 0
