# relative_time, cycles_done, cur_item, corpus_count, pending_total, pending_favs, map_size, saved_crashes, saved_hangs, max_depth, execs_per_sec, total_execs, edges_found, total_crashes, servers_count
61, 0, 10, 94, 85, 30, 36.12%, 0, 0, 2, 388.80, 25332, 147, 0, 0
66, 0, 11, 94, 84, 29, 36.12%, 0, 0, 2, 418.64, 27475, 147, 0, 0
71, 0, 19, 109, 92, 22, 43.49%, 0, 0, 3, 400.30, 29565, 177, 0, 0
76, 0, 28, 114, 94, 24, 43.49%, 0, 0, 3, 423.08, 31715, 177, 0, 0
81, 0, 28, 117, 97, 24, 43.49%, 0, 0, 3, 428.36, 33856, 177, 0, 0
86, 0, 28, 119, 99, 24, 43.49%, 0, 0, 3, 429.46, 35975, 177, 0, 0
91, 0, 28, 123, 103, 24, 43.73%, 0, 0, 3, 405.83, 37989, 178, 0, 0
96, 0, 28, 125, 105, 24, 43.73%, 0, 0, 3, 441.74, 40299, 178, 0, 0
101, 0, 28, 125, 105, 24, 43.73%, 0, 0, 3, 437.14, 42587, 178, 0, 0
106, 0, 28, 125, 105, 24, 43.73%, 0, 0, 3, 468.68, 44956, 178, 0, 0
111, 0, 28, 126, 106, 24, 43.73%, 0, 0, 3, 435.32, 47162, 178, 0, 0
116, 0, 28, 127, 107, 24, 43.98%, 0, 0, 3, 429.83, 49449, 179, 0, 0
121, 0, 28, 127, 107, 24, 43.98%, 0, 0, 3, 429.85, 51609, 179, 0, 0
126, 0, 28, 127, 107, 24, 43.98%, 0, 0, 3, 441.21, 53825, 179, 0, 0
132, 0, 28, 127, 107, 24, 43.98%, 0, 0, 3, 432.32, 56121, 179, 0, 0
137, 0, 28, 127, 107, 24, 43.98%, 0, 0, 3, 434.17, 58377, 179, 0, 0
142, 0, 28, 129, 109, 24, 44.96%, 0, 0, 3, 415.18, 60367, 183, 0, 0
147, 0, 28, 129, 109, 24, 44.96%, 0, 0, 3, 419.01, 62551, 183, 0, 0
152, 0, 28, 129, 109, 24, 44.96%, 0, 0, 3, 426.49, 64727, 183, 0, 0
157, 0, 28, 129, 109, 24, 44.96%, 0, 0, 3, 438.93, 66927, 183, 0, 0
162, 0, 28, 129, 109, 24, 44.96%, 0, 0, 3, 427.09, 69039, 183, 0, 0
167, 0, 34, 137, 115, 25, 44.96%, 0, 0, 3, 425.56, 71235, 183, 0, 0
172, 0, 34, 143, 121, 25, 45.21%, 0, 0, 3, 413.87, 73381, 184, 0, 0
178, 0, 34, 143, 121, 25, 45.21%, 0, 0, 3, 432.77, 75590, 184, 0, 0
183, 0, 34, 146, 124, 25, 45.21%, 0, 0, 3, 440.08, 77772, 184, 0, 0
188, 0, 34, 148, 126, 25, 45.21%, 0, 0, 3, 405.27, 79818, 184, 0, 0
193, 0, 34, 148, 126, 25, 45.21%, 0, 0, 3, 414.81, 81899, 184, 0, 0
198, 0, 37, 152, 128, 25, 45.21%, 0, 0, 3, 402.89, 83941, 184, 0, 0
203, 0, 49, 161, 135, 24, 45.21%, 0, 0, 3, 441.82, 86265, 184, 0, 0
208, 0, 49, 163, 137, 24, 45.21%, 0, 0, 3, 418.39, 88407, 184, 0, 0
213, 0, 49, 166, 140, 24, 45.21%, 0, 0, 3, 411.84, 90508, 184, 0, 0
218, 0, 49, 166, 140, 24, 45.21%, 0, 0, 3, 422.54, 92628, 184, 0, 0
223, 0, 49, 166, 140, 24, 45.21%, 0, 0, 3, 436.99, 94812, 184, 0, 0
228, 0, 49, 168, 142, 24, 45.21%, 0, 0, 3, 435.48, 97010, 184, 0, 0
233, 0, 49, 168, 142, 24, 45.21%, 0, 0, 3, 425.10, 99138, 184, 0, 0
238, 0, 49, 170, 144, 24, 45.21%, 0, 0, 3, 429.35, 101360, 184, 0, 0
243, 0, 49, 170, 144, 24, 45.21%, 0, 0, 3, 402.07, 103408, 184, 0, 0
249, 0, 49, 171, 145, 24, 45.21%, 0, 0, 3, 413.32, 105535, 184, 0, 0
254, 0, 49, 171, 145, 24, 45.21%, 0, 0, 3, 414.08, 107535, 184, 0, 0
259, 0, 49, 171, 145, 24, 45.21%, 0, 0, 3, 388.93, 109482, 184, 0, 0
264, 0, 49, 171, 145, 24, 45.21%, 0, 0, 3, 398.30, 111519, 184, 0, 0
269, 0, 49, 171, 145, 24, 45.21%, 0, 0, 3, 376.66, 113374, 184, 0, 0
274, 0, 49, 172, 146, 24, 45.21%, 0, 0, 3, 450.80, 115646, 184, 0, 0
279, 0, 49, 172, 146, 24, 45.21%, 0, 0, 3, 420.44, 117742, 184, 0, 0
284, 0, 49, 172, 146, 24, 45.21%, 0, 0, 3, 424.93, 119934, 184, 0, 0
289, 0, 49, 173, 147, 24, 45.21%, 0, 0, 3, 430.73, 122053, 184, 0, 0
294, 0, 49, 173, 147, 24, 45.21%, 0, 0, 3, 400.47, 124084, 184, 0, 0
299, 0, 49, 173, 147, 24, 45.21%, 0, 0, 3, 408.49, 126133, 184, 0, 0
304, 0, 49, 173, 147, 24, 45.21%, 0, 0, 3, 421.66, 128253, 184, 0, 0
309, 0, 49, 173, 147, 24, 45.21%, 0, 0, 3, 446.09, 130509, 184, 0, 0
315, 0, 49, 173, 147, 24, 45.21%, 0, 0, 3, 444.80, 132845, 184, 0, 0
320, 0, 49, 173, 147, 24, 45.21%, 0, 0, 3, 442.27, 135101, 184, 0, 0
325, 0, 71, 174, 143, 20, 45.21%, 0, 0, 3, 416.96, 137206, 184, 0, 0
330, 0, 72, 180, 148, 19, 45.95%, 1, 0, 3, 407.74, 139286, 187, 1, 0
335, 0, 73, 184, 151, 21, 45.95%, 1, 0, 3, 410.55, 141363, 187, 1, 0
340, 0, 73, 186, 153, 21, 45.95%, 1, 0, 3, 416.62, 143457, 187, 1, 0
345, 0, 73, 188, 155, 21, 45.95%, 1, 0, 3, 414.02, 145463, 187, 1, 0
350, 0, 73, 189, 156, 21, 45.95%, 1, 0, 3, 415.55, 147574, 187, 1, 0
355, 0, 98, 189, 150, 15, 45.95%, 1, 0, 3, 393.80, 149560, 187, 1, 0
361, 0, 99, 194, 154, 14, 45.95%, 1, 0, 4, 431.69, 151774, 187, 1, 0
366, 0, 99, 199, 159, 14, 45.95%, 1, 0, 4, 415.62, 153857, 187, 1, 0
371, 0, 99, 199, 159, 14, 45.95%, 1, 0, 4, 423.54, 155953, 187, 1, 0
376, 0, 134, 201, 157, 11, 45.95%, 1, 0, 4, 424.10, 158104, 187, 1, 0
381, 0, 163, 204, 156, 7, 45.95%, 1, 0, 4, 412.82, 160179, 187, 1, 0
386, 0, 163, 206, 158, 7, 45.95%, 1, 0, 4, 425.32, 162361, 187, 1, 0
391, 0, 163, 207, 159, 7, 45.95%, 1, 0, 4, 409.83, 164440, 187, 1, 0
396, 0, 163, 207, 159, 7, 45.95%, 1, 0, 4, 381.31, 166361, 187, 1, 0
401, 0, 172, 217, 168, 7, 46.68%, 1, 0, 4, 424.08, 168530, 190, 1, 0
406, 0, 172, 219, 170, 7, 46.68%, 1, 0, 4, 433.21, 170832, 190, 1, 0
411, 0, 172, 222, 173, 7, 46.68%, 1, 0, 4, 423.18, 172949, 190, 1, 0
416, 0, 172, 224, 175, 7, 46.68%, 1, 0, 4, 458.86, 175334, 190, 1, 0
422, 0, 172, 225, 176, 7, 46.68%, 1, 0, 4, 445.82, 177562, 190, 1, 0
427, 0, 172, 225, 176, 7, 46.68%, 1, 0, 4, 434.74, 179738, 190, 1, 0
432, 0, 179, 228, 176, 6, 46.68%, 1, 0, 4, 433.96, 181971, 190, 2, 0
437, 0, 179, 229, 177, 6, 46.68%, 1, 0, 4, 415.56, 184082, 190, 2, 0
442, 0, 179, 230, 178, 6, 46.68%, 1, 0, 4, 430.26, 186257, 190, 2, 0
447, 0, 194, 232, 179, 5, 46.68%, 1, 0, 5, 438.71, 188527, 190, 2, 0
452, 0, 194, 234, 181, 5, 46.93%, 1, 0, 5, 446.94, 190805, 191, 2, 0
457, 0, 204, 234, 180, 5, 46.93%, 1, 0, 5, 425.90, 192989, 191, 2, 0
462, 0, 216, 239, 183, 3, 46.93%, 1, 0, 5, 434.99, 195155, 191, 2, 0
467, 0, 224, 239, 182, 4, 46.93%, 1, 0, 5, 437.11, 197333, 191, 2, 0
472, 0, 224, 244, 187, 4, 46.93%, 1, 0, 5, 432.59, 199500, 191, 2, 0
478, 0, 224, 245, 188, 4, 46.93%, 1, 0, 5, 424.71, 201643, 191, 2, 0
483, 0, 224, 245, 188, 4, 46.93%, 1, 0, 5, 427.37, 203763, 191, 2, 0
488, 0, 224, 245, 188, 4, 46.93%, 1, 0, 5, 424.95, 205867, 191, 2, 0
493, 0, 232, 246, 188, 4, 47.17%, 1, 0, 5, 411.30, 207982, 192, 2, 0
498, 0, 232, 248, 190, 4, 47.42%, 1, 0, 6, 428.99, 210229, 193, 2, 0
503, 0, 246, 251, 189, 2, 47.67%, 1, 0, 7, 407.29, 212241, 194, 2, 0
508, 0, 248, 251, 187, 2, 47.67%, 1, 0, 7, 415.15, 214352, 194, 2, 0
513, 1, 74, 251, 180, 0, 47.67%, 1, 0, 7, 428.14, 216598, 194, 2, 0
518, 1, 134, 252, 171, 0, 47.67%, 1, 0, 7, 399.14, 218616, 194, 2, 0
523, 1, 188, 253, 163, 0, 47.67%, 1, 0, 7, 398.83, 220655, 194, 2, 0
528, 1, 214, 253, 156, 0, 47.67%, 1, 0, 7, 434.30, 222917, 194, 2, 0
533, 1, 233, 273, 171, 0, 47.67%, 1, 0, 7, 429.96, 225133, 194, 2, 0
539, 1, 233, 281, 179, 0, 47.67%, 1, 0, 7, 418.42, 227285, 194, 2, 0
544, 1, 233, 287, 185, 0, 47.67%, 1, 0, 7, 401.82, 229263, 194, 2, 0
549, 1, 233, 287, 185, 0, 47.67%, 1, 0, 7, 425.62, 231495, 194, 2, 0
554, 1, 233, 289, 187, 0, 47.67%, 1, 0, 7, 427.54, 233653, 194, 2, 0
559, 1, 284, 297, 193, 1, 47.67%, 1, 0, 7, 410.52, 235701, 194, 2, 0
564, 1, 284, 297, 193, 1, 47.67%, 1, 0, 7, 397.88, 237660, 194, 2, 0
569, 1, 284, 297, 193, 1, 47.67%, 1, 0, 7, 434.20, 239917, 194, 2, 0
574, 1, 284, 298, 194, 1, 47.67%, 1, 0, 7, 427.00, 242036, 194, 2, 0
579, 1, 284, 298, 194, 1, 47.67%, 1, 0, 7, 405.08, 244124, 194, 2, 0
584, 1, 284, 298, 194, 1, 47.67%, 1, 0, 7, 378.59, 245997, 194, 2, 0
589, 1, 295, 298, 193, 1, 47.67%, 1, 0, 7, 385.95, 248003, 194, 2, 0
594, 2, 89, 430, 324, 18, 58.72%, 1, 0, 7, 403.63, 250087, 239, 2, 0
600, 2, 334, 430, 318, 14, 58.72%, 1, 0, 7, 415.71, 252219, 239, 2, 0
605, 2, 364, 431, 315, 11, 58.72%, 1, 0, 7, 353.15, 253978, 239, 2, 0
606, 2, 382, 431, 313, 10, 58.72%, 1, 0, 7, 356.43, 254512, 239, 2, 0
