# relative_time, cycles_done, cur_item, corpus_count, pending_total, pending_favs, map_size, saved_crashes, saved_hangs, max_depth, execs_per_sec, total_execs, edges_found, total_crashes, servers_count
61, 0, 9, 100, 95, 4, 30.96%, 0, 0, 2, 390.06, 25131, 126, 0, 0
66, 0, 9, 102, 97, 4, 30.96%, 0, 0, 2, 415.37, 27305, 126, 0, 0
71, 0, 9, 104, 99, 4, 30.96%, 0, 0, 2, 425.17, 29423, 126, 0, 0
76, 0, 9, 104, 99, 4, 30.96%, 0, 0, 2, 412.32, 31519, 126, 0, 0
81, 0, 9, 105, 100, 4, 30.96%, 0, 0, 2, 430.25, 33695, 126, 0, 0
86, 0, 9, 106, 101, 4, 30.96%, 0, 0, 2, 434.37, 35863, 126, 0, 0
91, 0, 9, 108, 103, 4, 31.94%, 0, 0, 2, 400.55, 37925, 130, 0, 0
96, 0, 9, 109, 104, 4, 31.94%, 0, 0, 2, 447.45, 40172, 130, 0, 0
101, 0, 9, 110, 105, 4, 31.94%, 0, 0, 2, 439.20, 42324, 130, 0, 0
106, 0, 9, 110, 105, 4, 31.94%, 0, 0, 2, 454.91, 44556, 130, 0, 0
112, 0, 9, 112, 107, 4, 31.94%, 0, 0, 2, 458.42, 46898, 130, 0, 0
117, 0, 9, 112, 107, 4, 31.94%, 0, 0, 2, 433.01, 49027, 130, 0, 0
122, 0, 9, 113, 108, 4, 31.94%, 0, 0, 2, 387.55, 50959, 130, 0, 0
127, 0, 9, 114, 109, 4, 31.94%, 0, 0, 2, 418.26, 53065, 130, 0, 0
132, 0, 57, 133, 127, 26, 35.38%, 0, 0, 3, 431.60, 55291, 144, 0, 0
137, 0, 132, 141, 134, 24, 35.38%, 0, 0, 4, 427.19, 57446, 144, 0, 0
142, 0, 132, 144, 137, 24, 35.38%, 0, 0, 4, 396.45, 59388, 144, 0, 0
147, 0, 132, 144, 137, 24, 35.38%, 0, 0, 4, 420.80, 61547, 144, 0, 0
152, 0, 132, 144, 137, 24, 35.38%, 0, 0, 4, 443.13, 63803, 144, 0, 0
157, 0, 132, 145, 138, 24, 36.12%, 0, 0, 4, 428.20, 65986, 147, 0, 0
162, 0, 132, 145, 138, 24, 36.12%, 0, 0, 4, 426.00, 68218, 147, 0, 0
167, 0, 132, 146, 139, 24, 36.12%, 0, 0, 4, 407.03, 70241, 147, 0, 0
173, 0, 132, 146, 139, 24, 36.12%, 0, 0, 4, 434.46, 72513, 147, 0, 0
178, 0, 132, 146, 139, 24, 36.12%, 0, 0, 4, 490.32, 74938, 147, 0, 0
183, 0, 132, 146, 139, 24, 36.12%, 0, 0, 4, 452.16, 77249, 147, 0, 0
188, 0, 132, 147, 140, 24, 36.12%, 0, 0, 4, 446.27, 79536, 147, 0, 0
193, 0, 132, 147, 140, 24, 36.12%, 0, 0, 4, 532.91, 82010, 147, 0, 0
198, 0, 132, 147, 140, 24, 36.12%, 0, 0, 4, 470.91, 84341, 147, 0, 0
203, 0, 132, 147, 140, 24, 36.12%, 0, 0, 4, 444.96, 86600, 147, 0, 0
208, 0, 132, 147, 140, 24, 36.12%, 0, 0, 4, 426.03, 88720, 147, 0, 0
213, 0, 132, 148, 141, 24, 36.12%, 0, 0, 4, 421.46, 90903, 147, 0, 0
218, 0, 132, 148, 141, 24, 36.12%, 0, 0, 4, 425.93, 93039, 147, 0, 0
223, 0, 132, 149, 142, 24, 36.12%, 0, 0, 4, 441.98, 95342, 147, 0, 0
229, 0, 132, 150, 143, 24, 36.12%, 0, 0, 4, 459.93, 97646, 147, 0, 0
234, 0, 132, 150, 143, 24, 36.12%, 0, 0, 4, 460.25, 99959, 147, 0, 0
239, 0, 132, 151, 144, 24, 36.12%, 0, 0, 4, 435.21, 102100, 147, 0, 0
244, 0, 132, 151, 144, 24, 36.12%, 0, 0, 4, 445.21, 104364, 147, 0, 0
249, 0, 132, 151, 144, 24, 36.12%, 0, 0, 4, 419.68, 106524, 147, 0, 0
254, 0, 14, 153, 140, 21, 36.61%, 0, 0, 4, 426.87, 108692, 149, 0, 0
259, 0, 144, 154, 137, 17, 36.61%, 0, 0, 5, 407.08, 110756, 149, 0, 0
264, 0, 144, 162, 145, 17, 36.86%, 0, 0, 5, 445.16, 112954, 150, 0, 0
269, 0, 144, 166, 149, 17, 36.86%, 0, 0, 5, 423.57, 115062, 150, 0, 0
274, 0, 144, 169, 152, 17, 37.10%, 0, 0, 5, 487.62, 117498, 151, 0, 0
279, 0, 144, 169, 152, 17, 37.10%, 0, 0, 5, 487.54, 119928, 151, 0, 0
284, 0, 144, 170, 153, 17, 37.10%, 0, 0, 5, 445.56, 122106, 151, 0, 0
289, 0, 144, 170, 153, 17, 37.10%, 0, 0, 5, 419.22, 124234, 151, 0, 0
294, 0, 144, 172, 155, 17, 37.10%, 0, 0, 5, 421.86, 126384, 151, 0, 0
299, 0, 144, 172, 155, 17, 37.10%, 0, 0, 5, 425.31, 128544, 151, 0, 0
305, 0, 144, 172, 155, 17, 37.10%, 0, 0, 5, 424.29, 130680, 151, 0, 0
310, 0, 144, 173, 156, 17, 37.10%, 0, 0, 5, 438.65, 132895, 151, 0, 0
315, 0, 144, 175, 158, 17, 37.10%, 0, 0, 5, 421.49, 135045, 151, 0, 0
320, 0, 144, 175, 158, 17, 37.10%, 0, 0, 5, 416.92, 137261, 151, 0, 0
325, 0, 144, 175, 158, 17, 37.10%, 0, 0, 5, 421.84, 139405, 151, 0, 0
330, 0, 144, 175, 158, 17, 37.10%, 0, 0, 5, 460.79, 141723, 151, 0, 0
335, 0, 144, 175, 158, 17, 37.10%, 0, 0, 5, 437.85, 143925, 151, 0, 0
340, 0, 144, 175, 158, 17, 37.10%, 0, 0, 5, 418.28, 146005, 151, 0, 0
345, 0, 144, 175, 158, 17, 37.10%, 0, 0, 5, 437.21, 148213, 151, 0, 0
350, 0, 144, 177, 160, 17, 37.35%, 0, 0, 5, 444.44, 150379, 152, 0, 0
355, 0, 144, 177, 160, 17, 37.35%, 0, 0, 5, 437.84, 152603, 152, 0, 0
360, 0, 144, 177, 160, 17, 37.35%, 0, 0, 5, 424.97, 154707, 152, 0, 0
365, 0, 144, 177, 160, 17, 37.35%, 0, 0, 5, 430.24, 156875, 152, 0, 0
371, 0, 144, 177, 160, 17, 37.35%, 0, 0, 5, 421.65, 158987, 152, 0, 0
376, 0, 144, 178, 161, 17, 37.35%, 0, 0, 5, 423.05, 161098, 152, 0, 0
381, 0, 3, 178, 160, 20, 37.35%, 0, 0, 5, 447.89, 163387, 152, 0, 0
386, 0, 119, 179, 158, 17, 37.35%, 0, 0, 6, 440.54, 165592, 152, 0, 0
391, 0, 119, 189, 168, 17, 38.08%, 1, 0, 6, 437.35, 167772, 155, 1, 0
396, 0, 119, 193, 172, 17, 38.08%, 1, 0, 6, 412.27, 169808, 155, 1, 0
401, 0, 119, 194, 173, 17, 38.08%, 1, 0, 6, 420.97, 171959, 155, 1, 0
406, 0, 119, 194, 173, 17, 38.08%, 1, 0, 6, 413.85, 173951, 155, 1, 0
411, 0, 119, 197, 176, 17, 38.82%, 1, 0, 6, 439.50, 176212, 158, 1, 0
416, 0, 119, 199, 178, 17, 39.07%, 1, 0, 6, 449.86, 178553, 159, 1, 0
421, 0, 119, 200, 179, 17, 39.07%, 1, 0, 6, 438.25, 180713, 159, 1, 0
426, 0, 119, 201, 180, 17, 39.07%, 1, 0, 6, 421.28, 182792, 159, 1, 0
432, 0, 119, 201, 180, 17, 39.07%, 1, 0, 6, 425.76, 184896, 159, 1, 0
437, 0, 119, 202, 181, 17, 39.07%, 1, 0, 6, 444.34, 187135, 159, 1, 0
442, 0, 119, 202, 181, 17, 39.07%, 1, 0, 6, 409.18, 189159, 159, 1, 0
447, 0, 119, 202, 181, 17, 39.07%, 1, 0, 6, 414.72, 191271, 159, 1, 0
452, 0, 119, 202, 181, 17, 39.07%, 1, 0, 6, 447.92, 193532, 159, 1, 0
457, 0, 119, 202, 181, 17, 39.07%, 1, 0, 6, 434.98, 195759, 159, 1, 0
462, 0, 119, 202, 181, 17, 39.07%, 1, 0, 6, 411.31, 197823, 159, 1, 0
467, 0, 119, 202, 181, 17, 39.07%, 1, 0, 6, 376.33, 199783, 159, 1, 0
472, 0, 119, 202, 181, 17, 39.07%, 1, 0, 6, 409.46, 201831, 159, 1, 0
477, 0, 119, 204, 183, 17, 39.07%, 1, 0, 6, 405.99, 203871, 159, 1, 0
482, 0, 182, 205, 183, 21, 39.07%, 1, 0, 6, 423.43, 206020, 159, 1, 0
487, 0, 182, 215, 193, 21, 39.07%, 1, 0, 6, 434.63, 208226, 159, 1, 0
493, 0, 182, 217, 195, 21, 39.07%, 1, 0, 6, 450.59, 210568, 159, 1, 0
498, 0, 182, 221, 199, 21, 39.31%, 1, 0, 6, 410.59, 212668, 160, 1, 0
503, 0, 182, 221, 199, 21, 39.31%, 1, 0, 6, 420.27, 214812, 160, 1, 0
508, 0, 182, 223, 201, 21, 39.31%, 1, 0, 6, 417.05, 216914, 160, 2, 0
513, 0, 182, 223, 201, 21, 39.31%, 1, 0, 6, 432.67, 219098, 160, 2, 0
518, 0, 116, 225, 201, 20, 39.56%, 1, 0, 6, 433.52, 221285, 161, 2, 0
523, 0, 161, 227, 200, 18, 39.56%, 1, 0, 6, 439.50, 223480, 161, 2, 0
528, 0, 161, 228, 201, 18, 39.56%, 1, 0, 6, 413.46, 225591, 161, 2, 0
533, 0, 161, 228, 201, 18, 39.56%, 1, 0, 6, 407.59, 227623, 161, 2, 0
538, 0, 0, 229, 199, 16, 39.56%, 1, 0, 7, 449.87, 229962, 161, 2, 0
543, 0, 196, 230, 199, 16, 40.05%, 1, 0, 7, 413.47, 232067, 163, 2, 0
549, 0, 149, 231, 196, 13, 40.05%, 1, 0, 7, 423.16, 234238, 163, 2, 0
554, 0, 217, 232, 194, 10, 40.05%, 1, 0, 7, 420.22, 236323, 163, 2, 0
559, 0, 127, 232, 193, 9, 40.05%, 1, 0, 7, 397.90, 238344, 163, 2, 0
564, 0, 127, 232, 193, 9, 40.05%, 1, 0, 7, 382.94, 240317, 163, 2, 0
569, 0, 127, 232, 193, 9, 40.05%, 1, 0, 7, 372.16, 242186, 163, 2, 0
574, 0, 127, 232, 193, 9, 40.05%, 1, 0, 7, 375.36, 244090, 163, 2, 0
579, 0, 175, 232, 190, 6, 40.05%, 1, 0, 7, 427.05, 246313, 163, 2, 0
584, 0, 122, 233, 188, 4, 40.05%, 1, 0, 7, 428.12, 248421, 163, 2, 0
589, 0, 179, 233, 185, 2, 40.05%, 1, 0, 7, 409.17, 250508, 163, 2, 0
594, 0, 113, 234, 182, 1, 40.05%, 1, 0, 7, 428.32, 252781, 163, 2, 0
599, 0, 220, 234, 177, 1, 40.05%, 1, 0, 7, 443.27, 255021, 163, 2, 0
605, 0, 220, 241, 184, 1, 40.05%, 1, 0, 7, 410.87, 257097, 163, 2, 0
610, 0, 220, 241, 184, 1, 40.05%, 1, 0, 7, 410.17, 259161, 163, 2, 0
615, 0, 220, 242, 185, 1, 40.05%, 1, 0, 7, 407.15, 261256, 163, 2, 0
620, 0, 220, 242, 185, 1, 40.05%, 1, 0, 7, 398.97, 263320, 163, 2, 0
625, 0, 220, 242, 185, 1, 40.05%, 1, 0, 7, 400.43, 265398, 163, 2, 0
630, 0, 220, 244, 187, 1, 40.05%, 1, 0, 7, 398.69, 267470, 163, 2, 0
635, 0, 184, 244, 186, 1, 40.05%, 1, 0, 7, 428.50, 269663, 163, 2, 0
640, 0, 130, 244, 182, 0, 40.05%, 1, 0, 7, 416.96, 271756, 163, 2, 0
645, 0, 197, 245, 181, 0, 40.05%, 1, 0, 7, 428.28, 273902, 163, 2, 0
650, 0, 186, 248, 181, 0, 40.05%, 1, 0, 7, 447.39, 276248, 163, 2, 0
656, 0, 186, 250, 183, 0, 40.05%, 2, 0, 7, 448.79, 278518, 163, 3, 0
661, 0, 186, 250, 183, 0, 40.05%, 2, 0, 7, 420.37, 280526, 163, 3, 0
666, 0, 189, 250, 182, 0, 40.05%, 2, 0, 7, 386.18, 282466, 163, 3, 0
671, 0, 181, 250, 178, 0, 40.05%, 2, 0, 7, 428.01, 284714, 163, 3, 0
676, 0, 111, 250, 174, 0, 40.05%, 2, 0, 7, 448.02, 287166, 163, 3, 0
681, 0, 126, 250, 170, 0, 40.05%, 2, 0, 7, 430.71, 289348, 163, 3, 0
686, 0, 85, 250, 168, 0, 40.05%, 2, 0, 7, 409.78, 291377, 163, 3, 0
691, 0, 23, 251, 167, 0, 40.05%, 2, 0, 7, 409.82, 293476, 163, 3, 0
696, 0, 39, 251, 165, 0, 40.05%, 2, 0, 7, 440.71, 295754, 163, 3, 0
701, 0, 204, 251, 162, 0, 40.05%, 2, 0, 7, 428.18, 298024, 163, 3, 0
707, 0, 155, 251, 160, 0, 40.05%, 2, 0, 7, 419.39, 300133, 163, 3, 0
712, 0, 244, 251, 159, 0, 40.05%, 2, 0, 7, 445.71, 302424, 163, 3, 0
717, 0, 224, 251, 155, 0, 40.05%, 2, 0, 7, 426.44, 304520, 163, 3, 0
722, 0, 22, 251, 153, 0, 40.05%, 2, 0, 7, 424.05, 306703, 163, 3, 0
727, 0, 184, 251, 150, 0, 40.05%, 2, 0, 7, 431.77, 308998, 163, 3, 0
732, 0, 184, 251, 147, 0, 40.05%, 2, 0, 7, 420.87, 311123, 163, 3, 0
737, 0, 188, 251, 143, 0, 40.05%, 2, 0, 7, 429.36, 313225, 163, 3, 0
742, 0, 18, 251, 140, 0, 40.05%, 2, 0, 7, 423.73, 315386, 163, 3, 0
747, 0, 175, 251, 138, 0, 40.05%, 2, 0, 7, 422.39, 317486, 163, 3, 0
752, 0, 215, 251, 138, 0, 40.05%, 2, 0, 7, 404.43, 319481, 163, 3, 0
757, 0, 232, 253, 138, 0, 40.29%, 2, 0, 7, 417.04, 321653, 164, 3, 0
762, 0, 214, 253, 136, 0, 40.29%, 2, 0, 7, 409.57, 323714, 164, 3, 0
768, 0, 168, 254, 135, 0, 40.29%, 2, 0, 7, 400.41, 325766, 164, 3, 0
773, 0, 102, 254, 132, 0, 40.29%, 2, 0, 7, 405.53, 327804, 164, 3, 0
778, 1, 213, 254, 129, 0, 40.29%, 2, 0, 7, 421.82, 330002, 164, 3, 0
783, 1, 183, 255, 128, 0, 40.29%, 2, 0, 7, 427.74, 332176, 164, 3, 0
788, 1, 256, 258, 130, 0, 40.29%, 2, 0, 7, 433.24, 334303, 164, 3, 0
793, 1, 106, 258, 124, 0, 40.29%, 2, 0, 7, 423.17, 336511, 164, 3, 0
798, 1, 240, 258, 119, 0, 40.29%, 2, 0, 7, 416.01, 338631, 164, 3, 0
803, 1, 195, 259, 118, 0, 40.29%, 2, 0, 7, 426.46, 340962, 164, 3, 0
808, 1, 260, 261, 117, 1, 40.54%, 2, 0, 7, 410.84, 343019, 165, 3, 0
813, 1, 196, 261, 113, 0, 40.54%, 2, 0, 7, 428.54, 345192, 165, 3, 0
818, 1, 261, 263, 111, 1, 40.79%, 2, 0, 7, 434.22, 347402, 166, 3, 0
824, 1, 241, 265, 111, 1, 41.28%, 2, 0, 7, 395.69, 349345, 168, 3, 0
829, 1, 232, 265, 108, 0, 41.28%, 2, 0, 7, 402.74, 351422, 168, 3, 0
834, 1, 238, 265, 104, 0, 41.28%, 2, 0, 7, 420.43, 353533, 168, 3, 0
839, 1, 264, 265, 102, 0, 41.28%, 2, 0, 7, 425.12, 355715, 168, 3, 0
844, 1, 192, 265, 97, 0, 41.28%, 2, 0, 7, 395.29, 357668, 168, 3, 0
849, 1, 254, 265, 93, 0, 41.28%, 2, 0, 7, 394.98, 359699, 168, 3, 0
854, 1, 149, 266, 91, 0, 41.28%, 2, 0, 7, 396.21, 361709, 168, 3, 0
859, 1, 250, 266, 89, 0, 41.28%, 2, 0, 7, 385.14, 363648, 168, 3, 0
864, 1, 61, 266, 85, 0, 41.28%, 2, 0, 7, 434.42, 365819, 168, 3, 0
869, 1, 246, 266, 81, 0, 41.28%, 2, 0, 7, 439.52, 367979, 168, 3, 0
874, 1, 198, 266, 77, 0, 41.28%, 2, 0, 7, 388.88, 369947, 168, 3, 0
879, 1, 198, 267, 75, 0, 41.28%, 2, 0, 7, 398.16, 372081, 168, 3, 0
884, 1, 62, 267, 71, 0, 41.28%, 2, 0, 7, 406.20, 374159, 168, 3, 0
889, 1, 104, 267, 68, 0, 41.28%, 2, 0, 7, 442.60, 376470, 168, 3, 0
894, 1, 149, 268, 68, 0, 41.28%, 2, 0, 7, 413.91, 378504, 168, 3, 0
899, 1, 266, 268, 67, 0, 41.28%, 2, 0, 7, 411.55, 380610, 168, 3, 0
902, 1, 141, 268, 65, 0, 41.28%, 2, 0, 7, 398.37, 381775, 168, 3, 0
