# relative_time, cycles_done, cur_item, corpus_count, pending_total, pending_favs, map_size, saved_crashes, saved_hangs, max_depth, execs_per_sec, total_execs, edges_found, total_crashes, servers_count
61, 0, 9, 88, 83, 2, 30.96%, 0, 0, 2, 470.83, 28467, 126, 0, 0
66, 0, 9, 88, 83, 2, 30.96%, 0, 0, 2, 466.70, 30898, 126, 0, 0
71, 0, 9, 89, 84, 2, 30.96%, 0, 0, 2, 466.14, 33299, 126, 0, 0
76, 0, 9, 90, 85, 2, 30.96%, 0, 0, 2, 466.85, 35637, 126, 0, 0
81, 0, 9, 91, 86, 2, 30.96%, 0, 0, 2, 444.73, 37879, 126, 0, 0
86, 0, 9, 93, 88, 2, 30.96%, 0, 0, 2, 434.99, 40117, 126, 0, 0
91, 0, 9, 96, 91, 2, 30.96%, 0, 0, 2, 451.60, 42420, 126, 0, 0
96, 0, 9, 97, 92, 2, 30.96%, 0, 0, 2, 480.11, 44875, 126, 0, 0
101, 0, 9, 98, 93, 2, 30.96%, 0, 0, 2, 458.23, 47177, 126, 0, 0
106, 0, 9, 100, 95, 2, 30.96%, 0, 0, 2, 449.09, 49423, 126, 0, 0
111, 0, 9, 101, 96, 2, 30.96%, 0, 0, 2, 465.50, 51743, 126, 0, 0
116, 0, 9, 102, 97, 2, 30.96%, 0, 0, 2, 426.61, 53893, 126, 0, 0
121, 0, 86, 125, 116, 28, 35.38%, 0, 0, 3, 442.70, 56215, 144, 0, 0
126, 0, 86, 127, 118, 28, 35.38%, 0, 0, 3, 447.97, 58489, 144, 0, 0
132, 0, 86, 130, 121, 28, 35.38%, 0, 0, 3, 454.31, 60852, 144, 0, 0
137, 0, 86, 131, 122, 28, 35.38%, 0, 0, 3, 427.96, 62990, 144, 0, 0
142, 0, 86, 131, 122, 28, 35.38%, 0, 0, 3, 429.83, 65158, 144, 0, 0
147, 0, 86, 131, 122, 28, 35.38%, 0, 0, 3, 456.97, 67430, 144, 0, 0
152, 0, 86, 131, 122, 28, 35.38%, 0, 0, 3, 450.94, 69711, 144, 0, 0
157, 0, 86, 131, 122, 28, 35.38%, 0, 0, 3, 467.55, 72110, 144, 0, 0
162, 0, 86, 131, 122, 28, 35.38%, 0, 0, 3, 452.97, 74342, 144, 0, 0
167, 0, 86, 131, 122, 28, 35.38%, 0, 0, 3, 464.41, 76691, 144, 0, 0
172, 0, 86, 131, 122, 28, 35.38%, 0, 0, 3, 462.47, 79049, 144, 0, 0
177, 0, 86, 131, 122, 28, 35.38%, 0, 0, 3, 476.23, 81407, 144, 0, 0
182, 0, 86, 131, 122, 28, 35.38%, 0, 0, 3, 470.61, 83747, 144, 0, 0
187, 0, 86, 131, 122, 28, 35.38%, 0, 0, 3, 458.79, 86123, 144, 0, 0
192, 0, 86, 131, 122, 28, 35.38%, 0, 0, 3, 433.68, 88279, 144, 0, 0
197, 0, 86, 131, 122, 28, 35.38%, 0, 0, 3, 443.93, 90487, 144, 0, 0
202, 0, 86, 132, 123, 28, 35.38%, 0, 0, 3, 451.62, 92798, 144, 0, 0
207, 0, 103, 132, 118, 20, 35.38%, 0, 0, 3, 471.69, 95126, 144, 0, 0
212, 0, 106, 136, 120, 19, 36.36%, 0, 0, 3, 485.87, 97624, 148, 0, 0
217, 0, 26, 139, 121, 20, 36.36%, 1, 0, 3, 457.71, 99896, 148, 1, 0
222, 0, 28, 140, 117, 14, 36.36%, 1, 0, 3, 456.21, 102262, 148, 1, 0
227, 0, 138, 140, 115, 12, 36.36%, 1, 0, 3, 477.99, 104670, 148, 1, 0
232, 0, 138, 150, 125, 12, 36.36%, 1, 0, 3, 435.01, 106851, 148, 1, 0
238, 0, 138, 151, 126, 12, 36.86%, 1, 0, 3, 459.94, 109229, 150, 1, 0
243, 0, 138, 154, 129, 12, 36.86%, 1, 0, 3, 444.66, 111439, 150, 1, 0
248, 0, 138, 154, 129, 12, 36.86%, 1, 0, 3, 467.33, 113831, 150, 1, 0
253, 0, 138, 155, 130, 12, 36.86%, 1, 0, 3, 453.00, 116187, 150, 1, 0
258, 0, 138, 156, 131, 12, 37.10%, 1, 0, 3, 453.95, 118534, 151, 1, 0
263, 0, 138, 157, 132, 12, 38.82%, 1, 0, 3, 461.11, 120854, 158, 1, 0
268, 0, 138, 159, 134, 12, 38.82%, 1, 0, 3, 443.88, 123082, 158, 1, 0
273, 0, 138, 160, 135, 12, 38.82%, 1, 0, 3, 467.70, 125465, 158, 1, 0
278, 0, 138, 160, 135, 12, 38.82%, 1, 0, 3, 462.05, 127859, 158, 1, 0
283, 0, 138, 160, 135, 12, 38.82%, 1, 0, 3, 449.35, 130049, 158, 1, 0
288, 0, 138, 162, 137, 12, 38.82%, 1, 0, 3, 454.66, 132355, 158, 1, 0
294, 0, 138, 163, 138, 12, 38.82%, 1, 0, 3, 443.12, 134662, 158, 1, 0
299, 0, 138, 163, 138, 12, 38.82%, 1, 0, 3, 463.01, 137015, 158, 1, 0
304, 0, 138, 165, 140, 12, 38.82%, 1, 0, 3, 429.03, 139156, 158, 1, 0
309, 0, 138, 165, 140, 12, 38.82%, 1, 0, 3, 456.47, 141511, 158, 1, 0
314, 0, 155, 165, 139, 13, 38.82%, 1, 0, 3, 453.97, 143767, 158, 1, 0
319, 0, 156, 172, 145, 12, 38.82%, 1, 0, 4, 466.95, 146134, 158, 1, 0
324, 0, 174, 175, 146, 13, 38.82%, 1, 0, 5, 430.67, 148270, 158, 1, 0
329, 0, 145, 175, 142, 9, 38.82%, 1, 0, 5, 458.06, 150589, 158, 1, 0
334, 0, 110, 175, 138, 7, 38.82%, 1, 0, 5, 463.74, 152929, 158, 1, 0
339, 0, 111, 175, 136, 5, 38.82%, 1, 0, 5, 453.03, 155221, 158, 1, 0
344, 0, 111, 176, 137, 5, 38.82%, 1, 0, 5, 452.92, 157552, 158, 1, 0
349, 0, 32, 176, 136, 4, 38.82%, 1, 0, 5, 408.17, 159564, 158, 1, 0
354, 0, 150, 177, 133, 1, 38.82%, 1, 0, 5, 460.64, 161938, 158, 1, 0
359, 0, 88, 178, 129, 0, 38.82%, 1, 0, 5, 451.60, 164162, 158, 1, 0
365, 0, 170, 182, 131, 0, 38.82%, 1, 0, 5, 466.27, 166587, 158, 1, 0
370, 0, 170, 183, 132, 0, 38.82%, 1, 0, 5, 442.12, 168832, 158, 1, 0
375, 0, 170, 184, 133, 0, 38.82%, 1, 0, 5, 455.54, 171164, 158, 1, 0
380, 0, 177, 188, 137, 0, 38.82%, 1, 0, 5, 469.81, 173564, 158, 1, 0
385, 0, 189, 190, 138, 1, 39.07%, 1, 0, 5, 434.99, 175754, 159, 1, 0
390, 0, 190, 199, 146, 1, 39.07%, 1, 0, 6, 439.29, 177940, 159, 1, 0
395, 0, 190, 201, 148, 1, 39.07%, 1, 0, 6, 473.06, 180397, 159, 1, 0
400, 0, 190, 201, 148, 1, 39.07%, 1, 0, 6, 452.63, 182629, 159, 1, 0
405, 0, 190, 201, 148, 1, 39.07%, 1, 0, 6, 443.11, 184890, 159, 1, 0
410, 0, 190, 201, 148, 1, 39.07%, 1, 0, 6, 457.28, 187183, 159, 1, 0
415, 0, 57, 201, 146, 0, 39.07%, 1, 0, 6, 463.55, 189563, 159, 1, 0
420, 0, 22, 201, 144, 0, 39.07%, 1, 0, 6, 473.54, 192041, 159, 1, 0
425, 0, 166, 202, 141, 0, 39.07%, 1, 0, 6, 455.84, 194362, 159, 1, 0
430, 0, 52, 202, 138, 0, 39.07%, 1, 0, 6, 437.99, 196543, 159, 1, 0
435, 0, 101, 203, 135, 0, 39.07%, 1, 0, 6, 442.50, 198849, 159, 1, 0
440, 0, 16, 203, 134, 0, 39.07%, 1, 0, 6, 417.55, 200913, 159, 1, 0
445, 0, 107, 203, 133, 0, 39.07%, 1, 0, 6, 448.80, 203189, 159, 1, 0
450, 0, 193, 207, 136, 0, 39.07%, 1, 0, 7, 433.81, 205412, 159, 1, 0
455, 0, 193, 209, 138, 0, 39.07%, 1, 0, 7, 479.16, 207852, 159, 1, 0
461, 0, 174, 211, 136, 0, 39.07%, 1, 0, 7, 475.81, 210288, 159, 1, 0
466, 0, 174, 215, 140, 0, 39.31%, 1, 0, 7, 431.33, 212513, 160, 1, 0
471, 0, 174, 216, 141, 0, 39.31%, 1, 0, 7, 461.62, 214868, 160, 1, 0
476, 0, 212, 216, 141, 1, 39.31%, 1, 0, 7, 473.78, 217289, 160, 1, 0
481, 0, 214, 216, 139, 0, 39.31%, 1, 0, 7, 453.41, 219530, 160, 1, 0
486, 0, 8, 216, 137, 0, 39.31%, 1, 0, 7, 428.74, 221745, 160, 1, 0
491, 0, 112, 216, 134, 0, 39.31%, 1, 0, 7, 439.38, 224006, 160, 1, 0
496, 0, 160, 218, 135, 0, 39.31%, 1, 0, 7, 456.23, 226263, 160, 1, 0
501, 0, 20, 218, 132, 0, 39.31%, 1, 0, 7, 473.93, 228673, 160, 1, 0
506, 0, 142, 218, 129, 0, 39.31%, 1, 0, 7, 470.34, 231041, 160, 1, 0
512, 0, 114, 218, 127, 0, 39.31%, 1, 0, 7, 432.88, 233239, 160, 1, 0
517, 0, 88, 218, 125, 0, 39.31%, 1, 0, 7, 412.89, 235334, 160, 1, 0
522, 0, 11, 218, 124, 0, 39.31%, 1, 0, 7, 407.27, 237380, 160, 1, 0
527, 1, 42, 218, 120, 0, 39.31%, 1, 0, 7, 444.19, 239658, 160, 1, 0
532, 1, 64, 218, 114, 0, 39.31%, 1, 0, 7, 423.30, 241786, 160, 1, 0
537, 1, 163, 218, 111, 0, 39.31%, 1, 0, 7, 417.87, 243922, 160, 1, 0
542, 1, 182, 218, 109, 0, 39.31%, 1, 0, 7, 433.42, 246174, 160, 1, 0
547, 1, 115, 219, 107, 0, 39.31%, 1, 0, 7, 420.51, 248272, 160, 1, 0
552, 1, 209, 219, 104, 0, 39.31%, 1, 0, 7, 456.44, 250608, 160, 1, 0
557, 1, 78, 219, 100, 0, 39.31%, 1, 0, 7, 425.45, 252720, 160, 1, 0
562, 1, 76, 219, 97, 0, 39.31%, 1, 0, 7, 436.65, 254929, 160, 1, 0
567, 1, 203, 220, 94, 0, 39.31%, 1, 0, 7, 431.66, 257076, 160, 1, 0
572, 1, 161, 220, 92, 0, 39.31%, 1, 0, 7, 439.28, 259330, 160, 1, 0
577, 1, 162, 220, 90, 0, 39.31%, 1, 0, 7, 444.35, 261622, 160, 1, 0
582, 1, 198, 220, 87, 0, 39.31%, 1, 0, 7, 427.50, 263762, 160, 1, 0
587, 1, 140, 220, 84, 0, 39.31%, 1, 0, 7, 432.59, 265975, 160, 1, 0
593, 1, 185, 223, 86, 0, 39.31%, 1, 0, 7, 441.48, 268182, 160, 1, 0
598, 1, 217, 223, 83, 0, 39.31%, 1, 0, 7, 434.78, 270499, 160, 1, 0
603, 1, 205, 224, 81, 0, 39.31%, 1, 0, 7, 454.68, 272933, 160, 1, 0
608, 1, 167, 224, 79, 0, 39.31%, 1, 0, 7, 441.55, 275119, 160, 1, 0
613, 1, 120, 226, 80, 0, 39.56%, 1, 0, 7, 443.65, 277322, 161, 1, 0
618, 1, 143, 227, 79, 0, 39.56%, 1, 0, 7, 452.64, 279558, 161, 1, 0
623, 1, 221, 228, 78, 0, 39.56%, 1, 0, 7, 435.09, 281726, 161, 1, 0
628, 1, 47, 228, 75, 0, 39.56%, 1, 0, 7, 424.44, 283904, 161, 1, 0
633, 1, 224, 229, 72, 0, 39.56%, 1, 0, 7, 472.47, 286397, 161, 1, 0
639, 1, 218, 229, 70, 0, 39.56%, 1, 0, 7, 456.70, 288709, 161, 1, 0
644, 1, 220, 229, 67, 0, 39.56%, 1, 0, 7, 451.28, 291002, 161, 1, 0
649, 1, 81, 231, 66, 0, 39.56%, 1, 0, 7, 445.90, 293291, 161, 1, 0
654, 1, 20, 233, 64, 0, 39.80%, 1, 0, 7, 456.53, 295639, 162, 1, 0
659, 1, 232, 236, 67, 1, 40.29%, 1, 0, 7, 447.22, 297929, 164, 1, 0
664, 1, 210, 238, 67, 0, 40.29%, 1, 0, 7, 464.42, 300331, 164, 1, 0
669, 1, 109, 238, 64, 0, 40.29%, 1, 0, 7, 454.01, 302619, 164, 1, 0
674, 1, 101, 238, 58, 0, 40.29%, 1, 0, 7, 448.73, 304877, 164, 1, 0
679, 1, 101, 238, 55, 0, 40.29%, 1, 0, 7, 473.59, 307275, 164, 1, 0
684, 1, 91, 239, 53, 0, 40.29%, 1, 0, 7, 459.64, 309607, 164, 1, 0
689, 1, 157, 239, 50, 0, 40.29%, 1, 0, 7, 416.93, 311736, 164, 1, 0
694, 1, 206, 239, 45, 0, 40.29%, 1, 0, 7, 451.69, 314060, 164, 1, 0
699, 1, 212, 242, 46, 0, 41.03%, 1, 0, 7, 448.90, 316327, 167, 1, 0
705, 1, 241, 242, 45, 1, 41.03%, 1, 0, 7, 468.99, 318797, 167, 1, 0
710, 1, 212, 242, 43, 0, 41.03%, 1, 0, 7, 467.37, 321130, 167, 1, 0
715, 1, 238, 244, 44, 0, 41.03%, 1, 0, 7, 465.18, 323417, 167, 1, 0
720, 1, 238, 249, 49, 0, 41.03%, 1, 0, 7, 456.08, 325666, 167, 1, 0
725, 1, 238, 249, 49, 0, 41.03%, 1, 0, 7, 451.99, 327907, 167, 1, 0
730, 1, 238, 250, 50, 0, 41.03%, 1, 0, 7, 430.36, 330097, 167, 1, 0
735, 1, 238, 251, 51, 0, 41.03%, 1, 0, 7, 433.74, 332296, 167, 1, 0
740, 1, 244, 251, 49, 0, 41.03%, 1, 0, 7, 459.93, 334604, 167, 1, 0
745, 1, 244, 253, 51, 0, 41.03%, 1, 0, 8, 422.27, 336742, 167, 1, 0
750, 1, 252, 254, 51, 0, 41.03%, 1, 0, 9, 439.75, 339033, 167, 1, 0
755, 1, 91, 254, 50, 0, 41.03%, 1, 0, 9, 449.57, 341352, 167, 1, 0
760, 1, 236, 254, 48, 0, 41.03%, 1, 0, 9, 453.73, 343645, 167, 1, 0
766, 1, 242, 255, 47, 0, 41.03%, 1, 0, 9, 462.86, 346042, 167, 1, 0
771, 2, 301, 370, 161, 17, 51.11%, 1, 0, 9, 464.10, 348396, 208, 1, 0
776, 2, 343, 370, 160, 16, 51.11%, 1, 0, 9, 466.06, 350818, 208, 1, 0
781, 2, 364, 370, 159, 15, 51.11%, 1, 0, 9, 454.82, 353084, 208, 1, 0
786, 2, 315, 370, 157, 13, 51.11%, 1, 0, 9, 447.73, 355347, 208, 1, 0
791, 2, 368, 370, 155, 11, 51.11%, 1, 0, 9, 460.85, 357642, 208, 1, 0
796, 2, 319, 372, 155, 9, 51.11%, 1, 0, 9, 456.95, 359984, 208, 1, 0
801, 2, 305, 372, 153, 7, 51.11%, 1, 0, 9, 456.57, 362365, 208, 1, 0
806, 2, 326, 372, 149, 3, 51.11%, 1, 0, 9, 462.93, 364734, 208, 1, 0
811, 2, 256, 372, 147, 2, 51.11%, 1, 0, 9, 430.57, 366939, 208, 1, 0
817, 2, 365, 372, 145, 1, 51.11%, 1, 0, 9, 480.84, 369470, 208, 1, 0
822, 2, 262, 372, 142, 1, 51.11%, 1, 0, 9, 466.83, 371820, 208, 1, 0
827, 2, 198, 372, 140, 1, 51.11%, 1, 0, 9, 415.19, 373852, 208, 1, 0
832, 2, 369, 372, 138, 1, 51.11%, 1, 0, 9, 449.46, 376206, 208, 1, 0
837, 2, 290, 372, 135, 0, 51.11%, 1, 0, 9, 461.64, 378636, 208, 1, 0
842, 2, 275, 372, 133, 0, 51.11%, 1, 0, 9, 430.05, 380751, 208, 1, 0
847, 2, 300, 372, 131, 0, 51.11%, 1, 0, 9, 447.21, 383098, 208, 1, 0
852, 2, 260, 372, 129, 0, 51.11%, 1, 0, 9, 451.01, 385373, 208, 1, 0
857, 2, 284, 372, 124, 0, 51.11%, 1, 0, 9, 474.03, 387791, 208, 1, 0
862, 2, 263, 372, 122, 0, 51.11%, 1, 0, 9, 453.91, 390047, 208, 1, 0
867, 2, 306, 372, 120, 0, 51.11%, 1, 0, 9, 453.53, 392318, 208, 1, 0
873, 2, 13, 372, 117, 0, 51.11%, 1, 0, 9, 461.70, 394673, 208, 1, 0
878, 2, 337, 372, 115, 0, 51.11%, 1, 0, 9, 462.47, 396958, 208, 1, 0
883, 2, 281, 372, 112, 0, 51.11%, 1, 0, 9, 471.61, 399356, 208, 1, 0
888, 2, 296, 372, 110, 0, 51.11%, 1, 0, 9, 475.09, 401796, 208, 1, 0
893, 2, 297, 372, 108, 0, 51.11%, 1, 0, 9, 434.91, 403953, 208, 1, 0
898, 2, 314, 373, 106, 0, 51.11%, 1, 0, 9, 464.26, 406372, 208, 1, 0
903, 2, 253, 373, 104, 0, 51.11%, 1, 0, 9, 490.37, 408861, 208, 1, 0
908, 2, 192, 374, 103, 0, 51.11%, 1, 0, 9, 440.86, 411044, 208, 1, 0
913, 2, 119, 374, 101, 0, 51.11%, 1, 0, 9, 447.96, 413301, 208, 1, 0
918, 2, 287, 374, 97, 0, 51.11%, 1, 0, 9, 447.12, 415629, 208, 1, 0
923, 2, 231, 374, 95, 0, 51.11%, 1, 0, 9, 443.16, 417832, 208, 1, 0
928, 2, 239, 374, 92, 0, 51.11%, 1, 0, 9, 437.58, 420041, 208, 1, 0
933, 2, 239, 374, 89, 0, 51.11%, 1, 0, 9, 440.81, 422345, 208, 1, 0
938, 2, 242, 374, 86, 0, 51.11%, 1, 0, 9, 473.55, 424786, 208, 1, 0
944, 2, 331, 374, 85, 0, 51.11%, 1, 0, 9, 456.91, 427039, 208, 1, 0
949, 2, 352, 374, 83, 0, 51.11%, 1, 0, 9, 451.52, 429354, 208, 1, 0
954, 2, 310, 374, 81, 0, 51.11%, 1, 0, 9, 435.87, 431515, 208, 1, 0
959, 2, 357, 374, 78, 0, 51.11%, 1, 0, 9, 465.04, 433949, 208, 1, 0
964, 2, 190, 374, 76, 0, 51.11%, 1, 0, 9, 477.38, 436443, 208, 1, 0
969, 2, 269, 374, 75, 0, 51.11%, 1, 0, 9, 430.29, 438564, 208, 1, 0
974, 2, 298, 374, 73, 0, 51.11%, 1, 0, 9, 495.60, 441143, 208, 1, 0
979, 2, 367, 374, 70, 0, 51.11%, 1, 0, 9, 460.89, 443420, 208, 1, 0
984, 2, 323, 374, 68, 0, 51.11%, 1, 0, 9, 446.04, 445698, 208, 1, 0
989, 2, 226, 374, 66, 0, 51.11%, 1, 0, 9, 431.47, 447820, 208, 1, 0
994, 2, 347, 374, 64, 0, 51.11%, 1, 0, 9, 450.58, 450063, 208, 1, 0
1000, 2, 288, 374, 62, 0, 51.11%, 1, 0, 9, 441.85, 452302, 208, 1, 0
1005, 2, 24, 374, 60, 0, 51.11%, 1, 0, 9, 452.25, 454602, 208, 1, 0
1010, 2, 190, 374, 57, 0, 51.11%, 1, 0, 9, 437.77, 456809, 208, 1, 0
1015, 2, 349, 374, 56, 0, 51.11%, 1, 0, 9, 424.88, 458947, 208, 1, 0
1020, 2, 291, 374, 53, 0, 51.11%, 1, 0, 9, 415.76, 461075, 208, 1, 0
1025, 2, 237, 374, 50, 0, 51.11%, 1, 0, 9, 416.91, 463281, 208, 1, 0
1030, 2, 273, 374, 48, 0, 51.11%, 1, 0, 9, 421.47, 465482, 208, 1, 0
1035, 2, 354, 374, 46, 0, 51.11%, 1, 0, 9, 409.30, 467593, 208, 1, 0
1040, 2, 197, 374, 45, 0, 51.11%, 1, 0, 9, 429.44, 469790, 208, 1, 0
1045, 2, 237, 374, 42, 0, 51.11%, 1, 0, 9, 455.84, 472089, 208, 1, 0
1050, 2, 363, 374, 40, 0, 51.11%, 1, 0, 9, 456.57, 474303, 208, 1, 0
1055, 2, 271, 374, 39, 0, 51.11%, 1, 0, 9, 450.95, 476573, 208, 1, 0
1061, 2, 339, 374, 37, 0, 51.11%, 1, 0, 9, 430.66, 478729, 208, 1, 0
1066, 2, 277, 374, 35, 0, 51.11%, 1, 0, 9, 419.29, 480825, 208, 1, 0
1071, 2, 326, 374, 33, 0, 51.11%, 1, 0, 9, 450.85, 483156, 208, 1, 0
1076, 2, 189, 374, 31, 0, 51.11%, 1, 0, 9, 451.88, 485536, 208, 1, 0
1081, 2, 101, 374, 30, 0, 51.11%, 1, 0, 9, 447.50, 487838, 208, 1, 0
1086, 2, 355, 374, 29, 0, 51.11%, 1, 0, 9, 438.35, 489999, 208, 1, 0
1091, 2, 345, 374, 29, 0, 51.11%, 1, 0, 9, 420.11, 492083, 208, 1, 0
1096, 2, 183, 374, 27, 0, 51.11%, 1, 0, 9, 426.44, 494255, 208, 1, 0
1101, 2, 341, 374, 26, 0, 51.11%, 1, 0, 9, 430.58, 496467, 208, 1, 0
1106, 2, 216, 374, 24, 0, 51.11%, 1, 0, 9, 439.26, 498656, 208, 1, 0
1111, 3, 383, 384, 32, 3, 52.58%, 1, 0, 9, 444.75, 500866, 214, 1, 0
1116, 3, 214, 389, 35, 5, 60.44%, 1, 0, 9, 452.74, 503212, 246, 1, 0
1121, 3, 387, 401, 47, 5, 60.44%, 1, 0, 9, 378.81, 505137, 246, 1, 0
1126, 3, 386, 402, 47, 5, 60.69%, 1, 0, 9, 419.06, 507292, 247, 1, 0
1132, 3, 407, 408, 51, 5, 60.69%, 1, 0, 9, 446.10, 509570, 247, 1, 0
1137, 3, 375, 408, 49, 3, 60.69%, 1, 0, 9, 436.28, 511766, 247, 1, 0
1142, 3, 388, 413, 52, 1, 60.69%, 1, 0, 9, 443.15, 513995, 247, 1, 0
1147, 3, 388, 437, 76, 1, 60.69%, 1, 0, 9, 449.21, 516326, 247, 1, 0
1152, 3, 388, 444, 83, 1, 60.69%, 1, 0, 9, 447.75, 518590, 247, 1, 0
1157, 3, 388, 447, 86, 1, 60.69%, 1, 0, 9, 458.31, 520987, 247, 1, 0
1162, 3, 388, 450, 89, 1, 60.69%, 1, 0, 9, 446.68, 523249, 247, 1, 0
1167, 3, 388, 450, 89, 1, 60.69%, 1, 0, 9, 435.14, 525425, 247, 1, 0
1172, 3, 388, 453, 92, 1, 60.69%, 1, 0, 9, 432.90, 527606, 247, 1, 0
1177, 3, 388, 454, 93, 1, 60.69%, 1, 0, 9, 411.59, 529725, 247, 1, 0
1183, 3, 388, 454, 93, 1, 60.69%, 1, 0, 9, 435.96, 531925, 247, 1, 0
1188, 3, 388, 454, 93, 1, 60.69%, 1, 0, 9, 437.07, 534133, 247, 1, 0
1193, 3, 388, 454, 93, 1, 60.69%, 1, 0, 9, 426.09, 536317, 247, 1, 0
1198, 3, 388, 454, 93, 1, 60.69%, 1, 0, 9, 408.17, 538413, 247, 1, 0
1203, 3, 388, 456, 95, 1, 60.93%, 1, 0, 9, 408.44, 540523, 248, 1, 0
1208, 3, 388, 457, 96, 1, 60.93%, 1, 0, 9, 433.67, 542738, 248, 1, 0
1213, 3, 388, 457, 96, 1, 60.93%, 1, 0, 9, 421.61, 544882, 248, 1, 0
1218, 3, 388, 457, 96, 1, 60.93%, 1, 0, 9, 429.63, 547058, 248, 1, 0
1223, 3, 388, 457, 96, 1, 60.93%, 1, 0, 9, 436.60, 549274, 248, 1, 0
1228, 3, 388, 457, 96, 1, 60.93%, 1, 0, 9, 432.05, 551514, 248, 1, 0
1233, 3, 388, 457, 96, 1, 60.93%, 1, 0, 9, 423.59, 553674, 248, 1, 0
1238, 3, 443, 457, 94, 1, 60.93%, 1, 0, 9, 459.17, 555962, 248, 1, 0
1244, 3, 95, 457, 92, 0, 60.93%, 1, 0, 9, 446.33, 558252, 248, 1, 0
1249, 3, 440, 457, 90, 0, 60.93%, 1, 0, 9, 434.42, 560489, 248, 1, 0
1254, 3, 452, 457, 88, 0, 60.93%, 1, 0, 9, 451.16, 562782, 248, 1, 0
1259, 3, 438, 457, 86, 0, 60.93%, 1, 0, 9, 442.74, 565063, 248, 1, 0
1264, 3, 399, 457, 84, 0, 60.93%, 1, 0, 9, 430.79, 567284, 248, 1, 0
1269, 3, 423, 457, 82, 0, 60.93%, 1, 0, 9, 451.08, 569540, 248, 1, 0
1274, 3, 398, 457, 81, 0, 60.93%, 1, 0, 9, 452.34, 571858, 248, 1, 0
1279, 3, 419, 457, 79, 0, 60.93%, 1, 0, 9, 450.81, 574190, 248, 1, 0
1284, 3, 266, 457, 77, 0, 60.93%, 1, 0, 9, 466.86, 576504, 248, 1, 0
1289, 3, 414, 457, 76, 0, 60.93%, 1, 0, 9, 454.75, 578743, 248, 1, 0
1294, 3, 417, 457, 74, 0, 60.93%, 1, 0, 9, 474.10, 581164, 248, 1, 0
1299, 3, 248, 457, 72, 0, 60.93%, 1, 0, 9, 459.74, 583412, 248, 1, 0
1304, 3, 455, 457, 70, 0, 60.93%, 1, 0, 9, 452.13, 585703, 248, 1, 0
1309, 3, 441, 457, 68, 0, 60.93%, 1, 0, 9, 450.48, 588080, 248, 1, 0
1314, 3, 433, 457, 66, 0, 60.93%, 1, 0, 9, 458.63, 590369, 248, 1, 0
1320, 3, 258, 457, 63, 0, 60.93%, 1, 0, 9, 454.41, 592653, 248, 1, 0
1325, 3, 382, 457, 62, 0, 60.93%, 1, 0, 9, 444.31, 594937, 248, 1, 0
1330, 3, 425, 457, 59, 0, 60.93%, 1, 0, 9, 454.92, 597301, 248, 1, 0
1335, 3, 228, 457, 57, 0, 60.93%, 1, 0, 9, 440.80, 599488, 248, 1, 0
1340, 3, 424, 457, 55, 0, 60.93%, 1, 0, 9, 452.51, 601826, 248, 1, 0
1345, 3, 372, 457, 53, 0, 60.93%, 1, 0, 9, 417.12, 603898, 248, 1, 0
1350, 3, 400, 457, 51, 0, 60.93%, 1, 0, 9, 443.70, 606177, 248, 1, 0
1355, 3, 402, 457, 50, 0, 60.93%, 1, 0, 9, 453.91, 608427, 248, 1, 0
1360, 3, 410, 457, 48, 0, 60.93%, 1, 0, 9, 467.34, 610744, 248, 1, 0
1365, 3, 422, 457, 47, 0, 60.93%, 1, 0, 9, 469.43, 613117, 248, 1, 0
1370, 3, 448, 457, 46, 0, 60.93%, 1, 0, 9, 467.34, 615469, 248, 1, 0
1375, 3, 397, 457, 44, 0, 60.93%, 1, 0, 9, 444.43, 617689, 248, 1, 0
1380, 3, 434, 457, 42, 0, 60.93%, 1, 0, 9, 449.58, 620003, 248, 1, 0
1386, 3, 303, 457, 40, 0, 60.93%, 1, 0, 9, 476.42, 622464, 248, 1, 0
1391, 3, 432, 457, 38, 0, 60.93%, 1, 0, 9, 454.16, 624701, 248, 1, 0
1396, 3, 420, 457, 36, 0, 60.93%, 1, 0, 9, 435.38, 626915, 248, 1, 0
1401, 3, 446, 457, 35, 0, 60.93%, 1, 0, 9, 474.76, 629326, 248, 1, 0
1406, 3, 377, 457, 33, 0, 60.93%, 1, 0, 9, 460.94, 631640, 248, 1, 0
1411, 3, 219, 457, 31, 0, 60.93%, 1, 0, 9, 449.59, 633880, 248, 1, 0
1416, 3, 123, 457, 29, 0, 60.93%, 1, 0, 9, 461.09, 636323, 248, 1, 0
1421, 3, 428, 457, 29, 0, 60.93%, 1, 0, 9, 443.56, 638501, 248, 1, 0
1426, 3, 29, 457, 27, 0, 60.93%, 1, 0, 9, 442.54, 640731, 248, 1, 0
1431, 3, 390, 457, 26, 0, 60.93%, 1, 0, 9, 482.49, 643286, 248, 1, 0
1436, 3, 19, 457, 24, 0, 60.93%, 1, 0, 9, 462.33, 645598, 248, 1, 0
1441, 3, 409, 457, 24, 0, 60.93%, 1, 0, 9, 465.32, 647931, 248, 1, 0
1447, 3, 437, 457, 22, 0, 60.93%, 1, 0, 9, 466.92, 650238, 248, 1, 0
1452, 3, 393, 457, 21, 0, 60.93%, 1, 0, 9, 448.37, 652561, 248, 1, 0
1457, 3, 190, 457, 20, 0, 60.93%, 1, 0, 9, 452.86, 654747, 248, 1, 0
1462, 3, 406, 457, 20, 0, 60.93%, 1, 0, 9, 463.51, 657129, 248, 1, 0
1467, 3, 239, 457, 19, 0, 60.93%, 1, 0, 9, 486.95, 659675, 248, 1, 0
1472, 3, 111, 457, 19, 0, 60.93%, 1, 0, 9, 479.37, 662041, 248, 1, 0
1477, 3, 431, 458, 20, 0, 60.93%, 1, 0, 9, 465.68, 664329, 248, 1, 0
1482, 3, 457, 458, 18, 0, 60.93%, 1, 0, 9, 426.44, 666461, 248, 1, 0
1487, 3, 379, 458, 17, 0, 60.93%, 1, 0, 9, 440.23, 668694, 248, 1, 0
1492, 3, 395, 458, 15, 0, 60.93%, 1, 0, 9, 448.55, 670962, 248, 1, 0
1497, 3, 412, 458, 15, 0, 60.93%, 1, 0, 9, 456.15, 673239, 248, 1, 0
1502, 3, 290, 458, 14, 0, 60.93%, 1, 0, 9, 445.71, 675486, 248, 1, 0
1508, 3, 222, 458, 14, 0, 60.93%, 1, 0, 9, 443.95, 677709, 248, 1, 0
1513, 3, 343, 458, 13, 0, 60.93%, 1, 0, 9, 426.56, 679885, 248, 1, 0
1518, 3, 106, 460, 13, 0, 60.93%, 1, 0, 9, 469.21, 682295, 248, 1, 0
1523, 3, 443, 460, 12, 0, 60.93%, 1, 0, 9, 432.22, 684438, 248, 1, 0
1528, 4, 449, 473, 25, 0, 61.43%, 1, 0, 9, 434.09, 686584, 250, 1, 0
1533, 4, 460, 473, 24, 3, 61.43%, 1, 0, 9, 426.68, 688814, 250, 1, 0
1538, 4, 465, 473, 23, 2, 61.43%, 1, 0, 9, 405.00, 690922, 250, 1, 0
1543, 4, 466, 473, 21, 0, 61.43%, 2, 0, 9, 424.03, 693101, 250, 2, 0
1548, 4, 463, 473, 20, 0, 61.43%, 2, 0, 9, 436.77, 695375, 250, 2, 0
1553, 4, 458, 473, 19, 0, 61.43%, 2, 0, 9, 458.20, 697735, 250, 2, 0
1558, 4, 160, 473, 18, 0, 61.43%, 2, 0, 9, 438.30, 699972, 250, 2, 0
1563, 4, 15, 473, 17, 0, 61.43%, 2, 0, 9, 450.79, 702186, 250, 2, 0
1568, 4, 461, 473, 17, 0, 61.43%, 3, 0, 9, 438.93, 704372, 250, 4, 0
1573, 4, 470, 473, 16, 0, 61.43%, 3, 0, 9, 440.44, 706582, 250, 5, 0
1578, 4, 345, 473, 15, 0, 61.43%, 3, 0, 9, 439.13, 708784, 250, 5, 0
1583, 4, 239, 473, 15, 0, 61.43%, 3, 0, 9, 433.27, 711038, 250, 5, 0
1588, 4, 471, 473, 14, 0, 61.43%, 3, 0, 9, 454.99, 713277, 250, 5, 0
1594, 4, 167, 473, 13, 0, 61.43%, 3, 0, 9, 426.38, 715388, 250, 5, 0
1599, 4, 454, 473, 13, 0, 61.43%, 5, 0, 9, 421.58, 717560, 250, 7, 0
1604, 4, 173, 473, 13, 0, 61.43%, 5, 0, 9, 452.90, 719870, 250, 9, 0
1609, 4, 154, 473, 13, 0, 61.43%, 5, 0, 9, 426.24, 722014, 250, 9, 0
1614, 4, 402, 473, 13, 0, 61.43%, 5, 0, 9, 431.87, 724314, 250, 9, 0
1619, 4, 378, 473, 11, 0, 61.43%, 5, 0, 9, 450.17, 726614, 250, 9, 0
1624, 4, 322, 474, 12, 0, 61.43%, 5, 0, 9, 449.94, 728894, 250, 9, 0
1629, 4, 268, 474, 10, 0, 61.43%, 5, 0, 9, 451.12, 731185, 250, 9, 0
1634, 4, 101, 474, 9, 0, 61.43%, 5, 0, 9, 470.06, 733631, 250, 9, 0
1639, 4, 30, 474, 9, 0, 61.43%, 5, 0, 9, 442.23, 735792, 250, 10, 0
1644, 4, 172, 474, 8, 0, 61.43%, 5, 0, 9, 428.35, 737985, 250, 10, 0
1650, 4, 343, 474, 8, 0, 61.43%, 5, 0, 9, 415.10, 740147, 250, 10, 0
1655, 4, 189, 475, 9, 0, 61.43%, 5, 0, 9, 432.31, 742340, 250, 10, 0
1660, 4, 133, 475, 9, 0, 61.43%, 5, 0, 9, 447.38, 744654, 250, 10, 0
1665, 4, 14, 475, 8, 0, 61.43%, 5, 0, 9, 430.13, 746824, 250, 10, 0
1670, 4, 335, 475, 8, 0, 61.43%, 5, 0, 9, 427.04, 748959, 250, 10, 0
1675, 4, 444, 475, 7, 0, 61.43%, 5, 0, 9, 442.47, 751241, 250, 10, 0
1680, 4, 335, 475, 6, 0, 61.43%, 5, 0, 9, 453.10, 753620, 250, 10, 0
1685, 4, 212, 475, 6, 0, 61.43%, 5, 0, 9, 453.14, 755993, 250, 10, 0
1690, 4, 310, 475, 6, 0, 61.43%, 5, 0, 9, 438.54, 758184, 250, 10, 0
1695, 4, 111, 475, 5, 0, 61.43%, 5, 0, 9, 443.56, 760386, 250, 10, 0
1700, 4, 142, 475, 5, 0, 61.43%, 5, 0, 9, 433.62, 762549, 250, 10, 0
1705, 5, 476, 477, 7, 1, 61.67%, 5, 0, 9, 427.51, 764651, 251, 10, 0
1711, 5, 475, 477, 6, 0, 61.67%, 6, 0, 9, 449.19, 766995, 251, 12, 0
1716, 5, 364, 477, 5, 0, 61.67%, 6, 0, 9, 436.22, 769186, 251, 15, 0
1721, 5, 241, 477, 4, 0, 61.67%, 6, 0, 9, 461.19, 771481, 251, 17, 0
1726, 5, 436, 477, 3, 0, 61.67%, 6, 0, 9, 442.55, 773759, 251, 17, 0
1731, 5, 20, 477, 3, 0, 61.67%, 6, 0, 9, 444.11, 776009, 251, 17, 0
1736, 5, 101, 477, 3, 0, 61.67%, 6, 0, 9, 455.43, 778310, 251, 17, 0
1741, 5, 258, 477, 3, 0, 61.67%, 6, 0, 9, 441.29, 780493, 251, 17, 0
1746, 5, 239, 477, 3, 0, 61.67%, 6, 0, 9, 411.51, 782543, 251, 17, 0
1751, 5, 20, 478, 3, 0, 61.92%, 6, 0, 9, 522.55, 785253, 252, 17, 0
1756, 5, 461, 478, 3, 0, 61.92%, 6, 0, 9, 481.86, 787581, 252, 18, 0
1761, 5, 478, 479, 4, 1, 62.16%, 6, 0, 9, 460.08, 789833, 253, 19, 0
1766, 5, 343, 479, 3, 0, 62.16%, 6, 0, 9, 463.73, 792163, 253, 21, 0
1771, 5, 364, 479, 3, 0, 62.16%, 6, 0, 9, 469.41, 794553, 253, 21, 0
1776, 5, 477, 479, 3, 0, 62.16%, 6, 0, 9, 454.94, 796872, 253, 22, 0
1782, 5, 111, 479, 3, 0, 62.16%, 6, 0, 9, 482.98, 799429, 253, 22, 0
1787, 5, 476, 479, 3, 0, 62.16%, 6, 0, 9, 463.97, 801740, 253, 22, 0
1792, 5, 301, 479, 3, 0, 62.16%, 6, 0, 9, 441.58, 803932, 253, 22, 0
1797, 5, 345, 479, 3, 0, 62.16%, 6, 0, 9, 442.61, 806127, 253, 22, 0
1802, 5, 189, 479, 3, 0, 62.16%, 6, 0, 9, 459.17, 808382, 253, 22, 0
1802, 5, 111, 479, 3, 0, 62.16%, 7, 0, 9, 0.00, 808582, 253, 23, 0
