# relative_time, cycles_done, cur_item, corpus_count, pending_total, pending_favs, map_size, saved_crashes, saved_hangs, max_depth, execs_per_sec, total_execs, edges_found, total_crashes, servers_count
61, 0, 9, 63, 58, 4, 29.98%, 0, 0, 2, 450.66, 30101, 122, 0, 0
66, 0, 9, 64, 59, 4, 30.22%, 0, 0, 2, 459.83, 32457, 123, 0, 0
71, 0, 9, 66, 61, 4, 30.22%, 0, 0, 2, 451.48, 34784, 123, 0, 0
76, 0, 9, 66, 61, 4, 30.22%, 0, 0, 2, 440.83, 36992, 123, 0, 0
81, 0, 9, 67, 62, 4, 30.47%, 0, 0, 2, 465.75, 39310, 124, 0, 0
86, 0, 9, 67, 62, 4, 30.47%, 0, 0, 2, 482.22, 41767, 124, 0, 0
91, 0, 9, 69, 64, 4, 30.47%, 0, 0, 2, 458.54, 43995, 124, 0, 0
96, 0, 9, 70, 65, 4, 30.47%, 0, 0, 2, 461.72, 46297, 124, 0, 0
101, 0, 9, 70, 65, 4, 30.47%, 0, 0, 2, 478.66, 48691, 124, 0, 0
106, 0, 9, 70, 65, 4, 30.47%, 0, 0, 2, 461.48, 51022, 124, 0, 0
111, 0, 9, 71, 66, 4, 30.71%, 0, 0, 2, 442.31, 53261, 125, 0, 0
116, 0, 77, 91, 83, 25, 33.42%, 0, 0, 2, 449.81, 55525, 136, 0, 0
121, 0, 92, 93, 82, 24, 34.64%, 0, 0, 3, 431.44, 57688, 141, 0, 0
126, 0, 75, 94, 77, 19, 35.14%, 0, 0, 3, 429.22, 59926, 143, 0, 0
132, 0, 52, 106, 88, 18, 36.12%, 0, 0, 3, 468.02, 62333, 147, 0, 0
137, 0, 52, 112, 94, 18, 36.12%, 0, 0, 3, 468.53, 64662, 147, 0, 0
142, 0, 52, 114, 96, 18, 36.12%, 0, 0, 3, 405.86, 66743, 147, 0, 0
147, 0, 52, 116, 98, 18, 36.12%, 0, 0, 3, 393.60, 68737, 147, 0, 0
152, 0, 52, 121, 103, 18, 36.36%, 0, 0, 3, 378.35, 70669, 148, 0, 0
157, 0, 52, 126, 108, 18, 36.36%, 0, 0, 3, 444.52, 72908, 148, 0, 0
162, 0, 52, 128, 110, 18, 36.36%, 0, 0, 3, 446.79, 75194, 148, 0, 0
167, 0, 52, 128, 110, 18, 36.36%, 0, 0, 3, 432.02, 77370, 148, 0, 0
172, 0, 52, 131, 113, 18, 36.36%, 0, 0, 3, 447.70, 79615, 148, 0, 0
177, 0, 52, 134, 116, 18, 36.36%, 0, 0, 3, 450.52, 81852, 148, 0, 0
183, 0, 52, 135, 117, 18, 36.36%, 0, 0, 3, 433.89, 84051, 148, 0, 0
188, 0, 52, 137, 119, 18, 36.61%, 0, 0, 3, 453.37, 86312, 149, 0, 0
193, 0, 52, 137, 119, 18, 36.61%, 0, 0, 3, 422.61, 88409, 149, 0, 0
198, 0, 52, 138, 120, 18, 36.61%, 0, 0, 3, 457.30, 90696, 149, 0, 0
203, 0, 52, 138, 120, 18, 36.61%, 0, 0, 3, 448.83, 92917, 149, 0, 0
208, 0, 52, 138, 120, 18, 36.61%, 0, 0, 3, 467.83, 95257, 149, 0, 0
213, 0, 52, 140, 122, 18, 36.61%, 0, 0, 3, 443.59, 97548, 149, 0, 0
218, 0, 73, 141, 122, 19, 36.61%, 0, 0, 3, 470.13, 99955, 149, 0, 0
223, 0, 141, 146, 126, 21, 37.35%, 1, 0, 3, 442.88, 102161, 152, 1, 0
228, 0, 54, 146, 123, 18, 37.35%, 1, 0, 3, 460.55, 104524, 152, 1, 0
233, 0, 121, 151, 126, 16, 37.35%, 1, 0, 4, 443.02, 106708, 152, 1, 0
238, 0, 121, 157, 132, 16, 37.35%, 1, 0, 4, 439.28, 108903, 152, 1, 0
243, 0, 121, 160, 135, 16, 37.35%, 1, 0, 4, 394.06, 110882, 152, 1, 0
248, 0, 121, 164, 139, 16, 37.35%, 1, 0, 4, 411.86, 113000, 152, 1, 0
254, 0, 121, 166, 141, 16, 37.35%, 1, 0, 4, 420.64, 115134, 152, 1, 0
259, 0, 44, 168, 140, 13, 38.08%, 1, 0, 4, 456.33, 117481, 155, 1, 0
264, 0, 16, 171, 142, 12, 38.08%, 1, 0, 4, 435.77, 119650, 155, 1, 0
269, 0, 84, 172, 141, 11, 38.08%, 1, 0, 5, 427.28, 121858, 155, 1, 0
274, 0, 91, 174, 141, 9, 38.08%, 1, 0, 5, 412.34, 123907, 155, 1, 0
279, 0, 143, 176, 140, 7, 38.33%, 1, 0, 5, 443.70, 126211, 156, 1, 0
284, 0, 176, 177, 139, 7, 38.33%, 1, 0, 5, 447.75, 128410, 156, 1, 0
289, 0, 76, 177, 136, 4, 38.33%, 1, 0, 5, 425.79, 130566, 156, 1, 0
294, 0, 27, 179, 134, 0, 38.33%, 1, 0, 5, 422.40, 132653, 156, 1, 0
299, 0, 166, 180, 132, 0, 38.33%, 1, 0, 5, 423.59, 134773, 156, 1, 0
304, 0, 24, 180, 129, 0, 38.33%, 1, 0, 5, 422.79, 136913, 156, 1, 0
309, 0, 59, 181, 128, 0, 38.33%, 1, 0, 5, 430.16, 139116, 156, 1, 0
314, 0, 150, 182, 127, 0, 38.33%, 1, 0, 5, 422.78, 141273, 156, 1, 0
319, 0, 175, 182, 123, 0, 38.33%, 1, 0, 5, 431.47, 143464, 156, 1, 0
324, 0, 72, 183, 122, 0, 38.33%, 1, 0, 5, 448.09, 145712, 156, 1, 0
329, 0, 83, 183, 120, 0, 38.33%, 1, 0, 5, 437.52, 147947, 156, 1, 0
335, 0, 77, 184, 119, 0, 38.33%, 1, 0, 5, 462.18, 150363, 156, 1, 0
340, 0, 184, 188, 123, 1, 38.33%, 1, 0, 5, 467.15, 152735, 156, 1, 0
345, 0, 98, 188, 120, 0, 38.33%, 1, 0, 5, 453.12, 154963, 156, 1, 0
350, 0, 162, 189, 114, 0, 38.33%, 1, 0, 5, 440.73, 157216, 156, 1, 0
355, 0, 164, 194, 119, 0, 38.33%, 1, 0, 5, 454.79, 159482, 156, 1, 0
360, 0, 164, 196, 121, 0, 38.33%, 1, 0, 5, 457.76, 161819, 156, 1, 0
365, 0, 164, 196, 121, 0, 38.33%, 1, 0, 5, 463.54, 164114, 156, 1, 0
370, 0, 164, 197, 122, 0, 38.33%, 1, 0, 5, 438.14, 166338, 156, 1, 0
375, 0, 164, 197, 122, 0, 38.33%, 1, 0, 5, 443.82, 168634, 156, 1, 0
380, 0, 164, 197, 122, 0, 38.33%, 1, 0, 5, 452.83, 170907, 156, 1, 0
385, 0, 119, 199, 120, 0, 38.33%, 1, 0, 6, 436.96, 173105, 156, 1, 0
390, 0, 162, 199, 117, 0, 38.33%, 1, 0, 6, 437.59, 175384, 156, 1, 0
395, 0, 151, 201, 116, 0, 38.33%, 1, 0, 6, 445.38, 177648, 156, 1, 0
400, 0, 187, 202, 114, 0, 38.33%, 1, 0, 6, 452.76, 180005, 156, 1, 0
405, 0, 76, 207, 116, 0, 38.33%, 1, 0, 6, 423.98, 182161, 156, 1, 0
411, 0, 166, 208, 115, 0, 38.33%, 1, 0, 6, 425.10, 184361, 156, 1, 0
416, 1, 57, 208, 112, 0, 38.33%, 1, 0, 6, 437.49, 186556, 156, 1, 0
421, 1, 135, 208, 104, 0, 38.33%, 1, 0, 6, 448.81, 188881, 156, 1, 0
426, 1, 205, 214, 108, 0, 38.33%, 1, 0, 6, 436.04, 191101, 156, 1, 0
431, 1, 205, 216, 110, 0, 38.33%, 1, 0, 6, 426.96, 193299, 156, 1, 0
436, 1, 205, 218, 112, 0, 38.33%, 1, 0, 6, 446.09, 195545, 156, 1, 0
441, 1, 205, 218, 112, 0, 38.33%, 1, 0, 6, 456.88, 197896, 156, 1, 0
446, 1, 205, 220, 114, 0, 38.33%, 1, 0, 6, 426.04, 200047, 156, 1, 0
451, 1, 205, 220, 114, 0, 38.33%, 1, 0, 6, 424.38, 202239, 156, 1, 0
456, 1, 107, 222, 114, 0, 38.33%, 1, 0, 6, 411.90, 204314, 156, 1, 0
461, 1, 176, 222, 109, 0, 38.33%, 1, 0, 6, 439.69, 206513, 156, 1, 0
466, 1, 138, 222, 106, 0, 38.33%, 1, 0, 6, 420.51, 208643, 156, 1, 0
471, 1, 79, 222, 101, 0, 38.33%, 1, 0, 6, 430.59, 210884, 156, 1, 0
476, 1, 187, 223, 96, 0, 38.33%, 1, 0, 6, 436.42, 213061, 156, 1, 0
481, 1, 211, 223, 94, 0, 38.33%, 1, 0, 6, 439.65, 215306, 156, 1, 0
486, 1, 49, 223, 87, 0, 38.33%, 1, 0, 6, 450.14, 217545, 156, 1, 0
492, 1, 88, 223, 83, 0, 38.33%, 1, 0, 6, 466.34, 219861, 156, 1, 0
497, 1, 146, 223, 80, 0, 38.33%, 1, 0, 6, 456.17, 222136, 156, 1, 0
502, 1, 99, 223, 76, 0, 38.33%, 1, 0, 6, 494.32, 224734, 156, 1, 0
507, 1, 145, 223, 73, 0, 38.33%, 1, 0, 6, 452.44, 226996, 156, 1, 0
512, 1, 108, 223, 68, 0, 38.33%, 1, 0, 6, 430.55, 229113, 156, 1, 0
517, 1, 24, 224, 66, 0, 38.33%, 1, 0, 6, 425.84, 231242, 156, 1, 0
522, 1, 180, 224, 63, 0, 38.33%, 1, 0, 6, 431.36, 233403, 156, 1, 0
527, 1, 206, 224, 59, 0, 38.33%, 1, 0, 6, 430.05, 235605, 156, 1, 0
532, 1, 96, 225, 58, 0, 38.33%, 1, 0, 6, 426.94, 237756, 156, 1, 0
537, 1, 110, 225, 55, 0, 38.33%, 1, 0, 6, 421.16, 239823, 156, 1, 0
542, 1, 74, 225, 52, 0, 38.33%, 1, 0, 6, 424.23, 242065, 156, 1, 0
547, 1, 35, 225, 48, 0, 38.33%, 1, 0, 6, 428.99, 244261, 156, 1, 0
552, 1, 82, 225, 46, 0, 38.33%, 1, 0, 6, 425.16, 246392, 156, 1, 0
558, 1, 163, 225, 43, 0, 38.33%, 1, 0, 6, 450.42, 248734, 156, 1, 0
563, 1, 155, 225, 38, 0, 38.33%, 1, 0, 6, 441.82, 250971, 156, 1, 0
568, 1, 224, 225, 35, 0, 38.33%, 1, 0, 6, 484.95, 253445, 156, 1, 0
573, 1, 221, 226, 32, 0, 38.33%, 1, 0, 6, 482.18, 255888, 156, 1, 0
578, 1, 181, 226, 29, 0, 38.33%, 1, 0, 6, 447.24, 258157, 156, 1, 0
583, 1, 226, 236, 37, 1, 45.95%, 1, 0, 6, 440.54, 260367, 187, 1, 0
588, 1, 226, 241, 42, 1, 45.95%, 1, 0, 6, 420.32, 262516, 187, 1, 0
593, 1, 226, 243, 44, 1, 45.95%, 1, 0, 6, 447.24, 264778, 187, 1, 0
598, 1, 226, 244, 45, 1, 45.95%, 1, 0, 6, 422.75, 266890, 187, 1, 0
603, 1, 226, 247, 48, 1, 45.95%, 1, 0, 6, 415.42, 269015, 187, 1, 0
608, 1, 226, 248, 49, 1, 45.95%, 1, 0, 6, 423.38, 271175, 187, 1, 0
613, 1, 226, 249, 50, 1, 46.19%, 1, 0, 6, 424.19, 273326, 188, 1, 0
618, 1, 226, 249, 50, 1, 46.19%, 1, 0, 6, 421.46, 275374, 188, 1, 0
623, 1, 226, 250, 51, 1, 46.19%, 1, 0, 6, 420.57, 277469, 188, 1, 0
628, 1, 226, 252, 53, 1, 46.19%, 1, 0, 6, 419.49, 279651, 188, 1, 0
634, 1, 226, 253, 54, 1, 46.44%, 1, 0, 6, 437.59, 281978, 189, 1, 0
639, 1, 226, 253, 54, 1, 46.44%, 1, 0, 6, 440.23, 284250, 189, 1, 0
644, 1, 226, 254, 55, 1, 46.44%, 1, 0, 6, 425.81, 286425, 189, 1, 0
649, 1, 226, 256, 57, 1, 46.44%, 1, 0, 6, 435.09, 288575, 189, 1, 0
654, 1, 226, 256, 57, 1, 46.44%, 1, 0, 6, 441.88, 290831, 189, 1, 0
659, 1, 226, 258, 59, 1, 46.44%, 1, 0, 6, 455.11, 293089, 189, 1, 0
664, 1, 226, 259, 60, 1, 46.44%, 1, 0, 6, 433.97, 295364, 189, 1, 0
669, 1, 226, 259, 60, 1, 46.44%, 1, 0, 6, 438.45, 297588, 189, 1, 0
674, 1, 226, 259, 60, 1, 46.44%, 1, 0, 6, 428.30, 299716, 189, 1, 0
679, 1, 226, 259, 60, 1, 46.44%, 1, 0, 6, 429.42, 301884, 189, 1, 0
684, 1, 226, 260, 61, 1, 46.44%, 1, 0, 6, 463.39, 304191, 189, 1, 0
689, 1, 226, 260, 61, 1, 46.44%, 1, 0, 6, 448.55, 306395, 189, 1, 0
694, 1, 226, 260, 61, 1, 46.44%, 1, 0, 6, 430.75, 308563, 189, 1, 0
699, 1, 226, 260, 61, 1, 46.44%, 1, 0, 6, 429.37, 310731, 189, 1, 0
704, 1, 252, 260, 60, 8, 46.44%, 1, 0, 6, 418.25, 312835, 189, 1, 0
709, 1, 232, 260, 58, 6, 46.44%, 1, 0, 6, 446.20, 315088, 189, 1, 0
714, 1, 260, 268, 65, 6, 46.44%, 1, 0, 6, 450.33, 317339, 189, 1, 0
720, 1, 227, 268, 63, 4, 46.44%, 1, 0, 6, 447.82, 319612, 189, 1, 0
725, 1, 269, 274, 67, 3, 46.68%, 1, 0, 6, 448.71, 321881, 190, 1, 0
730, 1, 256, 275, 66, 2, 46.68%, 1, 0, 6, 433.49, 324104, 190, 1, 0
735, 1, 271, 275, 65, 1, 46.68%, 1, 0, 6, 433.42, 326276, 190, 1, 0
740, 1, 271, 282, 72, 1, 46.68%, 1, 0, 6, 436.77, 328519, 190, 1, 0
745, 1, 281, 282, 71, 1, 46.68%, 1, 0, 6, 446.97, 330759, 190, 1, 0
750, 1, 282, 284, 71, 1, 46.93%, 1, 0, 6, 431.83, 332949, 191, 1, 0
755, 1, 166, 284, 69, 0, 46.93%, 1, 0, 6, 425.64, 335129, 191, 1, 0
760, 1, 263, 285, 68, 0, 46.93%, 1, 0, 6, 447.16, 337353, 191, 1, 0
765, 1, 244, 286, 68, 0, 46.93%, 1, 0, 6, 415.07, 339438, 191, 1, 0
771, 1, 238, 286, 66, 0, 46.93%, 1, 0, 6, 417.92, 341531, 191, 1, 0
776, 1, 242, 287, 66, 0, 46.93%, 1, 0, 6, 415.69, 343620, 191, 1, 0
781, 1, 16, 287, 63, 0, 46.93%, 1, 0, 6, 409.37, 345700, 191, 1, 0
786, 1, 287, 292, 67, 1, 47.67%, 1, 0, 6, 412.00, 347790, 194, 1, 0
791, 1, 248, 292, 65, 0, 47.67%, 1, 0, 6, 414.26, 349878, 194, 1, 0
796, 1, 237, 293, 65, 0, 47.67%, 1, 0, 6, 422.01, 352010, 194, 1, 0
801, 1, 243, 294, 65, 0, 47.67%, 1, 0, 6, 430.24, 354176, 194, 1, 0
806, 1, 230, 294, 62, 0, 47.67%, 1, 0, 6, 440.03, 356464, 194, 1, 0
811, 1, 200, 294, 60, 0, 47.67%, 1, 0, 6, 421.43, 358572, 194, 1, 0
816, 1, 273, 294, 59, 0, 47.67%, 1, 0, 6, 508.96, 359719, 194, 1, 0
821, 1, 279, 298, 62, 0, 47.67%, 1, 0, 6, 461.68, 362044, 194, 1, 0
826, 1, 279, 302, 66, 0, 47.67%, 1, 0, 6, 439.11, 364220, 194, 1, 0
831, 1, 279, 307, 71, 0, 47.67%, 1, 0, 6, 468.67, 366589, 194, 1, 0
836, 1, 279, 310, 74, 0, 47.67%, 1, 0, 6, 436.99, 368796, 194, 1, 0
842, 1, 279, 310, 74, 0, 47.67%, 1, 0, 6, 449.16, 371060, 194, 1, 0
847, 1, 279, 310, 74, 0, 47.67%, 1, 0, 6, 409.43, 373124, 194, 1, 0
852, 1, 307, 310, 72, 0, 47.67%, 1, 0, 6, 436.65, 375357, 194, 1, 0
857, 1, 307, 312, 74, 0, 47.67%, 1, 0, 7, 451.95, 377661, 194, 1, 0
862, 1, 239, 313, 73, 0, 47.67%, 1, 0, 7, 459.64, 379989, 194, 1, 0
867, 1, 153, 313, 70, 0, 47.67%, 1, 0, 7, 464.45, 382365, 194, 1, 0
872, 1, 16, 314, 69, 0, 47.67%, 1, 0, 7, 438.53, 384513, 194, 1, 0
877, 1, 311, 314, 68, 0, 47.67%, 1, 0, 7, 425.51, 386658, 194, 1, 0
882, 2, 329, 366, 119, 14, 52.58%, 1, 0, 7, 429.14, 388844, 214, 1, 0
887, 2, 339, 366, 117, 13, 52.58%, 2, 0, 7, 429.48, 391064, 214, 2, 0
892, 2, 339, 366, 117, 13, 52.58%, 2, 0, 7, 54.00, 391333, 214, 2, 0
897, 2, 339, 366, 117, 13, 52.58%, 2, 0, 7, 107.91, 391978, 214, 2, 0
902, 2, 315, 366, 116, 12, 52.58%, 2, 0, 7, 135.57, 392708, 214, 2, 0
907, 2, 336, 366, 115, 11, 52.58%, 2, 0, 7, 137.02, 393438, 214, 2, 0
912, 2, 336, 366, 115, 11, 52.58%, 2, 0, 7, 138.07, 394108, 214, 2, 0
918, 2, 336, 366, 115, 11, 52.58%, 2, 0, 7, 128.09, 394752, 214, 2, 0
923, 2, 336, 366, 115, 11, 52.58%, 2, 0, 7, 128.26, 395426, 214, 2, 0
928, 2, 318, 366, 114, 10, 52.58%, 2, 0, 7, 136.60, 396150, 214, 2, 0
933, 2, 318, 366, 114, 10, 52.58%, 2, 0, 7, 144.26, 396878, 214, 2, 0
938, 2, 349, 366, 113, 9, 52.58%, 2, 0, 7, 134.70, 397551, 214, 2, 0
943, 2, 349, 366, 113, 9, 52.58%, 2, 0, 7, 126.07, 398162, 214, 2, 0
948, 2, 349, 366, 113, 9, 52.58%, 2, 0, 7, 125.29, 398778, 214, 2, 0
953, 2, 349, 366, 113, 9, 52.58%, 2, 0, 7, 146.82, 399516, 214, 2, 0
958, 2, 326, 366, 112, 8, 52.58%, 2, 0, 7, 138.60, 400204, 214, 2, 0
963, 2, 326, 366, 112, 8, 52.58%, 2, 0, 7, 130.75, 400870, 214, 2, 0
969, 2, 326, 366, 112, 8, 52.58%, 2, 0, 7, 138.52, 401564, 214, 2, 0
974, 2, 356, 366, 111, 7, 52.58%, 2, 0, 7, 143.91, 402309, 214, 2, 0
979, 2, 360, 366, 110, 6, 52.58%, 2, 0, 7, 128.70, 402948, 214, 2, 0
984, 2, 360, 366, 110, 6, 52.58%, 2, 0, 7, 138.26, 403645, 214, 2, 0
989, 2, 322, 366, 109, 5, 52.58%, 2, 0, 7, 141.17, 404367, 214, 2, 0
994, 2, 319, 366, 108, 4, 52.58%, 2, 0, 7, 136.32, 405068, 214, 2, 0
999, 2, 33, 366, 107, 3, 52.58%, 2, 0, 7, 132.27, 405750, 214, 2, 0
1004, 2, 316, 366, 106, 2, 52.58%, 2, 0, 7, 136.13, 406443, 214, 2, 0
1009, 2, 316, 366, 106, 2, 52.58%, 2, 0, 7, 136.13, 407133, 214, 2, 0
1014, 2, 323, 366, 105, 1, 52.58%, 2, 0, 7, 128.13, 407746, 214, 2, 0
1020, 2, 323, 366, 105, 1, 52.58%, 2, 0, 7, 131.70, 408414, 214, 2, 0
1025, 2, 315, 366, 103, 0, 52.58%, 2, 0, 7, 128.91, 409061, 214, 2, 0
1030, 2, 44, 366, 103, 0, 52.58%, 2, 0, 7, 132.68, 409743, 214, 2, 0
1035, 2, 354, 366, 103, 0, 52.58%, 2, 0, 7, 134.14, 410417, 214, 2, 0
1040, 2, 317, 366, 101, 0, 52.58%, 2, 0, 7, 136.82, 411099, 214, 2, 0
1045, 2, 272, 366, 100, 0, 52.58%, 2, 0, 7, 130.09, 411757, 214, 2, 0
1050, 2, 272, 366, 100, 0, 52.58%, 2, 0, 7, 131.32, 412407, 214, 2, 0
1055, 2, 250, 366, 99, 0, 52.58%, 2, 0, 7, 135.64, 413099, 214, 2, 0
1060, 2, 250, 366, 99, 0, 52.58%, 2, 0, 7, 145.01, 413851, 214, 2, 0
1065, 2, 253, 366, 98, 0, 52.58%, 3, 0, 7, 142.85, 414563, 214, 5, 0
1070, 2, 266, 366, 97, 0, 52.58%, 3, 0, 7, 144.84, 415293, 214, 5, 0
1075, 2, 266, 366, 97, 0, 52.58%, 3, 0, 7, 131.48, 415959, 214, 5, 0
1081, 2, 334, 366, 96, 0, 52.58%, 3, 0, 7, 128.45, 416621, 214, 5, 0
1086, 2, 334, 366, 96, 0, 52.58%, 3, 0, 7, 137.68, 417313, 214, 5, 0
1091, 2, 280, 366, 95, 0, 52.58%, 3, 0, 7, 139.89, 417999, 214, 5, 0
1096, 2, 322, 366, 94, 0, 52.58%, 3, 0, 7, 148.40, 418792, 214, 5, 0
1101, 2, 310, 366, 93, 0, 52.58%, 3, 0, 7, 140.28, 419515, 214, 5, 0
1106, 2, 331, 366, 93, 0, 52.58%, 3, 0, 7, 134.43, 420211, 214, 5, 0
1111, 2, 267, 366, 92, 0, 52.58%, 3, 0, 7, 146.57, 420941, 214, 5, 0
1116, 2, 267, 367, 93, 0, 52.58%, 3, 0, 7, 134.25, 421610, 214, 5, 0
1121, 2, 295, 367, 92, 0, 52.58%, 3, 0, 7, 134.69, 422313, 214, 5, 0
1126, 2, 24, 367, 91, 0, 52.58%, 3, 0, 7, 126.03, 422959, 214, 5, 0
1132, 2, 265, 367, 91, 0, 52.58%, 3, 0, 7, 133.53, 423631, 214, 5, 0
1137, 2, 356, 367, 90, 0, 52.58%, 3, 0, 7, 130.95, 424287, 214, 5, 0
1142, 2, 337, 367, 90, 0, 52.58%, 3, 0, 7, 126.31, 424905, 214, 5, 0
1147, 2, 33, 367, 89, 0, 52.58%, 3, 0, 7, 138.90, 425582, 214, 5, 0
1152, 2, 176, 367, 87, 0, 52.58%, 4, 0, 7, 141.20, 426334, 214, 6, 0
1157, 2, 277, 367, 86, 0, 52.58%, 4, 0, 7, 145.49, 427082, 214, 6, 0
1162, 2, 277, 367, 86, 0, 52.58%, 4, 0, 7, 135.38, 427762, 214, 6, 0
1167, 2, 336, 367, 84, 0, 52.58%, 4, 0, 7, 144.45, 428490, 214, 6, 0
1172, 2, 241, 367, 84, 0, 52.58%, 4, 0, 7, 127.04, 429136, 214, 6, 0
1177, 2, 241, 367, 84, 0, 52.58%, 4, 0, 7, 115.32, 429714, 214, 6, 0
1183, 2, 174, 367, 83, 0, 52.58%, 4, 0, 7, 121.31, 430316, 214, 6, 0
1188, 2, 222, 367, 83, 0, 52.58%, 4, 0, 7, 127.90, 430977, 214, 6, 0
1193, 2, 86, 367, 82, 0, 52.58%, 4, 0, 7, 143.81, 431737, 214, 6, 0
1198, 2, 86, 367, 82, 0, 52.58%, 4, 0, 7, 136.88, 432397, 214, 6, 0
1203, 2, 332, 367, 81, 0, 52.58%, 4, 0, 7, 129.06, 433065, 214, 6, 0
1208, 2, 332, 367, 81, 0, 52.58%, 4, 0, 7, 132.68, 433749, 214, 6, 0
1213, 2, 347, 367, 80, 0, 52.58%, 4, 0, 7, 137.94, 434445, 214, 6, 0
1218, 2, 347, 367, 80, 0, 52.58%, 4, 0, 7, 140.09, 435159, 214, 6, 0
1223, 2, 335, 367, 78, 0, 52.58%, 4, 0, 7, 132.84, 435838, 214, 6, 0
1228, 2, 166, 367, 77, 0, 52.58%, 4, 0, 7, 142.37, 436573, 214, 6, 0
1233, 2, 251, 367, 77, 0, 52.58%, 4, 0, 7, 141.08, 437267, 214, 6, 0
1239, 2, 264, 367, 76, 0, 52.58%, 4, 0, 7, 146.74, 438005, 214, 6, 0
1244, 2, 264, 367, 76, 0, 52.58%, 4, 0, 7, 142.04, 438721, 214, 6, 0
1249, 2, 340, 367, 75, 0, 52.58%, 4, 0, 7, 132.80, 439397, 214, 6, 0
1254, 2, 215, 367, 74, 0, 52.58%, 4, 0, 7, 132.50, 440064, 214, 7, 0
1259, 2, 294, 367, 74, 0, 52.58%, 4, 0, 7, 140.45, 440776, 214, 7, 0
1264, 2, 275, 367, 73, 0, 52.58%, 4, 0, 7, 116.87, 441360, 214, 7, 0
1269, 2, 275, 367, 73, 0, 52.58%, 4, 0, 7, 151.06, 442141, 214, 7, 0
1274, 2, 366, 367, 71, 0, 52.58%, 4, 0, 7, 145.81, 442861, 214, 7, 0
1279, 2, 366, 367, 71, 0, 52.58%, 4, 0, 7, 141.15, 443569, 214, 7, 0
1285, 2, 343, 367, 70, 0, 52.58%, 4, 0, 7, 133.18, 444229, 214, 7, 0
1290, 2, 247, 367, 69, 0, 52.58%, 4, 0, 7, 136.91, 444946, 214, 7, 0
1295, 2, 274, 367, 67, 0, 52.58%, 4, 0, 7, 141.10, 445670, 214, 7, 0
1300, 2, 302, 367, 67, 0, 52.58%, 4, 0, 7, 136.99, 446360, 214, 7, 0
1305, 2, 309, 367, 66, 0, 52.58%, 4, 0, 7, 133.19, 447047, 214, 7, 0
1310, 2, 309, 367, 66, 0, 52.58%, 4, 0, 7, 133.09, 447723, 214, 7, 0
1315, 2, 129, 367, 65, 0, 52.58%, 4, 0, 7, 128.62, 448348, 214, 7, 0
1320, 2, 172, 367, 64, 0, 52.58%, 4, 0, 7, 126.71, 448972, 214, 7, 0
1325, 2, 283, 367, 63, 0, 52.58%, 4, 0, 7, 130.25, 449614, 214, 7, 0
1331, 2, 225, 367, 62, 0, 52.58%, 4, 0, 7, 126.63, 450253, 214, 7, 0
1336, 2, 225, 367, 62, 0, 52.58%, 4, 0, 7, 126.59, 450889, 214, 7, 0
1341, 2, 298, 367, 61, 0, 52.58%, 4, 0, 7, 126.38, 451510, 214, 7, 0
1346, 2, 298, 367, 61, 0, 52.58%, 4, 0, 7, 128.27, 452176, 214, 7, 0
1351, 2, 141, 367, 60, 0, 52.58%, 4, 0, 7, 127.92, 452824, 214, 7, 0
1356, 2, 362, 367, 60, 0, 52.58%, 4, 0, 7, 138.48, 453525, 214, 7, 0
1361, 2, 161, 367, 59, 0, 52.58%, 4, 0, 7, 128.55, 454184, 214, 7, 0
1367, 2, 231, 367, 59, 0, 52.58%, 5, 0, 7, 131.43, 454862, 214, 8, 0
1372, 2, 231, 367, 59, 0, 52.58%, 5, 0, 7, 132.55, 455556, 214, 8, 0
1377, 2, 301, 367, 58, 0, 52.58%, 5, 0, 7, 136.42, 456260, 214, 8, 0
1382, 2, 188, 367, 57, 0, 52.58%, 5, 0, 7, 137.11, 456938, 214, 8, 0
1387, 2, 292, 367, 56, 0, 52.58%, 5, 0, 7, 139.53, 457666, 214, 8, 0
1392, 2, 292, 367, 56, 0, 52.58%, 5, 0, 7, 119.01, 458238, 214, 8, 0
1397, 2, 93, 367, 54, 0, 52.58%, 5, 0, 7, 130.05, 458883, 214, 8, 0
1402, 2, 44, 367, 54, 0, 52.58%, 5, 0, 7, 130.96, 459540, 214, 8, 0
1407, 2, 249, 367, 54, 0, 52.58%, 5, 0, 7, 137.46, 460212, 214, 8, 0
1412, 2, 296, 367, 53, 0, 52.58%, 5, 0, 7, 125.07, 460805, 214, 8, 0
1417, 2, 296, 367, 53, 0, 52.58%, 5, 0, 7, 114.52, 461389, 214, 8, 0
1423, 2, 355, 367, 52, 0, 52.58%, 5, 0, 7, 117.11, 461997, 214, 8, 0
1428, 2, 233, 367, 51, 0, 52.58%, 5, 0, 7, 125.25, 462656, 214, 8, 0
1433, 2, 363, 367, 50, 0, 52.58%, 5, 0, 7, 141.79, 463350, 214, 8, 0
1438, 2, 57, 367, 49, 0, 52.58%, 5, 0, 7, 140.08, 464057, 214, 8, 0
1443, 2, 330, 367, 48, 0, 52.58%, 5, 0, 7, 118.13, 464647, 214, 8, 0
1448, 2, 330, 367, 48, 0, 52.58%, 5, 0, 7, 122.83, 465273, 214, 8, 0
1453, 2, 153, 367, 47, 0, 52.58%, 5, 0, 7, 129.66, 465921, 214, 8, 0
1458, 2, 315, 367, 47, 0, 52.58%, 5, 0, 7, 143.13, 466652, 214, 9, 0
1463, 2, 364, 367, 47, 0, 52.58%, 5, 0, 7, 132.63, 467340, 214, 9, 0
1469, 2, 293, 367, 46, 0, 52.58%, 5, 0, 7, 127.98, 468004, 214, 9, 0
1474, 2, 293, 367, 46, 0, 52.58%, 5, 0, 7, 128.95, 468656, 214, 9, 0
1479, 2, 16, 367, 45, 0, 52.58%, 5, 0, 7, 131.62, 469334, 214, 9, 0
1484, 2, 195, 367, 44, 0, 52.58%, 5, 0, 7, 135.86, 470035, 214, 9, 0
1489, 2, 276, 367, 43, 0, 52.58%, 5, 0, 7, 130.31, 470696, 214, 9, 0
1494, 2, 50, 367, 42, 0, 52.58%, 5, 0, 7, 124.92, 471340, 214, 9, 0
1499, 2, 270, 367, 42, 0, 52.58%, 5, 0, 7, 126.84, 471983, 214, 9, 0
1504, 2, 234, 367, 41, 0, 52.58%, 5, 0, 7, 135.63, 472687, 214, 9, 0
1509, 2, 234, 367, 41, 0, 52.58%, 5, 0, 7, 138.09, 473387, 214, 9, 0
1514, 2, 325, 367, 40, 0, 52.58%, 5, 0, 7, 132.05, 474065, 214, 9, 0
1519, 2, 54, 367, 39, 0, 52.58%, 5, 0, 7, 69.49, 474652, 214, 9, 0
1524, 2, 315, 367, 39, 0, 52.58%, 5, 0, 7, 126.20, 475402, 214, 9, 0
1529, 2, 342, 367, 39, 0, 52.58%, 5, 0, 7, 129.11, 476083, 214, 9, 0
1534, 2, 38, 367, 38, 0, 52.58%, 5, 0, 7, 131.11, 476758, 214, 9, 0
1540, 2, 344, 367, 37, 0, 52.58%, 5, 0, 7, 133.96, 477486, 214, 9, 0
1545, 2, 365, 367, 36, 0, 52.58%, 5, 0, 7, 131.66, 478170, 214, 9, 0
1550, 2, 271, 367, 35, 0, 52.58%, 5, 0, 7, 128.51, 478855, 214, 9, 0
1555, 2, 54, 367, 35, 0, 52.58%, 5, 0, 7, 131.85, 479531, 214, 9, 0
1560, 2, 314, 367, 35, 0, 52.58%, 5, 0, 7, 128.96, 480189, 214, 9, 0
1565, 2, 175, 367, 34, 0, 52.58%, 5, 0, 7, 138.69, 480911, 214, 9, 0
1570, 2, 341, 367, 34, 0, 52.58%, 5, 0, 7, 134.77, 481579, 214, 10, 0
1575, 2, 341, 367, 34, 0, 52.58%, 5, 0, 7, 136.40, 482261, 214, 10, 0
1580, 2, 97, 367, 33, 0, 52.58%, 7, 0, 7, 137.85, 482959, 214, 14, 0
1586, 2, 315, 367, 32, 0, 52.58%, 7, 0, 7, 140.62, 483686, 214, 14, 0
1591, 2, 321, 367, 32, 0, 52.58%, 7, 0, 7, 131.83, 484329, 214, 14, 0
1596, 2, 165, 367, 31, 0, 52.58%, 7, 0, 7, 132.55, 485002, 214, 14, 0
1601, 2, 284, 367, 30, 0, 52.58%, 7, 0, 7, 141.46, 485724, 214, 14, 0
1606, 2, 320, 367, 29, 0, 52.58%, 7, 0, 7, 137.53, 486420, 214, 14, 0
1611, 2, 166, 367, 28, 0, 52.58%, 7, 0, 7, 134.45, 487112, 214, 14, 0
1616, 2, 8, 367, 28, 0, 52.58%, 7, 0, 7, 134.42, 487812, 214, 14, 0
1621, 2, 349, 367, 27, 0, 52.58%, 7, 0, 7, 125.09, 488476, 214, 14, 0
1626, 2, 303, 367, 27, 0, 52.58%, 7, 0, 7, 130.98, 489156, 214, 14, 0
1632, 2, 259, 367, 26, 0, 52.58%, 7, 0, 7, 137.32, 489879, 214, 14, 0
1637, 2, 259, 367, 26, 0, 52.58%, 7, 0, 7, 140.56, 490599, 214, 14, 0
1642, 2, 227, 367, 25, 0, 52.58%, 7, 0, 7, 131.86, 491257, 214, 14, 0
1647, 2, 91, 367, 25, 0, 52.58%, 7, 0, 7, 134.80, 491960, 214, 14, 0
1652, 2, 359, 367, 25, 0, 52.58%, 7, 0, 7, 136.01, 492642, 214, 14, 0
1657, 2, 359, 368, 26, 0, 52.58%, 7, 0, 7, 128.70, 493275, 214, 14, 0
1662, 2, 350, 368, 25, 0, 52.58%, 7, 0, 7, 133.39, 493958, 214, 14, 0
1667, 2, 350, 368, 25, 0, 52.58%, 7, 0, 7, 147.78, 494698, 214, 14, 0
1672, 2, 16, 368, 24, 0, 52.58%, 7, 0, 7, 134.93, 495379, 214, 14, 0
1677, 2, 34, 368, 23, 0, 52.58%, 7, 0, 7, 137.86, 496092, 214, 14, 0
1683, 2, 35, 368, 23, 0, 52.58%, 7, 0, 7, 135.94, 496790, 214, 14, 0
1688, 2, 236, 368, 23, 0, 52.58%, 7, 0, 7, 132.98, 497464, 214, 14, 0
1693, 2, 310, 368, 22, 0, 52.58%, 7, 0, 7, 133.54, 498166, 214, 14, 0
1698, 2, 278, 368, 22, 0, 52.58%, 7, 0, 7, 140.96, 498875, 214, 14, 0
1703, 2, 116, 368, 21, 0, 52.58%, 7, 0, 7, 141.56, 499598, 214, 14, 0
1708, 2, 22, 368, 20, 0, 52.58%, 7, 0, 7, 140.91, 500323, 214, 14, 0
1713, 2, 356, 368, 20, 0, 52.58%, 7, 0, 7, 145.79, 501057, 214, 14, 0
1718, 2, 246, 368, 20, 0, 52.58%, 7, 0, 7, 148.08, 501813, 214, 14, 0
1723, 2, 246, 368, 20, 0, 52.58%, 7, 0, 7, 139.25, 502517, 214, 14, 0
1729, 2, 240, 368, 19, 0, 52.58%, 7, 0, 7, 138.00, 503201, 214, 14, 0
1734, 2, 240, 368, 19, 0, 52.58%, 7, 0, 7, 144.92, 503911, 214, 14, 0
1739, 2, 177, 368, 18, 0, 52.58%, 7, 0, 7, 158.63, 504702, 214, 14, 0
1744, 2, 34, 368, 17, 0, 52.58%, 7, 0, 7, 140.32, 505401, 214, 14, 0
1749, 2, 333, 368, 17, 0, 52.58%, 7, 0, 7, 152.46, 506171, 214, 14, 0
1754, 2, 333, 368, 17, 0, 52.58%, 7, 0, 7, 133.80, 506847, 214, 14, 0
1759, 2, 271, 368, 16, 0, 52.58%, 7, 0, 7, 137.64, 507566, 214, 14, 0
1764, 2, 10, 368, 16, 0, 52.58%, 7, 0, 7, 142.39, 508302, 214, 16, 0
1769, 2, 54, 368, 16, 0, 52.58%, 7, 0, 7, 136.38, 508975, 214, 16, 0
1774, 2, 197, 368, 16, 0, 52.58%, 7, 0, 7, 140.79, 509675, 214, 17, 0
1779, 2, 305, 368, 16, 0, 52.58%, 7, 0, 7, 132.63, 510337, 214, 17, 0
1785, 2, 315, 368, 15, 0, 52.58%, 7, 0, 7, 144.67, 511069, 214, 17, 0
1790, 2, 186, 368, 15, 0, 52.58%, 7, 0, 7, 137.69, 511761, 214, 17, 0
1795, 2, 32, 368, 14, 0, 52.58%, 7, 0, 7, 140.14, 512460, 214, 17, 0
1800, 2, 271, 368, 14, 0, 52.58%, 7, 0, 7, 136.89, 513165, 214, 17, 0
1805, 3, 368, 371, 17, 1, 52.83%, 7, 0, 7, 146.42, 513920, 215, 17, 0
1810, 3, 368, 371, 17, 1, 52.83%, 7, 0, 7, 137.70, 514601, 215, 17, 0
1815, 3, 345, 371, 16, 0, 52.83%, 7, 0, 7, 147.34, 515359, 215, 17, 0
1820, 3, 328, 371, 15, 0, 52.83%, 7, 0, 7, 138.82, 516058, 215, 17, 0
1825, 3, 328, 371, 15, 0, 52.83%, 7, 0, 7, 144.48, 516813, 215, 17, 0
1830, 3, 326, 371, 14, 0, 52.83%, 7, 0, 7, 138.96, 517507, 215, 17, 0
1836, 3, 300, 371, 14, 0, 52.83%, 7, 0, 7, 138.54, 518218, 215, 17, 0
1841, 3, 310, 371, 13, 0, 52.83%, 7, 0, 7, 137.72, 518929, 215, 17, 0
1846, 3, 261, 371, 13, 0, 52.83%, 7, 0, 7, 134.30, 519593, 215, 17, 0
1851, 3, 260, 371, 12, 0, 52.83%, 7, 0, 7, 138.66, 520293, 215, 17, 0
1856, 3, 346, 371, 12, 0, 52.83%, 7, 0, 7, 132.60, 520958, 215, 17, 0
1861, 3, 370, 371, 12, 0, 52.83%, 7, 0, 7, 137.90, 521664, 215, 17, 0
1866, 3, 260, 371, 11, 0, 52.83%, 7, 0, 7, 130.31, 522352, 215, 17, 0
1871, 3, 233, 371, 11, 0, 52.83%, 7, 0, 7, 159.79, 523181, 215, 17, 0
1877, 3, 147, 371, 11, 0, 52.83%, 7, 0, 7, 154.56, 523988, 215, 17, 0
1882, 3, 16, 371, 11, 0, 52.83%, 7, 0, 7, 149.84, 524761, 215, 17, 0
1887, 3, 229, 371, 11, 0, 52.83%, 7, 0, 7, 135.16, 525434, 215, 17, 0
1892, 3, 329, 371, 10, 0, 52.83%, 7, 0, 7, 141.53, 526189, 215, 17, 0
1897, 3, 367, 371, 10, 0, 52.83%, 7, 0, 7, 150.38, 526941, 215, 17, 0
1902, 3, 298, 371, 9, 0, 52.83%, 7, 0, 7, 142.89, 527654, 215, 17, 0
1907, 3, 31, 371, 9, 0, 52.83%, 7, 0, 7, 148.55, 528436, 215, 18, 0
1913, 3, 308, 371, 9, 0, 52.83%, 7, 0, 7, 139.73, 529112, 215, 18, 0
1918, 3, 308, 371, 9, 0, 52.83%, 7, 0, 7, 143.67, 529864, 215, 18, 0
1923, 3, 327, 371, 8, 0, 52.83%, 7, 0, 7, 143.06, 530568, 215, 18, 0
1928, 3, 161, 371, 7, 0, 52.83%, 7, 0, 7, 131.83, 531222, 215, 18, 0
1933, 3, 54, 371, 7, 0, 52.83%, 7, 0, 7, 142.59, 531959, 215, 18, 0
1938, 3, 77, 371, 7, 0, 52.83%, 7, 0, 7, 147.38, 532697, 215, 20, 0
1943, 3, 318, 371, 7, 0, 52.83%, 7, 0, 7, 152.97, 533472, 215, 21, 0
1948, 3, 329, 371, 7, 0, 52.83%, 7, 0, 7, 143.66, 534201, 215, 21, 0
1953, 3, 369, 371, 7, 0, 52.83%, 7, 0, 7, 134.12, 534859, 215, 21, 0
1958, 3, 291, 371, 6, 0, 52.83%, 8, 0, 7, 140.36, 535579, 215, 22, 0
1963, 3, 222, 371, 6, 0, 52.83%, 8, 0, 7, 128.26, 536224, 215, 22, 0
1968, 3, 54, 371, 6, 0, 52.83%, 8, 0, 7, 134.14, 536897, 215, 23, 0
1974, 3, 227, 371, 6, 0, 52.83%, 8, 0, 7, 135.26, 537601, 215, 24, 0
1979, 3, 60, 371, 5, 0, 52.83%, 8, 0, 7, 138.58, 538300, 215, 24, 0
1984, 3, 176, 371, 5, 0, 52.83%, 8, 0, 7, 143.48, 539004, 215, 24, 0
1989, 3, 297, 371, 5, 0, 52.83%, 8, 0, 7, 137.27, 539723, 215, 25, 0
1994, 3, 297, 371, 5, 0, 52.83%, 8, 0, 7, 147.04, 540483, 215, 25, 0
1999, 3, 271, 371, 4, 0, 52.83%, 8, 0, 7, 143.99, 541208, 215, 25, 0
2004, 3, 315, 371, 4, 0, 52.83%, 8, 0, 7, 135.56, 541910, 215, 25, 0
2009, 3, 310, 371, 4, 0, 52.83%, 8, 0, 7, 132.43, 542583, 215, 25, 0
2014, 3, 260, 371, 4, 0, 52.83%, 8, 0, 7, 131.56, 543258, 215, 25, 0
2020, 3, 176, 371, 4, 0, 52.83%, 8, 0, 7, 135.62, 543962, 215, 25, 0
2025, 3, 268, 371, 4, 0, 52.83%, 10, 0, 7, 138.19, 544684, 215, 31, 0
2030, 3, 368, 371, 4, 0, 52.83%, 10, 0, 7, 146.84, 545425, 215, 31, 0
2035, 3, 179, 371, 4, 0, 52.83%, 10, 0, 7, 130.67, 546078, 215, 31, 0
2040, 3, 349, 371, 4, 0, 52.83%, 10, 0, 7, 130.60, 546750, 215, 32, 0
2045, 3, 323, 371, 4, 0, 52.83%, 10, 0, 7, 129.31, 547406, 215, 32, 0
2050, 3, 356, 371, 4, 0, 52.83%, 10, 0, 7, 145.19, 548140, 215, 32, 0
2055, 3, 291, 371, 4, 0, 52.83%, 10, 0, 7, 142.58, 548848, 215, 32, 0
2060, 3, 31, 371, 4, 0, 52.83%, 10, 0, 7, 130.76, 549501, 215, 33, 0
2065, 3, 338, 371, 4, 0, 52.83%, 10, 0, 7, 145.32, 550247, 215, 34, 0
2070, 3, 338, 371, 4, 0, 52.83%, 10, 0, 7, 139.49, 550927, 215, 34, 0
2075, 3, 16, 371, 3, 0, 52.83%, 10, 0, 7, 136.41, 551585, 215, 34, 0
2080, 3, 329, 371, 3, 0, 52.83%, 10, 0, 7, 134.55, 552262, 215, 34, 0
2086, 3, 187, 371, 3, 0, 52.83%, 10, 0, 7, 137.87, 552947, 215, 34, 0
2091, 3, 291, 371, 3, 0, 52.83%, 10, 0, 7, 132.87, 553652, 215, 35, 0
2096, 3, 329, 371, 3, 0, 52.83%, 10, 0, 7, 137.40, 554370, 215, 35, 0
2101, 3, 153, 371, 3, 0, 52.83%, 10, 0, 7, 131.88, 555028, 215, 35, 0
2106, 3, 74, 371, 3, 0, 52.83%, 10, 0, 7, 129.47, 555691, 215, 35, 0
2111, 3, 271, 371, 3, 0, 52.83%, 10, 0, 7, 128.96, 556367, 215, 35, 0
2116, 3, 336, 371, 3, 0, 52.83%, 10, 0, 7, 139.56, 557096, 215, 35, 0
2121, 3, 315, 371, 3, 0, 52.83%, 10, 0, 7, 141.53, 557800, 215, 35, 0
2126, 3, 336, 371, 3, 0, 52.83%, 10, 0, 7, 143.52, 558543, 215, 39, 0
2131, 3, 32, 371, 3, 0, 52.83%, 10, 0, 7, 173.74, 559396, 215, 39, 0
2137, 3, 136, 371, 3, 0, 52.83%, 10, 0, 7, 359.87, 561245, 215, 39, 0
2142, 3, 91, 371, 3, 0, 52.83%, 10, 0, 7, 455.41, 563812, 215, 39, 0
2147, 3, 349, 371, 3, 0, 52.83%, 11, 0, 7, 457.44, 566162, 215, 43, 0
2152, 3, 349, 371, 3, 0, 52.83%, 11, 0, 7, 434.29, 568331, 215, 43, 0
2157, 3, 143, 371, 3, 0, 52.83%, 11, 0, 7, 426.52, 570508, 215, 44, 0
2162, 4, 77, 373, 5, 0, 52.83%, 11, 0, 7, 456.11, 572862, 215, 44, 0
2167, 4, 373, 374, 6, 1, 54.30%, 11, 0, 7, 454.54, 575147, 221, 46, 0
2172, 4, 379, 391, 22, 5, 61.67%, 11, 0, 7, 451.16, 577429, 251, 46, 0
2177, 4, 378, 391, 20, 3, 61.67%, 11, 0, 7, 440.74, 579712, 251, 46, 0
2182, 4, 375, 393, 21, 2, 61.67%, 11, 0, 7, 456.08, 581980, 251, 46, 0
2188, 4, 375, 440, 68, 2, 61.92%, 11, 0, 7, 436.46, 584216, 252, 46, 0
2193, 4, 375, 454, 82, 2, 61.92%, 11, 0, 7, 459.60, 586604, 252, 46, 0
2198, 4, 375, 458, 86, 2, 61.92%, 11, 0, 7, 463.35, 588909, 252, 46, 0
2203, 4, 438, 459, 85, 2, 61.92%, 11, 0, 7, 466.85, 591236, 252, 46, 0
2208, 4, 384, 459, 84, 1, 61.92%, 11, 0, 7, 477.03, 593671, 252, 46, 0
2213, 4, 394, 459, 82, 0, 61.92%, 11, 0, 7, 501.43, 596172, 252, 46, 0
2218, 4, 193, 459, 80, 0, 61.92%, 11, 0, 7, 475.41, 598541, 252, 46, 0
2223, 4, 391, 459, 79, 0, 61.92%, 11, 0, 7, 459.00, 600804, 252, 46, 0
2228, 4, 409, 460, 78, 0, 61.92%, 11, 0, 7, 442.79, 603062, 252, 46, 0
2233, 4, 418, 460, 76, 0, 61.92%, 11, 0, 7, 463.35, 605472, 252, 46, 0
2238, 4, 260, 460, 74, 0, 61.92%, 11, 0, 7, 479.64, 607864, 252, 46, 0
2243, 4, 318, 461, 74, 0, 61.92%, 11, 0, 7, 472.97, 610281, 252, 46, 0
2248, 4, 454, 461, 73, 0, 61.92%, 11, 0, 7, 491.00, 612778, 252, 46, 0
2253, 4, 181, 461, 71, 0, 61.92%, 11, 0, 7, 475.46, 615241, 252, 46, 0
2258, 4, 450, 461, 70, 0, 61.92%, 11, 0, 7, 471.50, 617655, 252, 46, 0
2263, 4, 439, 461, 69, 0, 61.92%, 11, 0, 7, 464.41, 620013, 252, 46, 0
2269, 4, 376, 461, 67, 0, 61.92%, 11, 0, 7, 482.25, 622440, 252, 46, 0
2274, 4, 336, 461, 65, 0, 61.92%, 11, 0, 7, 467.11, 624756, 252, 46, 0
2279, 4, 318, 461, 64, 0, 61.92%, 11, 0, 7, 470.56, 627095, 252, 46, 0
2284, 4, 458, 461, 63, 0, 61.92%, 11, 0, 7, 490.36, 629672, 252, 46, 0
2289, 4, 161, 461, 60, 0, 61.92%, 11, 0, 7, 503.56, 632212, 252, 46, 0
2294, 4, 401, 461, 59, 0, 61.92%, 11, 0, 7, 469.02, 634602, 252, 46, 0
2299, 4, 382, 461, 57, 0, 61.92%, 11, 0, 7, 463.71, 636954, 252, 46, 0
2304, 4, 383, 461, 55, 0, 61.92%, 11, 0, 7, 467.43, 639298, 252, 46, 0
2309, 4, 129, 461, 53, 0, 61.92%, 11, 0, 7, 467.06, 641668, 252, 46, 0
2314, 4, 434, 461, 52, 0, 61.92%, 11, 0, 7, 454.29, 643943, 252, 46, 0
2319, 4, 389, 461, 51, 0, 61.92%, 11, 0, 7, 472.54, 646386, 252, 47, 0
2324, 4, 436, 462, 50, 0, 61.92%, 11, 0, 7, 491.32, 648834, 252, 48, 0
2329, 4, 403, 462, 48, 0, 61.92%, 11, 0, 7, 468.46, 651159, 252, 48, 0
2335, 4, 410, 462, 46, 0, 61.92%, 11, 0, 7, 450.09, 653406, 252, 48, 0
2340, 4, 444, 462, 44, 0, 61.92%, 11, 0, 7, 464.35, 655774, 252, 48, 0
2345, 4, 212, 462, 42, 0, 61.92%, 11, 0, 7, 473.12, 658097, 252, 48, 0
2350, 4, 77, 462, 41, 0, 61.92%, 12, 0, 7, 461.80, 660458, 252, 49, 0
2355, 4, 455, 462, 40, 0, 61.92%, 12, 0, 7, 458.99, 662774, 252, 49, 0
2360, 4, 428, 463, 40, 0, 61.92%, 12, 0, 7, 438.47, 664981, 252, 49, 0
2365, 4, 432, 463, 38, 0, 61.92%, 12, 0, 7, 452.65, 667278, 252, 49, 0
2370, 4, 422, 463, 37, 0, 61.92%, 12, 0, 7, 486.14, 669773, 252, 49, 0
2375, 4, 140, 463, 35, 0, 61.92%, 12, 0, 7, 473.21, 672157, 252, 49, 0
2380, 4, 324, 463, 34, 0, 61.92%, 12, 0, 7, 436.31, 674302, 252, 49, 0
2385, 4, 291, 463, 32, 0, 61.92%, 12, 0, 7, 458.52, 676686, 252, 49, 0
2390, 4, 442, 463, 31, 0, 61.92%, 12, 0, 7, 478.25, 679118, 252, 49, 0
2395, 4, 457, 463, 29, 0, 61.92%, 12, 0, 7, 466.44, 681457, 252, 49, 0
2400, 4, 446, 463, 28, 0, 61.92%, 12, 0, 7, 454.57, 683749, 252, 49, 0
2405, 4, 459, 463, 26, 0, 61.92%, 12, 0, 7, 480.99, 686200, 252, 49, 0
2410, 4, 426, 463, 25, 0, 61.92%, 12, 0, 7, 485.71, 688647, 252, 49, 0
2416, 4, 291, 463, 23, 0, 61.92%, 12, 0, 7, 468.51, 691042, 252, 51, 0
2421, 4, 148, 463, 22, 0, 61.92%, 12, 0, 7, 473.09, 693525, 252, 52, 0
2426, 4, 447, 463, 22, 0, 61.92%, 12, 0, 7, 489.14, 696114, 252, 52, 0
2431, 4, 412, 463, 20, 0, 61.92%, 12, 0, 7, 483.88, 698570, 252, 52, 0
2436, 4, 271, 463, 19, 0, 61.92%, 12, 0, 7, 493.03, 701081, 252, 52, 0
2441, 4, 141, 463, 18, 0, 61.92%, 12, 0, 7, 480.45, 703486, 252, 52, 0
2446, 4, 339, 463, 17, 0, 61.92%, 12, 0, 7, 476.12, 705912, 252, 52, 0
2451, 4, 208, 463, 16, 0, 61.92%, 12, 0, 7, 482.10, 708343, 252, 52, 0
2456, 4, 393, 463, 15, 0, 61.92%, 12, 0, 7, 473.06, 710781, 252, 52, 0
2461, 4, 395, 463, 14, 0, 61.92%, 12, 0, 7, 464.31, 713075, 252, 52, 0
2466, 4, 339, 463, 13, 0, 61.92%, 12, 0, 7, 488.85, 715557, 252, 52, 0
2471, 4, 322, 463, 12, 0, 61.92%, 12, 0, 7, 457.57, 717753, 252, 52, 0
2476, 4, 449, 463, 11, 0, 61.92%, 12, 0, 7, 477.81, 720207, 252, 52, 0
2482, 4, 440, 463, 10, 0, 61.92%, 12, 0, 7, 466.53, 722555, 252, 52, 0
2487, 4, 11, 463, 9, 0, 61.92%, 12, 0, 7, 465.05, 724976, 252, 52, 0
2492, 4, 461, 463, 9, 0, 61.92%, 12, 0, 7, 453.67, 727300, 252, 52, 0
2497, 4, 37, 465, 10, 0, 61.92%, 12, 0, 7, 481.98, 729797, 252, 52, 0
2502, 4, 266, 465, 10, 0, 61.92%, 12, 0, 7, 446.62, 731969, 252, 52, 0
2507, 4, 463, 467, 12, 0, 62.16%, 12, 0, 7, 446.56, 734278, 253, 52, 0
2512, 4, 463, 468, 13, 0, 62.16%, 12, 0, 7, 494.50, 736761, 253, 52, 0
2517, 4, 466, 468, 12, 1, 62.16%, 12, 0, 7, 456.41, 739050, 253, 52, 0
2522, 4, 315, 468, 11, 0, 62.16%, 12, 0, 7, 454.35, 741318, 253, 52, 0
2527, 4, 220, 468, 10, 0, 62.16%, 12, 0, 7, 439.18, 743540, 253, 52, 0
2533, 4, 310, 468, 9, 0, 62.16%, 12, 0, 7, 500.25, 746225, 253, 52, 0
2538, 5, 492, 494, 35, 6, 63.39%, 12, 0, 7, 486.86, 748666, 258, 52, 0
2543, 5, 493, 494, 33, 4, 63.39%, 12, 0, 7, 458.51, 751034, 258, 52, 0
2548, 5, 478, 494, 32, 3, 63.39%, 12, 0, 7, 443.11, 753330, 258, 52, 0
2553, 5, 482, 494, 30, 1, 63.39%, 12, 0, 7, 438.65, 755498, 258, 52, 0
2558, 5, 486, 494, 29, 1, 63.39%, 12, 0, 7, 431.72, 757729, 258, 52, 0
2563, 5, 483, 494, 28, 0, 63.39%, 12, 0, 7, 459.51, 760106, 258, 53, 0
2568, 5, 397, 494, 26, 0, 63.39%, 12, 0, 7, 473.46, 762429, 258, 53, 0
2573, 5, 310, 494, 24, 0, 63.39%, 12, 0, 7, 474.38, 764848, 258, 53, 0
2579, 5, 473, 494, 23, 0, 63.39%, 12, 0, 7, 493.04, 767376, 258, 53, 0
2584, 5, 489, 494, 21, 0, 63.39%, 12, 0, 7, 461.30, 769663, 258, 53, 0
2589, 5, 34, 494, 20, 0, 63.39%, 12, 0, 7, 460.84, 772029, 258, 53, 0
2594, 5, 481, 494, 20, 0, 63.39%, 12, 0, 7, 469.21, 774434, 258, 53, 0
2599, 5, 279, 494, 18, 0, 63.39%, 12, 0, 7, 472.42, 776851, 258, 53, 0
2604, 5, 271, 494, 17, 0, 63.39%, 12, 0, 7, 459.51, 779166, 258, 53, 0
2609, 5, 466, 494, 17, 0, 63.39%, 12, 0, 7, 467.08, 781526, 258, 53, 0
2614, 5, 488, 494, 16, 0, 63.39%, 12, 0, 7, 483.66, 783996, 258, 53, 0
2619, 5, 274, 494, 14, 0, 63.39%, 12, 0, 7, 459.85, 786349, 258, 53, 0
2624, 5, 227, 494, 13, 0, 63.39%, 12, 0, 7, 476.49, 788847, 258, 53, 0
2629, 5, 322, 494, 13, 0, 63.39%, 12, 0, 7, 426.54, 790980, 258, 55, 0
2634, 5, 460, 494, 12, 0, 63.39%, 12, 0, 7, 423.63, 793062, 258, 55, 0
2639, 5, 469, 494, 12, 0, 63.39%, 12, 0, 7, 440.49, 795306, 258, 55, 0
2645, 5, 44, 494, 11, 0, 63.39%, 12, 0, 7, 463.60, 797709, 258, 55, 0
2650, 5, 470, 494, 10, 0, 63.39%, 12, 0, 7, 476.98, 800223, 258, 55, 0
2655, 5, 418, 494, 9, 0, 63.39%, 12, 0, 7, 464.53, 802606, 258, 55, 0
2660, 5, 70, 494, 8, 0, 63.39%, 12, 0, 7, 469.79, 804999, 258, 57, 0
2665, 5, 141, 494, 7, 0, 63.39%, 12, 0, 7, 470.90, 807335, 258, 58, 0
2670, 5, 176, 494, 7, 0, 63.39%, 12, 0, 7, 456.71, 809619, 258, 58, 0
2675, 5, 438, 494, 7, 0, 63.39%, 12, 0, 7, 448.25, 811855, 258, 60, 0
2680, 5, 16, 494, 7, 0, 63.39%, 12, 0, 7, 442.64, 814088, 258, 60, 0
2685, 5, 453, 494, 6, 0, 63.39%, 12, 0, 7, 456.67, 816471, 258, 60, 0
2690, 5, 282, 494, 6, 0, 63.39%, 12, 0, 7, 460.57, 818766, 258, 63, 0
2695, 5, 315, 494, 6, 0, 63.39%, 12, 0, 7, 463.35, 821126, 258, 64, 0
2701, 5, 271, 495, 6, 0, 63.64%, 12, 0, 7, 474.06, 823574, 259, 64, 0
2706, 5, 435, 496, 6, 0, 63.64%, 12, 0, 7, 457.04, 825868, 259, 64, 0
2711, 5, 453, 496, 5, 0, 63.64%, 12, 0, 7, 467.38, 828253, 259, 64, 0
2716, 5, 319, 496, 5, 0, 63.64%, 12, 0, 7, 448.42, 830468, 259, 64, 0
2721, 5, 476, 496, 5, 0, 63.64%, 12, 0, 7, 446.18, 832706, 259, 64, 0
2726, 5, 495, 496, 4, 0, 63.64%, 12, 0, 7, 437.59, 834981, 259, 64, 0
2731, 5, 248, 496, 3, 0, 63.64%, 12, 0, 7, 439.34, 837242, 259, 64, 0
2736, 5, 271, 496, 3, 0, 63.64%, 12, 0, 7, 477.93, 839663, 259, 65, 0
2741, 5, 161, 496, 2, 0, 63.64%, 12, 0, 7, 478.23, 842071, 259, 65, 0
2746, 5, 50, 496, 2, 0, 63.64%, 12, 0, 7, 467.01, 844400, 259, 65, 0
2751, 5, 13, 496, 2, 0, 63.64%, 12, 0, 7, 452.88, 846614, 259, 67, 0
2756, 5, 479, 496, 2, 0, 63.64%, 12, 0, 7, 475.39, 849024, 259, 69, 0
2761, 5, 277, 496, 1, 0, 63.64%, 12, 0, 7, 448.94, 851261, 259, 69, 0
2766, 6, 498, 499, 4, 2, 64.37%, 12, 0, 7, 450.35, 853520, 262, 73, 0
2771, 6, 498, 499, 2, 0, 64.37%, 12, 0, 7, 457.47, 855847, 262, 73, 0
2777, 6, 10, 499, 2, 0, 64.37%, 12, 0, 7, 461.59, 858183, 262, 73, 0
2782, 6, 356, 499, 2, 0, 64.37%, 12, 0, 7, 469.34, 860611, 262, 74, 0
2787, 6, 260, 499, 2, 0, 64.37%, 12, 0, 7, 482.20, 863148, 262, 74, 0
2792, 6, 329, 499, 1, 0, 64.37%, 12, 0, 7, 494.71, 865608, 262, 75, 0
2797, 6, 319, 499, 1, 0, 64.37%, 12, 0, 7, 478.82, 868008, 262, 75, 0
2802, 6, 248, 499, 1, 0, 64.37%, 12, 0, 7, 481.75, 870529, 262, 75, 0
2807, 6, 491, 499, 1, 0, 64.37%, 12, 0, 7, 451.19, 872797, 262, 75, 0
2812, 6, 453, 499, 1, 0, 64.37%, 12, 0, 7, 471.88, 875129, 262, 76, 0
2817, 6, 307, 499, 1, 0, 64.37%, 12, 0, 7, 455.58, 877541, 262, 76, 0
2822, 6, 291, 499, 1, 0, 64.37%, 12, 0, 7, 469.66, 880026, 262, 76, 0
2827, 6, 31, 499, 1, 0, 64.37%, 12, 0, 7, 464.95, 882337, 262, 82, 0
2832, 6, 361, 499, 1, 0, 64.37%, 12, 0, 7, 453.22, 884645, 262, 86, 0
2838, 6, 24, 499, 1, 0, 64.37%, 12, 0, 7, 467.56, 887110, 262, 86, 0
2843, 6, 291, 499, 1, 0, 64.37%, 12, 0, 7, 457.25, 889417, 262, 86, 0
2848, 6, 46, 499, 1, 0, 64.37%, 12, 0, 7, 458.65, 891773, 262, 88, 0
2853, 6, 14, 499, 1, 0, 64.37%, 12, 0, 7, 450.02, 894139, 262, 92, 0
2858, 6, 260, 499, 0, 0, 64.37%, 12, 0, 7, 482.16, 896560, 262, 92, 0
2863, 6, 316, 499, 0, 0, 64.37%, 12, 0, 7, 471.41, 899000, 262, 92, 0
2868, 6, 84, 499, 0, 0, 64.37%, 12, 0, 7, 469.73, 901346, 262, 92, 0
2873, 6, 34, 499, 0, 0, 64.37%, 12, 0, 7, 470.77, 903716, 262, 94, 0
2878, 6, 494, 499, 0, 0, 64.37%, 12, 0, 7, 446.89, 905981, 262, 94, 0
2883, 6, 300, 499, 0, 0, 64.37%, 12, 0, 7, 431.25, 908201, 262, 94, 0
2888, 6, 329, 499, 0, 0, 64.37%, 12, 0, 7, 435.06, 910388, 262, 95, 0
2893, 6, 356, 499, 0, 0, 64.37%, 12, 0, 7, 459.06, 912715, 262, 95, 0
2898, 6, 161, 499, 0, 0, 64.37%, 12, 0, 7, 437.12, 914884, 262, 100, 0
2903, 6, 174, 499, 0, 0, 64.37%, 12, 0, 7, 424.56, 917053, 262, 101, 0
2908, 6, 494, 500, 1, 0, 64.37%, 12, 0, 7, 443.71, 919271, 262, 101, 0
2913, 6, 110, 500, 1, 0, 64.37%, 12, 0, 7, 457.78, 921519, 262, 103, 0
2918, 7, 339, 500, 1, 0, 64.37%, 12, 0, 7, 432.99, 923710, 262, 103, 0
2924, 7, 84, 500, 1, 0, 64.37%, 12, 0, 7, 437.90, 925880, 262, 104, 0
2929, 7, 50, 500, 1, 0, 64.37%, 12, 0, 7, 461.01, 928225, 262, 105, 0
2934, 7, 499, 500, 1, 0, 64.37%, 12, 0, 7, 476.42, 930610, 262, 109, 0
2939, 7, 24, 500, 0, 0, 64.37%, 12, 0, 7, 471.02, 933089, 262, 111, 0
2944, 7, 166, 500, 0, 0, 64.37%, 12, 0, 7, 458.03, 935449, 262, 111, 0
2949, 7, 154, 500, 0, 0, 64.37%, 12, 0, 7, 446.88, 937704, 262, 113, 0
2954, 7, 310, 500, 0, 0, 64.37%, 12, 0, 7, 460.32, 940067, 262, 115, 0
2959, 7, 405, 500, 0, 0, 64.37%, 12, 0, 7, 442.39, 942340, 262, 117, 0
2964, 7, 44, 500, 0, 0, 64.37%, 12, 0, 7, 488.73, 944813, 262, 117, 0
2969, 7, 34, 500, 0, 0, 64.37%, 12, 0, 7, 482.35, 947226, 262, 117, 0
2974, 7, 291, 500, 0, 0, 64.37%, 12, 0, 7, 467.67, 949554, 262, 119, 0
2980, 7, 452, 500, 0, 0, 64.37%, 12, 0, 7, 456.39, 951895, 262, 120, 0
2985, 7, 339, 500, 0, 0, 64.37%, 12, 0, 7, 442.57, 954114, 262, 120, 0
2990, 7, 158, 500, 0, 0, 64.37%, 12, 0, 7, 438.32, 956317, 262, 120, 0
2995, 7, 50, 500, 0, 0, 64.37%, 12, 0, 7, 438.11, 958476, 262, 120, 0
3000, 7, 425, 500, 0, 0, 64.37%, 12, 0, 7, 468.05, 960834, 262, 122, 0
3005, 7, 310, 500, 0, 0, 64.37%, 12, 0, 7, 452.56, 963109, 262, 123, 0
3010, 7, 315, 500, 0, 0, 64.37%, 12, 0, 7, 480.09, 965531, 262, 124, 0
3015, 7, 161, 500, 0, 0, 64.37%, 12, 0, 7, 476.10, 967960, 262, 124, 0
3020, 7, 298, 500, 0, 0, 64.37%, 12, 0, 7, 449.78, 970228, 262, 124, 0
3025, 7, 50, 500, 0, 0, 64.37%, 12, 0, 7, 451.99, 972538, 262, 124, 0
3030, 7, 427, 500, 0, 0, 64.37%, 12, 0, 7, 486.63, 975041, 262, 127, 0
3035, 7, 356, 500, 0, 0, 64.37%, 12, 0, 7, 476.07, 977434, 262, 127, 0
3040, 7, 310, 500, 0, 0, 64.37%, 12, 0, 7, 492.96, 979980, 262, 128, 0
3045, 7, 50, 500, 0, 0, 64.37%, 12, 0, 7, 463.91, 982307, 262, 128, 0
3050, 7, 291, 500, 0, 0, 64.37%, 12, 0, 7, 478.76, 984765, 262, 130, 0
3055, 7, 401, 500, 0, 0, 64.37%, 12, 0, 7, 490.08, 987180, 262, 131, 0
3060, 7, 336, 500, 0, 0, 64.37%, 12, 0, 7, 456.93, 989447, 262, 131, 0
3065, 7, 360, 500, 0, 0, 64.37%, 12, 0, 7, 467.11, 991816, 262, 133, 0
3070, 8, 175, 500, 0, 0, 64.37%, 12, 0, 7, 449.80, 994078, 262, 133, 0
3075, 8, 104, 500, 0, 0, 64.37%, 12, 0, 7, 458.36, 996369, 262, 133, 0
3081, 8, 349, 500, 0, 0, 64.37%, 12, 0, 7, 457.32, 998701, 262, 133, 0
3086, 8, 360, 500, 0, 0, 64.37%, 12, 0, 7, 451.90, 1000965, 262, 133, 0
3091, 8, 291, 500, 0, 0, 64.37%, 12, 0, 7, 488.65, 1003405, 262, 134, 0
3096, 8, 310, 500, 0, 0, 64.37%, 12, 0, 7, 487.51, 1005840, 262, 136, 0
3101, 8, 438, 500, 0, 0, 64.37%, 12, 0, 7, 461.16, 1008140, 262, 136, 0
3106, 8, 453, 500, 0, 0, 64.37%, 12, 0, 7, 475.50, 1010600, 262, 136, 0
3111, 8, 198, 500, 0, 0, 64.37%, 12, 0, 7, 494.25, 1013089, 262, 136, 0
3116, 8, 77, 500, 0, 0, 64.37%, 12, 0, 7, 470.58, 1015424, 262, 136, 0
3121, 8, 252, 500, 0, 0, 64.37%, 12, 0, 7, 461.18, 1017820, 262, 136, 0
3126, 8, 346, 500, 0, 0, 64.37%, 12, 0, 7, 473.04, 1020210, 262, 136, 0
3131, 8, 318, 500, 0, 0, 64.37%, 12, 0, 7, 459.58, 1022538, 262, 140, 0
3136, 8, 34, 500, 0, 0, 64.37%, 12, 0, 7, 432.45, 1024750, 262, 140, 0
3141, 8, 489, 500, 0, 0, 64.37%, 12, 0, 7, 456.01, 1027030, 262, 140, 0
3146, 8, 13, 500, 0, 0, 64.37%, 12, 0, 7, 480.87, 1029452, 262, 140, 0
3151, 8, 24, 500, 0, 0, 64.37%, 12, 0, 7, 451.95, 1031689, 262, 140, 0
3156, 8, 142, 500, 0, 0, 64.37%, 12, 0, 7, 433.81, 1033929, 262, 140, 0
3161, 8, 379, 500, 0, 0, 64.37%, 12, 0, 7, 450.59, 1036195, 262, 141, 0
3167, 8, 438, 500, 0, 0, 64.37%, 12, 0, 7, 443.81, 1038507, 262, 143, 0
3172, 8, 326, 500, 0, 0, 64.37%, 12, 0, 7, 456.20, 1040862, 262, 143, 0
3177, 8, 384, 500, 0, 0, 64.37%, 12, 0, 7, 456.51, 1043133, 262, 143, 0
3182, 8, 381, 500, 0, 0, 64.37%, 12, 0, 7, 463.31, 1045467, 262, 143, 0
3187, 8, 310, 500, 0, 0, 64.37%, 12, 0, 7, 465.16, 1047877, 262, 144, 0
3192, 8, 274, 500, 0, 0, 64.37%, 12, 0, 7, 432.19, 1050065, 262, 144, 0
3197, 8, 34, 500, 0, 0, 64.37%, 12, 0, 7, 440.52, 1052292, 262, 144, 0
3202, 8, 440, 500, 0, 0, 64.37%, 12, 0, 7, 436.26, 1054484, 262, 144, 0
3207, 9, 280, 502, 2, 0, 64.37%, 12, 0, 7, 455.23, 1056930, 262, 146, 0
3212, 9, 24, 502, 2, 0, 64.37%, 12, 0, 7, 463.83, 1059251, 262, 148, 0
3218, 9, 34, 502, 2, 0, 64.37%, 12, 0, 7, 472.54, 1061705, 262, 148, 0
3223, 9, 291, 502, 2, 0, 64.37%, 12, 0, 7, 434.28, 1063891, 262, 149, 0
3228, 9, 106, 502, 1, 0, 64.37%, 12, 0, 7, 429.35, 1066091, 262, 149, 0
3233, 9, 84, 502, 1, 0, 64.37%, 12, 0, 7, 484.95, 1068618, 262, 149, 0
3238, 9, 443, 502, 1, 0, 64.37%, 12, 0, 7, 458.82, 1070859, 262, 149, 0
3243, 9, 44, 502, 1, 0, 64.37%, 12, 0, 7, 479.43, 1073361, 262, 149, 0
3248, 9, 343, 502, 1, 0, 64.37%, 12, 0, 7, 475.05, 1075742, 262, 149, 0
3253, 9, 252, 502, 1, 0, 64.37%, 12, 0, 7, 456.17, 1077981, 262, 151, 0
3258, 9, 27, 502, 1, 0, 64.37%, 12, 0, 7, 456.93, 1080266, 262, 151, 0
3263, 9, 315, 502, 1, 0, 64.37%, 12, 0, 7, 455.23, 1082590, 262, 151, 0
3268, 9, 329, 502, 1, 0, 64.37%, 12, 0, 7, 461.73, 1084938, 262, 153, 0
3273, 9, 86, 502, 1, 0, 64.37%, 12, 0, 7, 455.51, 1087231, 262, 153, 0
3279, 9, 466, 502, 1, 0, 64.37%, 12, 0, 7, 470.47, 1089624, 262, 154, 0
3284, 9, 77, 502, 1, 0, 64.37%, 12, 0, 7, 464.85, 1091932, 262, 154, 0
3289, 9, 191, 502, 1, 0, 64.37%, 12, 0, 7, 455.67, 1094327, 262, 156, 0
3294, 9, 486, 502, 1, 0, 64.37%, 12, 0, 7, 443.37, 1096595, 262, 158, 0
3299, 9, 248, 502, 1, 0, 64.37%, 12, 0, 7, 441.83, 1098861, 262, 158, 0
3304, 9, 161, 502, 1, 0, 64.37%, 12, 0, 7, 426.18, 1100971, 262, 158, 0
3309, 9, 50, 502, 1, 0, 64.37%, 12, 0, 7, 441.07, 1103191, 262, 159, 0
3314, 9, 24, 502, 1, 0, 64.37%, 12, 0, 7, 420.18, 1105291, 262, 159, 0
3319, 9, 289, 503, 2, 0, 64.37%, 12, 0, 7, 442.08, 1107554, 262, 162, 0
3324, 9, 319, 503, 2, 0, 64.37%, 12, 0, 7, 450.64, 1109825, 262, 162, 0
3329, 9, 502, 503, 2, 0, 64.37%, 12, 0, 7, 472.35, 1112175, 262, 169, 0
3334, 9, 205, 503, 1, 0, 64.37%, 12, 0, 7, 464.18, 1114502, 262, 181, 0
3339, 9, 379, 503, 1, 0, 64.37%, 13, 0, 7, 469.51, 1116851, 262, 187, 0
3344, 9, 291, 503, 1, 0, 64.37%, 13, 0, 7, 474.59, 1119317, 262, 189, 0
3349, 10, 16, 504, 2, 0, 64.37%, 13, 0, 7, 456.41, 1121613, 262, 190, 0
3354, 10, 346, 504, 2, 0, 64.37%, 13, 0, 7, 469.61, 1123950, 262, 193, 0
3360, 10, 291, 504, 2, 0, 64.37%, 13, 0, 7, 438.51, 1126156, 262, 196, 0
3365, 10, 252, 504, 2, 0, 64.37%, 13, 0, 7, 454.28, 1128508, 262, 196, 0
3370, 10, 24, 504, 1, 0, 64.37%, 13, 0, 7, 464.71, 1130857, 262, 196, 0
3375, 10, 16, 504, 1, 0, 64.37%, 13, 0, 7, 464.63, 1133199, 262, 200, 0
3380, 10, 478, 504, 1, 0, 64.37%, 13, 0, 7, 450.38, 1135516, 262, 202, 0
3385, 10, 349, 504, 1, 0, 64.37%, 13, 0, 7, 453.86, 1137799, 262, 202, 0
3390, 10, 50, 504, 1, 0, 64.37%, 13, 0, 7, 462.56, 1140186, 262, 202, 0
3395, 10, 77, 504, 1, 0, 64.37%, 13, 0, 7, 434.67, 1142310, 262, 202, 0
3400, 10, 77, 504, 1, 0, 64.37%, 13, 0, 7, 451.38, 1144546, 262, 204, 0
3405, 10, 130, 504, 1, 0, 64.37%, 13, 0, 7, 454.09, 1146823, 262, 204, 0
3410, 10, 141, 504, 1, 0, 64.37%, 13, 0, 7, 469.89, 1149190, 262, 204, 0
3415, 10, 291, 504, 1, 0, 64.37%, 13, 0, 7, 448.22, 1151469, 262, 206, 0
3420, 10, 259, 504, 1, 0, 64.37%, 13, 0, 7, 468.45, 1153829, 262, 207, 0
3425, 10, 336, 504, 1, 0, 64.37%, 13, 0, 7, 470.59, 1156184, 262, 207, 0
3430, 10, 422, 504, 1, 0, 64.37%, 13, 0, 7, 495.49, 1158696, 262, 207, 0
3435, 10, 315, 504, 1, 0, 64.37%, 13, 0, 7, 488.93, 1161173, 262, 208, 0
3440, 10, 17, 504, 1, 0, 64.37%, 13, 0, 7, 449.67, 1163403, 262, 208, 0
3446, 10, 77, 504, 0, 0, 64.37%, 13, 0, 7, 443.58, 1165723, 262, 208, 0
3451, 10, 310, 504, 0, 0, 64.37%, 13, 0, 7, 471.32, 1168106, 262, 210, 0
3456, 10, 205, 504, 0, 0, 64.37%, 13, 0, 7, 455.46, 1170417, 262, 210, 0
3461, 10, 280, 504, 0, 0, 64.37%, 13, 0, 7, 440.70, 1172657, 262, 211, 0
3466, 10, 122, 504, 0, 0, 64.37%, 13, 0, 7, 416.37, 1174766, 262, 211, 0
3471, 10, 258, 504, 0, 0, 64.37%, 13, 0, 7, 428.75, 1176964, 262, 213, 0
3476, 10, 271, 504, 0, 0, 64.37%, 13, 0, 7, 459.55, 1179278, 262, 213, 0
3481, 10, 143, 504, 0, 0, 64.37%, 13, 0, 7, 438.98, 1181444, 262, 217, 0
3486, 10, 176, 504, 0, 0, 64.37%, 13, 0, 7, 444.72, 1183651, 262, 217, 0
3491, 10, 376, 504, 0, 0, 64.37%, 13, 0, 7, 435.01, 1185837, 262, 217, 0
3496, 11, 282, 504, 0, 0, 64.37%, 13, 0, 7, 442.68, 1188083, 262, 223, 0
3501, 11, 261, 504, 0, 0, 64.37%, 13, 0, 7, 425.23, 1190188, 262, 224, 0
3506, 11, 10, 504, 0, 0, 64.37%, 13, 0, 7, 444.53, 1192436, 262, 229, 0
3511, 11, 323, 504, 0, 0, 64.37%, 13, 0, 7, 471.93, 1194841, 262, 229, 0
3516, 11, 175, 504, 0, 0, 64.37%, 13, 0, 7, 456.95, 1197188, 262, 231, 0
3521, 11, 462, 504, 0, 0, 64.37%, 13, 0, 7, 454.37, 1199512, 262, 232, 0
3526, 11, 31, 504, 0, 0, 64.37%, 13, 0, 7, 465.65, 1201872, 262, 235, 0
3531, 11, 329, 504, 0, 0, 64.37%, 13, 0, 7, 451.56, 1204178, 262, 235, 0
3536, 11, 318, 504, 0, 0, 64.37%, 13, 0, 7, 437.50, 1206371, 262, 235, 0
3541, 11, 489, 504, 0, 0, 64.37%, 13, 0, 7, 440.19, 1208618, 262, 235, 0
3546, 11, 44, 506, 2, 0, 64.37%, 13, 0, 7, 458.25, 1210923, 262, 235, 0
3552, 11, 207, 506, 2, 0, 64.37%, 13, 0, 7, 444.39, 1213174, 262, 235, 0
3557, 11, 384, 506, 1, 0, 64.37%, 13, 0, 7, 476.22, 1215650, 262, 235, 0
3562, 11, 486, 506, 1, 0, 64.37%, 13, 0, 7, 442.83, 1217854, 262, 235, 0
3567, 11, 498, 506, 1, 0, 64.37%, 13, 0, 7, 451.37, 1220092, 262, 236, 0
3572, 11, 116, 506, 1, 0, 64.37%, 13, 0, 7, 451.74, 1222392, 262, 236, 0
3577, 11, 329, 506, 1, 0, 64.37%, 13, 0, 7, 468.02, 1224827, 262, 238, 0
3582, 11, 329, 506, 1, 0, 64.37%, 13, 0, 7, 484.44, 1227262, 262, 238, 0
3587, 11, 431, 506, 1, 0, 64.37%, 13, 0, 7, 453.67, 1229535, 262, 242, 0
3592, 11, 504, 506, 1, 0, 64.37%, 13, 0, 7, 479.95, 1231879, 262, 242, 0
3597, 11, 504, 506, 0, 0, 64.37%, 13, 0, 7, 464.64, 1234283, 262, 242, 0
3602, 11, 54, 506, 0, 0, 64.37%, 13, 0, 7, 471.08, 1236696, 262, 242, 0
3607, 11, 381, 506, 0, 0, 64.37%, 13, 0, 7, 453.86, 1239014, 262, 242, 0
3612, 11, 252, 506, 0, 0, 64.37%, 13, 0, 7, 492.90, 1241497, 262, 244, 0
3617, 11, 356, 506, 0, 0, 64.37%, 13, 0, 7, 443.63, 1243708, 262, 245, 0
3623, 11, 26, 506, 0, 0, 64.37%, 13, 0, 7, 464.04, 1246125, 262, 249, 0
3628, 11, 329, 506, 0, 0, 64.37%, 13, 0, 7, 472.13, 1248574, 262, 249, 0
3633, 11, 315, 506, 0, 0, 64.37%, 13, 0, 7, 464.31, 1250861, 262, 251, 0
3638, 11, 466, 506, 0, 0, 64.37%, 13, 0, 7, 452.28, 1253146, 262, 254, 0
3643, 11, 113, 506, 0, 0, 64.37%, 13, 0, 7, 472.25, 1255551, 262, 259, 0
3648, 12, 385, 508, 2, 0, 64.37%, 13, 0, 7, 456.24, 1257802, 262, 260, 0
3653, 12, 319, 508, 2, 0, 64.37%, 13, 0, 7, 471.52, 1260225, 262, 260, 0
3658, 12, 506, 508, 2, 0, 64.37%, 13, 0, 7, 459.26, 1262566, 262, 265, 0
3663, 12, 438, 508, 1, 0, 64.37%, 13, 0, 7, 447.00, 1264819, 262, 271, 0
3668, 12, 31, 508, 1, 0, 64.37%, 13, 0, 7, 464.57, 1267213, 262, 271, 0
3674, 12, 31, 508, 1, 0, 64.37%, 13, 0, 7, 457.31, 1269538, 262, 273, 0
3679, 12, 323, 508, 1, 0, 64.37%, 13, 0, 7, 452.27, 1271865, 262, 275, 0
3684, 12, 355, 508, 1, 0, 64.37%, 13, 0, 7, 446.81, 1274186, 262, 276, 0
3689, 12, 307, 508, 1, 0, 64.37%, 13, 0, 7, 438.22, 1276428, 262, 276, 0
3694, 12, 16, 508, 1, 0, 64.37%, 13, 0, 7, 440.83, 1278658, 262, 276, 0
3699, 12, 323, 508, 1, 0, 64.37%, 13, 0, 7, 447.05, 1280953, 262, 276, 0
3704, 12, 375, 508, 1, 0, 64.37%, 13, 0, 7, 454.69, 1283257, 262, 276, 0
3709, 12, 298, 508, 1, 0, 64.37%, 13, 0, 7, 440.64, 1285511, 262, 277, 0
3714, 12, 315, 508, 1, 0, 64.37%, 13, 0, 7, 449.28, 1287750, 262, 277, 0
3719, 12, 507, 508, 1, 0, 64.37%, 13, 0, 7, 455.95, 1290093, 262, 277, 0
3724, 12, 235, 508, 0, 0, 64.37%, 13, 0, 7, 439.25, 1292260, 262, 277, 0
3729, 12, 453, 508, 0, 0, 64.37%, 13, 0, 7, 433.58, 1294410, 262, 277, 0
3734, 12, 329, 508, 0, 0, 64.37%, 13, 0, 7, 460.45, 1296766, 262, 282, 0
3740, 12, 161, 508, 0, 0, 64.37%, 13, 0, 7, 454.16, 1299074, 262, 282, 0
3745, 12, 347, 508, 0, 0, 64.37%, 13, 0, 7, 448.57, 1301387, 262, 286, 0
3750, 12, 256, 508, 0, 0, 64.37%, 13, 0, 7, 428.63, 1303587, 262, 286, 0
3755, 12, 260, 508, 0, 0, 64.37%, 13, 0, 7, 465.00, 1305974, 262, 286, 0
3760, 12, 151, 508, 0, 0, 64.37%, 13, 0, 7, 438.15, 1308135, 262, 287, 0
3765, 12, 466, 508, 0, 0, 64.37%, 13, 0, 7, 460.40, 1310435, 262, 287, 0
3770, 12, 466, 508, 0, 0, 64.37%, 13, 0, 7, 454.58, 1312731, 262, 287, 0
3775, 12, 84, 508, 0, 0, 64.37%, 13, 0, 7, 439.01, 1314888, 262, 287, 0
3780, 12, 491, 508, 0, 0, 64.37%, 13, 0, 7, 416.93, 1316988, 262, 292, 0
3785, 12, 186, 508, 0, 0, 64.37%, 13, 0, 7, 454.75, 1319355, 262, 292, 0
3790, 12, 271, 508, 0, 0, 64.37%, 13, 0, 7, 420.08, 1321489, 262, 292, 0
3795, 12, 24, 508, 0, 0, 64.37%, 13, 0, 7, 422.86, 1323630, 262, 293, 0
3800, 12, 50, 508, 0, 0, 64.37%, 13, 0, 7, 461.30, 1325971, 262, 294, 0
3806, 13, 339, 509, 1, 0, 64.37%, 13, 0, 7, 440.83, 1328136, 262, 295, 0
3811, 13, 252, 509, 1, 0, 64.37%, 13, 0, 7, 446.27, 1330375, 262, 298, 0
3816, 13, 445, 509, 1, 0, 64.37%, 13, 0, 7, 442.40, 1332610, 262, 299, 0
3821, 13, 310, 509, 1, 0, 64.37%, 13, 0, 7, 468.39, 1334998, 262, 299, 0
3826, 13, 310, 509, 0, 0, 64.37%, 13, 0, 7, 466.73, 1337289, 262, 299, 0
3831, 13, 161, 509, 0, 0, 64.37%, 13, 0, 7, 445.22, 1339523, 262, 299, 0
3836, 13, 310, 509, 0, 0, 64.37%, 13, 0, 7, 459.42, 1341805, 262, 301, 0
3841, 13, 16, 509, 0, 0, 64.37%, 13, 0, 7, 439.63, 1344093, 262, 302, 0
3846, 13, 349, 509, 0, 0, 64.37%, 13, 0, 7, 441.82, 1346348, 262, 302, 0
3851, 13, 329, 509, 0, 0, 64.37%, 13, 0, 7, 449.80, 1348594, 262, 304, 0
3856, 13, 461, 509, 0, 0, 64.37%, 13, 0, 7, 448.51, 1350915, 262, 304, 0
3861, 13, 493, 509, 0, 0, 64.37%, 13, 0, 7, 445.27, 1353117, 262, 309, 0
3866, 13, 315, 509, 0, 0, 64.37%, 13, 0, 7, 464.27, 1355425, 262, 309, 0
3871, 13, 395, 509, 0, 0, 64.37%, 13, 0, 7, 451.18, 1357702, 262, 309, 0
3876, 13, 175, 509, 0, 0, 64.37%, 13, 0, 7, 437.79, 1359922, 262, 309, 0
3882, 13, 453, 509, 0, 0, 64.37%, 13, 0, 7, 452.59, 1362216, 262, 310, 0
3887, 13, 161, 509, 0, 0, 64.37%, 13, 0, 7, 454.67, 1364495, 262, 310, 0
3892, 13, 438, 509, 0, 0, 64.37%, 13, 0, 7, 418.97, 1366612, 262, 310, 0
3897, 13, 418, 509, 0, 0, 64.37%, 13, 0, 7, 439.72, 1368867, 262, 310, 0
3902, 13, 435, 509, 0, 0, 64.37%, 13, 0, 7, 467.34, 1371261, 262, 316, 0
3907, 13, 493, 509, 0, 0, 64.37%, 13, 0, 7, 438.94, 1373507, 262, 319, 0
3912, 13, 38, 509, 0, 0, 64.37%, 13, 0, 7, 441.85, 1375704, 262, 321, 0
3917, 13, 162, 509, 0, 0, 64.37%, 13, 0, 7, 426.27, 1377833, 262, 321, 0
3922, 13, 92, 509, 0, 0, 64.37%, 13, 0, 7, 464.04, 1380235, 262, 323, 0
3927, 13, 291, 509, 0, 0, 64.37%, 13, 0, 7, 438.80, 1382401, 262, 325, 0
3932, 13, 271, 509, 0, 0, 64.37%, 13, 0, 7, 443.40, 1384684, 262, 327, 0
3937, 13, 16, 509, 0, 0, 64.37%, 13, 0, 7, 419.77, 1386793, 262, 327, 0
3942, 13, 44, 509, 0, 0, 64.37%, 13, 0, 7, 411.08, 1388868, 262, 327, 0
3947, 13, 271, 509, 0, 0, 64.37%, 13, 0, 7, 448.07, 1391136, 262, 329, 0
3952, 13, 271, 509, 0, 0, 64.37%, 13, 0, 7, 451.07, 1393469, 262, 329, 0
3958, 14, 126, 509, 0, 0, 64.37%, 13, 0, 7, 461.63, 1395821, 262, 329, 0
3963, 14, 339, 509, 0, 0, 64.37%, 13, 0, 7, 439.06, 1398032, 262, 332, 0
3968, 14, 91, 509, 0, 0, 64.37%, 13, 0, 7, 448.65, 1400375, 262, 332, 0
3973, 14, 453, 509, 0, 0, 64.37%, 13, 0, 7, 446.95, 1402679, 262, 333, 0
3978, 14, 138, 509, 0, 0, 64.37%, 13, 0, 7, 445.91, 1404902, 262, 341, 0
3983, 14, 271, 509, 0, 0, 64.37%, 13, 0, 7, 475.62, 1407276, 262, 341, 0
3988, 14, 197, 509, 0, 0, 64.37%, 13, 0, 7, 443.66, 1409481, 262, 341, 0
3993, 14, 360, 509, 0, 0, 64.37%, 13, 0, 7, 447.82, 1411709, 262, 341, 0
3998, 14, 315, 509, 0, 0, 64.37%, 13, 0, 7, 435.53, 1413885, 262, 341, 0
4003, 14, 101, 509, 0, 0, 64.37%, 13, 0, 7, 445.37, 1416139, 262, 341, 0
4008, 14, 356, 509, 0, 0, 64.37%, 13, 0, 7, 445.49, 1418381, 262, 341, 0
4013, 14, 16, 509, 0, 0, 64.37%, 13, 0, 7, 458.90, 1420664, 262, 343, 0
4018, 14, 339, 509, 0, 0, 64.37%, 13, 0, 7, 445.22, 1422941, 262, 343, 0
4023, 14, 486, 509, 0, 0, 64.37%, 13, 0, 7, 434.30, 1425112, 262, 343, 0
4028, 14, 318, 509, 0, 0, 64.37%, 13, 0, 7, 467.42, 1427534, 262, 348, 0
4033, 14, 310, 509, 0, 0, 64.37%, 13, 0, 7, 476.80, 1430005, 262, 348, 0
4039, 14, 44, 509, 0, 0, 64.37%, 13, 0, 7, 455.82, 1432219, 262, 348, 0
4044, 14, 315, 509, 0, 0, 64.37%, 13, 0, 7, 453.60, 1434484, 262, 350, 0
4049, 14, 77, 509, 0, 0, 64.37%, 13, 0, 7, 473.30, 1436983, 262, 351, 0
4054, 14, 161, 509, 0, 0, 64.37%, 13, 0, 7, 478.59, 1439355, 262, 351, 0
4059, 14, 339, 509, 0, 0, 64.37%, 13, 0, 7, 470.05, 1441749, 262, 351, 0
4064, 14, 318, 509, 0, 0, 64.37%, 13, 0, 7, 454.84, 1444080, 262, 353, 0
4069, 14, 260, 509, 0, 0, 64.37%, 13, 0, 7, 465.92, 1446362, 262, 353, 0
4074, 14, 53, 509, 0, 0, 64.37%, 13, 0, 7, 455.45, 1448673, 262, 357, 0
4079, 14, 478, 509, 0, 0, 64.37%, 13, 0, 7, 461.96, 1450977, 262, 357, 0
4084, 14, 418, 509, 0, 0, 64.37%, 13, 0, 7, 437.82, 1453181, 262, 364, 0
4089, 14, 44, 509, 0, 0, 64.37%, 13, 0, 7, 456.44, 1455465, 262, 364, 0
4094, 14, 16, 509, 0, 0, 64.37%, 13, 0, 7, 469.01, 1457783, 262, 364, 0
4100, 14, 248, 509, 0, 0, 64.37%, 13, 0, 7, 418.95, 1459886, 262, 364, 0
4105, 15, 379, 510, 1, 0, 64.37%, 13, 0, 7, 436.37, 1462118, 262, 364, 0
4110, 15, 34, 510, 1, 0, 64.37%, 13, 0, 7, 422.68, 1464285, 262, 364, 0
4115, 15, 509, 510, 1, 0, 64.37%, 13, 0, 7, 477.56, 1466753, 262, 364, 0
4120, 15, 24, 510, 0, 0, 64.37%, 13, 0, 7, 442.08, 1468993, 262, 371, 0
4125, 15, 27, 510, 0, 0, 64.37%, 13, 0, 7, 438.27, 1471285, 262, 371, 0
4130, 15, 175, 510, 0, 0, 64.37%, 13, 0, 7, 454.36, 1473522, 262, 371, 0
4135, 15, 271, 510, 0, 0, 64.37%, 13, 0, 7, 454.25, 1475822, 262, 373, 0
4140, 15, 336, 510, 0, 0, 64.37%, 13, 0, 7, 431.30, 1478028, 262, 376, 0
4145, 15, 248, 510, 0, 0, 64.37%, 13, 0, 7, 433.45, 1480194, 262, 377, 0
4150, 15, 176, 510, 0, 0, 64.37%, 13, 0, 7, 461.20, 1482488, 262, 377, 0
4155, 15, 329, 510, 0, 0, 64.37%, 13, 0, 7, 451.25, 1484735, 262, 379, 0
4160, 15, 27, 510, 0, 0, 64.37%, 13, 0, 7, 462.70, 1487103, 262, 379, 0
4165, 15, 24, 510, 0, 0, 64.37%, 13, 0, 7, 452.72, 1489358, 262, 379, 0
4170, 15, 190, 510, 0, 0, 64.37%, 13, 0, 7, 464.50, 1491680, 262, 382, 0
4176, 15, 384, 510, 0, 0, 64.37%, 13, 0, 7, 462.65, 1494100, 262, 382, 0
4181, 15, 318, 510, 0, 0, 64.37%, 13, 0, 7, 472.89, 1496567, 262, 382, 0
4186, 15, 170, 510, 0, 0, 64.37%, 13, 0, 7, 466.58, 1498899, 262, 384, 0
4191, 15, 502, 510, 0, 0, 64.37%, 13, 0, 7, 442.25, 1501129, 262, 384, 0
4196, 15, 323, 510, 0, 0, 64.37%, 13, 0, 7, 451.65, 1503438, 262, 389, 0
4201, 15, 367, 510, 0, 0, 64.37%, 13, 0, 7, 452.62, 1505660, 262, 396, 0
4206, 15, 248, 510, 0, 0, 64.37%, 13, 0, 7, 460.09, 1507975, 262, 396, 0
4211, 15, 16, 510, 0, 0, 64.37%, 13, 0, 7, 453.97, 1510199, 262, 396, 0
4216, 15, 252, 510, 0, 0, 64.37%, 13, 0, 7, 467.24, 1512566, 262, 397, 0
4221, 15, 175, 510, 0, 0, 64.37%, 13, 0, 7, 467.57, 1514965, 262, 397, 0
4226, 15, 316, 510, 0, 0, 64.37%, 13, 0, 7, 422.18, 1517039, 262, 397, 0
4231, 15, 49, 510, 0, 0, 64.37%, 13, 0, 7, 441.47, 1519341, 262, 397, 0
4236, 15, 510, 511, 1, 1, 64.62%, 13, 0, 7, 412.25, 1521414, 263, 397, 0
4242, 15, 478, 512, 0, 0, 64.62%, 13, 0, 7, 461.68, 1523848, 263, 397, 0
4247, 15, 274, 512, 0, 0, 64.62%, 13, 0, 7, 448.66, 1526147, 263, 402, 0
4252, 16, 289, 513, 1, 0, 64.62%, 13, 0, 7, 445.58, 1528372, 263, 405, 0
4257, 16, 77, 513, 1, 0, 64.62%, 13, 0, 7, 408.83, 1530430, 263, 408, 0
4262, 16, 318, 513, 1, 0, 64.62%, 14, 0, 7, 469.59, 1532865, 263, 412, 0
4267, 16, 462, 514, 1, 0, 64.62%, 14, 0, 7, 458.20, 1535218, 263, 412, 0
4272, 16, 513, 515, 2, 0, 64.62%, 14, 0, 7, 453.65, 1537477, 263, 412, 0
4277, 16, 379, 515, 2, 0, 64.62%, 14, 0, 7, 458.65, 1539782, 263, 414, 0
4282, 16, 356, 515, 2, 0, 64.62%, 14, 0, 7, 447.29, 1542044, 263, 414, 0
4287, 16, 310, 515, 2, 0, 64.62%, 14, 0, 7, 447.83, 1544285, 263, 414, 0
4293, 16, 64, 515, 2, 0, 64.62%, 14, 0, 7, 401.67, 1546275, 263, 414, 0
4298, 16, 458, 515, 2, 0, 64.62%, 14, 0, 7, 412.44, 1548406, 263, 414, 0
4303, 16, 514, 515, 2, 0, 64.62%, 14, 0, 7, 429.39, 1550604, 263, 419, 0
4308, 16, 315, 515, 1, 0, 64.62%, 14, 0, 7, 429.01, 1552740, 263, 419, 0
4313, 16, 453, 515, 1, 0, 64.62%, 14, 0, 7, 452.18, 1555111, 263, 420, 0
4318, 16, 291, 515, 1, 0, 64.62%, 14, 0, 7, 459.08, 1557444, 263, 422, 0
4323, 16, 349, 515, 1, 0, 64.62%, 14, 0, 7, 476.59, 1559837, 263, 423, 0
4328, 16, 316, 515, 1, 0, 64.62%, 14, 0, 7, 456.86, 1562194, 263, 423, 0
4333, 16, 329, 515, 1, 0, 64.62%, 14, 0, 7, 490.14, 1564733, 263, 424, 0
4338, 16, 381, 515, 1, 0, 64.62%, 14, 0, 7, 480.70, 1567126, 263, 427, 0
4344, 16, 512, 515, 1, 0, 64.62%, 14, 0, 7, 465.34, 1569490, 263, 427, 0
4349, 16, 165, 515, 0, 0, 64.62%, 14, 0, 7, 450.40, 1571713, 263, 428, 0
4354, 16, 34, 515, 0, 0, 64.62%, 14, 0, 7, 462.58, 1574112, 263, 428, 0
4359, 16, 16, 515, 0, 0, 64.62%, 14, 0, 7, 463.14, 1576470, 263, 432, 0
4364, 16, 14, 515, 0, 0, 64.62%, 14, 0, 7, 479.05, 1578906, 263, 432, 0
4369, 16, 466, 515, 0, 0, 64.62%, 14, 0, 7, 440.44, 1581102, 263, 432, 0
4374, 16, 176, 515, 0, 0, 64.62%, 14, 0, 7, 442.17, 1583318, 263, 432, 0
4379, 16, 513, 515, 0, 0, 64.62%, 14, 0, 7, 461.61, 1585606, 263, 432, 0
4384, 16, 315, 515, 0, 0, 64.62%, 14, 0, 7, 451.56, 1587878, 263, 432, 0
4389, 16, 356, 515, 0, 0, 64.62%, 14, 0, 7, 421.90, 1590012, 263, 432, 0
4394, 16, 513, 515, 0, 0, 64.62%, 14, 0, 7, 428.94, 1592202, 263, 432, 0
4399, 16, 319, 515, 0, 0, 64.62%, 14, 0, 7, 429.98, 1594473, 263, 432, 0
4404, 16, 174, 515, 0, 0, 64.62%, 14, 0, 7, 447.67, 1596744, 263, 432, 0
4409, 16, 339, 515, 0, 0, 64.62%, 14, 0, 7, 466.77, 1599093, 263, 436, 0
4415, 16, 141, 515, 0, 0, 64.62%, 14, 0, 7, 452.42, 1601348, 263, 436, 0
4420, 16, 14, 515, 0, 0, 64.62%, 14, 0, 7, 431.52, 1603523, 263, 436, 0
4425, 16, 513, 515, 0, 0, 64.62%, 14, 0, 7, 416.29, 1605626, 263, 436, 0
4430, 16, 439, 515, 0, 0, 64.62%, 14, 0, 7, 452.37, 1607951, 263, 437, 0
4435, 16, 142, 515, 0, 0, 64.62%, 14, 0, 7, 447.58, 1610273, 263, 439, 0
4440, 17, 445, 515, 0, 0, 64.62%, 14, 0, 7, 452.01, 1612566, 263, 439, 0
4445, 17, 513, 515, 0, 0, 64.62%, 14, 0, 7, 445.45, 1614865, 263, 439, 0
4450, 17, 379, 515, 0, 0, 64.62%, 14, 0, 7, 440.09, 1617141, 263, 439, 0
4455, 17, 293, 515, 0, 0, 64.62%, 14, 0, 7, 465.62, 1619561, 263, 439, 0
4460, 17, 194, 515, 0, 0, 64.62%, 14, 0, 7, 469.57, 1621974, 263, 440, 0
4465, 17, 330, 515, 0, 0, 64.62%, 14, 0, 7, 449.32, 1624214, 263, 442, 0
4470, 17, 513, 515, 0, 0, 64.62%, 14, 0, 7, 461.44, 1626632, 263, 442, 0
4475, 17, 326, 515, 0, 0, 64.62%, 14, 0, 7, 441.73, 1628859, 263, 442, 0
4481, 17, 319, 515, 0, 0, 64.62%, 14, 0, 7, 457.13, 1631124, 263, 442, 0
4486, 17, 513, 515, 0, 0, 64.62%, 14, 0, 7, 455.31, 1633411, 263, 443, 0
4491, 17, 466, 515, 0, 0, 64.62%, 14, 0, 7, 467.01, 1635863, 263, 443, 0
4496, 17, 466, 515, 0, 0, 64.62%, 14, 0, 7, 465.22, 1638210, 263, 447, 0
4501, 17, 44, 515, 0, 0, 64.62%, 14, 0, 7, 460.28, 1640477, 263, 449, 0
4506, 17, 311, 515, 0, 0, 64.62%, 14, 0, 7, 447.89, 1642769, 263, 449, 0
4511, 17, 318, 515, 0, 0, 64.62%, 14, 0, 7, 426.40, 1644932, 263, 451, 0
4516, 17, 291, 515, 0, 0, 64.62%, 14, 0, 7, 460.70, 1647206, 263, 451, 0
4521, 17, 212, 515, 0, 0, 64.62%, 14, 0, 7, 452.50, 1649455, 263, 453, 0
4526, 17, 379, 515, 0, 0, 64.62%, 14, 0, 7, 444.73, 1651712, 263, 453, 0
4531, 17, 379, 515, 0, 0, 64.62%, 14, 0, 7, 440.88, 1653901, 263, 453, 0
4536, 17, 478, 515, 0, 0, 64.62%, 14, 0, 7, 452.95, 1656179, 263, 457, 0
4541, 17, 92, 515, 0, 0, 64.62%, 14, 0, 7, 427.17, 1658355, 263, 458, 0
4546, 17, 513, 515, 0, 0, 64.62%, 14, 0, 7, 464.24, 1660719, 263, 458, 0
4551, 17, 322, 515, 0, 0, 64.62%, 14, 0, 7, 455.06, 1663073, 263, 459, 0
4557, 17, 161, 515, 0, 0, 64.62%, 14, 0, 7, 447.98, 1665317, 263, 460, 0
4562, 17, 16, 515, 0, 0, 64.62%, 14, 0, 7, 440.41, 1667507, 263, 460, 0
4567, 17, 478, 515, 0, 0, 64.62%, 14, 0, 7, 429.00, 1669650, 263, 461, 0
4572, 17, 349, 515, 0, 0, 64.62%, 14, 0, 7, 417.72, 1671740, 263, 461, 0
4577, 17, 453, 515, 0, 0, 64.62%, 14, 0, 7, 426.29, 1673903, 263, 461, 0
4582, 17, 154, 515, 0, 0, 64.62%, 14, 0, 7, 458.75, 1676385, 263, 462, 0
4587, 17, 478, 515, 0, 0, 64.62%, 14, 0, 7, 463.05, 1678683, 263, 462, 0
4592, 17, 466, 515, 0, 0, 64.62%, 14, 0, 7, 478.14, 1681138, 263, 464, 0
4597, 17, 315, 515, 0, 0, 64.62%, 14, 0, 7, 436.02, 1683256, 263, 470, 0
4602, 17, 397, 515, 0, 0, 64.62%, 14, 0, 7, 451.13, 1685629, 263, 470, 0
4607, 18, 466, 517, 2, 0, 64.62%, 14, 0, 7, 427.50, 1687765, 263, 470, 0
4612, 18, 516, 517, 2, 0, 64.62%, 14, 0, 7, 449.34, 1690032, 263, 470, 0
4617, 18, 466, 517, 1, 0, 64.62%, 14, 0, 7, 467.25, 1692434, 263, 470, 0
4622, 18, 291, 517, 1, 0, 64.62%, 14, 0, 7, 454.65, 1694711, 263, 470, 0
4627, 18, 27, 517, 0, 0, 64.62%, 14, 0, 7, 471.50, 1697120, 263, 471, 0
4632, 18, 270, 517, 0, 0, 64.62%, 14, 0, 7, 466.52, 1699503, 263, 471, 0
4638, 18, 339, 517, 0, 0, 64.62%, 14, 0, 7, 465.73, 1701879, 263, 471, 0
4643, 18, 323, 517, 0, 0, 64.62%, 14, 0, 7, 482.83, 1704426, 263, 471, 0
4648, 18, 24, 517, 0, 0, 64.62%, 14, 0, 7, 448.93, 1706668, 263, 471, 0
4653, 18, 50, 517, 0, 0, 64.62%, 14, 0, 7, 446.42, 1708942, 263, 471, 0
4658, 18, 291, 517, 0, 0, 64.62%, 14, 0, 7, 429.14, 1711122, 263, 472, 0
4663, 18, 278, 517, 0, 0, 64.62%, 14, 0, 7, 463.43, 1713517, 263, 472, 0
4668, 18, 16, 517, 0, 0, 64.62%, 14, 0, 7, 463.93, 1715839, 263, 472, 0
4673, 18, 291, 517, 0, 0, 64.62%, 14, 0, 7, 447.89, 1718040, 263, 473, 0
4678, 18, 290, 517, 0, 0, 64.62%, 14, 0, 7, 468.67, 1720459, 263, 474, 0
4683, 18, 318, 517, 0, 0, 64.62%, 14, 0, 7, 469.70, 1722774, 263, 475, 0
4688, 18, 24, 517, 0, 0, 64.62%, 14, 0, 7, 478.78, 1725208, 263, 475, 0
4693, 18, 310, 517, 0, 0, 64.62%, 14, 0, 7, 440.16, 1727393, 263, 475, 0
4698, 18, 54, 517, 0, 0, 64.62%, 14, 0, 7, 450.55, 1729690, 263, 475, 0
4703, 18, 155, 517, 0, 0, 64.62%, 14, 0, 7, 443.01, 1731880, 263, 476, 0
4708, 18, 194, 517, 0, 0, 64.62%, 14, 0, 7, 452.86, 1734260, 263, 480, 0
4714, 18, 271, 517, 0, 0, 64.62%, 14, 0, 7, 455.64, 1736506, 263, 480, 0
4719, 18, 329, 517, 0, 0, 64.62%, 14, 0, 7, 444.27, 1738773, 263, 480, 0
4724, 18, 248, 517, 0, 0, 64.62%, 14, 0, 7, 456.90, 1741174, 263, 481, 0
4729, 18, 329, 517, 0, 0, 64.62%, 14, 0, 7, 449.12, 1743437, 263, 481, 0
4734, 18, 319, 517, 0, 0, 64.62%, 14, 0, 7, 433.51, 1745534, 263, 481, 0
4739, 18, 252, 517, 0, 0, 64.62%, 14, 0, 7, 413.09, 1747607, 263, 481, 0
4744, 18, 474, 517, 0, 0, 64.62%, 14, 0, 7, 429.34, 1749834, 263, 481, 0
4749, 18, 453, 517, 0, 0, 64.62%, 14, 0, 7, 442.41, 1752078, 263, 484, 0
4754, 18, 493, 517, 0, 0, 64.62%, 14, 0, 7, 414.97, 1754173, 263, 484, 0
4759, 18, 329, 517, 0, 0, 64.62%, 14, 0, 7, 447.28, 1756438, 263, 485, 0
4765, 18, 161, 517, 0, 0, 64.62%, 14, 0, 7, 446.60, 1758752, 263, 486, 0
4770, 19, 492, 517, 0, 0, 64.62%, 14, 0, 7, 468.04, 1761145, 263, 486, 0
4775, 19, 318, 517, 0, 0, 64.62%, 14, 0, 7, 447.15, 1763340, 263, 486, 0
4780, 19, 356, 517, 0, 0, 64.62%, 14, 0, 7, 459.15, 1765684, 263, 486, 0
4785, 19, 479, 517, 0, 0, 64.62%, 14, 0, 7, 460.83, 1768007, 263, 490, 0
4790, 19, 453, 517, 0, 0, 64.62%, 14, 0, 7, 445.47, 1770275, 263, 490, 0
4795, 19, 161, 517, 0, 0, 64.62%, 14, 0, 7, 439.84, 1772532, 263, 490, 0
4800, 19, 260, 517, 0, 0, 64.62%, 14, 0, 7, 432.91, 1774781, 263, 493, 0
4805, 19, 272, 517, 0, 0, 64.62%, 14, 0, 7, 439.59, 1777006, 263, 493, 0
4810, 19, 291, 517, 0, 0, 64.62%, 14, 0, 7, 422.70, 1779117, 263, 496, 0
4815, 19, 491, 517, 0, 0, 64.62%, 14, 0, 7, 441.31, 1781363, 263, 497, 0
4820, 19, 454, 517, 0, 0, 64.62%, 14, 0, 7, 415.04, 1783427, 263, 500, 0
4825, 19, 161, 517, 0, 0, 64.62%, 14, 0, 7, 431.14, 1785646, 263, 500, 0
4831, 19, 252, 517, 0, 0, 64.62%, 14, 0, 7, 442.07, 1787879, 263, 501, 0
4836, 19, 323, 517, 0, 0, 64.62%, 14, 0, 7, 441.72, 1790089, 263, 501, 0
4841, 19, 393, 517, 0, 0, 64.62%, 14, 0, 7, 429.19, 1792284, 263, 501, 0
4846, 19, 252, 517, 0, 0, 64.62%, 14, 0, 7, 428.13, 1794539, 263, 501, 0
4851, 19, 161, 517, 0, 0, 64.62%, 14, 0, 7, 457.93, 1796847, 263, 501, 0
4856, 19, 489, 517, 0, 0, 64.62%, 14, 0, 7, 425.99, 1798976, 263, 503, 0
4861, 19, 315, 517, 0, 0, 64.62%, 14, 0, 7, 429.66, 1801151, 263, 503, 0
4866, 19, 54, 517, 0, 0, 64.62%, 14, 0, 7, 436.78, 1803393, 263, 503, 0
4871, 19, 513, 517, 0, 0, 64.62%, 14, 0, 7, 442.62, 1805579, 263, 504, 0
4876, 19, 326, 517, 0, 0, 64.62%, 14, 0, 7, 449.21, 1807783, 263, 505, 0
4881, 19, 161, 517, 0, 0, 64.62%, 14, 0, 7, 442.30, 1809957, 263, 506, 0
4886, 19, 161, 517, 0, 0, 64.62%, 14, 0, 7, 463.43, 1812322, 263, 507, 0
4891, 19, 493, 517, 0, 0, 64.62%, 14, 0, 7, 441.33, 1814561, 263, 507, 0
4896, 19, 24, 517, 0, 0, 64.62%, 14, 0, 7, 445.04, 1816794, 263, 509, 0
4901, 19, 323, 517, 0, 0, 64.62%, 14, 0, 7, 445.11, 1819018, 263, 509, 0
4906, 19, 478, 517, 0, 0, 64.62%, 14, 0, 7, 432.55, 1821130, 263, 509, 0
4912, 19, 498, 517, 0, 0, 64.62%, 14, 0, 7, 430.44, 1823320, 263, 509, 0
4917, 19, 297, 517, 0, 0, 64.62%, 14, 0, 7, 453.98, 1825709, 263, 509, 0
4922, 19, 323, 517, 0, 0, 64.62%, 14, 0, 7, 467.86, 1828165, 263, 510, 0
4927, 20, 449, 519, 2, 0, 64.62%, 14, 0, 7, 450.99, 1830413, 263, 510, 0
4932, 20, 518, 519, 1, 0, 64.62%, 14, 0, 7, 462.63, 1832699, 263, 513, 0
4937, 20, 379, 519, 0, 0, 64.62%, 14, 0, 7, 431.05, 1834840, 263, 513, 0
4942, 20, 248, 519, 0, 0, 64.62%, 14, 0, 7, 443.35, 1837126, 263, 513, 0
4947, 20, 319, 519, 0, 0, 64.62%, 14, 0, 7, 443.04, 1839360, 263, 513, 0
4952, 20, 489, 519, 0, 0, 64.62%, 14, 0, 7, 461.77, 1841671, 263, 513, 0
4957, 20, 54, 519, 0, 0, 64.62%, 14, 0, 7, 434.10, 1843803, 263, 513, 0
4962, 20, 260, 519, 0, 0, 64.62%, 14, 0, 7, 432.25, 1846001, 263, 515, 0
4968, 20, 84, 519, 0, 0, 64.62%, 14, 0, 7, 450.77, 1848337, 263, 517, 0
4973, 20, 252, 519, 0, 0, 64.62%, 14, 0, 7, 414.90, 1850428, 263, 521, 0
4978, 20, 176, 519, 0, 0, 64.62%, 14, 0, 7, 456.53, 1852771, 263, 521, 0
4983, 20, 84, 519, 0, 0, 64.62%, 14, 0, 7, 440.44, 1854999, 263, 521, 0
4988, 20, 176, 519, 0, 0, 64.62%, 14, 0, 7, 424.15, 1857124, 263, 521, 0
4993, 20, 171, 519, 0, 0, 64.62%, 14, 0, 7, 434.77, 1859366, 263, 521, 0
4998, 20, 11, 519, 0, 0, 64.62%, 14, 0, 7, 432.91, 1861511, 263, 521, 0
5003, 20, 274, 519, 0, 0, 64.62%, 14, 0, 7, 420.71, 1863590, 263, 521, 0
5008, 20, 518, 519, 0, 0, 64.62%, 14, 0, 7, 429.85, 1865808, 263, 523, 0
5013, 20, 54, 519, 0, 0, 64.62%, 14, 0, 7, 454.58, 1868144, 263, 529, 0
5018, 20, 513, 519, 0, 0, 64.62%, 14, 0, 7, 430.68, 1870321, 263, 529, 0
5023, 20, 227, 519, 0, 0, 64.62%, 14, 0, 7, 456.79, 1872675, 263, 529, 0
5029, 20, 24, 519, 0, 0, 64.62%, 14, 0, 7, 444.74, 1874974, 263, 533, 0
5034, 20, 329, 519, 0, 0, 64.62%, 14, 0, 7, 462.70, 1877284, 263, 533, 0
5039, 20, 501, 519, 0, 0, 64.62%, 14, 0, 7, 448.51, 1879488, 263, 536, 0
5044, 20, 281, 519, 0, 0, 64.62%, 14, 0, 7, 458.43, 1881793, 263, 537, 0
5049, 20, 329, 519, 0, 0, 64.62%, 14, 0, 7, 451.10, 1883990, 263, 537, 0
5054, 20, 413, 519, 0, 0, 64.62%, 14, 0, 7, 413.94, 1886071, 263, 537, 0
5059, 20, 310, 519, 0, 0, 64.62%, 14, 0, 7, 438.73, 1888300, 263, 537, 0
5064, 20, 280, 519, 0, 0, 64.62%, 14, 0, 7, 443.75, 1890499, 263, 537, 0
5069, 20, 326, 519, 0, 0, 64.62%, 14, 0, 7, 442.51, 1892739, 263, 537, 0
5074, 20, 382, 519, 0, 0, 64.62%, 14, 0, 7, 422.98, 1894903, 263, 537, 0
5079, 21, 253, 519, 0, 0, 64.62%, 14, 0, 7, 460.38, 1897284, 263, 537, 0
5084, 21, 518, 519, 0, 0, 64.62%, 14, 0, 7, 479.31, 1899670, 263, 537, 0
5089, 21, 319, 519, 0, 0, 64.62%, 14, 0, 7, 458.18, 1901952, 263, 537, 0
5094, 21, 366, 519, 0, 0, 64.62%, 14, 0, 7, 437.41, 1904150, 263, 537, 0
5099, 21, 229, 519, 0, 0, 64.62%, 14, 0, 7, 430.82, 1906310, 263, 537, 0
5104, 21, 329, 519, 0, 0, 64.62%, 14, 0, 7, 435.86, 1908542, 263, 537, 0
5109, 21, 16, 519, 0, 0, 64.62%, 14, 0, 7, 457.70, 1910881, 263, 537, 0
5115, 21, 200, 519, 0, 0, 64.62%, 14, 0, 7, 461.45, 1913254, 263, 537, 0
5120, 21, 135, 519, 0, 0, 64.62%, 14, 0, 7, 417.83, 1915314, 263, 537, 0
5125, 21, 291, 519, 0, 0, 64.62%, 14, 0, 7, 468.67, 1917811, 263, 537, 0
5130, 21, 453, 519, 0, 0, 64.62%, 14, 0, 7, 435.96, 1919961, 263, 538, 0
5135, 21, 197, 519, 0, 0, 64.62%, 14, 0, 7, 453.01, 1922287, 263, 538, 0
5140, 21, 276, 519, 0, 0, 64.62%, 14, 0, 7, 459.09, 1924591, 263, 538, 0
5145, 21, 31, 519, 0, 0, 64.62%, 14, 0, 7, 460.92, 1926859, 263, 539, 0
5150, 21, 494, 519, 0, 0, 64.62%, 14, 0, 7, 460.91, 1929226, 263, 539, 0
5155, 21, 491, 519, 0, 0, 64.62%, 14, 0, 7, 458.21, 1931592, 263, 539, 0
5160, 21, 323, 519, 0, 0, 64.62%, 14, 0, 7, 445.05, 1933792, 263, 539, 0
5165, 21, 490, 519, 0, 0, 64.62%, 14, 0, 7, 448.26, 1936025, 263, 539, 0
5171, 21, 384, 519, 0, 0, 64.62%, 14, 0, 7, 448.80, 1938281, 263, 539, 0
5176, 21, 271, 519, 0, 0, 64.62%, 14, 0, 7, 421.54, 1940385, 263, 539, 0
5181, 21, 356, 519, 0, 0, 64.62%, 14, 0, 7, 451.10, 1942802, 263, 539, 0
5186, 21, 469, 519, 0, 0, 64.62%, 14, 0, 7, 438.30, 1945064, 263, 539, 0
5191, 21, 224, 519, 0, 0, 64.62%, 14, 0, 7, 439.41, 1947287, 263, 539, 0
5196, 21, 384, 519, 0, 0, 64.62%, 14, 0, 7, 403.20, 1949298, 263, 539, 0
5201, 21, 518, 519, 0, 0, 64.62%, 14, 0, 7, 424.10, 1951498, 263, 539, 0
5206, 21, 266, 519, 0, 0, 64.62%, 14, 0, 7, 452.78, 1953839, 263, 540, 0
5211, 21, 402, 519, 0, 0, 64.62%, 14, 0, 7, 408.67, 1955858, 263, 540, 0
5216, 21, 16, 519, 0, 0, 64.62%, 14, 0, 7, 446.86, 1958107, 263, 540, 0
5222, 21, 282, 519, 0, 0, 64.62%, 14, 0, 7, 428.35, 1960258, 263, 540, 0
5227, 21, 518, 519, 0, 0, 64.62%, 14, 0, 7, 428.96, 1962435, 263, 541, 0
5232, 21, 492, 519, 0, 0, 64.62%, 14, 0, 7, 466.38, 1964832, 263, 541, 0
5237, 21, 52, 519, 0, 0, 64.62%, 14, 0, 7, 459.22, 1967140, 263, 541, 0
5242, 21, 329, 519, 0, 0, 64.62%, 14, 0, 7, 458.31, 1969471, 263, 542, 0
5247, 22, 217, 520, 1, 0, 64.62%, 14, 0, 7, 440.38, 1971664, 263, 542, 0
5252, 22, 316, 520, 1, 0, 64.62%, 14, 0, 7, 448.89, 1973939, 263, 542, 0
5257, 22, 468, 520, 1, 0, 64.62%, 14, 0, 7, 462.17, 1976284, 263, 543, 0
5262, 22, 519, 520, 1, 0, 64.62%, 14, 0, 7, 480.58, 1978616, 263, 543, 0
5267, 22, 161, 520, 0, 0, 64.62%, 14, 0, 7, 443.47, 1980935, 263, 543, 0
5272, 22, 516, 520, 0, 0, 64.62%, 14, 0, 7, 470.86, 1983359, 263, 544, 0
5277, 22, 137, 520, 0, 0, 64.62%, 14, 0, 7, 427.78, 1985528, 263, 544, 0
5282, 22, 31, 520, 0, 0, 64.62%, 14, 0, 7, 416.37, 1987664, 263, 545, 0
5287, 22, 486, 520, 0, 0, 64.62%, 14, 0, 7, 447.25, 1989943, 263, 546, 0
5292, 22, 13, 520, 0, 0, 64.62%, 14, 0, 7, 427.85, 1992080, 263, 550, 0
5298, 22, 161, 520, 0, 0, 64.62%, 14, 0, 7, 429.94, 1994238, 263, 550, 0
5303, 22, 204, 520, 0, 0, 64.62%, 14, 0, 7, 439.38, 1996513, 263, 550, 0
5308, 22, 466, 520, 0, 0, 64.62%, 14, 0, 7, 422.75, 1998638, 263, 550, 0
5313, 22, 176, 520, 0, 0, 64.62%, 14, 0, 7, 440.23, 2000886, 263, 551, 0
5318, 22, 16, 520, 0, 0, 64.62%, 14, 0, 7, 437.04, 2003069, 263, 551, 0
5323, 22, 441, 520, 0, 0, 64.62%, 14, 0, 7, 455.90, 2005407, 263, 551, 0
5328, 22, 329, 520, 0, 0, 64.62%, 14, 0, 7, 458.38, 2007708, 263, 551, 0
5333, 22, 498, 520, 0, 0, 64.62%, 14, 0, 7, 424.51, 2009814, 263, 551, 0
5338, 22, 316, 520, 0, 0, 64.62%, 14, 0, 7, 413.95, 2011889, 263, 555, 0
5343, 22, 466, 520, 0, 0, 64.62%, 14, 0, 7, 427.10, 2014010, 263, 555, 0
5348, 22, 513, 521, 1, 0, 64.62%, 14, 0, 7, 430.05, 2016195, 263, 557, 0
5353, 22, 161, 521, 1, 0, 64.62%, 14, 0, 7, 432.72, 2018414, 263, 557, 0
5358, 22, 349, 521, 1, 0, 64.62%, 14, 0, 7, 418.71, 2020562, 263, 557, 0
5364, 22, 378, 521, 1, 0, 64.62%, 14, 0, 7, 449.94, 2022934, 263, 557, 0
5369, 22, 252, 521, 1, 0, 64.62%, 14, 0, 7, 433.75, 2025091, 263, 558, 0
5374, 22, 478, 521, 1, 0, 64.62%, 14, 0, 7, 437.80, 2027379, 263, 559, 0
5379, 22, 513, 521, 1, 0, 64.62%, 14, 0, 7, 446.70, 2029551, 263, 561, 0
5384, 22, 453, 521, 1, 0, 64.62%, 14, 0, 7, 448.95, 2031857, 263, 561, 0
5389, 22, 271, 521, 1, 0, 64.62%, 14, 0, 7, 443.33, 2034067, 263, 562, 0
5394, 22, 161, 521, 1, 0, 64.62%, 14, 0, 7, 502.73, 2036638, 263, 563, 0
5399, 22, 100, 521, 1, 0, 64.62%, 14, 0, 7, 470.37, 2038913, 263, 567, 0
5402, 22, 291, 521, 1, 0, 64.62%, 14, 0, 7, 460.61, 2040325, 263, 569, 0
