# relative_time, cycles_done, cur_item, corpus_count, pending_total, pending_favs, map_size, saved_crashes, saved_hangs, max_depth, execs_per_sec, total_execs, edges_found, total_crashes, servers_count
61, 0, 9, 67, 62, 3, 30.71%, 0, 0, 2, 340.42, 21812, 125, 0, 0
66, 0, 9, 67, 62, 3, 30.71%, 0, 0, 2, 349.42, 23588, 125, 0, 0
71, 0, 9, 67, 62, 3, 30.71%, 0, 0, 2, 349.26, 25298, 125, 0, 0
76, 0, 9, 69, 64, 3, 30.71%, 0, 0, 2, 343.44, 27106, 125, 0, 0
82, 0, 9, 70, 65, 3, 30.71%, 0, 0, 2, 322.67, 28739, 125, 0, 0
87, 0, 9, 70, 65, 3, 30.71%, 0, 0, 2, 314.72, 30365, 125, 0, 0
92, 0, 9, 71, 66, 3, 30.71%, 0, 0, 2, 306.19, 31836, 125, 0, 0
97, 0, 9, 72, 67, 3, 30.71%, 0, 0, 2, 364.17, 33732, 125, 0, 0
102, 0, 9, 73, 68, 3, 30.71%, 0, 0, 2, 412.06, 35906, 125, 0, 0
107, 0, 9, 74, 69, 3, 30.71%, 0, 0, 2, 413.98, 37977, 125, 0, 0
112, 0, 9, 75, 70, 3, 30.71%, 0, 0, 2, 404.11, 40136, 125, 0, 0
117, 0, 9, 75, 70, 3, 30.71%, 0, 0, 2, 415.27, 42360, 125, 0, 0
122, 0, 9, 76, 71, 3, 30.71%, 0, 0, 2, 431.67, 44535, 125, 0, 0
127, 0, 9, 76, 71, 3, 30.71%, 0, 0, 2, 402.86, 46567, 125, 0, 0
132, 0, 9, 78, 73, 3, 30.71%, 0, 0, 2, 385.82, 48558, 125, 0, 0
138, 0, 9, 78, 73, 3, 30.71%, 0, 0, 2, 411.10, 50701, 125, 0, 0
143, 0, 9, 78, 73, 3, 30.71%, 0, 0, 2, 402.06, 52805, 125, 0, 0
148, 0, 9, 144, 138, 2, 44.47%, 0, 0, 2, 398.69, 54842, 181, 0, 0
153, 0, 142, 160, 154, 32, 44.47%, 0, 0, 2, 408.63, 56955, 181, 0, 0
158, 0, 142, 161, 155, 32, 44.47%, 0, 0, 2, 413.07, 59026, 181, 0, 0
163, 0, 142, 164, 158, 32, 44.47%, 0, 0, 2, 411.95, 61151, 181, 0, 0
168, 0, 142, 165, 159, 32, 44.47%, 0, 0, 2, 399.13, 63226, 181, 0, 0
173, 0, 142, 167, 161, 32, 44.47%, 0, 0, 2, 419.81, 65428, 181, 0, 0
178, 0, 142, 167, 161, 32, 44.47%, 0, 0, 2, 444.81, 67652, 181, 0, 0
184, 0, 142, 167, 161, 32, 44.47%, 0, 0, 2, 427.57, 69805, 181, 0, 0
189, 0, 142, 167, 161, 32, 44.47%, 0, 0, 2, 444.59, 72053, 181, 0, 0
194, 0, 142, 168, 162, 32, 44.47%, 0, 0, 2, 407.00, 74060, 181, 0, 0
199, 0, 142, 169, 163, 32, 44.47%, 0, 0, 2, 426.00, 76291, 181, 0, 0
204, 0, 142, 169, 163, 32, 44.47%, 0, 0, 2, 424.75, 78411, 181, 0, 0
209, 0, 142, 170, 164, 32, 44.47%, 0, 0, 2, 401.38, 80447, 181, 0, 0
214, 0, 142, 170, 164, 32, 44.47%, 0, 0, 2, 421.68, 82586, 181, 0, 0
219, 0, 142, 170, 164, 32, 44.47%, 0, 0, 2, 420.24, 84754, 181, 0, 0
224, 0, 142, 171, 165, 32, 44.47%, 0, 0, 2, 416.40, 86929, 181, 0, 0
229, 0, 142, 173, 167, 32, 44.47%, 0, 0, 2, 399.02, 89007, 181, 0, 0
234, 0, 142, 173, 167, 32, 44.47%, 0, 0, 2, 441.15, 91271, 181, 0, 0
240, 0, 142, 173, 167, 32, 44.47%, 0, 0, 2, 409.28, 93375, 181, 0, 0
245, 0, 142, 173, 167, 32, 44.47%, 0, 0, 2, 406.81, 95479, 181, 0, 0
250, 0, 142, 173, 167, 32, 44.47%, 0, 0, 2, 398.70, 97520, 181, 0, 0
255, 0, 142, 173, 167, 32, 44.47%, 0, 0, 2, 400.00, 99550, 181, 0, 0
260, 0, 142, 173, 167, 32, 44.47%, 0, 0, 2, 394.07, 101567, 181, 0, 0
265, 0, 142, 173, 167, 32, 44.47%, 0, 0, 2, 415.27, 103807, 181, 0, 0
270, 0, 142, 173, 167, 32, 44.47%, 0, 0, 2, 424.03, 105919, 181, 0, 0
275, 0, 135, 174, 164, 28, 44.72%, 0, 0, 3, 427.88, 108068, 182, 0, 0
280, 0, 121, 174, 158, 23, 44.72%, 0, 0, 3, 402.19, 110175, 182, 0, 0
286, 0, 7, 174, 156, 21, 44.72%, 0, 0, 3, 427.37, 112327, 182, 0, 0
291, 0, 137, 174, 154, 19, 44.72%, 0, 0, 3, 431.04, 114452, 182, 0, 0
296, 0, 175, 176, 155, 19, 44.96%, 0, 0, 3, 401.76, 116458, 183, 0, 0
301, 0, 176, 209, 187, 21, 45.45%, 0, 0, 3, 411.92, 118594, 185, 0, 0
306, 0, 208, 209, 185, 19, 45.45%, 0, 0, 3, 412.51, 120716, 185, 0, 0
311, 0, 119, 215, 190, 18, 46.19%, 1, 0, 3, 408.80, 122781, 188, 1, 0
316, 0, 174, 215, 189, 19, 46.19%, 1, 0, 3, 416.51, 124963, 188, 1, 0
321, 0, 214, 218, 191, 18, 46.19%, 1, 0, 3, 400.84, 126882, 188, 1, 0
326, 0, 214, 223, 196, 18, 46.19%, 1, 0, 3, 427.83, 129089, 188, 1, 0
331, 0, 214, 224, 197, 18, 46.19%, 1, 0, 3, 427.79, 131288, 188, 1, 0
336, 0, 214, 225, 198, 18, 46.19%, 1, 0, 3, 416.21, 133367, 188, 1, 0
341, 0, 214, 225, 198, 18, 46.19%, 1, 0, 3, 434.49, 135575, 188, 1, 0
347, 0, 214, 225, 198, 18, 46.19%, 1, 0, 3, 382.52, 137494, 188, 1, 0
352, 0, 214, 225, 198, 18, 46.19%, 1, 0, 3, 397.23, 139503, 188, 1, 0
357, 0, 214, 226, 199, 18, 46.19%, 1, 0, 3, 399.64, 141582, 188, 1, 0
362, 0, 214, 226, 199, 18, 46.19%, 1, 0, 3, 431.91, 143894, 188, 1, 0
367, 0, 214, 226, 199, 18, 46.19%, 1, 0, 3, 422.49, 145966, 188, 1, 0
372, 0, 214, 226, 199, 18, 46.19%, 1, 0, 3, 406.50, 148038, 188, 1, 0
377, 0, 214, 226, 199, 18, 46.19%, 1, 0, 3, 433.84, 150294, 188, 1, 0
382, 0, 214, 226, 199, 18, 46.19%, 1, 0, 3, 412.07, 152342, 188, 1, 0
387, 0, 214, 226, 199, 18, 46.19%, 1, 0, 3, 443.95, 154550, 188, 1, 0
392, 0, 134, 226, 197, 16, 46.19%, 1, 0, 3, 415.28, 156651, 188, 1, 0
397, 0, 104, 233, 202, 17, 46.68%, 1, 0, 3, 437.03, 158877, 190, 1, 0
403, 0, 165, 237, 204, 17, 46.68%, 1, 0, 3, 399.19, 160901, 190, 1, 0
408, 0, 165, 237, 204, 17, 46.68%, 1, 0, 3, 432.44, 163101, 190, 1, 0
413, 0, 227, 237, 203, 16, 46.68%, 1, 0, 3, 428.25, 165264, 190, 1, 0
418, 0, 229, 238, 202, 14, 46.68%, 1, 0, 3, 408.28, 167322, 190, 1, 0
423, 0, 192, 239, 201, 13, 46.93%, 1, 0, 3, 390.18, 169353, 191, 1, 0
428, 0, 126, 239, 200, 12, 46.93%, 1, 0, 3, 403.15, 171487, 191, 1, 0
433, 0, 126, 239, 200, 12, 46.93%, 1, 0, 3, 379.00, 173336, 191, 1, 0
438, 0, 126, 239, 200, 12, 46.93%, 1, 0, 3, 373.98, 175195, 191, 1, 0
443, 0, 132, 239, 195, 8, 46.93%, 1, 0, 3, 408.17, 177377, 191, 1, 0
449, 0, 99, 243, 198, 7, 47.67%, 1, 0, 3, 448.00, 179673, 194, 1, 0
454, 0, 99, 245, 200, 7, 47.67%, 1, 0, 3, 407.85, 181685, 194, 1, 0
459, 0, 99, 249, 204, 7, 47.67%, 1, 0, 3, 404.74, 183698, 194, 1, 0
464, 0, 99, 250, 205, 7, 47.67%, 1, 0, 3, 418.16, 185889, 194, 1, 0
469, 0, 99, 251, 206, 7, 47.67%, 1, 0, 3, 413.39, 188000, 194, 1, 0
474, 0, 99, 252, 207, 7, 47.67%, 1, 0, 3, 441.21, 190303, 194, 1, 0
479, 0, 99, 252, 207, 7, 47.67%, 1, 0, 3, 434.36, 192431, 194, 1, 0
484, 0, 99, 254, 209, 7, 47.67%, 1, 0, 3, 386.31, 194322, 194, 1, 0
489, 0, 99, 255, 210, 7, 47.67%, 1, 0, 3, 416.01, 196492, 194, 1, 0
494, 0, 99, 255, 210, 7, 47.67%, 1, 0, 3, 419.29, 198636, 194, 1, 0
499, 0, 99, 255, 210, 7, 47.67%, 1, 0, 3, 427.66, 200868, 194, 1, 0
504, 0, 99, 256, 211, 7, 47.67%, 1, 0, 3, 420.55, 203043, 194, 1, 0
510, 0, 99, 257, 212, 7, 47.67%, 1, 0, 3, 433.11, 205250, 194, 1, 0
515, 0, 99, 258, 213, 7, 47.67%, 1, 0, 3, 394.51, 207118, 194, 1, 0
520, 0, 99, 260, 215, 7, 47.67%, 1, 0, 3, 446.61, 209475, 194, 1, 0
525, 0, 99, 260, 215, 7, 47.67%, 1, 0, 3, 461.98, 211824, 194, 1, 0
530, 0, 99, 260, 215, 7, 47.67%, 1, 0, 3, 448.46, 214103, 194, 1, 0
535, 0, 99, 260, 215, 7, 47.67%, 1, 0, 3, 415.55, 216159, 194, 1, 0
540, 0, 239, 260, 214, 8, 47.67%, 1, 0, 3, 424.30, 218299, 194, 1, 0
545, 0, 161, 260, 210, 4, 47.67%, 1, 0, 3, 399.81, 220406, 194, 1, 0
550, 0, 211, 260, 207, 1, 47.67%, 1, 0, 3, 386.71, 222314, 194, 1, 0
555, 0, 17, 261, 206, 0, 47.67%, 1, 0, 3, 417.44, 224418, 194, 1, 0
560, 0, 78, 261, 202, 0, 47.67%, 1, 0, 3, 432.35, 226600, 194, 1, 0
565, 0, 16, 262, 200, 0, 47.67%, 1, 0, 3, 431.49, 228791, 194, 1, 0
570, 0, 123, 262, 198, 0, 47.67%, 1, 0, 3, 432.10, 230964, 194, 1, 0
575, 0, 132, 262, 194, 0, 47.67%, 1, 0, 3, 420.06, 233020, 194, 1, 0
581, 0, 61, 262, 190, 0, 47.67%, 1, 0, 3, 420.72, 235132, 194, 1, 0
586, 0, 228, 262, 187, 0, 47.67%, 1, 0, 3, 414.68, 237181, 194, 1, 0
591, 0, 59, 262, 185, 0, 47.67%, 1, 0, 3, 408.90, 239272, 194, 1, 0
596, 0, 169, 266, 187, 0, 47.67%, 1, 0, 3, 433.19, 241463, 194, 1, 0
601, 0, 108, 266, 183, 0, 47.67%, 1, 0, 3, 440.82, 243643, 194, 1, 0
606, 0, 11, 266, 178, 0, 47.67%, 1, 0, 3, 395.81, 245608, 194, 1, 0
611, 0, 162, 267, 176, 0, 47.67%, 1, 0, 3, 400.63, 247710, 194, 1, 0
616, 0, 266, 267, 175, 0, 47.67%, 1, 0, 3, 405.75, 249831, 194, 1, 0
621, 0, 163, 267, 172, 0, 47.67%, 1, 0, 3, 433.10, 252067, 194, 1, 0
626, 0, 185, 267, 169, 0, 47.67%, 1, 0, 3, 450.32, 254425, 194, 1, 0
631, 0, 153, 268, 166, 0, 47.67%, 1, 0, 3, 441.48, 256724, 194, 1, 0
636, 0, 195, 268, 165, 0, 47.67%, 1, 0, 3, 421.29, 258807, 194, 1, 0
641, 0, 97, 270, 162, 0, 47.67%, 1, 0, 3, 408.34, 260864, 194, 1, 0
647, 0, 253, 270, 159, 0, 47.67%, 1, 0, 3, 380.14, 262827, 194, 1, 0
652, 0, 123, 270, 156, 0, 47.67%, 1, 0, 3, 405.28, 264864, 194, 1, 0
657, 0, 220, 270, 154, 0, 47.67%, 1, 0, 3, 412.58, 267011, 194, 1, 0
662, 0, 96, 270, 152, 0, 47.67%, 1, 0, 3, 391.81, 269002, 194, 1, 0
667, 0, 151, 270, 150, 0, 47.67%, 1, 0, 3, 395.97, 271088, 194, 1, 0
672, 0, 164, 270, 147, 0, 47.67%, 1, 0, 3, 418.80, 273261, 194, 1, 0
677, 0, 91, 270, 144, 0, 47.67%, 1, 0, 3, 421.52, 275445, 194, 1, 0
682, 0, 164, 271, 143, 0, 47.67%, 1, 0, 3, 408.55, 277512, 194, 1, 0
687, 0, 7, 272, 142, 0, 47.67%, 1, 0, 3, 428.72, 279714, 194, 1, 0
692, 0, 210, 272, 139, 0, 47.67%, 1, 0, 3, 421.65, 281887, 194, 1, 0
697, 1, 269, 277, 141, 0, 47.91%, 1, 0, 4, 419.62, 284011, 195, 1, 0
702, 1, 269, 279, 143, 0, 47.91%, 1, 0, 4, 424.64, 286201, 195, 1, 0
708, 1, 269, 279, 143, 0, 47.91%, 1, 0, 4, 392.30, 288194, 195, 1, 0
713, 1, 276, 279, 142, 1, 47.91%, 1, 0, 4, 428.66, 290378, 195, 1, 0
718, 1, 18, 279, 140, 0, 47.91%, 1, 0, 4, 406.64, 292429, 195, 1, 0
723, 1, 173, 279, 136, 0, 47.91%, 1, 0, 4, 406.80, 294422, 195, 1, 0
728, 1, 197, 279, 133, 0, 47.91%, 1, 0, 4, 397.30, 296390, 195, 1, 0
733, 1, 129, 279, 131, 0, 47.91%, 1, 0, 4, 405.12, 298445, 195, 1, 0
738, 1, 191, 281, 131, 0, 48.16%, 1, 0, 4, 423.38, 300609, 196, 1, 0
743, 1, 153, 281, 129, 0, 48.16%, 1, 0, 4, 428.17, 302757, 196, 1, 0
748, 1, 130, 282, 127, 0, 48.16%, 1, 0, 4, 430.63, 304937, 196, 1, 0
753, 1, 141, 283, 124, 0, 48.40%, 1, 0, 4, 409.55, 306961, 197, 1, 0
759, 1, 213, 283, 122, 0, 48.40%, 1, 0, 4, 414.47, 309065, 197, 1, 0
764, 1, 229, 283, 118, 0, 48.40%, 1, 0, 4, 400.74, 311075, 197, 1, 0
769, 1, 276, 283, 116, 0, 48.40%, 1, 0, 4, 394.38, 313111, 197, 1, 0
774, 1, 204, 283, 113, 0, 48.40%, 1, 0, 4, 406.04, 315208, 197, 1, 0
779, 1, 265, 283, 110, 0, 48.40%, 1, 0, 4, 419.87, 317375, 197, 1, 0
784, 1, 239, 284, 105, 0, 48.40%, 1, 0, 4, 441.12, 319634, 197, 1, 0
789, 1, 227, 284, 101, 0, 48.40%, 1, 0, 4, 459.61, 321979, 197, 1, 0
794, 1, 110, 284, 97, 0, 48.40%, 1, 0, 4, 437.66, 324129, 197, 1, 0
799, 1, 0, 284, 94, 0, 48.40%, 1, 0, 4, 422.94, 326251, 197, 1, 0
804, 1, 167, 284, 91, 0, 48.40%, 1, 0, 4, 423.48, 328405, 197, 1, 0
809, 1, 222, 284, 85, 0, 48.40%, 1, 0, 4, 443.70, 330651, 197, 1, 0
814, 1, 159, 284, 83, 0, 48.40%, 1, 0, 4, 432.82, 332763, 197, 1, 0
820, 1, 261, 284, 81, 0, 48.40%, 1, 0, 4, 413.37, 334802, 197, 1, 0
825, 1, 196, 284, 78, 0, 48.40%, 1, 0, 4, 435.69, 337043, 197, 1, 0
830, 1, 193, 284, 75, 0, 48.40%, 1, 0, 4, 447.92, 339325, 197, 1, 0
835, 1, 284, 285, 73, 1, 48.40%, 1, 0, 4, 447.24, 341533, 197, 1, 0
840, 1, 284, 286, 73, 0, 48.40%, 1, 0, 5, 428.37, 343696, 197, 1, 0
845, 1, 14, 286, 71, 0, 48.40%, 1, 0, 5, 419.23, 345808, 197, 1, 0
850, 1, 187, 286, 69, 0, 48.40%, 1, 0, 5, 403.41, 347872, 197, 1, 0
855, 1, 276, 287, 67, 0, 48.65%, 1, 0, 5, 389.50, 349806, 198, 1, 0
860, 1, 258, 288, 66, 0, 48.65%, 1, 0, 5, 399.88, 351809, 198, 1, 0
865, 1, 136, 288, 62, 0, 48.65%, 1, 0, 5, 416.90, 353936, 198, 1, 0
870, 1, 165, 288, 59, 0, 48.65%, 1, 0, 5, 398.98, 355987, 198, 1, 0
875, 1, 131, 288, 58, 0, 48.65%, 1, 0, 5, 430.44, 358179, 198, 1, 0
880, 1, 131, 293, 63, 0, 48.65%, 1, 0, 5, 385.95, 360079, 198, 1, 0
885, 1, 133, 293, 61, 0, 48.65%, 1, 0, 5, 403.43, 362078, 198, 1, 0
891, 1, 79, 293, 59, 0, 48.65%, 1, 0, 5, 454.09, 364429, 198, 1, 0
896, 1, 165, 293, 57, 0, 48.65%, 1, 0, 5, 438.46, 366629, 198, 1, 0
901, 1, 198, 293, 57, 0, 48.65%, 1, 0, 5, 429.54, 368704, 198, 1, 0
904, 1, 249, 293, 54, 0, 48.65%, 1, 0, 5, 434.91, 370323, 198, 1, 0
