# relative_time, cycles_done, cur_item, corpus_count, pending_total, pending_favs, map_size, saved_crashes, saved_hangs, max_depth, execs_per_sec, total_execs, edges_found, total_crashes, servers_count
61, 0, 9, 64, 59, 5, 30.47%, 0, 0, 2, 156.15, 7589, 124, 0, 0
66, 0, 9, 66, 61, 5, 30.71%, 0, 0, 2, 128.68, 8166, 125, 0, 0
71, 0, 9, 66, 61, 5, 30.71%, 0, 0, 2, 124.16, 8798, 125, 0, 0
76, 0, 9, 67, 62, 5, 30.71%, 0, 0, 2, 111.51, 9371, 125, 0, 0
81, 0, 9, 67, 62, 5, 30.71%, 0, 0, 2, 120.94, 9994, 125, 0, 0
86, 0, 9, 67, 62, 5, 30.71%, 0, 0, 2, 123.60, 10608, 125, 0, 0
92, 0, 9, 67, 62, 5, 30.71%, 0, 0, 2, 122.60, 11236, 125, 0, 0
97, 0, 9, 67, 62, 5, 30.71%, 0, 0, 2, 99.61, 11786, 125, 0, 0
102, 0, 9, 67, 62, 5, 30.71%, 0, 0, 2, 110.61, 12340, 125, 0, 0
107, 0, 9, 68, 63, 5, 30.71%, 0, 0, 2, 122.50, 12999, 125, 0, 0
112, 0, 9, 68, 63, 5, 30.71%, 0, 0, 2, 103.61, 13517, 125, 0, 0
117, 0, 9, 68, 63, 5, 30.71%, 0, 0, 2, 114.21, 14127, 125, 0, 0
122, 0, 9, 68, 63, 5, 30.71%, 0, 0, 2, 132.15, 14825, 125, 0, 0
127, 0, 9, 69, 64, 5, 30.71%, 0, 0, 2, 139.86, 15554, 125, 0, 0
133, 0, 9, 69, 64, 5, 30.71%, 0, 0, 2, 121.93, 16146, 125, 0, 0
138, 0, 9, 70, 65, 5, 30.71%, 0, 0, 2, 124.92, 16795, 125, 0, 0
143, 0, 9, 70, 65, 5, 30.71%, 0, 0, 2, 130.84, 17449, 125, 0, 0
148, 0, 9, 70, 65, 5, 30.71%, 0, 0, 2, 110.11, 18011, 125, 0, 0
153, 0, 9, 70, 65, 5, 30.71%, 0, 0, 2, 124.12, 18673, 125, 0, 0
158, 0, 9, 70, 65, 5, 30.71%, 0, 0, 2, 116.52, 19287, 125, 0, 0
163, 0, 9, 70, 65, 5, 30.71%, 0, 0, 2, 116.75, 19830, 125, 0, 0
168, 0, 9, 70, 65, 5, 30.71%, 0, 0, 2, 113.68, 20406, 125, 0, 0
173, 0, 9, 70, 65, 5, 30.71%, 0, 0, 2, 122.91, 21034, 125, 0, 0
179, 0, 9, 71, 66, 5, 30.71%, 0, 0, 2, 122.17, 21649, 125, 0, 0
184, 0, 9, 71, 66, 5, 30.71%, 0, 0, 2, 134.39, 22319, 125, 0, 0
189, 0, 9, 71, 66, 5, 30.71%, 0, 0, 2, 104.19, 22847, 125, 0, 0
194, 0, 9, 71, 66, 5, 30.71%, 0, 0, 2, 123.54, 23467, 125, 0, 0
199, 0, 9, 71, 66, 5, 30.71%, 0, 0, 2, 134.14, 24139, 125, 0, 0
204, 0, 9, 71, 66, 5, 30.71%, 0, 0, 2, 111.86, 24695, 125, 0, 0
209, 0, 9, 72, 67, 5, 30.71%, 0, 0, 2, 112.88, 25286, 125, 0, 0
215, 0, 9, 72, 67, 5, 30.71%, 0, 0, 2, 110.29, 25846, 125, 0, 0
220, 0, 9, 72, 67, 5, 30.71%, 0, 0, 2, 127.97, 26484, 125, 0, 0
225, 0, 9, 72, 67, 5, 30.71%, 0, 0, 2, 124.49, 27092, 125, 0, 0
230, 0, 9, 73, 68, 5, 30.71%, 0, 0, 2, 115.32, 27687, 125, 0, 0
235, 0, 9, 73, 68, 5, 30.71%, 0, 0, 2, 115.94, 28311, 125, 0, 0
240, 0, 9, 88, 82, 4, 34.40%, 0, 0, 2, 121.30, 28953, 140, 0, 0
245, 0, 26, 117, 111, 34, 41.52%, 0, 0, 2, 110.52, 29480, 169, 0, 0
250, 0, 95, 118, 105, 28, 41.77%, 0, 0, 3, 133.67, 30194, 170, 0, 0
255, 0, 102, 118, 104, 27, 41.77%, 0, 0, 3, 139.23, 30874, 170, 0, 0
261, 0, 102, 118, 104, 27, 41.77%, 0, 0, 3, 44.56, 31483, 170, 0, 0
266, 0, 102, 118, 104, 27, 41.77%, 0, 0, 3, 95.88, 32043, 170, 0, 0
271, 0, 102, 119, 105, 27, 41.77%, 0, 0, 3, 108.71, 32614, 170, 0, 0
276, 0, 102, 119, 105, 27, 41.77%, 0, 0, 3, 96.52, 33086, 170, 0, 0
281, 0, 102, 119, 105, 27, 41.77%, 0, 0, 3, 115.91, 33676, 170, 0, 0
286, 0, 102, 119, 105, 27, 41.77%, 0, 0, 3, 111.89, 34226, 170, 0, 0
291, 0, 102, 119, 105, 27, 41.77%, 0, 0, 3, 102.39, 34750, 170, 0, 0
296, 0, 102, 119, 105, 27, 41.77%, 0, 0, 3, 104.08, 35306, 170, 0, 0
302, 0, 102, 119, 105, 27, 41.77%, 0, 0, 3, 115.35, 35908, 170, 0, 0
307, 0, 102, 119, 105, 27, 41.77%, 0, 0, 3, 100.79, 36374, 170, 0, 0
312, 0, 102, 119, 105, 27, 41.77%, 0, 0, 3, 89.13, 36822, 170, 0, 0
317, 0, 102, 119, 105, 27, 41.77%, 0, 0, 3, 102.37, 37384, 170, 0, 0
322, 0, 102, 123, 109, 27, 41.77%, 0, 0, 3, 101.17, 37926, 170, 0, 0
327, 0, 102, 123, 109, 27, 41.77%, 0, 0, 3, 115.58, 38540, 170, 0, 0
332, 0, 102, 123, 109, 27, 41.77%, 0, 0, 3, 106.01, 39042, 170, 0, 0
337, 0, 102, 123, 109, 27, 41.77%, 0, 0, 3, 112.13, 39622, 170, 0, 0
342, 0, 102, 124, 110, 27, 41.77%, 0, 0, 3, 108.85, 40169, 170, 0, 0
348, 0, 102, 124, 110, 27, 41.77%, 0, 0, 3, 105.38, 40713, 170, 0, 0
353, 0, 102, 125, 111, 27, 41.77%, 0, 0, 3, 111.00, 41294, 170, 0, 0
358, 0, 102, 126, 112, 27, 42.01%, 0, 0, 3, 102.40, 41797, 171, 0, 0
363, 0, 102, 126, 112, 27, 42.01%, 0, 0, 3, 103.27, 42337, 171, 0, 0
368, 0, 102, 126, 112, 27, 42.01%, 0, 0, 3, 98.54, 42837, 171, 0, 0
373, 0, 102, 126, 112, 27, 42.01%, 0, 0, 3, 97.80, 43314, 171, 0, 0
378, 0, 102, 126, 112, 27, 42.01%, 0, 0, 3, 105.40, 43873, 171, 0, 0
383, 0, 102, 126, 112, 27, 42.01%, 0, 0, 3, 115.46, 44431, 171, 0, 0
388, 0, 102, 126, 112, 27, 42.01%, 0, 0, 3, 97.11, 44915, 171, 0, 0
393, 0, 102, 126, 112, 27, 42.01%, 0, 0, 3, 117.70, 45517, 171, 0, 0
399, 0, 102, 126, 112, 27, 42.01%, 0, 0, 3, 103.38, 46093, 171, 0, 0
404, 0, 102, 126, 112, 27, 42.01%, 0, 0, 3, 105.35, 46641, 171, 0, 0
409, 0, 102, 126, 112, 27, 42.01%, 0, 0, 3, 108.04, 47165, 171, 0, 0
414, 0, 102, 126, 112, 27, 42.01%, 0, 0, 3, 102.92, 47685, 171, 0, 0
419, 0, 102, 126, 112, 27, 42.01%, 0, 0, 3, 107.47, 48251, 171, 0, 0
424, 0, 102, 127, 113, 27, 42.01%, 0, 0, 3, 100.30, 48754, 171, 0, 0
429, 0, 102, 127, 113, 27, 42.01%, 0, 0, 3, 98.29, 49240, 171, 0, 0
434, 0, 102, 127, 113, 27, 42.01%, 0, 0, 3, 95.85, 49735, 171, 0, 0
439, 0, 102, 127, 113, 27, 42.01%, 0, 0, 3, 108.58, 50292, 171, 0, 0
445, 0, 102, 127, 113, 27, 42.01%, 0, 0, 3, 102.71, 50824, 171, 0, 0
450, 0, 102, 127, 113, 27, 42.01%, 0, 0, 3, 113.32, 51418, 171, 0, 0
455, 0, 102, 127, 113, 27, 42.01%, 0, 0, 3, 122.88, 52068, 171, 0, 0
460, 0, 102, 127, 113, 27, 42.01%, 0, 0, 3, 98.77, 52528, 171, 0, 0
465, 0, 102, 127, 113, 27, 42.01%, 0, 0, 3, 96.86, 53028, 171, 0, 0
470, 0, 102, 127, 113, 27, 42.01%, 0, 0, 3, 115.87, 53594, 171, 0, 0
476, 0, 102, 127, 113, 27, 42.01%, 0, 0, 3, 103.18, 54130, 171, 0, 0
481, 0, 102, 127, 113, 27, 42.01%, 0, 0, 3, 106.08, 54716, 171, 0, 0
486, 0, 102, 127, 113, 27, 42.01%, 0, 0, 3, 115.98, 55310, 171, 0, 0
491, 0, 102, 127, 113, 27, 42.01%, 0, 0, 3, 99.63, 55784, 171, 0, 0
496, 0, 102, 127, 113, 27, 42.01%, 0, 0, 3, 112.46, 56406, 171, 0, 0
501, 0, 3, 127, 112, 28, 42.01%, 0, 0, 3, 98.46, 56882, 171, 0, 0
506, 0, 3, 127, 112, 28, 42.01%, 0, 0, 3, 120.37, 57556, 171, 0, 0
511, 0, 15, 127, 111, 27, 42.01%, 0, 0, 3, 112.86, 58108, 171, 0, 0
517, 0, 0, 127, 110, 26, 42.01%, 0, 0, 3, 134.80, 58792, 171, 0, 0
522, 0, 0, 127, 110, 26, 42.01%, 0, 0, 3, 128.69, 59440, 171, 0, 0
527, 0, 30, 129, 111, 25, 42.01%, 0, 0, 3, 127.86, 60089, 171, 0, 0
532, 0, 135, 136, 117, 25, 42.01%, 0, 0, 3, 133.55, 60825, 171, 0, 0
537, 0, 53, 138, 118, 24, 42.01%, 0, 0, 3, 119.24, 61424, 171, 0, 0
542, 0, 53, 139, 119, 24, 42.01%, 0, 0, 3, 125.28, 62083, 171, 0, 0
547, 0, 53, 140, 120, 24, 42.01%, 0, 0, 3, 124.94, 62706, 171, 0, 0
553, 0, 53, 140, 120, 24, 42.01%, 0, 0, 3, 126.03, 63364, 171, 0, 0
558, 0, 53, 141, 121, 24, 42.01%, 0, 0, 3, 192.76, 63954, 171, 0, 0
563, 0, 53, 142, 122, 24, 42.01%, 0, 0, 3, 137.39, 64572, 171, 0, 0
568, 0, 53, 142, 122, 24, 42.01%, 0, 0, 3, 120.98, 65198, 171, 0, 0
573, 0, 53, 142, 122, 24, 42.01%, 0, 0, 3, 121.59, 65812, 171, 0, 0
578, 0, 94, 142, 121, 24, 42.01%, 0, 0, 3, 114.47, 66358, 171, 0, 0
583, 0, 94, 143, 122, 24, 42.26%, 0, 0, 3, 116.31, 66995, 172, 0, 0
588, 0, 94, 143, 122, 24, 42.26%, 0, 0, 3, 123.86, 67615, 172, 0, 0
594, 0, 94, 151, 130, 24, 43.49%, 1, 0, 3, 121.08, 68187, 177, 1, 0
599, 0, 94, 158, 137, 24, 43.49%, 1, 0, 3, 126.01, 68873, 177, 1, 0
604, 0, 94, 161, 140, 24, 43.49%, 1, 0, 3, 105.22, 69385, 177, 1, 0
609, 0, 94, 161, 140, 24, 43.49%, 1, 0, 3, 121.18, 70025, 177, 1, 0
614, 0, 94, 163, 142, 24, 43.49%, 1, 0, 3, 121.61, 70697, 177, 1, 0
619, 0, 94, 163, 142, 24, 43.49%, 1, 0, 3, 122.91, 71303, 177, 1, 0
624, 0, 94, 165, 144, 24, 43.49%, 1, 0, 3, 110.39, 71839, 177, 1, 0
629, 0, 94, 165, 144, 24, 43.49%, 1, 0, 3, 123.52, 72511, 177, 1, 0
634, 0, 94, 165, 144, 24, 43.49%, 1, 0, 3, 116.75, 73093, 177, 1, 0
639, 0, 94, 166, 145, 24, 43.49%, 1, 0, 3, 120.89, 73710, 177, 1, 0
644, 0, 94, 166, 145, 24, 43.49%, 1, 0, 3, 109.18, 74260, 177, 1, 0
649, 0, 94, 167, 146, 24, 43.49%, 1, 0, 3, 107.30, 74801, 177, 1, 0
654, 0, 94, 167, 146, 24, 43.49%, 1, 0, 3, 125.29, 75425, 177, 1, 0
659, 0, 94, 167, 146, 24, 43.49%, 1, 0, 3, 120.88, 76037, 177, 1, 0
665, 0, 94, 167, 146, 24, 43.49%, 1, 0, 3, 123.62, 76699, 177, 1, 0
670, 0, 94, 167, 146, 24, 43.49%, 1, 0, 3, 115.05, 77303, 177, 1, 0
675, 0, 94, 167, 146, 24, 43.49%, 1, 0, 3, 122.63, 77921, 177, 1, 0
680, 0, 94, 167, 146, 24, 43.49%, 1, 0, 3, 134.69, 78601, 177, 1, 0
685, 0, 94, 167, 146, 24, 43.49%, 1, 0, 3, 116.03, 79205, 177, 1, 0
690, 0, 94, 167, 146, 24, 43.49%, 1, 0, 3, 94.17, 79686, 177, 1, 0
695, 0, 94, 168, 147, 24, 43.49%, 1, 0, 3, 117.57, 80364, 177, 1, 0
700, 0, 94, 168, 147, 24, 43.49%, 1, 0, 3, 103.40, 80994, 177, 1, 0
706, 0, 94, 169, 148, 24, 43.49%, 1, 0, 3, 22.51, 81623, 177, 1, 0
711, 0, 94, 169, 148, 24, 43.49%, 1, 0, 3, 134.34, 82211, 177, 1, 0
716, 0, 94, 170, 149, 24, 43.49%, 1, 0, 3, 104.55, 82695, 177, 1, 0
721, 0, 151, 170, 148, 25, 43.49%, 1, 0, 3, 125.64, 83366, 177, 1, 0
726, 0, 151, 171, 149, 25, 43.49%, 1, 0, 3, 117.60, 83957, 177, 1, 0
731, 0, 151, 183, 161, 25, 43.49%, 1, 0, 3, 119.13, 84565, 177, 1, 0
736, 0, 115, 185, 162, 24, 44.23%, 1, 0, 3, 131.34, 85238, 180, 1, 0
741, 0, 115, 185, 162, 24, 44.23%, 1, 0, 3, 123.38, 85846, 180, 1, 0
746, 0, 146, 185, 161, 23, 44.23%, 1, 0, 3, 119.72, 86461, 180, 1, 0
751, 0, 146, 187, 163, 23, 44.23%, 1, 0, 3, 111.96, 87002, 180, 1, 0
757, 0, 146, 188, 164, 23, 44.23%, 1, 0, 3, 108.89, 87528, 180, 1, 0
762, 0, 146, 191, 167, 23, 44.23%, 1, 0, 3, 102.13, 88056, 180, 1, 0
767, 0, 146, 195, 171, 23, 44.23%, 1, 0, 3, 110.41, 88624, 180, 1, 0
772, 0, 146, 195, 171, 23, 44.23%, 1, 0, 3, 119.28, 89236, 180, 1, 0
777, 0, 146, 195, 171, 23, 44.23%, 1, 0, 3, 120.55, 89808, 180, 1, 0
782, 0, 146, 196, 172, 23, 44.23%, 1, 0, 3, 114.62, 90407, 180, 1, 0
787, 0, 146, 196, 172, 23, 44.23%, 1, 0, 3, 111.22, 90975, 180, 1, 0
792, 0, 146, 196, 172, 23, 44.23%, 1, 0, 3, 122.85, 91607, 180, 1, 0
797, 0, 146, 197, 173, 23, 44.23%, 1, 0, 3, 113.18, 92182, 180, 1, 0
803, 0, 146, 197, 173, 23, 44.23%, 1, 0, 3, 116.69, 92778, 180, 1, 0
808, 0, 146, 198, 174, 23, 44.23%, 1, 0, 3, 113.40, 93373, 180, 1, 0
813, 0, 146, 198, 174, 23, 44.23%, 1, 0, 3, 101.71, 93893, 180, 1, 0
818, 0, 146, 198, 174, 23, 44.23%, 1, 0, 3, 114.34, 94495, 180, 1, 0
823, 0, 146, 199, 175, 23, 44.23%, 1, 0, 3, 112.58, 95104, 180, 1, 0
828, 0, 146, 201, 177, 23, 44.23%, 1, 0, 3, 112.19, 95684, 180, 1, 0
833, 0, 146, 201, 177, 23, 44.23%, 1, 0, 3, 117.85, 96254, 180, 1, 0
838, 0, 146, 202, 178, 23, 44.23%, 1, 0, 3, 124.19, 96861, 180, 1, 0
843, 0, 146, 202, 178, 23, 44.23%, 1, 0, 3, 110.71, 97413, 180, 1, 0
848, 0, 146, 202, 178, 23, 44.23%, 1, 0, 3, 114.56, 98019, 180, 1, 0
853, 0, 146, 202, 178, 23, 44.23%, 1, 0, 3, 123.91, 98643, 180, 1, 0
859, 0, 146, 202, 178, 23, 44.23%, 1, 0, 3, 119.57, 99215, 180, 1, 0
864, 0, 146, 203, 179, 23, 44.23%, 1, 0, 3, 117.70, 99792, 180, 1, 0
869, 0, 146, 203, 179, 23, 44.23%, 1, 0, 3, 106.88, 100336, 180, 1, 0
874, 0, 146, 203, 179, 23, 44.23%, 1, 0, 3, 116.35, 100964, 180, 1, 0
879, 0, 146, 203, 179, 23, 44.23%, 1, 0, 3, 124.35, 101588, 180, 1, 0
884, 0, 116, 203, 178, 23, 44.23%, 1, 0, 3, 115.24, 102148, 180, 1, 0
889, 0, 116, 203, 178, 23, 44.23%, 1, 0, 3, 114.98, 102746, 180, 1, 0
894, 0, 116, 207, 182, 23, 47.91%, 1, 0, 3, 124.52, 103353, 195, 1, 0
899, 0, 116, 238, 213, 23, 47.91%, 1, 0, 3, 143.21, 104064, 195, 1, 0
902, 0, 116, 240, 215, 23, 48.16%, 1, 0, 3, 127.36, 104331, 196, 1, 0
