# relative_time, cycles_done, cur_item, corpus_count, pending_total, pending_favs, map_size, saved_crashes, saved_hangs, max_depth, execs_per_sec, total_execs, edges_found, total_crashes, servers_count
60, 0, 9, 69, 64, 4, 30.22%, 0, 0, 2, 436.99, 26596, 123, 0, 0
65, 0, 9, 70, 65, 4, 30.47%, 0, 0, 2, 450.48, 28836, 124, 0, 0
71, 0, 9, 70, 65, 4, 30.47%, 0, 0, 2, 444.14, 31043, 124, 0, 0
76, 0, 9, 70, 65, 4, 30.47%, 0, 0, 2, 390.52, 32995, 124, 0, 0
81, 0, 9, 71, 66, 4, 31.45%, 0, 0, 2, 379.78, 34864, 128, 0, 0
86, 0, 9, 73, 68, 4, 31.70%, 0, 0, 2, 424.80, 37080, 129, 0, 0
91, 0, 9, 74, 69, 4, 31.70%, 0, 0, 2, 448.75, 39367, 129, 0, 0
96, 0, 9, 75, 70, 4, 31.70%, 0, 0, 2, 423.31, 41542, 129, 0, 0
101, 0, 9, 75, 70, 4, 31.70%, 0, 0, 2, 433.62, 43758, 129, 0, 0
106, 0, 9, 76, 71, 4, 31.70%, 0, 0, 2, 442.36, 46061, 129, 0, 0
111, 0, 9, 76, 71, 4, 31.70%, 0, 0, 2, 402.42, 48045, 129, 0, 0
116, 0, 9, 77, 72, 4, 31.70%, 0, 0, 2, 419.84, 50236, 129, 0, 0
121, 0, 9, 77, 72, 4, 31.70%, 0, 0, 2, 425.12, 52404, 129, 0, 0
127, 0, 9, 131, 125, 3, 38.08%, 0, 0, 2, 445.16, 54722, 155, 0, 0
132, 0, 126, 157, 143, 29, 45.45%, 0, 0, 3, 410.01, 56800, 185, 0, 0
137, 0, 138, 157, 140, 26, 45.45%, 0, 0, 3, 426.93, 59025, 185, 0, 0
142, 0, 138, 169, 152, 26, 45.45%, 0, 0, 3, 410.72, 61058, 185, 0, 0
147, 0, 3, 180, 162, 26, 45.45%, 0, 0, 3, 449.29, 63325, 185, 0, 0
152, 0, 79, 186, 166, 24, 45.45%, 0, 0, 3, 428.25, 65550, 185, 0, 0
157, 0, 127, 191, 169, 22, 45.45%, 0, 0, 3, 431.43, 67684, 185, 0, 0
162, 0, 127, 198, 176, 22, 46.44%, 1, 0, 3, 422.38, 69842, 189, 1, 0
167, 0, 127, 199, 177, 22, 46.44%, 1, 0, 3, 399.55, 71854, 189, 1, 0
172, 0, 127, 200, 178, 22, 46.44%, 1, 0, 3, 451.59, 74158, 189, 1, 0
177, 0, 127, 200, 178, 22, 46.44%, 1, 0, 3, 413.67, 76256, 189, 1, 0
182, 0, 127, 200, 178, 22, 46.44%, 1, 0, 3, 429.78, 78368, 189, 1, 0
188, 0, 137, 200, 176, 21, 46.44%, 1, 0, 3, 472.97, 80816, 189, 1, 0
193, 0, 82, 200, 174, 19, 46.44%, 1, 0, 3, 445.79, 82996, 189, 1, 0
198, 0, 131, 200, 172, 17, 46.44%, 1, 0, 3, 419.18, 85122, 189, 1, 0
203, 0, 131, 200, 172, 17, 46.44%, 1, 0, 3, 365.53, 86926, 189, 1, 0
208, 0, 131, 200, 172, 17, 46.44%, 1, 0, 3, 369.92, 88828, 189, 1, 0
213, 0, 119, 204, 174, 15, 46.44%, 1, 0, 3, 411.42, 90929, 189, 1, 0
218, 0, 119, 205, 175, 15, 46.44%, 1, 0, 3, 392.83, 92913, 189, 1, 0
223, 0, 119, 208, 178, 15, 46.44%, 1, 0, 3, 496.35, 94928, 189, 1, 0
228, 0, 119, 208, 178, 15, 46.44%, 1, 0, 3, 415.05, 96927, 189, 1, 0
233, 0, 119, 211, 181, 15, 46.44%, 1, 0, 3, 401.49, 98908, 189, 1, 0
238, 0, 119, 213, 183, 15, 46.44%, 1, 0, 3, 424.49, 101074, 189, 1, 0
243, 0, 119, 214, 184, 15, 46.44%, 1, 0, 3, 434.21, 103345, 189, 1, 0
249, 0, 119, 216, 186, 15, 46.44%, 1, 0, 3, 429.01, 105425, 189, 1, 0
254, 0, 119, 217, 187, 15, 46.44%, 1, 0, 3, 417.36, 107536, 189, 1, 0
259, 0, 119, 219, 189, 15, 46.44%, 1, 0, 3, 410.75, 109638, 189, 1, 0
264, 0, 119, 219, 189, 15, 46.44%, 1, 0, 3, 410.46, 111814, 189, 1, 0
269, 0, 119, 220, 190, 15, 46.44%, 1, 0, 3, 433.01, 113998, 189, 1, 0
274, 0, 119, 220, 190, 15, 46.44%, 1, 0, 3, 416.42, 116158, 189, 1, 0
279, 0, 119, 220, 190, 15, 46.44%, 1, 0, 3, 412.11, 118358, 189, 1, 0
284, 0, 119, 220, 190, 15, 46.44%, 1, 0, 3, 427.83, 120470, 189, 1, 0
289, 0, 119, 222, 192, 15, 46.44%, 1, 0, 3, 428.57, 122652, 189, 1, 0
294, 0, 119, 222, 192, 15, 46.44%, 1, 0, 3, 417.24, 124724, 189, 1, 0
299, 0, 119, 223, 193, 15, 46.44%, 1, 0, 3, 405.89, 126851, 189, 1, 0
304, 0, 48, 223, 192, 16, 46.44%, 1, 0, 3, 433.75, 129080, 189, 1, 0
309, 0, 212, 224, 190, 14, 46.68%, 1, 0, 3, 407.67, 131162, 190, 1, 0
314, 0, 201, 229, 193, 13, 46.68%, 1, 0, 4, 424.37, 133303, 190, 1, 0
320, 0, 23, 230, 190, 10, 46.93%, 1, 0, 4, 441.84, 135511, 191, 1, 0
325, 0, 192, 233, 192, 9, 46.93%, 1, 0, 4, 422.10, 137573, 191, 1, 0
330, 0, 223, 234, 190, 8, 46.93%, 1, 0, 4, 411.39, 139667, 191, 1, 0
335, 0, 124, 238, 193, 7, 47.42%, 1, 0, 4, 404.13, 141672, 193, 1, 0
340, 0, 236, 239, 191, 6, 47.42%, 1, 0, 4, 436.86, 143868, 193, 1, 0
345, 0, 238, 241, 192, 5, 47.42%, 1, 0, 4, 422.73, 145994, 193, 1, 0
350, 0, 78, 241, 188, 1, 47.42%, 1, 0, 4, 428.09, 148125, 193, 1, 0
355, 0, 23, 241, 184, 0, 47.42%, 1, 0, 4, 379.54, 149992, 193, 1, 0
360, 0, 201, 241, 178, 0, 47.42%, 1, 0, 4, 417.70, 152236, 193, 1, 0
365, 0, 23, 242, 175, 0, 47.42%, 1, 0, 4, 443.45, 154545, 193, 1, 0
370, 0, 172, 243, 175, 0, 47.42%, 1, 0, 4, 429.40, 156729, 193, 1, 0
376, 0, 178, 265, 196, 0, 47.42%, 1, 0, 4, 436.68, 159015, 193, 1, 0
381, 0, 178, 268, 199, 0, 47.42%, 1, 0, 4, 427.60, 161236, 193, 1, 0
386, 0, 178, 270, 201, 0, 47.67%, 1, 0, 4, 451.96, 163567, 194, 1, 0
391, 0, 255, 271, 201, 3, 47.91%, 1, 0, 4, 436.18, 165817, 195, 1, 0
396, 0, 268, 271, 199, 1, 47.91%, 1, 0, 4, 419.24, 168001, 195, 1, 0
401, 0, 236, 273, 199, 0, 47.91%, 1, 0, 4, 412.86, 170119, 195, 1, 0
406, 0, 80, 273, 199, 0, 47.91%, 1, 0, 4, 413.93, 172265, 195, 1, 0
411, 0, 27, 273, 197, 0, 47.91%, 1, 0, 4, 417.17, 174375, 195, 1, 0
416, 0, 171, 273, 192, 0, 47.91%, 1, 0, 4, 460.45, 176733, 195, 1, 0
421, 0, 175, 273, 191, 0, 47.91%, 1, 0, 4, 419.80, 178830, 195, 1, 0
427, 0, 273, 274, 190, 1, 48.65%, 1, 0, 4, 389.08, 180763, 198, 1, 0
432, 0, 131, 275, 187, 0, 48.65%, 1, 0, 4, 400.81, 182833, 198, 1, 0
437, 0, 114, 275, 186, 0, 48.65%, 1, 0, 4, 442.41, 185082, 198, 1, 0
442, 0, 233, 277, 186, 0, 48.65%, 1, 0, 4, 430.47, 187178, 198, 1, 0
447, 0, 227, 278, 186, 0, 48.65%, 1, 0, 4, 449.83, 189453, 198, 1, 0
452, 0, 206, 280, 186, 0, 48.65%, 1, 0, 4, 421.38, 191523, 198, 1, 0
457, 0, 270, 282, 183, 0, 48.89%, 1, 0, 4, 451.70, 193863, 199, 1, 0
462, 0, 126, 282, 179, 0, 48.89%, 1, 0, 4, 433.76, 196087, 199, 1, 0
467, 0, 191, 282, 178, 0, 48.89%, 1, 0, 4, 418.64, 198225, 199, 1, 0
472, 0, 68, 282, 176, 0, 48.89%, 1, 0, 4, 442.76, 200507, 199, 1, 0
477, 0, 163, 282, 173, 0, 48.89%, 1, 0, 4, 462.37, 202841, 199, 1, 0
482, 0, 130, 282, 171, 0, 48.89%, 1, 0, 4, 462.39, 205199, 199, 1, 0
488, 0, 96, 282, 170, 0, 48.89%, 1, 0, 4, 433.77, 207356, 199, 1, 0
493, 0, 271, 282, 168, 0, 48.89%, 1, 0, 4, 453.42, 209640, 199, 1, 0
498, 0, 72, 284, 166, 0, 48.89%, 1, 0, 4, 430.89, 211859, 199, 1, 0
503, 0, 254, 284, 164, 0, 48.89%, 1, 0, 4, 417.86, 213963, 199, 1, 0
508, 0, 267, 284, 162, 0, 48.89%, 1, 0, 4, 391.13, 215871, 199, 1, 0
513, 0, 249, 285, 161, 0, 48.89%, 1, 0, 4, 399.39, 217834, 199, 1, 0
518, 1, 257, 285, 160, 0, 48.89%, 1, 0, 4, 400.03, 219907, 199, 1, 0
523, 1, 285, 286, 159, 1, 49.14%, 1, 0, 5, 390.42, 221939, 200, 1, 0
528, 1, 161, 286, 158, 0, 49.14%, 1, 0, 5, 409.70, 224044, 200, 1, 0
534, 1, 153, 286, 152, 0, 49.14%, 1, 0, 5, 415.49, 226137, 200, 1, 0
539, 1, 190, 286, 148, 0, 49.14%, 1, 0, 5, 402.20, 228218, 200, 1, 0
544, 1, 103, 286, 145, 0, 49.14%, 1, 0, 5, 407.50, 230390, 200, 1, 0
549, 1, 56, 287, 142, 0, 49.14%, 1, 0, 5, 419.50, 232560, 200, 1, 0
554, 1, 45, 287, 136, 0, 49.14%, 1, 0, 5, 440.07, 234762, 200, 1, 0
559, 1, 199, 287, 132, 0, 49.14%, 1, 0, 5, 402.63, 236690, 200, 1, 0
564, 1, 199, 294, 139, 0, 49.14%, 1, 0, 5, 421.04, 238858, 200, 1, 0
569, 1, 199, 294, 139, 0, 49.14%, 1, 0, 5, 428.93, 241018, 200, 1, 0
574, 1, 199, 297, 142, 0, 49.14%, 1, 0, 5, 447.72, 243287, 200, 1, 0
579, 1, 199, 297, 142, 0, 49.14%, 1, 0, 5, 415.09, 245367, 200, 1, 0
584, 1, 289, 297, 139, 0, 49.14%, 1, 0, 5, 421.41, 247527, 200, 1, 0
590, 1, 168, 298, 137, 0, 49.14%, 1, 0, 5, 390.07, 249450, 200, 1, 0
595, 1, 225, 298, 134, 0, 49.14%, 1, 0, 5, 424.48, 251629, 200, 1, 0
600, 1, 167, 298, 132, 0, 49.14%, 1, 0, 5, 406.09, 253666, 200, 1, 0
605, 1, 121, 298, 130, 0, 49.14%, 1, 0, 5, 432.98, 255887, 200, 1, 0
610, 1, 292, 300, 131, 0, 49.14%, 1, 0, 5, 457.53, 258148, 200, 1, 0
615, 1, 102, 300, 127, 0, 49.14%, 1, 0, 5, 426.46, 260248, 200, 1, 0
620, 1, 180, 300, 124, 0, 49.14%, 1, 0, 5, 440.32, 262501, 200, 1, 0
625, 1, 247, 300, 119, 0, 49.14%, 1, 0, 5, 425.86, 264719, 200, 1, 0
630, 1, 179, 300, 116, 0, 49.14%, 1, 0, 5, 426.20, 266928, 200, 1, 0
635, 1, 278, 300, 111, 0, 49.14%, 1, 0, 5, 430.27, 269111, 200, 1, 0
640, 1, 131, 303, 108, 0, 49.39%, 1, 0, 5, 449.07, 271520, 201, 1, 0
646, 1, 111, 303, 107, 0, 49.39%, 1, 0, 5, 404.98, 273473, 201, 1, 0
651, 1, 259, 303, 104, 0, 49.39%, 1, 0, 5, 459.56, 275739, 201, 1, 0
656, 1, 157, 304, 102, 0, 49.39%, 1, 0, 5, 419.35, 277817, 201, 1, 0
661, 1, 184, 304, 100, 0, 49.39%, 1, 0, 5, 432.57, 279989, 201, 1, 0
666, 1, 304, 305, 98, 1, 49.63%, 1, 0, 5, 442.15, 282232, 202, 1, 0
671, 1, 304, 305, 98, 1, 49.63%, 1, 0, 5, 430.85, 284381, 202, 1, 0
676, 1, 153, 307, 98, 0, 49.63%, 1, 0, 5, 422.93, 286464, 202, 1, 0
681, 1, 165, 308, 98, 0, 49.63%, 1, 0, 5, 423.72, 288591, 202, 1, 0
686, 1, 256, 308, 95, 0, 49.63%, 1, 0, 5, 471.49, 290958, 202, 1, 0
691, 1, 34, 308, 93, 0, 49.63%, 1, 0, 5, 433.13, 293154, 202, 1, 0
696, 1, 83, 309, 91, 0, 49.63%, 1, 0, 5, 423.52, 295282, 202, 1, 0
701, 1, 310, 311, 91, 1, 50.12%, 1, 0, 5, 415.87, 297334, 204, 1, 0
706, 1, 305, 312, 90, 0, 50.12%, 1, 0, 6, 428.16, 299517, 204, 1, 0
712, 1, 194, 313, 89, 0, 50.12%, 1, 0, 6, 425.28, 301701, 204, 1, 0
717, 1, 263, 313, 86, 0, 50.12%, 1, 0, 6, 391.94, 303726, 204, 1, 0
722, 1, 253, 314, 84, 0, 50.12%, 1, 0, 6, 415.82, 305898, 204, 1, 0
727, 1, 134, 314, 83, 0, 50.12%, 1, 0, 6, 413.85, 307983, 204, 1, 0
732, 1, 312, 316, 82, 0, 50.12%, 1, 0, 6, 456.34, 310286, 204, 1, 0
737, 1, 312, 318, 84, 0, 50.12%, 1, 0, 6, 436.58, 312457, 204, 1, 0
742, 1, 312, 318, 84, 0, 50.12%, 1, 0, 6, 408.45, 314481, 204, 1, 0
747, 1, 312, 318, 84, 0, 50.12%, 1, 0, 6, 409.96, 316593, 204, 1, 0
752, 1, 303, 318, 81, 0, 50.12%, 2, 0, 6, 413.84, 318703, 204, 2, 0
757, 1, 252, 318, 76, 0, 50.12%, 2, 0, 6, 460.24, 321030, 204, 2, 0
762, 1, 61, 318, 72, 0, 50.12%, 2, 0, 6, 447.67, 323196, 204, 2, 0
768, 1, 229, 318, 68, 0, 50.12%, 2, 0, 6, 409.39, 325227, 204, 2, 0
773, 1, 312, 320, 69, 0, 50.12%, 2, 0, 6, 401.14, 327228, 204, 2, 0
778, 1, 255, 320, 67, 0, 50.12%, 2, 0, 6, 419.26, 329341, 204, 2, 0
783, 1, 174, 320, 65, 0, 50.12%, 2, 0, 6, 429.13, 331524, 204, 2, 0
788, 1, 298, 321, 64, 0, 50.12%, 2, 0, 6, 414.18, 333725, 204, 2, 0
793, 1, 299, 321, 61, 0, 50.12%, 2, 0, 6, 425.48, 335930, 204, 2, 0
798, 1, 19, 322, 59, 0, 50.12%, 2, 0, 6, 415.24, 338004, 204, 2, 0
803, 1, 214, 322, 57, 0, 50.12%, 2, 0, 6, 382.13, 339955, 204, 2, 0
808, 1, 248, 322, 55, 0, 50.12%, 2, 0, 6, 390.77, 341959, 204, 2, 0
813, 1, 313, 322, 53, 0, 50.12%, 2, 0, 6, 433.27, 344206, 204, 2, 0
818, 1, 128, 322, 50, 0, 50.12%, 2, 0, 6, 425.42, 346291, 204, 2, 0
824, 1, 108, 322, 48, 0, 50.12%, 2, 0, 6, 421.65, 348385, 204, 2, 0
829, 1, 20, 322, 45, 0, 50.12%, 2, 0, 6, 400.39, 350393, 204, 2, 0
834, 1, 314, 322, 43, 0, 50.12%, 2, 0, 6, 386.35, 352303, 204, 2, 0
839, 1, 193, 322, 41, 0, 50.12%, 2, 0, 6, 377.37, 354240, 204, 2, 0
844, 1, 23, 322, 39, 0, 50.12%, 2, 0, 6, 420.56, 356330, 204, 2, 0
849, 2, 329, 358, 74, 10, 52.83%, 2, 0, 6, 434.88, 358614, 215, 2, 0
854, 2, 349, 358, 73, 9, 52.83%, 2, 0, 6, 418.13, 360654, 215, 2, 0
859, 2, 234, 358, 71, 7, 52.83%, 2, 0, 6, 406.48, 362732, 215, 2, 0
864, 2, 341, 358, 69, 7, 52.83%, 2, 0, 6, 422.71, 365012, 215, 2, 0
869, 2, 323, 358, 68, 6, 52.83%, 2, 0, 6, 426.20, 367199, 215, 2, 0
874, 2, 344, 358, 65, 3, 52.83%, 2, 0, 6, 440.78, 369411, 215, 2, 0
879, 2, 343, 358, 63, 1, 52.83%, 2, 0, 6, 400.96, 371395, 215, 2, 0
885, 2, 120, 358, 60, 0, 52.83%, 2, 0, 6, 418.91, 373520, 215, 2, 0
890, 2, 135, 358, 56, 0, 52.83%, 2, 0, 6, 424.60, 375667, 215, 2, 0
895, 2, 246, 358, 54, 0, 52.83%, 2, 0, 6, 423.50, 377830, 215, 2, 0
900, 2, 177, 358, 53, 0, 52.83%, 2, 0, 6, 425.69, 380063, 215, 2, 0
900, 2, 177, 358, 53, 0, 52.83%, 2, 0, 6, 420.85, 380285, 215, 2, 0
