# relative_time, cycles_done, cur_item, corpus_count, pending_total, pending_favs, map_size, saved_crashes, saved_hangs, max_depth, execs_per_sec, total_execs, edges_found, total_crashes, servers_count
61, 0, 9, 66, 61, 4, 30.22%, 0, 0, 2, 451.36, 25781, 123, 0, 0
66, 0, 9, 66, 61, 4, 30.22%, 0, 0, 2, 443.62, 28013, 123, 0, 0
71, 0, 9, 66, 61, 4, 30.22%, 0, 0, 2, 433.74, 30269, 123, 0, 0
76, 0, 9, 68, 63, 4, 30.22%, 0, 0, 2, 476.84, 32676, 123, 0, 0
81, 0, 9, 68, 63, 4, 30.22%, 0, 0, 2, 461.44, 34931, 123, 0, 0
86, 0, 9, 69, 64, 4, 30.22%, 0, 0, 2, 496.01, 37414, 123, 0, 0
91, 0, 9, 69, 64, 4, 30.22%, 0, 0, 2, 455.98, 39683, 123, 0, 0
96, 0, 9, 69, 64, 4, 30.22%, 0, 0, 2, 450.55, 41923, 123, 0, 0
101, 0, 9, 71, 66, 4, 30.22%, 0, 0, 2, 438.16, 44145, 123, 0, 0
106, 0, 9, 72, 67, 4, 30.22%, 0, 0, 2, 428.57, 46328, 123, 0, 0
112, 0, 9, 72, 67, 4, 30.22%, 0, 0, 2, 422.92, 48489, 123, 0, 0
117, 0, 9, 72, 67, 4, 30.22%, 0, 0, 2, 433.57, 50769, 123, 0, 0
122, 0, 9, 72, 67, 4, 30.22%, 0, 0, 2, 400.82, 52805, 123, 0, 0
127, 0, 90, 91, 83, 27, 32.92%, 0, 0, 3, 448.32, 55060, 134, 0, 0
132, 0, 0, 91, 77, 21, 32.92%, 0, 0, 3, 427.55, 57217, 134, 0, 0
137, 0, 7, 98, 82, 20, 35.38%, 0, 0, 3, 460.34, 59518, 144, 0, 0
142, 0, 23, 101, 83, 23, 35.38%, 0, 0, 3, 458.81, 61775, 144, 0, 0
147, 0, 23, 109, 91, 23, 35.87%, 0, 0, 3, 437.13, 63907, 146, 0, 0
152, 0, 23, 113, 95, 23, 35.87%, 0, 0, 3, 435.76, 66151, 146, 0, 0
157, 0, 23, 116, 98, 23, 35.87%, 0, 0, 3, 445.11, 68380, 146, 0, 0
162, 0, 23, 116, 98, 23, 35.87%, 0, 0, 3, 439.07, 70628, 146, 0, 0
167, 0, 23, 117, 99, 23, 35.87%, 0, 0, 3, 433.09, 72820, 146, 0, 0
172, 0, 23, 122, 104, 23, 35.87%, 0, 0, 3, 450.76, 75109, 146, 0, 0
177, 0, 23, 125, 107, 23, 36.86%, 0, 0, 3, 457.00, 77407, 150, 0, 0
182, 0, 23, 127, 109, 23, 36.86%, 0, 0, 3, 445.72, 79635, 150, 0, 0
188, 0, 23, 127, 109, 23, 36.86%, 0, 0, 3, 465.34, 82011, 150, 0, 0
193, 0, 23, 129, 111, 23, 36.86%, 0, 0, 3, 447.65, 84249, 150, 0, 0
198, 0, 23, 130, 112, 23, 36.86%, 0, 0, 3, 467.46, 86568, 150, 0, 0
203, 0, 23, 131, 113, 23, 36.86%, 0, 0, 3, 443.50, 88775, 150, 0, 0
208, 0, 27, 132, 113, 21, 36.86%, 0, 0, 3, 435.99, 90969, 150, 0, 0
213, 0, 94, 140, 119, 19, 38.33%, 0, 0, 3, 445.98, 93308, 156, 0, 0
218, 0, 94, 152, 131, 19, 38.33%, 1, 0, 3, 437.48, 95525, 156, 1, 0
223, 0, 94, 155, 134, 19, 38.33%, 1, 0, 3, 462.08, 97835, 156, 1, 0
228, 0, 94, 161, 140, 19, 38.33%, 1, 0, 3, 446.45, 100077, 156, 1, 0
233, 0, 94, 164, 143, 19, 38.33%, 1, 0, 3, 426.33, 102226, 156, 1, 0
238, 0, 94, 164, 143, 19, 38.33%, 1, 0, 3, 442.78, 104442, 156, 1, 0
243, 0, 94, 166, 145, 19, 38.33%, 1, 0, 3, 433.27, 106592, 156, 1, 0
248, 0, 94, 166, 145, 19, 38.33%, 1, 0, 3, 451.69, 108896, 156, 1, 0
253, 0, 94, 167, 146, 19, 38.33%, 1, 0, 3, 436.89, 111119, 156, 1, 0
258, 0, 94, 169, 148, 19, 38.33%, 1, 0, 3, 411.76, 113197, 156, 1, 0
263, 0, 94, 169, 148, 19, 38.33%, 1, 0, 3, 434.53, 115421, 156, 1, 0
268, 0, 94, 169, 148, 19, 38.33%, 1, 0, 3, 420.68, 117525, 156, 1, 0
273, 0, 94, 170, 149, 19, 38.33%, 1, 0, 3, 447.10, 119819, 156, 1, 0
279, 0, 94, 170, 149, 19, 38.33%, 1, 0, 3, 419.24, 121916, 156, 1, 0
284, 0, 169, 172, 150, 20, 38.33%, 1, 0, 4, 413.19, 124091, 156, 1, 0
289, 0, 157, 175, 150, 17, 39.07%, 1, 0, 4, 441.54, 126365, 159, 1, 0
294, 0, 124, 183, 157, 16, 39.07%, 1, 0, 4, 435.29, 128529, 159, 1, 0
299, 0, 124, 184, 158, 16, 39.07%, 1, 0, 4, 432.35, 130704, 159, 1, 0
304, 0, 124, 184, 158, 16, 39.07%, 1, 0, 4, 448.34, 132920, 159, 1, 0
309, 0, 124, 184, 158, 16, 39.07%, 1, 0, 4, 439.15, 135176, 159, 1, 0
314, 0, 124, 186, 160, 16, 39.07%, 1, 0, 4, 440.42, 137534, 159, 1, 0
319, 0, 124, 187, 161, 16, 39.07%, 1, 0, 4, 422.16, 139709, 159, 1, 0
324, 0, 115, 187, 157, 13, 39.07%, 1, 0, 4, 442.38, 141964, 159, 1, 0
330, 0, 115, 191, 161, 13, 39.07%, 1, 0, 4, 420.10, 144065, 159, 1, 0
335, 0, 115, 194, 164, 13, 39.07%, 1, 0, 4, 423.03, 146215, 159, 1, 0
340, 0, 115, 194, 164, 13, 39.07%, 1, 0, 4, 427.62, 148391, 159, 1, 0
345, 0, 115, 194, 164, 13, 39.07%, 1, 0, 4, 430.65, 150527, 159, 1, 0
350, 0, 115, 194, 164, 13, 39.07%, 1, 0, 4, 459.88, 152875, 159, 1, 0
355, 0, 115, 194, 164, 13, 39.07%, 1, 0, 4, 447.69, 155063, 159, 1, 0
360, 0, 115, 194, 164, 13, 39.07%, 1, 0, 4, 434.46, 157247, 159, 1, 0
365, 0, 115, 194, 164, 13, 39.07%, 1, 0, 4, 441.59, 159447, 159, 1, 0
370, 0, 115, 194, 164, 13, 39.07%, 1, 0, 4, 439.08, 161655, 159, 1, 0
375, 0, 71, 194, 160, 10, 39.07%, 1, 0, 4, 419.54, 163822, 159, 1, 0
380, 0, 117, 194, 156, 6, 39.07%, 1, 0, 4, 442.92, 166044, 159, 1, 0
385, 0, 117, 200, 162, 6, 39.07%, 1, 0, 4, 440.71, 168306, 159, 1, 0
390, 0, 117, 202, 164, 6, 39.07%, 1, 0, 4, 419.83, 170480, 159, 1, 0
395, 0, 117, 202, 164, 6, 39.07%, 1, 0, 4, 439.77, 172744, 159, 1, 0
400, 0, 117, 203, 165, 6, 39.07%, 1, 0, 4, 422.54, 174903, 159, 1, 0
406, 0, 117, 203, 165, 6, 39.07%, 1, 0, 4, 414.71, 177007, 159, 1, 0
411, 0, 117, 203, 165, 6, 39.07%, 1, 0, 4, 424.26, 179127, 159, 1, 0
416, 0, 117, 204, 166, 6, 39.07%, 1, 0, 4, 433.29, 181342, 159, 1, 0
421, 0, 117, 204, 166, 6, 39.07%, 1, 0, 4, 447.38, 183582, 159, 1, 0
426, 0, 117, 204, 166, 6, 39.07%, 1, 0, 4, 437.69, 185806, 159, 1, 0
431, 0, 117, 204, 166, 6, 39.07%, 1, 0, 4, 404.07, 187862, 159, 1, 0
436, 0, 117, 205, 167, 6, 39.07%, 1, 0, 4, 440.25, 190077, 159, 1, 0
441, 0, 117, 205, 167, 6, 39.07%, 1, 0, 4, 430.41, 192309, 159, 1, 0
446, 0, 117, 205, 167, 6, 39.07%, 1, 0, 4, 442.59, 194693, 159, 1, 0
451, 0, 133, 205, 163, 3, 39.07%, 1, 0, 4, 448.29, 196970, 159, 1, 0
456, 0, 88, 205, 161, 2, 39.07%, 1, 0, 4, 459.56, 199352, 159, 1, 0
462, 0, 172, 206, 159, 0, 39.07%, 1, 0, 5, 417.03, 201440, 159, 1, 0
467, 0, 180, 210, 162, 0, 39.07%, 1, 0, 5, 422.68, 203634, 159, 1, 0
472, 0, 180, 211, 163, 0, 39.07%, 1, 0, 5, 425.55, 205745, 159, 1, 0
477, 0, 180, 211, 163, 0, 39.07%, 1, 0, 5, 446.49, 208082, 159, 1, 0
482, 0, 180, 211, 163, 0, 39.07%, 1, 0, 5, 456.19, 210422, 159, 1, 0
487, 0, 93, 211, 162, 0, 39.07%, 1, 0, 5, 458.64, 212724, 159, 1, 0
492, 0, 77, 211, 158, 0, 39.07%, 1, 0, 5, 427.43, 214824, 159, 1, 0
497, 0, 141, 214, 160, 0, 39.07%, 1, 0, 5, 412.82, 216892, 159, 1, 0
502, 0, 84, 214, 159, 0, 39.07%, 1, 0, 5, 433.25, 219096, 159, 1, 0
507, 0, 138, 219, 162, 0, 39.07%, 1, 0, 5, 455.20, 221421, 159, 1, 0
512, 0, 138, 222, 165, 0, 39.07%, 1, 0, 5, 439.09, 223634, 159, 1, 0
517, 0, 138, 224, 167, 0, 39.07%, 1, 0, 5, 420.25, 225720, 159, 1, 0
523, 0, 138, 225, 168, 0, 39.07%, 1, 0, 5, 435.65, 227927, 159, 1, 0
528, 0, 138, 225, 168, 0, 39.07%, 2, 0, 5, 410.25, 229959, 159, 2, 0
533, 0, 170, 228, 170, 0, 39.07%, 2, 0, 5, 447.84, 232290, 159, 2, 0
538, 0, 170, 230, 172, 0, 39.07%, 2, 0, 5, 459.97, 234635, 159, 2, 0
543, 0, 170, 230, 172, 0, 39.07%, 2, 0, 5, 469.96, 236966, 159, 2, 0
548, 0, 170, 230, 172, 0, 39.07%, 2, 0, 5, 456.16, 239270, 159, 2, 0
553, 0, 164, 230, 170, 0, 39.07%, 2, 0, 5, 453.50, 241562, 159, 2, 0
558, 0, 230, 231, 168, 1, 39.31%, 2, 0, 5, 462.28, 243894, 160, 2, 0
563, 0, 228, 231, 166, 0, 39.31%, 2, 0, 5, 449.07, 246142, 160, 2, 0
568, 0, 143, 231, 163, 0, 39.31%, 2, 0, 5, 441.27, 248423, 160, 2, 0
573, 0, 220, 232, 160, 0, 39.56%, 2, 0, 5, 443.24, 250671, 161, 2, 0
578, 0, 83, 233, 159, 0, 39.56%, 2, 0, 5, 442.90, 252910, 161, 2, 0
583, 0, 211, 233, 156, 0, 39.56%, 2, 0, 5, 425.45, 255095, 161, 2, 0
589, 0, 169, 234, 153, 0, 39.56%, 2, 0, 5, 447.76, 257325, 161, 2, 0
594, 0, 204, 235, 152, 0, 39.56%, 2, 0, 5, 458.32, 259749, 161, 2, 0
599, 0, 18, 235, 151, 0, 39.56%, 2, 0, 5, 421.05, 261815, 161, 2, 0
604, 0, 169, 236, 147, 0, 39.56%, 2, 0, 5, 440.18, 264073, 161, 2, 0
609, 0, 129, 237, 146, 0, 39.56%, 2, 0, 5, 457.84, 266366, 161, 2, 0
614, 0, 81, 238, 144, 0, 39.56%, 2, 0, 5, 444.94, 268624, 161, 2, 0
619, 0, 229, 238, 141, 0, 39.56%, 2, 0, 5, 442.92, 270877, 161, 2, 0
624, 0, 223, 238, 140, 0, 39.56%, 2, 0, 5, 410.53, 272910, 161, 2, 0
629, 0, 150, 238, 137, 0, 39.56%, 2, 0, 5, 435.47, 275140, 161, 2, 0
634, 0, 180, 238, 133, 0, 39.56%, 2, 0, 5, 441.21, 277392, 161, 2, 0
639, 0, 219, 238, 131, 0, 39.56%, 2, 0, 5, 443.82, 279619, 161, 2, 0
644, 0, 8, 238, 129, 0, 39.56%, 2, 0, 5, 432.04, 281846, 161, 2, 0
649, 0, 139, 238, 125, 0, 39.56%, 2, 0, 5, 436.86, 284116, 161, 2, 0
655, 0, 30, 238, 122, 0, 39.56%, 2, 0, 5, 444.06, 286404, 161, 2, 0
660, 1, 178, 238, 119, 0, 39.56%, 2, 0, 5, 457.89, 288741, 161, 2, 0
665, 1, 236, 241, 120, 0, 39.56%, 2, 0, 6, 434.35, 291007, 161, 2, 0
670, 1, 227, 241, 118, 0, 39.56%, 2, 0, 6, 477.44, 293384, 161, 2, 0
675, 1, 161, 242, 116, 0, 39.56%, 2, 0, 6, 476.30, 295745, 161, 2, 0
680, 1, 160, 242, 112, 0, 39.56%, 2, 0, 6, 454.11, 297974, 161, 2, 0
685, 1, 134, 242, 108, 0, 39.56%, 2, 0, 6, 438.10, 300191, 161, 2, 0
690, 1, 171, 242, 105, 0, 39.56%, 2, 0, 6, 449.17, 302379, 161, 2, 0
695, 1, 76, 242, 102, 0, 39.56%, 2, 0, 6, 427.12, 304507, 161, 2, 0
700, 1, 221, 242, 101, 0, 39.56%, 2, 0, 6, 398.63, 306503, 161, 2, 0
705, 1, 60, 242, 98, 0, 39.56%, 2, 0, 6, 442.74, 308765, 161, 2, 0
710, 1, 230, 242, 93, 0, 39.56%, 2, 0, 6, 444.89, 311006, 161, 2, 0
715, 1, 195, 242, 89, 0, 39.56%, 2, 0, 6, 449.84, 313321, 161, 2, 0
720, 1, 79, 242, 84, 0, 39.56%, 2, 0, 6, 465.49, 315632, 161, 2, 0
725, 1, 230, 242, 81, 0, 39.56%, 2, 0, 6, 455.57, 317917, 161, 2, 0
731, 1, 215, 242, 78, 0, 39.56%, 2, 0, 6, 456.69, 320302, 161, 2, 0
736, 1, 80, 242, 75, 0, 39.56%, 2, 0, 6, 453.97, 322679, 161, 2, 0
741, 1, 89, 242, 72, 0, 39.56%, 2, 0, 6, 443.10, 324848, 161, 2, 0
746, 1, 95, 242, 69, 0, 39.56%, 2, 0, 6, 431.43, 327144, 161, 2, 0
751, 1, 235, 243, 69, 0, 39.56%, 2, 0, 6, 425.48, 329304, 161, 2, 0
756, 1, 210, 243, 65, 0, 39.56%, 2, 0, 6, 444.36, 331494, 161, 2, 0
761, 1, 85, 243, 61, 0, 39.56%, 2, 0, 6, 435.66, 333735, 161, 2, 0
766, 1, 154, 243, 60, 0, 39.56%, 2, 0, 6, 438.46, 336028, 161, 2, 0
771, 1, 96, 244, 59, 0, 39.56%, 2, 0, 6, 437.17, 338290, 161, 2, 0
776, 1, 136, 244, 57, 0, 39.56%, 2, 0, 6, 433.12, 340474, 161, 2, 0
781, 1, 193, 245, 54, 0, 39.56%, 2, 0, 6, 425.86, 342681, 161, 2, 0
787, 1, 32, 245, 49, 0, 39.56%, 2, 0, 6, 422.54, 344819, 161, 2, 0
792, 1, 155, 245, 45, 0, 39.56%, 2, 0, 6, 463.65, 347218, 161, 2, 0
797, 1, 216, 245, 42, 0, 39.56%, 2, 0, 6, 495.81, 349732, 161, 2, 0
802, 1, 186, 245, 38, 0, 39.56%, 2, 0, 6, 466.05, 352082, 161, 2, 0
807, 1, 152, 245, 36, 0, 39.56%, 2, 0, 6, 449.46, 354370, 161, 2, 0
812, 1, 163, 245, 33, 0, 39.56%, 2, 0, 6, 461.25, 356693, 161, 2, 0
817, 1, 174, 245, 31, 0, 39.56%, 2, 0, 6, 447.19, 359041, 161, 2, 0
822, 1, 212, 246, 31, 0, 39.56%, 2, 0, 6, 439.77, 361208, 161, 2, 0
827, 1, 180, 246, 27, 0, 39.56%, 2, 0, 6, 441.68, 363473, 161, 2, 0
832, 1, 225, 247, 26, 0, 39.56%, 2, 0, 6, 445.50, 365781, 161, 2, 0
837, 1, 67, 247, 21, 0, 39.56%, 2, 0, 6, 488.54, 368265, 161, 2, 0
842, 2, 249, 341, 114, 19, 52.09%, 2, 0, 6, 405.54, 370234, 212, 2, 0
847, 2, 317, 341, 112, 17, 52.09%, 2, 0, 6, 424.47, 372410, 212, 2, 0
852, 2, 317, 341, 112, 17, 52.09%, 2, 0, 6, 443.17, 374648, 212, 2, 0
857, 2, 337, 342, 112, 16, 52.33%, 2, 0, 6, 451.00, 376929, 213, 2, 0
862, 2, 267, 342, 110, 15, 52.33%, 2, 0, 6, 451.43, 379169, 213, 2, 0
867, 2, 258, 342, 108, 13, 52.33%, 2, 0, 6, 446.57, 381441, 213, 2, 0
872, 2, 334, 342, 107, 12, 52.33%, 2, 0, 6, 428.98, 383506, 213, 2, 0
877, 2, 264, 342, 105, 10, 52.33%, 2, 0, 6, 464.83, 385852, 213, 2, 0
883, 2, 333, 342, 101, 6, 52.33%, 4, 0, 6, 470.12, 388204, 213, 4, 0
888, 2, 256, 343, 100, 4, 52.33%, 4, 0, 6, 460.04, 390491, 213, 4, 0
893, 2, 251, 343, 98, 3, 52.33%, 4, 0, 6, 425.12, 392631, 213, 4, 0
898, 2, 253, 343, 95, 2, 52.33%, 4, 0, 6, 431.16, 394842, 213, 4, 0
903, 2, 288, 343, 94, 1, 52.33%, 4, 0, 6, 452.61, 397127, 213, 4, 0
908, 2, 329, 343, 91, 0, 52.33%, 4, 0, 6, 461.21, 399452, 213, 4, 0
913, 2, 258, 343, 89, 0, 52.33%, 4, 0, 6, 445.79, 401712, 213, 4, 0
918, 2, 336, 343, 87, 0, 52.33%, 4, 0, 6, 450.24, 404042, 213, 4, 0
923, 2, 189, 343, 85, 0, 52.33%, 4, 0, 6, 467.48, 406448, 213, 5, 0
928, 2, 301, 343, 82, 0, 52.33%, 4, 0, 6, 445.93, 408685, 213, 5, 0
933, 2, 28, 343, 80, 0, 52.33%, 4, 0, 6, 448.94, 410949, 213, 5, 0
938, 2, 320, 343, 78, 0, 52.33%, 4, 0, 6, 452.39, 413295, 213, 5, 0
943, 2, 306, 343, 76, 0, 52.33%, 4, 0, 6, 434.84, 415507, 213, 5, 0
948, 2, 290, 343, 74, 0, 52.33%, 4, 0, 6, 399.03, 417507, 213, 5, 0
953, 2, 188, 343, 72, 0, 52.33%, 4, 0, 6, 420.29, 419650, 213, 5, 0
959, 2, 339, 343, 69, 0, 52.33%, 4, 0, 6, 422.56, 421790, 213, 5, 0
964, 2, 324, 343, 68, 0, 52.33%, 4, 0, 6, 447.47, 424084, 213, 5, 0
969, 2, 274, 343, 66, 0, 52.33%, 4, 0, 6, 441.98, 426285, 213, 5, 0
974, 2, 268, 343, 64, 0, 52.33%, 4, 0, 6, 440.01, 428488, 213, 5, 0
979, 2, 245, 343, 62, 0, 52.33%, 4, 0, 6, 451.55, 430773, 213, 5, 0
984, 2, 326, 343, 60, 0, 52.33%, 4, 0, 6, 437.29, 432983, 213, 5, 0
989, 2, 230, 343, 59, 0, 52.33%, 4, 0, 6, 453.27, 435273, 213, 5, 0
994, 2, 278, 343, 58, 0, 52.33%, 4, 0, 6, 457.03, 437537, 213, 5, 0
999, 2, 188, 343, 56, 0, 52.33%, 5, 0, 6, 441.10, 439725, 213, 6, 0
1004, 2, 277, 343, 55, 0, 52.33%, 5, 0, 6, 479.61, 442198, 213, 6, 0
1009, 2, 187, 343, 53, 0, 52.33%, 6, 0, 6, 494.83, 444755, 213, 7, 0
1014, 2, 63, 343, 50, 0, 52.33%, 6, 0, 6, 476.22, 447095, 213, 8, 0
1019, 2, 172, 343, 48, 0, 52.33%, 6, 0, 6, 447.35, 449391, 213, 8, 0
1024, 2, 299, 343, 47, 0, 52.33%, 6, 0, 6, 449.12, 451598, 213, 8, 0
1030, 2, 180, 343, 45, 0, 52.33%, 6, 0, 6, 442.79, 453852, 213, 8, 0
1035, 2, 307, 343, 44, 0, 52.33%, 6, 0, 6, 447.02, 456127, 213, 8, 0
1040, 2, 254, 343, 42, 0, 52.33%, 6, 0, 6, 438.72, 458357, 213, 8, 0
1045, 2, 294, 343, 40, 0, 52.33%, 6, 0, 6, 426.97, 460551, 213, 8, 0
1050, 2, 250, 343, 38, 0, 52.33%, 6, 0, 6, 448.27, 462817, 213, 8, 0
1055, 2, 133, 343, 36, 0, 52.33%, 6, 0, 6, 448.90, 465064, 213, 8, 0
1060, 2, 318, 343, 36, 0, 52.33%, 7, 0, 6, 455.08, 467296, 213, 9, 0
1065, 2, 265, 343, 34, 0, 52.33%, 7, 0, 6, 434.76, 469427, 213, 9, 0
1070, 2, 315, 343, 31, 0, 52.33%, 7, 0, 6, 449.61, 471781, 213, 9, 0
1075, 2, 180, 343, 30, 0, 52.33%, 7, 0, 6, 466.74, 474146, 213, 9, 0
1080, 2, 262, 343, 29, 0, 52.33%, 7, 0, 6, 444.64, 476332, 213, 9, 0
1085, 2, 305, 343, 26, 0, 52.33%, 7, 0, 6, 451.49, 478637, 213, 9, 0
1090, 2, 188, 343, 24, 0, 52.33%, 7, 0, 6, 456.64, 480924, 213, 9, 0
1095, 2, 122, 343, 22, 0, 52.33%, 8, 0, 6, 443.47, 483126, 213, 10, 0
1100, 2, 213, 343, 21, 0, 52.33%, 8, 0, 6, 448.32, 485360, 213, 10, 0
1105, 2, 335, 343, 21, 0, 52.33%, 8, 0, 6, 446.63, 487614, 213, 11, 0
1111, 2, 257, 343, 19, 0, 52.33%, 8, 0, 6, 437.63, 489872, 213, 11, 0
1116, 2, 271, 343, 19, 0, 52.33%, 8, 0, 6, 465.20, 492211, 213, 11, 0
1121, 3, 352, 409, 84, 0, 60.93%, 8, 0, 6, 420.70, 494306, 248, 11, 0
1126, 3, 357, 409, 83, 8, 60.93%, 8, 0, 6, 412.71, 496408, 248, 11, 0
1131, 3, 355, 409, 81, 6, 60.93%, 8, 0, 6, 427.07, 498620, 248, 11, 0
1136, 3, 361, 409, 79, 5, 60.93%, 8, 0, 6, 418.38, 500723, 248, 11, 0
1141, 3, 377, 409, 78, 4, 60.93%, 8, 0, 6, 423.58, 502880, 248, 11, 0
1146, 3, 392, 409, 76, 2, 60.93%, 8, 0, 6, 418.73, 505029, 248, 11, 0
1151, 3, 392, 410, 77, 2, 60.93%, 8, 0, 6, 436.76, 507265, 248, 11, 0
1156, 3, 396, 410, 75, 0, 60.93%, 8, 0, 6, 444.85, 509462, 248, 11, 0
1161, 3, 188, 410, 73, 0, 60.93%, 8, 0, 6, 444.45, 511649, 248, 11, 0
1166, 3, 354, 410, 72, 0, 60.93%, 8, 0, 6, 439.55, 513892, 248, 11, 0
1172, 3, 384, 410, 70, 0, 60.93%, 8, 0, 6, 448.57, 516174, 248, 11, 0
1177, 3, 311, 410, 69, 0, 60.93%, 8, 0, 6, 411.87, 518200, 248, 11, 0
1182, 3, 387, 410, 67, 0, 60.93%, 8, 0, 6, 447.83, 520518, 248, 11, 0
1187, 3, 386, 410, 65, 0, 60.93%, 8, 0, 6, 437.11, 522742, 248, 12, 0
1192, 3, 314, 410, 63, 0, 60.93%, 8, 0, 6, 427.74, 524900, 248, 12, 0
1197, 3, 180, 410, 61, 0, 60.93%, 9, 0, 6, 442.53, 527247, 248, 13, 0
1202, 3, 328, 410, 60, 0, 60.93%, 9, 0, 6, 454.65, 529518, 248, 13, 0
1207, 3, 410, 411, 59, 1, 61.18%, 9, 0, 6, 440.43, 531760, 249, 13, 0
1212, 3, 365, 411, 58, 0, 61.18%, 9, 0, 6, 432.15, 533949, 249, 13, 0
1217, 3, 319, 411, 56, 0, 61.18%, 9, 0, 6, 432.49, 536167, 249, 13, 0
1222, 3, 368, 411, 55, 0, 61.18%, 9, 0, 6, 425.95, 538292, 249, 13, 0
1227, 3, 399, 411, 53, 0, 61.18%, 9, 0, 6, 415.02, 540418, 249, 13, 0
1233, 3, 402, 411, 51, 0, 61.18%, 9, 0, 6, 451.07, 542729, 249, 13, 0
1238, 3, 377, 411, 49, 0, 61.18%, 9, 0, 6, 433.12, 544903, 249, 13, 0
1243, 3, 356, 411, 48, 0, 61.18%, 9, 0, 6, 398.71, 546900, 249, 13, 0
1248, 3, 372, 411, 46, 0, 61.18%, 9, 0, 6, 447.28, 549328, 249, 13, 0
1253, 3, 33, 411, 44, 0, 61.18%, 9, 0, 6, 453.58, 551594, 249, 13, 0
1258, 3, 378, 411, 43, 0, 61.18%, 9, 0, 6, 448.29, 553847, 249, 13, 0
1263, 3, 109, 411, 41, 0, 61.18%, 9, 0, 6, 447.16, 556149, 249, 14, 0
1268, 3, 373, 411, 40, 0, 61.18%, 9, 0, 6, 427.24, 558313, 249, 14, 0
1273, 3, 95, 411, 38, 0, 61.18%, 9, 0, 6, 411.09, 560413, 249, 15, 0
1278, 3, 87, 411, 37, 0, 61.18%, 9, 0, 6, 411.25, 562536, 249, 15, 0
1283, 3, 78, 411, 35, 0, 61.18%, 9, 0, 6, 434.86, 564804, 249, 15, 0
1288, 3, 376, 411, 34, 0, 61.18%, 9, 0, 6, 453.35, 567089, 249, 15, 0
1294, 3, 379, 411, 32, 0, 61.18%, 9, 0, 6, 462.73, 569524, 249, 15, 0
1299, 3, 326, 411, 30, 0, 61.18%, 9, 0, 6, 453.20, 571796, 249, 15, 0
1304, 3, 404, 411, 29, 0, 61.18%, 9, 0, 6, 430.55, 574015, 249, 15, 0
1309, 3, 328, 412, 29, 0, 61.18%, 9, 0, 6, 448.23, 576370, 249, 15, 0
1314, 3, 293, 412, 29, 0, 61.18%, 9, 0, 6, 455.85, 578711, 249, 16, 0
1319, 3, 344, 412, 28, 0, 61.18%, 9, 0, 6, 434.65, 580846, 249, 16, 0
1324, 3, 333, 412, 26, 0, 61.18%, 9, 0, 6, 442.44, 583087, 249, 16, 0
1329, 3, 408, 412, 25, 0, 61.18%, 9, 0, 6, 437.49, 585285, 249, 16, 0
1334, 3, 180, 412, 24, 0, 61.18%, 9, 0, 6, 420.91, 587482, 249, 16, 0
1340, 3, 81, 412, 24, 0, 61.18%, 9, 0, 6, 443.03, 589794, 249, 16, 0
1345, 3, 371, 412, 23, 0, 61.18%, 9, 0, 6, 443.22, 592041, 249, 16, 0
1350, 3, 313, 413, 23, 0, 61.18%, 9, 0, 6, 451.63, 594337, 249, 16, 0
1355, 3, 247, 413, 22, 0, 61.18%, 9, 0, 6, 428.71, 596501, 249, 17, 0
1360, 3, 343, 413, 21, 0, 61.18%, 9, 0, 6, 442.30, 598730, 249, 18, 0
1365, 3, 200, 413, 20, 0, 61.18%, 9, 0, 6, 422.36, 600862, 249, 18, 0
1370, 3, 410, 413, 19, 0, 61.18%, 9, 0, 6, 430.49, 603051, 249, 18, 0
1375, 3, 374, 413, 18, 0, 61.18%, 9, 0, 6, 423.13, 605153, 249, 18, 0
1380, 3, 362, 413, 16, 0, 61.18%, 9, 0, 6, 425.06, 607306, 249, 18, 0
1385, 3, 407, 413, 15, 0, 61.18%, 9, 0, 6, 448.48, 609577, 249, 18, 0
1390, 4, 424, 433, 33, 5, 61.67%, 9, 0, 6, 429.22, 611710, 251, 20, 0
1395, 4, 426, 433, 32, 4, 61.67%, 9, 0, 6, 452.06, 614012, 251, 20, 0
1400, 4, 414, 433, 30, 2, 61.67%, 9, 0, 6, 444.64, 616230, 251, 20, 0
1405, 4, 257, 433, 28, 0, 61.67%, 9, 0, 6, 478.57, 618704, 251, 20, 0
1411, 4, 231, 433, 27, 0, 61.67%, 9, 0, 6, 467.89, 620975, 251, 20, 0
1416, 4, 319, 433, 26, 0, 61.67%, 9, 0, 6, 455.04, 623265, 251, 21, 0
1421, 4, 426, 433, 26, 0, 61.67%, 9, 0, 6, 451.25, 625488, 251, 21, 0
1426, 4, 419, 433, 26, 0, 61.67%, 9, 0, 6, 444.57, 627767, 251, 21, 0
1431, 4, 246, 433, 24, 0, 61.67%, 9, 0, 6, 444.31, 630066, 251, 21, 0
1436, 4, 219, 433, 24, 0, 61.67%, 9, 0, 6, 434.28, 632302, 251, 21, 0
1441, 4, 429, 433, 23, 0, 61.67%, 9, 0, 6, 423.89, 634460, 251, 21, 0
1446, 4, 231, 433, 21, 0, 61.67%, 9, 0, 6, 454.90, 636741, 251, 22, 0
1451, 4, 405, 436, 22, 0, 61.92%, 9, 0, 7, 457.02, 639056, 252, 22, 0
1456, 4, 417, 436, 21, 0, 61.92%, 9, 0, 7, 428.55, 641188, 252, 22, 0
1461, 4, 366, 436, 19, 0, 61.92%, 9, 0, 7, 433.11, 643423, 252, 22, 0
1466, 4, 300, 436, 18, 0, 61.92%, 9, 0, 7, 430.46, 645626, 252, 22, 0
1471, 4, 50, 436, 17, 0, 61.92%, 10, 0, 7, 439.06, 647855, 252, 25, 0
1477, 4, 368, 436, 17, 0, 61.92%, 10, 0, 7, 436.92, 650129, 252, 25, 0
1482, 4, 345, 436, 16, 0, 61.92%, 10, 0, 7, 435.71, 652310, 252, 25, 0
1487, 4, 180, 437, 17, 0, 61.92%, 10, 0, 8, 440.93, 654587, 252, 25, 0
1492, 4, 437, 438, 18, 1, 63.14%, 10, 0, 8, 455.95, 656927, 257, 25, 0
1497, 4, 409, 438, 17, 0, 63.14%, 10, 0, 8, 439.54, 659174, 257, 26, 0
1502, 4, 334, 438, 16, 0, 63.14%, 10, 0, 8, 442.71, 661448, 257, 26, 0
1507, 4, 411, 438, 15, 0, 63.14%, 10, 0, 8, 438.02, 663631, 257, 27, 0
1512, 4, 255, 438, 14, 0, 63.14%, 10, 0, 8, 437.13, 665823, 257, 27, 0
1517, 4, 428, 438, 14, 0, 63.14%, 10, 0, 8, 447.16, 668065, 257, 27, 0
1522, 4, 427, 438, 12, 0, 63.14%, 10, 0, 8, 447.94, 670287, 257, 27, 0
1527, 4, 188, 438, 11, 0, 63.14%, 10, 0, 8, 448.18, 672526, 257, 27, 0
1532, 4, 435, 438, 11, 0, 63.14%, 11, 0, 8, 440.86, 674731, 257, 29, 0
1537, 4, 392, 438, 10, 0, 63.14%, 11, 0, 8, 459.36, 677023, 257, 31, 0
1542, 4, 50, 438, 10, 0, 63.14%, 11, 0, 8, 445.70, 679259, 257, 31, 0
1548, 4, 194, 438, 10, 0, 63.14%, 11, 0, 8, 421.34, 681406, 257, 31, 0
1553, 4, 300, 438, 9, 0, 63.14%, 11, 0, 8, 436.40, 683659, 257, 32, 0
1558, 4, 169, 438, 9, 0, 63.14%, 11, 0, 8, 437.01, 685860, 257, 35, 0
1563, 4, 180, 438, 9, 0, 63.14%, 11, 0, 8, 449.92, 688200, 257, 35, 0
1568, 4, 43, 438, 8, 0, 63.14%, 11, 0, 8, 431.53, 690407, 257, 36, 0
1573, 4, 267, 438, 7, 0, 63.14%, 11, 0, 8, 419.85, 692511, 257, 36, 0
1578, 4, 172, 438, 7, 0, 63.14%, 11, 0, 8, 421.14, 694653, 257, 36, 0
1583, 4, 426, 439, 8, 0, 63.14%, 11, 0, 8, 426.91, 696844, 257, 36, 0
1588, 5, 231, 439, 8, 0, 63.14%, 11, 0, 8, 449.23, 699183, 257, 36, 0
1593, 5, 50, 439, 8, 0, 63.14%, 11, 0, 8, 423.37, 701259, 257, 36, 0
1598, 5, 233, 439, 7, 0, 63.14%, 11, 0, 8, 446.88, 703607, 257, 36, 0
1603, 5, 340, 439, 7, 0, 63.14%, 11, 0, 8, 464.12, 705963, 257, 37, 0
1608, 5, 180, 439, 7, 0, 63.14%, 11, 0, 8, 448.81, 708224, 257, 37, 0
1613, 5, 180, 439, 7, 0, 63.14%, 11, 0, 8, 439.65, 710472, 257, 39, 0
1618, 5, 392, 439, 7, 0, 63.14%, 11, 0, 8, 443.59, 712678, 257, 39, 0
1623, 5, 337, 439, 7, 0, 63.14%, 11, 0, 8, 451.66, 714927, 257, 39, 0
1629, 5, 26, 439, 6, 0, 63.14%, 11, 0, 8, 440.42, 717138, 257, 39, 0
1634, 5, 300, 439, 5, 0, 63.14%, 11, 0, 8, 428.80, 719298, 257, 41, 0
1639, 5, 246, 439, 5, 0, 63.14%, 11, 0, 8, 421.93, 721429, 257, 41, 0
1644, 5, 72, 439, 5, 0, 63.14%, 11, 0, 8, 412.43, 723509, 257, 41, 0
1649, 5, 159, 439, 5, 0, 63.14%, 11, 0, 8, 455.32, 725900, 257, 44, 0
1654, 5, 257, 439, 5, 0, 63.14%, 11, 0, 8, 441.14, 728144, 257, 44, 0
1659, 5, 254, 439, 4, 0, 63.14%, 11, 0, 8, 476.44, 730522, 257, 44, 0
1664, 5, 392, 439, 4, 0, 63.14%, 11, 0, 8, 453.36, 732815, 257, 47, 0
1669, 5, 286, 439, 4, 0, 63.14%, 11, 0, 8, 432.30, 734977, 257, 47, 0
1674, 5, 289, 439, 4, 0, 63.14%, 11, 0, 8, 435.23, 737251, 257, 48, 0
1679, 5, 0, 439, 4, 0, 63.14%, 11, 0, 8, 442.03, 739463, 257, 50, 0
1684, 5, 257, 439, 4, 0, 63.14%, 11, 0, 8, 460.66, 741809, 257, 53, 0
1689, 5, 426, 439, 4, 0, 63.14%, 11, 0, 8, 424.07, 743924, 257, 53, 0
1695, 5, 247, 439, 4, 0, 63.14%, 11, 0, 8, 432.75, 746208, 257, 53, 0
1700, 5, 172, 439, 4, 0, 63.14%, 11, 0, 8, 446.38, 748529, 257, 53, 0
1705, 5, 199, 439, 4, 0, 63.14%, 11, 0, 8, 446.51, 750713, 257, 53, 0
1710, 6, 439, 441, 6, 1, 63.14%, 11, 0, 8, 450.66, 752972, 257, 53, 0
1715, 6, 375, 441, 5, 0, 63.14%, 11, 0, 8, 433.93, 755191, 257, 53, 0
1720, 6, 419, 441, 4, 0, 63.14%, 11, 0, 8, 441.21, 757437, 257, 56, 0
1725, 6, 358, 441, 4, 0, 63.14%, 11, 0, 8, 433.43, 759584, 257, 56, 0
1730, 6, 440, 441, 3, 0, 63.14%, 11, 0, 8, 428.58, 761750, 257, 56, 0
1735, 6, 180, 441, 2, 0, 63.14%, 11, 0, 8, 426.05, 763913, 257, 56, 0
1740, 6, 116, 441, 2, 0, 63.14%, 11, 0, 8, 440.25, 766162, 257, 56, 0
1745, 6, 385, 441, 2, 0, 63.14%, 11, 0, 8, 437.77, 768360, 257, 57, 0
1750, 6, 169, 441, 2, 0, 63.14%, 11, 0, 8, 436.14, 770562, 257, 57, 0
1755, 6, 341, 441, 2, 0, 63.14%, 11, 0, 8, 427.71, 772716, 257, 57, 0
1761, 6, 439, 441, 2, 0, 63.14%, 11, 0, 8, 440.96, 774946, 257, 58, 0
1766, 6, 141, 441, 2, 0, 63.14%, 11, 0, 8, 439.12, 777187, 257, 58, 0
1771, 6, 385, 441, 2, 0, 63.14%, 11, 0, 8, 424.17, 779293, 257, 58, 0
1776, 6, 319, 441, 2, 0, 63.14%, 11, 0, 8, 425.08, 781432, 257, 58, 0
1781, 6, 345, 441, 2, 0, 63.14%, 11, 0, 8, 429.56, 783627, 257, 58, 0
1786, 6, 200, 441, 2, 0, 63.14%, 11, 0, 8, 414.24, 785682, 257, 58, 0
1791, 6, 326, 441, 2, 0, 63.14%, 11, 0, 8, 447.67, 787976, 257, 58, 0
1796, 6, 90, 441, 2, 0, 63.14%, 11, 0, 8, 434.43, 790131, 257, 58, 0
1800, 6, 66, 441, 1, 0, 63.14%, 11, 0, 8, 432.96, 791922, 257, 58, 0
