# relative_time, cycles_done, cur_item, corpus_count, pending_total, pending_favs, map_size, saved_crashes, saved_hangs, max_depth, execs_per_sec, total_execs, edges_found, total_crashes, servers_count
61, 0, 9, 77, 72, 5, 30.71%, 0, 0, 2, 433.58, 27549, 125, 0, 0
66, 0, 9, 78, 73, 5, 30.71%, 0, 0, 2, 416.74, 29644, 125, 0, 0
71, 0, 9, 78, 73, 5, 30.71%, 0, 0, 2, 428.75, 31844, 125, 0, 0
76, 0, 9, 78, 73, 5, 30.71%, 0, 0, 2, 441.37, 34036, 125, 0, 0
81, 0, 9, 79, 74, 5, 30.96%, 0, 0, 2, 419.88, 36259, 126, 0, 0
86, 0, 9, 80, 75, 5, 30.96%, 0, 0, 2, 423.71, 38290, 126, 0, 0
91, 0, 9, 82, 77, 5, 30.96%, 0, 0, 2, 438.30, 40568, 126, 0, 0
96, 0, 9, 84, 79, 5, 30.96%, 0, 0, 2, 444.69, 42742, 126, 0, 0
102, 0, 9, 84, 79, 5, 30.96%, 0, 0, 2, 464.19, 45225, 126, 0, 0
107, 0, 9, 84, 79, 5, 30.96%, 0, 0, 2, 415.58, 47214, 126, 0, 0
112, 0, 9, 85, 80, 5, 30.96%, 0, 0, 2, 402.58, 49301, 126, 0, 0
117, 0, 9, 86, 81, 5, 31.20%, 0, 0, 2, 424.49, 51500, 127, 0, 0
122, 0, 9, 87, 82, 5, 31.20%, 0, 0, 2, 429.79, 53675, 127, 0, 0
127, 0, 3, 111, 104, 30, 39.31%, 0, 0, 2, 418.00, 55818, 160, 0, 0
132, 0, 120, 125, 111, 28, 43.73%, 0, 0, 3, 429.03, 58072, 178, 0, 0
137, 0, 120, 137, 123, 28, 48.89%, 0, 0, 3, 421.43, 60274, 199, 0, 0
142, 0, 111, 137, 122, 32, 48.89%, 0, 0, 3, 390.23, 62174, 199, 0, 0
147, 0, 111, 137, 122, 32, 48.89%, 0, 0, 3, 390.80, 64183, 199, 0, 0
152, 0, 84, 145, 129, 31, 48.89%, 0, 0, 3, 415.00, 66362, 199, 0, 0
158, 0, 84, 151, 135, 31, 48.89%, 0, 0, 3, 398.22, 68364, 199, 0, 0
163, 0, 84, 154, 138, 31, 48.89%, 0, 0, 3, 403.41, 70449, 199, 0, 0
168, 0, 84, 155, 139, 31, 48.89%, 0, 0, 3, 417.74, 72656, 199, 0, 0
173, 0, 84, 157, 141, 31, 49.88%, 0, 0, 3, 439.43, 74910, 203, 0, 0
178, 0, 84, 161, 145, 31, 49.88%, 0, 0, 3, 426.47, 77034, 203, 0, 0
183, 0, 84, 162, 146, 31, 49.88%, 0, 0, 3, 435.37, 79265, 203, 0, 0
188, 0, 84, 163, 147, 31, 49.88%, 0, 0, 3, 461.38, 81707, 203, 0, 0
193, 0, 84, 164, 148, 31, 49.88%, 0, 0, 3, 452.24, 84001, 203, 0, 0
198, 0, 84, 165, 149, 31, 49.88%, 0, 0, 3, 461.79, 86439, 203, 0, 0
203, 0, 84, 166, 150, 31, 49.88%, 0, 0, 3, 457.81, 88732, 203, 0, 0
208, 0, 84, 166, 150, 31, 49.88%, 0, 0, 3, 412.19, 90807, 203, 0, 0
214, 0, 84, 166, 150, 31, 49.88%, 0, 0, 3, 401.69, 92823, 203, 0, 0
219, 0, 84, 167, 151, 31, 49.88%, 0, 0, 3, 396.34, 94823, 203, 0, 0
224, 0, 84, 169, 153, 31, 49.88%, 0, 0, 3, 416.74, 96876, 203, 0, 0
229, 0, 84, 170, 154, 31, 49.88%, 0, 0, 3, 393.04, 98848, 203, 0, 0
234, 0, 84, 171, 155, 31, 49.88%, 0, 0, 3, 415.51, 100971, 203, 0, 0
239, 0, 84, 171, 155, 31, 49.88%, 0, 0, 3, 417.15, 103138, 203, 0, 0
244, 0, 133, 171, 154, 29, 49.88%, 0, 0, 3, 399.87, 105149, 203, 0, 0
249, 0, 129, 172, 152, 27, 50.12%, 0, 0, 3, 448.12, 107402, 204, 0, 0
254, 0, 172, 177, 156, 28, 50.37%, 0, 0, 4, 422.32, 109489, 205, 0, 0
259, 0, 89, 179, 156, 26, 51.60%, 0, 0, 4, 415.37, 111642, 210, 0, 0
264, 0, 131, 180, 156, 28, 51.84%, 0, 0, 4, 407.55, 113778, 211, 0, 0
269, 0, 131, 200, 176, 28, 51.84%, 0, 0, 4, 320.43, 115324, 211, 0, 0
274, 0, 164, 202, 176, 27, 51.84%, 0, 0, 4, 434.62, 117553, 211, 0, 0
280, 0, 164, 204, 178, 27, 51.84%, 0, 0, 4, 433.90, 119855, 211, 0, 0
285, 0, 164, 204, 178, 27, 51.84%, 0, 0, 4, 432.56, 122151, 211, 0, 0
290, 0, 164, 204, 178, 27, 51.84%, 0, 0, 4, 417.18, 124319, 211, 0, 0
295, 0, 164, 204, 178, 27, 51.84%, 0, 0, 4, 440.88, 126511, 211, 0, 0
300, 0, 176, 204, 175, 24, 51.84%, 0, 0, 4, 434.63, 128699, 211, 0, 0
305, 0, 25, 206, 176, 23, 51.84%, 0, 0, 5, 411.73, 130771, 211, 0, 0
311, 0, 177, 209, 178, 22, 52.33%, 0, 0, 5, 425.75, 132896, 213, 0, 0
316, 0, 99, 209, 176, 22, 52.33%, 0, 0, 5, 438.80, 135245, 213, 0, 0
321, 0, 99, 209, 176, 22, 52.33%, 0, 0, 5, 406.30, 137225, 213, 0, 0
326, 0, 99, 211, 178, 22, 52.33%, 0, 0, 5, 387.43, 139217, 213, 0, 0
331, 0, 208, 211, 176, 20, 52.33%, 0, 0, 5, 421.21, 141386, 213, 0, 0
336, 0, 7, 213, 177, 21, 52.83%, 0, 0, 5, 404.45, 143447, 215, 0, 0
341, 0, 206, 219, 181, 23, 55.04%, 0, 0, 5, 421.12, 145640, 224, 0, 0
346, 0, 0, 219, 179, 21, 55.04%, 0, 0, 5, 428.02, 147821, 224, 0, 0
351, 0, 104, 228, 187, 20, 55.04%, 0, 0, 5, 418.69, 149889, 224, 0, 0
357, 0, 88, 234, 191, 19, 55.04%, 0, 0, 5, 445.61, 152183, 224, 0, 0
362, 0, 74, 243, 199, 18, 55.04%, 0, 0, 5, 404.85, 154161, 224, 0, 0
367, 0, 217, 244, 198, 16, 55.04%, 0, 0, 5, 392.64, 156178, 224, 0, 0
372, 0, 217, 254, 208, 16, 56.02%, 1, 0, 5, 413.34, 158307, 228, 1, 0
377, 0, 211, 254, 207, 17, 56.02%, 1, 0, 5, 398.36, 160316, 228, 1, 0
382, 0, 61, 254, 205, 15, 56.02%, 1, 0, 5, 407.64, 162400, 228, 1, 0
387, 0, 156, 255, 204, 14, 56.02%, 1, 0, 5, 415.87, 164505, 228, 1, 0
392, 0, 178, 255, 201, 12, 56.02%, 1, 0, 5, 416.43, 166661, 228, 1, 0
397, 0, 254, 261, 206, 11, 56.02%, 1, 0, 5, 425.99, 168938, 228, 1, 0
402, 0, 254, 261, 206, 11, 56.02%, 1, 0, 5, 422.22, 171122, 228, 1, 0
408, 0, 254, 263, 208, 11, 56.02%, 1, 0, 5, 431.76, 173296, 228, 1, 0
413, 0, 254, 265, 210, 11, 56.02%, 1, 0, 5, 406.00, 175374, 228, 1, 0
418, 0, 254, 265, 210, 11, 56.02%, 1, 0, 5, 397.80, 177518, 228, 1, 0
423, 0, 254, 266, 211, 11, 56.02%, 1, 0, 5, 425.40, 179645, 228, 1, 0
428, 0, 246, 266, 205, 8, 56.02%, 1, 0, 5, 422.18, 181673, 228, 1, 0
433, 0, 218, 267, 203, 7, 56.02%, 1, 0, 5, 444.33, 183889, 228, 1, 0
438, 0, 267, 271, 205, 7, 56.51%, 1, 0, 5, 418.69, 186030, 230, 1, 0
443, 0, 96, 272, 204, 5, 56.51%, 1, 0, 5, 420.87, 188161, 230, 1, 0
448, 0, 268, 273, 203, 3, 56.51%, 1, 0, 5, 414.96, 190260, 230, 1, 0
453, 0, 228, 273, 200, 0, 56.51%, 1, 0, 5, 429.65, 192491, 230, 1, 0
458, 0, 228, 291, 218, 0, 56.51%, 1, 0, 5, 440.34, 194705, 230, 1, 0
463, 0, 228, 291, 218, 0, 56.51%, 1, 0, 5, 434.88, 196913, 230, 1, 0
469, 0, 228, 293, 220, 0, 56.51%, 1, 0, 5, 377.20, 198794, 230, 1, 0
474, 0, 228, 293, 220, 0, 56.51%, 1, 0, 5, 422.98, 200895, 230, 1, 0
479, 0, 283, 293, 219, 1, 56.51%, 1, 0, 5, 410.92, 202983, 230, 1, 0
484, 0, 8, 294, 219, 0, 56.51%, 1, 0, 6, 437.27, 205240, 230, 1, 0
489, 0, 240, 296, 219, 0, 56.51%, 1, 0, 6, 435.11, 207410, 230, 1, 0
494, 0, 273, 296, 217, 0, 56.51%, 1, 0, 6, 444.69, 209580, 230, 1, 0
499, 0, 127, 296, 214, 0, 56.51%, 1, 0, 6, 428.31, 211798, 230, 1, 0
504, 0, 101, 296, 212, 0, 56.51%, 1, 0, 6, 406.02, 213925, 230, 1, 0
509, 0, 135, 296, 211, 0, 56.51%, 1, 0, 6, 430.69, 216127, 230, 1, 0
515, 0, 16, 297, 208, 0, 56.51%, 1, 0, 6, 418.23, 218206, 230, 1, 0
520, 0, 164, 297, 207, 0, 56.51%, 1, 0, 6, 408.93, 220330, 230, 1, 0
525, 0, 125, 297, 206, 0, 56.51%, 1, 0, 6, 433.20, 222560, 230, 1, 0
530, 0, 234, 298, 205, 0, 56.51%, 1, 0, 6, 415.82, 224598, 230, 1, 0
535, 0, 11, 299, 204, 0, 56.51%, 1, 0, 6, 403.78, 226557, 230, 1, 0
540, 0, 61, 299, 204, 0, 56.51%, 1, 0, 6, 421.25, 228755, 230, 1, 0
545, 0, 243, 299, 203, 0, 56.51%, 1, 0, 6, 430.65, 230920, 230, 1, 0
550, 0, 257, 299, 199, 0, 56.51%, 1, 0, 6, 430.82, 233252, 230, 1, 0
555, 0, 167, 299, 198, 0, 56.51%, 1, 0, 6, 401.77, 235314, 230, 1, 0
560, 0, 206, 299, 194, 0, 56.51%, 1, 0, 6, 422.92, 237483, 230, 1, 0
565, 0, 175, 299, 191, 0, 56.51%, 1, 0, 6, 459.60, 239888, 230, 1, 0
570, 0, 185, 301, 191, 0, 56.51%, 1, 0, 6, 423.77, 241931, 230, 1, 0
575, 0, 193, 301, 190, 0, 56.51%, 1, 0, 6, 438.11, 244147, 230, 1, 0
581, 0, 28, 301, 188, 0, 56.51%, 1, 0, 6, 407.88, 246212, 230, 1, 0
586, 0, 88, 301, 183, 0, 56.51%, 1, 0, 6, 436.11, 248257, 230, 1, 0
591, 0, 130, 301, 182, 0, 56.51%, 1, 0, 6, 479.33, 250629, 230, 1, 0
596, 0, 303, 305, 185, 1, 56.51%, 1, 0, 6, 425.43, 252758, 230, 1, 0
601, 0, 303, 314, 194, 1, 56.51%, 1, 0, 6, 418.86, 254809, 230, 1, 0
606, 0, 303, 317, 197, 1, 56.51%, 1, 0, 6, 371.36, 256592, 230, 1, 0
611, 0, 303, 317, 197, 1, 56.51%, 1, 0, 6, 381.77, 258545, 230, 1, 0
616, 0, 303, 317, 197, 1, 56.51%, 1, 0, 6, 389.21, 260526, 230, 1, 0
621, 0, 303, 317, 197, 1, 56.51%, 1, 0, 6, 407.83, 262662, 230, 1, 0
626, 0, 303, 317, 197, 1, 56.51%, 1, 0, 6, 440.32, 264926, 230, 1, 0
631, 0, 316, 317, 196, 0, 56.51%, 1, 0, 6, 400.20, 266969, 230, 1, 0
636, 0, 257, 317, 194, 0, 56.51%, 1, 0, 6, 393.45, 269008, 230, 1, 0
641, 0, 174, 317, 194, 0, 56.51%, 1, 0, 6, 415.57, 271148, 230, 1, 0
647, 0, 102, 318, 194, 0, 56.51%, 1, 0, 6, 400.63, 273153, 230, 1, 0
652, 0, 203, 318, 192, 0, 56.51%, 1, 0, 6, 427.03, 275371, 230, 1, 0
657, 0, 164, 318, 190, 0, 56.51%, 1, 0, 6, 414.12, 277471, 230, 1, 0
662, 0, 280, 318, 190, 0, 56.51%, 1, 0, 6, 402.55, 279485, 230, 1, 0
667, 0, 172, 319, 189, 0, 56.51%, 1, 0, 6, 421.08, 281668, 230, 1, 0
672, 0, 18, 319, 188, 0, 56.51%, 1, 0, 6, 389.24, 283641, 230, 1, 0
677, 0, 315, 319, 186, 0, 56.51%, 1, 0, 6, 411.33, 285687, 230, 1, 0
682, 0, 309, 320, 185, 0, 56.76%, 1, 0, 6, 422.10, 287902, 231, 1, 0
687, 0, 74, 321, 182, 0, 56.76%, 1, 0, 6, 459.41, 290158, 231, 1, 0
692, 0, 16, 321, 181, 0, 56.76%, 1, 0, 6, 413.09, 292176, 231, 1, 0
697, 0, 115, 321, 180, 0, 56.76%, 1, 0, 6, 394.86, 294180, 231, 1, 0
703, 1, 249, 328, 187, 0, 56.76%, 1, 0, 6, 409.35, 296364, 231, 1, 0
708, 1, 249, 331, 190, 0, 56.76%, 1, 0, 6, 406.96, 298481, 231, 1, 0
713, 1, 249, 332, 191, 0, 56.76%, 1, 0, 6, 398.44, 300485, 231, 1, 0
718, 1, 249, 332, 191, 0, 56.76%, 1, 0, 6, 422.00, 302648, 231, 1, 0
723, 1, 249, 332, 191, 0, 56.76%, 1, 0, 6, 420.56, 304712, 231, 1, 0
728, 1, 249, 332, 191, 0, 56.76%, 1, 0, 6, 398.27, 306720, 231, 1, 0
733, 1, 227, 333, 191, 0, 56.76%, 1, 0, 6, 416.84, 308888, 231, 1, 0
738, 1, 237, 333, 188, 0, 56.76%, 1, 0, 6, 428.68, 311088, 231, 1, 0
743, 1, 63, 334, 185, 0, 56.76%, 1, 0, 6, 392.56, 313051, 231, 1, 0
748, 1, 236, 335, 184, 0, 56.76%, 1, 0, 6, 441.43, 315335, 231, 1, 0
754, 1, 250, 335, 181, 0, 56.76%, 1, 0, 6, 420.40, 317490, 231, 1, 0
759, 1, 250, 347, 193, 0, 56.76%, 1, 0, 6, 405.29, 319518, 231, 1, 0
764, 1, 250, 348, 194, 0, 56.76%, 1, 0, 6, 412.85, 321589, 231, 1, 0
769, 1, 250, 349, 195, 0, 56.76%, 1, 0, 6, 1045.00, 323749, 231, 1, 0
774, 1, 64, 352, 196, 0, 56.76%, 1, 0, 6, 537.76, 325788, 231, 1, 0
779, 1, 222, 354, 195, 0, 56.76%, 1, 0, 6, 208.68, 327770, 231, 1, 0
784, 1, 256, 354, 192, 0, 56.76%, 1, 0, 6, 376.77, 329863, 231, 1, 0
789, 1, 303, 354, 190, 0, 56.76%, 1, 0, 6, 387.23, 331796, 231, 1, 0
794, 1, 291, 354, 188, 0, 56.76%, 1, 0, 6, 418.25, 333905, 231, 1, 0
799, 1, 285, 354, 186, 0, 56.76%, 1, 0, 6, 420.61, 336035, 231, 1, 0
804, 1, 354, 357, 187, 2, 57.25%, 1, 0, 6, 431.69, 338273, 233, 1, 0
809, 1, 134, 357, 184, 1, 57.25%, 1, 0, 6, 407.28, 340317, 233, 1, 0
814, 1, 337, 359, 183, 0, 57.25%, 1, 0, 6, 410.16, 342415, 233, 1, 0
820, 1, 281, 359, 181, 0, 57.25%, 1, 0, 6, 411.42, 344483, 233, 1, 0
825, 1, 117, 359, 179, 0, 57.25%, 1, 0, 6, 437.14, 346696, 233, 1, 0
830, 1, 260, 359, 177, 0, 57.25%, 1, 0, 6, 419.17, 348768, 233, 1, 0
835, 1, 351, 359, 173, 0, 57.25%, 1, 0, 6, 417.64, 350910, 233, 1, 0
840, 1, 351, 362, 176, 0, 57.25%, 1, 0, 6, 411.72, 353019, 233, 1, 0
845, 1, 353, 363, 175, 0, 57.25%, 1, 0, 6, 451.72, 355406, 233, 1, 0
850, 1, 164, 363, 172, 0, 57.25%, 1, 0, 6, 434.10, 357631, 233, 1, 0
855, 1, 109, 363, 170, 0, 57.25%, 1, 0, 6, 436.82, 359834, 233, 1, 0
860, 1, 347, 363, 167, 0, 57.25%, 1, 0, 6, 427.69, 362005, 233, 1, 0
865, 1, 204, 363, 165, 0, 57.25%, 1, 0, 6, 418.72, 364182, 233, 1, 0
870, 1, 356, 366, 167, 0, 57.49%, 1, 0, 6, 449.52, 366433, 234, 1, 0
876, 1, 356, 367, 168, 0, 57.49%, 1, 0, 6, 405.17, 368458, 234, 1, 0
881, 1, 356, 367, 168, 0, 57.49%, 1, 0, 6, 435.75, 370736, 234, 1, 0
886, 1, 116, 367, 167, 0, 57.49%, 1, 0, 6, 433.57, 372894, 234, 1, 0
891, 1, 301, 367, 165, 0, 57.49%, 1, 0, 6, 418.61, 375027, 234, 1, 0
896, 1, 194, 368, 165, 0, 57.49%, 1, 0, 6, 407.62, 377163, 234, 1, 0
901, 1, 98, 368, 162, 0, 57.49%, 1, 0, 6, 441.53, 379366, 234, 1, 0
904, 1, 368, 369, 162, 1, 57.74%, 1, 0, 6, 409.37, 380611, 235, 1, 0
