# relative_time, cycles_done, cur_item, corpus_count, pending_total, pending_favs, map_size, saved_crashes, saved_hangs, max_depth, execs_per_sec, total_execs, edges_found, total_crashes, servers_count
61, 0, 9, 98, 93, 4, 30.96%, 0, 0, 2, 431.45, 26774, 126, 0, 0
66, 0, 9, 98, 93, 4, 30.96%, 0, 0, 2, 458.51, 29086, 126, 0, 0
71, 0, 9, 100, 95, 4, 30.96%, 0, 0, 2, 432.37, 31309, 126, 0, 0
76, 0, 9, 100, 95, 4, 30.96%, 0, 0, 2, 455.34, 33627, 126, 0, 0
81, 0, 9, 101, 96, 4, 30.96%, 0, 0, 2, 457.07, 35965, 126, 0, 0
86, 0, 9, 102, 97, 4, 30.96%, 0, 0, 2, 466.40, 38330, 126, 0, 0
91, 0, 9, 102, 97, 4, 30.96%, 0, 0, 2, 457.48, 40652, 126, 0, 0
96, 0, 9, 102, 97, 4, 30.96%, 0, 0, 2, 454.96, 42931, 126, 0, 0
102, 0, 9, 103, 98, 4, 30.96%, 0, 0, 2, 457.04, 45258, 126, 0, 0
107, 0, 9, 103, 98, 4, 30.96%, 0, 0, 2, 416.94, 47314, 126, 0, 0
112, 0, 9, 103, 98, 4, 30.96%, 0, 0, 2, 423.13, 49474, 126, 0, 0
117, 0, 9, 104, 99, 4, 30.96%, 0, 0, 2, 448.79, 51755, 126, 0, 0
122, 0, 9, 106, 101, 4, 31.94%, 0, 0, 2, 414.45, 53776, 130, 0, 0
127, 0, 78, 126, 117, 27, 36.36%, 0, 0, 3, 406.14, 55877, 148, 0, 0
132, 0, 30, 134, 119, 21, 36.36%, 0, 0, 3, 447.37, 58188, 148, 0, 0
137, 0, 97, 134, 117, 20, 36.36%, 0, 0, 3, 430.22, 60322, 148, 0, 0
142, 0, 110, 140, 122, 19, 37.10%, 1, 0, 3, 440.74, 62561, 151, 1, 0
147, 0, 104, 140, 119, 18, 37.10%, 1, 0, 3, 443.28, 64804, 151, 1, 0
153, 0, 56, 144, 122, 17, 37.10%, 1, 0, 3, 464.33, 67196, 151, 1, 0
158, 0, 99, 149, 126, 16, 37.10%, 1, 0, 3, 449.57, 69436, 151, 1, 0
163, 0, 99, 152, 129, 16, 37.10%, 1, 0, 3, 405.23, 71342, 151, 1, 0
168, 0, 99, 157, 134, 16, 37.10%, 1, 0, 3, 436.98, 73601, 151, 1, 0
173, 0, 99, 160, 137, 16, 37.10%, 1, 0, 3, 448.30, 75799, 151, 1, 0
178, 0, 99, 163, 140, 16, 37.10%, 1, 0, 3, 435.47, 77948, 151, 1, 0
183, 0, 99, 163, 140, 16, 37.10%, 1, 0, 3, 456.05, 80263, 151, 1, 0
188, 0, 99, 163, 140, 16, 37.10%, 1, 0, 3, 463.13, 82648, 151, 1, 0
193, 0, 99, 163, 140, 16, 37.10%, 1, 0, 3, 435.42, 84844, 151, 1, 0
198, 0, 99, 163, 140, 16, 37.10%, 1, 0, 3, 455.31, 87104, 151, 1, 0
203, 0, 99, 164, 141, 16, 37.10%, 1, 0, 3, 484.88, 89541, 151, 1, 0
208, 0, 99, 164, 141, 16, 37.10%, 1, 0, 3, 468.68, 91926, 151, 1, 0
213, 0, 99, 165, 142, 16, 37.10%, 1, 0, 3, 478.42, 94327, 151, 1, 0
218, 0, 99, 166, 143, 16, 37.10%, 1, 0, 3, 438.49, 96474, 151, 1, 0
223, 0, 19, 166, 141, 14, 37.10%, 1, 0, 3, 420.97, 98576, 151, 1, 0
228, 0, 135, 166, 138, 11, 37.10%, 1, 0, 3, 442.37, 100761, 151, 1, 0
233, 0, 119, 167, 135, 8, 37.35%, 1, 0, 3, 431.52, 102938, 152, 1, 0
239, 0, 119, 167, 135, 8, 37.35%, 1, 0, 3, 435.33, 105144, 152, 1, 0
244, 0, 119, 167, 135, 8, 37.35%, 1, 0, 3, 417.22, 107192, 152, 1, 0
249, 0, 128, 167, 133, 6, 37.35%, 1, 0, 3, 412.74, 109233, 152, 1, 0
254, 0, 136, 167, 128, 2, 37.35%, 1, 0, 3, 425.54, 111413, 152, 1, 0
259, 0, 109, 168, 128, 2, 37.35%, 1, 0, 3, 416.44, 113489, 152, 1, 0
264, 0, 89, 168, 126, 0, 37.35%, 1, 0, 3, 445.75, 115710, 152, 1, 0
269, 0, 159, 168, 124, 0, 37.35%, 1, 0, 3, 488.07, 118198, 152, 1, 0
274, 0, 168, 172, 126, 1, 37.35%, 1, 0, 4, 476.52, 120563, 152, 1, 0
279, 0, 169, 175, 123, 0, 37.35%, 1, 0, 5, 464.70, 122880, 152, 1, 0
284, 0, 112, 176, 122, 0, 37.35%, 1, 0, 6, 483.12, 125321, 152, 1, 0
289, 0, 174, 178, 122, 0, 37.59%, 1, 0, 6, 468.95, 127748, 153, 1, 0
294, 0, 170, 178, 119, 0, 37.59%, 1, 0, 6, 469.73, 130144, 153, 1, 0
299, 0, 170, 190, 131, 0, 38.33%, 1, 0, 6, 488.78, 132537, 156, 1, 0
304, 0, 170, 191, 132, 0, 38.57%, 1, 0, 6, 453.80, 134830, 157, 1, 0
309, 0, 170, 191, 132, 0, 38.57%, 1, 0, 6, 485.69, 137269, 157, 1, 0
315, 0, 170, 191, 132, 0, 38.57%, 1, 0, 6, 464.20, 139618, 157, 1, 0
320, 0, 124, 193, 128, 0, 38.57%, 1, 0, 7, 479.49, 142003, 157, 1, 0
325, 0, 117, 195, 128, 0, 38.57%, 1, 0, 8, 480.75, 144358, 157, 1, 0
330, 0, 113, 196, 126, 0, 38.57%, 1, 0, 8, 469.86, 146685, 157, 1, 0
335, 0, 195, 201, 130, 1, 38.57%, 1, 0, 8, 471.64, 149051, 157, 1, 0
340, 0, 195, 203, 132, 1, 38.57%, 1, 0, 8, 463.40, 151459, 157, 1, 0
345, 0, 195, 205, 134, 1, 38.57%, 1, 0, 8, 482.94, 154029, 157, 1, 0
350, 0, 195, 206, 135, 1, 38.57%, 1, 0, 8, 469.43, 156439, 157, 1, 0
355, 0, 195, 208, 137, 1, 38.57%, 1, 0, 8, 441.54, 158724, 157, 1, 0
360, 0, 174, 208, 136, 0, 38.57%, 1, 0, 8, 440.99, 160909, 157, 1, 0
366, 0, 89, 208, 134, 0, 38.57%, 1, 0, 8, 415.68, 162983, 157, 1, 0
371, 0, 81, 209, 132, 0, 38.57%, 1, 0, 8, 450.90, 165323, 157, 1, 0
376, 0, 201, 209, 130, 0, 38.57%, 1, 0, 8, 431.88, 167454, 157, 1, 0
381, 0, 195, 209, 127, 0, 38.57%, 1, 0, 8, 401.53, 169528, 157, 1, 0
386, 0, 203, 210, 127, 0, 38.57%, 1, 0, 8, 403.35, 171604, 157, 1, 0
391, 0, 101, 210, 120, 0, 38.57%, 1, 0, 8, 421.66, 173775, 157, 1, 0
396, 0, 170, 210, 117, 0, 38.57%, 1, 0, 8, 385.36, 175764, 157, 1, 0
401, 0, 79, 210, 113, 0, 38.57%, 1, 0, 8, 402.52, 177909, 157, 1, 0
406, 1, 131, 210, 111, 0, 38.57%, 1, 0, 8, 414.20, 180012, 157, 1, 0
411, 1, 116, 211, 107, 0, 38.57%, 1, 0, 8, 375.89, 181913, 157, 1, 0
417, 1, 121, 211, 105, 0, 38.57%, 1, 0, 8, 394.90, 183945, 157, 1, 0
422, 1, 172, 214, 105, 0, 38.57%, 1, 0, 8, 387.69, 185911, 157, 1, 0
427, 1, 118, 214, 104, 0, 38.57%, 1, 0, 8, 395.16, 188020, 157, 1, 0
432, 1, 138, 216, 104, 0, 38.57%, 1, 0, 8, 406.37, 190098, 157, 1, 0
437, 1, 138, 220, 108, 0, 38.57%, 1, 0, 8, 417.29, 192245, 157, 1, 0
442, 1, 138, 220, 108, 0, 38.57%, 1, 0, 8, 411.26, 194333, 157, 1, 0
447, 1, 138, 220, 108, 0, 38.57%, 1, 0, 8, 425.13, 196525, 157, 1, 0
452, 1, 138, 220, 108, 0, 38.57%, 2, 0, 8, 568.06, 198565, 157, 2, 0
457, 1, 219, 220, 104, 0, 38.57%, 2, 0, 8, 463.03, 200763, 157, 2, 0
462, 1, 188, 222, 103, 0, 38.57%, 2, 0, 8, 455.50, 203011, 157, 2, 0
467, 1, 217, 222, 100, 0, 38.57%, 2, 0, 8, 422.85, 205162, 157, 2, 0
472, 1, 212, 223, 95, 0, 38.57%, 2, 0, 8, 447.44, 207420, 157, 2, 0
477, 1, 209, 223, 91, 0, 38.57%, 2, 0, 8, 444.51, 209648, 157, 2, 0
483, 1, 224, 225, 92, 1, 38.82%, 2, 0, 8, 430.82, 211807, 158, 2, 0
488, 1, 226, 227, 90, 1, 39.31%, 2, 0, 9, 421.86, 213917, 160, 2, 0
493, 1, 223, 228, 87, 0, 39.31%, 2, 0, 9, 464.99, 216344, 160, 2, 0
498, 1, 115, 228, 84, 0, 39.31%, 2, 0, 9, 459.53, 218632, 160, 2, 0
503, 1, 139, 228, 82, 0, 39.31%, 2, 0, 9, 426.39, 220736, 160, 2, 0
508, 1, 22, 228, 75, 0, 39.31%, 2, 0, 9, 451.59, 223072, 160, 2, 0
513, 1, 89, 228, 72, 0, 39.31%, 2, 0, 9, 450.29, 225341, 160, 2, 0
518, 1, 222, 228, 67, 0, 39.31%, 2, 0, 9, 443.51, 227597, 160, 2, 0
523, 1, 193, 228, 64, 0, 39.31%, 2, 0, 9, 428.20, 229791, 160, 2, 0
528, 1, 110, 228, 61, 0, 39.31%, 2, 0, 9, 431.82, 231971, 160, 2, 0
533, 1, 125, 228, 58, 0, 39.31%, 2, 0, 9, 448.67, 234244, 160, 2, 0
538, 1, 207, 228, 54, 0, 39.31%, 2, 0, 9, 459.63, 236550, 160, 2, 0
543, 1, 207, 232, 58, 0, 39.31%, 2, 0, 9, 427.09, 238728, 160, 2, 0
548, 1, 207, 232, 58, 0, 39.31%, 2, 0, 9, 431.61, 240968, 160, 2, 0
553, 1, 189, 232, 54, 0, 39.31%, 3, 0, 9, 438.31, 243160, 160, 3, 0
559, 1, 122, 232, 52, 0, 39.31%, 3, 0, 9, 426.20, 245408, 160, 3, 0
564, 1, 220, 233, 50, 0, 39.31%, 3, 0, 9, 466.54, 247739, 160, 3, 0
569, 1, 229, 234, 48, 0, 39.31%, 3, 0, 9, 438.36, 250006, 160, 3, 0
574, 1, 145, 235, 47, 0, 39.31%, 3, 0, 9, 437.99, 252232, 160, 3, 0
579, 1, 35, 235, 43, 0, 39.31%, 3, 0, 9, 436.70, 254363, 160, 3, 0
584, 1, 233, 235, 42, 0, 39.31%, 3, 0, 9, 444.21, 256667, 160, 3, 0
589, 1, 163, 235, 39, 0, 39.31%, 3, 0, 9, 424.39, 258814, 160, 3, 0
594, 1, 216, 235, 36, 0, 39.31%, 3, 0, 9, 428.33, 261019, 160, 3, 0
599, 1, 227, 235, 33, 0, 39.31%, 3, 0, 9, 438.97, 263223, 160, 3, 0
604, 1, 236, 237, 33, 1, 39.56%, 3, 0, 9, 445.28, 265467, 161, 3, 0
609, 1, 226, 237, 31, 0, 39.56%, 3, 0, 9, 441.84, 267643, 161, 3, 0
614, 1, 110, 238, 29, 0, 39.56%, 3, 0, 9, 436.43, 269907, 161, 3, 0
619, 1, 148, 238, 27, 0, 39.56%, 3, 0, 9, 434.76, 272026, 161, 3, 0
624, 1, 205, 255, 42, 0, 41.03%, 3, 0, 9, 425.89, 274182, 167, 3, 0
630, 2, 257, 261, 48, 6, 41.52%, 3, 0, 9, 419.01, 276313, 169, 3, 0
635, 2, 239, 261, 45, 5, 41.52%, 3, 0, 9, 482.55, 278739, 169, 3, 0
640, 2, 251, 261, 43, 3, 41.52%, 3, 0, 9, 452.89, 281024, 169, 3, 0
645, 2, 255, 261, 41, 1, 41.52%, 3, 0, 9, 443.96, 283339, 169, 3, 0
650, 2, 239, 261, 39, 0, 41.52%, 3, 0, 9, 431.60, 285522, 169, 3, 0
655, 2, 23, 261, 37, 0, 41.52%, 3, 0, 9, 414.60, 287692, 169, 3, 0
660, 2, 246, 261, 36, 0, 41.52%, 3, 0, 9, 444.60, 289893, 169, 3, 0
665, 2, 215, 262, 34, 0, 41.77%, 3, 0, 9, 460.61, 292149, 170, 3, 0
670, 2, 258, 262, 32, 0, 41.77%, 3, 0, 9, 463.63, 294627, 170, 3, 0
675, 2, 119, 262, 29, 0, 41.77%, 3, 0, 9, 423.34, 296716, 170, 3, 0
680, 2, 231, 263, 29, 0, 41.77%, 3, 0, 9, 423.04, 298848, 170, 3, 0
685, 2, 262, 263, 28, 0, 41.77%, 3, 0, 9, 437.21, 301045, 170, 3, 0
691, 2, 128, 264, 27, 0, 41.77%, 3, 0, 9, 438.43, 303282, 170, 3, 0
696, 2, 231, 264, 24, 0, 41.77%, 4, 0, 9, 426.08, 305458, 170, 4, 0
701, 2, 128, 264, 21, 0, 41.77%, 4, 0, 9, 406.10, 307558, 170, 4, 0
706, 2, 128, 264, 20, 0, 41.77%, 4, 0, 9, 457.76, 309954, 170, 4, 0
711, 2, 230, 264, 19, 0, 41.77%, 4, 0, 9, 422.20, 312111, 170, 4, 0
716, 2, 251, 264, 18, 0, 41.77%, 4, 0, 9, 442.02, 314360, 170, 5, 0
721, 2, 37, 264, 17, 0, 41.77%, 4, 0, 9, 458.71, 316643, 170, 5, 0
726, 2, 153, 264, 16, 0, 41.77%, 4, 0, 9, 432.28, 318765, 170, 5, 0
731, 2, 236, 264, 14, 0, 41.77%, 4, 0, 9, 423.64, 320877, 170, 5, 0
736, 2, 116, 264, 13, 0, 41.77%, 4, 0, 9, 431.79, 323075, 170, 5, 0
741, 2, 148, 264, 12, 0, 41.77%, 4, 0, 9, 440.73, 325272, 170, 5, 0
746, 2, 176, 264, 12, 0, 41.77%, 4, 0, 9, 404.54, 327251, 170, 5, 0
752, 2, 231, 264, 12, 0, 41.77%, 4, 0, 9, 418.35, 329329, 170, 5, 0
757, 2, 41, 264, 12, 0, 41.77%, 4, 0, 9, 437.24, 331556, 170, 5, 0
762, 2, 119, 264, 11, 0, 41.77%, 4, 0, 9, 419.35, 333680, 170, 5, 0
767, 2, 99, 264, 10, 0, 41.77%, 4, 0, 9, 424.92, 335868, 170, 5, 0
772, 2, 35, 265, 11, 0, 41.77%, 4, 0, 9, 393.04, 337941, 170, 5, 0
777, 3, 267, 271, 16, 2, 42.51%, 4, 0, 9, 422.24, 340042, 173, 5, 0
782, 3, 269, 272, 15, 0, 42.51%, 5, 0, 9, 409.71, 342186, 173, 8, 0
788, 3, 231, 272, 14, 0, 42.51%, 5, 0, 9, 392.54, 344138, 173, 8, 0
793, 3, 146, 272, 13, 0, 42.51%, 5, 0, 9, 403.44, 346124, 173, 8, 0
798, 3, 271, 272, 13, 0, 42.51%, 5, 0, 9, 412.20, 348207, 173, 8, 0
803, 3, 270, 272, 11, 0, 42.51%, 5, 0, 9, 434.77, 350416, 173, 8, 0
808, 3, 208, 272, 10, 0, 42.51%, 5, 0, 9, 431.14, 352611, 173, 8, 0
813, 3, 268, 272, 9, 0, 42.51%, 5, 0, 9, 435.28, 354757, 173, 8, 0
818, 3, 271, 273, 8, 0, 42.51%, 7, 0, 9, 452.40, 357016, 173, 11, 0
823, 3, 255, 273, 7, 0, 42.51%, 7, 0, 9, 440.47, 359206, 173, 11, 0
828, 3, 264, 273, 6, 0, 42.51%, 7, 0, 9, 427.02, 361329, 173, 11, 0
833, 3, 255, 273, 5, 0, 42.51%, 7, 0, 9, 417.18, 363450, 173, 12, 0
838, 3, 89, 273, 5, 0, 42.51%, 7, 0, 9, 427.63, 365601, 173, 12, 0
843, 3, 239, 273, 4, 0, 42.51%, 7, 0, 9, 410.21, 367758, 173, 12, 0
848, 3, 273, 275, 6, 0, 42.51%, 7, 0, 9, 420.59, 369909, 173, 12, 0
853, 3, 267, 275, 4, 0, 42.51%, 7, 0, 9, 434.64, 372123, 173, 12, 0
858, 3, 226, 275, 4, 0, 42.51%, 7, 0, 9, 402.35, 374104, 173, 12, 0
863, 3, 15, 275, 4, 0, 42.51%, 7, 0, 9, 406.56, 376172, 173, 12, 0
869, 3, 271, 275, 4, 0, 42.51%, 7, 0, 9, 403.31, 378249, 173, 13, 0
874, 3, 231, 275, 4, 0, 42.51%, 7, 0, 9, 430.76, 380519, 173, 14, 0
879, 3, 89, 275, 4, 0, 42.51%, 7, 0, 9, 392.76, 382474, 173, 14, 0
884, 3, 266, 276, 5, 0, 42.51%, 8, 0, 9, 419.80, 384680, 173, 15, 0
889, 3, 176, 276, 4, 0, 42.51%, 8, 0, 9, 419.89, 386871, 173, 16, 0
894, 4, 255, 276, 3, 0, 42.51%, 8, 0, 9, 437.47, 389131, 173, 19, 0
899, 4, 255, 276, 3, 0, 42.51%, 8, 0, 9, 456.32, 391422, 173, 19, 0
902, 4, 148, 276, 3, 0, 42.51%, 8, 0, 9, 415.70, 392728, 173, 19, 0
