# relative_time, cycles_done, cur_item, corpus_count, pending_total, pending_favs, map_size, saved_crashes, saved_hangs, max_depth, execs_per_sec, total_execs, edges_found, total_crashes, servers_count
60, 0, 9, 83, 78, 4, 30.96%, 0, 0, 2, 422.61, 26138, 126, 0, 0
65, 0, 9, 84, 79, 4, 30.96%, 0, 0, 2, 437.26, 28362, 126, 0, 0
71, 0, 9, 85, 80, 4, 30.96%, 0, 0, 2, 446.36, 30609, 126, 0, 0
76, 0, 9, 85, 80, 4, 30.96%, 0, 0, 2, 459.89, 32868, 126, 0, 0
81, 0, 9, 86, 81, 4, 30.96%, 0, 0, 2, 420.15, 34944, 126, 0, 0
86, 0, 9, 86, 81, 4, 30.96%, 0, 0, 2, 391.54, 36954, 126, 0, 0
91, 0, 9, 90, 85, 4, 31.70%, 0, 0, 2, 424.68, 39148, 129, 0, 0
96, 0, 9, 90, 85, 4, 31.70%, 0, 0, 2, 430.55, 41372, 129, 0, 0
101, 0, 9, 91, 86, 4, 31.70%, 0, 0, 2, 441.97, 43603, 129, 0, 0
106, 0, 9, 93, 88, 4, 31.70%, 0, 0, 2, 438.49, 45809, 129, 0, 0
111, 0, 9, 94, 89, 4, 31.70%, 0, 0, 2, 453.54, 48088, 129, 0, 0
116, 0, 9, 94, 89, 4, 31.70%, 0, 0, 2, 434.95, 50313, 129, 0, 0
121, 0, 9, 94, 89, 4, 31.70%, 0, 0, 2, 470.80, 52723, 129, 0, 0
126, 0, 9, 134, 128, 3, 49.63%, 0, 0, 2, 423.73, 54860, 202, 0, 0
131, 0, 57, 188, 174, 36, 52.33%, 0, 0, 2, 447.03, 57103, 213, 0, 0
136, 0, 122, 191, 176, 35, 52.33%, 0, 0, 3, 443.35, 59299, 213, 0, 0
142, 0, 122, 192, 177, 35, 52.33%, 0, 0, 3, 428.15, 61418, 213, 0, 0
147, 0, 122, 193, 178, 35, 52.33%, 0, 0, 3, 401.87, 63402, 213, 0, 0
152, 0, 120, 193, 176, 33, 52.33%, 0, 0, 3, 416.15, 65536, 213, 0, 0
157, 0, 205, 207, 189, 33, 52.33%, 0, 0, 3, 411.53, 67601, 213, 0, 0
162, 0, 133, 213, 193, 32, 53.07%, 0, 0, 3, 430.22, 69846, 216, 0, 0
167, 0, 121, 214, 192, 31, 53.07%, 0, 0, 3, 380.70, 71945, 216, 0, 0
172, 0, 91, 215, 190, 29, 53.32%, 0, 0, 3, 401.09, 74013, 217, 0, 0
177, 0, 199, 215, 189, 28, 53.32%, 0, 0, 3, 408.46, 76087, 217, 0, 0
182, 0, 101, 215, 188, 27, 53.32%, 0, 0, 3, 406.94, 78197, 217, 0, 0
187, 0, 101, 228, 201, 27, 54.55%, 0, 0, 3, 437.59, 80422, 222, 0, 0
192, 0, 101, 231, 204, 27, 54.55%, 0, 0, 3, 421.46, 82596, 222, 0, 0
197, 0, 101, 232, 205, 27, 54.55%, 0, 0, 3, 418.53, 84731, 222, 0, 0
202, 0, 101, 234, 207, 27, 54.55%, 0, 0, 3, 408.83, 86745, 222, 0, 0
208, 0, 101, 236, 209, 27, 54.55%, 0, 0, 3, 422.78, 88887, 222, 0, 0
213, 0, 101, 236, 209, 27, 54.55%, 0, 0, 3, 401.43, 90895, 222, 0, 0
218, 0, 101, 237, 210, 27, 54.55%, 0, 0, 3, 405.93, 92967, 222, 0, 0
223, 0, 101, 238, 211, 27, 54.55%, 0, 0, 3, 413.81, 95086, 222, 0, 0
228, 0, 101, 238, 211, 27, 54.55%, 0, 0, 3, 400.27, 97174, 222, 0, 0
233, 0, 101, 238, 211, 27, 54.55%, 0, 0, 3, 407.00, 99222, 222, 0, 0
238, 0, 101, 238, 211, 27, 54.55%, 0, 0, 3, 401.64, 101310, 222, 0, 0
243, 0, 101, 239, 212, 27, 54.55%, 0, 0, 3, 425.06, 103533, 222, 0, 0
248, 0, 101, 239, 212, 27, 54.55%, 0, 0, 3, 429.67, 105757, 222, 0, 0
253, 0, 101, 239, 212, 27, 54.55%, 0, 0, 3, 408.44, 107797, 222, 0, 0
258, 0, 101, 239, 212, 27, 54.55%, 0, 0, 3, 404.72, 109765, 222, 0, 0
264, 0, 101, 239, 212, 27, 54.55%, 0, 0, 3, 434.18, 112021, 222, 0, 0
269, 0, 101, 239, 212, 27, 54.55%, 0, 0, 3, 439.55, 114205, 222, 0, 0
274, 0, 101, 240, 213, 27, 54.55%, 0, 0, 3, 448.85, 116420, 222, 0, 0
279, 0, 212, 241, 213, 31, 54.55%, 0, 0, 3, 424.63, 118483, 222, 0, 0
284, 0, 15, 241, 211, 30, 54.55%, 0, 0, 3, 410.55, 120581, 222, 0, 0
289, 0, 169, 242, 211, 29, 54.55%, 0, 0, 3, 423.25, 122776, 222, 0, 0
294, 0, 44, 242, 209, 28, 54.55%, 0, 0, 3, 405.70, 124768, 222, 0, 0
299, 0, 222, 242, 207, 26, 54.55%, 0, 0, 3, 453.27, 127116, 222, 0, 0
304, 0, 143, 258, 222, 25, 54.79%, 0, 0, 3, 420.45, 129283, 223, 0, 0
309, 0, 143, 258, 222, 25, 54.79%, 0, 0, 3, 435.94, 131428, 223, 0, 0
314, 0, 143, 259, 223, 25, 54.79%, 0, 0, 3, 448.81, 133579, 223, 0, 0
319, 0, 143, 259, 223, 25, 54.79%, 0, 0, 3, 424.12, 135731, 223, 0, 0
324, 0, 143, 260, 224, 25, 54.79%, 0, 0, 3, 406.00, 137730, 223, 0, 0
329, 0, 143, 260, 224, 25, 54.79%, 0, 0, 3, 390.67, 139762, 223, 0, 0
334, 0, 143, 261, 225, 25, 55.04%, 0, 0, 3, 396.88, 141799, 224, 0, 0
339, 0, 143, 261, 225, 25, 55.04%, 0, 0, 3, 399.04, 143833, 224, 0, 0
344, 0, 143, 261, 225, 25, 55.04%, 0, 0, 3, 398.84, 145845, 224, 0, 0
350, 0, 143, 261, 225, 25, 55.04%, 0, 0, 3, 379.98, 147840, 224, 0, 0
355, 0, 143, 261, 225, 25, 55.04%, 0, 0, 3, 395.24, 149815, 224, 0, 0
360, 0, 143, 261, 225, 25, 55.04%, 0, 0, 3, 395.09, 151845, 224, 0, 0
365, 0, 143, 262, 226, 25, 55.04%, 0, 0, 3, 416.34, 153977, 224, 0, 0
370, 0, 143, 262, 226, 25, 55.04%, 0, 0, 3, 400.36, 155961, 224, 0, 0
375, 0, 143, 262, 226, 25, 55.04%, 0, 0, 3, 427.36, 158137, 224, 0, 0
380, 0, 143, 262, 226, 25, 55.04%, 0, 0, 3, 422.76, 160305, 224, 0, 0
385, 0, 143, 262, 226, 25, 55.04%, 0, 0, 3, 410.97, 162337, 224, 0, 0
390, 0, 143, 263, 227, 25, 55.04%, 0, 0, 3, 417.22, 164488, 224, 0, 0
395, 0, 143, 264, 228, 25, 55.04%, 0, 0, 3, 417.73, 166623, 224, 0, 0
400, 0, 260, 264, 227, 27, 55.04%, 0, 0, 3, 430.36, 168804, 224, 0, 0
405, 0, 175, 269, 230, 25, 55.04%, 0, 0, 3, 468.35, 171164, 224, 0, 0
411, 0, 175, 275, 236, 25, 55.04%, 0, 0, 3, 452.43, 173447, 224, 0, 0
416, 0, 175, 276, 237, 25, 55.04%, 0, 0, 3, 453.24, 175785, 224, 0, 0
421, 0, 175, 277, 238, 25, 55.04%, 0, 0, 3, 453.15, 178033, 224, 0, 0
426, 0, 175, 277, 238, 25, 55.04%, 0, 0, 3, 421.24, 180087, 224, 0, 0
431, 0, 175, 278, 239, 25, 55.04%, 0, 0, 3, 399.54, 182134, 224, 0, 0
436, 0, 175, 279, 240, 25, 55.04%, 0, 0, 3, 420.73, 184269, 224, 0, 0
441, 0, 175, 279, 240, 25, 55.04%, 0, 0, 3, 386.95, 186182, 224, 0, 0
446, 0, 175, 279, 240, 25, 55.04%, 0, 0, 3, 420.63, 188381, 224, 0, 0
451, 0, 175, 279, 240, 25, 55.04%, 0, 0, 3, 446.16, 190605, 224, 0, 0
456, 0, 175, 280, 241, 25, 55.04%, 0, 0, 3, 428.19, 192868, 224, 0, 0
461, 0, 175, 280, 241, 25, 55.04%, 0, 0, 3, 423.83, 194980, 224, 0, 0
466, 0, 175, 280, 241, 25, 55.04%, 0, 0, 3, 412.47, 197028, 224, 0, 0
471, 0, 175, 280, 241, 25, 55.04%, 0, 0, 3, 405.95, 199076, 224, 0, 0
476, 0, 175, 280, 241, 25, 55.04%, 0, 0, 3, 420.64, 201196, 224, 0, 0
481, 0, 175, 280, 241, 25, 55.04%, 0, 0, 3, 398.70, 203196, 224, 0, 0
487, 0, 175, 280, 241, 25, 55.04%, 0, 0, 3, 424.55, 205396, 224, 0, 0
492, 0, 175, 280, 241, 25, 55.04%, 0, 0, 3, 438.62, 207708, 224, 0, 0
497, 0, 175, 280, 241, 25, 55.04%, 0, 0, 3, 402.26, 209732, 224, 0, 0
502, 0, 175, 281, 242, 25, 55.04%, 0, 0, 3, 413.36, 211835, 224, 0, 0
507, 0, 175, 281, 242, 25, 55.04%, 0, 0, 3, 416.50, 213963, 224, 0, 0
512, 0, 175, 281, 242, 25, 55.04%, 0, 0, 3, 425.31, 216091, 224, 0, 0
517, 0, 175, 281, 242, 25, 55.04%, 0, 0, 3, 430.21, 218291, 224, 0, 0
522, 0, 175, 284, 245, 25, 55.04%, 0, 0, 3, 448.63, 220589, 224, 0, 0
527, 0, 224, 284, 244, 26, 55.04%, 0, 0, 3, 446.79, 222792, 224, 0, 0
532, 0, 240, 291, 250, 25, 55.28%, 0, 0, 3, 445.14, 225061, 225, 0, 0
537, 0, 241, 291, 248, 25, 55.28%, 0, 0, 3, 400.26, 227125, 225, 0, 0
543, 0, 289, 291, 246, 23, 55.28%, 0, 0, 3, 428.07, 229404, 225, 0, 0
548, 0, 279, 292, 245, 21, 55.28%, 0, 0, 3, 415.07, 231516, 225, 0, 0
553, 0, 236, 308, 260, 19, 55.53%, 0, 0, 3, 412.20, 233607, 226, 0, 0
558, 0, 315, 316, 267, 20, 55.77%, 0, 0, 3, 424.39, 235772, 227, 0, 0
563, 0, 293, 316, 265, 18, 55.77%, 0, 0, 3, 425.53, 237905, 227, 0, 0
568, 0, 293, 316, 265, 18, 55.77%, 0, 0, 3, 396.09, 239996, 227, 0, 0
573, 0, 186, 316, 264, 17, 55.77%, 0, 0, 3, 443.25, 242360, 227, 0, 0
578, 0, 186, 316, 264, 17, 55.77%, 0, 0, 3, 396.72, 244319, 227, 0, 0
583, 0, 186, 316, 264, 17, 55.77%, 0, 0, 3, 412.30, 246320, 227, 0, 0
588, 0, 174, 319, 266, 16, 55.77%, 0, 0, 3, 434.21, 248468, 227, 0, 0
593, 0, 310, 319, 264, 14, 55.77%, 0, 0, 3, 443.86, 250707, 227, 0, 0
598, 0, 220, 320, 263, 13, 56.02%, 0, 0, 3, 433.87, 252848, 228, 0, 0
603, 0, 70, 322, 262, 11, 56.02%, 0, 0, 3, 394.79, 254798, 228, 0, 0
608, 0, 319, 323, 262, 10, 56.02%, 0, 0, 3, 375.27, 256643, 228, 0, 0
614, 0, 323, 325, 263, 9, 56.51%, 0, 0, 4, 402.06, 258692, 230, 0, 0
619, 0, 161, 325, 261, 7, 56.51%, 0, 0, 4, 415.76, 260847, 230, 0, 0
624, 0, 173, 325, 258, 4, 56.51%, 0, 0, 4, 418.23, 263005, 230, 0, 0
629, 0, 170, 325, 256, 2, 56.51%, 0, 0, 4, 421.79, 265174, 230, 0, 0
634, 0, 170, 330, 261, 2, 56.51%, 0, 0, 4, 413.19, 267246, 230, 0, 0
639, 0, 124, 330, 258, 0, 56.51%, 0, 0, 4, 404.25, 269338, 230, 0, 0
644, 0, 91, 330, 255, 0, 56.51%, 0, 0, 4, 417.37, 271481, 230, 0, 0
649, 0, 226, 330, 252, 0, 56.51%, 0, 0, 4, 416.93, 273622, 230, 0, 0
654, 0, 46, 330, 250, 0, 56.51%, 0, 0, 4, 395.92, 275602, 230, 0, 0
659, 0, 258, 334, 253, 0, 56.51%, 0, 0, 4, 408.74, 277662, 230, 0, 0
664, 0, 324, 334, 252, 0, 56.51%, 0, 0, 4, 398.87, 279691, 230, 0, 0
669, 0, 183, 334, 251, 0, 56.51%, 0, 0, 4, 409.87, 281789, 230, 0, 0
675, 0, 294, 334, 248, 0, 56.51%, 0, 0, 4, 412.76, 283843, 230, 0, 0
680, 0, 299, 334, 245, 0, 56.51%, 0, 0, 4, 404.27, 285910, 230, 0, 0
685, 0, 218, 334, 243, 0, 56.51%, 0, 0, 4, 430.35, 288127, 230, 0, 0
690, 0, 334, 335, 243, 1, 56.51%, 0, 0, 4, 403.71, 290183, 230, 0, 0
695, 0, 12, 335, 240, 0, 56.51%, 0, 0, 4, 390.34, 292197, 230, 0, 0
700, 0, 314, 336, 238, 0, 56.51%, 0, 0, 4, 428.69, 294474, 230, 0, 0
705, 0, 288, 336, 237, 0, 56.51%, 0, 0, 4, 408.52, 296564, 230, 0, 0
710, 0, 332, 338, 234, 0, 56.51%, 0, 0, 4, 409.27, 298670, 230, 0, 0
715, 0, 330, 340, 235, 0, 56.51%, 0, 0, 4, 408.36, 300737, 230, 0, 0
721, 0, 340, 341, 235, 1, 56.76%, 0, 0, 4, 413.52, 302839, 231, 0, 0
726, 0, 207, 341, 232, 0, 56.76%, 0, 0, 4, 400.18, 304875, 231, 0, 0
731, 0, 284, 341, 230, 0, 56.76%, 0, 0, 4, 411.92, 307043, 231, 0, 0
736, 0, 331, 341, 229, 0, 56.76%, 0, 0, 4, 383.95, 309028, 231, 0, 0
741, 0, 232, 341, 225, 0, 56.76%, 0, 0, 4, 481.24, 311585, 231, 0, 0
746, 0, 185, 341, 223, 0, 56.76%, 0, 0, 4, 446.68, 313795, 231, 0, 0
751, 0, 70, 342, 222, 0, 56.76%, 0, 0, 4, 420.59, 315844, 231, 0, 0
756, 0, 305, 342, 220, 0, 56.76%, 0, 0, 4, 443.45, 318050, 231, 0, 0
761, 0, 187, 342, 218, 0, 56.76%, 0, 0, 4, 450.43, 320330, 231, 0, 0
767, 0, 276, 342, 216, 0, 56.76%, 0, 0, 4, 426.45, 322507, 231, 0, 0
772, 0, 242, 342, 214, 0, 56.76%, 0, 0, 4, 427.19, 324709, 231, 0, 0
777, 0, 203, 342, 211, 0, 56.76%, 0, 0, 4, 411.60, 326762, 231, 0, 0
782, 0, 338, 342, 209, 0, 56.76%, 0, 0, 4, 424.92, 328913, 231, 0, 0
787, 0, 70, 342, 205, 0, 56.76%, 0, 0, 4, 425.03, 331120, 231, 0, 0
792, 0, 16, 342, 203, 0, 56.76%, 0, 0, 4, 438.89, 333384, 231, 0, 0
797, 0, 133, 342, 201, 0, 56.76%, 0, 0, 4, 402.95, 335386, 231, 0, 0
802, 0, 251, 342, 199, 0, 56.76%, 0, 0, 4, 422.46, 337527, 231, 0, 0
807, 0, 229, 343, 198, 0, 56.76%, 0, 0, 4, 412.13, 339619, 231, 0, 0
812, 0, 247, 343, 196, 0, 56.76%, 0, 0, 4, 376.27, 341496, 231, 0, 0
817, 0, 224, 343, 193, 0, 56.76%, 0, 0, 4, 395.13, 343494, 231, 0, 0
822, 0, 123, 343, 191, 0, 56.76%, 0, 0, 4, 408.37, 345616, 231, 0, 0
828, 1, 93, 343, 189, 0, 56.76%, 0, 0, 4, 400.53, 347643, 231, 0, 0
833, 1, 195, 343, 185, 0, 56.76%, 0, 0, 4, 430.48, 349929, 231, 0, 0
838, 1, 335, 344, 184, 0, 56.76%, 0, 0, 4, 409.07, 351962, 231, 0, 0
843, 1, 345, 347, 183, 1, 57.49%, 0, 0, 4, 408.28, 354089, 234, 0, 0
848, 1, 345, 350, 186, 1, 57.49%, 0, 0, 4, 415.71, 356253, 234, 0, 0
853, 1, 45, 350, 184, 0, 57.49%, 0, 0, 4, 336.45, 358213, 234, 0, 0
858, 1, 285, 350, 180, 0, 57.49%, 0, 0, 4, 426.36, 360427, 234, 0, 0
863, 1, 246, 351, 179, 0, 57.49%, 0, 0, 4, 421.17, 362576, 234, 0, 0
868, 1, 105, 351, 176, 0, 57.49%, 0, 0, 4, 414.31, 364644, 234, 0, 0
873, 1, 351, 352, 175, 1, 57.74%, 0, 0, 4, 403.61, 366658, 235, 0, 0
878, 1, 304, 352, 174, 0, 57.74%, 0, 0, 4, 427.15, 368726, 235, 0, 0
884, 1, 134, 352, 172, 0, 57.74%, 0, 0, 4, 410.01, 370908, 235, 0, 0
889, 1, 176, 354, 172, 0, 57.74%, 0, 0, 5, 419.72, 372942, 235, 0, 0
894, 1, 261, 355, 172, 0, 57.74%, 0, 0, 5, 411.90, 375025, 235, 0, 0
899, 1, 243, 355, 168, 0, 57.74%, 0, 0, 5, 456.58, 377256, 235, 0, 0
900, 1, 326, 356, 168, 0, 57.74%, 0, 0, 5, 424.23, 377872, 235, 0, 0
