# relative_time, cycles_done, cur_item, corpus_count, pending_total, pending_favs, map_size, saved_crashes, saved_hangs, max_depth, execs_per_sec, total_execs, edges_found, total_crashes, servers_count
61, 0, 9, 74, 69, 4, 31.70%, 0, 0, 2, 422.44, 27406, 129, 0, 0
66, 0, 9, 76, 71, 4, 31.70%, 0, 0, 2, 412.06, 29549, 129, 0, 0
71, 0, 9, 77, 72, 4, 31.70%, 0, 0, 2, 455.12, 31884, 129, 0, 0
76, 0, 9, 78, 73, 4, 31.70%, 0, 0, 2, 416.57, 34044, 129, 0, 0
81, 0, 9, 79, 74, 4, 31.70%, 0, 0, 2, 448.37, 36315, 129, 0, 0
86, 0, 9, 80, 75, 4, 31.70%, 0, 0, 2, 445.53, 38579, 129, 0, 0
91, 0, 9, 80, 75, 4, 31.70%, 0, 0, 2, 432.05, 40747, 129, 0, 0
96, 0, 9, 80, 75, 4, 31.70%, 0, 0, 2, 430.36, 42875, 129, 0, 0
101, 0, 9, 81, 76, 4, 31.70%, 0, 0, 2, 435.67, 45042, 129, 0, 0
107, 0, 9, 83, 78, 4, 31.70%, 0, 0, 2, 424.87, 47192, 129, 0, 0
112, 0, 9, 83, 78, 4, 31.70%, 0, 0, 2, 417.20, 49336, 129, 0, 0
117, 0, 9, 83, 78, 4, 31.70%, 0, 0, 2, 439.75, 51585, 129, 0, 0
122, 0, 9, 83, 78, 4, 31.70%, 0, 0, 2, 428.20, 53705, 129, 0, 0
127, 0, 32, 150, 143, 36, 40.79%, 0, 0, 3, 413.93, 55746, 166, 0, 0
132, 0, 94, 155, 144, 33, 41.03%, 0, 0, 3, 415.04, 57866, 167, 0, 0
137, 0, 94, 155, 144, 33, 41.03%, 0, 0, 3, 386.03, 59860, 167, 0, 0
142, 0, 94, 155, 144, 33, 41.03%, 0, 0, 3, 377.37, 61729, 167, 0, 0
147, 0, 94, 155, 144, 33, 41.03%, 0, 0, 3, 377.33, 63584, 167, 0, 0
153, 0, 11, 155, 139, 28, 41.03%, 0, 0, 3, 409.97, 65712, 167, 0, 0
158, 0, 86, 155, 137, 26, 41.03%, 0, 0, 3, 434.88, 67949, 167, 0, 0
163, 0, 0, 155, 135, 24, 41.03%, 0, 0, 3, 442.91, 70180, 167, 0, 0
168, 0, 118, 161, 140, 23, 41.03%, 0, 0, 3, 432.00, 72301, 167, 0, 0
173, 0, 110, 161, 138, 22, 41.03%, 0, 0, 3, 442.69, 74534, 167, 0, 0
178, 0, 121, 171, 146, 21, 41.03%, 0, 0, 3, 404.01, 76673, 167, 0, 0
183, 0, 121, 179, 154, 21, 41.03%, 0, 0, 3, 370.92, 78515, 167, 0, 0
188, 0, 121, 181, 156, 21, 41.03%, 0, 0, 3, 412.28, 80568, 167, 0, 0
193, 0, 121, 183, 158, 21, 41.03%, 0, 0, 3, 422.05, 82782, 167, 0, 0
198, 0, 121, 183, 158, 21, 41.03%, 0, 0, 3, 454.62, 85126, 167, 0, 0
203, 0, 109, 194, 168, 21, 41.77%, 0, 0, 3, 462.74, 87516, 170, 0, 0
208, 0, 140, 198, 170, 20, 41.77%, 0, 0, 3, 452.74, 89760, 170, 0, 0
214, 0, 157, 198, 168, 18, 41.77%, 0, 0, 3, 429.79, 91955, 170, 0, 0
219, 0, 113, 207, 174, 17, 44.23%, 0, 0, 3, 451.03, 94222, 180, 0, 0
224, 0, 199, 219, 185, 17, 44.23%, 0, 0, 3, 461.55, 96512, 180, 0, 0
229, 0, 166, 223, 187, 16, 44.23%, 0, 0, 3, 518.06, 99199, 180, 0, 0
234, 0, 101, 223, 184, 14, 44.23%, 0, 0, 3, 480.74, 101567, 180, 0, 0
239, 0, 144, 225, 185, 13, 44.23%, 0, 0, 3, 477.67, 103948, 180, 0, 0
244, 0, 144, 227, 187, 13, 44.23%, 0, 0, 3, 425.67, 106143, 180, 0, 0
249, 0, 144, 227, 187, 13, 44.23%, 0, 0, 3, 434.08, 108391, 180, 0, 0
254, 0, 7, 228, 187, 13, 44.47%, 0, 0, 3, 455.01, 110624, 181, 0, 0
259, 0, 229, 233, 189, 15, 46.44%, 0, 0, 3, 454.10, 112900, 189, 0, 0
264, 0, 229, 245, 201, 15, 47.17%, 1, 0, 3, 454.04, 115315, 192, 1, 0
270, 0, 229, 246, 202, 15, 47.17%, 1, 0, 3, 437.04, 117504, 192, 1, 0
275, 0, 229, 247, 203, 15, 47.17%, 1, 0, 3, 437.66, 119719, 192, 1, 0
280, 0, 229, 248, 204, 15, 47.17%, 1, 0, 3, 453.41, 122005, 192, 1, 0
285, 0, 229, 249, 205, 15, 47.17%, 1, 0, 3, 431.13, 124229, 192, 1, 0
290, 0, 229, 249, 205, 15, 47.17%, 1, 0, 3, 436.95, 126549, 192, 1, 0
295, 0, 229, 249, 205, 15, 47.17%, 1, 0, 3, 468.13, 128969, 192, 1, 0
300, 0, 229, 251, 207, 15, 47.17%, 1, 0, 3, 459.55, 131296, 192, 1, 0
305, 0, 229, 251, 207, 15, 47.17%, 1, 0, 3, 496.38, 133870, 192, 1, 0
310, 0, 229, 251, 207, 15, 47.17%, 1, 0, 3, 484.30, 136390, 192, 1, 0
315, 0, 229, 251, 207, 15, 47.17%, 1, 0, 3, 454.72, 138595, 192, 1, 0
320, 0, 229, 252, 208, 15, 47.42%, 1, 0, 3, 433.15, 140802, 193, 1, 0
325, 0, 229, 253, 209, 15, 47.42%, 1, 0, 3, 422.12, 142961, 193, 1, 0
330, 0, 229, 254, 210, 15, 47.42%, 1, 0, 3, 412.86, 145128, 193, 1, 0
336, 0, 229, 254, 210, 15, 47.42%, 1, 0, 3, 410.92, 147240, 193, 1, 0
341, 0, 229, 254, 210, 15, 47.42%, 1, 0, 3, 434.70, 149416, 193, 1, 0
346, 0, 229, 254, 210, 15, 47.42%, 1, 0, 3, 371.24, 151290, 193, 1, 0
351, 0, 244, 254, 209, 16, 47.42%, 1, 0, 3, 414.28, 153472, 193, 1, 0
356, 0, 15, 258, 212, 15, 47.42%, 1, 0, 4, 429.08, 155736, 193, 1, 0
361, 0, 251, 258, 210, 13, 47.42%, 1, 0, 4, 420.09, 157834, 193, 1, 0
366, 0, 84, 271, 222, 12, 48.16%, 1, 0, 4, 422.99, 159942, 196, 1, 0
371, 0, 84, 278, 229, 12, 55.28%, 1, 0, 4, 372.66, 161811, 225, 1, 0
376, 0, 84, 281, 232, 12, 55.28%, 1, 0, 4, 345.56, 163588, 225, 1, 0
381, 0, 84, 282, 233, 12, 55.28%, 1, 0, 4, 353.21, 165403, 225, 1, 0
387, 0, 84, 283, 234, 12, 55.53%, 1, 0, 4, 342.38, 167167, 226, 1, 0
392, 0, 84, 285, 236, 12, 55.53%, 1, 0, 4, 358.74, 169064, 226, 1, 0
397, 0, 84, 286, 237, 12, 55.53%, 1, 0, 4, 340.04, 170812, 226, 1, 0
402, 0, 84, 286, 237, 12, 55.53%, 1, 0, 4, 370.26, 172760, 226, 1, 0
407, 0, 84, 286, 237, 12, 55.53%, 1, 0, 4, 365.14, 174552, 226, 1, 0
412, 0, 84, 287, 238, 12, 55.53%, 1, 0, 4, 325.21, 176165, 226, 1, 0
417, 0, 84, 287, 238, 12, 55.53%, 1, 0, 4, 342.54, 177929, 226, 1, 0
422, 0, 84, 289, 240, 12, 55.53%, 1, 0, 4, 378.11, 179838, 226, 1, 0
427, 0, 84, 290, 241, 12, 55.53%, 1, 0, 4, 363.95, 181630, 226, 1, 0
432, 0, 84, 290, 241, 12, 55.53%, 1, 0, 4, 358.17, 183464, 226, 1, 0
437, 0, 84, 291, 242, 12, 55.53%, 1, 0, 4, 352.52, 185270, 226, 1, 0
443, 0, 84, 292, 243, 12, 55.53%, 1, 0, 4, 358.82, 187111, 226, 1, 0
448, 0, 84, 292, 243, 12, 55.53%, 1, 0, 4, 376.83, 189036, 226, 1, 0
453, 0, 84, 294, 245, 12, 55.77%, 1, 0, 4, 384.41, 190933, 227, 1, 0
458, 0, 84, 294, 245, 12, 55.77%, 1, 0, 4, 368.04, 192753, 227, 1, 0
463, 0, 84, 295, 246, 12, 55.77%, 1, 0, 4, 383.13, 194650, 227, 1, 0
468, 0, 84, 295, 246, 12, 55.77%, 1, 0, 4, 361.34, 196449, 227, 1, 0
473, 0, 84, 297, 248, 12, 55.77%, 1, 0, 4, 360.60, 198213, 227, 1, 0
478, 0, 84, 297, 248, 12, 55.77%, 1, 0, 4, 361.75, 200047, 227, 1, 0
483, 0, 84, 297, 248, 12, 55.77%, 1, 0, 4, 368.35, 201895, 227, 1, 0
488, 0, 84, 299, 250, 12, 55.77%, 1, 0, 4, 373.96, 203785, 227, 1, 0
493, 0, 84, 300, 251, 12, 55.77%, 1, 0, 4, 355.54, 205605, 227, 1, 0
498, 0, 84, 300, 251, 12, 55.77%, 1, 0, 4, 387.82, 207656, 227, 1, 0
504, 0, 84, 300, 251, 12, 55.77%, 1, 0, 4, 396.45, 209679, 227, 1, 0
509, 0, 84, 300, 251, 12, 55.77%, 1, 0, 4, 425.84, 211785, 227, 1, 0
514, 0, 235, 300, 249, 16, 55.77%, 1, 0, 4, 434.35, 213921, 227, 1, 0
519, 0, 276, 301, 249, 16, 55.77%, 1, 0, 4, 409.97, 216050, 227, 1, 0
524, 0, 308, 309, 256, 17, 56.02%, 1, 0, 4, 446.34, 218264, 228, 1, 0
529, 0, 306, 309, 253, 14, 56.02%, 1, 0, 4, 444.66, 220431, 228, 1, 0
534, 0, 270, 309, 251, 12, 56.02%, 1, 0, 4, 454.59, 222771, 228, 1, 0
539, 0, 281, 312, 253, 14, 57.00%, 1, 0, 5, 432.68, 224873, 232, 1, 0
544, 0, 281, 354, 295, 14, 57.00%, 1, 0, 5, 442.65, 227159, 232, 1, 0
549, 0, 33, 354, 292, 12, 57.00%, 1, 0, 5, 484.41, 229662, 232, 1, 0
554, 0, 282, 354, 290, 10, 57.00%, 1, 0, 5, 425.63, 231776, 232, 1, 0
559, 0, 284, 354, 288, 8, 57.00%, 1, 0, 5, 414.67, 233918, 232, 1, 0
564, 0, 309, 354, 285, 6, 57.00%, 1, 0, 5, 427.83, 236171, 232, 1, 0
569, 0, 310, 354, 284, 5, 57.00%, 1, 0, 5, 434.20, 238329, 232, 1, 0
575, 0, 311, 354, 282, 4, 57.00%, 1, 0, 5, 426.14, 240484, 232, 1, 0
580, 0, 124, 355, 281, 2, 57.00%, 1, 0, 5, 455.46, 242796, 232, 1, 0
585, 0, 124, 361, 287, 2, 57.00%, 1, 0, 5, 444.32, 245046, 232, 1, 0
590, 0, 124, 363, 289, 2, 57.00%, 1, 0, 5, 441.91, 247316, 232, 1, 0
595, 0, 124, 363, 289, 2, 57.00%, 1, 0, 5, 431.34, 249508, 232, 1, 0
600, 0, 124, 364, 290, 2, 57.00%, 1, 0, 5, 429.48, 251659, 232, 1, 0
605, 0, 162, 367, 290, 0, 57.00%, 1, 0, 5, 431.65, 253884, 232, 1, 0
610, 0, 116, 367, 289, 0, 57.00%, 1, 0, 5, 425.94, 256010, 232, 1, 0
615, 0, 253, 369, 288, 0, 57.00%, 1, 0, 6, 405.63, 258048, 232, 1, 0
620, 0, 367, 371, 287, 0, 57.00%, 1, 0, 6, 406.08, 260084, 232, 1, 0
625, 0, 103, 371, 285, 0, 57.00%, 1, 0, 6, 407.55, 262135, 232, 1, 0
631, 0, 193, 371, 283, 0, 57.00%, 1, 0, 6, 412.50, 264227, 232, 1, 0
636, 0, 218, 371, 281, 0, 57.00%, 1, 0, 6, 438.70, 266414, 232, 1, 0
641, 0, 306, 371, 278, 0, 57.00%, 1, 0, 6, 404.43, 268404, 232, 1, 0
646, 0, 252, 372, 278, 0, 57.00%, 1, 0, 6, 413.05, 270483, 232, 1, 0
651, 0, 368, 372, 274, 0, 57.00%, 1, 0, 6, 438.39, 272800, 232, 1, 0
656, 0, 62, 372, 272, 0, 57.00%, 1, 0, 6, 448.46, 275057, 232, 1, 0
661, 0, 140, 373, 271, 0, 57.00%, 1, 0, 6, 422.86, 277116, 232, 1, 0
666, 0, 93, 374, 272, 0, 57.00%, 1, 0, 6, 430.73, 279252, 232, 1, 0
671, 0, 192, 374, 268, 0, 57.00%, 1, 0, 6, 429.90, 281485, 232, 1, 0
676, 0, 244, 374, 266, 0, 57.00%, 1, 0, 6, 405.38, 283499, 232, 1, 0
681, 0, 277, 374, 264, 0, 57.00%, 1, 0, 6, 393.48, 285488, 232, 1, 0
686, 0, 293, 377, 266, 0, 57.00%, 1, 0, 6, 424.28, 287707, 232, 1, 0
692, 0, 121, 377, 263, 0, 57.00%, 1, 0, 6, 408.67, 289739, 232, 1, 0
697, 0, 312, 377, 261, 0, 57.00%, 1, 0, 6, 449.47, 291979, 232, 1, 0
702, 0, 351, 377, 259, 0, 57.00%, 1, 0, 6, 393.37, 293857, 232, 1, 0
707, 0, 236, 378, 258, 0, 57.00%, 1, 0, 6, 423.79, 296059, 232, 1, 0
712, 0, 236, 381, 261, 0, 57.00%, 1, 0, 6, 420.58, 298256, 232, 1, 0
717, 0, 236, 381, 261, 0, 57.00%, 1, 0, 6, 411.38, 300416, 232, 1, 0
722, 0, 196, 382, 258, 0, 57.74%, 1, 0, 6, 448.69, 302708, 235, 1, 0
727, 0, 381, 393, 269, 1, 57.99%, 1, 0, 6, 420.09, 304812, 236, 1, 0
732, 0, 384, 393, 267, 1, 57.99%, 1, 0, 6, 416.38, 306909, 236, 1, 0
737, 0, 260, 393, 265, 0, 57.99%, 1, 0, 6, 389.81, 308838, 236, 1, 0
742, 0, 310, 395, 265, 0, 58.23%, 1, 0, 6, 389.13, 310807, 237, 1, 0
747, 0, 350, 395, 264, 0, 58.23%, 1, 0, 6, 431.00, 313013, 237, 1, 0
753, 0, 222, 397, 264, 0, 58.23%, 1, 0, 6, 427.59, 315175, 237, 1, 0
758, 0, 269, 398, 264, 0, 58.23%, 1, 0, 6, 459.62, 317578, 237, 1, 0
763, 0, 201, 398, 262, 0, 58.23%, 1, 0, 6, 447.17, 319762, 237, 1, 0
768, 0, 315, 398, 260, 0, 58.23%, 1, 0, 6, 402.45, 321747, 237, 1, 0
773, 0, 288, 398, 258, 0, 58.23%, 1, 0, 6, 416.53, 323924, 237, 1, 0
778, 0, 213, 398, 254, 0, 58.23%, 1, 0, 6, 397.95, 325896, 237, 1, 0
783, 0, 327, 398, 253, 0, 58.23%, 1, 0, 6, 433.66, 328074, 237, 1, 0
788, 0, 384, 399, 251, 0, 58.48%, 1, 0, 6, 424.03, 330292, 238, 1, 0
793, 0, 117, 399, 249, 0, 58.48%, 1, 0, 6, 426.43, 332477, 238, 1, 0
799, 0, 345, 399, 248, 0, 58.48%, 1, 0, 6, 422.32, 334671, 238, 1, 0
804, 0, 68, 399, 245, 0, 58.48%, 1, 0, 6, 414.82, 336717, 238, 1, 0
809, 0, 168, 399, 242, 0, 58.48%, 1, 0, 6, 400.27, 338694, 238, 1, 0
814, 0, 265, 399, 240, 0, 58.48%, 1, 0, 6, 400.78, 340720, 238, 1, 0
819, 0, 184, 400, 239, 0, 58.48%, 1, 0, 6, 414.82, 342829, 238, 1, 0
824, 0, 254, 400, 237, 0, 58.48%, 1, 0, 6, 439.77, 345039, 238, 1, 0
829, 0, 207, 400, 234, 0, 58.48%, 1, 0, 6, 428.07, 347226, 238, 1, 0
834, 0, 28, 401, 233, 0, 58.48%, 1, 0, 6, 448.97, 349538, 238, 1, 0
839, 0, 157, 401, 230, 0, 58.48%, 1, 0, 6, 440.16, 351744, 238, 1, 0
844, 0, 231, 401, 229, 0, 58.48%, 1, 0, 6, 485.60, 354279, 238, 1, 0
850, 0, 300, 402, 228, 0, 58.48%, 1, 0, 6, 456.73, 356491, 238, 1, 0
855, 0, 224, 403, 226, 0, 58.48%, 1, 0, 6, 436.22, 358692, 238, 1, 0
860, 0, 39, 403, 225, 0, 58.48%, 1, 0, 6, 425.38, 360839, 238, 1, 0
865, 0, 243, 403, 223, 0, 58.48%, 1, 0, 6, 433.22, 363044, 238, 1, 0
870, 0, 18, 403, 221, 0, 58.48%, 1, 0, 6, 419.46, 365195, 238, 1, 0
875, 0, 314, 403, 220, 0, 58.48%, 1, 0, 6, 401.14, 367136, 238, 1, 0
880, 0, 403, 404, 219, 0, 58.48%, 1, 0, 6, 421.46, 369313, 238, 1, 0
885, 0, 389, 404, 217, 0, 58.48%, 1, 0, 6, 424.29, 371470, 238, 1, 0
890, 0, 247, 404, 215, 0, 58.48%, 1, 0, 6, 428.27, 373623, 238, 1, 0
895, 1, 352, 404, 211, 0, 58.48%, 1, 0, 6, 433.44, 375846, 238, 1, 0
901, 1, 271, 404, 209, 0, 58.48%, 1, 0, 6, 443.29, 378192, 238, 1, 0
904, 1, 229, 404, 207, 0, 58.48%, 1, 0, 6, 440.90, 379926, 238, 1, 0
