# relative_time, cycles_done, cur_item, corpus_count, pending_total, pending_favs, map_size, saved_crashes, saved_hangs, max_depth, execs_per_sec, total_execs, edges_found, total_crashes, servers_count
61, 0, 8, 69, 62, 23, 33.42%, 0, 0, 2, 376.54, 24775, 136, 0, 0
66, 0, 8, 69, 62, 23, 33.42%, 0, 0, 2, 345.52, 26501, 136, 0, 0
71, 0, 8, 69, 62, 23, 33.42%, 0, 0, 2, 370.73, 28450, 136, 0, 0
76, 0, 8, 69, 62, 23, 33.42%, 0, 0, 2, 391.52, 30417, 136, 0, 0
81, 0, 8, 69, 62, 23, 33.42%, 0, 0, 2, 363.17, 32258, 136, 0, 0
86, 0, 8, 69, 62, 23, 33.42%, 0, 0, 2, 392.85, 34274, 136, 0, 0
91, 0, 8, 69, 62, 23, 33.42%, 0, 0, 2, 353.12, 36071, 136, 0, 0
96, 0, 8, 69, 62, 23, 33.42%, 0, 0, 2, 383.82, 38068, 136, 0, 0
101, 0, 8, 69, 62, 23, 33.42%, 0, 0, 2, 378.66, 39979, 136, 0, 0
106, 0, 8, 69, 62, 23, 33.42%, 0, 0, 2, 376.69, 41883, 136, 0, 0
111, 0, 8, 70, 63, 23, 33.42%, 0, 0, 2, 378.29, 43822, 136, 0, 0
117, 0, 8, 70, 63, 23, 33.42%, 0, 0, 2, 259.95, 45538, 136, 0, 0
122, 0, 8, 70, 63, 23, 33.42%, 0, 0, 2, 360.40, 47483, 136, 0, 0
127, 0, 8, 70, 63, 23, 33.42%, 0, 0, 2, 365.17, 49394, 136, 0, 0
132, 0, 14, 70, 58, 19, 33.42%, 0, 0, 2, 399.74, 51424, 136, 0, 0
137, 0, 25, 75, 58, 14, 33.42%, 0, 0, 2, 419.03, 53574, 136, 0, 0
142, 0, 25, 77, 60, 14, 33.42%, 0, 0, 2, 430.58, 55788, 136, 0, 0
147, 0, 25, 80, 63, 14, 33.42%, 0, 0, 2, 446.00, 58081, 136, 0, 0
152, 0, 25, 83, 66, 14, 33.91%, 0, 0, 2, 454.08, 60494, 138, 0, 0
157, 0, 29, 83, 65, 15, 33.91%, 0, 0, 2, 446.20, 62648, 138, 0, 0
162, 0, 29, 88, 70, 15, 34.89%, 0, 0, 2, 423.95, 64747, 142, 0, 0
167, 0, 29, 91, 73, 15, 34.89%, 0, 0, 2, 452.07, 67047, 142, 0, 0
172, 0, 29, 99, 81, 15, 35.87%, 0, 0, 2, 449.24, 69249, 146, 0, 0
177, 0, 29, 103, 85, 15, 35.87%, 0, 0, 2, 451.72, 71515, 146, 0, 0
182, 0, 35, 114, 94, 17, 35.87%, 0, 0, 2, 434.83, 73729, 146, 0, 0
188, 0, 39, 123, 101, 16, 36.12%, 0, 0, 2, 455.74, 76113, 147, 0, 0
193, 0, 39, 129, 107, 16, 36.12%, 0, 0, 2, 431.68, 78294, 147, 0, 0
198, 0, 39, 129, 107, 16, 36.12%, 0, 0, 2, 428.63, 80496, 147, 0, 0
203, 0, 39, 129, 107, 16, 36.12%, 0, 0, 2, 415.52, 82560, 147, 0, 0
208, 0, 39, 130, 108, 16, 36.12%, 0, 0, 2, 412.45, 84655, 147, 0, 0
213, 0, 39, 130, 108, 16, 36.12%, 0, 0, 2, 423.06, 86831, 147, 0, 0
218, 0, 39, 130, 108, 16, 36.12%, 0, 0, 2, 441.41, 89112, 147, 0, 0
223, 0, 39, 131, 109, 16, 36.12%, 0, 0, 2, 405.00, 91127, 147, 0, 0
228, 0, 39, 132, 110, 16, 36.12%, 0, 0, 2, 426.70, 93270, 147, 0, 0
233, 0, 39, 132, 110, 16, 36.12%, 0, 0, 2, 422.43, 95398, 147, 0, 0
238, 0, 39, 132, 110, 16, 36.12%, 0, 0, 2, 470.55, 97771, 147, 0, 0
244, 0, 39, 132, 110, 16, 36.12%, 0, 0, 2, 441.63, 100022, 147, 0, 0
249, 0, 39, 132, 110, 16, 36.12%, 0, 0, 2, 434.27, 102222, 147, 0, 0
254, 0, 39, 132, 110, 16, 36.12%, 0, 0, 2, 437.51, 104414, 147, 0, 0
259, 0, 39, 132, 110, 16, 36.12%, 0, 0, 2, 448.12, 106700, 147, 0, 0
264, 0, 39, 132, 110, 16, 36.12%, 0, 0, 2, 426.24, 108823, 147, 0, 0
269, 0, 39, 132, 110, 16, 36.12%, 0, 0, 2, 413.73, 110927, 147, 0, 0
274, 0, 39, 132, 110, 16, 36.12%, 0, 0, 2, 285.16, 112969, 147, 0, 0
279, 0, 47, 138, 115, 14, 36.61%, 0, 0, 3, 392.19, 115139, 149, 0, 0
284, 0, 49, 139, 115, 15, 36.86%, 0, 0, 3, 423.24, 117312, 150, 0, 0
289, 0, 50, 144, 119, 14, 37.10%, 0, 0, 3, 442.19, 119597, 151, 0, 0
294, 0, 50, 147, 122, 14, 37.10%, 0, 0, 3, 397.46, 121571, 151, 0, 0
299, 0, 50, 150, 125, 14, 37.10%, 0, 0, 3, 420.97, 123672, 151, 0, 0
304, 0, 50, 154, 129, 14, 37.84%, 0, 0, 3, 440.98, 125932, 154, 0, 0
310, 0, 50, 154, 129, 14, 37.84%, 0, 0, 3, 413.77, 127972, 154, 0, 0
315, 0, 50, 157, 132, 14, 37.84%, 0, 0, 3, 428.06, 130153, 154, 0, 0
320, 0, 68, 157, 131, 15, 37.84%, 0, 0, 3, 403.29, 132167, 154, 0, 0
325, 0, 68, 157, 131, 15, 37.84%, 0, 0, 3, 378.59, 134093, 154, 0, 0
330, 0, 68, 157, 131, 15, 37.84%, 0, 0, 3, 387.49, 136172, 154, 0, 0
335, 0, 75, 161, 134, 14, 37.84%, 0, 0, 3, 399.90, 138202, 154, 0, 0
340, 0, 75, 162, 135, 14, 37.84%, 0, 0, 3, 465.57, 140505, 154, 0, 0
345, 0, 75, 164, 137, 14, 37.84%, 0, 0, 3, 421.61, 142591, 154, 0, 0
350, 0, 75, 165, 138, 14, 37.84%, 0, 0, 3, 419.57, 144718, 154, 0, 0
355, 0, 75, 165, 138, 14, 37.84%, 0, 0, 3, 412.28, 146839, 154, 0, 0
360, 0, 75, 166, 139, 14, 37.84%, 0, 0, 3, 437.87, 149102, 154, 0, 0
365, 0, 75, 167, 140, 14, 37.84%, 0, 0, 3, 421.56, 151205, 154, 0, 0
371, 0, 75, 168, 141, 14, 37.84%, 0, 0, 3, 402.38, 153252, 154, 0, 0
376, 0, 75, 168, 141, 14, 37.84%, 0, 0, 3, 432.86, 155460, 154, 0, 0
381, 0, 75, 169, 142, 14, 37.84%, 0, 0, 3, 396.35, 157430, 154, 0, 0
386, 0, 75, 169, 142, 14, 37.84%, 0, 0, 3, 418.95, 159555, 154, 0, 0
391, 0, 75, 169, 142, 14, 37.84%, 0, 0, 3, 419.74, 161635, 154, 0, 0
396, 0, 75, 169, 142, 14, 37.84%, 0, 0, 3, 418.33, 163739, 154, 0, 0
401, 0, 75, 169, 142, 14, 37.84%, 0, 0, 3, 412.38, 165811, 154, 0, 0
406, 0, 75, 169, 142, 14, 37.84%, 0, 0, 3, 455.81, 168092, 154, 0, 0
411, 0, 75, 169, 142, 14, 37.84%, 0, 0, 3, 406.50, 170099, 154, 0, 0
416, 0, 75, 169, 142, 14, 37.84%, 0, 0, 3, 392.70, 172004, 154, 0, 0
421, 0, 75, 170, 143, 14, 37.84%, 0, 0, 3, 455.88, 174390, 154, 0, 0
427, 0, 75, 171, 144, 14, 37.84%, 0, 0, 3, 437.02, 176569, 154, 0, 0
432, 0, 75, 172, 145, 14, 37.84%, 0, 0, 3, 423.84, 178728, 154, 0, 0
437, 0, 75, 172, 145, 14, 37.84%, 0, 0, 3, 438.36, 180928, 154, 0, 0
442, 0, 75, 172, 145, 14, 37.84%, 0, 0, 3, 419.45, 183016, 154, 0, 0
447, 0, 75, 172, 145, 14, 37.84%, 0, 0, 3, 432.02, 185232, 154, 0, 0
452, 0, 75, 172, 145, 14, 37.84%, 0, 0, 3, 437.87, 187488, 154, 0, 0
457, 0, 82, 172, 143, 12, 37.84%, 0, 0, 3, 410.08, 189540, 154, 0, 0
462, 0, 128, 172, 137, 8, 37.84%, 0, 0, 3, 414.80, 191673, 154, 0, 0
467, 0, 143, 173, 135, 6, 37.84%, 0, 0, 3, 435.94, 193871, 154, 0, 0
472, 0, 143, 184, 146, 6, 37.84%, 0, 0, 4, 426.51, 196045, 154, 0, 0
478, 0, 143, 186, 148, 6, 37.84%, 0, 0, 4, 452.98, 198339, 154, 0, 0
483, 0, 143, 187, 149, 6, 37.84%, 0, 0, 4, 439.36, 200562, 154, 0, 0
488, 0, 143, 187, 149, 6, 37.84%, 0, 0, 4, 445.92, 202818, 154, 0, 0
493, 0, 165, 191, 150, 4, 37.84%, 0, 0, 4, 434.91, 205064, 154, 0, 0
498, 0, 165, 193, 152, 4, 37.84%, 0, 0, 4, 435.63, 207262, 154, 0, 0
503, 0, 165, 194, 153, 4, 37.84%, 0, 0, 4, 456.16, 209670, 154, 0, 0
508, 0, 165, 196, 155, 4, 37.84%, 0, 0, 4, 456.99, 211961, 154, 0, 0
513, 0, 165, 196, 155, 4, 37.84%, 0, 0, 4, 417.78, 214139, 154, 0, 0
518, 0, 171, 198, 156, 3, 37.84%, 0, 0, 4, 462.85, 216494, 154, 0, 0
524, 0, 171, 200, 158, 3, 37.84%, 0, 0, 4, 469.06, 218983, 154, 0, 0
529, 0, 171, 201, 159, 3, 37.84%, 0, 0, 4, 457.73, 221294, 154, 0, 0
534, 0, 171, 201, 159, 3, 37.84%, 0, 0, 4, 435.13, 223502, 154, 0, 0
539, 0, 171, 202, 160, 3, 37.84%, 0, 0, 4, 436.10, 225701, 154, 0, 0
544, 0, 171, 202, 160, 3, 37.84%, 0, 0, 4, 420.87, 227797, 154, 0, 0
549, 0, 171, 202, 160, 3, 37.84%, 0, 0, 4, 422.22, 230005, 154, 0, 0
554, 0, 171, 202, 160, 3, 37.84%, 0, 0, 4, 428.90, 232133, 154, 0, 0
559, 0, 171, 204, 162, 3, 37.84%, 0, 0, 4, 470.49, 234599, 154, 0, 0
564, 0, 171, 204, 162, 3, 37.84%, 0, 0, 4, 467.96, 236939, 154, 0, 0
569, 0, 171, 204, 162, 3, 37.84%, 0, 0, 4, 474.09, 239459, 154, 0, 0
575, 0, 171, 204, 162, 3, 37.84%, 0, 0, 4, 436.05, 241739, 154, 0, 0
580, 0, 171, 204, 162, 3, 37.84%, 0, 0, 4, 417.13, 243843, 154, 0, 0
585, 0, 197, 204, 159, 1, 37.84%, 0, 0, 4, 411.85, 245921, 154, 0, 0
590, 1, 49, 204, 152, 0, 37.84%, 0, 0, 4, 416.91, 248079, 154, 0, 0
595, 1, 104, 211, 150, 0, 37.84%, 0, 0, 4, 422.64, 250245, 154, 0, 0
600, 1, 104, 214, 153, 0, 37.84%, 0, 0, 4, 458.36, 252490, 154, 0, 0
605, 1, 104, 215, 154, 0, 38.08%, 0, 0, 4, 428.29, 254681, 155, 0, 0
610, 1, 104, 217, 156, 0, 38.08%, 0, 0, 4, 428.08, 256863, 155, 0, 0
615, 1, 104, 218, 157, 0, 38.08%, 0, 0, 4, 431.65, 259246, 155, 0, 0
620, 1, 215, 315, 251, 16, 48.40%, 0, 0, 4, 419.22, 261336, 197, 0, 0
625, 1, 237, 316, 246, 10, 48.40%, 0, 0, 4, 445.03, 263617, 197, 0, 0
630, 1, 246, 317, 246, 9, 48.40%, 0, 0, 4, 433.76, 265809, 197, 0, 0
636, 1, 264, 320, 247, 7, 48.40%, 0, 0, 4, 422.63, 267915, 197, 0, 0
641, 1, 275, 321, 246, 5, 48.40%, 0, 0, 4, 403.49, 269918, 197, 0, 0
646, 1, 317, 321, 240, 0, 48.40%, 0, 0, 4, 418.52, 272010, 197, 0, 0
651, 2, 79, 321, 232, 0, 48.40%, 2, 0, 4, 427.72, 274186, 197, 3, 0
656, 2, 110, 321, 225, 0, 48.40%, 3, 0, 4, 455.35, 276449, 197, 4, 0
661, 2, 170, 321, 215, 0, 48.40%, 4, 0, 4, 422.59, 278608, 197, 5, 0
666, 2, 197, 322, 209, 0, 48.40%, 4, 0, 5, 477.49, 281007, 197, 5, 0
671, 2, 215, 322, 204, 0, 48.40%, 4, 0, 5, 407.29, 283040, 197, 5, 0
676, 2, 241, 325, 203, 0, 48.40%, 4, 0, 5, 437.69, 285280, 197, 5, 0
681, 2, 264, 326, 200, 0, 48.40%, 4, 0, 5, 398.15, 287206, 197, 5, 0
686, 2, 301, 327, 196, 0, 48.40%, 4, 0, 5, 434.14, 289397, 197, 5, 0
691, 2, 321, 328, 192, 0, 48.65%, 5, 0, 6, 427.13, 291575, 198, 6, 0
696, 2, 327, 329, 192, 1, 48.89%, 5, 0, 7, 404.77, 293603, 199, 7, 0
701, 3, 336, 337, 196, 1, 49.14%, 5, 0, 7, 380.40, 295554, 200, 7, 0
707, 4, 79, 337, 191, 0, 49.14%, 5, 0, 7, 411.14, 297718, 200, 9, 0
712, 4, 129, 337, 179, 0, 49.14%, 5, 0, 7, 422.44, 299867, 200, 11, 0
717, 4, 177, 337, 170, 0, 49.14%, 5, 0, 7, 413.94, 302003, 200, 11, 0
722, 4, 208, 337, 163, 0, 49.14%, 5, 0, 7, 423.03, 304133, 200, 11, 0
727, 4, 245, 337, 157, 0, 49.14%, 5, 0, 7, 409.85, 306219, 200, 11, 0
732, 4, 267, 337, 151, 0, 49.14%, 5, 0, 7, 426.22, 308363, 200, 11, 0
737, 5, 10, 342, 151, 0, 49.39%, 5, 0, 7, 413.69, 310371, 201, 11, 0
742, 5, 82, 342, 147, 0, 49.39%, 5, 0, 7, 396.05, 312385, 201, 11, 0
747, 5, 165, 342, 140, 0, 49.39%, 5, 0, 7, 380.58, 314363, 201, 11, 0
752, 5, 208, 343, 140, 0, 49.39%, 5, 0, 7, 460.53, 316777, 201, 11, 0
757, 5, 254, 343, 136, 0, 49.39%, 5, 0, 7, 424.56, 318888, 201, 11, 0
763, 5, 292, 343, 130, 0, 49.39%, 5, 0, 7, 440.82, 321174, 201, 11, 0
768, 5, 336, 343, 126, 0, 49.39%, 5, 0, 7, 442.55, 323448, 201, 11, 0
773, 6, 7, 347, 129, 0, 49.39%, 5, 0, 7, 398.20, 325437, 201, 11, 0
778, 6, 98, 347, 124, 0, 49.39%, 5, 0, 7, 433.46, 327714, 201, 11, 0
783, 6, 177, 347, 119, 0, 49.39%, 5, 0, 7, 426.14, 329870, 201, 11, 0
788, 6, 246, 347, 115, 0, 49.39%, 5, 0, 7, 416.01, 331924, 201, 11, 0
793, 6, 293, 347, 109, 0, 49.39%, 5, 0, 7, 452.98, 334150, 201, 11, 0
798, 6, 347, 348, 105, 1, 49.63%, 5, 0, 7, 412.76, 336244, 202, 11, 0
803, 7, 0, 364, 120, 0, 58.48%, 5, 0, 7, 398.12, 338249, 238, 11, 0
808, 7, 353, 371, 124, 4, 58.72%, 5, 0, 7, 424.04, 340414, 239, 11, 0
814, 7, 353, 372, 125, 4, 58.72%, 5, 0, 7, 450.98, 342718, 239, 11, 0
819, 7, 361, 372, 123, 4, 58.72%, 5, 0, 7, 453.91, 345058, 239, 11, 0
824, 7, 367, 373, 123, 3, 58.72%, 5, 0, 7, 409.45, 346983, 239, 11, 0
829, 7, 370, 383, 131, 2, 58.97%, 5, 0, 7, 417.69, 349124, 240, 11, 0
834, 7, 370, 391, 139, 2, 58.97%, 5, 0, 7, 417.55, 351204, 240, 11, 0
839, 7, 370, 392, 140, 2, 58.97%, 5, 0, 7, 410.18, 353291, 240, 11, 0
844, 7, 370, 392, 140, 2, 58.97%, 5, 0, 7, 420.56, 355419, 240, 11, 0
849, 7, 370, 392, 140, 2, 58.97%, 5, 0, 7, 431.00, 357611, 240, 11, 0
854, 7, 370, 393, 141, 2, 58.97%, 5, 0, 7, 436.46, 359834, 240, 11, 0
859, 7, 370, 394, 142, 2, 58.97%, 5, 0, 7, 450.28, 362097, 240, 11, 0
864, 7, 370, 395, 143, 2, 58.97%, 5, 0, 7, 427.78, 364320, 240, 11, 0
869, 7, 370, 396, 144, 2, 58.97%, 5, 0, 7, 434.33, 366495, 240, 11, 0
874, 7, 370, 397, 145, 2, 58.97%, 5, 0, 7, 428.74, 368734, 240, 11, 0
879, 7, 370, 397, 145, 2, 58.97%, 5, 0, 7, 429.23, 370942, 240, 11, 0
884, 7, 370, 397, 145, 2, 58.97%, 5, 0, 7, 439.39, 373094, 240, 11, 0
889, 7, 370, 397, 145, 2, 58.97%, 5, 0, 7, 403.99, 375038, 240, 11, 0
895, 7, 370, 397, 145, 2, 58.97%, 5, 0, 7, 417.91, 377118, 240, 11, 0
900, 7, 370, 397, 145, 2, 58.97%, 5, 0, 7, 429.56, 379302, 240, 11, 0
905, 7, 370, 397, 145, 2, 58.97%, 5, 0, 7, 417.51, 381422, 240, 11, 0
906, 7, 371, 397, 145, 2, 58.97%, 5, 0, 7, 425.75, 382113, 240, 11, 0
