# relative_time, cycles_done, cur_item, corpus_count, pending_total, pending_favs, map_size, saved_crashes, saved_hangs, max_depth, execs_per_sec, total_execs, edges_found, total_crashes, servers_count
60, 0, 9, 85, 80, 3, 30.96%, 0, 0, 2, 495.95, 27624, 126, 0, 0
65, 0, 9, 87, 82, 3, 30.96%, 0, 0, 2, 486.45, 30143, 126, 0, 0
70, 0, 9, 88, 83, 3, 30.96%, 0, 0, 2, 435.28, 32305, 126, 0, 0
76, 0, 9, 89, 84, 3, 30.96%, 0, 0, 2, 448.96, 34666, 126, 0, 0
81, 0, 9, 89, 84, 3, 30.96%, 0, 0, 2, 453.89, 36904, 126, 0, 0
86, 0, 9, 90, 85, 3, 30.96%, 0, 0, 2, 496.81, 39426, 126, 0, 0
91, 0, 9, 91, 86, 3, 30.96%, 0, 0, 2, 437.65, 41544, 126, 0, 0
96, 0, 9, 91, 86, 3, 30.96%, 0, 0, 2, 453.22, 43889, 126, 0, 0
101, 0, 9, 92, 87, 3, 30.96%, 0, 0, 2, 435.72, 46015, 126, 0, 0
106, 0, 9, 92, 87, 3, 30.96%, 0, 0, 2, 427.42, 48200, 126, 0, 0
111, 0, 9, 94, 89, 3, 30.96%, 0, 0, 2, 447.26, 50508, 126, 0, 0
116, 0, 9, 94, 89, 3, 30.96%, 0, 0, 2, 408.80, 52622, 126, 0, 0
121, 0, 75, 109, 103, 28, 33.91%, 0, 0, 2, 402.21, 54685, 138, 0, 0
126, 0, 95, 111, 97, 19, 34.15%, 0, 0, 3, 422.62, 56835, 139, 0, 0
131, 0, 0, 116, 100, 18, 34.15%, 0, 0, 3, 435.09, 59069, 139, 0, 0
136, 0, 86, 118, 99, 16, 34.40%, 0, 0, 3, 435.14, 61265, 140, 0, 0
142, 0, 108, 131, 111, 16, 35.14%, 0, 0, 3, 447.87, 63548, 143, 0, 0
147, 0, 108, 132, 112, 16, 35.14%, 0, 0, 3, 406.94, 65651, 143, 0, 0
152, 0, 108, 132, 112, 16, 35.14%, 0, 0, 3, 436.99, 67875, 143, 0, 0
157, 0, 108, 135, 115, 16, 35.14%, 0, 0, 3, 412.36, 69952, 143, 0, 0
162, 0, 108, 135, 115, 16, 35.14%, 0, 0, 3, 418.62, 72056, 143, 0, 0
167, 0, 108, 136, 116, 16, 35.14%, 0, 0, 3, 428.59, 74191, 143, 0, 0
172, 0, 59, 138, 115, 15, 35.14%, 0, 0, 3, 430.46, 76412, 143, 0, 0
177, 0, 27, 140, 114, 12, 35.14%, 0, 0, 3, 427.76, 78564, 143, 0, 0
182, 0, 102, 140, 113, 11, 35.14%, 0, 0, 3, 397.00, 80571, 143, 0, 0
187, 0, 102, 140, 113, 11, 35.14%, 0, 0, 3, 365.70, 82398, 143, 0, 0
192, 0, 102, 140, 113, 11, 35.14%, 0, 0, 3, 387.11, 84379, 143, 0, 0
197, 0, 48, 140, 111, 9, 35.14%, 0, 0, 3, 449.97, 86601, 143, 0, 0
202, 0, 89, 146, 116, 8, 35.14%, 0, 0, 3, 503.35, 89175, 143, 0, 0
208, 0, 89, 146, 116, 8, 35.14%, 0, 0, 3, 443.85, 91475, 143, 0, 0
213, 0, 89, 147, 117, 8, 35.14%, 0, 0, 3, 419.08, 93578, 143, 0, 0
218, 0, 89, 147, 117, 8, 35.14%, 0, 0, 3, 436.00, 95770, 143, 0, 0
223, 0, 89, 149, 119, 8, 35.14%, 0, 0, 3, 424.10, 97992, 143, 0, 0
228, 0, 89, 149, 119, 8, 35.14%, 0, 0, 3, 397.40, 99969, 143, 0, 0
233, 0, 89, 149, 119, 8, 35.14%, 0, 0, 3, 421.31, 102193, 143, 0, 0
238, 0, 89, 149, 119, 8, 35.14%, 0, 0, 3, 396.38, 104185, 143, 0, 0
243, 0, 89, 149, 119, 8, 35.14%, 0, 0, 3, 432.66, 106385, 143, 0, 0
248, 0, 89, 149, 119, 8, 35.14%, 0, 0, 3, 395.87, 108354, 143, 0, 0
254, 0, 89, 149, 119, 8, 35.14%, 0, 0, 3, 387.88, 110209, 143, 0, 0
259, 0, 89, 149, 119, 8, 35.14%, 0, 0, 3, 413.07, 112313, 143, 0, 0
264, 0, 89, 150, 120, 8, 35.14%, 0, 0, 3, 415.64, 114384, 143, 0, 0
269, 0, 89, 150, 120, 8, 35.14%, 0, 0, 3, 440.77, 116600, 143, 0, 0
274, 0, 89, 150, 120, 8, 35.14%, 0, 0, 3, 432.11, 118728, 143, 0, 0
279, 0, 89, 151, 121, 8, 35.14%, 0, 0, 3, 432.95, 120911, 143, 0, 0
284, 0, 89, 151, 121, 8, 35.14%, 0, 0, 3, 432.55, 123055, 143, 0, 0
289, 0, 89, 152, 122, 8, 35.14%, 0, 0, 3, 436.76, 125374, 143, 0, 0
294, 0, 89, 153, 123, 8, 35.14%, 0, 0, 3, 452.91, 127630, 143, 0, 0
299, 0, 89, 153, 123, 8, 35.14%, 0, 0, 3, 415.39, 129637, 143, 0, 0
304, 0, 89, 153, 123, 8, 35.14%, 0, 0, 3, 431.41, 131773, 143, 0, 0
309, 0, 89, 153, 123, 8, 35.14%, 0, 0, 3, 440.35, 133933, 143, 0, 0
314, 0, 89, 153, 123, 8, 35.14%, 0, 0, 3, 421.11, 136037, 143, 0, 0
319, 0, 89, 153, 123, 8, 35.14%, 0, 0, 3, 436.48, 138245, 143, 0, 0
325, 0, 96, 153, 116, 3, 35.14%, 0, 0, 3, 416.61, 140358, 143, 0, 0
330, 0, 80, 157, 119, 2, 35.14%, 0, 0, 3, 429.37, 142515, 143, 0, 0
335, 0, 80, 161, 123, 2, 35.14%, 0, 0, 3, 450.65, 144841, 143, 0, 0
340, 0, 80, 162, 124, 2, 35.14%, 0, 0, 3, 412.37, 146942, 143, 0, 0
345, 0, 80, 164, 126, 2, 35.14%, 0, 0, 3, 385.44, 148970, 143, 0, 0
350, 0, 80, 164, 126, 2, 35.14%, 0, 0, 3, 418.21, 151116, 143, 0, 0
355, 0, 80, 164, 126, 2, 35.14%, 0, 0, 3, 452.18, 153420, 143, 0, 0
360, 0, 80, 164, 126, 2, 35.14%, 0, 0, 3, 452.79, 155698, 143, 0, 0
365, 0, 80, 164, 126, 2, 35.14%, 0, 0, 3, 431.83, 157828, 143, 0, 0
370, 0, 80, 164, 126, 2, 35.14%, 0, 0, 3, 437.82, 160084, 143, 0, 0
375, 0, 80, 164, 126, 2, 35.14%, 0, 0, 3, 443.12, 162316, 143, 0, 0
381, 0, 80, 164, 126, 2, 35.14%, 0, 0, 3, 427.28, 164476, 143, 0, 0
386, 0, 80, 164, 126, 2, 35.14%, 0, 0, 3, 425.28, 166588, 143, 0, 0
391, 0, 80, 164, 126, 2, 35.14%, 0, 0, 3, 443.27, 168836, 143, 0, 0
396, 0, 80, 164, 126, 2, 35.14%, 0, 0, 3, 416.71, 170980, 143, 0, 0
401, 0, 80, 164, 126, 2, 35.14%, 0, 0, 3, 411.12, 173052, 143, 0, 0
406, 0, 80, 164, 126, 2, 35.14%, 0, 0, 3, 428.93, 175204, 143, 0, 0
411, 0, 80, 164, 126, 2, 35.14%, 0, 0, 3, 439.49, 177396, 143, 0, 0
416, 0, 80, 164, 126, 2, 35.14%, 0, 0, 3, 403.83, 179412, 143, 0, 0
421, 0, 155, 167, 125, 0, 35.14%, 0, 0, 4, 425.97, 181602, 143, 0, 0
426, 0, 155, 169, 127, 0, 35.14%, 0, 0, 4, 455.80, 183928, 143, 0, 0
431, 0, 155, 172, 130, 0, 35.14%, 0, 0, 4, 443.54, 186173, 143, 0, 0
436, 0, 155, 172, 130, 0, 35.14%, 0, 0, 4, 455.22, 188478, 143, 0, 0
442, 0, 141, 172, 129, 0, 35.14%, 0, 0, 4, 422.33, 190583, 143, 0, 0
447, 0, 61, 173, 126, 0, 35.14%, 0, 0, 5, 412.98, 192668, 143, 0, 0
452, 0, 172, 176, 125, 0, 35.14%, 0, 0, 6, 416.20, 194756, 143, 0, 0
457, 0, 172, 177, 126, 0, 35.14%, 0, 0, 6, 455.47, 197107, 143, 0, 0
462, 0, 178, 179, 126, 1, 36.61%, 0, 0, 6, 447.69, 199407, 149, 0, 0
467, 0, 193, 197, 143, 6, 44.23%, 0, 0, 6, 440.01, 201612, 180, 0, 0
472, 0, 182, 204, 148, 5, 44.72%, 0, 0, 6, 446.72, 203891, 182, 0, 0
477, 0, 181, 204, 146, 6, 44.72%, 0, 0, 6, 420.50, 206059, 182, 0, 0
482, 0, 204, 205, 145, 5, 44.96%, 0, 0, 6, 418.12, 208209, 183, 0, 0
487, 0, 202, 205, 144, 4, 44.96%, 0, 0, 6, 448.33, 210471, 183, 0, 0
493, 0, 198, 205, 142, 3, 44.96%, 0, 0, 6, 443.42, 212692, 183, 0, 0
498, 0, 183, 233, 169, 2, 45.21%, 0, 0, 6, 460.28, 215029, 184, 0, 0
503, 0, 208, 235, 169, 3, 45.45%, 0, 0, 6, 451.82, 217293, 185, 0, 0
508, 0, 208, 236, 170, 3, 45.45%, 0, 0, 6, 460.12, 219580, 185, 0, 0
513, 0, 219, 236, 167, 2, 45.45%, 0, 0, 6, 428.35, 221727, 185, 0, 0
518, 0, 219, 236, 167, 2, 45.45%, 0, 0, 6, 401.92, 223801, 185, 0, 0
523, 0, 196, 236, 164, 1, 45.45%, 0, 0, 6, 420.47, 225899, 185, 0, 0
528, 0, 23, 236, 161, 0, 45.45%, 0, 0, 6, 422.42, 228000, 185, 0, 0
533, 0, 233, 236, 158, 0, 45.45%, 0, 0, 6, 442.35, 230290, 185, 0, 0
538, 0, 167, 236, 158, 0, 45.45%, 0, 0, 6, 432.09, 232491, 185, 0, 0
543, 0, 169, 237, 155, 0, 45.45%, 0, 0, 6, 432.18, 234599, 185, 0, 0
548, 0, 187, 237, 155, 0, 45.45%, 0, 0, 6, 421.32, 236687, 185, 0, 0
554, 0, 169, 240, 157, 0, 45.45%, 0, 0, 6, 434.98, 238884, 185, 0, 0
559, 0, 169, 240, 157, 0, 45.45%, 0, 0, 6, 400.05, 240844, 185, 0, 0
564, 0, 97, 240, 156, 0, 45.45%, 0, 0, 6, 417.49, 243036, 185, 0, 0
569, 0, 240, 241, 156, 1, 45.70%, 0, 0, 6, 423.22, 245167, 186, 0, 0
574, 0, 218, 242, 155, 0, 45.95%, 0, 0, 6, 423.44, 247343, 187, 0, 0
579, 0, 3, 242, 153, 0, 45.95%, 0, 0, 6, 452.49, 249543, 187, 0, 0
584, 0, 55, 242, 150, 0, 45.95%, 0, 0, 6, 440.65, 251716, 187, 0, 0
589, 0, 236, 244, 150, 0, 45.95%, 0, 0, 6, 421.45, 253793, 187, 0, 0
594, 0, 236, 246, 152, 0, 45.95%, 0, 0, 6, 428.39, 255951, 187, 0, 0
599, 0, 236, 246, 152, 0, 45.95%, 0, 0, 6, 429.98, 258095, 187, 0, 0
604, 0, 104, 246, 152, 0, 45.95%, 0, 0, 6, 420.70, 260175, 187, 0, 0
609, 0, 207, 246, 149, 0, 45.95%, 0, 0, 6, 442.58, 262443, 187, 0, 0
614, 0, 229, 246, 148, 0, 45.95%, 0, 0, 6, 432.42, 264593, 187, 0, 0
619, 0, 211, 246, 145, 0, 45.95%, 0, 0, 6, 415.36, 266655, 187, 0, 0
625, 0, 69, 246, 142, 0, 45.95%, 0, 0, 6, 447.49, 268923, 187, 0, 0
630, 0, 198, 246, 138, 0, 45.95%, 0, 0, 6, 409.34, 271007, 187, 0, 0
635, 0, 203, 246, 136, 0, 45.95%, 0, 0, 6, 374.83, 272847, 187, 0, 0
640, 0, 236, 247, 137, 0, 45.95%, 0, 0, 6, 402.26, 274907, 187, 0, 0
645, 0, 30, 247, 136, 0, 45.95%, 0, 0, 6, 403.18, 276987, 187, 0, 0
650, 0, 236, 247, 133, 0, 45.95%, 0, 0, 6, 408.22, 279077, 187, 0, 0
655, 0, 169, 247, 129, 0, 45.95%, 0, 0, 6, 458.82, 281462, 187, 0, 0
660, 0, 212, 247, 128, 0, 45.95%, 0, 0, 6, 423.82, 283530, 187, 0, 0
665, 0, 31, 247, 125, 0, 45.95%, 0, 0, 6, 427.75, 285701, 187, 0, 0
670, 1, 205, 247, 120, 0, 45.95%, 0, 0, 6, 417.23, 287864, 187, 0, 0
675, 1, 7, 247, 117, 0, 45.95%, 0, 0, 6, 435.57, 290099, 187, 0, 0
681, 1, 247, 250, 119, 2, 46.93%, 0, 0, 6, 414.52, 292160, 191, 0, 0
686, 1, 236, 250, 116, 0, 46.93%, 0, 0, 6, 459.67, 294525, 191, 0, 0
691, 1, 166, 251, 113, 0, 46.93%, 0, 0, 6, 454.91, 296800, 191, 0, 0
696, 1, 200, 251, 111, 0, 46.93%, 0, 0, 6, 445.74, 299067, 191, 0, 0
701, 1, 105, 253, 111, 0, 47.17%, 0, 0, 6, 425.18, 301228, 192, 0, 0
706, 1, 105, 256, 114, 0, 47.17%, 0, 0, 6, 398.03, 303213, 192, 0, 0
711, 1, 251, 256, 112, 1, 47.17%, 0, 0, 6, 428.37, 305426, 192, 0, 0
716, 1, 184, 256, 107, 0, 47.17%, 0, 0, 6, 499.01, 308121, 192, 0, 0
721, 1, 136, 256, 106, 0, 47.17%, 0, 0, 6, 447.31, 310270, 192, 0, 0
726, 1, 35, 256, 103, 0, 47.17%, 0, 0, 6, 447.10, 312636, 192, 0, 0
731, 1, 254, 256, 101, 0, 47.17%, 0, 0, 6, 421.57, 314801, 192, 0, 0
736, 1, 219, 257, 99, 0, 47.17%, 0, 0, 6, 447.69, 317059, 192, 0, 0
741, 1, 107, 257, 95, 0, 47.17%, 0, 0, 6, 446.16, 319296, 192, 0, 0
747, 1, 221, 258, 93, 0, 47.17%, 0, 0, 6, 404.95, 321285, 192, 0, 0
752, 1, 113, 258, 88, 0, 47.17%, 0, 0, 6, 481.86, 323797, 192, 0, 0
757, 1, 152, 258, 86, 0, 47.17%, 0, 0, 6, 419.99, 325892, 192, 0, 0
762, 1, 173, 258, 84, 0, 47.17%, 0, 0, 6, 414.86, 327989, 192, 0, 0
767, 1, 194, 258, 80, 0, 47.17%, 0, 0, 6, 412.41, 330161, 192, 0, 0
772, 1, 216, 258, 79, 0, 47.17%, 0, 0, 6, 433.76, 332444, 192, 0, 0
777, 1, 206, 258, 78, 0, 47.17%, 0, 0, 6, 448.85, 334753, 192, 0, 0
782, 1, 173, 258, 76, 0, 47.17%, 0, 0, 6, 444.03, 336992, 192, 0, 0
787, 1, 50, 258, 72, 0, 47.17%, 0, 0, 6, 448.62, 339378, 192, 0, 0
792, 1, 220, 258, 70, 0, 47.17%, 0, 0, 6, 431.37, 341637, 192, 0, 0
797, 1, 199, 258, 68, 0, 47.17%, 0, 0, 6, 445.14, 343816, 192, 0, 0
803, 1, 252, 258, 65, 0, 47.17%, 0, 0, 6, 444.94, 346074, 192, 0, 0
808, 1, 222, 258, 63, 0, 47.17%, 0, 0, 6, 439.35, 348184, 192, 0, 0
813, 1, 258, 259, 62, 1, 47.17%, 0, 0, 6, 441.81, 350426, 192, 0, 0
818, 1, 227, 259, 60, 0, 47.17%, 0, 0, 6, 445.34, 352670, 192, 0, 0
823, 1, 213, 259, 57, 0, 47.17%, 0, 0, 6, 421.91, 354749, 192, 0, 0
828, 1, 224, 259, 56, 0, 47.17%, 0, 0, 6, 455.76, 357061, 192, 0, 0
833, 1, 20, 260, 52, 0, 47.17%, 0, 0, 6, 460.59, 359466, 192, 0, 0
838, 1, 215, 260, 50, 0, 47.17%, 0, 0, 6, 459.51, 361719, 192, 0, 0
843, 1, 165, 260, 48, 0, 47.17%, 0, 0, 6, 478.96, 364108, 192, 0, 0
848, 1, 152, 263, 50, 0, 47.42%, 0, 0, 6, 480.90, 366553, 193, 0, 0
853, 1, 214, 263, 49, 0, 47.42%, 0, 0, 6, 433.07, 368667, 193, 0, 0
858, 1, 217, 263, 46, 0, 47.42%, 0, 0, 6, 478.60, 371043, 193, 0, 0
863, 1, 169, 263, 44, 0, 47.42%, 0, 0, 6, 456.42, 373347, 193, 0, 0
869, 1, 262, 267, 48, 0, 47.42%, 0, 0, 6, 437.12, 375667, 193, 0, 0
874, 1, 201, 267, 45, 0, 47.42%, 0, 0, 6, 432.96, 377883, 193, 0, 0
879, 1, 232, 267, 44, 0, 47.42%, 0, 0, 6, 423.01, 380119, 193, 0, 0
884, 1, 113, 267, 43, 0, 47.42%, 0, 0, 6, 423.74, 382316, 193, 0, 0
889, 1, 233, 267, 41, 0, 47.42%, 0, 0, 6, 444.73, 384557, 193, 0, 0
894, 1, 99, 268, 40, 0, 47.42%, 0, 0, 6, 410.71, 386650, 193, 0, 0
899, 1, 260, 271, 42, 0, 47.91%, 0, 0, 6, 426.16, 388886, 195, 0, 0
904, 1, 260, 271, 42, 0, 47.91%, 0, 0, 6, 412.66, 390966, 195, 0, 0
904, 1, 260, 271, 42, 0, 47.91%, 0, 0, 6, 35.71, 390967, 195, 0, 0
