# relative_time, cycles_done, cur_item, corpus_count, pending_total, pending_favs, map_size, saved_crashes, saved_hangs, max_depth, execs_per_sec, total_execs, edges_found, total_crashes, servers_count
60, 0, 9, 64, 59, 4, 30.22%, 0, 0, 2, 458.73, 26253, 123, 0, 0
65, 0, 9, 65, 60, 4, 30.22%, 0, 0, 2, 436.41, 28493, 123, 0, 0
70, 0, 9, 66, 61, 4, 30.22%, 0, 0, 2, 464.64, 30902, 123, 0, 0
76, 0, 9, 67, 62, 4, 30.47%, 0, 0, 2, 429.27, 32987, 124, 0, 0
81, 0, 9, 67, 62, 4, 30.47%, 0, 0, 2, 468.78, 35418, 124, 0, 0
86, 0, 9, 67, 62, 4, 30.47%, 0, 0, 2, 446.02, 37675, 124, 0, 0
91, 0, 9, 68, 63, 4, 30.47%, 0, 0, 2, 428.45, 39842, 124, 0, 0
96, 0, 9, 69, 64, 4, 30.47%, 0, 0, 2, 418.38, 41953, 124, 0, 0
101, 0, 9, 69, 64, 4, 30.47%, 0, 0, 2, 426.70, 44113, 124, 0, 0
106, 0, 9, 70, 65, 4, 30.47%, 0, 0, 2, 447.21, 46464, 124, 0, 0
111, 0, 9, 71, 66, 4, 30.71%, 0, 0, 2, 455.72, 48730, 125, 0, 0
116, 0, 9, 71, 66, 4, 30.71%, 0, 0, 2, 437.50, 50911, 125, 0, 0
121, 0, 9, 71, 66, 4, 30.71%, 0, 0, 2, 438.30, 53087, 125, 0, 0
126, 0, 9, 179, 173, 3, 44.72%, 0, 0, 2, 401.45, 55114, 182, 0, 0
131, 0, 71, 198, 184, 32, 44.96%, 0, 0, 2, 420.94, 57321, 183, 0, 0
137, 0, 120, 198, 183, 31, 44.96%, 0, 0, 2, 407.99, 59358, 183, 0, 0
142, 0, 120, 198, 183, 31, 44.96%, 0, 0, 2, 385.47, 61272, 183, 0, 0
147, 0, 120, 198, 183, 31, 44.96%, 0, 0, 2, 370.61, 63107, 183, 0, 0
152, 0, 0, 198, 182, 30, 44.96%, 0, 0, 2, 390.72, 65077, 183, 0, 0
157, 0, 92, 199, 182, 30, 45.45%, 0, 0, 2, 433.19, 67256, 185, 0, 0
162, 0, 15, 200, 181, 28, 45.45%, 0, 0, 2, 425.87, 69409, 185, 0, 0
167, 0, 170, 202, 181, 26, 45.45%, 0, 0, 2, 446.12, 71669, 185, 0, 0
172, 0, 170, 207, 186, 26, 45.45%, 0, 0, 2, 450.62, 73946, 185, 0, 0
177, 0, 170, 212, 191, 26, 45.45%, 0, 0, 2, 419.36, 76021, 185, 0, 0
182, 0, 170, 214, 193, 26, 45.45%, 0, 0, 2, 385.77, 77974, 185, 0, 0
187, 0, 170, 216, 195, 26, 45.45%, 0, 0, 2, 441.62, 80225, 185, 0, 0
192, 0, 170, 216, 195, 26, 45.45%, 0, 0, 2, 408.33, 82321, 185, 0, 0
197, 0, 170, 219, 198, 26, 45.45%, 0, 0, 2, 437.78, 84534, 185, 0, 0
202, 0, 170, 223, 202, 26, 45.45%, 0, 0, 2, 448.97, 86850, 185, 0, 0
207, 0, 170, 224, 203, 26, 45.45%, 0, 0, 2, 444.51, 89097, 185, 0, 0
213, 0, 170, 224, 203, 26, 45.45%, 0, 0, 2, 456.24, 91490, 185, 0, 0
218, 0, 170, 224, 203, 26, 45.45%, 0, 0, 2, 474.43, 93956, 185, 0, 0
223, 0, 170, 225, 204, 26, 46.44%, 0, 0, 2, 426.40, 96112, 189, 0, 0
228, 0, 170, 226, 205, 26, 46.44%, 0, 0, 2, 434.57, 98399, 189, 0, 0
233, 0, 124, 227, 205, 26, 46.44%, 0, 0, 2, 430.34, 100630, 189, 0, 0
238, 0, 193, 227, 202, 23, 46.44%, 0, 0, 2, 431.57, 102859, 189, 0, 0
243, 0, 83, 228, 201, 22, 46.68%, 0, 0, 2, 468.28, 105185, 190, 0, 0
248, 0, 104, 229, 200, 20, 46.68%, 0, 0, 2, 460.27, 107572, 190, 0, 0
253, 0, 225, 229, 197, 17, 46.68%, 0, 0, 2, 447.26, 109766, 190, 0, 0
259, 0, 225, 241, 209, 17, 47.42%, 0, 0, 3, 462.21, 112174, 193, 0, 0
264, 0, 225, 241, 209, 17, 47.42%, 0, 0, 3, 461.92, 114514, 193, 0, 0
269, 0, 225, 243, 211, 17, 47.42%, 0, 0, 3, 431.28, 116734, 193, 0, 0
274, 0, 225, 247, 215, 17, 47.42%, 0, 0, 3, 507.46, 119271, 193, 0, 0
279, 0, 134, 247, 213, 17, 47.42%, 0, 0, 3, 431.85, 121438, 193, 0, 0
284, 0, 82, 249, 213, 15, 47.42%, 0, 0, 3, 491.92, 123952, 193, 0, 0
289, 0, 64, 250, 212, 13, 47.42%, 0, 0, 4, 443.19, 126112, 193, 0, 0
294, 0, 212, 250, 208, 9, 47.42%, 0, 0, 4, 444.73, 128307, 193, 0, 0
299, 0, 241, 252, 206, 6, 47.42%, 0, 0, 4, 423.79, 130478, 193, 0, 0
304, 0, 241, 255, 209, 6, 47.42%, 0, 0, 4, 393.91, 132466, 193, 0, 0
309, 0, 241, 255, 209, 6, 47.42%, 0, 0, 4, 421.74, 134619, 193, 0, 0
314, 0, 241, 256, 210, 6, 47.42%, 0, 0, 4, 405.77, 136666, 193, 0, 0
319, 0, 39, 256, 207, 3, 47.42%, 0, 0, 4, 476.77, 139091, 193, 0, 0
324, 0, 105, 257, 204, 0, 47.42%, 0, 0, 4, 451.66, 141361, 193, 0, 0
330, 0, 244, 257, 203, 0, 47.42%, 0, 0, 4, 438.95, 143622, 193, 0, 0
335, 0, 251, 257, 201, 0, 47.42%, 0, 0, 4, 402.17, 145690, 193, 0, 0
340, 0, 73, 258, 199, 0, 47.42%, 0, 0, 4, 427.00, 147840, 193, 0, 0
345, 0, 180, 258, 197, 0, 47.42%, 0, 0, 4, 437.26, 149934, 193, 0, 0
350, 0, 258, 259, 196, 1, 47.67%, 0, 0, 4, 444.04, 152173, 194, 0, 0
355, 0, 196, 260, 194, 0, 47.67%, 0, 0, 4, 526.25, 154767, 194, 0, 0
360, 0, 80, 260, 192, 0, 47.67%, 0, 0, 4, 475.93, 157091, 194, 0, 0
365, 0, 183, 260, 189, 0, 47.67%, 0, 0, 4, 451.80, 159437, 194, 0, 0
370, 0, 244, 260, 187, 0, 47.67%, 0, 0, 4, 445.79, 161691, 194, 0, 0
375, 0, 55, 260, 185, 0, 47.67%, 0, 0, 4, 453.83, 164006, 194, 0, 0
381, 0, 134, 262, 185, 0, 47.67%, 0, 0, 4, 487.60, 166476, 194, 0, 0
386, 0, 163, 262, 184, 0, 47.67%, 0, 0, 4, 461.12, 168817, 194, 0, 0
391, 0, 117, 262, 182, 0, 47.67%, 0, 0, 4, 434.59, 170981, 194, 0, 0
396, 0, 137, 262, 178, 0, 47.67%, 0, 0, 4, 435.38, 173196, 194, 0, 0
401, 0, 149, 262, 177, 0, 47.67%, 0, 0, 4, 437.08, 175435, 194, 0, 0
406, 0, 227, 262, 174, 0, 47.67%, 0, 0, 4, 405.66, 177468, 194, 0, 0
411, 0, 262, 263, 174, 1, 47.91%, 0, 0, 4, 397.12, 179521, 195, 0, 0
416, 0, 184, 264, 173, 0, 47.91%, 0, 0, 4, 452.06, 181911, 195, 0, 0
421, 0, 92, 264, 169, 0, 47.91%, 0, 0, 4, 410.38, 184001, 195, 0, 0
427, 0, 32, 264, 167, 0, 47.91%, 0, 0, 4, 470.10, 186412, 195, 0, 0
432, 0, 230, 264, 165, 0, 47.91%, 0, 0, 4, 450.45, 188759, 195, 0, 0
437, 0, 241, 265, 163, 0, 47.91%, 0, 0, 4, 443.88, 190975, 195, 0, 0
442, 0, 110, 265, 162, 0, 47.91%, 0, 0, 4, 430.69, 193121, 195, 0, 0
447, 0, 14, 265, 159, 0, 47.91%, 0, 0, 4, 422.54, 195343, 195, 0, 0
452, 0, 190, 265, 158, 0, 47.91%, 0, 0, 4, 463.33, 197724, 195, 0, 0
457, 1, 265, 266, 156, 1, 48.16%, 0, 0, 4, 427.95, 199826, 196, 0, 0
462, 1, 266, 267, 155, 1, 48.16%, 0, 0, 4, 419.62, 201951, 196, 0, 0
467, 1, 259, 273, 157, 0, 48.16%, 0, 0, 4, 451.61, 204279, 196, 0, 0
472, 1, 259, 276, 160, 0, 48.16%, 0, 0, 4, 455.50, 206564, 196, 0, 0
477, 1, 259, 279, 163, 0, 48.16%, 0, 0, 4, 463.03, 208934, 196, 0, 0
482, 1, 232, 281, 164, 0, 48.16%, 0, 0, 4, 458.17, 211207, 196, 0, 0
487, 1, 209, 283, 164, 0, 48.16%, 0, 0, 4, 442.39, 213524, 196, 0, 0
492, 1, 95, 284, 161, 0, 48.16%, 0, 0, 4, 444.06, 215764, 196, 0, 0
497, 1, 35, 284, 155, 0, 48.16%, 0, 0, 4, 460.21, 218012, 196, 0, 0
503, 1, 127, 285, 152, 0, 48.16%, 0, 0, 4, 433.87, 220175, 196, 0, 0
508, 1, 153, 285, 146, 0, 48.16%, 0, 0, 4, 452.16, 222423, 196, 0, 0
513, 1, 247, 285, 144, 0, 48.16%, 0, 0, 4, 422.98, 224528, 196, 0, 0
518, 1, 278, 285, 142, 0, 48.16%, 0, 0, 4, 396.74, 226524, 196, 0, 0
523, 1, 139, 285, 138, 0, 48.16%, 0, 0, 4, 427.61, 228761, 196, 0, 0
528, 1, 123, 285, 135, 0, 48.16%, 0, 0, 4, 424.33, 230915, 196, 0, 0
533, 1, 71, 285, 133, 0, 48.16%, 0, 0, 4, 427.49, 233046, 196, 0, 0
538, 1, 90, 285, 129, 0, 48.16%, 0, 0, 4, 410.02, 235130, 196, 0, 0
543, 1, 58, 285, 125, 0, 48.16%, 0, 0, 4, 398.09, 237199, 196, 0, 0
548, 1, 154, 285, 123, 0, 48.16%, 0, 0, 4, 464.79, 239627, 196, 0, 0
553, 1, 179, 285, 119, 0, 48.16%, 0, 0, 4, 506.36, 242194, 196, 0, 0
558, 1, 86, 285, 117, 0, 48.16%, 0, 0, 4, 443.16, 244366, 196, 0, 0
563, 1, 84, 285, 114, 0, 48.16%, 0, 0, 4, 417.08, 246476, 196, 0, 0
568, 1, 286, 287, 114, 0, 48.16%, 0, 0, 4, 427.72, 248638, 196, 0, 0
573, 1, 257, 288, 112, 0, 48.16%, 0, 0, 4, 406.42, 250729, 196, 0, 0
579, 1, 285, 288, 110, 0, 48.16%, 0, 0, 4, 443.18, 252988, 196, 0, 0
584, 1, 197, 288, 107, 0, 48.16%, 0, 0, 4, 428.20, 255159, 196, 0, 0
589, 1, 275, 291, 108, 0, 48.16%, 0, 0, 4, 455.69, 257520, 196, 0, 0
594, 1, 275, 294, 111, 0, 48.16%, 0, 0, 4, 444.01, 259753, 196, 0, 0
599, 1, 275, 294, 111, 0, 48.16%, 0, 0, 4, 454.12, 262030, 196, 0, 0
604, 1, 275, 296, 113, 0, 48.16%, 0, 0, 4, 431.77, 264175, 196, 0, 0
609, 1, 275, 296, 113, 0, 48.16%, 0, 0, 4, 410.18, 266247, 196, 0, 0
614, 1, 290, 296, 111, 0, 48.16%, 0, 0, 4, 422.58, 268397, 196, 0, 0
619, 1, 290, 297, 112, 0, 48.16%, 0, 0, 5, 427.08, 270534, 196, 0, 0
624, 1, 208, 298, 111, 0, 48.16%, 0, 0, 5, 408.20, 272602, 196, 0, 0
629, 1, 44, 298, 106, 0, 48.16%, 0, 0, 5, 459.83, 274992, 196, 0, 0
634, 1, 194, 298, 101, 0, 48.16%, 0, 0, 5, 453.38, 277303, 196, 0, 0
639, 1, 254, 298, 97, 0, 48.16%, 0, 0, 5, 436.48, 279525, 196, 0, 0
644, 1, 261, 298, 95, 0, 48.16%, 0, 0, 5, 445.30, 281768, 196, 0, 0
650, 1, 271, 300, 94, 0, 48.40%, 0, 0, 5, 439.83, 283997, 197, 0, 0
655, 1, 295, 301, 94, 0, 48.40%, 0, 0, 5, 442.65, 286172, 197, 0, 0
660, 1, 294, 302, 90, 0, 48.40%, 0, 0, 5, 487.74, 288806, 197, 0, 0
665, 1, 7, 302, 89, 0, 48.40%, 0, 0, 5, 437.81, 290976, 197, 0, 0
670, 1, 121, 302, 85, 0, 48.40%, 0, 0, 5, 429.06, 293139, 197, 0, 0
675, 1, 138, 302, 81, 0, 48.40%, 0, 0, 5, 453.35, 295376, 197, 0, 0
680, 1, 120, 302, 78, 0, 48.40%, 0, 0, 5, 448.39, 297627, 197, 0, 0
685, 1, 275, 302, 76, 0, 48.40%, 0, 0, 5, 431.13, 299819, 197, 0, 0
690, 1, 168, 303, 75, 0, 48.65%, 0, 0, 5, 416.57, 301880, 198, 0, 0
695, 1, 300, 303, 73, 0, 48.65%, 0, 0, 5, 452.87, 304090, 198, 0, 0
700, 1, 198, 303, 71, 0, 48.65%, 0, 0, 5, 418.86, 306204, 198, 0, 0
705, 1, 200, 304, 68, 0, 48.65%, 0, 0, 5, 441.06, 308461, 198, 0, 0
710, 1, 264, 304, 65, 0, 48.65%, 0, 0, 5, 462.56, 310666, 198, 0, 0
716, 1, 288, 305, 64, 0, 48.65%, 0, 0, 5, 431.00, 312807, 198, 0, 0
721, 1, 266, 305, 63, 0, 48.65%, 0, 0, 5, 422.67, 314927, 198, 0, 0
726, 1, 87, 305, 61, 0, 48.65%, 0, 0, 5, 415.99, 316975, 198, 0, 0
731, 1, 303, 305, 59, 0, 48.65%, 0, 0, 5, 404.07, 319071, 198, 0, 0
736, 1, 189, 305, 59, 0, 48.65%, 0, 0, 5, 415.59, 321122, 198, 0, 0
741, 1, 144, 305, 56, 0, 48.65%, 0, 0, 5, 429.25, 323315, 198, 0, 0
746, 1, 185, 306, 55, 0, 48.65%, 0, 0, 6, 409.36, 325339, 198, 0, 0
751, 1, 187, 312, 57, 0, 49.39%, 0, 0, 6, 406.31, 327399, 201, 0, 0
756, 2, 349, 359, 104, 10, 50.86%, 0, 0, 6, 381.03, 329360, 207, 0, 0
761, 2, 349, 360, 105, 10, 50.86%, 0, 0, 6, 441.38, 331714, 207, 0, 0
766, 2, 306, 360, 103, 8, 50.86%, 0, 0, 6, 433.34, 333902, 207, 0, 0
772, 2, 346, 360, 100, 5, 50.86%, 0, 0, 6, 438.53, 336159, 207, 0, 0
777, 2, 328, 360, 96, 3, 50.86%, 0, 0, 6, 476.67, 338591, 207, 0, 0
782, 2, 76, 360, 94, 2, 50.86%, 0, 0, 6, 449.60, 340738, 207, 0, 0
787, 2, 78, 360, 91, 1, 50.86%, 0, 0, 6, 424.79, 342895, 207, 0, 0
792, 2, 14, 360, 88, 0, 50.86%, 0, 0, 6, 432.47, 345047, 207, 0, 0
797, 2, 274, 360, 86, 0, 50.86%, 0, 0, 6, 446.48, 347404, 207, 0, 0
802, 2, 203, 360, 83, 0, 50.86%, 0, 0, 6, 420.18, 349533, 207, 0, 0
807, 2, 148, 361, 81, 0, 50.86%, 0, 0, 6, 432.83, 351659, 207, 0, 0
812, 2, 294, 361, 79, 0, 50.86%, 0, 0, 6, 402.31, 353733, 207, 0, 0
817, 2, 358, 363, 81, 0, 50.86%, 0, 0, 6, 437.59, 355931, 207, 0, 0
822, 2, 177, 363, 79, 0, 50.86%, 1, 0, 6, 450.22, 358208, 207, 2, 0
827, 2, 309, 363, 78, 0, 50.86%, 1, 0, 6, 416.86, 360279, 207, 3, 0
832, 2, 310, 363, 75, 0, 50.86%, 1, 0, 6, 493.28, 362788, 207, 3, 0
837, 2, 355, 363, 72, 0, 50.86%, 1, 0, 6, 449.17, 365079, 207, 3, 0
842, 2, 362, 363, 70, 0, 50.86%, 1, 0, 6, 453.51, 367361, 207, 3, 0
847, 2, 294, 363, 67, 0, 50.86%, 1, 0, 6, 423.61, 369503, 207, 3, 0
852, 2, 321, 363, 65, 0, 50.86%, 2, 0, 6, 460.20, 371845, 207, 4, 0
857, 2, 262, 363, 62, 0, 50.86%, 2, 0, 6, 478.99, 374289, 207, 4, 0
863, 2, 292, 363, 60, 0, 50.86%, 2, 0, 6, 454.03, 376547, 207, 4, 0
868, 2, 27, 363, 57, 0, 50.86%, 2, 0, 6, 444.08, 378859, 207, 4, 0
873, 2, 302, 363, 53, 0, 50.86%, 2, 0, 6, 441.83, 381165, 207, 4, 0
878, 2, 361, 363, 52, 0, 50.86%, 2, 0, 6, 465.92, 383522, 207, 4, 0
883, 2, 330, 364, 50, 0, 50.86%, 2, 0, 6, 464.68, 385898, 207, 4, 0
888, 2, 294, 364, 48, 0, 50.86%, 2, 0, 6, 441.10, 388175, 207, 4, 0
893, 2, 313, 364, 47, 0, 50.86%, 2, 0, 6, 456.73, 390483, 207, 4, 0
899, 2, 109, 364, 44, 0, 50.86%, 2, 0, 6, 453.76, 392956, 207, 4, 0
900, 2, 360, 364, 44, 0, 50.86%, 2, 0, 6, 451.11, 393725, 207, 4, 0
