# relative_time, cycles_done, cur_item, corpus_count, pending_total, pending_favs, map_size, saved_crashes, saved_hangs, max_depth, execs_per_sec, total_execs, edges_found, total_crashes, servers_count
60, 0, 9, 72, 67, 5, 30.22%, 0, 0, 2, 439.75, 26644, 123, 0, 0
65, 0, 9, 73, 68, 5, 30.22%, 0, 0, 2, 423.18, 28819, 123, 0, 0
71, 0, 9, 74, 69, 5, 30.22%, 0, 0, 2, 429.80, 30987, 123, 0, 0
76, 0, 9, 74, 69, 5, 30.22%, 0, 0, 2, 426.08, 33235, 123, 0, 0
81, 0, 9, 76, 71, 5, 30.22%, 0, 0, 2, 397.50, 35313, 123, 0, 0
86, 0, 9, 77, 72, 5, 30.22%, 0, 0, 2, 444.10, 37632, 123, 0, 0
91, 0, 9, 78, 73, 5, 30.22%, 0, 0, 2, 459.13, 39966, 123, 0, 0
96, 0, 9, 79, 74, 5, 30.47%, 0, 0, 2, 413.91, 42063, 124, 0, 0
101, 0, 9, 80, 75, 5, 30.47%, 0, 0, 2, 430.41, 44199, 124, 0, 0
106, 0, 9, 81, 76, 5, 30.47%, 0, 0, 2, 440.72, 46494, 124, 0, 0
111, 0, 9, 82, 77, 5, 30.47%, 0, 0, 2, 445.66, 48781, 124, 0, 0
116, 0, 9, 84, 79, 5, 30.47%, 0, 0, 2, 446.57, 51011, 124, 0, 0
120, 0, 9, 84, 79, 5, 30.47%, 0, 0, 2, 408.74, 52583, 124, 0, 0
