# relative_time, cycles_done, cur_item, corpus_count, pending_total, pending_favs, map_size, saved_crashes, saved_hangs, max_depth, execs_per_sec, total_execs, edges_found, total_crashes, servers_count
61, 0, 9, 94, 89, 4, 30.71%, 0, 0, 2, 417.83, 25743, 125, 0, 0
66, 0, 9, 94, 89, 4, 30.71%, 0, 0, 2, 412.13, 27815, 125, 0, 0
71, 0, 9, 94, 89, 4, 30.71%, 0, 0, 2, 424.06, 30023, 125, 0, 0
76, 0, 9, 95, 90, 4, 30.71%, 0, 0, 2, 410.99, 31998, 125, 0, 0
81, 0, 9, 95, 90, 4, 30.71%, 0, 0, 2, 424.97, 34182, 125, 0, 0
86, 0, 9, 96, 91, 4, 30.71%, 0, 0, 2, 431.66, 36349, 125, 0, 0
91, 0, 9, 97, 92, 4, 30.71%, 0, 0, 2, 474.93, 38750, 125, 0, 0
96, 0, 9, 98, 93, 4, 30.71%, 0, 0, 2, 419.72, 40923, 125, 0, 0
101, 0, 9, 99, 94, 4, 31.70%, 0, 0, 2, 426.17, 43066, 129, 0, 0
106, 0, 9, 100, 95, 4, 31.70%, 0, 0, 2, 400.23, 45105, 129, 0, 0
112, 0, 9, 101, 96, 4, 31.70%, 0, 0, 2, 439.48, 47328, 129, 0, 0
117, 0, 9, 103, 98, 4, 31.70%, 0, 0, 2, 442.57, 49622, 129, 0, 0
122, 0, 9, 103, 98, 4, 31.70%, 0, 0, 2, 425.23, 51782, 129, 0, 0
127, 0, 9, 104, 99, 4, 31.70%, 0, 0, 2, 429.18, 54005, 129, 0, 0
132, 0, 94, 132, 126, 27, 36.61%, 0, 0, 3, 413.18, 56033, 149, 0, 0
137, 0, 94, 135, 129, 27, 36.61%, 0, 0, 3, 416.40, 58182, 149, 0, 0
142, 0, 94, 136, 130, 27, 36.61%, 0, 0, 3, 427.99, 60373, 149, 0, 0
147, 0, 94, 136, 130, 27, 36.61%, 0, 0, 3, 434.88, 62581, 149, 0, 0
152, 0, 94, 136, 130, 27, 36.61%, 0, 0, 3, 425.71, 64773, 149, 0, 0
157, 0, 94, 136, 130, 27, 36.61%, 0, 0, 3, 412.70, 66845, 149, 0, 0
162, 0, 94, 136, 130, 27, 36.61%, 0, 0, 3, 412.87, 68917, 149, 0, 0
167, 0, 94, 136, 130, 27, 36.61%, 0, 0, 3, 440.49, 71197, 149, 0, 0
172, 0, 94, 136, 130, 27, 36.61%, 0, 0, 3, 424.25, 73293, 149, 0, 0
177, 0, 94, 136, 130, 27, 36.61%, 0, 0, 3, 427.35, 75429, 149, 0, 0
182, 0, 94, 136, 130, 27, 36.61%, 0, 0, 3, 422.68, 77605, 149, 0, 0
188, 0, 94, 136, 130, 27, 36.61%, 0, 0, 3, 445.01, 79853, 149, 0, 0
193, 0, 112, 137, 124, 21, 36.86%, 0, 0, 3, 439.74, 82085, 150, 0, 0
198, 0, 138, 146, 132, 26, 42.01%, 0, 0, 3, 413.42, 84134, 171, 0, 0
203, 0, 106, 147, 131, 24, 42.01%, 0, 0, 3, 441.22, 86362, 171, 0, 0
208, 0, 89, 148, 131, 23, 42.01%, 0, 0, 3, 433.85, 88500, 171, 0, 0
213, 0, 3, 149, 131, 22, 42.01%, 0, 0, 3, 433.55, 90672, 171, 0, 0
218, 0, 143, 157, 137, 21, 42.26%, 0, 0, 3, 443.95, 92912, 172, 0, 0
223, 0, 154, 158, 137, 21, 42.26%, 0, 0, 3, 430.25, 95087, 172, 0, 0
228, 0, 127, 161, 139, 20, 42.26%, 0, 0, 3, 422.29, 97324, 172, 0, 0
233, 0, 127, 167, 145, 20, 42.26%, 0, 0, 3, 380.53, 99175, 172, 0, 0
238, 0, 127, 168, 146, 20, 42.26%, 0, 0, 3, 353.58, 100946, 172, 0, 0
243, 0, 127, 168, 146, 20, 42.26%, 0, 0, 3, 385.10, 102969, 172, 0, 0
248, 0, 127, 169, 147, 20, 42.51%, 0, 0, 3, 387.85, 104866, 173, 0, 0
254, 0, 137, 170, 147, 21, 42.51%, 0, 0, 3, 387.37, 106808, 173, 0, 0
259, 0, 173, 174, 150, 21, 42.51%, 0, 0, 3, 457.81, 109084, 173, 0, 0
264, 0, 105, 174, 147, 18, 42.51%, 0, 0, 3, 419.89, 111195, 173, 0, 0
269, 0, 110, 174, 143, 14, 42.51%, 0, 0, 3, 469.18, 113704, 173, 0, 0
274, 0, 29, 176, 143, 12, 42.51%, 0, 0, 3, 473.49, 116070, 173, 0, 0
279, 0, 141, 191, 156, 10, 42.51%, 0, 0, 3, 443.36, 118254, 173, 0, 0
284, 0, 168, 195, 158, 10, 42.75%, 0, 0, 3, 429.11, 120478, 174, 0, 0
289, 0, 176, 195, 156, 8, 42.75%, 0, 0, 3, 399.55, 122496, 174, 0, 0
294, 0, 98, 201, 161, 7, 43.49%, 0, 0, 3, 448.97, 124748, 177, 0, 0
299, 0, 98, 204, 164, 7, 43.49%, 0, 0, 3, 430.75, 126913, 177, 0, 0
304, 0, 98, 205, 165, 7, 43.49%, 0, 0, 3, 414.72, 128992, 177, 0, 0
309, 0, 98, 206, 166, 7, 43.49%, 0, 0, 3, 397.53, 130967, 177, 0, 0
314, 0, 98, 207, 167, 7, 43.49%, 0, 0, 3, 420.10, 133158, 177, 0, 0
319, 0, 98, 207, 167, 7, 43.49%, 0, 0, 3, 402.17, 135158, 177, 0, 0
324, 0, 7, 214, 173, 8, 45.70%, 0, 0, 3, 441.83, 137365, 186, 0, 0
330, 0, 211, 214, 170, 9, 45.70%, 0, 0, 3, 454.01, 139732, 186, 0, 0
335, 0, 211, 223, 179, 9, 45.95%, 1, 0, 3, 467.24, 142137, 187, 1, 0
340, 0, 211, 224, 180, 9, 45.95%, 1, 0, 3, 436.28, 144396, 187, 1, 0
345, 0, 211, 227, 183, 9, 46.68%, 1, 0, 3, 449.92, 146681, 190, 1, 0
350, 0, 211, 230, 186, 9, 46.68%, 1, 0, 3, 427.35, 148782, 190, 1, 0
355, 0, 211, 234, 190, 9, 46.68%, 1, 0, 3, 410.46, 150898, 190, 1, 0
360, 0, 211, 235, 191, 9, 46.68%, 1, 0, 3, 415.36, 153057, 190, 1, 0
365, 0, 211, 235, 191, 9, 46.68%, 1, 0, 3, 418.76, 155217, 190, 1, 0
370, 0, 211, 235, 191, 9, 46.68%, 1, 0, 3, 397.31, 157212, 190, 1, 0
375, 0, 211, 235, 191, 9, 46.68%, 1, 0, 3, 408.53, 159345, 190, 1, 0
381, 0, 211, 236, 192, 9, 46.68%, 1, 0, 3, 430.80, 161472, 190, 1, 0
386, 0, 211, 238, 194, 9, 46.68%, 1, 0, 3, 419.14, 163550, 190, 1, 0
391, 0, 211, 238, 194, 9, 46.68%, 1, 0, 3, 391.92, 165507, 190, 1, 0
396, 0, 211, 239, 195, 9, 46.68%, 1, 0, 3, 437.13, 167781, 190, 1, 0
401, 0, 211, 239, 195, 9, 46.68%, 1, 0, 3, 410.36, 169861, 190, 1, 0
406, 0, 211, 239, 195, 9, 46.68%, 1, 0, 3, 425.41, 171981, 190, 2, 0
411, 0, 211, 239, 195, 9, 46.68%, 1, 0, 3, 417.67, 174101, 190, 2, 0
416, 0, 211, 239, 195, 9, 46.68%, 1, 0, 3, 424.37, 176213, 190, 2, 0
421, 0, 211, 239, 195, 9, 46.68%, 1, 0, 3, 432.43, 178325, 190, 2, 0
426, 0, 209, 242, 197, 11, 46.68%, 1, 0, 3, 427.59, 180466, 190, 2, 0
431, 0, 151, 245, 198, 10, 47.17%, 1, 0, 3, 455.93, 182865, 192, 2, 0
436, 0, 195, 247, 199, 10, 47.67%, 1, 0, 4, 421.31, 184974, 194, 2, 0
441, 0, 237, 247, 196, 9, 47.67%, 1, 0, 4, 431.82, 187120, 194, 2, 0
447, 0, 237, 259, 208, 9, 47.67%, 1, 0, 4, 432.81, 189316, 194, 2, 0
452, 0, 237, 259, 208, 9, 47.67%, 1, 0, 4, 404.72, 191284, 194, 2, 0
457, 0, 237, 263, 212, 9, 47.67%, 1, 0, 4, 434.48, 193536, 194, 2, 0
462, 0, 237, 265, 214, 9, 47.67%, 1, 0, 4, 409.27, 195558, 194, 2, 0
467, 0, 224, 266, 214, 9, 47.67%, 1, 0, 4, 411.58, 197621, 194, 2, 0
472, 0, 158, 266, 213, 8, 47.67%, 1, 0, 4, 408.71, 199701, 194, 2, 0
477, 0, 245, 266, 209, 4, 47.67%, 1, 0, 4, 419.65, 201838, 194, 2, 0
482, 0, 236, 266, 206, 1, 47.67%, 1, 0, 4, 427.40, 203977, 194, 2, 0
487, 0, 266, 267, 205, 1, 47.67%, 2, 0, 4, 462.05, 206234, 194, 3, 0
492, 0, 246, 267, 201, 0, 47.67%, 2, 0, 4, 438.31, 208398, 194, 3, 0
497, 0, 241, 268, 199, 0, 47.67%, 2, 0, 4, 404.38, 210425, 194, 3, 0
502, 0, 89, 270, 196, 0, 47.67%, 2, 0, 4, 405.21, 212471, 194, 3, 0
507, 0, 176, 273, 197, 0, 47.67%, 2, 0, 4, 419.70, 214629, 194, 3, 0
512, 0, 176, 279, 203, 0, 47.67%, 2, 0, 4, 436.20, 216935, 194, 3, 0
517, 0, 176, 283, 207, 0, 47.91%, 2, 0, 4, 430.94, 219099, 195, 3, 0
523, 0, 176, 284, 208, 0, 47.91%, 2, 0, 4, 437.02, 221298, 195, 3, 0
528, 0, 176, 284, 208, 0, 47.91%, 2, 0, 4, 408.73, 223306, 195, 3, 0
533, 0, 176, 285, 209, 0, 47.91%, 2, 0, 4, 433.79, 225497, 195, 3, 0
538, 0, 281, 285, 209, 1, 47.91%, 2, 0, 4, 433.75, 227753, 195, 3, 0
543, 0, 164, 285, 208, 0, 47.91%, 2, 0, 4, 408.64, 229845, 195, 3, 0
548, 0, 3, 287, 209, 0, 47.91%, 2, 0, 4, 426.46, 232048, 195, 3, 0
553, 0, 282, 287, 208, 0, 47.91%, 2, 0, 4, 445.09, 234356, 195, 3, 0
558, 0, 229, 288, 205, 0, 48.16%, 2, 0, 4, 439.51, 236593, 196, 3, 0
563, 0, 113, 288, 204, 0, 48.16%, 2, 0, 4, 447.37, 238780, 196, 3, 0
568, 0, 157, 289, 201, 0, 48.16%, 2, 0, 4, 461.17, 241061, 196, 3, 0
573, 0, 245, 289, 199, 0, 48.16%, 2, 0, 4, 440.76, 243300, 196, 3, 0
578, 0, 210, 289, 196, 0, 48.16%, 2, 0, 4, 407.72, 245321, 196, 3, 0
583, 0, 276, 289, 192, 0, 48.16%, 2, 0, 4, 421.13, 247528, 196, 3, 0
589, 0, 107, 289, 190, 0, 48.16%, 2, 0, 4, 430.23, 249695, 196, 3, 0
594, 0, 231, 291, 190, 0, 48.16%, 2, 0, 4, 414.20, 251797, 196, 3, 0
599, 0, 111, 291, 188, 0, 48.16%, 2, 0, 4, 417.00, 253904, 196, 3, 0
604, 0, 162, 291, 187, 0, 48.16%, 2, 0, 4, 425.77, 256058, 196, 3, 0
609, 0, 291, 292, 186, 1, 48.16%, 2, 0, 4, 432.06, 258217, 196, 3, 0
614, 0, 8, 292, 184, 0, 48.16%, 2, 0, 4, 426.50, 260333, 196, 3, 0
619, 0, 56, 292, 182, 0, 48.16%, 2, 0, 4, 412.05, 262466, 196, 3, 0
624, 0, 183, 293, 181, 0, 48.16%, 2, 0, 5, 401.18, 264492, 196, 3, 0
629, 0, 176, 293, 179, 0, 48.16%, 2, 0, 5, 420.55, 266650, 196, 3, 0
634, 0, 170, 294, 177, 0, 48.16%, 2, 0, 5, 442.66, 268885, 196, 3, 0
639, 0, 128, 294, 176, 0, 48.16%, 2, 0, 5, 430.89, 271099, 196, 3, 0
644, 0, 245, 295, 173, 0, 48.16%, 2, 0, 5, 462.18, 273415, 196, 3, 0
649, 0, 134, 295, 171, 0, 48.16%, 2, 0, 5, 474.21, 275788, 196, 3, 0
654, 0, 159, 295, 169, 0, 48.16%, 2, 0, 5, 442.57, 278010, 196, 3, 0
660, 0, 47, 295, 167, 0, 48.16%, 2, 0, 5, 415.18, 280116, 196, 3, 0
665, 0, 144, 296, 166, 0, 48.16%, 2, 0, 5, 411.59, 282243, 196, 3, 0
670, 0, 252, 297, 165, 0, 48.16%, 2, 0, 5, 412.07, 284430, 196, 3, 0
675, 0, 261, 297, 163, 0, 48.16%, 2, 0, 5, 415.25, 286496, 196, 3, 0
680, 0, 178, 297, 160, 0, 48.16%, 2, 0, 5, 389.56, 288352, 196, 3, 0
685, 0, 209, 297, 157, 0, 48.16%, 2, 0, 5, 402.18, 290388, 196, 3, 0
690, 1, 65, 297, 154, 0, 48.16%, 2, 0, 5, 401.35, 292461, 196, 3, 0
695, 1, 218, 297, 151, 0, 48.16%, 2, 0, 5, 403.83, 294574, 196, 3, 0
700, 1, 218, 299, 153, 0, 48.16%, 2, 0, 5, 401.29, 296668, 196, 3, 0
705, 1, 189, 299, 149, 0, 48.16%, 2, 0, 5, 414.42, 298814, 196, 3, 0
710, 1, 160, 300, 148, 0, 48.16%, 2, 0, 5, 412.46, 300916, 196, 3, 0
716, 1, 274, 300, 147, 0, 48.16%, 2, 0, 5, 404.87, 302872, 196, 3, 0
721, 1, 180, 300, 145, 0, 48.16%, 2, 0, 5, 401.87, 304880, 196, 3, 0
726, 1, 145, 301, 144, 0, 48.16%, 2, 0, 5, 400.69, 306886, 196, 3, 0
731, 1, 119, 301, 142, 0, 48.16%, 2, 0, 5, 400.71, 308884, 196, 3, 0
736, 1, 283, 301, 138, 0, 48.16%, 2, 0, 5, 409.35, 310955, 196, 3, 0
741, 1, 197, 302, 136, 0, 48.16%, 2, 0, 5, 407.68, 312987, 196, 3, 0
746, 1, 125, 302, 133, 0, 48.16%, 2, 0, 5, 425.11, 315181, 196, 3, 0
751, 1, 225, 304, 132, 0, 48.16%, 2, 0, 5, 426.70, 317370, 196, 3, 0
756, 1, 90, 305, 130, 0, 48.16%, 2, 0, 5, 438.29, 319580, 196, 3, 0
761, 1, 250, 305, 127, 0, 48.16%, 2, 0, 5, 407.61, 321638, 196, 3, 0
766, 1, 296, 305, 126, 0, 48.16%, 2, 0, 5, 400.00, 323663, 196, 3, 0
771, 1, 296, 309, 130, 0, 48.16%, 2, 0, 6, 414.24, 325767, 196, 3, 0
776, 1, 296, 310, 131, 0, 48.16%, 2, 0, 6, 421.94, 327894, 196, 3, 0
781, 1, 296, 310, 131, 0, 48.16%, 2, 0, 6, 406.92, 329974, 196, 3, 0
786, 1, 263, 310, 129, 0, 48.16%, 2, 0, 6, 410.71, 332119, 196, 3, 0
792, 1, 175, 310, 124, 0, 48.16%, 2, 0, 6, 458.86, 334505, 196, 3, 0
797, 1, 213, 310, 121, 0, 48.16%, 2, 0, 6, 436.79, 336649, 196, 3, 0
802, 1, 120, 310, 119, 0, 48.16%, 2, 0, 6, 410.37, 338707, 196, 3, 0
807, 1, 250, 310, 115, 0, 48.16%, 2, 0, 6, 400.02, 340749, 196, 3, 0
812, 1, 117, 310, 114, 0, 48.16%, 2, 0, 6, 399.07, 342793, 196, 3, 0
817, 1, 186, 310, 112, 0, 48.16%, 2, 0, 6, 396.21, 344880, 196, 3, 0
822, 1, 165, 310, 111, 0, 48.16%, 2, 0, 6, 406.06, 346941, 196, 3, 0
827, 1, 292, 310, 109, 0, 48.16%, 2, 0, 6, 413.49, 349041, 196, 3, 0
832, 1, 14, 312, 109, 0, 48.16%, 2, 0, 7, 443.22, 351301, 196, 3, 0
837, 1, 150, 312, 106, 0, 48.16%, 2, 0, 7, 413.41, 353306, 196, 3, 0
842, 1, 216, 312, 105, 0, 48.16%, 2, 0, 7, 405.70, 355395, 196, 3, 0
847, 1, 226, 313, 103, 0, 48.16%, 2, 0, 7, 437.00, 357615, 196, 3, 0
852, 1, 298, 314, 101, 0, 48.16%, 2, 0, 7, 416.13, 359707, 196, 3, 0
858, 1, 253, 314, 100, 0, 48.16%, 2, 0, 7, 418.81, 361830, 196, 3, 0
863, 1, 182, 314, 98, 0, 48.16%, 2, 0, 7, 406.31, 363961, 196, 3, 0
868, 1, 254, 314, 95, 0, 48.16%, 2, 0, 7, 437.12, 366285, 196, 3, 0
873, 1, 254, 316, 97, 0, 48.16%, 2, 0, 7, 432.31, 368436, 196, 3, 0
878, 1, 304, 316, 93, 0, 48.16%, 2, 0, 7, 435.82, 370675, 196, 3, 0
883, 1, 314, 316, 90, 0, 48.16%, 2, 0, 7, 417.68, 372792, 196, 3, 0
888, 1, 314, 318, 92, 0, 48.16%, 2, 0, 7, 429.19, 375031, 196, 3, 0
893, 1, 305, 318, 91, 0, 48.16%, 2, 0, 7, 419.78, 377122, 196, 3, 0
898, 1, 124, 318, 88, 0, 48.16%, 2, 0, 7, 436.53, 379297, 196, 3, 0
900, 1, 124, 318, 88, 0, 48.16%, 2, 0, 7, 417.31, 380026, 196, 3, 0
