# relative_time, cycles_done, cur_item, corpus_count, pending_total, pending_favs, map_size, saved_crashes, saved_hangs, max_depth, execs_per_sec, total_execs, edges_found, total_crashes, servers_count
60, 0, 8, 68, 62, 23, 33.91%, 0, 0, 2, 414.14, 25311, 138, 0, 0
65, 0, 8, 68, 62, 23, 33.91%, 0, 0, 2, 422.91, 27455, 138, 0, 0
70, 0, 8, 68, 62, 23, 33.91%, 0, 0, 2, 385.60, 29395, 138, 0, 0
76, 0, 8, 68, 62, 23, 33.91%, 0, 0, 2, 409.12, 31480, 138, 0, 0
81, 0, 8, 68, 62, 23, 33.91%, 0, 0, 2, 398.32, 33448, 138, 0, 0
86, 0, 8, 68, 62, 23, 33.91%, 0, 0, 2, 398.87, 35542, 138, 0, 0
91, 0, 8, 68, 62, 23, 33.91%, 0, 0, 2, 396.37, 37551, 138, 0, 0
96, 0, 8, 68, 62, 23, 33.91%, 0, 0, 2, 382.66, 39525, 138, 0, 0
101, 0, 8, 68, 62, 23, 33.91%, 0, 0, 2, 390.38, 41492, 138, 0, 0
106, 0, 8, 68, 62, 23, 33.91%, 0, 0, 2, 401.75, 43600, 138, 0, 0
111, 0, 8, 68, 62, 23, 33.91%, 0, 0, 2, 390.16, 45517, 138, 0, 0
116, 0, 8, 68, 62, 23, 33.91%, 0, 0, 2, 387.80, 47463, 138, 0, 0
121, 0, 8, 68, 62, 23, 33.91%, 0, 0, 2, 289.91, 48974, 138, 0, 0
127, 0, 8, 68, 62, 23, 33.91%, 0, 0, 2, 329.18, 50636, 138, 0, 0
132, 0, 8, 68, 62, 23, 33.91%, 0, 0, 2, 360.83, 52524, 138, 0, 0
137, 0, 8, 68, 62, 23, 33.91%, 0, 0, 2, 368.61, 54400, 138, 0, 0
142, 0, 8, 68, 62, 23, 33.91%, 0, 0, 2, 381.31, 56402, 138, 0, 0
147, 0, 8, 68, 62, 23, 33.91%, 0, 0, 2, 377.06, 58292, 138, 0, 0
152, 0, 8, 68, 62, 23, 33.91%, 0, 0, 2, 380.56, 60161, 138, 0, 0
157, 0, 15, 68, 56, 18, 33.91%, 0, 0, 2, 404.37, 62223, 138, 0, 0
162, 0, 21, 81, 67, 16, 37.10%, 0, 0, 3, 417.89, 64360, 151, 0, 0
167, 0, 21, 83, 69, 16, 37.10%, 0, 0, 3, 402.44, 66406, 151, 0, 0
172, 0, 21, 83, 69, 16, 37.10%, 0, 0, 3, 411.57, 68486, 151, 0, 0
177, 0, 21, 83, 69, 16, 37.10%, 0, 0, 3, 392.75, 70507, 151, 0, 0
182, 0, 21, 83, 69, 16, 37.10%, 0, 0, 3, 417.49, 72654, 151, 0, 0
187, 0, 21, 84, 70, 16, 37.10%, 0, 0, 3, 431.70, 74829, 151, 0, 0
192, 0, 21, 84, 70, 16, 37.10%, 0, 0, 3, 448.55, 77053, 151, 0, 0
197, 0, 21, 84, 70, 16, 37.10%, 0, 0, 3, 428.72, 79077, 151, 0, 0
203, 0, 21, 84, 70, 16, 37.10%, 0, 0, 3, 413.53, 81157, 151, 0, 0
208, 0, 21, 84, 70, 16, 37.10%, 0, 0, 3, 409.81, 83325, 151, 0, 0
213, 0, 21, 84, 70, 16, 37.10%, 0, 0, 3, 440.50, 85629, 151, 0, 0
218, 0, 21, 84, 70, 16, 37.10%, 0, 0, 3, 461.76, 87938, 151, 0, 0
223, 0, 21, 84, 70, 16, 37.10%, 0, 0, 3, 438.90, 90302, 151, 0, 0
228, 0, 21, 84, 70, 16, 37.10%, 0, 0, 3, 462.95, 92583, 151, 0, 0
233, 0, 21, 84, 70, 16, 37.10%, 0, 0, 3, 425.12, 94614, 151, 0, 0
238, 0, 21, 84, 70, 16, 37.10%, 0, 0, 3, 418.69, 96734, 151, 0, 0
243, 0, 21, 84, 70, 16, 37.10%, 0, 0, 3, 405.19, 98822, 151, 0, 0
248, 0, 21, 84, 70, 16, 37.10%, 0, 0, 3, 412.29, 100910, 151, 0, 0
253, 0, 31, 84, 65, 17, 37.10%, 0, 0, 3, 433.64, 103092, 151, 0, 0
258, 0, 31, 101, 82, 17, 37.35%, 0, 0, 3, 440.33, 105369, 152, 0, 0
264, 0, 31, 106, 87, 17, 37.35%, 0, 0, 3, 437.49, 107645, 152, 0, 0
269, 0, 31, 106, 87, 17, 37.35%, 0, 0, 3, 369.15, 109465, 152, 0, 0
274, 0, 31, 109, 90, 17, 38.08%, 0, 0, 3, 433.11, 111635, 155, 0, 0
279, 0, 31, 109, 90, 17, 38.08%, 0, 0, 3, 440.72, 113811, 155, 0, 0
284, 0, 31, 110, 91, 17, 38.08%, 0, 0, 3, 436.11, 116074, 155, 0, 0
289, 0, 31, 111, 92, 17, 38.08%, 0, 0, 3, 439.44, 118305, 155, 0, 0
294, 0, 31, 112, 93, 17, 38.08%, 0, 0, 3, 435.41, 120544, 155, 0, 0
299, 0, 31, 112, 93, 17, 38.08%, 0, 0, 3, 437.17, 122808, 155, 0, 0
304, 0, 31, 113, 94, 17, 38.08%, 0, 0, 3, 441.54, 125063, 155, 0, 0
309, 0, 31, 113, 94, 17, 38.08%, 0, 0, 3, 429.93, 127215, 155, 0, 0
314, 0, 31, 114, 95, 17, 38.08%, 0, 0, 3, 424.78, 129398, 155, 0, 0
319, 0, 31, 114, 95, 17, 38.08%, 0, 0, 3, 441.74, 131654, 155, 0, 0
324, 0, 44, 123, 101, 17, 38.82%, 0, 0, 3, 443.14, 133981, 158, 0, 0
329, 0, 55, 123, 99, 16, 38.82%, 0, 0, 3, 379.75, 135885, 158, 0, 0
335, 0, 55, 123, 99, 16, 38.82%, 0, 0, 3, 378.81, 137845, 158, 0, 0
340, 0, 55, 123, 99, 16, 38.82%, 0, 0, 3, 363.08, 139658, 158, 0, 0
345, 0, 70, 123, 97, 14, 38.82%, 0, 0, 3, 375.87, 141580, 158, 0, 0
350, 0, 75, 143, 114, 12, 41.03%, 0, 0, 4, 404.42, 143655, 167, 0, 0
355, 0, 90, 149, 118, 11, 41.03%, 0, 0, 4, 412.19, 145768, 167, 0, 0
360, 0, 97, 153, 120, 9, 41.28%, 0, 0, 4, 414.49, 147897, 168, 0, 0
365, 0, 97, 160, 127, 9, 41.28%, 0, 0, 4, 441.72, 150106, 168, 0, 0
370, 0, 97, 162, 129, 9, 41.28%, 0, 0, 4, 457.61, 152486, 168, 0, 0
375, 0, 97, 165, 132, 9, 41.28%, 0, 0, 4, 427.10, 154606, 168, 0, 0
380, 0, 97, 170, 137, 9, 41.52%, 0, 0, 4, 440.06, 156729, 169, 0, 0
385, 0, 97, 171, 138, 9, 41.52%, 0, 0, 4, 441.20, 158872, 169, 0, 0
390, 0, 97, 171, 138, 9, 41.52%, 0, 0, 4, 473.54, 161234, 169, 0, 0
395, 0, 97, 171, 138, 9, 41.52%, 0, 0, 4, 469.54, 163700, 169, 0, 0
400, 0, 97, 171, 138, 9, 41.52%, 0, 0, 4, 417.07, 165680, 169, 0, 0
406, 0, 97, 173, 140, 9, 41.52%, 0, 0, 4, 455.36, 168052, 169, 0, 0
411, 0, 97, 174, 141, 9, 41.52%, 0, 0, 4, 450.70, 170273, 169, 0, 0
416, 0, 97, 176, 143, 9, 41.52%, 0, 0, 4, 446.33, 172555, 169, 0, 0
421, 0, 97, 179, 146, 9, 41.52%, 0, 0, 4, 448.35, 174898, 169, 0, 0
426, 0, 114, 182, 145, 7, 42.26%, 0, 0, 4, 569.58, 177864, 172, 0, 0
431, 0, 114, 188, 151, 7, 42.26%, 0, 0, 4, 600.37, 180788, 172, 0, 0
436, 0, 114, 190, 153, 7, 42.26%, 0, 0, 4, 494.28, 183274, 172, 0, 0
441, 0, 114, 192, 155, 7, 42.26%, 0, 0, 4, 456.33, 185529, 172, 0, 0
447, 0, 114, 192, 155, 7, 42.26%, 0, 0, 4, 473.21, 188031, 172, 0, 0
452, 0, 114, 194, 157, 7, 42.26%, 0, 0, 4, 482.07, 190475, 172, 0, 0
457, 0, 114, 196, 159, 7, 42.26%, 0, 0, 4, 459.93, 192802, 172, 0, 0
462, 0, 114, 197, 160, 7, 42.26%, 0, 0, 4, 455.88, 195156, 172, 0, 0
467, 0, 114, 197, 160, 7, 42.26%, 0, 0, 4, 435.13, 197300, 172, 0, 0
472, 0, 114, 198, 161, 7, 42.26%, 0, 0, 4, 437.04, 199491, 172, 0, 0
477, 0, 114, 199, 162, 7, 42.26%, 0, 0, 4, 435.01, 201674, 172, 0, 0
482, 0, 114, 199, 162, 7, 42.26%, 0, 0, 4, 426.42, 203907, 172, 0, 0
487, 0, 114, 199, 162, 7, 42.26%, 0, 0, 4, 428.13, 206099, 172, 0, 0
492, 0, 114, 199, 162, 7, 42.26%, 0, 0, 4, 442.84, 208347, 172, 0, 0
497, 0, 114, 199, 162, 7, 42.26%, 0, 0, 4, 432.79, 210539, 172, 0, 0
502, 0, 114, 199, 162, 7, 42.26%, 0, 0, 4, 431.91, 212795, 172, 0, 0
508, 0, 114, 199, 162, 7, 42.26%, 0, 0, 4, 432.02, 214939, 172, 0, 0
513, 0, 114, 199, 162, 7, 42.26%, 0, 0, 4, 419.81, 217091, 172, 0, 0
518, 0, 114, 199, 162, 7, 42.26%, 0, 0, 4, 428.78, 219203, 172, 0, 0
523, 0, 114, 199, 162, 7, 42.26%, 0, 0, 4, 425.36, 221347, 172, 0, 0
528, 0, 114, 199, 162, 7, 42.26%, 0, 0, 4, 419.88, 223451, 172, 0, 0
533, 0, 114, 201, 164, 7, 42.51%, 0, 0, 4, 443.51, 225665, 173, 0, 0
538, 0, 114, 201, 164, 7, 42.51%, 0, 0, 4, 413.52, 227721, 173, 0, 0
543, 0, 131, 203, 164, 8, 42.51%, 0, 0, 5, 414.09, 229845, 173, 0, 0
548, 0, 137, 204, 164, 7, 42.51%, 0, 0, 5, 402.97, 231908, 173, 0, 0
553, 0, 179, 206, 164, 5, 42.51%, 0, 0, 5, 391.13, 233855, 173, 0, 0
558, 0, 179, 212, 170, 5, 42.51%, 0, 0, 5, 432.44, 235977, 173, 0, 0
564, 0, 179, 215, 173, 5, 42.51%, 0, 0, 5, 411.81, 238030, 173, 0, 0
569, 0, 179, 215, 173, 5, 42.51%, 0, 0, 5, 407.86, 240070, 173, 0, 0
574, 0, 199, 215, 169, 1, 42.51%, 0, 0, 5, 420.07, 242181, 173, 0, 0
579, 1, 32, 217, 167, 0, 42.51%, 0, 0, 5, 419.64, 244294, 173, 0, 0
584, 1, 75, 217, 155, 0, 42.51%, 0, 0, 5, 385.13, 246271, 173, 0, 0
589, 1, 218, 219, 154, 1, 42.51%, 0, 0, 5, 431.36, 248520, 173, 0, 0
594, 2, 44, 374, 306, 26, 57.74%, 0, 0, 5, 413.40, 250659, 235, 0, 0
599, 2, 252, 374, 300, 20, 57.74%, 0, 0, 5, 416.27, 252727, 235, 0, 0
604, 2, 280, 374, 296, 16, 57.74%, 1, 0, 5, 392.90, 254704, 235, 5, 0
609, 2, 283, 375, 296, 15, 57.74%, 1, 0, 5, 392.84, 256693, 235, 5, 0
614, 2, 299, 376, 295, 13, 57.74%, 1, 0, 5, 403.38, 258705, 235, 5, 0
619, 2, 319, 376, 291, 10, 57.74%, 1, 0, 5, 419.91, 260848, 235, 5, 0
624, 2, 326, 378, 291, 9, 57.74%, 1, 0, 5, 394.74, 262869, 235, 5, 0
630, 2, 345, 378, 287, 5, 57.74%, 1, 0, 5, 407.80, 264939, 235, 5, 0
635, 2, 360, 381, 289, 4, 57.99%, 1, 0, 5, 433.48, 267079, 236, 5, 0
640, 2, 360, 383, 291, 4, 57.99%, 1, 0, 5, 465.15, 269390, 236, 5, 0
645, 2, 360, 385, 293, 4, 57.99%, 1, 0, 5, 407.31, 271402, 236, 5, 0
650, 2, 360, 385, 293, 4, 57.99%, 1, 0, 5, 427.96, 273594, 236, 5, 0
655, 2, 360, 385, 293, 4, 57.99%, 1, 0, 5, 434.88, 275794, 236, 5, 0
660, 2, 360, 385, 293, 4, 57.99%, 1, 0, 5, 454.40, 278099, 236, 5, 0
665, 2, 360, 385, 293, 4, 57.99%, 1, 0, 5, 421.66, 280218, 236, 5, 0
670, 2, 360, 385, 293, 4, 57.99%, 1, 0, 5, 406.98, 282306, 236, 5, 0
675, 2, 360, 385, 293, 4, 57.99%, 1, 0, 5, 422.24, 284442, 236, 5, 0
680, 2, 360, 385, 293, 4, 57.99%, 1, 0, 5, 456.08, 286730, 236, 5, 0
685, 2, 360, 385, 293, 4, 57.99%, 1, 0, 5, 447.54, 288930, 236, 5, 0
690, 2, 360, 385, 293, 4, 57.99%, 1, 0, 5, 450.55, 291077, 236, 5, 0
695, 2, 360, 385, 293, 4, 57.99%, 1, 0, 5, 433.69, 293146, 236, 5, 0
700, 2, 360, 385, 293, 4, 57.99%, 1, 0, 5, 411.40, 295194, 236, 5, 0
706, 2, 360, 385, 293, 4, 57.99%, 1, 0, 5, 419.72, 297274, 236, 5, 0
711, 2, 360, 385, 293, 4, 57.99%, 1, 0, 5, 408.69, 299354, 236, 5, 0
716, 2, 360, 385, 293, 4, 57.99%, 1, 0, 5, 400.31, 301350, 236, 5, 0
721, 2, 360, 385, 293, 4, 57.99%, 1, 0, 5, 399.88, 303415, 236, 5, 0
726, 2, 360, 385, 293, 4, 57.99%, 1, 0, 5, 408.48, 305506, 236, 5, 0
731, 3, 393, 397, 297, 4, 58.72%, 1, 0, 5, 431.87, 307875, 239, 5, 0
736, 4, 47, 397, 289, 0, 58.72%, 1, 0, 5, 431.72, 310038, 239, 5, 0
741, 4, 98, 397, 281, 0, 58.72%, 1, 0, 5, 433.24, 312113, 239, 5, 0
746, 4, 131, 397, 272, 0, 58.72%, 2, 0, 5, 412.79, 314245, 239, 8, 0
751, 4, 140, 399, 272, 0, 58.72%, 2, 0, 5, 445.11, 316485, 239, 8, 0
757, 4, 194, 399, 256, 0, 58.72%, 2, 0, 5, 422.83, 318644, 239, 8, 0
762, 4, 392, 402, 253, 1, 58.97%, 2, 0, 5, 370.75, 320576, 240, 8, 0
767, 5, 30, 402, 250, 0, 58.97%, 2, 0, 5, 397.98, 322628, 240, 9, 0
772, 5, 110, 402, 243, 0, 58.97%, 3, 0, 5, 422.01, 324869, 240, 11, 0
777, 5, 180, 402, 235, 0, 58.97%, 3, 0, 5, 430.00, 327038, 240, 12, 0
782, 5, 219, 402, 227, 0, 58.97%, 3, 0, 5, 419.36, 329138, 240, 12, 0
787, 5, 258, 402, 220, 0, 58.97%, 3, 0, 5, 428.41, 331336, 240, 12, 0
792, 5, 284, 402, 215, 0, 58.97%, 3, 0, 5, 425.98, 333522, 240, 13, 0
797, 5, 318, 402, 208, 0, 58.97%, 3, 0, 5, 435.90, 335721, 240, 13, 0
802, 5, 376, 402, 203, 0, 58.97%, 3, 0, 5, 421.35, 337763, 240, 13, 0
807, 5, 401, 402, 201, 0, 58.97%, 3, 0, 5, 415.54, 339923, 240, 13, 0
812, 6, 406, 407, 202, 1, 59.21%, 3, 0, 5, 432.27, 342113, 241, 13, 0
817, 7, 61, 407, 198, 0, 59.21%, 3, 0, 5, 419.08, 344203, 241, 13, 0
823, 7, 129, 407, 195, 0, 59.21%, 3, 0, 5, 408.70, 346249, 241, 13, 0
828, 7, 135, 409, 195, 0, 59.21%, 3, 0, 5, 397.32, 348281, 241, 13, 0
833, 7, 214, 409, 190, 0, 59.21%, 3, 0, 5, 430.87, 350517, 241, 13, 0
838, 7, 242, 409, 184, 0, 59.21%, 3, 0, 5, 455.35, 352806, 241, 13, 0
843, 7, 294, 409, 178, 0, 59.21%, 3, 0, 5, 453.09, 355238, 241, 13, 0
848, 7, 343, 409, 171, 0, 59.21%, 3, 0, 5, 414.52, 357332, 241, 13, 0
853, 7, 360, 410, 168, 0, 59.21%, 3, 0, 5, 476.73, 359720, 241, 13, 0
858, 7, 386, 410, 165, 0, 59.21%, 3, 0, 5, 449.50, 361954, 241, 13, 0
863, 7, 408, 410, 163, 0, 59.21%, 3, 0, 5, 346.89, 363711, 241, 13, 0
868, 8, 75, 410, 159, 0, 59.21%, 3, 0, 5, 399.46, 365751, 241, 13, 0
874, 8, 131, 410, 153, 0, 59.21%, 3, 0, 5, 414.12, 367805, 241, 16, 0
879, 8, 181, 410, 147, 0, 59.21%, 3, 0, 5, 419.28, 369963, 241, 16, 0
884, 8, 233, 410, 142, 0, 59.21%, 3, 0, 5, 427.94, 372096, 241, 16, 0
889, 8, 297, 410, 136, 0, 59.21%, 3, 0, 5, 460.58, 374470, 241, 17, 0
894, 8, 341, 410, 131, 0, 59.21%, 3, 0, 5, 416.25, 376598, 241, 17, 0
899, 8, 393, 410, 126, 0, 59.21%, 3, 0, 5, 400.87, 378683, 241, 17, 0
904, 8, 406, 410, 122, 0, 59.21%, 3, 0, 5, 382.88, 380632, 241, 17, 0
906, 9, 56, 412, 124, 0, 59.21%, 3, 0, 5, 397.11, 381570, 241, 17, 0
