# relative_time, cycles_done, cur_item, corpus_count, pending_total, pending_favs, map_size, saved_crashes, saved_hangs, max_depth, execs_per_sec, total_execs, edges_found, total_crashes, servers_count
60, 0, 85, 199, 162, 18, 46.93%, 0, 0, 4, 2022.80, 118239, 191, 0, 0
66, 0, 85, 201, 164, 18, 46.93%, 0, 0, 4, 2068.43, 129045, 191, 0, 0
71, 0, 85, 202, 165, 18, 46.93%, 0, 0, 4, 2052.27, 139221, 191, 0, 0
76, 0, 85, 202, 165, 18, 46.93%, 0, 0, 4, 2049.94, 149341, 191, 0, 0
81, 0, 26, 205, 161, 14, 46.93%, 0, 0, 4, 1958.61, 159249, 191, 0, 0
86, 0, 120, 205, 152, 6, 46.93%, 0, 0, 4, 1950.98, 169299, 191, 0, 0
91, 0, 171, 222, 168, 6, 46.93%, 0, 0, 4, 2038.63, 179701, 191, 0, 0
96, 0, 171, 229, 175, 6, 46.93%, 0, 0, 4, 2099.97, 190666, 191, 0, 0
101, 0, 171, 233, 179, 6, 47.17%, 0, 0, 4, 2099.47, 201082, 192, 0, 0
107, 0, 224, 238, 180, 5, 47.17%, 0, 0, 5, 1992.26, 211025, 192, 0, 0
112, 0, 109, 241, 166, 0, 47.17%, 0, 0, 5, 2009.95, 220998, 192, 0, 0
117, 0, 161, 241, 152, 0, 47.17%, 0, 0, 5, 1940.79, 230722, 192, 0, 0
122, 0, 140, 256, 163, 0, 47.17%, 0, 0, 5, 1811.83, 239422, 192, 0, 0
127, 0, 127, 257, 161, 0, 47.17%, 0, 0, 5, 1861.74, 248830, 192, 0, 0
132, 0, 239, 259, 153, 0, 47.17%, 0, 0, 5, 1906.88, 258823, 192, 0, 0
137, 0, 104, 262, 142, 0, 47.42%, 0, 0, 5, 1942.99, 268708, 193, 0, 0
142, 1, 150, 264, 131, 0, 47.42%, 0, 0, 5, 1867.84, 278041, 193, 0, 0
147, 1, 263, 266, 124, 0, 47.42%, 0, 0, 5, 1497.38, 286667, 193, 0, 0
152, 1, 263, 270, 128, 0, 47.67%, 0, 0, 5, 1810.62, 296263, 194, 0, 0
158, 1, 253, 274, 122, 0, 47.67%, 0, 0, 5, 1960.82, 306952, 194, 0, 0
163, 1, 141, 274, 101, 0, 47.67%, 0, 0, 5, 1984.36, 317098, 194, 0, 0
168, 1, 244, 277, 86, 0, 47.67%, 0, 0, 5, 2101.13, 328079, 194, 0, 0
173, 1, 53, 279, 75, 0, 47.67%, 0, 0, 5, 1989.22, 338144, 194, 0, 0
178, 1, 185, 280, 64, 0, 47.67%, 0, 0, 5, 1754.52, 346668, 194, 0, 0
183, 1, 132, 281, 54, 0, 47.67%, 0, 0, 5, 1734.79, 355036, 194, 0, 0
188, 1, 207, 284, 48, 0, 47.67%, 0, 0, 6, 1824.80, 363952, 194, 0, 0
193, 1, 284, 285, 34, 0, 47.67%, 0, 0, 6, 1793.46, 373016, 194, 0, 0
198, 1, 268, 291, 31, 0, 48.16%, 0, 0, 6, 1919.99, 382972, 196, 0, 0
204, 2, 320, 346, 78, 2, 49.39%, 0, 0, 6, 1885.99, 392800, 201, 0, 0
209, 2, 291, 346, 68, 0, 49.39%, 0, 0, 6, 1851.62, 402330, 201, 0, 0
214, 2, 240, 346, 56, 0, 49.39%, 0, 0, 6, 1923.10, 411965, 201, 0, 0
219, 2, 269, 346, 49, 0, 49.39%, 0, 0, 6, 1610.07, 420848, 201, 0, 0
224, 2, 177, 347, 39, 0, 49.39%, 0, 0, 6, 1848.80, 430608, 201, 0, 0
229, 2, 299, 347, 29, 0, 49.39%, 0, 0, 6, 1995.21, 440805, 201, 0, 0
234, 2, 321, 347, 24, 0, 49.39%, 0, 0, 6, 1716.62, 449727, 201, 0, 0
240, 2, 135, 348, 18, 0, 49.39%, 0, 0, 6, 1790.95, 459003, 201, 0, 0
245, 3, 302, 353, 17, 0, 49.63%, 0, 0, 6, 1943.04, 469171, 202, 0, 0
250, 3, 214, 353, 11, 0, 49.63%, 0, 0, 6, 1977.93, 479099, 202, 0, 0
255, 3, 308, 353, 9, 0, 49.63%, 0, 0, 6, 1997.19, 489454, 202, 0, 0
260, 3, 349, 353, 7, 0, 49.63%, 0, 0, 6, 1983.77, 499181, 202, 0, 0
265, 3, 312, 353, 5, 0, 49.63%, 0, 0, 6, 1929.52, 508948, 202, 0, 0
270, 4, 355, 356, 5, 0, 50.12%, 0, 0, 6, 1925.64, 518614, 204, 0, 0
275, 4, 30, 356, 3, 0, 50.12%, 0, 0, 6, 1937.63, 528315, 204, 0, 0
280, 4, 343, 356, 3, 0, 50.12%, 0, 0, 6, 1983.33, 538292, 204, 0, 0
285, 4, 222, 357, 4, 0, 50.12%, 0, 0, 7, 2051.20, 548949, 204, 0, 0
290, 5, 282, 358, 4, 0, 50.12%, 0, 0, 7, 1970.80, 559064, 204, 0, 0
296, 5, 355, 358, 2, 0, 50.12%, 0, 0, 7, 1869.50, 568973, 204, 0, 0
299, 5, 352, 359, 3, 0, 50.12%, 0, 0, 7, 1929.89, 575243, 204, 0, 0
