# relative_time, cycles_done, cur_item, corpus_count, pending_total, pending_favs, map_size, saved_crashes, saved_hangs, max_depth, execs_per_sec, total_execs, edges_found, total_crashes, servers_count
60, 0, 9, 76, 71, 5, 31.70%, 0, 0, 2, 476.84, 27187, 129, 0, 0
66, 0, 9, 77, 72, 5, 31.70%, 0, 0, 2, 426.81, 29398, 129, 0, 0
71, 0, 9, 77, 72, 5, 31.70%, 0, 0, 2, 443.79, 31670, 129, 0, 0
76, 0, 9, 78, 73, 5, 31.70%, 0, 0, 2, 509.78, 34266, 129, 0, 0
81, 0, 9, 78, 73, 5, 31.70%, 0, 0, 2, 438.09, 36413, 129, 0, 0
86, 0, 9, 78, 73, 5, 31.70%, 0, 0, 2, 433.08, 38637, 129, 0, 0
91, 0, 9, 80, 75, 5, 31.70%, 0, 0, 2, 425.89, 40788, 129, 0, 0
96, 0, 9, 80, 75, 5, 31.70%, 0, 0, 2, 427.42, 42964, 129, 0, 0
101, 0, 9, 80, 75, 5, 31.70%, 0, 0, 2, 423.36, 45068, 129, 0, 0
106, 0, 9, 81, 76, 5, 31.70%, 0, 0, 2, 424.00, 47171, 129, 0, 0
111, 0, 9, 82, 77, 5, 31.70%, 0, 0, 2, 423.00, 49338, 129, 0, 0
116, 0, 9, 82, 77, 5, 31.70%, 0, 0, 2, 410.21, 51402, 129, 0, 0
121, 0, 9, 82, 77, 5, 31.70%, 0, 0, 2, 408.28, 53466, 129, 0, 0
126, 0, 53, 174, 168, 36, 46.19%, 0, 0, 2, 408.16, 55505, 188, 0, 0
131, 0, 34, 175, 161, 29, 46.44%, 0, 0, 3, 409.44, 57639, 189, 0, 0
137, 0, 3, 175, 159, 28, 46.44%, 0, 0, 3, 405.49, 59633, 189, 0, 0
142, 0, 99, 179, 162, 28, 46.93%, 0, 0, 3, 424.36, 61791, 191, 0, 0
147, 0, 99, 183, 166, 28, 47.17%, 0, 0, 3, 421.19, 63883, 192, 0, 0
152, 0, 99, 184, 167, 28, 47.17%, 0, 0, 3, 398.44, 65917, 192, 0, 0
157, 0, 99, 186, 169, 28, 47.42%, 0, 0, 3, 407.25, 68058, 193, 0, 0
162, 0, 99, 190, 173, 28, 47.42%, 0, 0, 3, 399.88, 70094, 193, 0, 0
167, 0, 99, 190, 173, 28, 47.42%, 0, 0, 3, 400.48, 72175, 193, 0, 0
172, 0, 105, 191, 172, 29, 47.42%, 0, 0, 3, 395.51, 74126, 193, 0, 0
177, 0, 85, 191, 171, 28, 47.42%, 0, 0, 3, 427.27, 76240, 193, 0, 0
182, 0, 32, 192, 168, 25, 47.67%, 0, 0, 3, 424.61, 78390, 194, 0, 0
187, 0, 184, 192, 165, 22, 47.67%, 0, 0, 3, 454.58, 80708, 194, 0, 0
193, 0, 184, 209, 182, 22, 47.67%, 0, 0, 3, 442.06, 82909, 194, 0, 0
198, 0, 184, 232, 205, 22, 47.67%, 0, 0, 3, 411.59, 84993, 194, 0, 0
203, 0, 184, 239, 212, 22, 47.67%, 0, 0, 3, 453.99, 87336, 194, 0, 0
208, 0, 184, 239, 212, 22, 47.67%, 0, 0, 3, 423.82, 89482, 194, 0, 0
213, 0, 184, 241, 214, 22, 47.67%, 0, 0, 3, 454.03, 91958, 194, 0, 0
218, 0, 184, 244, 217, 22, 47.91%, 0, 0, 3, 442.81, 94133, 195, 0, 0
223, 0, 184, 245, 218, 22, 47.91%, 0, 0, 3, 441.29, 96362, 195, 0, 0
228, 0, 184, 247, 220, 22, 47.91%, 0, 0, 3, 399.13, 98317, 195, 0, 0
233, 0, 184, 247, 220, 22, 47.91%, 0, 0, 3, 412.11, 100450, 195, 0, 0
239, 0, 184, 248, 221, 22, 47.91%, 0, 0, 3, 395.63, 102489, 195, 0, 0
244, 0, 184, 251, 224, 22, 47.91%, 0, 0, 3, 416.93, 104542, 195, 0, 0
249, 0, 184, 252, 225, 22, 47.91%, 0, 0, 3, 444.72, 106845, 195, 0, 0
254, 0, 184, 252, 225, 22, 47.91%, 0, 0, 3, 426.97, 108941, 195, 0, 0
259, 0, 184, 252, 225, 22, 47.91%, 0, 0, 3, 388.22, 110973, 195, 0, 0
264, 0, 229, 252, 224, 23, 47.91%, 0, 0, 3, 411.98, 113069, 195, 0, 0
269, 0, 219, 252, 222, 21, 47.91%, 0, 0, 3, 398.48, 115083, 195, 0, 0
274, 0, 242, 252, 219, 20, 47.91%, 0, 0, 3, 400.99, 117263, 195, 0, 0
279, 0, 109, 252, 218, 19, 47.91%, 0, 0, 3, 410.71, 119403, 195, 0, 0
284, 0, 119, 252, 215, 16, 47.91%, 0, 0, 3, 415.17, 121522, 195, 0, 0
290, 0, 164, 269, 231, 15, 47.91%, 0, 0, 3, 426.40, 123646, 195, 0, 0
295, 0, 269, 279, 240, 16, 49.63%, 0, 0, 3, 416.50, 125734, 202, 0, 0
300, 0, 175, 279, 236, 16, 49.63%, 0, 0, 3, 423.38, 127873, 202, 0, 0
305, 0, 278, 279, 233, 11, 49.63%, 0, 0, 3, 462.77, 130264, 202, 0, 0
310, 0, 88, 279, 229, 7, 49.63%, 0, 0, 3, 448.39, 132501, 202, 0, 0
315, 0, 154, 281, 228, 4, 49.63%, 0, 0, 3, 484.79, 135043, 202, 0, 0
320, 0, 92, 282, 228, 3, 49.63%, 0, 0, 3, 467.16, 137400, 202, 0, 0
325, 0, 92, 282, 228, 3, 49.63%, 0, 0, 3, 392.83, 139264, 202, 0, 0
330, 0, 92, 282, 228, 3, 49.63%, 0, 0, 3, 379.86, 141224, 202, 0, 0
335, 0, 92, 282, 228, 3, 49.63%, 0, 0, 3, 363.66, 143067, 202, 0, 0
340, 0, 29, 286, 229, 1, 49.63%, 0, 0, 3, 414.43, 145173, 202, 0, 0
346, 0, 229, 302, 243, 0, 49.63%, 0, 0, 4, 421.36, 147345, 202, 0, 0
351, 0, 229, 302, 242, 0, 49.63%, 0, 0, 4, 428.37, 149540, 202, 0, 0
356, 0, 302, 303, 242, 1, 49.88%, 0, 0, 4, 412.70, 151580, 203, 0, 0
361, 0, 223, 303, 240, 0, 49.88%, 0, 0, 4, 411.68, 153638, 203, 0, 0
366, 0, 144, 303, 237, 0, 49.88%, 0, 0, 4, 436.29, 155894, 203, 0, 0
371, 0, 271, 303, 236, 0, 49.88%, 0, 0, 4, 430.47, 158106, 203, 0, 0
376, 0, 178, 303, 234, 0, 49.88%, 0, 0, 4, 452.94, 160335, 203, 0, 0
381, 0, 176, 303, 232, 0, 49.88%, 0, 0, 4, 421.73, 162433, 203, 0, 0
386, 0, 53, 303, 230, 0, 49.88%, 0, 0, 4, 422.88, 164603, 203, 0, 0
391, 0, 85, 303, 229, 0, 49.88%, 0, 0, 4, 394.84, 166633, 203, 0, 0
396, 0, 282, 303, 227, 0, 49.88%, 0, 0, 4, 404.99, 168674, 203, 0, 0
401, 0, 61, 303, 224, 0, 49.88%, 0, 0, 4, 393.29, 170671, 203, 0, 0
407, 0, 246, 303, 223, 0, 49.88%, 0, 0, 4, 408.32, 172780, 203, 0, 0
412, 0, 39, 304, 221, 0, 49.88%, 0, 0, 4, 412.31, 174893, 203, 0, 0
417, 0, 209, 304, 217, 0, 49.88%, 0, 0, 4, 433.02, 177088, 203, 0, 0
422, 0, 24, 305, 216, 0, 49.88%, 0, 0, 4, 421.98, 179229, 203, 0, 0
427, 0, 147, 311, 222, 0, 49.88%, 0, 0, 4, 433.92, 181374, 203, 0, 0
432, 0, 147, 311, 222, 0, 49.88%, 0, 0, 4, 470.11, 183788, 203, 0, 0
437, 0, 147, 312, 223, 0, 49.88%, 0, 0, 4, 429.24, 185957, 203, 0, 0
442, 0, 147, 312, 223, 0, 49.88%, 0, 0, 4, 386.71, 187929, 203, 0, 0
447, 0, 193, 313, 223, 0, 49.88%, 0, 0, 4, 408.47, 190073, 203, 0, 0
452, 0, 41, 314, 222, 0, 49.88%, 0, 0, 4, 441.93, 192366, 203, 0, 0
458, 0, 277, 315, 221, 0, 49.88%, 0, 0, 4, 431.34, 194576, 203, 0, 0
463, 0, 238, 322, 228, 0, 49.88%, 0, 0, 4, 423.57, 196719, 203, 0, 0
468, 0, 238, 322, 228, 0, 49.88%, 0, 0, 4, 420.74, 198903, 203, 0, 0
473, 0, 238, 322, 228, 0, 49.88%, 0, 0, 4, 437.57, 201071, 203, 0, 0
478, 0, 238, 322, 228, 0, 49.88%, 0, 0, 4, 422.34, 203167, 203, 0, 0
483, 0, 238, 322, 228, 0, 49.88%, 0, 0, 4, 413.15, 205303, 203, 0, 0
488, 0, 195, 322, 224, 0, 49.88%, 0, 0, 4, 412.44, 207427, 203, 0, 0
493, 0, 228, 322, 223, 0, 49.88%, 0, 0, 4, 419.78, 209576, 203, 0, 0
498, 0, 110, 323, 221, 0, 49.88%, 0, 0, 4, 404.71, 211606, 203, 0, 0
503, 0, 53, 323, 219, 0, 49.88%, 0, 0, 4, 403.74, 213646, 203, 0, 0
508, 0, 187, 324, 216, 0, 49.88%, 0, 0, 4, 444.98, 215845, 203, 0, 0
513, 0, 314, 325, 215, 0, 49.88%, 0, 0, 4, 400.26, 217829, 203, 0, 0
518, 0, 98, 327, 216, 0, 49.88%, 0, 0, 5, 415.31, 219957, 203, 0, 0
524, 0, 253, 327, 214, 0, 49.88%, 0, 0, 5, 403.19, 221977, 203, 0, 0
529, 0, 234, 327, 212, 0, 49.88%, 0, 0, 5, 425.76, 224139, 203, 0, 0
534, 0, 241, 327, 210, 0, 49.88%, 0, 0, 5, 419.22, 226295, 203, 0, 0
539, 0, 221, 327, 209, 0, 49.88%, 0, 0, 5, 413.05, 228372, 203, 0, 0
544, 0, 82, 327, 207, 0, 49.88%, 0, 0, 5, 403.20, 230332, 203, 0, 0
549, 0, 96, 327, 205, 0, 49.88%, 0, 0, 5, 381.83, 232295, 203, 0, 0
554, 0, 53, 327, 202, 0, 49.88%, 0, 0, 5, 397.47, 234399, 203, 0, 0
559, 0, 151, 330, 205, 0, 49.88%, 0, 0, 5, 418.38, 236568, 203, 0, 0
564, 0, 212, 330, 203, 0, 49.88%, 0, 0, 5, 419.28, 238703, 203, 0, 0
569, 0, 276, 331, 202, 0, 49.88%, 0, 0, 5, 437.91, 240906, 203, 0, 0
574, 0, 268, 332, 201, 0, 49.88%, 0, 0, 5, 426.88, 243087, 203, 0, 0
580, 0, 248, 332, 199, 0, 49.88%, 0, 0, 5, 428.68, 245229, 203, 0, 0
585, 0, 293, 332, 195, 0, 49.88%, 0, 0, 5, 414.41, 247331, 203, 0, 0
590, 0, 210, 332, 193, 0, 49.88%, 0, 0, 5, 451.96, 249529, 203, 0, 0
595, 0, 192, 332, 192, 0, 49.88%, 0, 0, 5, 429.80, 251638, 203, 0, 0
600, 0, 92, 332, 189, 0, 49.88%, 0, 0, 5, 417.34, 253734, 203, 0, 0
605, 1, 157, 332, 188, 0, 49.88%, 0, 0, 5, 426.37, 255871, 203, 0, 0
610, 1, 305, 332, 186, 0, 49.88%, 0, 0, 5, 407.93, 257911, 203, 0, 0
615, 1, 310, 332, 184, 0, 49.88%, 0, 0, 5, 402.21, 259963, 203, 0, 0
620, 1, 103, 332, 181, 0, 49.88%, 0, 0, 5, 392.24, 261969, 203, 0, 0
625, 1, 181, 334, 180, 0, 49.88%, 0, 0, 5, 400.31, 263975, 203, 0, 0
630, 1, 295, 334, 178, 0, 49.88%, 0, 0, 5, 395.57, 265973, 203, 0, 0
635, 1, 250, 334, 177, 0, 49.88%, 0, 0, 5, 427.12, 268198, 203, 0, 0
640, 1, 249, 334, 175, 0, 49.88%, 0, 0, 5, 438.59, 270414, 203, 0, 0
645, 1, 325, 334, 173, 0, 49.88%, 0, 0, 5, 432.76, 272629, 203, 0, 0
650, 1, 262, 335, 170, 0, 49.88%, 0, 0, 5, 420.38, 274711, 203, 0, 0
656, 1, 218, 337, 170, 0, 49.88%, 0, 0, 5, 429.20, 276933, 203, 0, 0
661, 1, 179, 338, 169, 0, 49.88%, 0, 0, 5, 426.21, 279080, 203, 0, 0
666, 1, 326, 339, 168, 0, 49.88%, 0, 0, 6, 418.96, 281241, 203, 0, 0
671, 1, 340, 341, 169, 1, 50.12%, 0, 0, 6, 410.29, 283312, 204, 0, 0
676, 1, 311, 341, 167, 0, 50.12%, 0, 0, 6, 409.28, 285385, 204, 0, 0
681, 1, 245, 341, 164, 0, 50.12%, 0, 0, 6, 420.94, 287571, 204, 0, 0
686, 1, 94, 341, 162, 0, 50.12%, 0, 0, 6, 407.56, 289619, 204, 0, 0
691, 1, 161, 346, 166, 0, 50.12%, 0, 0, 6, 425.42, 291790, 204, 0, 0
696, 1, 161, 350, 170, 0, 50.12%, 0, 0, 6, 447.60, 294098, 204, 0, 0
701, 1, 161, 350, 170, 0, 50.12%, 0, 0, 6, 417.13, 296178, 204, 0, 0
706, 1, 161, 350, 170, 0, 50.12%, 0, 0, 6, 436.33, 298354, 204, 0, 0
712, 1, 161, 350, 170, 0, 50.12%, 0, 0, 6, 416.20, 300466, 204, 0, 0
717, 1, 161, 351, 171, 0, 50.12%, 0, 0, 6, 411.17, 302577, 204, 0, 0
722, 1, 169, 351, 170, 0, 50.12%, 0, 0, 6, 400.41, 304689, 204, 0, 0
727, 1, 146, 351, 167, 0, 50.12%, 0, 0, 6, 437.72, 306989, 204, 0, 0
732, 1, 102, 351, 165, 0, 50.12%, 0, 0, 6, 433.71, 309172, 204, 0, 0
737, 1, 272, 351, 163, 0, 50.12%, 0, 0, 6, 429.91, 311285, 204, 0, 0
742, 1, 306, 352, 161, 0, 50.12%, 0, 0, 6, 457.95, 313654, 204, 0, 0
747, 1, 231, 352, 159, 0, 50.12%, 0, 0, 6, 434.19, 315828, 204, 0, 0
752, 1, 345, 352, 156, 0, 50.12%, 0, 0, 6, 458.20, 318109, 204, 0, 0
757, 1, 342, 352, 152, 0, 50.12%, 0, 0, 6, 425.55, 320243, 204, 0, 0
763, 1, 233, 352, 150, 0, 50.12%, 0, 0, 6, 413.25, 322383, 204, 0, 0
768, 1, 80, 352, 146, 0, 50.12%, 0, 0, 6, 438.25, 324602, 204, 0, 0
773, 1, 214, 352, 144, 0, 50.12%, 0, 0, 6, 446.43, 326829, 204, 0, 0
778, 1, 49, 352, 141, 0, 50.12%, 0, 0, 6, 463.31, 329285, 204, 0, 0
783, 1, 337, 353, 139, 0, 50.12%, 0, 0, 6, 405.00, 331237, 204, 0, 0
788, 1, 205, 354, 138, 0, 50.12%, 0, 0, 6, 408.24, 333217, 204, 0, 0
793, 1, 352, 354, 135, 0, 50.12%, 0, 0, 6, 422.82, 335407, 204, 0, 0
798, 1, 270, 354, 133, 0, 50.12%, 0, 0, 6, 428.06, 337571, 204, 0, 0
803, 1, 315, 354, 131, 0, 50.12%, 0, 0, 6, 418.88, 339673, 204, 0, 0
808, 1, 265, 354, 129, 0, 50.12%, 0, 0, 6, 467.38, 342025, 204, 0, 0
813, 1, 330, 354, 125, 0, 50.12%, 0, 0, 6, 448.63, 344331, 204, 0, 0
818, 1, 347, 354, 123, 0, 50.12%, 0, 0, 6, 448.67, 346609, 204, 0, 0
823, 1, 41, 355, 122, 0, 50.37%, 0, 0, 6, 415.62, 348709, 205, 0, 0
828, 1, 354, 359, 126, 1, 50.86%, 0, 0, 6, 376.81, 350588, 207, 0, 0
834, 1, 354, 359, 126, 1, 50.86%, 0, 0, 6, 354.71, 352339, 207, 0, 0
839, 1, 200, 359, 123, 0, 50.86%, 0, 0, 6, 392.30, 354320, 207, 0, 0
844, 1, 318, 359, 122, 0, 50.86%, 0, 0, 6, 402.10, 356417, 207, 0, 0
849, 1, 119, 361, 121, 0, 50.86%, 0, 0, 6, 434.25, 358704, 207, 0, 0
854, 1, 173, 361, 120, 0, 50.86%, 0, 0, 6, 427.67, 360820, 207, 0, 0
859, 1, 180, 361, 118, 0, 50.86%, 0, 0, 6, 412.69, 362952, 207, 0, 0
864, 1, 288, 361, 115, 0, 50.86%, 0, 0, 6, 398.86, 364980, 207, 0, 0
869, 1, 108, 361, 114, 0, 50.86%, 0, 0, 6, 388.04, 366991, 207, 0, 0
874, 1, 73, 361, 110, 0, 50.86%, 0, 0, 6, 399.34, 368984, 207, 0, 0
880, 1, 356, 362, 109, 0, 50.86%, 0, 0, 6, 409.73, 371138, 207, 0, 0
885, 1, 281, 362, 107, 0, 50.86%, 0, 0, 6, 412.50, 373232, 207, 0, 0
890, 1, 236, 362, 101, 0, 50.86%, 0, 0, 6, 433.12, 375395, 207, 0, 0
895, 1, 266, 362, 99, 0, 50.86%, 0, 0, 6, 421.42, 377486, 207, 0, 0
900, 1, 333, 362, 97, 0, 50.86%, 0, 0, 6, 413.13, 379549, 207, 0, 0
900, 1, 333, 362, 97, 0, 50.86%, 0, 0, 6, 418.07, 379822, 207, 0, 0
