# relative_time, cycles_done, cur_item, corpus_count, pending_total, pending_favs, map_size, saved_crashes, saved_hangs, max_depth, execs_per_sec, total_execs, edges_found, total_crashes, servers_count
61, 0, 9, 66, 61, 4, 30.47%, 0, 0, 2, 428.40, 26873, 124, 0, 0
66, 0, 9, 66, 61, 4, 30.47%, 0, 0, 2, 403.56, 28841, 124, 0, 0
71, 0, 9, 67, 62, 4, 30.47%, 0, 0, 2, 425.25, 31016, 124, 0, 0
76, 0, 9, 67, 62, 4, 30.47%, 0, 0, 2, 445.31, 33288, 124, 0, 0
81, 0, 9, 67, 62, 4, 30.47%, 0, 0, 2, 447.69, 35584, 124, 0, 0
86, 0, 9, 67, 62, 4, 30.47%, 0, 0, 2, 468.43, 38004, 124, 0, 0
91, 0, 9, 67, 62, 4, 30.47%, 0, 0, 2, 436.92, 40218, 124, 0, 0
96, 0, 9, 67, 62, 4, 30.47%, 0, 0, 2, 460.79, 42477, 124, 0, 0
101, 0, 9, 67, 62, 4, 30.47%, 0, 0, 2, 431.40, 44568, 124, 0, 0
106, 0, 9, 68, 63, 4, 30.47%, 0, 0, 2, 391.20, 46506, 124, 0, 0
111, 0, 9, 69, 64, 4, 30.47%, 0, 0, 2, 428.08, 48702, 124, 0, 0
117, 0, 9, 70, 65, 4, 30.47%, 0, 0, 2, 412.88, 50789, 124, 0, 0
122, 0, 9, 70, 65, 4, 30.47%, 0, 0, 2, 397.62, 52806, 124, 0, 0
127, 0, 113, 114, 107, 29, 40.29%, 0, 0, 3, 433.24, 55053, 164, 0, 0
132, 0, 71, 120, 106, 21, 40.29%, 0, 0, 3, 480.73, 57503, 164, 0, 0
137, 0, 3, 129, 114, 21, 40.29%, 0, 0, 3, 400.34, 59553, 164, 0, 0
142, 0, 69, 130, 113, 20, 40.79%, 0, 0, 3, 433.11, 61734, 166, 0, 0
147, 0, 69, 138, 121, 20, 40.79%, 0, 0, 3, 439.61, 63927, 166, 0, 0
152, 0, 69, 140, 123, 20, 40.79%, 0, 0, 3, 434.30, 66229, 166, 0, 0
157, 0, 69, 143, 126, 20, 40.79%, 0, 0, 3, 442.43, 68418, 166, 0, 0
162, 0, 69, 143, 126, 20, 40.79%, 0, 0, 3, 444.20, 70634, 166, 0, 0
167, 0, 75, 143, 125, 18, 40.79%, 0, 0, 3, 415.10, 72662, 166, 0, 0
173, 0, 70, 143, 122, 15, 40.79%, 0, 0, 3, 434.45, 74916, 166, 0, 0
178, 0, 144, 145, 122, 15, 41.77%, 0, 0, 3, 438.08, 77176, 170, 0, 0
183, 0, 145, 151, 127, 16, 42.01%, 0, 0, 3, 424.07, 79335, 171, 0, 0
188, 0, 149, 153, 127, 14, 42.26%, 0, 0, 4, 459.73, 81679, 172, 0, 0
193, 0, 152, 154, 127, 14, 42.26%, 0, 0, 4, 475.65, 84042, 172, 0, 0
198, 0, 153, 168, 140, 13, 42.26%, 0, 0, 5, 453.22, 86378, 172, 0, 0
203, 0, 153, 188, 160, 13, 42.26%, 0, 0, 5, 431.33, 88576, 172, 0, 0
208, 0, 153, 190, 162, 13, 42.26%, 0, 0, 5, 414.84, 90670, 172, 0, 0
213, 0, 153, 195, 167, 13, 42.51%, 0, 0, 5, 420.49, 92849, 173, 0, 0
218, 0, 153, 200, 172, 13, 42.51%, 0, 0, 5, 396.04, 94824, 173, 0, 0
223, 0, 153, 200, 172, 13, 42.51%, 0, 0, 5, 413.17, 96940, 173, 0, 0
228, 0, 153, 200, 172, 13, 42.51%, 0, 0, 5, 427.76, 99084, 173, 0, 0
233, 0, 191, 201, 172, 14, 42.51%, 0, 0, 5, 435.90, 101224, 173, 0, 0
238, 0, 189, 201, 171, 13, 42.51%, 0, 0, 5, 407.47, 103260, 173, 0, 0
244, 0, 127, 204, 173, 12, 42.51%, 0, 0, 6, 452.33, 105558, 173, 0, 0
249, 0, 142, 208, 176, 11, 42.51%, 0, 0, 6, 450.28, 107819, 173, 0, 0
254, 0, 142, 209, 177, 11, 42.51%, 0, 0, 6, 438.90, 110026, 173, 0, 0
259, 0, 142, 210, 178, 11, 42.51%, 0, 0, 6, 441.91, 112233, 173, 0, 0
264, 0, 142, 210, 178, 11, 42.51%, 0, 0, 6, 422.90, 114361, 173, 0, 0
269, 0, 142, 211, 179, 11, 42.51%, 0, 0, 6, 365.99, 116239, 173, 0, 0
274, 0, 142, 212, 180, 11, 42.51%, 0, 0, 6, 445.13, 118593, 173, 0, 0
279, 0, 142, 215, 183, 11, 42.51%, 0, 0, 6, 474.86, 121053, 173, 0, 0
284, 0, 142, 215, 183, 11, 42.51%, 0, 0, 6, 458.59, 123457, 173, 0, 0
289, 0, 142, 215, 183, 11, 42.51%, 0, 0, 6, 424.27, 125597, 173, 0, 0
294, 0, 142, 216, 184, 11, 42.75%, 0, 0, 6, 396.54, 127622, 174, 0, 0
300, 0, 142, 217, 185, 11, 42.75%, 0, 0, 6, 403.36, 129667, 174, 0, 0
305, 0, 142, 217, 185, 11, 42.75%, 0, 0, 6, 407.77, 131699, 174, 0, 0
310, 0, 142, 217, 185, 11, 42.75%, 0, 0, 6, 425.61, 133915, 174, 0, 0
315, 0, 142, 217, 185, 11, 42.75%, 0, 0, 6, 424.72, 136139, 174, 0, 0
320, 0, 142, 217, 185, 11, 42.75%, 0, 0, 6, 437.25, 138347, 174, 0, 0
325, 0, 142, 217, 185, 11, 42.75%, 0, 0, 6, 422.77, 140500, 174, 0, 0
330, 0, 142, 217, 185, 11, 42.75%, 0, 0, 6, 443.66, 142796, 174, 0, 0
335, 0, 142, 217, 185, 11, 42.75%, 0, 0, 6, 407.10, 144764, 174, 0, 0
340, 0, 207, 218, 182, 9, 42.75%, 0, 0, 6, 422.97, 146905, 174, 0, 0
346, 0, 15, 219, 182, 7, 42.75%, 0, 0, 6, 421.61, 149056, 174, 0, 0
351, 0, 100, 219, 180, 5, 42.75%, 0, 0, 6, 400.00, 151122, 174, 0, 0
356, 0, 100, 219, 180, 5, 42.75%, 0, 0, 6, 399.73, 153146, 174, 0, 0
361, 0, 217, 219, 177, 2, 42.75%, 0, 0, 6, 404.37, 155145, 174, 0, 0
366, 0, 77, 219, 175, 0, 42.75%, 0, 0, 6, 399.72, 157152, 174, 0, 0
371, 0, 189, 219, 173, 0, 42.75%, 0, 0, 6, 409.43, 159259, 174, 0, 0
376, 0, 219, 220, 171, 1, 43.24%, 0, 0, 6, 385.09, 161143, 176, 0, 0
381, 0, 37, 221, 167, 0, 43.24%, 0, 0, 6, 433.08, 163421, 176, 0, 0
386, 0, 146, 222, 167, 0, 43.24%, 0, 0, 6, 426.26, 165549, 176, 0, 0
391, 0, 194, 224, 168, 0, 43.24%, 0, 0, 6, 432.92, 167849, 176, 0, 0
396, 0, 160, 234, 176, 0, 43.24%, 0, 0, 6, 434.25, 170053, 176, 0, 0
401, 0, 160, 238, 180, 0, 43.24%, 0, 0, 6, 410.93, 172185, 176, 0, 0
406, 0, 160, 239, 181, 0, 43.24%, 0, 0, 6, 436.12, 174384, 176, 0, 0
412, 0, 160, 239, 181, 0, 43.24%, 0, 0, 6, 457.58, 176635, 176, 0, 0
417, 0, 160, 240, 182, 0, 43.24%, 0, 0, 6, 410.37, 178607, 176, 0, 0
422, 0, 230, 242, 182, 0, 43.24%, 0, 0, 7, 443.96, 180791, 176, 0, 0
427, 0, 114, 243, 181, 0, 43.24%, 0, 0, 7, 408.51, 182881, 176, 0, 0
432, 0, 234, 244, 179, 0, 43.24%, 0, 0, 7, 425.67, 185093, 176, 0, 0
437, 0, 117, 246, 179, 0, 43.24%, 0, 0, 7, 417.45, 187222, 176, 0, 0
442, 0, 145, 246, 176, 0, 43.24%, 0, 0, 7, 428.77, 189383, 176, 0, 0
447, 0, 198, 248, 177, 0, 43.24%, 0, 0, 7, 415.80, 191466, 176, 0, 0
452, 0, 55, 251, 178, 0, 43.24%, 0, 0, 7, 407.89, 193543, 176, 0, 0
457, 0, 124, 252, 177, 0, 43.24%, 0, 0, 7, 438.29, 195797, 176, 0, 0
463, 0, 225, 252, 175, 0, 43.24%, 0, 0, 7, 421.68, 197972, 176, 0, 0
468, 0, 162, 252, 173, 0, 43.24%, 0, 0, 7, 409.44, 200005, 176, 0, 0
473, 0, 247, 252, 172, 0, 43.24%, 0, 0, 7, 426.20, 202165, 176, 0, 0
478, 0, 26, 253, 172, 0, 43.24%, 0, 0, 7, 423.32, 204248, 176, 0, 0
483, 0, 171, 254, 172, 0, 43.24%, 0, 0, 7, 441.03, 206447, 176, 0, 0
488, 0, 254, 255, 171, 1, 43.49%, 0, 0, 7, 421.83, 208561, 177, 0, 0
493, 0, 117, 255, 168, 0, 43.49%, 0, 0, 7, 437.36, 210804, 177, 0, 0
498, 0, 75, 255, 165, 0, 43.49%, 0, 0, 7, 442.48, 212995, 177, 0, 0
503, 0, 176, 255, 163, 0, 43.49%, 0, 0, 7, 417.23, 215073, 177, 0, 0
508, 0, 207, 255, 161, 0, 43.49%, 0, 0, 7, 406.12, 217166, 177, 0, 0
513, 0, 184, 255, 159, 0, 43.49%, 0, 0, 7, 435.89, 219363, 177, 0, 0
518, 0, 221, 255, 157, 0, 43.49%, 0, 0, 7, 437.16, 221612, 177, 0, 0
523, 0, 230, 255, 154, 0, 43.49%, 0, 0, 7, 442.38, 223906, 177, 0, 0
528, 0, 45, 255, 152, 0, 43.49%, 0, 0, 7, 387.99, 225815, 177, 0, 0
534, 0, 193, 255, 148, 0, 43.49%, 0, 0, 7, 385.99, 227760, 177, 0, 0
539, 0, 166, 255, 147, 0, 43.49%, 0, 0, 7, 431.55, 230012, 177, 0, 0
544, 0, 126, 255, 145, 0, 43.49%, 0, 0, 7, 449.61, 232244, 177, 0, 0
549, 1, 244, 257, 144, 0, 43.49%, 0, 0, 7, 446.11, 234595, 177, 0, 0
554, 1, 183, 257, 142, 0, 43.49%, 0, 0, 7, 429.72, 236745, 177, 0, 0
559, 1, 79, 259, 142, 0, 43.49%, 0, 0, 7, 444.46, 238967, 177, 0, 0
564, 1, 240, 263, 145, 0, 43.49%, 0, 0, 8, 456.81, 241276, 177, 0, 0
569, 1, 154, 263, 144, 0, 43.49%, 0, 0, 8, 421.53, 243316, 177, 0, 0
574, 1, 226, 263, 142, 0, 43.49%, 0, 0, 8, 442.28, 245580, 177, 0, 0
579, 1, 128, 264, 140, 0, 43.49%, 0, 0, 8, 424.03, 247708, 177, 0, 0
585, 1, 134, 264, 137, 0, 43.49%, 0, 0, 8, 429.36, 249933, 177, 0, 0
590, 1, 236, 264, 134, 0, 43.49%, 0, 0, 8, 476.42, 252391, 177, 0, 0
595, 1, 150, 264, 131, 0, 43.49%, 0, 0, 8, 417.34, 254513, 177, 0, 0
600, 1, 50, 265, 128, 0, 43.49%, 0, 0, 8, 402.53, 256575, 177, 0, 0
605, 1, 7, 265, 122, 0, 43.49%, 0, 0, 8, 422.29, 258647, 177, 0, 0
610, 1, 265, 268, 123, 2, 44.47%, 0, 0, 8, 414.97, 260781, 181, 0, 0
615, 1, 228, 268, 121, 0, 44.47%, 0, 0, 8, 412.45, 262867, 181, 0, 0
620, 1, 268, 269, 120, 1, 44.72%, 0, 0, 8, 412.72, 264913, 182, 0, 0
625, 1, 23, 271, 121, 0, 44.72%, 0, 0, 8, 432.52, 267104, 182, 0, 0
630, 1, 23, 273, 123, 0, 44.96%, 0, 0, 8, 381.83, 268985, 183, 0, 0
635, 1, 23, 275, 125, 0, 45.95%, 0, 0, 8, 387.88, 271050, 187, 0, 0
640, 1, 23, 276, 126, 0, 46.19%, 0, 0, 8, 411.65, 273187, 188, 0, 0
646, 1, 273, 286, 135, 3, 46.93%, 0, 0, 8, 424.15, 275321, 191, 0, 0
651, 1, 273, 291, 140, 3, 46.93%, 0, 0, 8, 419.28, 277492, 191, 0, 0
656, 1, 273, 293, 142, 3, 46.93%, 0, 0, 8, 428.51, 279698, 191, 0, 0
661, 1, 273, 293, 142, 3, 46.93%, 0, 0, 8, 412.60, 281730, 191, 0, 0
666, 1, 273, 293, 142, 3, 46.93%, 0, 0, 8, 444.90, 283962, 191, 0, 0
671, 1, 273, 295, 144, 3, 46.93%, 0, 0, 8, 426.50, 286176, 191, 0, 0
676, 1, 276, 298, 143, 3, 46.93%, 0, 0, 8, 457.27, 288499, 191, 0, 0
681, 1, 275, 302, 146, 2, 47.17%, 0, 0, 8, 417.91, 290591, 192, 0, 0
686, 1, 275, 303, 147, 2, 47.17%, 0, 0, 8, 400.08, 292608, 192, 0, 0
691, 1, 275, 304, 148, 2, 47.17%, 0, 0, 8, 429.28, 294725, 192, 0, 0
696, 1, 275, 305, 149, 2, 47.17%, 0, 0, 8, 416.12, 296772, 192, 0, 0
701, 1, 275, 305, 149, 2, 47.17%, 0, 0, 8, 413.71, 298852, 192, 0, 0
707, 1, 275, 305, 149, 2, 47.17%, 0, 0, 8, 418.97, 300908, 192, 0, 0
712, 1, 275, 305, 149, 2, 47.17%, 0, 0, 8, 431.32, 303068, 192, 0, 0
717, 1, 275, 305, 149, 2, 47.17%, 0, 0, 8, 402.39, 305108, 192, 0, 0
722, 1, 275, 305, 149, 2, 47.17%, 0, 0, 8, 417.03, 307236, 192, 0, 0
727, 1, 275, 305, 149, 2, 47.17%, 0, 0, 8, 411.39, 309244, 192, 0, 0
732, 1, 275, 305, 149, 2, 47.17%, 0, 0, 8, 428.57, 311436, 192, 0, 0
737, 1, 275, 305, 149, 2, 47.17%, 0, 0, 8, 419.37, 313452, 192, 0, 0
742, 1, 275, 306, 150, 2, 47.17%, 0, 0, 8, 381.00, 315393, 192, 0, 0
747, 1, 275, 306, 150, 2, 47.17%, 0, 0, 8, 425.27, 317579, 192, 0, 0
752, 1, 298, 306, 147, 1, 47.17%, 0, 0, 8, 421.38, 319628, 192, 0, 0
757, 1, 298, 307, 144, 0, 47.17%, 0, 0, 8, 413.89, 321672, 192, 0, 0
762, 1, 92, 319, 155, 0, 47.17%, 0, 0, 8, 424.53, 323886, 192, 0, 0
767, 1, 174, 319, 154, 0, 47.17%, 0, 0, 8, 493.06, 326335, 192, 0, 0
773, 1, 303, 319, 151, 0, 47.17%, 0, 0, 8, 426.23, 328385, 192, 0, 0
778, 1, 102, 320, 151, 0, 47.17%, 0, 0, 8, 412.86, 330422, 192, 0, 0
783, 1, 277, 321, 149, 0, 47.17%, 0, 0, 8, 416.52, 332650, 192, 0, 0
788, 1, 232, 321, 147, 0, 47.17%, 0, 0, 8, 410.53, 334706, 192, 0, 0
793, 1, 49, 321, 145, 0, 47.17%, 0, 0, 8, 418.96, 336785, 192, 0, 0
798, 1, 276, 321, 143, 0, 47.17%, 0, 0, 8, 421.58, 338930, 192, 0, 0
803, 1, 307, 321, 142, 0, 47.17%, 0, 0, 8, 436.35, 341166, 192, 0, 0
808, 1, 182, 321, 139, 0, 47.17%, 0, 0, 8, 440.05, 343300, 192, 0, 0
813, 1, 260, 321, 137, 0, 47.17%, 0, 0, 8, 412.32, 345366, 192, 0, 0
818, 1, 314, 321, 135, 0, 47.17%, 0, 0, 8, 400.54, 347328, 192, 0, 0
823, 1, 40, 321, 133, 0, 47.17%, 0, 0, 8, 423.92, 349564, 192, 0, 0
828, 1, 308, 321, 131, 0, 47.17%, 0, 0, 8, 456.19, 351877, 192, 0, 0
834, 1, 148, 322, 129, 0, 47.17%, 0, 0, 8, 435.62, 354104, 192, 0, 0
839, 1, 241, 322, 127, 0, 47.17%, 0, 0, 8, 412.06, 356183, 192, 0, 0
844, 1, 117, 322, 125, 0, 47.17%, 0, 0, 8, 440.39, 358510, 192, 0, 0
849, 1, 276, 322, 122, 0, 47.17%, 0, 0, 8, 445.18, 360758, 192, 0, 0
854, 1, 318, 322, 119, 0, 47.17%, 0, 0, 8, 499.31, 363278, 192, 0, 0
859, 1, 98, 322, 116, 0, 47.17%, 0, 0, 8, 426.06, 365335, 192, 0, 0
864, 1, 55, 322, 112, 0, 47.17%, 0, 0, 8, 405.53, 367432, 192, 0, 0
869, 1, 229, 322, 110, 0, 47.17%, 0, 0, 8, 421.85, 369651, 192, 0, 0
875, 1, 194, 324, 110, 0, 47.17%, 0, 0, 8, 415.89, 371689, 192, 0, 0
880, 1, 105, 324, 106, 0, 47.17%, 0, 0, 8, 426.37, 373871, 192, 0, 0
885, 1, 317, 324, 103, 0, 47.17%, 0, 0, 8, 425.87, 376049, 192, 0, 0
890, 1, 280, 324, 100, 0, 47.17%, 0, 0, 8, 430.19, 378222, 192, 0, 0
895, 1, 215, 325, 98, 0, 47.42%, 0, 0, 8, 418.48, 380285, 193, 0, 0
900, 1, 226, 325, 95, 0, 47.42%, 0, 0, 8, 458.03, 382594, 193, 0, 0
902, 1, 210, 325, 94, 0, 47.42%, 0, 0, 8, 431.00, 383489, 193, 0, 0
