# relative_time, cycles_done, cur_item, corpus_count, pending_total, pending_favs, map_size, saved_crashes, saved_hangs, max_depth, execs_per_sec, total_execs, edges_found, total_crashes, servers_count
60, 0, 9, 85, 80, 4, 30.71%, 0, 0, 2, 436.96, 27624, 125, 0, 0
65, 0, 9, 85, 80, 4, 30.71%, 0, 0, 2, 469.87, 29945, 125, 0, 0
70, 0, 9, 86, 81, 4, 30.71%, 0, 0, 2, 427.80, 32095, 125, 0, 0
76, 0, 9, 87, 82, 4, 30.71%, 0, 0, 2, 442.51, 34336, 125, 0, 0
81, 0, 9, 87, 82, 4, 30.71%, 0, 0, 2, 430.59, 36552, 125, 0, 0
86, 0, 9, 87, 82, 4, 30.71%, 0, 0, 2, 450.22, 38934, 125, 0, 0
91, 0, 9, 88, 83, 4, 30.71%, 0, 0, 2, 448.99, 41239, 125, 0, 0
96, 0, 9, 91, 86, 4, 30.71%, 0, 0, 2, 458.23, 43570, 125, 0, 0
101, 0, 9, 93, 88, 4, 30.71%, 0, 0, 2, 468.74, 46041, 125, 0, 0
106, 0, 9, 94, 89, 4, 30.71%, 0, 0, 2, 415.48, 48025, 125, 0, 0
111, 0, 9, 95, 90, 4, 30.71%, 0, 0, 2, 431.10, 50208, 125, 0, 0
116, 0, 9, 96, 91, 4, 30.71%, 0, 0, 2, 443.53, 52447, 125, 0, 0
121, 0, 18, 116, 110, 29, 34.64%, 0, 0, 2, 418.13, 54535, 141, 0, 0
126, 0, 72, 119, 105, 22, 34.89%, 0, 0, 3, 450.84, 56885, 142, 0, 0
132, 0, 72, 126, 112, 22, 34.89%, 0, 0, 3, 430.87, 59102, 142, 0, 0
137, 0, 72, 130, 116, 22, 34.89%, 0, 0, 3, 429.60, 61234, 142, 0, 0
142, 0, 72, 132, 118, 22, 34.89%, 0, 0, 3, 461.91, 63589, 142, 0, 0
147, 0, 72, 132, 118, 22, 34.89%, 0, 0, 3, 432.98, 65688, 142, 0, 0
152, 0, 101, 135, 120, 19, 35.14%, 0, 0, 3, 418.18, 67830, 143, 0, 0
157, 0, 101, 147, 132, 19, 37.35%, 1, 0, 3, 416.32, 69962, 152, 1, 0
162, 0, 101, 149, 134, 19, 37.35%, 1, 0, 3, 432.29, 72136, 152, 1, 0
167, 0, 101, 151, 136, 19, 37.35%, 1, 0, 3, 428.70, 74302, 152, 1, 0
172, 0, 101, 151, 136, 19, 37.35%, 1, 0, 3, 416.86, 76390, 152, 1, 0
178, 0, 101, 151, 136, 19, 37.35%, 1, 0, 3, 425.46, 78638, 152, 1, 0
183, 0, 101, 152, 137, 19, 37.35%, 1, 0, 3, 423.25, 80749, 152, 1, 0
188, 0, 101, 153, 138, 19, 37.59%, 1, 0, 3, 446.77, 82988, 153, 1, 0
193, 0, 101, 153, 138, 19, 37.59%, 1, 0, 3, 429.79, 85148, 153, 1, 0
198, 0, 101, 154, 139, 19, 37.59%, 1, 0, 3, 465.72, 87603, 153, 1, 0
203, 0, 101, 155, 140, 19, 37.59%, 1, 0, 3, 466.41, 89959, 153, 1, 0
208, 0, 101, 156, 141, 19, 37.59%, 1, 0, 3, 432.09, 92137, 153, 2, 0
213, 0, 101, 156, 141, 19, 37.59%, 1, 0, 3, 411.77, 94169, 153, 2, 0
218, 0, 101, 156, 141, 19, 37.59%, 1, 0, 3, 410.65, 96321, 153, 2, 0
223, 0, 101, 156, 141, 19, 37.59%, 1, 0, 3, 428.75, 98481, 153, 2, 0
228, 0, 101, 156, 141, 19, 37.59%, 1, 0, 3, 412.51, 100553, 153, 2, 0
233, 0, 101, 156, 141, 19, 37.59%, 1, 0, 3, 413.03, 102633, 153, 2, 0
238, 0, 101, 156, 141, 19, 37.59%, 1, 0, 3, 403.83, 104657, 153, 2, 0
243, 0, 101, 157, 142, 19, 37.59%, 1, 0, 3, 435.26, 106864, 153, 2, 0
249, 0, 138, 167, 151, 21, 37.59%, 1, 0, 3, 429.45, 109184, 153, 2, 0
254, 0, 138, 171, 155, 21, 37.59%, 1, 0, 3, 471.51, 111582, 153, 2, 0
259, 0, 138, 174, 158, 21, 37.59%, 1, 0, 3, 458.64, 113934, 153, 2, 0
264, 0, 138, 176, 160, 21, 37.59%, 1, 0, 3, 452.99, 116234, 153, 2, 0
269, 0, 138, 179, 163, 21, 38.33%, 1, 0, 3, 443.89, 118436, 156, 2, 0
274, 0, 138, 181, 165, 21, 38.33%, 1, 0, 3, 416.11, 120474, 156, 2, 0
279, 0, 138, 181, 165, 21, 38.33%, 1, 0, 3, 419.93, 122618, 156, 2, 0
284, 0, 138, 182, 166, 21, 38.33%, 1, 0, 3, 437.94, 124825, 156, 3, 0
289, 0, 138, 182, 166, 21, 38.33%, 1, 0, 3, 426.95, 126993, 156, 3, 0
294, 0, 138, 183, 167, 21, 38.33%, 1, 0, 3, 474.66, 129360, 156, 3, 0
299, 0, 138, 184, 168, 21, 38.33%, 1, 0, 3, 460.71, 131662, 156, 3, 0
304, 0, 138, 184, 168, 21, 38.33%, 1, 0, 3, 461.94, 133975, 156, 3, 0
309, 0, 138, 184, 168, 21, 38.33%, 1, 0, 3, 464.06, 136351, 156, 3, 0
314, 0, 138, 184, 168, 21, 38.33%, 1, 0, 3, 442.64, 138543, 156, 3, 0
319, 0, 138, 184, 168, 21, 38.33%, 1, 0, 3, 427.53, 140543, 156, 3, 0
325, 0, 138, 184, 168, 21, 38.33%, 1, 0, 3, 461.82, 142887, 156, 3, 0
330, 0, 138, 185, 169, 21, 38.33%, 1, 0, 3, 459.23, 145232, 156, 3, 0
335, 0, 138, 187, 171, 21, 38.33%, 1, 0, 3, 439.93, 147516, 156, 3, 0
340, 0, 138, 187, 171, 21, 38.33%, 1, 0, 3, 453.97, 149836, 156, 3, 0
345, 0, 138, 187, 171, 21, 38.33%, 1, 0, 3, 464.56, 152176, 156, 3, 0
350, 0, 138, 187, 171, 21, 38.33%, 1, 0, 3, 437.72, 154444, 156, 3, 0
355, 0, 138, 188, 172, 21, 38.33%, 1, 0, 3, 430.79, 156627, 156, 3, 0
360, 0, 138, 190, 174, 21, 38.33%, 1, 0, 3, 427.27, 158769, 156, 3, 0
365, 0, 152, 190, 173, 20, 38.33%, 1, 0, 3, 459.91, 161045, 156, 3, 0
370, 0, 110, 191, 170, 17, 38.57%, 1, 0, 3, 446.94, 163300, 157, 3, 0
375, 0, 110, 191, 170, 17, 38.57%, 1, 0, 3, 415.61, 165350, 157, 3, 0
380, 0, 110, 191, 170, 17, 38.57%, 1, 0, 3, 388.71, 167249, 157, 3, 0
385, 0, 110, 191, 170, 17, 38.57%, 1, 0, 3, 381.62, 169195, 157, 3, 0
390, 0, 79, 192, 169, 15, 38.57%, 1, 0, 3, 409.38, 171300, 157, 3, 0
395, 0, 193, 194, 169, 14, 38.82%, 1, 0, 4, 460.94, 173651, 158, 3, 0
400, 0, 124, 198, 172, 13, 38.82%, 1, 0, 4, 441.94, 175897, 158, 3, 0
406, 0, 35, 199, 171, 12, 39.07%, 1, 0, 4, 476.12, 178355, 159, 3, 0
411, 0, 135, 199, 168, 9, 39.07%, 1, 0, 4, 496.63, 180852, 159, 3, 0
416, 0, 130, 201, 169, 9, 39.07%, 1, 0, 4, 442.48, 183084, 159, 3, 0
421, 0, 28, 201, 166, 6, 39.07%, 1, 0, 4, 426.55, 185192, 159, 3, 0
426, 0, 199, 202, 163, 2, 39.07%, 1, 0, 5, 438.98, 187449, 159, 3, 0
431, 0, 0, 202, 161, 1, 39.07%, 1, 0, 5, 416.37, 189569, 159, 3, 0
436, 0, 14, 206, 160, 0, 39.56%, 1, 0, 5, 440.77, 191877, 161, 3, 0
441, 0, 188, 207, 160, 0, 39.80%, 1, 0, 5, 447.94, 194030, 162, 3, 0
446, 0, 96, 207, 158, 0, 39.80%, 1, 0, 5, 453.83, 196308, 162, 3, 0
451, 0, 38, 209, 158, 0, 39.80%, 1, 0, 5, 442.58, 198532, 162, 3, 0
456, 0, 137, 210, 159, 0, 39.80%, 1, 0, 5, 436.12, 200819, 162, 3, 0
461, 0, 137, 219, 168, 0, 39.80%, 1, 0, 5, 438.07, 203050, 162, 3, 0
466, 0, 137, 221, 170, 0, 39.80%, 1, 0, 5, 435.07, 205256, 162, 3, 0
471, 0, 137, 224, 173, 0, 39.80%, 1, 0, 5, 467.97, 207615, 162, 3, 0
477, 0, 137, 226, 175, 0, 39.80%, 1, 0, 5, 439.13, 209827, 162, 3, 0
482, 0, 175, 226, 174, 0, 39.80%, 1, 0, 5, 423.92, 211928, 162, 3, 0
487, 0, 79, 226, 168, 0, 39.80%, 1, 0, 5, 446.69, 214194, 162, 3, 0
492, 0, 189, 226, 166, 0, 39.80%, 1, 0, 5, 463.02, 216598, 162, 3, 0
497, 0, 221, 226, 162, 0, 39.80%, 1, 0, 5, 430.62, 218700, 162, 3, 0
502, 0, 176, 226, 161, 0, 39.80%, 1, 0, 5, 434.52, 220903, 162, 3, 0
507, 0, 110, 226, 159, 0, 39.80%, 1, 0, 5, 397.11, 222898, 162, 3, 0
512, 0, 105, 226, 157, 0, 39.80%, 1, 0, 5, 435.21, 225090, 162, 3, 0
517, 0, 15, 226, 153, 0, 39.80%, 1, 0, 5, 475.38, 227484, 162, 3, 0
522, 0, 67, 226, 149, 0, 39.80%, 1, 0, 5, 402.92, 229473, 162, 3, 0
527, 0, 198, 226, 147, 0, 39.80%, 1, 0, 5, 388.07, 231500, 162, 3, 0
533, 0, 193, 226, 144, 0, 39.80%, 1, 0, 5, 403.34, 233595, 162, 3, 0
538, 0, 162, 226, 143, 0, 39.80%, 1, 0, 5, 422.54, 235788, 162, 3, 0
543, 0, 43, 226, 140, 0, 39.80%, 1, 0, 5, 425.52, 237999, 162, 3, 0
548, 0, 224, 226, 139, 0, 39.80%, 1, 0, 5, 437.66, 240139, 162, 3, 0
553, 0, 224, 230, 143, 0, 39.80%, 1, 0, 5, 425.35, 242272, 162, 3, 0
558, 0, 38, 230, 141, 0, 39.80%, 1, 0, 5, 423.70, 244421, 162, 3, 0
563, 0, 120, 230, 140, 0, 39.80%, 1, 0, 5, 423.54, 246574, 162, 3, 0
568, 0, 163, 231, 137, 0, 39.80%, 1, 0, 5, 423.90, 248722, 162, 3, 0
573, 1, 227, 231, 134, 0, 39.80%, 1, 0, 5, 438.13, 250926, 162, 3, 0
578, 1, 107, 231, 130, 0, 39.80%, 1, 0, 5, 438.72, 253138, 162, 3, 0
583, 1, 216, 231, 128, 0, 39.80%, 1, 0, 5, 420.29, 255314, 162, 3, 0
588, 1, 53, 232, 127, 0, 39.80%, 1, 0, 5, 419.37, 257388, 162, 3, 0
594, 1, 182, 233, 125, 0, 39.80%, 1, 0, 5, 458.66, 259861, 162, 3, 0
599, 1, 148, 233, 122, 0, 39.80%, 1, 0, 5, 426.40, 261961, 162, 3, 0
604, 1, 158, 233, 115, 0, 39.80%, 1, 0, 5, 447.66, 264334, 162, 3, 0
609, 1, 233, 239, 119, 1, 40.29%, 1, 0, 5, 465.28, 266564, 164, 3, 0
614, 1, 238, 240, 119, 1, 40.29%, 1, 0, 5, 436.75, 268780, 164, 3, 0
619, 1, 103, 241, 116, 0, 40.29%, 1, 0, 5, 440.41, 270968, 164, 3, 0
624, 1, 112, 242, 113, 0, 40.29%, 1, 0, 5, 436.41, 273171, 164, 3, 0
629, 1, 242, 243, 113, 1, 40.54%, 1, 0, 5, 363.98, 274972, 165, 3, 0
634, 1, 212, 244, 112, 0, 40.54%, 1, 0, 5, 410.82, 277143, 165, 3, 0
639, 1, 62, 244, 108, 0, 40.54%, 1, 0, 5, 407.12, 279221, 165, 3, 0
644, 1, 211, 245, 106, 0, 40.54%, 1, 0, 5, 416.91, 281347, 165, 3, 0
650, 1, 193, 246, 103, 0, 40.79%, 1, 0, 5, 419.35, 283488, 166, 3, 0
655, 1, 219, 246, 101, 0, 40.79%, 1, 0, 5, 426.61, 285678, 166, 3, 0
660, 1, 154, 246, 98, 0, 40.79%, 1, 0, 5, 414.41, 287787, 166, 3, 0
665, 1, 231, 246, 93, 0, 40.79%, 1, 0, 5, 412.98, 289918, 166, 3, 0
670, 1, 207, 246, 89, 0, 40.79%, 1, 0, 5, 411.93, 291909, 166, 3, 0
675, 1, 129, 246, 85, 0, 40.79%, 1, 0, 5, 440.24, 294162, 166, 3, 0
680, 1, 238, 248, 87, 0, 41.03%, 1, 0, 5, 418.61, 296316, 167, 3, 0
685, 1, 246, 248, 87, 1, 41.03%, 1, 0, 5, 395.02, 298233, 167, 3, 0
690, 1, 136, 248, 82, 0, 41.03%, 1, 0, 5, 412.74, 300432, 167, 3, 0
695, 1, 147, 248, 79, 0, 41.03%, 1, 0, 5, 422.90, 302595, 167, 3, 0
700, 1, 142, 248, 74, 0, 41.03%, 1, 0, 5, 430.95, 304710, 167, 3, 0
705, 1, 45, 249, 71, 0, 41.03%, 1, 0, 5, 426.36, 306844, 167, 3, 0
710, 1, 244, 249, 69, 0, 41.03%, 1, 0, 5, 394.63, 308897, 167, 3, 0
716, 1, 186, 249, 66, 0, 41.03%, 1, 0, 5, 403.55, 310968, 167, 3, 0
721, 1, 151, 251, 66, 0, 41.03%, 1, 0, 5, 396.34, 312919, 167, 3, 0
726, 1, 213, 251, 62, 0, 41.03%, 1, 0, 5, 443.73, 315335, 167, 3, 0
731, 1, 225, 251, 61, 0, 41.03%, 1, 0, 5, 440.20, 317613, 167, 3, 0
736, 1, 199, 252, 60, 0, 41.03%, 1, 0, 5, 421.28, 319686, 167, 3, 0
741, 1, 71, 252, 57, 0, 41.03%, 1, 0, 5, 418.82, 321877, 167, 3, 0
746, 1, 180, 252, 54, 0, 41.03%, 1, 0, 5, 424.67, 324040, 167, 3, 0
751, 1, 168, 252, 51, 0, 41.03%, 1, 0, 5, 440.51, 326316, 167, 3, 0
756, 1, 215, 252, 47, 0, 41.03%, 1, 0, 5, 416.33, 328428, 167, 3, 0
761, 1, 113, 252, 44, 0, 41.03%, 1, 0, 5, 441.56, 330665, 167, 3, 0
767, 1, 131, 252, 41, 0, 41.03%, 1, 0, 5, 402.93, 332677, 167, 3, 0
772, 1, 43, 252, 38, 0, 41.03%, 1, 0, 5, 392.13, 334639, 167, 3, 0
777, 1, 203, 252, 35, 0, 41.03%, 1, 0, 5, 392.32, 336685, 167, 3, 0
782, 1, 223, 253, 35, 0, 41.03%, 1, 0, 5, 419.63, 338827, 167, 3, 0
787, 1, 191, 253, 31, 0, 41.03%, 1, 0, 5, 418.66, 340963, 167, 3, 0
792, 1, 95, 253, 29, 0, 41.03%, 1, 0, 5, 425.99, 343147, 167, 3, 0
797, 2, 265, 267, 40, 0, 41.77%, 3, 0, 5, 414.69, 345344, 170, 5, 0
802, 2, 259, 267, 37, 2, 41.77%, 4, 0, 5, 433.00, 347525, 170, 8, 0
807, 2, 260, 268, 37, 1, 42.01%, 4, 0, 5, 437.60, 349730, 171, 8, 0
812, 2, 33, 268, 34, 0, 42.01%, 4, 0, 5, 436.26, 351998, 171, 8, 0
817, 2, 145, 268, 33, 0, 42.01%, 4, 0, 5, 417.50, 354061, 171, 8, 0
822, 2, 258, 268, 32, 0, 42.01%, 4, 0, 5, 393.96, 356028, 171, 8, 0
828, 2, 181, 268, 30, 0, 42.01%, 4, 0, 5, 409.45, 358191, 171, 8, 0
833, 2, 234, 268, 28, 0, 42.01%, 4, 0, 5, 433.34, 360387, 171, 8, 0
838, 2, 186, 268, 26, 0, 42.01%, 4, 0, 5, 410.10, 362482, 171, 8, 0
843, 2, 228, 268, 24, 0, 42.01%, 4, 0, 5, 406.22, 364510, 171, 8, 0
848, 2, 217, 268, 23, 0, 42.01%, 4, 0, 5, 401.19, 366573, 171, 9, 0
853, 2, 236, 268, 20, 0, 42.01%, 4, 0, 5, 431.27, 368738, 171, 9, 0
858, 2, 252, 268, 18, 0, 42.01%, 5, 0, 5, 421.58, 370891, 171, 17, 0
863, 2, 179, 268, 17, 0, 42.01%, 5, 0, 5, 444.57, 373143, 171, 20, 0
868, 2, 110, 269, 17, 0, 42.01%, 5, 0, 6, 438.56, 375418, 171, 20, 0
873, 2, 268, 269, 16, 0, 42.01%, 5, 0, 6, 426.25, 377545, 171, 20, 0
878, 2, 262, 269, 15, 0, 42.01%, 5, 0, 6, 416.55, 379659, 171, 20, 0
883, 2, 227, 269, 12, 0, 42.01%, 5, 0, 6, 418.62, 381755, 171, 20, 0
888, 2, 263, 269, 11, 0, 42.01%, 5, 0, 6, 415.70, 383901, 171, 20, 0
893, 2, 191, 269, 10, 0, 42.01%, 5, 0, 6, 428.01, 386120, 171, 20, 0
898, 2, 201, 269, 9, 0, 42.01%, 5, 0, 6, 428.13, 388329, 171, 20, 0
902, 2, 238, 269, 9, 0, 42.01%, 5, 0, 6, 0.00, 390128, 171, 21, 0
