# relative_time, cycles_done, cur_item, corpus_count, pending_total, pending_favs, map_size, saved_crashes, saved_hangs, max_depth, execs_per_sec, total_execs, edges_found, total_crashes, servers_count
61, 0, 139, 181, 140, 13, 41.77%, 0, 0, 5, 2031.59, 123392, 170, 0, 0
66, 0, 139, 192, 151, 13, 41.77%, 0, 0, 5, 1974.22, 133427, 170, 0, 0
71, 0, 139, 194, 153, 13, 41.77%, 0, 0, 5, 1959.73, 143427, 170, 0, 0
76, 0, 139, 195, 154, 13, 41.77%, 0, 0, 5, 1967.66, 153457, 170, 0, 0
82, 0, 166, 196, 152, 9, 42.75%, 0, 0, 5, 2082.33, 164239, 174, 0, 0
87, 0, 183, 203, 158, 9, 42.75%, 0, 0, 5, 2083.98, 174749, 174, 0, 0
92, 0, 183, 205, 160, 9, 42.75%, 0, 0, 5, 1501.78, 184631, 174, 0, 0
97, 0, 183, 207, 162, 9, 42.75%, 0, 0, 5, 1833.58, 194381, 174, 0, 0
102, 0, 121, 207, 161, 10, 42.75%, 0, 0, 5, 1985.79, 204758, 174, 0, 0
107, 0, 198, 208, 156, 5, 42.75%, 0, 0, 6, 1906.77, 214563, 174, 0, 0
112, 0, 101, 213, 159, 3, 42.75%, 0, 0, 6, 2094.99, 225448, 174, 0, 0
117, 0, 195, 230, 174, 5, 44.23%, 1, 0, 6, 1984.79, 235142, 180, 1, 0
123, 0, 215, 236, 173, 1, 44.23%, 1, 0, 6, 1989.24, 245479, 180, 1, 0
128, 0, 128, 239, 167, 0, 44.23%, 1, 0, 6, 1811.04, 254465, 180, 1, 0
133, 0, 116, 244, 162, 0, 44.23%, 1, 0, 6, 1977.06, 264979, 180, 1, 0
138, 0, 74, 247, 152, 0, 44.23%, 1, 0, 6, 1893.50, 274961, 180, 1, 0
143, 0, 165, 249, 141, 0, 44.23%, 1, 0, 7, 2074.15, 286039, 180, 1, 0
148, 1, 227, 250, 127, 0, 44.23%, 1, 0, 7, 2071.03, 296361, 180, 1, 0
153, 1, 238, 254, 117, 0, 44.23%, 1, 0, 7, 2019.63, 306342, 180, 1, 0
158, 1, 102, 263, 119, 0, 44.23%, 1, 0, 7, 1987.93, 316494, 180, 1, 0
164, 1, 125, 265, 110, 0, 44.23%, 1, 0, 7, 1947.12, 326179, 180, 1, 0
169, 1, 210, 271, 99, 0, 44.23%, 1, 0, 7, 1881.00, 336008, 180, 1, 0
174, 1, 115, 272, 89, 0, 44.23%, 1, 0, 8, 1978.38, 345826, 180, 1, 0
179, 1, 129, 273, 76, 0, 44.23%, 1, 0, 8, 1991.01, 355928, 180, 1, 0
184, 1, 32, 278, 67, 0, 44.47%, 1, 0, 8, 2019.59, 365943, 181, 1, 0
189, 1, 256, 281, 58, 0, 44.47%, 1, 0, 8, 2005.18, 375978, 181, 1, 0
194, 1, 97, 282, 45, 0, 44.47%, 1, 0, 8, 1894.80, 385718, 181, 1, 0
199, 2, 295, 417, 173, 20, 59.95%, 1, 0, 8, 1805.54, 394054, 244, 1, 0
204, 2, 412, 417, 164, 12, 59.95%, 1, 0, 8, 1956.96, 404008, 244, 1, 0
209, 2, 350, 417, 156, 5, 59.95%, 1, 0, 8, 1927.72, 413513, 244, 1, 0
214, 2, 304, 417, 147, 0, 59.95%, 1, 0, 8, 2031.11, 423944, 244, 1, 0
220, 2, 195, 417, 137, 0, 59.95%, 2, 0, 8, 2008.86, 434197, 244, 2, 0
225, 2, 404, 417, 129, 0, 59.95%, 2, 0, 8, 2430.92, 443745, 244, 2, 0
230, 2, 131, 417, 120, 0, 59.95%, 2, 0, 8, 1602.20, 453285, 244, 2, 0
235, 2, 87, 417, 109, 0, 59.95%, 2, 0, 8, 1827.01, 462751, 244, 2, 0
240, 2, 377, 417, 100, 0, 59.95%, 2, 0, 8, 1962.75, 473057, 244, 2, 0
245, 2, 386, 417, 90, 0, 59.95%, 2, 0, 8, 1980.06, 483097, 244, 2, 0
250, 2, 308, 417, 81, 0, 59.95%, 2, 0, 8, 1905.41, 492387, 244, 2, 0
255, 2, 146, 417, 72, 0, 59.95%, 2, 0, 8, 2160.00, 501621, 244, 2, 0
260, 2, 390, 417, 63, 0, 59.95%, 2, 0, 8, 2027.52, 511146, 244, 2, 0
265, 2, 318, 417, 55, 0, 59.95%, 2, 0, 8, 2047.72, 521431, 244, 2, 0
270, 2, 393, 417, 47, 0, 59.95%, 2, 0, 8, 2012.20, 531459, 244, 2, 0
275, 2, 303, 417, 38, 0, 59.95%, 2, 0, 8, 1971.72, 541385, 244, 2, 0
280, 2, 162, 417, 31, 0, 59.95%, 2, 0, 8, 1839.88, 550460, 244, 2, 0
286, 3, 422, 423, 34, 3, 60.44%, 2, 0, 8, 1774.56, 558783, 246, 2, 0
291, 3, 301, 423, 27, 0, 60.44%, 2, 0, 8, 1902.56, 568899, 246, 2, 0
296, 3, 153, 423, 22, 0, 60.44%, 2, 0, 8, 1856.52, 577927, 246, 2, 0
298, 3, 285, 424, 21, 0, 60.44%, 2, 0, 8, 1974.95, 582992, 246, 2, 0
