# relative_time, cycles_done, cur_item, corpus_count, pending_total, pending_favs, map_size, saved_crashes, saved_hangs, max_depth, execs_per_sec, total_execs, edges_found, total_crashes, servers_count
61, 0, 9, 67, 62, 5, 30.71%, 0, 0, 2, 449.08, 27831, 125, 0, 0
66, 0, 9, 67, 62, 5, 30.71%, 0, 0, 2, 446.14, 30098, 125, 0, 0
71, 0, 9, 67, 62, 5, 30.71%, 0, 0, 2, 460.05, 32466, 125, 0, 0
76, 0, 9, 67, 62, 5, 30.71%, 0, 0, 2, 439.73, 34644, 125, 0, 0
81, 0, 9, 67, 62, 5, 30.71%, 0, 0, 2, 439.21, 36901, 125, 0, 0
86, 0, 9, 67, 62, 5, 30.71%, 0, 0, 2, 103.35, 39223, 125, 0, 0
91, 0, 9, 67, 62, 5, 30.71%, 0, 0, 2, 393.32, 41661, 125, 0, 0
96, 0, 9, 67, 62, 5, 30.71%, 0, 0, 2, 419.91, 43782, 125, 0, 0
101, 0, 9, 67, 62, 5, 30.71%, 0, 0, 2, 442.74, 46078, 125, 0, 0
106, 0, 9, 67, 62, 5, 30.71%, 0, 0, 2, 390.61, 47989, 125, 0, 0
112, 0, 9, 67, 62, 5, 30.71%, 0, 0, 2, 422.48, 50158, 125, 0, 0
117, 0, 9, 67, 62, 5, 30.71%, 0, 0, 2, 402.08, 52238, 125, 0, 0
122, 0, 9, 68, 63, 5, 30.71%, 0, 0, 2, 424.40, 54437, 125, 0, 0
127, 0, 91, 110, 104, 28, 34.89%, 0, 0, 2, 435.76, 56678, 142, 0, 0
132, 0, 91, 112, 106, 28, 34.89%, 0, 0, 2, 424.31, 58797, 142, 0, 0
137, 0, 91, 114, 108, 28, 34.89%, 0, 0, 2, 442.53, 61091, 142, 0, 0
142, 0, 91, 115, 109, 28, 34.89%, 0, 0, 2, 467.03, 63471, 142, 0, 0
147, 0, 91, 117, 111, 28, 34.89%, 0, 0, 2, 473.84, 65879, 142, 0, 0
152, 0, 91, 117, 111, 28, 34.89%, 0, 0, 2, 430.95, 68112, 142, 0, 0
157, 0, 72, 119, 106, 23, 35.38%, 0, 0, 3, 431.81, 70270, 144, 0, 0
162, 0, 46, 121, 106, 22, 35.38%, 0, 0, 3, 427.33, 72432, 144, 0, 0
167, 0, 121, 127, 110, 22, 36.12%, 1, 0, 3, 432.89, 74573, 147, 1, 0
172, 0, 0, 128, 109, 21, 36.36%, 1, 0, 3, 431.59, 76761, 148, 1, 0
178, 0, 115, 132, 109, 17, 37.35%, 1, 0, 3, 417.35, 78899, 152, 1, 0
183, 0, 115, 142, 119, 17, 38.08%, 1, 0, 3, 411.61, 81010, 155, 1, 0
188, 0, 115, 148, 125, 17, 38.08%, 1, 0, 3, 443.81, 83261, 155, 1, 0
193, 0, 115, 150, 127, 17, 38.08%, 1, 0, 3, 432.70, 85443, 155, 1, 0
198, 0, 115, 152, 129, 17, 38.08%, 1, 0, 3, 431.54, 87665, 155, 1, 0
203, 0, 115, 154, 131, 17, 38.08%, 1, 0, 3, 422.67, 89775, 155, 1, 0
208, 0, 115, 155, 132, 17, 38.08%, 1, 0, 3, 394.92, 91800, 155, 1, 0
213, 0, 115, 156, 133, 17, 38.08%, 1, 0, 3, 443.19, 94013, 155, 1, 0
218, 0, 115, 158, 135, 17, 38.08%, 1, 0, 3, 430.62, 96203, 155, 1, 0
223, 0, 115, 158, 135, 17, 38.08%, 1, 0, 3, 442.18, 98419, 155, 1, 0
228, 0, 115, 159, 136, 17, 38.08%, 1, 0, 3, 445.33, 100666, 155, 1, 0
233, 0, 115, 160, 137, 17, 38.08%, 1, 0, 3, 438.66, 102897, 155, 1, 0
239, 0, 115, 162, 139, 17, 38.08%, 1, 0, 3, 426.44, 104975, 155, 1, 0
244, 0, 115, 163, 140, 17, 38.08%, 1, 0, 3, 423.23, 107110, 155, 1, 0
249, 0, 115, 163, 140, 17, 38.08%, 1, 0, 3, 413.57, 109206, 155, 1, 0
254, 0, 115, 163, 140, 17, 38.08%, 1, 0, 3, 425.15, 111390, 155, 1, 0
259, 0, 115, 164, 141, 17, 38.08%, 1, 0, 3, 407.02, 113381, 155, 1, 0
264, 0, 115, 165, 142, 17, 38.08%, 1, 0, 3, 411.50, 115492, 155, 1, 0
269, 0, 115, 166, 143, 17, 38.08%, 1, 0, 3, 410.98, 117507, 155, 1, 0
274, 0, 133, 167, 140, 16, 38.08%, 1, 0, 4, 423.22, 119648, 155, 1, 0
279, 0, 54, 168, 140, 15, 38.08%, 1, 0, 4, 418.68, 121724, 155, 1, 0
284, 0, 81, 169, 139, 13, 38.08%, 1, 0, 4, 407.68, 123757, 155, 1, 0
289, 0, 81, 169, 139, 13, 38.08%, 1, 0, 4, 398.75, 125777, 155, 1, 0
294, 0, 81, 169, 139, 13, 38.08%, 1, 0, 4, 424.49, 127837, 155, 1, 0
299, 0, 81, 169, 139, 13, 38.08%, 1, 0, 4, 394.12, 129768, 155, 1, 0
304, 0, 63, 173, 142, 12, 38.08%, 1, 0, 4, 413.60, 131861, 155, 1, 0
309, 0, 63, 175, 144, 12, 38.08%, 1, 0, 4, 416.18, 133963, 155, 1, 0
314, 0, 63, 175, 144, 12, 38.08%, 1, 0, 4, 404.86, 136059, 155, 1, 0
320, 0, 63, 176, 145, 12, 38.08%, 1, 0, 4, 416.71, 138122, 155, 1, 0
325, 0, 63, 176, 145, 12, 38.08%, 1, 0, 4, 410.56, 140186, 155, 1, 0
330, 0, 63, 176, 145, 12, 38.08%, 1, 0, 4, 410.95, 142282, 155, 1, 0
335, 0, 63, 176, 145, 12, 38.08%, 1, 0, 4, 422.81, 144442, 155, 1, 0
340, 0, 63, 176, 145, 12, 38.08%, 1, 0, 4, 440.67, 146658, 155, 1, 0
345, 0, 63, 176, 145, 12, 38.08%, 1, 0, 4, 419.86, 148754, 155, 1, 0
350, 0, 63, 176, 145, 12, 38.08%, 1, 0, 4, 424.13, 150930, 155, 1, 0
355, 0, 63, 176, 145, 12, 38.08%, 1, 0, 4, 427.95, 153026, 155, 1, 0
360, 0, 63, 176, 145, 12, 38.08%, 1, 0, 4, 438.17, 155274, 155, 1, 0
365, 0, 63, 176, 145, 12, 38.08%, 1, 0, 4, 424.12, 157378, 155, 1, 0
371, 0, 63, 176, 145, 12, 38.08%, 1, 0, 4, 428.40, 159547, 155, 1, 0
376, 0, 63, 176, 145, 12, 38.08%, 1, 0, 4, 404.32, 161643, 155, 1, 0
381, 0, 63, 176, 145, 12, 38.08%, 1, 0, 4, 463.64, 163981, 155, 1, 0
386, 0, 63, 176, 145, 12, 38.08%, 1, 0, 4, 427.14, 166131, 155, 1, 0
391, 0, 63, 176, 145, 12, 38.08%, 1, 0, 4, 448.04, 168445, 155, 1, 0
396, 0, 126, 178, 145, 11, 38.08%, 1, 0, 4, 478.06, 170881, 155, 1, 0
401, 0, 139, 181, 146, 10, 38.08%, 1, 0, 4, 448.56, 173060, 155, 1, 0
406, 0, 74, 185, 146, 6, 38.08%, 1, 0, 5, 450.56, 175337, 155, 1, 0
411, 0, 124, 185, 144, 4, 38.08%, 1, 0, 5, 438.68, 177585, 155, 1, 0
416, 0, 178, 185, 141, 2, 38.08%, 1, 0, 5, 431.80, 179735, 155, 1, 0
421, 0, 73, 186, 140, 0, 38.08%, 1, 0, 5, 417.73, 181858, 155, 1, 0
426, 0, 84, 186, 137, 0, 38.08%, 1, 0, 5, 409.93, 183990, 155, 1, 0
431, 0, 25, 186, 135, 0, 38.08%, 1, 0, 5, 432.84, 186222, 155, 1, 0
437, 0, 98, 189, 136, 0, 38.08%, 1, 0, 5, 426.67, 188364, 155, 1, 0
442, 0, 124, 190, 135, 0, 38.08%, 1, 0, 5, 450.38, 190637, 155, 1, 0
447, 0, 8, 191, 134, 0, 38.08%, 1, 0, 5, 425.39, 192829, 155, 1, 0
452, 0, 71, 191, 132, 0, 38.08%, 1, 0, 5, 420.46, 194939, 155, 1, 0
457, 0, 192, 194, 129, 0, 38.08%, 1, 0, 5, 414.86, 197081, 155, 1, 0
462, 0, 192, 195, 130, 0, 38.08%, 1, 0, 5, 439.60, 199256, 155, 1, 0
467, 0, 181, 195, 126, 0, 38.08%, 1, 0, 5, 440.53, 201482, 155, 1, 0
472, 0, 195, 196, 127, 1, 38.08%, 1, 0, 5, 437.09, 203705, 155, 1, 0
477, 0, 78, 197, 124, 0, 38.08%, 1, 0, 5, 419.28, 205769, 155, 1, 0
482, 0, 195, 197, 122, 0, 38.08%, 1, 0, 5, 379.95, 207724, 155, 1, 0
488, 0, 0, 198, 122, 0, 38.08%, 1, 0, 6, 412.25, 209875, 155, 1, 0
493, 0, 75, 199, 120, 0, 38.08%, 1, 0, 6, 427.79, 212025, 155, 1, 0
498, 0, 60, 199, 119, 0, 38.08%, 1, 0, 6, 404.76, 214056, 155, 1, 0
503, 0, 193, 199, 117, 0, 38.08%, 1, 0, 6, 412.66, 216150, 155, 1, 0
508, 0, 195, 199, 114, 0, 38.08%, 1, 0, 6, 431.16, 218335, 155, 1, 0
513, 0, 199, 201, 115, 0, 38.08%, 1, 0, 6, 405.08, 220410, 155, 1, 0
518, 1, 168, 202, 112, 0, 38.08%, 1, 0, 6, 435.28, 222678, 155, 1, 0
523, 1, 86, 202, 109, 0, 38.08%, 1, 0, 6, 400.52, 224680, 155, 1, 0
528, 1, 59, 202, 105, 0, 38.08%, 1, 0, 6, 402.06, 226829, 155, 1, 0
533, 1, 100, 202, 100, 0, 38.08%, 1, 0, 6, 403.83, 228909, 155, 1, 0
538, 1, 202, 203, 94, 0, 38.08%, 1, 0, 6, 435.45, 231102, 155, 1, 0
544, 1, 69, 203, 91, 0, 38.08%, 1, 0, 6, 404.19, 233064, 155, 1, 0
549, 1, 22, 204, 88, 0, 38.08%, 1, 0, 6, 405.26, 235131, 155, 1, 0
554, 1, 195, 204, 81, 0, 38.08%, 1, 0, 6, 416.53, 237234, 155, 1, 0
559, 1, 85, 204, 79, 0, 38.08%, 1, 0, 6, 384.74, 239174, 155, 1, 0
564, 1, 133, 204, 73, 0, 38.08%, 1, 0, 6, 417.95, 241403, 155, 1, 0
569, 1, 183, 204, 69, 0, 38.08%, 1, 0, 6, 393.77, 243439, 155, 1, 0
574, 1, 164, 205, 63, 0, 38.08%, 1, 0, 6, 402.67, 245466, 155, 1, 0
579, 1, 150, 207, 61, 0, 38.08%, 1, 0, 6, 438.47, 247658, 155, 1, 0
584, 1, 177, 207, 55, 0, 38.08%, 1, 0, 6, 409.21, 249695, 155, 1, 0
589, 1, 207, 208, 55, 1, 38.08%, 1, 0, 6, 426.67, 251804, 155, 1, 0
594, 1, 190, 209, 53, 0, 38.08%, 1, 0, 6, 414.69, 253936, 155, 1, 0
599, 1, 206, 212, 53, 0, 38.33%, 1, 0, 6, 431.37, 256123, 156, 1, 0
604, 1, 206, 213, 54, 0, 38.33%, 1, 0, 6, 421.18, 258234, 156, 1, 0
609, 1, 206, 213, 54, 0, 38.33%, 1, 0, 6, 432.24, 260458, 156, 1, 0
615, 1, 213, 215, 53, 0, 38.57%, 1, 0, 7, 433.36, 262684, 157, 1, 0
620, 1, 18, 215, 51, 0, 38.57%, 1, 0, 7, 425.23, 264817, 157, 1, 0
625, 1, 216, 217, 49, 1, 38.82%, 1, 0, 7, 388.04, 266797, 158, 1, 0
630, 1, 135, 217, 46, 0, 38.82%, 1, 0, 7, 393.54, 268797, 158, 1, 0
635, 1, 37, 218, 43, 0, 38.82%, 1, 0, 7, 396.45, 270789, 158, 1, 0
640, 1, 207, 220, 44, 0, 38.82%, 1, 0, 7, 418.33, 273009, 158, 1, 0
645, 1, 204, 220, 41, 0, 38.82%, 1, 0, 7, 444.97, 275226, 158, 1, 0
650, 1, 192, 221, 41, 0, 38.82%, 1, 0, 7, 399.96, 277244, 158, 1, 0
655, 1, 82, 221, 38, 0, 38.82%, 1, 0, 7, 427.48, 279445, 158, 1, 0
661, 1, 192, 222, 37, 0, 38.82%, 1, 0, 7, 415.26, 281541, 158, 1, 0
666, 1, 91, 222, 34, 0, 38.82%, 1, 0, 7, 422.48, 283678, 158, 1, 0
671, 1, 81, 223, 34, 0, 39.07%, 1, 0, 7, 414.86, 285745, 159, 1, 0
676, 1, 81, 223, 30, 0, 39.07%, 1, 0, 7, 427.22, 287914, 159, 1, 0
681, 1, 28, 298, 103, 0, 50.37%, 1, 0, 7, 409.95, 289957, 205, 1, 0
686, 2, 276, 340, 144, 15, 50.37%, 1, 0, 7, 419.14, 292005, 205, 1, 0
691, 2, 226, 340, 143, 14, 50.37%, 1, 0, 7, 413.25, 294174, 205, 1, 0
696, 2, 238, 341, 142, 13, 50.37%, 1, 0, 7, 423.47, 296285, 205, 1, 0
701, 2, 249, 341, 141, 12, 50.37%, 1, 0, 7, 384.81, 298213, 205, 1, 0
706, 2, 260, 341, 139, 10, 50.37%, 2, 0, 7, 402.02, 300244, 205, 2, 0
711, 2, 273, 341, 137, 8, 50.37%, 2, 0, 7, 394.81, 302208, 205, 2, 0
716, 2, 257, 341, 136, 7, 50.37%, 2, 0, 7, 412.22, 304308, 205, 2, 0
721, 2, 242, 353, 146, 6, 50.37%, 2, 0, 7, 403.82, 306237, 205, 2, 0
726, 2, 259, 353, 144, 4, 50.37%, 2, 0, 7, 414.51, 308370, 205, 2, 0
732, 2, 255, 353, 142, 2, 50.37%, 2, 0, 7, 409.20, 310482, 205, 2, 0
737, 2, 230, 353, 139, 0, 50.37%, 2, 0, 7, 416.04, 312610, 205, 2, 0
742, 2, 345, 353, 137, 0, 50.37%, 2, 0, 7, 405.47, 314681, 205, 2, 0
747, 2, 306, 354, 136, 0, 50.37%, 2, 0, 7, 380.52, 316501, 205, 2, 0
752, 2, 350, 354, 135, 0, 50.37%, 2, 0, 7, 392.52, 318541, 205, 2, 0
757, 2, 328, 354, 132, 0, 50.37%, 2, 0, 7, 401.63, 320544, 205, 2, 0
762, 2, 320, 354, 130, 0, 50.37%, 2, 0, 7, 404.75, 322627, 205, 2, 0
767, 2, 300, 356, 130, 0, 50.37%, 2, 0, 7, 410.91, 324713, 205, 2, 0
772, 2, 321, 356, 128, 0, 50.37%, 2, 0, 7, 432.92, 326979, 205, 2, 0
777, 2, 282, 356, 126, 0, 50.37%, 3, 0, 7, 428.26, 329167, 205, 3, 0
782, 2, 299, 356, 124, 0, 50.37%, 3, 0, 7, 431.09, 331351, 205, 3, 0
787, 2, 271, 356, 123, 0, 50.37%, 3, 0, 7, 421.15, 333477, 205, 3, 0
792, 2, 185, 356, 121, 0, 50.37%, 3, 0, 7, 409.33, 335567, 205, 3, 0
798, 2, 268, 356, 119, 0, 50.37%, 3, 0, 7, 428.92, 337705, 205, 3, 0
803, 2, 323, 356, 117, 0, 50.37%, 3, 0, 7, 392.81, 339757, 205, 3, 0
808, 2, 266, 356, 116, 0, 50.37%, 3, 0, 7, 412.96, 341835, 205, 3, 0
813, 2, 357, 358, 116, 1, 50.61%, 3, 0, 7, 415.86, 343977, 206, 3, 0
818, 2, 318, 358, 114, 0, 50.61%, 3, 0, 7, 431.63, 346166, 206, 3, 0
823, 2, 296, 358, 112, 0, 50.61%, 3, 0, 7, 428.45, 348342, 206, 3, 0
828, 2, 280, 358, 111, 0, 50.61%, 3, 0, 7, 422.50, 350454, 206, 3, 0
833, 2, 51, 358, 107, 0, 50.61%, 3, 0, 7, 418.07, 352575, 206, 3, 0
838, 2, 253, 358, 104, 0, 50.61%, 3, 0, 7, 441.51, 354817, 206, 3, 0
843, 2, 294, 358, 102, 0, 50.61%, 3, 0, 7, 418.95, 356864, 206, 3, 0
848, 2, 237, 358, 100, 0, 50.61%, 3, 0, 7, 392.88, 358908, 206, 3, 0
854, 2, 133, 358, 97, 0, 50.61%, 3, 0, 7, 416.99, 361088, 206, 3, 0
859, 2, 301, 358, 96, 0, 50.61%, 3, 0, 7, 416.39, 363152, 206, 3, 0
864, 2, 305, 358, 94, 0, 50.61%, 3, 0, 7, 402.81, 365216, 206, 3, 0
869, 2, 141, 358, 92, 0, 50.61%, 3, 0, 7, 404.01, 367258, 206, 3, 0
874, 2, 304, 358, 90, 0, 50.61%, 3, 0, 7, 418.68, 369423, 206, 3, 0
879, 2, 292, 358, 89, 0, 50.61%, 3, 0, 7, 290.70, 370769, 206, 3, 0
884, 2, 347, 358, 88, 0, 50.61%, 3, 0, 7, 268.22, 372051, 206, 3, 0
889, 2, 343, 358, 87, 0, 50.61%, 3, 0, 7, 243.69, 373240, 206, 3, 0
894, 2, 192, 358, 86, 0, 50.61%, 3, 0, 7, 246.01, 374541, 206, 3, 0
900, 2, 313, 358, 86, 0, 50.61%, 3, 0, 7, 257.67, 375879, 206, 3, 0
904, 2, 251, 358, 84, 0, 50.61%, 3, 0, 7, 280.50, 377112, 206, 3, 0
