# relative_time, cycles_done, cur_item, corpus_count, pending_total, pending_favs, map_size, saved_crashes, saved_hangs, max_depth, execs_per_sec, total_execs, edges_found, total_crashes, servers_count
61, 0, 9, 78, 73, 4, 30.71%, 0, 0, 2, 428.82, 27282, 125, 0, 0
66, 0, 9, 80, 75, 4, 30.71%, 0, 0, 2, 428.82, 29440, 125, 0, 0
71, 0, 9, 81, 76, 4, 30.71%, 0, 0, 2, 429.99, 31607, 125, 0, 0
76, 0, 9, 81, 76, 4, 30.71%, 0, 0, 2, 421.55, 33728, 125, 0, 0
81, 0, 9, 82, 77, 4, 30.96%, 0, 0, 2, 420.17, 35871, 126, 0, 0
86, 0, 9, 83, 78, 4, 30.96%, 0, 0, 2, 454.45, 38179, 126, 0, 0
91, 0, 9, 83, 78, 4, 30.96%, 0, 0, 2, 428.60, 40286, 126, 0, 0
96, 0, 9, 83, 78, 4, 30.96%, 0, 0, 2, 412.40, 42342, 126, 0, 0
101, 0, 9, 84, 79, 4, 30.96%, 0, 0, 2, 426.29, 44605, 126, 0, 0
106, 0, 9, 84, 79, 4, 30.96%, 0, 0, 2, 437.80, 46830, 126, 0, 0
111, 0, 9, 84, 79, 4, 30.96%, 0, 0, 2, 414.44, 48862, 126, 0, 0
117, 0, 9, 84, 79, 4, 30.96%, 0, 0, 2, 396.08, 50937, 126, 0, 0
122, 0, 9, 85, 80, 4, 30.96%, 0, 0, 2, 418.86, 53117, 126, 0, 0
127, 0, 101, 102, 94, 25, 32.92%, 0, 0, 3, 393.12, 55156, 134, 0, 0
132, 0, 53, 104, 90, 19, 32.92%, 0, 0, 3, 399.04, 57236, 134, 0, 0
137, 0, 53, 113, 99, 19, 32.92%, 0, 0, 3, 412.00, 59379, 134, 0, 0
142, 0, 53, 113, 99, 19, 32.92%, 0, 0, 3, 369.46, 61275, 134, 0, 0
147, 0, 53, 114, 100, 19, 32.92%, 0, 0, 3, 374.19, 63194, 134, 0, 0
152, 0, 53, 114, 100, 19, 32.92%, 0, 0, 3, 407.50, 65196, 134, 0, 0
157, 0, 53, 115, 101, 19, 32.92%, 0, 0, 3, 415.60, 67403, 134, 0, 0
162, 0, 53, 115, 101, 19, 32.92%, 0, 0, 3, 442.31, 69619, 134, 0, 0
167, 0, 53, 115, 101, 19, 32.92%, 0, 0, 3, 422.41, 71731, 134, 0, 0
173, 0, 53, 115, 101, 19, 32.92%, 0, 0, 3, 413.31, 73859, 134, 0, 0
178, 0, 53, 116, 102, 19, 33.91%, 0, 0, 3, 428.77, 76010, 138, 0, 0
183, 0, 53, 118, 104, 19, 33.91%, 0, 0, 3, 450.10, 78349, 138, 0, 0
188, 0, 53, 118, 104, 19, 33.91%, 0, 0, 3, 454.12, 80590, 138, 0, 0
193, 0, 53, 119, 105, 19, 33.91%, 0, 0, 3, 420.02, 82655, 138, 0, 0
198, 0, 53, 119, 105, 19, 33.91%, 0, 0, 3, 426.01, 84895, 138, 0, 0
203, 0, 53, 120, 106, 19, 33.91%, 0, 0, 3, 439.35, 87046, 138, 0, 0
208, 0, 53, 120, 106, 19, 33.91%, 0, 0, 3, 407.94, 89062, 138, 0, 0
213, 0, 53, 120, 106, 19, 33.91%, 0, 0, 3, 405.90, 91174, 138, 0, 0
218, 0, 53, 120, 106, 19, 33.91%, 0, 0, 3, 433.35, 93494, 138, 0, 0
223, 0, 53, 120, 106, 19, 33.91%, 0, 0, 3, 418.86, 95630, 138, 0, 0
229, 0, 123, 126, 110, 20, 36.12%, 0, 0, 3, 426.65, 97805, 147, 0, 0
234, 0, 121, 126, 108, 18, 36.12%, 0, 0, 3, 423.73, 99995, 147, 0, 0
239, 0, 0, 132, 113, 19, 36.86%, 1, 0, 3, 425.81, 102143, 150, 1, 0
244, 0, 132, 150, 130, 19, 43.73%, 1, 0, 3, 450.48, 104405, 178, 1, 0
249, 0, 140, 152, 130, 25, 44.72%, 1, 0, 3, 426.37, 106479, 182, 1, 0
254, 0, 140, 161, 139, 25, 45.21%, 1, 0, 4, 431.93, 108719, 184, 1, 0
259, 0, 144, 162, 137, 25, 45.45%, 1, 0, 4, 426.04, 110857, 185, 1, 0
264, 0, 43, 162, 135, 23, 45.45%, 1, 0, 4, 411.20, 112940, 185, 1, 0
269, 0, 129, 162, 133, 21, 45.45%, 1, 0, 4, 440.31, 115191, 185, 1, 0
274, 0, 129, 172, 143, 21, 45.95%, 1, 0, 4, 415.26, 117234, 187, 1, 0
279, 0, 129, 174, 145, 21, 45.95%, 1, 0, 4, 404.22, 119240, 187, 1, 0
284, 0, 129, 175, 146, 21, 45.95%, 1, 0, 4, 421.35, 121375, 187, 1, 0
290, 0, 129, 176, 147, 21, 45.95%, 1, 0, 4, 412.26, 123422, 187, 1, 0
295, 0, 129, 177, 148, 21, 45.95%, 1, 0, 4, 425.55, 125637, 187, 1, 0
300, 0, 129, 178, 149, 21, 45.95%, 1, 0, 4, 412.56, 127716, 187, 1, 0
305, 0, 129, 180, 151, 21, 46.68%, 1, 0, 4, 432.17, 129890, 190, 1, 0
310, 0, 129, 180, 151, 21, 46.68%, 1, 0, 4, 422.11, 131986, 190, 1, 0
315, 0, 129, 180, 151, 21, 46.68%, 1, 0, 4, 414.81, 134122, 190, 1, 0
320, 0, 129, 180, 151, 21, 46.68%, 1, 0, 4, 438.17, 136402, 190, 1, 0
325, 0, 129, 181, 152, 21, 46.68%, 1, 0, 4, 429.26, 138537, 190, 1, 0
330, 0, 129, 181, 152, 21, 46.68%, 1, 0, 4, 433.68, 140769, 190, 1, 0
336, 0, 129, 181, 152, 21, 46.68%, 1, 0, 4, 444.80, 142961, 190, 1, 0
341, 0, 129, 181, 152, 21, 46.68%, 1, 0, 4, 447.46, 145241, 190, 1, 0
346, 0, 129, 181, 152, 21, 46.68%, 1, 0, 4, 416.22, 147337, 190, 1, 0
351, 0, 129, 182, 153, 21, 46.68%, 1, 0, 4, 404.91, 149368, 190, 1, 0
356, 0, 129, 182, 153, 21, 46.68%, 1, 0, 4, 423.56, 151504, 190, 1, 0
361, 0, 129, 183, 154, 21, 46.68%, 1, 0, 4, 413.95, 153615, 190, 1, 0
366, 0, 129, 183, 154, 21, 46.68%, 1, 0, 4, 396.90, 155655, 190, 1, 0
371, 0, 129, 183, 154, 21, 46.68%, 1, 0, 4, 444.57, 158039, 190, 1, 0
376, 0, 129, 183, 154, 21, 46.68%, 1, 0, 4, 424.57, 160103, 190, 1, 0
381, 0, 129, 183, 154, 21, 46.68%, 1, 0, 4, 428.07, 162263, 190, 1, 0
386, 0, 129, 183, 154, 21, 46.68%, 1, 0, 4, 405.24, 164351, 190, 1, 0
391, 0, 129, 184, 155, 21, 46.68%, 1, 0, 4, 443.40, 166598, 190, 1, 0
396, 0, 150, 184, 154, 21, 46.68%, 1, 0, 4, 453.36, 168815, 190, 1, 0
402, 0, 211, 212, 181, 22, 48.65%, 1, 0, 4, 431.43, 170964, 198, 1, 0
407, 0, 125, 213, 180, 20, 48.65%, 1, 0, 4, 418.12, 173057, 198, 1, 0
412, 0, 185, 213, 179, 19, 48.65%, 1, 0, 4, 416.46, 175151, 198, 1, 0
417, 0, 210, 214, 178, 17, 48.65%, 1, 0, 5, 439.42, 177459, 198, 1, 0
422, 0, 210, 214, 178, 17, 48.65%, 1, 0, 5, 430.43, 179790, 198, 1, 0
427, 0, 77, 215, 177, 16, 48.89%, 1, 0, 5, 406.04, 181895, 199, 1, 0
432, 0, 77, 220, 182, 16, 48.89%, 1, 0, 5, 405.90, 184003, 199, 1, 0
437, 0, 77, 220, 182, 16, 48.89%, 1, 0, 5, 422.77, 186147, 199, 1, 0
442, 0, 151, 220, 181, 14, 48.89%, 1, 0, 5, 412.71, 188267, 199, 1, 0
447, 0, 179, 225, 185, 13, 48.89%, 1, 0, 5, 418.15, 190440, 199, 1, 0
452, 0, 179, 227, 187, 13, 48.89%, 1, 0, 5, 392.37, 192456, 199, 1, 0
458, 0, 179, 227, 187, 13, 48.89%, 2, 0, 5, 428.72, 194724, 199, 2, 0
463, 0, 134, 227, 186, 13, 48.89%, 2, 0, 5, 394.31, 196714, 199, 2, 0
468, 0, 115, 227, 183, 10, 48.89%, 2, 0, 5, 422.58, 198897, 199, 2, 0
473, 0, 225, 228, 183, 9, 48.89%, 2, 0, 6, 435.58, 201100, 199, 2, 0
478, 0, 225, 231, 186, 9, 48.89%, 2, 0, 6, 424.72, 203281, 199, 2, 0
483, 0, 225, 231, 186, 9, 48.89%, 2, 0, 6, 416.57, 205401, 199, 2, 0
488, 0, 119, 233, 187, 8, 48.89%, 2, 0, 6, 428.17, 207602, 199, 2, 0
493, 0, 119, 241, 195, 8, 48.89%, 2, 0, 6, 434.19, 209824, 199, 2, 0
498, 0, 119, 241, 195, 8, 48.89%, 2, 0, 6, 433.45, 212048, 199, 2, 0
503, 0, 119, 241, 195, 8, 48.89%, 2, 0, 6, 430.63, 214184, 199, 2, 0
509, 0, 119, 243, 197, 8, 48.89%, 2, 0, 6, 448.15, 216587, 199, 2, 0
514, 0, 119, 243, 197, 8, 48.89%, 2, 0, 6, 492.48, 219053, 199, 2, 0
519, 0, 119, 243, 197, 8, 48.89%, 2, 0, 6, 480.30, 221447, 199, 2, 0
524, 0, 119, 244, 198, 8, 48.89%, 2, 0, 6, 449.50, 223693, 199, 2, 0
529, 0, 119, 244, 198, 8, 48.89%, 2, 0, 6, 432.45, 225909, 199, 2, 0
534, 0, 119, 245, 199, 8, 48.89%, 2, 0, 6, 423.33, 228052, 199, 2, 0
539, 0, 119, 245, 199, 8, 48.89%, 2, 0, 6, 463.59, 230371, 199, 2, 0
544, 0, 119, 245, 199, 8, 48.89%, 2, 0, 6, 435.99, 232516, 199, 2, 0
549, 0, 119, 245, 199, 8, 48.89%, 2, 0, 6, 421.89, 234700, 199, 2, 0
555, 0, 119, 245, 199, 8, 48.89%, 2, 0, 6, 440.69, 237004, 199, 2, 0
560, 0, 119, 247, 201, 8, 48.89%, 2, 0, 6, 439.16, 239218, 199, 2, 0
565, 0, 119, 247, 201, 8, 48.89%, 2, 0, 6, 430.09, 241442, 199, 2, 0
570, 0, 119, 247, 201, 8, 48.89%, 2, 0, 6, 402.37, 243426, 199, 2, 0
575, 0, 119, 248, 202, 8, 48.89%, 2, 0, 6, 428.06, 245673, 199, 2, 0
580, 0, 93, 249, 199, 5, 48.89%, 2, 0, 6, 388.73, 247595, 199, 2, 0
585, 0, 93, 250, 200, 5, 48.89%, 2, 0, 6, 414.12, 249705, 199, 2, 0
590, 0, 93, 250, 200, 5, 48.89%, 2, 0, 6, 366.22, 251504, 199, 2, 0
595, 0, 93, 250, 200, 5, 48.89%, 2, 0, 6, 395.04, 253548, 199, 2, 0
600, 0, 176, 250, 198, 4, 48.89%, 2, 0, 6, 404.31, 255573, 199, 2, 0
605, 0, 176, 253, 201, 4, 48.89%, 2, 0, 6, 407.93, 257549, 199, 2, 0
610, 0, 253, 254, 200, 4, 49.14%, 2, 0, 6, 400.78, 259580, 200, 2, 0
616, 0, 136, 254, 198, 2, 49.14%, 2, 0, 6, 420.08, 261663, 200, 2, 0
621, 0, 252, 259, 202, 2, 49.14%, 2, 0, 6, 401.82, 263641, 200, 2, 0
626, 0, 252, 259, 202, 2, 49.14%, 2, 0, 6, 399.53, 265785, 200, 2, 0
631, 0, 252, 259, 202, 2, 49.14%, 2, 0, 6, 422.86, 267921, 200, 2, 0
636, 0, 252, 260, 203, 2, 49.14%, 2, 0, 6, 437.40, 270152, 200, 2, 0
641, 0, 252, 263, 206, 2, 49.14%, 2, 0, 6, 413.27, 272237, 200, 2, 0
646, 0, 18, 263, 201, 0, 49.14%, 2, 0, 6, 412.51, 274343, 200, 2, 0
651, 0, 220, 263, 197, 0, 49.14%, 2, 0, 6, 410.95, 276480, 200, 2, 0
656, 0, 246, 263, 195, 0, 49.14%, 2, 0, 6, 392.45, 278459, 200, 2, 0
661, 0, 222, 264, 196, 0, 49.14%, 2, 0, 6, 418.82, 280580, 200, 2, 0
666, 0, 164, 264, 195, 0, 49.14%, 2, 0, 6, 417.64, 282684, 200, 2, 0
671, 0, 183, 264, 193, 0, 49.14%, 2, 0, 6, 453.54, 285028, 200, 2, 0
676, 0, 213, 264, 190, 0, 49.14%, 2, 0, 6, 457.68, 287283, 200, 2, 0
682, 0, 225, 265, 190, 0, 49.14%, 2, 0, 6, 424.49, 289381, 200, 2, 0
687, 0, 98, 265, 190, 0, 49.14%, 2, 0, 6, 409.55, 291396, 200, 2, 0
692, 0, 89, 267, 189, 0, 49.14%, 2, 0, 6, 431.55, 293584, 200, 2, 0
697, 0, 252, 268, 189, 0, 49.14%, 2, 0, 6, 430.84, 295754, 200, 2, 0
702, 0, 189, 268, 188, 0, 49.14%, 2, 0, 6, 432.35, 297929, 200, 2, 0
707, 0, 157, 268, 186, 0, 49.14%, 2, 0, 6, 427.38, 300093, 200, 2, 0
712, 0, 221, 269, 185, 0, 49.14%, 2, 0, 6, 409.51, 302109, 200, 2, 0
717, 0, 253, 269, 183, 0, 49.14%, 2, 0, 6, 415.47, 304264, 200, 2, 0
722, 0, 3, 269, 182, 0, 49.14%, 2, 0, 6, 436.24, 306590, 200, 2, 0
727, 0, 257, 270, 179, 0, 49.63%, 2, 0, 6, 422.64, 308641, 202, 2, 0
732, 0, 147, 270, 178, 0, 49.63%, 2, 0, 6, 401.32, 310644, 202, 2, 0
738, 0, 192, 270, 177, 0, 49.63%, 2, 0, 6, 425.96, 312923, 202, 2, 0
743, 0, 225, 272, 178, 0, 49.63%, 2, 0, 6, 437.22, 315130, 202, 2, 0
748, 0, 225, 274, 180, 0, 49.63%, 2, 0, 6, 422.44, 317288, 202, 2, 0
753, 0, 225, 274, 180, 0, 49.63%, 2, 0, 6, 396.21, 319398, 202, 2, 0
758, 0, 272, 276, 182, 1, 49.63%, 2, 0, 6, 413.55, 321446, 202, 2, 0
763, 0, 271, 276, 180, 0, 49.63%, 2, 0, 6, 402.93, 323495, 202, 2, 0
768, 0, 276, 277, 180, 1, 49.88%, 2, 0, 6, 451.00, 325787, 203, 2, 0
773, 0, 140, 277, 177, 0, 49.88%, 2, 0, 6, 449.13, 328040, 203, 2, 0
778, 0, 143, 277, 176, 0, 49.88%, 2, 0, 6, 445.10, 330318, 203, 2, 0
783, 0, 195, 277, 174, 0, 49.88%, 2, 0, 6, 416.59, 332416, 203, 2, 0
788, 0, 139, 277, 172, 0, 49.88%, 2, 0, 6, 444.79, 334612, 203, 2, 0
793, 0, 58, 278, 171, 0, 49.88%, 2, 0, 6, 456.71, 336963, 203, 2, 0
799, 0, 60, 279, 170, 0, 49.88%, 2, 0, 6, 441.64, 339196, 203, 2, 0
804, 0, 92, 279, 169, 0, 49.88%, 2, 0, 6, 441.20, 341343, 203, 2, 0
809, 0, 226, 279, 168, 0, 49.88%, 2, 0, 6, 430.18, 343447, 203, 2, 0
814, 0, 54, 279, 164, 0, 49.88%, 2, 0, 6, 407.62, 345466, 203, 2, 0
819, 0, 162, 279, 160, 0, 49.88%, 2, 0, 6, 413.26, 347589, 203, 2, 0
824, 0, 268, 280, 158, 0, 49.88%, 2, 0, 6, 415.57, 349773, 203, 2, 0
829, 0, 279, 281, 158, 0, 49.88%, 2, 0, 6, 394.11, 351822, 203, 2, 0
834, 0, 131, 283, 159, 0, 49.88%, 2, 0, 6, 404.76, 353889, 203, 2, 0
839, 0, 258, 283, 158, 0, 49.88%, 2, 0, 6, 443.37, 356268, 203, 2, 0
844, 0, 153, 283, 156, 0, 49.88%, 2, 0, 6, 430.15, 358540, 203, 2, 0
850, 0, 165, 283, 151, 0, 49.88%, 2, 0, 6, 453.50, 360811, 203, 2, 0
855, 0, 60, 283, 148, 0, 49.88%, 2, 0, 6, 437.75, 362926, 203, 2, 0
860, 0, 77, 283, 147, 0, 49.88%, 2, 0, 6, 437.71, 365106, 203, 2, 0
865, 1, 168, 283, 146, 0, 49.88%, 2, 0, 6, 414.84, 367200, 203, 2, 0
870, 1, 282, 286, 148, 0, 49.88%, 2, 0, 7, 425.92, 369403, 203, 2, 0
875, 1, 20, 286, 146, 0, 49.88%, 2, 0, 7, 393.45, 371311, 203, 2, 0
880, 1, 286, 287, 145, 1, 50.12%, 2, 0, 7, 389.98, 373343, 204, 2, 0
885, 1, 17, 287, 142, 0, 50.12%, 2, 0, 7, 415.85, 375546, 204, 2, 0
890, 1, 138, 287, 139, 0, 50.12%, 2, 0, 7, 467.82, 377984, 204, 2, 0
895, 1, 277, 287, 137, 0, 50.12%, 2, 0, 7, 426.55, 380090, 204, 2, 0
900, 1, 288, 289, 135, 1, 50.61%, 2, 0, 7, 416.13, 382164, 206, 2, 0
904, 1, 178, 289, 133, 0, 50.61%, 2, 0, 7, 427.42, 383966, 206, 2, 0
