# relative_time, cycles_done, cur_item, corpus_count, pending_total, pending_favs, map_size, saved_crashes, saved_hangs, max_depth, execs_per_sec, total_execs, edges_found, total_crashes, servers_count
61, 0, 0, 25, 20, 4, 27.03%, 0, 0, 2, 478.00, 29381, 110, 0, 0
66, 0, 0, 25, 20, 4, 27.03%, 0, 0, 2, 459.20, 31820, 110, 0, 0
71, 0, 0, 25, 20, 4, 27.03%, 0, 0, 2, 450.29, 34034, 110, 0, 0
76, 0, 0, 25, 20, 4, 27.03%, 0, 0, 2, 464.78, 36419, 110, 0, 0
81, 0, 0, 25, 20, 4, 27.03%, 0, 0, 2, 447.43, 38678, 110, 0, 0
86, 0, 8, 119, 112, 28, 42.01%, 0, 0, 2, 439.79, 40874, 171, 0, 0
91, 0, 8, 123, 116, 28, 42.01%, 0, 0, 2, 410.90, 42920, 171, 0, 0
96, 0, 8, 123, 116, 28, 42.01%, 0, 0, 2, 410.06, 45024, 171, 0, 0
101, 0, 8, 123, 116, 28, 42.01%, 0, 0, 2, 419.44, 47120, 171, 0, 0
106, 0, 20, 123, 106, 19, 42.01%, 0, 0, 2, 424.38, 49255, 171, 0, 0
111, 0, 24, 132, 113, 17, 42.01%, 0, 0, 3, 426.96, 51452, 171, 0, 0
116, 0, 36, 169, 148, 17, 42.26%, 0, 0, 3, 479.25, 53911, 172, 0, 0
121, 0, 82, 175, 150, 14, 42.26%, 0, 0, 3, 461.68, 56214, 172, 0, 0
126, 0, 84, 180, 154, 13, 42.26%, 0, 0, 3, 453.77, 58475, 172, 0, 0
132, 0, 84, 181, 155, 13, 42.26%, 0, 0, 3, 415.86, 60558, 172, 0, 0
137, 0, 92, 183, 156, 12, 42.26%, 0, 0, 3, 447.51, 62877, 172, 0, 0
142, 0, 92, 186, 159, 12, 42.26%, 0, 0, 3, 429.53, 65036, 172, 0, 0
147, 0, 92, 188, 161, 12, 42.26%, 0, 0, 3, 434.66, 67250, 172, 0, 0
152, 0, 92, 192, 165, 12, 42.26%, 0, 0, 3, 423.11, 69430, 172, 0, 0
157, 0, 92, 192, 165, 12, 42.26%, 0, 0, 3, 437.18, 71630, 172, 0, 0
162, 0, 92, 194, 167, 12, 42.26%, 0, 0, 3, 459.04, 73942, 172, 0, 0
167, 0, 112, 199, 169, 11, 42.26%, 0, 0, 3, 455.58, 76217, 172, 0, 0
172, 0, 112, 206, 176, 11, 43.00%, 0, 0, 3, 444.99, 78453, 175, 0, 0
177, 0, 112, 207, 177, 11, 43.00%, 0, 0, 3, 439.74, 80740, 175, 0, 0
182, 0, 112, 208, 178, 11, 43.00%, 0, 0, 3, 461.98, 83111, 175, 0, 0
187, 0, 112, 209, 179, 11, 43.00%, 0, 0, 3, 465.92, 85440, 175, 0, 0
193, 0, 112, 210, 180, 11, 43.00%, 0, 0, 3, 419.95, 87625, 175, 0, 0
198, 0, 114, 212, 181, 12, 43.00%, 0, 0, 3, 481.00, 90153, 175, 0, 0
203, 0, 135, 214, 178, 9, 43.00%, 0, 0, 3, 458.89, 92455, 175, 0, 0
208, 0, 140, 229, 192, 8, 43.00%, 0, 0, 4, 424.56, 94541, 175, 0, 0
213, 0, 140, 230, 193, 8, 43.73%, 0, 0, 4, 428.37, 96697, 178, 0, 0
218, 0, 140, 230, 193, 8, 43.73%, 0, 0, 4, 439.62, 98945, 178, 0, 0
223, 0, 152, 233, 195, 9, 43.98%, 0, 0, 4, 457.75, 101244, 179, 0, 0
228, 0, 169, 234, 195, 9, 43.98%, 0, 0, 4, 420.67, 103386, 179, 0, 0
233, 0, 200, 237, 194, 5, 43.98%, 0, 0, 4, 451.29, 105715, 179, 0, 0
238, 0, 207, 240, 195, 4, 43.98%, 0, 0, 4, 463.73, 108034, 179, 0, 0
243, 1, 15, 240, 191, 0, 43.98%, 0, 0, 4, 441.31, 110228, 179, 0, 0
248, 1, 79, 241, 184, 0, 43.98%, 0, 0, 4, 446.37, 112483, 179, 0, 0
253, 1, 105, 248, 186, 0, 44.23%, 0, 0, 4, 458.93, 114841, 180, 0, 0
258, 1, 105, 250, 188, 0, 44.23%, 0, 0, 4, 436.83, 117083, 180, 0, 0
264, 1, 105, 250, 188, 0, 44.23%, 0, 0, 4, 465.59, 119544, 180, 0, 0
269, 1, 105, 251, 189, 0, 44.23%, 0, 0, 4, 443.18, 121786, 180, 0, 0
274, 1, 246, 254, 189, 1, 44.23%, 0, 0, 4, 452.29, 124053, 180, 0, 0
279, 1, 252, 257, 191, 0, 44.23%, 0, 0, 5, 408.62, 126118, 180, 0, 0
284, 1, 255, 262, 195, 1, 44.47%, 0, 0, 6, 386.24, 128033, 181, 0, 0
289, 1, 255, 263, 196, 1, 44.47%, 0, 0, 6, 400.36, 130050, 181, 0, 0
294, 1, 255, 264, 197, 1, 44.47%, 0, 0, 6, 390.30, 131996, 181, 0, 0
299, 1, 255, 265, 198, 1, 44.47%, 0, 0, 6, 396.01, 133977, 181, 0, 0
304, 1, 263, 265, 196, 0, 44.47%, 0, 0, 6, 394.32, 135909, 181, 0, 0
309, 1, 263, 270, 201, 0, 44.47%, 0, 0, 7, 376.43, 137771, 181, 0, 0
314, 1, 263, 270, 201, 0, 44.47%, 0, 0, 7, 393.65, 139752, 181, 0, 0
319, 1, 263, 270, 201, 0, 44.47%, 0, 0, 7, 388.19, 141719, 181, 0, 0
324, 1, 263, 270, 201, 0, 44.47%, 0, 0, 7, 384.56, 143686, 181, 0, 0
329, 1, 263, 270, 201, 0, 44.47%, 0, 0, 7, 386.49, 145667, 181, 0, 0
334, 1, 263, 270, 201, 0, 44.47%, 0, 0, 7, 390.90, 147641, 181, 0, 0
339, 1, 268, 270, 198, 0, 44.47%, 0, 0, 7, 395.96, 149663, 181, 0, 0
344, 1, 269, 276, 203, 0, 44.47%, 0, 0, 8, 408.32, 151779, 181, 0, 0
349, 1, 269, 277, 204, 0, 44.47%, 0, 0, 8, 417.24, 153858, 181, 0, 0
354, 1, 269, 277, 204, 0, 44.47%, 0, 0, 8, 408.69, 155858, 181, 0, 0
359, 1, 269, 277, 204, 0, 44.47%, 0, 0, 8, 415.53, 157970, 181, 0, 0
365, 1, 269, 277, 204, 0, 44.47%, 0, 0, 8, 389.36, 159933, 181, 0, 0
370, 1, 269, 277, 204, 0, 44.47%, 0, 0, 8, 399.00, 161963, 181, 0, 0
375, 1, 276, 277, 203, 1, 44.47%, 0, 0, 8, 398.74, 163976, 181, 0, 0
380, 2, 285, 340, 262, 11, 49.14%, 0, 0, 8, 430.39, 166208, 200, 0, 0
385, 2, 310, 342, 258, 5, 49.14%, 0, 0, 8, 441.58, 168549, 200, 0, 0
390, 2, 320, 342, 255, 3, 49.14%, 0, 0, 8, 443.37, 170794, 200, 0, 0
395, 2, 324, 345, 257, 3, 49.39%, 0, 0, 8, 424.12, 172895, 201, 0, 0
400, 2, 331, 351, 261, 3, 50.61%, 0, 0, 8, 440.98, 175168, 206, 0, 0
405, 2, 331, 352, 262, 3, 50.61%, 0, 0, 8, 435.57, 177375, 206, 0, 0
410, 2, 331, 353, 263, 3, 50.86%, 0, 0, 8, 453.44, 179651, 207, 0, 0
415, 2, 342, 353, 262, 7, 50.86%, 0, 0, 8, 471.50, 182025, 207, 0, 0
420, 2, 348, 354, 259, 4, 50.86%, 0, 0, 8, 440.58, 184266, 207, 0, 0
425, 2, 352, 354, 256, 1, 50.86%, 0, 0, 8, 455.81, 186547, 207, 0, 0
430, 3, 79, 355, 246, 0, 50.86%, 0, 0, 8, 451.17, 188828, 207, 0, 0
435, 3, 164, 355, 236, 0, 50.86%, 0, 0, 8, 435.36, 191053, 207, 0, 0
440, 3, 190, 357, 229, 0, 50.86%, 0, 0, 8, 402.14, 193036, 207, 0, 0
446, 3, 222, 357, 218, 0, 50.86%, 0, 0, 8, 403.76, 195021, 207, 0, 0
451, 3, 256, 357, 211, 0, 50.86%, 0, 0, 8, 433.56, 197318, 207, 0, 0
456, 3, 273, 357, 207, 0, 50.86%, 0, 0, 8, 402.30, 199341, 207, 0, 0
461, 3, 289, 357, 202, 0, 50.86%, 0, 0, 8, 420.93, 201401, 207, 0, 0
466, 3, 312, 358, 194, 0, 50.86%, 0, 0, 8, 432.03, 203615, 207, 0, 0
471, 3, 334, 358, 186, 0, 50.86%, 0, 0, 8, 456.84, 205902, 207, 0, 0
476, 3, 351, 358, 185, 0, 50.86%, 0, 0, 8, 452.02, 208244, 207, 0, 0
481, 5, 17, 359, 184, 0, 50.86%, 0, 0, 8, 456.40, 210560, 207, 0, 0
486, 5, 103, 359, 176, 0, 50.86%, 0, 0, 8, 465.49, 212912, 207, 0, 0
491, 5, 182, 359, 160, 0, 50.86%, 0, 0, 8, 453.73, 215284, 207, 0, 0
497, 5, 238, 359, 150, 0, 50.86%, 0, 0, 8, 469.79, 217621, 207, 0, 0
502, 5, 285, 360, 148, 0, 50.86%, 0, 0, 8, 430.01, 219719, 207, 0, 0
507, 5, 334, 360, 143, 0, 50.86%, 0, 0, 8, 420.78, 221875, 207, 0, 0
512, 6, 10, 360, 141, 0, 50.86%, 0, 0, 8, 459.00, 224208, 207, 0, 0
517, 6, 92, 360, 132, 0, 50.86%, 0, 0, 8, 457.64, 226494, 207, 0, 0
522, 6, 194, 360, 124, 0, 50.86%, 0, 0, 8, 450.24, 228854, 207, 0, 0
527, 6, 271, 360, 119, 0, 50.86%, 0, 0, 8, 459.35, 231164, 207, 0, 0
532, 6, 360, 361, 118, 1, 51.11%, 0, 0, 8, 433.97, 233271, 208, 0, 0
537, 7, 92, 361, 110, 0, 51.11%, 0, 0, 8, 441.93, 235521, 208, 0, 0
542, 7, 224, 361, 106, 0, 51.11%, 0, 0, 8, 429.91, 237688, 208, 0, 0
547, 7, 265, 361, 101, 0, 51.11%, 0, 0, 8, 428.77, 239813, 208, 0, 0
552, 7, 332, 361, 98, 0, 51.11%, 0, 0, 8, 464.03, 242201, 208, 0, 0
557, 7, 358, 361, 94, 0, 51.11%, 0, 0, 8, 472.36, 244605, 208, 0, 0
563, 8, 79, 361, 87, 0, 51.11%, 0, 0, 8, 459.45, 246886, 208, 0, 0
568, 8, 173, 361, 81, 0, 51.11%, 0, 0, 8, 432.72, 249036, 208, 0, 0
573, 8, 246, 361, 75, 0, 51.11%, 0, 0, 8, 456.59, 251305, 208, 0, 0
578, 8, 293, 361, 72, 0, 51.11%, 0, 0, 8, 433.17, 253442, 208, 0, 0
583, 8, 333, 361, 69, 0, 51.11%, 0, 0, 8, 450.01, 255693, 208, 0, 0
588, 8, 360, 362, 66, 0, 51.35%, 0, 0, 8, 457.00, 257997, 209, 0, 0
593, 9, 92, 362, 64, 0, 51.35%, 0, 0, 8, 463.42, 260359, 209, 0, 0
598, 9, 229, 362, 58, 0, 51.35%, 0, 0, 8, 472.66, 262776, 209, 0, 0
603, 9, 276, 364, 58, 0, 51.35%, 0, 0, 9, 418.93, 264843, 209, 0, 0
608, 9, 323, 364, 58, 0, 51.35%, 0, 0, 9, 431.18, 267138, 209, 0, 0
613, 9, 361, 364, 56, 0, 51.35%, 0, 0, 9, 445.77, 269342, 209, 0, 0
618, 10, 92, 364, 53, 0, 51.35%, 0, 0, 9, 447.54, 271612, 209, 0, 0
624, 10, 182, 364, 47, 0, 51.35%, 1, 0, 9, 453.12, 273976, 209, 5, 0
629, 10, 247, 364, 45, 0, 51.35%, 1, 0, 9, 466.36, 276348, 209, 5, 0
634, 10, 310, 364, 42, 0, 51.35%, 1, 0, 9, 438.64, 278509, 209, 5, 0
639, 10, 358, 365, 43, 0, 51.35%, 1, 0, 9, 426.12, 280676, 209, 5, 0
644, 11, 79, 366, 43, 0, 51.35%, 1, 0, 9, 423.70, 282798, 209, 5, 0
649, 12, 49, 367, 42, 0, 51.60%, 1, 0, 9, 459.37, 285147, 210, 5, 0
654, 12, 157, 368, 41, 0, 51.60%, 1, 0, 9, 450.53, 287466, 210, 5, 0
659, 12, 242, 368, 41, 0, 51.60%, 1, 0, 9, 424.45, 289699, 210, 6, 0
664, 12, 287, 368, 39, 0, 51.60%, 2, 0, 9, 420.97, 291819, 210, 7, 0
669, 12, 357, 369, 40, 0, 51.60%, 2, 0, 9, 486.28, 294346, 210, 7, 0
675, 12, 362, 371, 42, 0, 51.60%, 2, 0, 9, 441.99, 296615, 210, 7, 0
680, 12, 367, 373, 43, 0, 52.09%, 3, 0, 9, 432.77, 298697, 212, 9, 0
685, 12, 367, 376, 46, 0, 52.33%, 5, 0, 9, 415.68, 300791, 213, 18, 0
690, 12, 367, 376, 46, 0, 52.33%, 5, 0, 9, 433.10, 303047, 213, 25, 0
695, 12, 367, 376, 46, 0, 52.33%, 6, 0, 9, 435.81, 305264, 213, 30, 0
700, 12, 367, 376, 46, 0, 52.33%, 7, 0, 9, 448.16, 307528, 213, 46, 0
705, 12, 374, 376, 44, 1, 52.33%, 7, 0, 9, 434.11, 309724, 213, 52, 0
710, 13, 92, 376, 43, 0, 52.33%, 7, 0, 9, 451.44, 312068, 213, 54, 0
715, 13, 200, 376, 40, 0, 52.33%, 7, 0, 9, 450.27, 314336, 213, 54, 0
720, 13, 276, 376, 35, 0, 52.33%, 7, 0, 9, 434.54, 316513, 213, 54, 0
725, 13, 336, 376, 33, 0, 52.33%, 7, 0, 9, 437.37, 318730, 213, 54, 0
730, 13, 366, 376, 31, 0, 52.33%, 7, 0, 9, 437.81, 320970, 213, 54, 0
735, 14, 36, 377, 32, 0, 52.33%, 7, 0, 9, 442.21, 323250, 213, 56, 0
741, 14, 200, 377, 30, 0, 52.33%, 7, 0, 9, 449.98, 325666, 213, 57, 0
746, 14, 276, 377, 29, 0, 52.33%, 7, 0, 9, 412.47, 327749, 213, 57, 0
751, 14, 331, 377, 29, 0, 52.33%, 7, 0, 9, 435.79, 329950, 213, 57, 0
756, 14, 363, 377, 28, 0, 52.33%, 7, 0, 9, 426.09, 332089, 213, 57, 0
761, 14, 369, 377, 26, 0, 52.33%, 7, 0, 9, 408.41, 334155, 213, 57, 0
766, 15, 16, 377, 25, 0, 52.33%, 8, 0, 9, 413.47, 336271, 213, 64, 0
771, 15, 169, 377, 23, 0, 52.33%, 8, 0, 9, 428.80, 338441, 213, 64, 0
776, 15, 265, 378, 24, 0, 52.33%, 8, 0, 9, 429.70, 340675, 213, 64, 0
781, 15, 311, 378, 24, 0, 52.33%, 8, 0, 9, 450.36, 342889, 213, 64, 0
786, 15, 366, 378, 24, 0, 52.33%, 8, 0, 9, 466.84, 345249, 213, 64, 0
791, 15, 370, 379, 25, 0, 52.33%, 8, 0, 9, 417.58, 347294, 213, 64, 0
796, 15, 378, 381, 26, 0, 52.33%, 9, 0, 10, 401.43, 349421, 213, 67, 0
801, 17, 11, 382, 25, 0, 52.33%, 9, 0, 10, 445.07, 351652, 213, 67, 0
806, 17, 152, 382, 19, 0, 52.33%, 9, 0, 10, 423.06, 353744, 213, 67, 0
812, 17, 275, 382, 18, 0, 52.33%, 9, 0, 10, 429.25, 356004, 213, 67, 0
817, 17, 331, 382, 17, 0, 52.33%, 9, 0, 10, 415.31, 358070, 213, 67, 0
822, 17, 371, 382, 17, 0, 52.33%, 9, 0, 10, 431.20, 360251, 213, 69, 0
827, 17, 380, 383, 16, 0, 52.33%, 9, 0, 10, 439.15, 362539, 213, 89, 0
832, 17, 380, 384, 17, 0, 52.33%, 9, 0, 11, 392.39, 364436, 213, 89, 0
837, 18, 79, 384, 16, 0, 52.33%, 9, 0, 11, 456.68, 366709, 213, 89, 0
842, 18, 200, 384, 15, 0, 52.33%, 9, 0, 11, 435.26, 368899, 213, 90, 0
847, 18, 288, 384, 14, 0, 52.33%, 9, 0, 11, 429.73, 371108, 213, 90, 0
852, 18, 352, 384, 13, 0, 52.33%, 9, 0, 11, 439.30, 373419, 213, 90, 0
857, 18, 375, 384, 12, 0, 52.33%, 10, 0, 11, 433.34, 375601, 213, 103, 0
863, 19, 14, 386, 12, 0, 52.33%, 10, 0, 12, 414.72, 377765, 213, 105, 0
868, 19, 182, 386, 11, 0, 52.33%, 10, 0, 12, 462.10, 380181, 213, 108, 0
873, 19, 276, 386, 10, 0, 52.33%, 10, 0, 12, 436.72, 382375, 213, 108, 0
878, 19, 320, 386, 9, 0, 52.33%, 10, 0, 12, 455.27, 384671, 213, 108, 0
883, 19, 362, 386, 9, 0, 52.33%, 10, 0, 12, 452.42, 386964, 213, 108, 0
888, 19, 378, 387, 10, 0, 52.33%, 10, 0, 12, 421.84, 389040, 213, 112, 0
893, 20, 21, 387, 9, 0, 52.33%, 10, 0, 12, 456.78, 391333, 213, 112, 0
898, 20, 169, 387, 9, 0, 52.33%, 10, 0, 12, 438.01, 393510, 213, 114, 0
903, 20, 276, 387, 9, 0, 52.33%, 10, 0, 12, 444.11, 395821, 213, 114, 0
909, 20, 347, 387, 9, 0, 52.33%, 10, 0, 12, 457.36, 398085, 213, 114, 0
914, 20, 385, 387, 9, 0, 52.33%, 10, 0, 12, 462.76, 400378, 213, 114, 0
919, 21, 36, 387, 7, 0, 52.33%, 10, 0, 12, 426.35, 402411, 213, 114, 0
924, 21, 182, 387, 7, 0, 52.33%, 10, 0, 12, 445.06, 404718, 213, 118, 0
929, 21, 276, 387, 7, 0, 52.33%, 10, 0, 12, 418.55, 406842, 213, 118, 0
934, 21, 348, 387, 7, 0, 52.33%, 10, 0, 12, 424.08, 408965, 213, 118, 0
939, 21, 369, 387, 7, 0, 52.33%, 10, 0, 12, 404.32, 411028, 213, 118, 0
944, 22, 30, 387, 6, 0, 52.33%, 10, 0, 12, 428.56, 413238, 213, 120, 0
949, 22, 169, 387, 5, 0, 52.33%, 10, 0, 12, 424.93, 415392, 213, 120, 0
954, 22, 276, 387, 5, 0, 52.33%, 10, 0, 12, 411.47, 417466, 213, 123, 0
959, 22, 331, 387, 5, 0, 52.33%, 10, 0, 12, 430.43, 419713, 213, 123, 0
964, 22, 364, 387, 5, 0, 52.33%, 10, 0, 12, 455.77, 422057, 213, 123, 0
969, 22, 388, 388, 5, 0, 52.33%, 10, 0, 12, 456.36, 424395, 213, 132, 0
974, 23, 156, 388, 5, 0, 52.33%, 10, 0, 12, 448.79, 426658, 213, 132, 0
980, 23, 260, 388, 5, 0, 52.33%, 10, 0, 12, 441.82, 428959, 213, 132, 0
985, 23, 302, 388, 5, 0, 52.33%, 10, 0, 12, 415.32, 431013, 213, 132, 0
990, 23, 372, 388, 5, 0, 52.33%, 10, 0, 12, 440.09, 433293, 213, 133, 0
995, 24, 18, 389, 5, 0, 52.33%, 10, 0, 12, 433.35, 435407, 213, 134, 0
1000, 24, 182, 389, 5, 0, 52.33%, 10, 0, 12, 454.38, 437705, 213, 136, 0
1005, 24, 276, 389, 5, 0, 52.33%, 10, 0, 12, 422.18, 439886, 213, 136, 0
1010, 24, 347, 389, 4, 0, 52.33%, 10, 0, 12, 443.11, 442096, 213, 136, 0
1015, 24, 382, 389, 4, 0, 52.33%, 10, 0, 12, 449.47, 444336, 213, 142, 0
1020, 25, 18, 389, 3, 0, 52.33%, 10, 0, 12, 441.09, 446491, 213, 145, 0
1025, 25, 194, 389, 3, 0, 52.33%, 10, 0, 12, 434.64, 448645, 213, 147, 0
1030, 25, 285, 389, 3, 0, 52.33%, 10, 0, 12, 422.88, 450849, 213, 147, 0
1035, 25, 358, 389, 3, 0, 52.33%, 10, 0, 12, 430.65, 453056, 213, 147, 0
1040, 26, 36, 389, 3, 0, 52.33%, 10, 0, 12, 454.05, 455369, 213, 158, 0
1045, 26, 179, 389, 3, 0, 52.33%, 10, 0, 12, 446.09, 457538, 213, 161, 0
1050, 26, 261, 389, 3, 0, 52.33%, 10, 0, 12, 451.08, 459833, 213, 161, 0
1056, 26, 320, 389, 3, 0, 52.33%, 10, 0, 12, 418.60, 461914, 213, 161, 0
1061, 26, 358, 389, 3, 0, 52.33%, 10, 0, 12, 431.04, 464095, 213, 161, 0
1066, 27, 36, 390, 4, 0, 52.33%, 10, 0, 12, 405.22, 466154, 213, 163, 0
1071, 27, 185, 390, 4, 0, 52.33%, 10, 0, 12, 419.72, 468330, 213, 164, 0
1076, 27, 281, 390, 4, 0, 52.33%, 10, 0, 12, 423.03, 470454, 213, 164, 0
1081, 27, 349, 390, 4, 0, 52.33%, 10, 0, 12, 412.49, 472556, 213, 164, 0
1086, 28, 34, 390, 4, 0, 52.33%, 10, 0, 12, 439.04, 474818, 213, 166, 0
1091, 28, 196, 390, 4, 0, 52.33%, 10, 0, 12, 457.52, 477104, 213, 168, 0
1096, 28, 281, 390, 4, 0, 52.33%, 10, 0, 12, 440.70, 479300, 213, 168, 0
1101, 28, 352, 390, 4, 0, 52.33%, 10, 0, 12, 445.82, 481525, 213, 168, 0
1106, 28, 369, 390, 4, 0, 52.33%, 10, 0, 12, 442.27, 483747, 213, 168, 0
1111, 29, 109, 390, 4, 0, 52.33%, 10, 0, 12, 431.93, 485844, 213, 169, 0
1116, 29, 238, 390, 4, 0, 52.33%, 10, 0, 12, 429.51, 488065, 213, 171, 0
1121, 29, 301, 390, 4, 0, 52.33%, 10, 0, 12, 430.73, 490237, 213, 171, 0
1126, 29, 360, 390, 4, 0, 52.33%, 10, 0, 12, 444.70, 492526, 213, 171, 0
1131, 30, 92, 390, 4, 0, 52.33%, 10, 0, 12, 446.17, 494846, 213, 173, 0
1136, 30, 213, 390, 4, 0, 52.33%, 10, 0, 12, 443.76, 497074, 213, 175, 0
1141, 30, 276, 390, 4, 0, 52.33%, 10, 0, 12, 441.10, 499268, 213, 175, 0
1147, 30, 349, 390, 4, 0, 52.33%, 10, 0, 12, 431.12, 501527, 213, 175, 0
1152, 30, 386, 390, 4, 0, 52.33%, 10, 0, 12, 431.85, 503772, 213, 179, 0
1157, 31, 142, 391, 5, 0, 52.33%, 10, 0, 12, 453.98, 506038, 213, 179, 0
1162, 31, 240, 391, 5, 0, 52.33%, 10, 0, 12, 441.25, 508196, 213, 181, 0
1167, 31, 331, 391, 5, 0, 52.33%, 10, 0, 12, 442.75, 510446, 213, 181, 0
1172, 31, 384, 391, 5, 0, 52.33%, 10, 0, 12, 455.33, 512767, 213, 182, 0
1177, 32, 391, 394, 7, 2, 52.83%, 10, 0, 12, 439.52, 514917, 215, 182, 0
1182, 33, 395, 397, 8, 1, 54.05%, 10, 0, 12, 421.87, 517197, 220, 182, 0
1187, 34, 109, 397, 7, 0, 54.05%, 10, 0, 12, 445.04, 519501, 220, 182, 0
1192, 34, 246, 397, 7, 0, 54.05%, 10, 0, 12, 448.02, 521746, 220, 182, 0
1197, 34, 310, 397, 7, 0, 54.05%, 10, 0, 12, 476.04, 524238, 220, 182, 0
1202, 34, 368, 397, 7, 0, 54.05%, 10, 0, 12, 449.00, 526497, 220, 182, 0
1207, 34, 388, 397, 6, 0, 54.05%, 10, 0, 12, 452.04, 528776, 220, 187, 0
1213, 34, 395, 398, 4, 0, 54.05%, 10, 0, 12, 442.57, 530933, 220, 188, 0
1218, 35, 152, 398, 4, 0, 54.05%, 10, 0, 12, 429.62, 533196, 220, 188, 0
1223, 35, 260, 398, 4, 0, 54.05%, 10, 0, 12, 449.89, 535505, 220, 190, 0
1228, 35, 331, 398, 4, 0, 54.05%, 10, 0, 12, 463.96, 537774, 220, 190, 0
1233, 35, 385, 398, 4, 0, 54.05%, 10, 0, 12, 440.71, 540008, 220, 190, 0
1238, 36, 36, 398, 2, 0, 54.05%, 10, 0, 12, 454.55, 542329, 220, 191, 0
1243, 36, 175, 398, 2, 0, 54.05%, 10, 0, 12, 437.72, 544497, 220, 193, 0
1248, 36, 260, 398, 2, 0, 54.05%, 10, 0, 12, 441.46, 546649, 220, 193, 0
1253, 36, 316, 398, 2, 0, 54.05%, 10, 0, 12, 433.42, 548822, 220, 193, 0
1258, 36, 358, 398, 2, 0, 54.05%, 10, 0, 12, 438.40, 551006, 220, 193, 0
1263, 36, 399, 401, 3, 0, 54.05%, 10, 0, 12, 434.11, 553275, 220, 193, 0
1268, 38, 143, 401, 2, 0, 54.05%, 10, 0, 12, 449.64, 555636, 220, 193, 0
1273, 38, 246, 401, 2, 0, 54.05%, 10, 0, 12, 453.13, 557895, 220, 195, 0
1278, 38, 320, 401, 2, 0, 54.05%, 10, 0, 12, 440.07, 560062, 220, 195, 0
1284, 38, 381, 401, 2, 0, 54.05%, 10, 0, 12, 427.63, 562287, 220, 196, 0
1289, 39, 27, 402, 2, 0, 54.05%, 10, 0, 12, 415.44, 564476, 220, 196, 0
1294, 39, 182, 402, 2, 0, 54.05%, 10, 0, 12, 426.97, 566616, 220, 197, 0
1299, 39, 276, 402, 2, 0, 54.05%, 10, 0, 12, 425.85, 568863, 220, 197, 0
1304, 39, 342, 402, 2, 0, 54.05%, 10, 0, 12, 444.90, 571085, 220, 197, 0
1309, 39, 396, 402, 2, 0, 54.05%, 10, 0, 12, 428.35, 573155, 220, 197, 0
1314, 40, 402, 421, 20, 1, 59.46%, 10, 0, 12, 429.08, 575334, 242, 197, 0
1319, 40, 402, 423, 22, 1, 59.46%, 10, 0, 12, 427.35, 577500, 242, 197, 0
1324, 40, 402, 425, 24, 1, 59.46%, 10, 0, 12, 458.78, 579903, 242, 197, 0
1329, 40, 402, 425, 24, 1, 59.46%, 10, 0, 12, 440.51, 582114, 242, 197, 0
1334, 40, 402, 426, 25, 1, 59.95%, 10, 0, 12, 466.08, 584536, 244, 197, 0
1339, 40, 402, 426, 25, 1, 59.95%, 10, 0, 12, 457.33, 586786, 244, 197, 0
1344, 40, 402, 426, 25, 1, 59.95%, 10, 0, 12, 408.38, 588809, 244, 197, 0
1349, 40, 402, 427, 26, 1, 60.20%, 10, 0, 12, 403.70, 590840, 245, 197, 0
1355, 40, 402, 428, 27, 1, 60.20%, 10, 0, 12, 435.30, 593127, 245, 197, 0
1360, 40, 402, 429, 28, 1, 60.44%, 10, 0, 12, 427.54, 595270, 246, 197, 0
1365, 40, 402, 429, 28, 1, 60.44%, 10, 0, 12, 438.61, 597438, 246, 197, 0
1370, 40, 402, 429, 28, 1, 60.44%, 10, 0, 12, 458.79, 599884, 246, 197, 0
1375, 40, 402, 429, 28, 1, 60.44%, 10, 0, 12, 444.33, 602118, 246, 197, 0
1380, 40, 402, 429, 28, 1, 60.44%, 10, 0, 12, 448.32, 604358, 246, 197, 0
1385, 40, 402, 429, 28, 1, 60.44%, 10, 0, 12, 446.39, 606646, 246, 197, 0
1390, 40, 402, 429, 28, 1, 60.44%, 10, 0, 12, 441.11, 608830, 246, 197, 0
1395, 40, 402, 429, 28, 1, 60.44%, 10, 0, 12, 406.70, 610878, 246, 197, 0
1400, 40, 405, 429, 27, 8, 60.44%, 10, 0, 12, 426.83, 613056, 246, 197, 0
1405, 40, 409, 441, 37, 6, 60.44%, 10, 0, 12, 397.50, 615105, 246, 197, 0
1410, 40, 411, 442, 37, 6, 62.41%, 10, 0, 12, 414.11, 617231, 254, 197, 0
1415, 40, 413, 445, 39, 6, 62.65%, 10, 0, 12, 447.50, 619546, 255, 197, 0
1421, 40, 413, 447, 41, 6, 62.65%, 10, 0, 12, 468.86, 621916, 255, 197, 0
1426, 40, 413, 447, 41, 6, 62.65%, 10, 0, 12, 453.30, 624166, 255, 197, 0
1431, 40, 413, 448, 42, 6, 62.65%, 10, 0, 12, 451.68, 626477, 255, 197, 0
1436, 40, 413, 448, 42, 6, 62.65%, 10, 0, 12, 444.14, 628735, 255, 197, 0
1441, 40, 413, 448, 42, 6, 62.65%, 10, 0, 12, 447.04, 631007, 255, 197, 0
1446, 40, 413, 448, 42, 6, 62.65%, 10, 0, 12, 454.94, 633272, 255, 197, 0
1451, 40, 413, 448, 42, 6, 62.65%, 10, 0, 12, 449.38, 635558, 255, 197, 0
1456, 40, 413, 448, 42, 6, 62.65%, 10, 0, 12, 444.21, 637783, 255, 197, 0
1461, 40, 413, 448, 42, 6, 62.65%, 10, 0, 12, 440.45, 640007, 255, 197, 0
1466, 40, 413, 448, 42, 6, 62.65%, 10, 0, 12, 429.37, 642207, 255, 197, 0
1471, 40, 413, 449, 43, 6, 62.65%, 10, 0, 12, 446.10, 644511, 255, 197, 0
1477, 40, 413, 449, 43, 6, 62.65%, 10, 0, 12, 446.19, 646779, 255, 197, 0
1482, 40, 427, 451, 43, 7, 62.65%, 10, 0, 12, 447.36, 649047, 255, 197, 0
1487, 40, 428, 451, 42, 6, 62.65%, 10, 0, 12, 434.92, 651242, 255, 197, 0
1492, 40, 441, 458, 47, 4, 62.65%, 10, 0, 12, 429.08, 653457, 255, 197, 0
1497, 40, 441, 470, 59, 4, 62.65%, 10, 0, 12, 431.40, 655590, 255, 197, 0
1502, 40, 441, 470, 59, 4, 62.65%, 10, 0, 12, 440.91, 657814, 255, 197, 0
1507, 40, 441, 470, 59, 4, 62.65%, 10, 0, 12, 442.59, 660046, 255, 197, 0
1512, 40, 441, 470, 59, 4, 62.65%, 10, 0, 12, 419.04, 662222, 255, 197, 0
1517, 40, 441, 470, 59, 4, 62.65%, 10, 0, 12, 414.63, 664310, 255, 197, 0
1522, 40, 441, 471, 60, 4, 62.65%, 10, 0, 12, 431.24, 666485, 255, 197, 0
1527, 40, 441, 472, 61, 4, 62.65%, 10, 0, 12, 431.60, 668644, 255, 197, 0
1532, 40, 441, 474, 63, 4, 62.90%, 10, 0, 12, 441.33, 670842, 256, 197, 0
1537, 40, 441, 474, 63, 4, 62.90%, 10, 0, 12, 430.25, 673122, 256, 197, 0
1543, 40, 441, 474, 63, 4, 62.90%, 10, 0, 12, 453.60, 675469, 256, 197, 0
1548, 40, 441, 474, 63, 4, 62.90%, 10, 0, 12, 437.70, 677626, 256, 197, 0
1553, 40, 441, 474, 63, 4, 62.90%, 10, 0, 12, 452.54, 679951, 256, 197, 0
1558, 40, 441, 474, 63, 4, 62.90%, 10, 0, 12, 437.47, 682162, 256, 197, 0
1563, 40, 441, 474, 63, 4, 62.90%, 10, 0, 12, 420.84, 684314, 256, 197, 0
1568, 40, 441, 474, 63, 4, 62.90%, 10, 0, 12, 412.09, 686410, 256, 197, 0
1573, 40, 441, 474, 63, 4, 62.90%, 10, 0, 12, 445.88, 688698, 256, 197, 0
1578, 40, 441, 474, 63, 4, 62.90%, 10, 0, 12, 432.67, 690898, 256, 197, 0
1583, 40, 441, 475, 64, 4, 62.90%, 10, 0, 12, 441.15, 693169, 256, 197, 0
1588, 40, 441, 475, 64, 4, 62.90%, 10, 0, 12, 444.37, 695369, 256, 197, 0
1593, 40, 441, 475, 64, 4, 62.90%, 10, 0, 12, 430.52, 697497, 256, 197, 0
1599, 40, 441, 475, 64, 4, 62.90%, 10, 0, 12, 432.98, 699697, 256, 197, 0
1604, 40, 441, 476, 65, 4, 62.90%, 10, 0, 12, 432.22, 701952, 256, 197, 0
1609, 40, 441, 476, 65, 4, 62.90%, 10, 0, 12, 433.88, 704152, 256, 197, 0
1614, 40, 444, 482, 70, 4, 62.90%, 10, 0, 12, 424.61, 706277, 256, 197, 0
1619, 40, 449, 483, 70, 4, 62.90%, 10, 0, 12, 420.26, 708396, 256, 197, 0
1624, 40, 450, 483, 69, 3, 62.90%, 10, 0, 12, 435.22, 710636, 256, 197, 0
1629, 40, 472, 490, 75, 2, 62.90%, 10, 0, 12, 412.72, 712756, 256, 197, 0
1634, 40, 472, 490, 75, 2, 62.90%, 10, 0, 12, 421.46, 714916, 256, 197, 0
1639, 40, 472, 490, 75, 2, 62.90%, 10, 0, 12, 425.76, 717100, 256, 197, 0
1644, 40, 488, 490, 73, 1, 62.90%, 10, 0, 12, 466.10, 719426, 256, 197, 0
1649, 41, 407, 501, 83, 1, 62.90%, 10, 0, 12, 427.62, 721482, 256, 197, 0
1654, 41, 490, 501, 79, 1, 62.90%, 10, 0, 12, 397.65, 723558, 256, 197, 0
1659, 42, 79, 501, 76, 0, 62.90%, 10, 0, 12, 415.46, 725595, 256, 197, 0
1664, 42, 182, 501, 76, 0, 62.90%, 10, 0, 12, 403.79, 727594, 256, 198, 0
1669, 42, 276, 501, 76, 0, 62.90%, 10, 0, 12, 400.75, 729729, 256, 199, 0
1675, 42, 347, 501, 76, 0, 62.90%, 10, 0, 12, 416.09, 731799, 256, 199, 0
1680, 42, 380, 501, 76, 0, 62.90%, 10, 0, 12, 433.49, 734047, 256, 199, 0
1685, 42, 380, 502, 77, 0, 62.90%, 10, 0, 12, 432.08, 736206, 256, 199, 0
1690, 42, 403, 503, 77, 0, 62.90%, 10, 0, 12, 431.98, 738387, 256, 199, 0
1695, 42, 411, 503, 75, 0, 62.90%, 10, 0, 12, 445.22, 740635, 256, 199, 0
1700, 42, 437, 503, 73, 0, 62.90%, 10, 0, 12, 464.11, 742972, 256, 199, 0
1705, 42, 439, 503, 71, 0, 62.90%, 10, 0, 12, 426.17, 745075, 256, 199, 0
1710, 42, 454, 503, 70, 0, 62.90%, 10, 0, 12, 427.60, 747283, 256, 199, 0
1715, 42, 464, 503, 68, 0, 62.90%, 10, 0, 12, 430.12, 749475, 256, 199, 0
1720, 42, 477, 503, 65, 0, 62.90%, 10, 0, 12, 421.69, 751699, 256, 199, 0
1725, 42, 488, 503, 63, 0, 62.90%, 10, 0, 12, 437.56, 753939, 256, 199, 0
1730, 42, 500, 504, 63, 0, 62.90%, 10, 0, 12, 404.48, 755902, 256, 199, 0
1736, 42, 503, 504, 61, 0, 62.90%, 10, 0, 12, 418.20, 758038, 256, 199, 0
1741, 43, 127, 505, 61, 0, 62.90%, 10, 0, 12, 431.27, 760217, 256, 199, 0
1746, 43, 230, 505, 61, 0, 62.90%, 10, 0, 12, 426.28, 762383, 256, 201, 0
1751, 43, 285, 505, 61, 0, 62.90%, 10, 0, 12, 440.86, 764561, 256, 201, 0
1756, 43, 352, 505, 61, 0, 62.90%, 11, 0, 12, 447.39, 766828, 256, 202, 0
1761, 43, 399, 505, 61, 0, 62.90%, 11, 0, 12, 426.17, 769042, 256, 204, 0
1766, 43, 411, 505, 60, 0, 62.90%, 11, 0, 12, 420.59, 771174, 256, 204, 0
1771, 43, 428, 505, 56, 0, 62.90%, 11, 0, 12, 452.69, 773455, 256, 204, 0
1776, 43, 440, 505, 55, 0, 62.90%, 11, 0, 12, 418.78, 775510, 256, 204, 0
1781, 43, 448, 505, 52, 0, 62.90%, 11, 0, 12, 428.60, 777646, 256, 204, 0
1786, 43, 460, 505, 52, 0, 62.90%, 11, 0, 12, 424.09, 779822, 256, 204, 0
1791, 43, 475, 505, 49, 0, 62.90%, 11, 0, 12, 461.16, 782188, 256, 204, 0
1796, 43, 483, 505, 46, 0, 62.90%, 11, 0, 12, 463.26, 784550, 256, 204, 0
1801, 43, 488, 505, 44, 0, 62.90%, 11, 0, 12, 460.46, 786879, 256, 204, 0
1806, 44, 16, 505, 43, 0, 62.90%, 11, 0, 12, 403.91, 788724, 256, 204, 0
