# relative_time, cycles_done, cur_item, corpus_count, pending_total, pending_favs, map_size, saved_crashes, saved_hangs, max_depth, execs_per_sec, total_execs, edges_found, total_crashes, servers_count
61, 0, 9, 83, 78, 4, 30.96%, 0, 0, 2, 451.37, 27330, 126, 0, 0
66, 0, 9, 86, 81, 4, 30.96%, 0, 0, 2, 463.62, 29745, 126, 0, 0
71, 0, 9, 87, 82, 4, 30.96%, 0, 0, 2, 422.94, 31857, 126, 0, 0
76, 0, 9, 89, 84, 4, 30.96%, 0, 0, 2, 435.02, 34063, 126, 0, 0
81, 0, 9, 91, 86, 4, 30.96%, 0, 0, 2, 434.91, 36245, 126, 0, 0
86, 0, 9, 91, 86, 4, 30.96%, 0, 0, 2, 464.29, 38690, 126, 0, 0
91, 0, 9, 92, 87, 4, 30.96%, 0, 0, 2, 460.32, 41001, 126, 0, 0
96, 0, 9, 93, 88, 4, 30.96%, 0, 0, 2, 454.98, 43241, 126, 0, 0
101, 0, 9, 94, 89, 4, 30.96%, 0, 0, 2, 418.64, 45347, 126, 0, 0
106, 0, 9, 95, 90, 4, 30.96%, 0, 0, 2, 399.66, 47314, 126, 0, 0
111, 0, 9, 96, 91, 4, 30.96%, 0, 0, 2, 444.45, 49617, 126, 0, 0
117, 0, 9, 97, 92, 4, 30.96%, 0, 0, 2, 428.95, 51760, 126, 0, 0
122, 0, 9, 98, 93, 4, 30.96%, 0, 0, 2, 407.21, 53727, 126, 0, 0
127, 0, 103, 122, 115, 29, 35.38%, 0, 0, 2, 432.19, 55918, 144, 0, 0
132, 0, 105, 127, 113, 25, 36.12%, 1, 0, 3, 434.58, 58083, 147, 1, 0
137, 0, 123, 133, 118, 24, 36.86%, 1, 0, 3, 434.28, 60320, 150, 1, 0
142, 0, 123, 137, 122, 24, 36.86%, 1, 0, 3, 453.18, 62691, 150, 1, 0
147, 0, 123, 138, 123, 24, 36.86%, 1, 0, 3, 474.79, 65200, 150, 1, 0
152, 0, 123, 139, 124, 24, 36.86%, 1, 0, 3, 438.64, 67410, 150, 1, 0
157, 0, 123, 140, 125, 24, 36.86%, 1, 0, 3, 421.28, 69601, 150, 1, 0
162, 0, 123, 140, 125, 24, 36.86%, 1, 0, 3, 378.12, 71482, 150, 1, 0
168, 0, 123, 141, 126, 24, 36.86%, 1, 0, 3, 425.86, 73712, 150, 1, 0
173, 0, 123, 141, 126, 24, 36.86%, 1, 0, 3, 416.99, 75784, 150, 1, 0
178, 0, 123, 142, 127, 24, 36.86%, 1, 0, 3, 409.96, 77832, 150, 1, 0
183, 0, 123, 143, 128, 24, 36.86%, 1, 0, 3, 400.46, 79799, 150, 1, 0
188, 0, 123, 144, 129, 24, 38.57%, 1, 0, 3, 390.52, 81850, 157, 1, 0
193, 0, 123, 144, 129, 24, 38.57%, 1, 0, 3, 433.01, 84182, 157, 1, 0
198, 0, 123, 146, 131, 24, 38.57%, 1, 0, 3, 424.21, 86364, 157, 1, 0
203, 0, 123, 146, 131, 24, 38.57%, 1, 0, 3, 400.16, 88380, 157, 1, 0
208, 0, 123, 146, 131, 24, 38.57%, 1, 0, 3, 396.65, 90369, 157, 1, 0
214, 0, 123, 146, 131, 24, 38.57%, 1, 0, 3, 409.89, 92556, 157, 1, 0
219, 0, 123, 146, 131, 24, 38.57%, 1, 0, 3, 433.42, 94724, 157, 1, 0
224, 0, 123, 147, 132, 24, 38.57%, 1, 0, 3, 438.21, 96915, 157, 1, 0
229, 0, 7, 147, 131, 22, 38.57%, 1, 0, 3, 454.42, 99182, 157, 1, 0
234, 0, 143, 159, 142, 21, 38.82%, 1, 0, 4, 434.95, 101337, 158, 1, 0
239, 0, 143, 163, 146, 21, 38.82%, 1, 0, 4, 396.39, 103344, 158, 1, 0
244, 0, 143, 166, 149, 21, 38.82%, 1, 0, 4, 397.54, 105367, 158, 1, 0
249, 0, 143, 167, 150, 21, 38.82%, 1, 0, 4, 401.89, 107384, 158, 1, 0
254, 0, 143, 169, 152, 21, 38.82%, 1, 0, 4, 399.46, 109364, 158, 1, 0
259, 0, 143, 171, 154, 21, 38.82%, 1, 0, 4, 396.98, 111366, 158, 1, 0
264, 0, 143, 172, 155, 21, 38.82%, 1, 0, 4, 420.61, 113571, 158, 1, 0
269, 0, 143, 172, 155, 21, 38.82%, 1, 0, 4, 421.54, 115643, 158, 1, 0
274, 0, 143, 173, 156, 21, 38.82%, 1, 0, 4, 430.92, 117874, 158, 1, 0
279, 0, 143, 175, 158, 21, 38.82%, 1, 0, 4, 397.33, 119913, 158, 1, 0
285, 0, 143, 175, 158, 21, 38.82%, 1, 0, 4, 411.74, 122112, 158, 1, 0
290, 0, 143, 175, 158, 21, 38.82%, 1, 0, 4, 411.81, 124264, 158, 1, 0
295, 0, 143, 175, 158, 21, 38.82%, 1, 0, 4, 411.98, 126432, 158, 1, 0
300, 0, 143, 175, 158, 21, 38.82%, 1, 0, 4, 426.70, 128608, 158, 1, 0
305, 0, 0, 175, 157, 21, 38.82%, 1, 0, 4, 435.12, 130816, 158, 1, 0
310, 0, 80, 180, 160, 20, 39.07%, 1, 0, 4, 436.71, 132981, 159, 1, 0
315, 0, 80, 181, 161, 20, 39.07%, 1, 0, 4, 405.34, 135002, 159, 1, 0
320, 0, 80, 182, 162, 20, 39.07%, 1, 0, 4, 412.58, 137100, 159, 1, 0
325, 0, 80, 182, 162, 20, 39.07%, 1, 0, 4, 421.50, 139260, 159, 1, 0
331, 0, 80, 182, 162, 20, 39.07%, 1, 0, 4, 409.09, 141340, 159, 1, 0
336, 0, 81, 182, 159, 17, 39.07%, 1, 0, 4, 396.05, 143332, 159, 1, 0
341, 0, 155, 185, 160, 15, 39.07%, 1, 0, 4, 417.82, 145429, 159, 1, 0
346, 0, 107, 185, 157, 12, 39.07%, 1, 0, 4, 418.49, 147587, 159, 1, 0
351, 0, 26, 185, 154, 9, 39.07%, 1, 0, 4, 416.32, 149704, 159, 1, 0
356, 0, 115, 185, 153, 8, 39.07%, 1, 0, 4, 405.91, 151791, 159, 1, 0
361, 0, 115, 185, 153, 8, 39.07%, 1, 0, 4, 382.18, 153719, 159, 1, 0
366, 0, 78, 194, 161, 7, 39.07%, 1, 0, 4, 387.30, 155720, 159, 1, 0
371, 0, 50, 195, 155, 4, 39.07%, 1, 0, 4, 408.15, 157838, 159, 1, 0
376, 0, 20, 195, 152, 1, 39.07%, 1, 0, 4, 415.06, 159878, 159, 1, 0
381, 0, 144, 195, 149, 0, 39.07%, 1, 0, 4, 408.92, 161978, 159, 1, 0
386, 0, 3, 196, 148, 0, 39.07%, 1, 0, 4, 435.43, 164158, 159, 1, 0
391, 0, 165, 197, 146, 0, 39.07%, 1, 0, 5, 444.19, 166399, 159, 1, 0
397, 0, 173, 200, 148, 0, 39.07%, 1, 0, 5, 409.15, 168509, 159, 1, 0
402, 0, 173, 204, 152, 0, 39.07%, 1, 0, 5, 438.83, 170745, 159, 1, 0
407, 0, 173, 204, 152, 0, 39.07%, 1, 0, 5, 425.25, 172929, 159, 1, 0
412, 0, 173, 204, 152, 0, 39.07%, 1, 0, 5, 436.23, 175161, 159, 1, 0
417, 0, 173, 204, 152, 0, 39.07%, 1, 0, 5, 415.84, 177305, 159, 1, 0
422, 0, 164, 204, 149, 0, 39.07%, 1, 0, 5, 433.34, 179487, 159, 1, 0
427, 0, 109, 204, 147, 0, 39.07%, 1, 0, 5, 447.64, 181708, 159, 1, 0
432, 0, 189, 204, 144, 0, 39.07%, 1, 0, 5, 431.42, 183885, 159, 1, 0
437, 0, 199, 204, 141, 0, 39.07%, 1, 0, 5, 436.92, 186115, 159, 1, 0
442, 0, 51, 205, 140, 0, 39.07%, 1, 0, 5, 455.77, 188467, 159, 1, 0
447, 0, 23, 205, 138, 0, 39.07%, 1, 0, 5, 408.25, 190467, 159, 1, 0
452, 0, 152, 205, 136, 0, 39.07%, 1, 0, 5, 425.55, 192663, 159, 1, 0
458, 0, 198, 205, 134, 0, 39.07%, 1, 0, 5, 439.59, 194936, 159, 1, 0
463, 0, 97, 205, 130, 0, 39.07%, 1, 0, 5, 454.85, 197287, 159, 1, 0
468, 0, 10, 205, 126, 0, 39.07%, 1, 0, 5, 414.52, 199329, 159, 1, 0
473, 0, 159, 205, 124, 0, 39.07%, 1, 0, 5, 411.72, 201408, 159, 1, 0
478, 0, 203, 207, 125, 0, 39.07%, 1, 0, 6, 425.97, 203602, 159, 1, 0
483, 0, 86, 208, 124, 0, 39.07%, 1, 0, 6, 419.62, 205713, 159, 1, 0
488, 0, 174, 208, 121, 0, 39.07%, 1, 0, 6, 414.19, 207778, 159, 1, 0
493, 0, 36, 208, 116, 0, 39.07%, 1, 0, 6, 423.05, 209973, 159, 1, 0
499, 0, 187, 208, 111, 0, 39.07%, 1, 0, 6, 438.86, 212178, 159, 1, 0
504, 1, 26, 208, 107, 0, 39.07%, 1, 0, 6, 405.66, 214214, 159, 1, 0
509, 1, 209, 211, 106, 1, 39.07%, 1, 0, 6, 426.15, 216376, 159, 1, 0
514, 1, 8, 212, 105, 0, 39.07%, 1, 0, 6, 393.05, 218301, 159, 1, 0
519, 1, 92, 212, 101, 0, 39.07%, 1, 0, 6, 396.06, 220309, 159, 1, 0
524, 1, 179, 212, 98, 0, 39.07%, 1, 0, 6, 441.23, 222543, 159, 1, 0
529, 1, 30, 214, 96, 0, 39.07%, 1, 0, 6, 427.27, 224682, 159, 1, 0
534, 1, 211, 214, 94, 0, 39.07%, 1, 0, 6, 421.64, 226837, 159, 1, 0
539, 1, 148, 215, 93, 0, 39.07%, 1, 0, 6, 420.23, 228972, 159, 1, 0
544, 1, 114, 215, 90, 0, 39.07%, 1, 0, 6, 411.14, 231030, 159, 1, 0
549, 1, 70, 216, 89, 0, 39.07%, 1, 0, 6, 417.67, 233089, 159, 1, 0
554, 1, 161, 216, 86, 0, 39.07%, 1, 0, 6, 401.28, 235131, 159, 1, 0
560, 1, 163, 216, 84, 0, 39.07%, 1, 0, 6, 422.40, 237329, 159, 1, 0
565, 1, 56, 216, 82, 0, 39.07%, 1, 0, 6, 409.94, 239458, 159, 1, 0
570, 1, 135, 216, 79, 0, 39.07%, 1, 0, 6, 411.17, 241548, 159, 1, 0
575, 1, 187, 217, 78, 0, 39.07%, 1, 0, 6, 402.18, 243649, 159, 1, 0
580, 1, 209, 218, 77, 0, 39.07%, 1, 0, 6, 400.37, 245776, 159, 1, 0
585, 1, 204, 219, 76, 0, 39.07%, 1, 0, 6, 416.41, 247881, 159, 1, 0
590, 1, 108, 219, 73, 0, 39.07%, 1, 0, 6, 423.53, 250083, 159, 1, 0
595, 1, 205, 221, 70, 0, 39.07%, 1, 0, 6, 439.63, 252250, 159, 1, 0
600, 1, 169, 221, 68, 0, 39.07%, 1, 0, 6, 427.65, 254396, 159, 1, 0
605, 1, 219, 222, 65, 0, 39.31%, 1, 0, 6, 458.77, 256695, 160, 1, 0
611, 1, 222, 223, 64, 1, 39.56%, 1, 0, 6, 408.13, 258771, 161, 1, 0
616, 1, 129, 224, 64, 0, 39.56%, 1, 0, 6, 393.93, 260787, 161, 1, 0
621, 1, 223, 224, 62, 0, 39.56%, 1, 0, 6, 407.25, 262881, 161, 1, 0
626, 1, 170, 224, 60, 0, 39.56%, 1, 0, 6, 394.84, 264918, 161, 1, 0
631, 1, 38, 224, 59, 0, 39.56%, 1, 0, 6, 407.60, 266908, 161, 1, 0
636, 1, 146, 227, 61, 0, 39.56%, 1, 0, 6, 425.36, 269082, 161, 1, 0
641, 1, 146, 231, 65, 0, 39.56%, 1, 0, 6, 413.09, 271118, 161, 1, 0
646, 1, 146, 232, 66, 0, 39.56%, 1, 0, 6, 411.91, 273269, 161, 1, 0
651, 1, 146, 234, 68, 0, 39.56%, 1, 0, 6, 442.84, 275366, 161, 1, 0
656, 1, 146, 234, 68, 0, 39.56%, 1, 0, 6, 419.48, 277395, 161, 1, 0
662, 1, 218, 235, 67, 0, 39.56%, 1, 0, 6, 416.18, 279549, 161, 1, 0
667, 1, 192, 235, 65, 0, 39.56%, 1, 0, 6, 394.81, 281583, 161, 1, 0
672, 1, 229, 235, 61, 0, 39.56%, 1, 0, 6, 416.52, 283675, 161, 1, 0
677, 1, 187, 235, 59, 0, 39.56%, 1, 0, 6, 399.90, 285712, 161, 1, 0
682, 1, 154, 235, 58, 0, 39.56%, 1, 0, 6, 392.47, 287745, 161, 1, 0
687, 1, 160, 235, 56, 0, 39.56%, 1, 0, 6, 422.65, 289913, 161, 1, 0
692, 1, 40, 236, 55, 0, 39.56%, 1, 0, 6, 409.49, 291959, 161, 1, 0
697, 1, 228, 239, 57, 0, 39.80%, 1, 0, 6, 409.65, 294029, 162, 1, 0
702, 1, 228, 240, 58, 0, 39.80%, 1, 0, 6, 411.14, 296068, 162, 1, 0
707, 1, 236, 240, 57, 1, 39.80%, 1, 0, 6, 441.94, 298381, 162, 1, 0
712, 1, 209, 240, 55, 0, 39.80%, 1, 0, 6, 414.20, 300465, 162, 1, 0
717, 1, 179, 240, 54, 0, 39.80%, 1, 0, 6, 428.33, 302621, 162, 1, 0
722, 1, 64, 240, 52, 0, 39.80%, 1, 0, 6, 420.88, 304700, 162, 1, 0
728, 1, 209, 240, 46, 0, 39.80%, 1, 0, 6, 418.53, 306896, 162, 1, 0
733, 1, 156, 240, 45, 0, 39.80%, 1, 0, 6, 428.08, 309050, 162, 1, 0
738, 1, 61, 240, 43, 0, 39.80%, 1, 0, 6, 417.30, 311106, 162, 1, 0
743, 1, 21, 240, 40, 0, 39.80%, 1, 0, 6, 379.27, 312996, 162, 1, 0
748, 1, 149, 240, 39, 0, 39.80%, 1, 0, 6, 413.51, 315108, 162, 1, 0
753, 2, 264, 352, 149, 12, 50.37%, 1, 0, 6, 400.31, 317072, 205, 1, 0
758, 2, 277, 352, 148, 11, 50.37%, 1, 0, 6, 421.33, 319301, 205, 1, 0
763, 2, 244, 352, 146, 9, 50.37%, 1, 0, 6, 434.21, 321514, 205, 1, 0
768, 2, 265, 353, 146, 8, 50.37%, 1, 0, 6, 440.31, 323690, 205, 1, 0
773, 2, 354, 360, 152, 9, 50.37%, 1, 0, 6, 421.92, 325787, 205, 1, 0
778, 2, 254, 360, 151, 8, 50.37%, 1, 0, 6, 411.11, 327880, 205, 1, 0
783, 2, 357, 360, 149, 6, 50.37%, 1, 0, 6, 389.89, 329937, 205, 1, 0
788, 2, 263, 361, 149, 5, 50.37%, 1, 0, 6, 399.17, 331983, 205, 1, 0
793, 2, 291, 361, 147, 4, 50.37%, 1, 0, 6, 425.46, 334168, 205, 1, 0
799, 2, 262, 362, 146, 4, 50.61%, 1, 0, 6, 406.00, 336205, 206, 1, 0
804, 2, 369, 373, 156, 4, 50.61%, 1, 0, 6, 339.01, 337872, 206, 1, 0
809, 2, 361, 373, 154, 3, 50.61%, 1, 0, 6, 415.69, 340009, 206, 1, 0
814, 2, 242, 373, 153, 2, 50.61%, 2, 0, 6, 426.37, 342228, 206, 2, 0
819, 2, 30, 373, 151, 0, 50.61%, 2, 0, 6, 425.49, 344367, 206, 2, 0
824, 2, 334, 373, 150, 0, 50.61%, 2, 0, 6, 425.53, 346568, 206, 2, 0
829, 2, 316, 373, 148, 0, 50.61%, 2, 0, 6, 413.98, 348657, 206, 2, 0
834, 2, 306, 373, 146, 0, 50.61%, 2, 0, 6, 438.61, 350926, 206, 2, 0
839, 2, 166, 373, 144, 0, 50.61%, 2, 0, 6, 430.46, 353075, 206, 2, 0
844, 2, 312, 373, 142, 0, 50.61%, 2, 0, 6, 427.08, 355257, 206, 2, 0
849, 2, 341, 373, 140, 0, 50.61%, 2, 0, 6, 410.48, 357281, 206, 2, 0
854, 2, 255, 373, 138, 0, 50.61%, 2, 0, 6, 405.87, 359337, 206, 2, 0
860, 2, 353, 373, 136, 0, 50.61%, 2, 0, 6, 434.97, 361514, 206, 2, 0
865, 2, 340, 373, 133, 0, 50.61%, 2, 0, 6, 401.01, 363513, 206, 2, 0
870, 2, 271, 373, 131, 0, 50.61%, 2, 0, 6, 444.97, 365735, 206, 2, 0
875, 2, 172, 373, 130, 0, 50.61%, 2, 0, 6, 328.97, 367437, 206, 2, 0
880, 2, 252, 373, 128, 0, 50.61%, 2, 0, 6, 263.58, 368692, 206, 2, 0
885, 2, 285, 373, 126, 0, 50.61%, 2, 0, 6, 258.63, 370064, 206, 2, 0
890, 2, 294, 373, 124, 0, 50.61%, 2, 0, 6, 265.71, 371397, 206, 2, 0
895, 2, 372, 373, 123, 0, 50.61%, 2, 0, 6, 263.87, 372721, 206, 2, 0
900, 2, 289, 373, 122, 0, 50.61%, 2, 0, 6, 250.26, 373988, 206, 2, 0
902, 2, 359, 373, 121, 0, 50.61%, 2, 0, 6, 264.62, 374505, 206, 2, 0
