# relative_time, cycles_done, cur_item, corpus_count, pending_total, pending_favs, map_size, saved_crashes, saved_hangs, max_depth, execs_per_sec, total_execs, edges_found, total_crashes, servers_count
60, 0, 8, 68, 62, 25, 35.38%, 0, 0, 2, 387.46, 26324, 144, 0, 0
65, 0, 8, 68, 62, 25, 35.38%, 0, 0, 2, 400.46, 28371, 144, 0, 0
70, 0, 8, 68, 62, 25, 35.38%, 0, 0, 2, 407.01, 30427, 144, 0, 0
75, 0, 8, 68, 62, 25, 35.38%, 0, 0, 2, 416.12, 32556, 144, 0, 0
80, 0, 8, 69, 63, 25, 35.38%, 0, 0, 2, 382.63, 34502, 144, 0, 0
85, 0, 8, 69, 63, 25, 35.38%, 0, 0, 2, 400.51, 36516, 144, 0, 0
91, 0, 8, 69, 63, 25, 35.38%, 0, 0, 2, 393.82, 38443, 144, 0, 0
96, 0, 8, 69, 63, 25, 35.38%, 0, 0, 2, 391.79, 40368, 144, 0, 0
101, 0, 8, 69, 63, 25, 35.38%, 0, 0, 2, 416.04, 42460, 144, 0, 0
106, 0, 8, 69, 63, 25, 35.38%, 0, 0, 2, 413.62, 44564, 144, 0, 0
111, 0, 8, 69, 63, 25, 35.38%, 0, 0, 2, 420.77, 46740, 144, 0, 0
116, 0, 8, 70, 64, 25, 35.38%, 0, 0, 2, 409.71, 48867, 144, 0, 0
121, 0, 8, 70, 64, 25, 35.38%, 0, 0, 2, 420.55, 50948, 144, 0, 0
126, 0, 8, 70, 64, 25, 35.38%, 0, 0, 2, 396.58, 52932, 144, 0, 0
131, 0, 8, 70, 64, 25, 35.38%, 0, 0, 2, 421.20, 55077, 144, 0, 0
136, 0, 8, 70, 64, 25, 35.38%, 0, 0, 2, 395.39, 57058, 144, 0, 0
141, 0, 8, 70, 64, 25, 35.38%, 0, 0, 2, 397.33, 59011, 144, 0, 0
146, 0, 8, 70, 64, 25, 35.38%, 0, 0, 2, 423.17, 61205, 144, 0, 0
151, 0, 15, 70, 59, 23, 35.38%, 0, 0, 2, 421.43, 63245, 144, 0, 0
156, 0, 21, 81, 65, 18, 35.38%, 0, 0, 2, 432.12, 65398, 144, 0, 0
161, 0, 21, 90, 74, 18, 35.63%, 0, 0, 2, 451.21, 67695, 145, 0, 0
167, 0, 21, 98, 82, 18, 36.12%, 0, 0, 2, 466.43, 70053, 147, 0, 0
172, 0, 21, 104, 88, 18, 36.12%, 0, 0, 2, 430.86, 72178, 147, 0, 0
177, 0, 21, 107, 91, 18, 36.12%, 0, 0, 2, 431.90, 74423, 147, 0, 0
182, 0, 21, 110, 94, 18, 36.36%, 0, 0, 2, 430.74, 76604, 148, 0, 0
187, 0, 21, 114, 98, 18, 36.36%, 0, 0, 2, 418.32, 78777, 148, 0, 0
192, 0, 21, 114, 98, 18, 36.36%, 0, 0, 2, 429.98, 81057, 148, 0, 0
197, 0, 21, 115, 99, 18, 36.36%, 0, 0, 2, 463.56, 83458, 148, 0, 0
202, 0, 21, 117, 101, 18, 36.36%, 0, 0, 2, 449.20, 85731, 148, 0, 0
207, 0, 21, 118, 102, 18, 36.36%, 0, 0, 2, 453.48, 88005, 148, 0, 0
213, 0, 21, 121, 105, 18, 36.36%, 0, 0, 2, 453.72, 90386, 148, 0, 0
218, 0, 21, 121, 105, 18, 36.36%, 0, 0, 2, 444.90, 92681, 148, 0, 0
223, 0, 21, 123, 107, 18, 36.36%, 0, 0, 2, 429.48, 94905, 148, 0, 0
228, 0, 21, 126, 110, 18, 36.36%, 0, 0, 2, 455.79, 97297, 148, 0, 0
233, 0, 21, 127, 111, 18, 36.36%, 0, 0, 2, 445.99, 99599, 148, 0, 0
238, 0, 21, 127, 111, 18, 36.36%, 0, 0, 2, 449.95, 101845, 148, 0, 0
243, 0, 31, 127, 108, 19, 36.36%, 0, 0, 2, 438.99, 104071, 148, 0, 0
248, 0, 36, 139, 118, 18, 36.36%, 0, 0, 2, 436.40, 106284, 148, 0, 0
253, 0, 38, 145, 122, 19, 37.10%, 1, 0, 2, 421.11, 108387, 151, 1, 0
258, 0, 38, 152, 129, 19, 37.10%, 1, 0, 2, 413.87, 110486, 151, 1, 0
264, 0, 38, 156, 133, 19, 37.10%, 1, 0, 2, 434.23, 112722, 151, 1, 0
269, 0, 38, 158, 135, 19, 37.84%, 1, 0, 2, 422.44, 114856, 154, 1, 0
274, 0, 84, 159, 130, 15, 37.84%, 1, 0, 2, 438.65, 117089, 154, 1, 0
279, 0, 95, 161, 128, 11, 37.84%, 1, 0, 3, 458.80, 119461, 154, 1, 0
284, 0, 95, 168, 135, 11, 37.84%, 1, 0, 3, 455.12, 121762, 154, 1, 0
289, 0, 95, 170, 137, 11, 37.84%, 1, 0, 3, 454.67, 124080, 154, 1, 0
294, 0, 95, 173, 140, 11, 38.57%, 1, 0, 3, 444.30, 126291, 157, 1, 0
299, 0, 95, 174, 141, 11, 38.57%, 1, 0, 3, 456.58, 128599, 157, 1, 0
304, 0, 95, 176, 143, 11, 38.57%, 1, 0, 3, 444.63, 130960, 157, 1, 0
309, 0, 95, 176, 143, 11, 38.57%, 1, 0, 3, 446.85, 133240, 157, 1, 0
314, 0, 95, 176, 143, 11, 38.57%, 1, 0, 3, 441.76, 135440, 157, 1, 0
319, 0, 95, 177, 144, 11, 38.57%, 1, 0, 3, 445.51, 137719, 157, 1, 0
324, 0, 95, 177, 144, 11, 38.57%, 1, 0, 3, 433.27, 139895, 157, 1, 0
329, 0, 95, 177, 144, 11, 38.57%, 1, 0, 3, 445.29, 142167, 157, 1, 0
335, 0, 95, 178, 145, 11, 38.57%, 1, 0, 3, 435.91, 144399, 157, 1, 0
340, 0, 95, 178, 145, 11, 38.57%, 1, 0, 3, 420.17, 146552, 157, 1, 0
345, 0, 95, 179, 146, 11, 38.57%, 1, 0, 3, 439.88, 148855, 157, 1, 0
350, 0, 95, 180, 147, 11, 38.57%, 1, 0, 3, 440.08, 151111, 157, 1, 0
355, 0, 95, 181, 148, 11, 38.57%, 1, 0, 3, 439.34, 153334, 157, 1, 0
360, 0, 95, 182, 149, 11, 38.57%, 1, 0, 3, 449.82, 155629, 157, 1, 0
365, 0, 95, 183, 150, 11, 38.57%, 1, 0, 3, 439.82, 157860, 157, 1, 0
370, 0, 132, 183, 145, 7, 38.57%, 1, 0, 3, 436.53, 160016, 157, 1, 0
375, 0, 157, 184, 141, 3, 38.57%, 1, 0, 3, 408.82, 162105, 157, 1, 0
380, 0, 182, 189, 144, 5, 39.56%, 1, 0, 4, 422.79, 164300, 161, 1, 0
385, 0, 185, 195, 148, 4, 39.56%, 1, 0, 4, 467.64, 166711, 161, 1, 0
390, 0, 187, 195, 146, 2, 39.56%, 1, 0, 4, 466.89, 169057, 161, 1, 0
395, 0, 188, 200, 150, 1, 39.56%, 1, 0, 5, 461.16, 171380, 161, 1, 0
400, 0, 188, 201, 151, 1, 39.56%, 1, 0, 5, 446.15, 173583, 161, 1, 0
405, 0, 188, 203, 153, 1, 39.56%, 1, 0, 5, 460.02, 175937, 161, 1, 0
410, 1, 35, 203, 146, 0, 39.56%, 1, 0, 5, 456.94, 178246, 161, 1, 0
416, 2, 205, 239, 174, 5, 40.29%, 1, 0, 5, 444.37, 180533, 164, 1, 0
421, 3, 34, 239, 166, 0, 40.29%, 1, 0, 5, 428.55, 182663, 164, 1, 0
426, 3, 100, 239, 153, 0, 40.29%, 1, 0, 5, 406.77, 184704, 164, 1, 0
431, 3, 148, 239, 140, 0, 40.29%, 1, 0, 5, 422.12, 186825, 164, 1, 0
436, 3, 208, 239, 133, 0, 40.29%, 1, 0, 5, 420.21, 188947, 164, 1, 0
441, 3, 237, 239, 125, 0, 40.29%, 1, 0, 5, 449.78, 191236, 164, 1, 0
446, 4, 87, 239, 116, 0, 40.29%, 1, 0, 5, 440.34, 193476, 164, 1, 0
451, 4, 181, 239, 104, 0, 40.29%, 1, 0, 5, 452.06, 195745, 164, 1, 0
456, 4, 195, 239, 102, 0, 40.29%, 1, 0, 5, 459.53, 198065, 164, 1, 0
461, 4, 238, 239, 94, 0, 40.29%, 1, 0, 5, 465.67, 200420, 164, 1, 0
466, 6, 31, 240, 91, 0, 40.29%, 1, 0, 5, 440.58, 202608, 164, 1, 0
471, 6, 110, 240, 81, 0, 40.29%, 1, 0, 5, 445.74, 204887, 164, 1, 0
477, 6, 189, 240, 76, 0, 40.29%, 1, 0, 5, 436.64, 207160, 164, 1, 0
482, 6, 239, 242, 73, 0, 40.29%, 1, 0, 5, 433.83, 209353, 164, 1, 0
487, 7, 87, 242, 69, 0, 40.29%, 1, 0, 5, 430.92, 211550, 164, 1, 0
492, 7, 184, 242, 61, 0, 40.29%, 1, 0, 5, 445.41, 213814, 164, 1, 0
497, 7, 212, 242, 58, 0, 40.29%, 1, 0, 5, 429.19, 215942, 164, 1, 0
502, 8, 13, 243, 55, 0, 40.29%, 1, 0, 5, 467.77, 218363, 164, 1, 0
507, 8, 105, 243, 52, 0, 40.29%, 1, 0, 5, 468.22, 220491, 164, 1, 0
512, 8, 188, 243, 47, 0, 40.29%, 1, 0, 5, 456.77, 222823, 164, 1, 0
517, 8, 240, 243, 46, 0, 40.29%, 1, 0, 5, 421.38, 224900, 164, 1, 0
522, 9, 245, 260, 61, 5, 49.14%, 1, 0, 5, 400.53, 226931, 200, 1, 0
527, 9, 248, 266, 65, 3, 49.39%, 1, 0, 5, 418.54, 229055, 201, 1, 0
532, 9, 249, 271, 69, 4, 49.63%, 1, 0, 5, 425.30, 231261, 202, 1, 0
537, 9, 249, 272, 70, 4, 49.63%, 1, 0, 5, 436.17, 233476, 202, 1, 0
543, 9, 249, 274, 72, 4, 49.63%, 1, 0, 5, 449.02, 235746, 202, 1, 0
548, 9, 249, 278, 76, 4, 49.63%, 1, 0, 5, 425.07, 237846, 202, 1, 0
553, 9, 249, 280, 78, 4, 49.88%, 1, 0, 5, 437.54, 240100, 203, 1, 0
558, 9, 249, 280, 78, 4, 49.88%, 1, 0, 5, 460.49, 242452, 203, 1, 0
563, 9, 249, 281, 79, 4, 49.88%, 1, 0, 5, 427.50, 244555, 203, 1, 0
568, 9, 249, 281, 79, 4, 49.88%, 1, 0, 5, 426.64, 246707, 203, 1, 0
573, 9, 249, 282, 80, 4, 49.88%, 1, 0, 5, 433.74, 248962, 203, 1, 0
578, 9, 249, 282, 80, 4, 49.88%, 1, 0, 5, 439.61, 251226, 203, 1, 0
583, 9, 249, 282, 80, 4, 49.88%, 1, 0, 5, 441.37, 253482, 203, 1, 0
588, 9, 249, 282, 80, 4, 49.88%, 1, 0, 5, 402.84, 255562, 203, 1, 0
593, 9, 249, 282, 80, 4, 49.88%, 1, 0, 5, 440.12, 257890, 203, 1, 0
598, 9, 249, 284, 82, 4, 49.88%, 1, 0, 5, 452.22, 260156, 203, 1, 0
603, 9, 249, 285, 83, 4, 49.88%, 1, 0, 5, 443.54, 262463, 203, 1, 0
608, 9, 249, 287, 85, 4, 49.88%, 1, 0, 5, 449.79, 264731, 203, 1, 0
613, 9, 249, 291, 89, 4, 49.88%, 1, 0, 5, 442.12, 267009, 203, 1, 0
618, 9, 262, 293, 89, 5, 49.88%, 1, 0, 5, 449.79, 269306, 203, 1, 0
624, 9, 262, 295, 91, 5, 49.88%, 1, 0, 5, 442.50, 271545, 203, 1, 0
629, 9, 262, 295, 91, 5, 49.88%, 1, 0, 5, 432.27, 273737, 203, 1, 0
634, 9, 262, 295, 91, 5, 49.88%, 1, 0, 5, 444.66, 276017, 203, 1, 0
639, 9, 262, 295, 91, 5, 49.88%, 1, 0, 5, 452.50, 278249, 203, 1, 0
644, 9, 267, 295, 89, 3, 49.88%, 1, 0, 5, 450.15, 280544, 203, 1, 0
649, 9, 267, 298, 92, 3, 49.88%, 1, 0, 5, 426.71, 282739, 203, 1, 0
654, 9, 267, 307, 101, 3, 49.88%, 1, 0, 5, 414.62, 284858, 203, 1, 0
659, 9, 267, 309, 103, 3, 49.88%, 1, 0, 5, 425.02, 287112, 203, 1, 0
664, 9, 267, 310, 104, 3, 49.88%, 1, 0, 5, 484.09, 289573, 203, 1, 0
670, 9, 278, 310, 103, 3, 49.88%, 1, 0, 5, 464.08, 291894, 203, 1, 0
675, 9, 282, 312, 104, 2, 50.12%, 1, 0, 5, 456.96, 294203, 204, 1, 0
680, 9, 282, 315, 107, 2, 50.12%, 1, 0, 5, 463.76, 296591, 204, 1, 0
685, 9, 282, 316, 108, 2, 50.12%, 1, 0, 5, 463.00, 298920, 204, 1, 0
690, 9, 282, 316, 108, 2, 50.12%, 1, 0, 5, 454.35, 301224, 204, 1, 0
695, 9, 282, 316, 108, 2, 50.12%, 1, 0, 5, 486.42, 303771, 204, 1, 0
700, 9, 297, 316, 107, 2, 50.12%, 1, 0, 5, 452.88, 305987, 204, 1, 0
705, 9, 297, 316, 107, 2, 50.12%, 1, 0, 5, 441.53, 308167, 204, 1, 0
710, 9, 312, 317, 106, 0, 50.12%, 1, 0, 6, 457.29, 310570, 204, 1, 0
715, 10, 282, 330, 118, 3, 50.61%, 1, 0, 6, 463.45, 312891, 206, 1, 0
720, 10, 323, 330, 117, 2, 50.61%, 1, 0, 6, 443.38, 315093, 206, 1, 0
725, 11, 30, 330, 114, 0, 50.61%, 1, 0, 6, 473.03, 317569, 206, 1, 0
730, 11, 142, 330, 111, 0, 50.61%, 1, 0, 6, 451.01, 319835, 206, 1, 0
735, 11, 221, 330, 109, 0, 50.61%, 1, 0, 6, 453.14, 322099, 206, 1, 0
740, 11, 247, 330, 105, 0, 50.61%, 1, 0, 6, 450.27, 324398, 206, 1, 0
746, 11, 260, 331, 103, 0, 50.61%, 1, 0, 6, 418.74, 326511, 206, 1, 0
751, 11, 262, 331, 102, 0, 50.61%, 1, 0, 6, 446.58, 328823, 206, 1, 0
756, 11, 273, 331, 101, 0, 50.61%, 1, 0, 6, 455.88, 331194, 206, 1, 0
761, 11, 278, 331, 99, 0, 50.61%, 1, 0, 6, 451.83, 333441, 206, 1, 0
766, 11, 292, 331, 97, 0, 50.61%, 1, 0, 6, 470.67, 335802, 206, 1, 0
771, 11, 297, 331, 94, 0, 50.61%, 1, 0, 6, 478.80, 338201, 206, 1, 0
776, 11, 297, 331, 94, 0, 50.61%, 1, 0, 6, 418.03, 340271, 206, 1, 0
781, 11, 311, 333, 96, 0, 50.86%, 1, 0, 6, 440.94, 342453, 207, 1, 0
786, 11, 314, 333, 95, 1, 50.86%, 1, 0, 6, 423.09, 344549, 207, 1, 0
791, 11, 333, 335, 95, 1, 51.35%, 1, 0, 8, 460.37, 346855, 209, 1, 0
796, 12, 335, 339, 97, 2, 51.60%, 1, 0, 8, 469.68, 349216, 210, 1, 0
801, 13, 27, 339, 94, 0, 51.60%, 1, 0, 8, 457.88, 351458, 210, 1, 0
806, 13, 127, 339, 91, 0, 51.60%, 1, 0, 8, 445.00, 353737, 210, 1, 0
811, 13, 200, 339, 80, 0, 51.60%, 1, 0, 8, 451.19, 356057, 210, 1, 0
816, 13, 251, 339, 77, 0, 51.60%, 1, 0, 8, 437.02, 358306, 210, 1, 0
822, 13, 266, 339, 75, 0, 51.60%, 1, 0, 8, 443.99, 360586, 210, 1, 0
827, 13, 274, 339, 72, 0, 51.60%, 1, 0, 8, 450.85, 362897, 210, 1, 0
832, 13, 283, 339, 70, 0, 51.60%, 1, 0, 8, 448.01, 365162, 210, 1, 0
837, 13, 298, 339, 69, 0, 51.60%, 1, 0, 8, 430.03, 367314, 210, 1, 0
842, 13, 310, 339, 66, 0, 51.60%, 1, 0, 8, 433.86, 369506, 210, 1, 0
847, 13, 323, 339, 64, 0, 51.60%, 1, 0, 8, 429.44, 371666, 210, 1, 0
852, 13, 332, 339, 63, 0, 51.60%, 1, 0, 8, 433.88, 373866, 210, 1, 0
857, 13, 335, 339, 63, 0, 51.60%, 1, 0, 8, 443.67, 376206, 210, 1, 0
862, 14, 87, 342, 65, 0, 51.60%, 1, 0, 8, 445.68, 378516, 210, 1, 0
867, 14, 196, 342, 62, 0, 51.60%, 2, 0, 8, 447.08, 380871, 210, 2, 0
872, 14, 261, 342, 60, 0, 51.60%, 2, 0, 8, 449.06, 383166, 210, 2, 0
878, 14, 284, 342, 59, 0, 51.60%, 2, 0, 8, 464.33, 385501, 210, 2, 0
883, 14, 294, 342, 57, 0, 51.60%, 2, 0, 8, 428.43, 387677, 210, 2, 0
888, 14, 302, 342, 55, 0, 51.60%, 2, 0, 8, 411.87, 389693, 210, 2, 0
893, 14, 313, 342, 52, 0, 51.60%, 2, 0, 8, 430.38, 391853, 210, 2, 0
898, 14, 324, 342, 51, 0, 51.60%, 2, 0, 8, 458.87, 394206, 210, 2, 0
903, 14, 335, 342, 49, 0, 51.60%, 2, 0, 8, 451.86, 396445, 210, 2, 0
908, 15, 343, 345, 50, 1, 52.09%, 2, 0, 8, 463.29, 398853, 212, 2, 0
913, 16, 138, 346, 49, 0, 52.09%, 2, 0, 8, 474.11, 401231, 212, 2, 0
918, 16, 346, 347, 49, 1, 52.33%, 2, 0, 8, 448.62, 403428, 213, 2, 0
923, 17, 105, 347, 47, 0, 52.33%, 2, 0, 8, 446.85, 405697, 213, 2, 0
928, 17, 221, 347, 46, 0, 52.33%, 2, 0, 8, 444.99, 407918, 213, 2, 0
933, 17, 274, 347, 44, 0, 52.33%, 2, 0, 8, 438.63, 410079, 213, 2, 0
938, 17, 285, 347, 44, 0, 52.33%, 2, 0, 8, 405.34, 412151, 213, 2, 0
944, 17, 316, 347, 43, 0, 52.33%, 2, 0, 8, 419.85, 414295, 213, 2, 0
949, 17, 325, 347, 41, 0, 52.33%, 3, 0, 8, 423.94, 416470, 213, 3, 0
954, 17, 333, 347, 39, 0, 52.33%, 3, 0, 8, 441.42, 418702, 213, 3, 0
959, 17, 339, 348, 39, 0, 52.33%, 3, 0, 8, 455.42, 421019, 213, 3, 0
964, 17, 344, 350, 40, 0, 52.33%, 3, 0, 8, 433.35, 423213, 213, 3, 0
969, 18, 19, 352, 40, 0, 52.33%, 3, 0, 8, 437.69, 425404, 213, 3, 0
974, 18, 186, 352, 40, 0, 52.33%, 3, 0, 8, 421.71, 427578, 213, 5, 0
979, 18, 248, 352, 39, 0, 52.33%, 3, 0, 8, 420.15, 429753, 213, 5, 0
984, 18, 278, 352, 38, 0, 52.33%, 3, 0, 8, 429.99, 431913, 213, 5, 0
989, 18, 288, 352, 38, 0, 52.33%, 3, 0, 8, 427.66, 434121, 213, 5, 0
994, 18, 306, 352, 36, 0, 52.33%, 3, 0, 8, 428.09, 436353, 213, 5, 0
999, 18, 330, 352, 35, 0, 52.33%, 3, 0, 8, 439.67, 438596, 213, 6, 0
1005, 18, 342, 353, 34, 0, 52.33%, 3, 0, 8, 444.68, 440849, 213, 6, 0
1010, 19, 353, 359, 39, 1, 55.28%, 3, 0, 8, 429.91, 443052, 225, 6, 0
1015, 19, 353, 378, 58, 1, 60.20%, 3, 0, 8, 436.47, 445262, 245, 6, 0
1020, 19, 353, 379, 59, 1, 60.20%, 3, 0, 8, 393.98, 447262, 245, 6, 0
1025, 19, 353, 381, 61, 1, 60.44%, 3, 0, 8, 416.78, 449403, 246, 6, 0
1030, 19, 353, 382, 62, 1, 60.69%, 3, 0, 8, 414.73, 451498, 247, 6, 0
1035, 19, 353, 383, 63, 1, 60.69%, 3, 0, 8, 441.02, 453785, 247, 6, 0
1040, 19, 353, 383, 63, 1, 60.69%, 3, 0, 8, 419.24, 455865, 247, 6, 0
1045, 19, 353, 383, 63, 1, 60.69%, 3, 0, 8, 426.46, 458041, 247, 6, 0
1050, 19, 353, 384, 64, 1, 60.69%, 3, 0, 8, 424.95, 460216, 247, 6, 0
1055, 19, 353, 384, 64, 1, 60.69%, 3, 0, 8, 401.51, 462179, 247, 6, 0
1060, 19, 353, 384, 64, 1, 60.69%, 3, 0, 8, 430.56, 464368, 247, 6, 0
1065, 19, 353, 384, 64, 1, 60.69%, 3, 0, 8, 438.63, 466560, 247, 6, 0
1070, 19, 353, 384, 64, 1, 60.69%, 3, 0, 8, 419.88, 468664, 247, 6, 0
1075, 19, 353, 384, 64, 1, 60.69%, 3, 0, 8, 415.53, 470784, 247, 6, 0
1081, 19, 353, 385, 65, 1, 60.69%, 3, 0, 8, 430.85, 472951, 247, 6, 0
1086, 19, 353, 386, 66, 1, 60.69%, 3, 0, 8, 429.24, 475134, 247, 6, 0
1091, 19, 353, 386, 66, 1, 60.69%, 3, 0, 8, 437.27, 477358, 247, 6, 0
1096, 19, 353, 387, 67, 1, 60.69%, 3, 0, 8, 423.86, 479477, 247, 6, 0
1101, 19, 353, 387, 67, 1, 60.69%, 3, 0, 8, 427.32, 481613, 247, 6, 0
1106, 19, 353, 388, 68, 1, 60.69%, 3, 0, 8, 440.49, 483860, 247, 6, 0
1111, 19, 353, 388, 68, 1, 60.69%, 3, 0, 8, 413.29, 485852, 247, 6, 0
1116, 19, 353, 388, 68, 1, 60.69%, 3, 0, 8, 415.93, 487956, 247, 6, 0
1121, 19, 353, 388, 68, 1, 60.69%, 3, 0, 8, 444.98, 490204, 247, 6, 0
1126, 19, 353, 388, 68, 1, 60.69%, 3, 0, 8, 436.39, 492388, 247, 6, 0
1131, 19, 353, 389, 69, 1, 60.69%, 3, 0, 8, 437.05, 494571, 247, 6, 0
1136, 19, 362, 389, 67, 6, 60.69%, 3, 0, 8, 442.80, 496895, 247, 6, 0
1141, 19, 365, 390, 67, 5, 60.69%, 3, 0, 8, 436.32, 499057, 247, 6, 0
1147, 19, 372, 407, 83, 4, 60.93%, 3, 0, 8, 309.66, 500472, 248, 6, 0
1152, 19, 372, 408, 84, 4, 60.93%, 3, 0, 8, 279.07, 501863, 248, 6, 0
1157, 19, 372, 409, 85, 4, 60.93%, 3, 0, 8, 283.87, 503305, 248, 6, 0
1162, 19, 372, 411, 87, 4, 60.93%, 3, 0, 8, 263.40, 504609, 248, 6, 0
1167, 19, 372, 411, 87, 4, 60.93%, 3, 0, 8, 276.63, 506044, 248, 6, 0
1172, 19, 372, 411, 87, 4, 60.93%, 3, 0, 8, 284.69, 507484, 248, 6, 0
1177, 19, 372, 411, 87, 4, 60.93%, 3, 0, 8, 299.06, 508994, 248, 6, 0
1182, 19, 372, 412, 88, 4, 61.18%, 3, 0, 8, 292.10, 510486, 249, 6, 0
1187, 19, 372, 415, 91, 4, 61.18%, 3, 0, 8, 297.40, 511987, 249, 6, 0
1192, 19, 372, 415, 91, 4, 61.18%, 3, 0, 8, 290.43, 513442, 249, 6, 0
1197, 19, 372, 415, 91, 4, 61.18%, 3, 0, 8, 287.13, 514887, 249, 6, 0
1202, 19, 372, 417, 93, 4, 61.18%, 3, 0, 8, 287.28, 516361, 249, 6, 0
1207, 19, 372, 417, 93, 4, 61.18%, 3, 0, 8, 290.11, 517826, 249, 6, 0
1212, 19, 372, 418, 94, 4, 61.18%, 3, 0, 8, 281.88, 519218, 249, 6, 0
1217, 19, 372, 420, 96, 4, 61.18%, 3, 0, 8, 282.26, 520687, 249, 6, 0
1223, 19, 372, 420, 96, 4, 61.18%, 3, 0, 8, 279.66, 522107, 249, 6, 0
1228, 19, 372, 420, 96, 4, 61.18%, 3, 0, 8, 297.83, 523642, 249, 6, 0
1233, 19, 372, 420, 96, 4, 61.18%, 3, 0, 8, 290.79, 525082, 249, 6, 0
1238, 19, 372, 420, 96, 4, 61.18%, 3, 0, 8, 282.16, 526542, 249, 6, 0
1243, 19, 372, 421, 97, 4, 61.18%, 3, 0, 8, 282.60, 527959, 249, 6, 0
1248, 19, 372, 421, 97, 4, 61.18%, 3, 0, 8, 269.45, 529349, 249, 6, 0
1253, 19, 372, 421, 97, 4, 61.18%, 3, 0, 8, 297.16, 530924, 249, 6, 0
1258, 19, 372, 421, 97, 4, 61.18%, 3, 0, 8, 299.19, 532436, 249, 6, 0
1263, 19, 372, 421, 97, 4, 61.18%, 3, 0, 8, 298.98, 533929, 249, 6, 0
1268, 19, 372, 422, 98, 4, 61.18%, 3, 0, 8, 285.03, 535386, 249, 6, 0
1273, 19, 372, 422, 98, 4, 61.18%, 3, 0, 8, 285.63, 536861, 249, 6, 0
1278, 19, 372, 422, 98, 4, 61.18%, 3, 0, 8, 287.70, 538311, 249, 6, 0
1283, 19, 372, 422, 98, 4, 61.18%, 3, 0, 8, 284.72, 539741, 249, 6, 0
1288, 19, 372, 423, 99, 4, 61.18%, 3, 0, 8, 293.40, 541228, 249, 6, 0
1293, 19, 372, 423, 99, 4, 61.18%, 3, 0, 8, 284.26, 542648, 249, 6, 0
1298, 19, 372, 423, 99, 4, 61.18%, 3, 0, 8, 270.83, 544003, 249, 6, 0
1304, 19, 372, 423, 99, 4, 61.18%, 3, 0, 8, 299.04, 545528, 249, 6, 0
1309, 19, 372, 423, 99, 4, 61.18%, 3, 0, 8, 283.85, 546948, 249, 6, 0
1314, 19, 372, 423, 99, 4, 61.18%, 3, 0, 8, 292.87, 548443, 249, 6, 0
1319, 19, 372, 423, 99, 4, 61.18%, 3, 0, 8, 297.21, 549938, 249, 6, 0
1324, 19, 373, 423, 98, 6, 61.18%, 3, 0, 8, 315.96, 551461, 249, 6, 0
1329, 19, 373, 426, 101, 6, 61.18%, 3, 0, 8, 423.28, 553766, 249, 6, 0
1334, 19, 373, 426, 101, 6, 61.18%, 3, 0, 8, 398.80, 555794, 249, 6, 0
1339, 19, 373, 426, 101, 6, 61.18%, 3, 0, 8, 452.62, 558229, 249, 6, 0
1344, 19, 380, 431, 105, 5, 61.18%, 3, 0, 8, 448.84, 560498, 249, 6, 0
1349, 19, 380, 431, 105, 5, 61.18%, 3, 0, 8, 456.91, 562811, 249, 6, 0
1354, 19, 381, 431, 104, 5, 61.18%, 3, 0, 8, 459.56, 565073, 249, 6, 0
1359, 19, 405, 431, 103, 4, 61.18%, 3, 0, 8, 455.70, 567339, 249, 6, 0
1364, 19, 413, 432, 102, 2, 61.18%, 3, 0, 8, 439.44, 569600, 249, 6, 0
1369, 19, 413, 435, 105, 2, 61.18%, 3, 0, 8, 434.64, 571861, 249, 6, 0
1374, 19, 413, 435, 105, 2, 61.18%, 3, 0, 8, 424.74, 573989, 249, 6, 0
1380, 19, 413, 436, 106, 2, 61.18%, 3, 0, 8, 426.33, 576108, 249, 6, 0
1385, 19, 428, 436, 105, 1, 61.18%, 3, 0, 8, 432.27, 578276, 249, 6, 0
1390, 19, 430, 436, 103, 0, 61.18%, 3, 0, 8, 458.97, 580551, 249, 6, 0
1395, 20, 3, 447, 111, 0, 61.18%, 3, 0, 8, 390.10, 582393, 249, 6, 0
1400, 20, 379, 447, 111, 2, 61.18%, 3, 0, 8, 426.76, 584614, 249, 6, 0
1405, 20, 440, 449, 112, 2, 61.18%, 3, 0, 8, 437.05, 586852, 249, 6, 0
1410, 20, 440, 451, 114, 2, 61.18%, 3, 0, 8, 450.46, 589166, 249, 6, 0
1415, 20, 440, 451, 114, 2, 61.18%, 3, 0, 8, 444.18, 591402, 249, 6, 0
1420, 20, 440, 451, 114, 2, 61.18%, 3, 0, 8, 443.04, 593610, 249, 6, 0
1425, 20, 440, 451, 114, 2, 61.18%, 3, 0, 8, 450.18, 595961, 249, 6, 0
1430, 20, 445, 451, 113, 2, 61.18%, 3, 0, 8, 466.59, 598285, 249, 6, 0
1435, 21, 34, 451, 110, 0, 61.18%, 3, 0, 8, 440.92, 600506, 249, 6, 0
1440, 21, 186, 451, 108, 0, 61.18%, 4, 0, 8, 469.19, 602897, 249, 11, 0
1445, 21, 263, 451, 108, 0, 61.18%, 4, 0, 8, 441.52, 605140, 249, 12, 0
1450, 21, 278, 451, 107, 0, 61.18%, 4, 0, 8, 437.67, 607376, 249, 12, 0
1455, 21, 280, 451, 106, 0, 61.18%, 4, 0, 8, 437.32, 609560, 249, 12, 0
1461, 21, 298, 451, 105, 0, 61.18%, 4, 0, 8, 425.43, 611740, 249, 12, 0
1466, 21, 310, 451, 104, 0, 61.18%, 4, 0, 8, 417.60, 613836, 249, 12, 0
1471, 21, 326, 451, 103, 0, 61.18%, 4, 0, 8, 445.61, 616103, 249, 14, 0
1476, 21, 352, 451, 102, 0, 61.18%, 4, 0, 8, 464.11, 618445, 249, 14, 0
1481, 21, 366, 451, 102, 0, 61.18%, 4, 0, 8, 433.20, 620636, 249, 14, 0
1486, 21, 374, 451, 100, 0, 61.18%, 4, 0, 8, 448.05, 622964, 249, 14, 0
1491, 21, 381, 451, 98, 0, 61.18%, 4, 0, 8, 437.76, 625140, 249, 14, 0
1496, 21, 398, 451, 97, 0, 61.18%, 4, 0, 8, 436.53, 627388, 249, 14, 0
1501, 21, 405, 451, 94, 0, 61.18%, 4, 0, 8, 372.13, 629125, 249, 14, 0
1506, 21, 410, 451, 93, 0, 61.18%, 4, 0, 8, 317.86, 630756, 249, 14, 0
1511, 21, 416, 451, 92, 0, 61.18%, 4, 0, 8, 339.29, 632522, 249, 14, 0
1516, 21, 421, 451, 90, 0, 61.18%, 4, 0, 8, 321.70, 634128, 249, 14, 0
1521, 21, 428, 451, 87, 0, 61.18%, 4, 0, 8, 415.15, 636284, 249, 14, 0
1526, 21, 440, 451, 87, 0, 61.18%, 4, 0, 8, 427.57, 638476, 249, 14, 0
1532, 22, 108, 452, 85, 1, 61.18%, 4, 0, 8, 428.64, 640622, 249, 14, 0
1537, 23, 12, 452, 84, 0, 61.18%, 4, 0, 8, 372.77, 642370, 249, 14, 0
1542, 23, 125, 452, 81, 0, 61.18%, 4, 0, 8, 422.08, 644623, 249, 14, 0
1547, 23, 203, 452, 79, 0, 61.18%, 4, 0, 8, 440.36, 646874, 249, 15, 0
1552, 23, 266, 452, 79, 0, 61.18%, 4, 0, 8, 440.92, 649140, 249, 15, 0
1557, 23, 297, 452, 79, 0, 61.18%, 4, 0, 8, 429.72, 651228, 249, 15, 0
1562, 23, 323, 452, 79, 0, 61.18%, 4, 0, 8, 442.85, 653478, 249, 15, 0
1567, 23, 347, 452, 79, 0, 61.18%, 4, 0, 8, 424.63, 655606, 249, 15, 0
1572, 23, 356, 452, 78, 0, 61.18%, 4, 0, 8, 428.13, 657810, 249, 15, 0
1577, 23, 367, 452, 77, 0, 61.18%, 4, 0, 8, 427.85, 659978, 249, 15, 0
1582, 23, 373, 452, 75, 0, 61.18%, 4, 0, 8, 418.99, 662146, 249, 15, 0
1587, 23, 381, 452, 75, 0, 61.18%, 4, 0, 8, 446.23, 664418, 249, 15, 0
1592, 23, 388, 452, 74, 0, 61.18%, 4, 0, 8, 471.94, 666849, 249, 15, 0
1597, 23, 391, 452, 72, 0, 61.18%, 4, 0, 8, 352.96, 668621, 249, 15, 0
1602, 23, 413, 452, 70, 0, 61.18%, 4, 0, 8, 357.23, 670263, 249, 15, 0
1607, 23, 428, 452, 69, 0, 61.18%, 4, 0, 8, 404.50, 672314, 249, 15, 0
1613, 23, 440, 452, 68, 0, 61.18%, 4, 0, 8, 447.20, 674578, 249, 15, 0
1618, 23, 450, 453, 68, 0, 61.18%, 4, 0, 8, 443.93, 676833, 249, 15, 0
1623, 24, 83, 455, 70, 0, 61.18%, 4, 0, 8, 464.98, 679189, 249, 15, 0
1628, 24, 193, 455, 70, 0, 61.18%, 4, 0, 8, 464.50, 681512, 249, 18, 0
1633, 24, 253, 455, 70, 0, 61.18%, 4, 0, 8, 453.57, 683786, 249, 18, 0
1638, 24, 276, 455, 67, 0, 61.18%, 4, 0, 8, 454.99, 686132, 249, 18, 0
1643, 24, 297, 455, 67, 0, 61.18%, 4, 0, 8, 440.92, 688346, 249, 18, 0
1648, 24, 300, 455, 66, 0, 61.18%, 4, 0, 8, 435.49, 690510, 249, 18, 0
1653, 24, 304, 455, 65, 0, 61.18%, 4, 0, 8, 413.64, 692614, 249, 18, 0
1658, 24, 323, 455, 62, 0, 61.18%, 4, 0, 8, 447.14, 694857, 249, 18, 0
1663, 24, 352, 455, 61, 0, 61.18%, 4, 0, 8, 434.65, 697004, 249, 18, 0
1668, 24, 359, 455, 61, 0, 61.18%, 4, 0, 8, 410.75, 699124, 249, 18, 0
1673, 24, 362, 455, 59, 0, 61.18%, 4, 0, 8, 410.87, 701220, 249, 18, 0
1678, 24, 381, 455, 58, 0, 61.18%, 4, 0, 8, 427.92, 703436, 249, 18, 0
1684, 24, 381, 455, 58, 0, 61.18%, 4, 0, 8, 425.55, 705620, 249, 18, 0
1689, 24, 392, 455, 56, 0, 61.18%, 4, 0, 8, 410.14, 707756, 249, 18, 0
1694, 24, 399, 455, 54, 0, 61.18%, 4, 0, 8, 296.97, 709124, 249, 18, 0
1699, 24, 413, 455, 52, 0, 61.18%, 4, 0, 8, 320.92, 710754, 249, 18, 0
1704, 24, 422, 455, 51, 0, 61.18%, 4, 0, 8, 316.79, 712422, 249, 18, 0
1709, 24, 428, 455, 48, 0, 61.18%, 4, 0, 8, 374.68, 714233, 249, 18, 0
1714, 24, 439, 456, 48, 0, 61.18%, 4, 0, 8, 420.50, 716451, 249, 18, 0
1719, 24, 449, 456, 46, 0, 61.18%, 4, 0, 8, 424.92, 718635, 249, 18, 0
1724, 25, 31, 456, 46, 0, 61.18%, 4, 0, 8, 426.47, 720835, 249, 18, 0
1729, 25, 185, 456, 46, 0, 61.18%, 4, 0, 8, 441.49, 723040, 249, 18, 0
1734, 25, 275, 456, 46, 0, 61.18%, 4, 0, 8, 440.67, 725277, 249, 18, 0
1739, 25, 275, 456, 46, 0, 61.18%, 4, 0, 8, 412.44, 727381, 249, 18, 0
1744, 25, 296, 456, 45, 0, 61.18%, 4, 0, 8, 428.66, 729597, 249, 18, 0
1750, 25, 297, 456, 45, 0, 61.18%, 4, 0, 8, 430.93, 731781, 249, 18, 0
1755, 25, 313, 456, 45, 0, 61.18%, 4, 0, 8, 434.84, 734025, 249, 18, 0
1760, 25, 346, 456, 44, 0, 61.18%, 4, 0, 8, 444.20, 736244, 249, 18, 0
1765, 25, 364, 456, 43, 0, 61.18%, 5, 0, 8, 418.00, 738436, 249, 19, 0
1770, 25, 381, 456, 42, 0, 61.18%, 5, 0, 8, 420.82, 740508, 249, 19, 0
1775, 25, 397, 456, 41, 0, 61.18%, 5, 0, 8, 319.66, 742086, 249, 19, 0
1780, 25, 412, 456, 39, 0, 61.18%, 5, 0, 8, 274.08, 743459, 249, 19, 0
1785, 25, 415, 456, 39, 0, 61.18%, 5, 0, 8, 313.09, 745040, 249, 19, 0
1790, 25, 428, 456, 36, 0, 61.18%, 5, 0, 8, 368.09, 746870, 249, 19, 0
1795, 25, 451, 456, 35, 0, 61.18%, 5, 0, 8, 431.37, 749116, 249, 19, 0
1800, 26, 410, 458, 36, 2, 61.43%, 5, 0, 8, 397.65, 751176, 250, 19, 0
1805, 26, 456, 458, 36, 2, 61.43%, 5, 0, 8, 402.28, 753072, 250, 19, 0
1806, 26, 458, 458, 35, 1, 61.43%, 5, 0, 8, 398.14, 753363, 250, 19, 0
