# relative_time, cycles_done, cur_item, corpus_count, pending_total, pending_favs, map_size, saved_crashes, saved_hangs, max_depth, execs_per_sec, total_execs, edges_found, total_crashes, servers_count
61, 0, 8, 58, 51, 20, 31.45%, 0, 0, 2, 394.17, 25170, 128, 0, 0
66, 0, 8, 59, 52, 20, 31.45%, 0, 0, 2, 401.05, 27229, 128, 0, 0
71, 0, 8, 59, 52, 20, 31.45%, 0, 0, 2, 392.57, 29223, 128, 0, 0
76, 0, 8, 59, 52, 20, 31.45%, 0, 0, 2, 385.25, 31197, 128, 0, 0
81, 0, 8, 59, 52, 20, 31.45%, 0, 0, 2, 375.13, 33192, 128, 0, 0
86, 0, 8, 60, 53, 20, 31.45%, 0, 0, 2, 399.34, 35201, 128, 0, 0
91, 0, 8, 61, 54, 20, 31.70%, 0, 0, 2, 393.48, 37224, 129, 0, 0
96, 0, 8, 62, 55, 20, 31.70%, 0, 0, 2, 389.25, 39219, 129, 0, 0
101, 0, 8, 62, 55, 20, 31.70%, 0, 0, 2, 424.54, 41386, 129, 0, 0
106, 0, 8, 62, 55, 20, 31.70%, 0, 0, 2, 379.54, 43286, 129, 0, 0
112, 0, 8, 62, 55, 20, 31.70%, 0, 0, 2, 372.10, 45302, 129, 0, 0
117, 0, 8, 62, 55, 20, 31.70%, 0, 0, 2, 385.24, 47290, 129, 0, 0
122, 0, 15, 62, 49, 17, 31.70%, 0, 0, 2, 400.80, 49261, 129, 0, 0
127, 0, 18, 68, 52, 14, 31.94%, 0, 0, 2, 420.51, 51391, 130, 0, 0
132, 0, 18, 74, 58, 14, 32.43%, 0, 0, 2, 410.70, 53426, 132, 0, 0
137, 0, 18, 79, 63, 14, 32.43%, 0, 0, 2, 424.22, 55550, 132, 0, 0
142, 0, 18, 81, 65, 14, 32.43%, 0, 0, 2, 412.23, 57668, 132, 0, 0
147, 0, 18, 85, 69, 14, 32.43%, 0, 0, 2, 408.46, 59769, 132, 0, 0
152, 0, 30, 90, 71, 11, 32.43%, 0, 0, 2, 375.19, 61675, 132, 0, 0
158, 0, 30, 96, 77, 11, 32.43%, 0, 0, 2, 395.40, 63692, 132, 0, 0
163, 0, 30, 100, 81, 11, 33.42%, 0, 0, 2, 429.20, 65894, 136, 0, 0
168, 0, 30, 108, 89, 11, 33.66%, 0, 0, 2, 441.62, 68142, 137, 0, 0
173, 0, 30, 109, 90, 11, 33.66%, 0, 0, 2, 412.25, 70197, 137, 0, 0
178, 0, 30, 112, 93, 11, 33.66%, 0, 0, 2, 420.08, 72362, 137, 0, 0
183, 0, 30, 116, 97, 11, 33.66%, 0, 0, 2, 431.28, 74534, 137, 0, 0
188, 0, 30, 117, 98, 11, 33.66%, 0, 0, 2, 427.00, 76781, 137, 0, 0
193, 0, 30, 117, 98, 11, 33.66%, 0, 0, 2, 422.57, 78909, 137, 0, 0
198, 0, 30, 118, 99, 11, 33.66%, 0, 0, 2, 471.47, 81251, 137, 0, 0
203, 0, 30, 118, 99, 11, 33.66%, 0, 0, 2, 446.85, 83453, 137, 0, 0
208, 0, 30, 118, 99, 11, 33.66%, 0, 0, 2, 434.34, 85637, 137, 0, 0
213, 0, 30, 119, 100, 11, 33.66%, 0, 0, 2, 419.92, 87780, 137, 0, 0
218, 0, 30, 121, 102, 11, 33.66%, 0, 0, 2, 426.44, 89922, 137, 0, 0
223, 0, 32, 127, 107, 12, 33.66%, 0, 0, 2, 432.37, 92144, 137, 0, 0
229, 0, 81, 133, 109, 10, 34.15%, 0, 0, 3, 407.89, 94254, 139, 0, 0
234, 0, 82, 139, 114, 9, 34.15%, 0, 0, 3, 418.77, 96440, 139, 0, 0
239, 0, 82, 139, 114, 9, 34.15%, 0, 0, 3, 411.63, 98464, 139, 0, 0
244, 0, 82, 140, 115, 9, 34.15%, 0, 0, 3, 417.71, 100631, 139, 0, 0
249, 0, 96, 143, 116, 8, 34.15%, 0, 0, 3, 419.56, 102758, 139, 0, 0
254, 0, 96, 149, 122, 8, 34.89%, 0, 0, 3, 447.83, 105118, 142, 0, 0
259, 0, 96, 152, 125, 8, 35.38%, 0, 0, 3, 422.36, 107243, 144, 0, 0
264, 0, 96, 153, 126, 8, 35.38%, 0, 0, 3, 436.66, 109434, 144, 0, 0
269, 0, 96, 155, 128, 8, 35.38%, 0, 0, 3, 421.92, 111488, 144, 0, 0
274, 0, 96, 156, 129, 8, 35.38%, 0, 0, 3, 390.53, 113447, 144, 0, 0
279, 0, 98, 158, 130, 10, 35.38%, 0, 0, 3, 420.04, 115629, 144, 0, 0
284, 0, 103, 161, 132, 9, 35.38%, 0, 0, 3, 428.63, 117791, 144, 0, 0
289, 0, 103, 162, 133, 9, 35.38%, 0, 0, 3, 422.65, 119982, 144, 0, 0
294, 0, 103, 162, 133, 9, 35.38%, 0, 0, 3, 458.79, 122238, 144, 0, 0
300, 0, 103, 163, 134, 9, 35.38%, 0, 0, 3, 434.50, 124405, 144, 0, 0
305, 0, 103, 163, 134, 9, 35.38%, 0, 0, 3, 423.59, 126541, 144, 0, 0
310, 0, 103, 164, 135, 9, 35.38%, 0, 0, 3, 455.05, 128837, 144, 0, 0
315, 0, 103, 164, 135, 9, 35.38%, 0, 0, 3, 442.67, 131156, 144, 0, 0
320, 0, 103, 164, 135, 9, 35.38%, 0, 0, 3, 418.27, 133252, 144, 0, 0
325, 0, 103, 164, 135, 9, 35.38%, 0, 0, 3, 418.56, 135388, 144, 0, 0
330, 0, 103, 164, 135, 9, 35.38%, 0, 0, 3, 445.94, 137702, 144, 0, 0
335, 0, 103, 164, 135, 9, 35.38%, 0, 0, 3, 439.91, 139940, 144, 0, 0
340, 0, 103, 164, 135, 9, 35.38%, 0, 0, 3, 438.32, 142172, 144, 0, 0
345, 0, 103, 164, 135, 9, 35.38%, 0, 0, 3, 419.08, 144252, 144, 0, 0
350, 0, 131, 164, 131, 5, 35.38%, 0, 0, 3, 405.55, 146312, 144, 0, 0
355, 0, 156, 167, 130, 2, 35.38%, 0, 0, 4, 395.46, 148359, 144, 0, 0
361, 0, 164, 169, 130, 1, 35.38%, 0, 0, 5, 410.43, 150498, 144, 0, 0
366, 1, 51, 172, 126, 0, 35.38%, 0, 0, 5, 433.95, 152798, 144, 0, 0
371, 1, 94, 175, 120, 0, 35.38%, 0, 0, 5, 435.23, 154918, 144, 0, 0
376, 1, 117, 179, 120, 0, 35.38%, 0, 0, 5, 434.47, 157092, 144, 0, 0
381, 1, 117, 180, 121, 0, 35.38%, 0, 0, 5, 439.94, 159331, 144, 0, 0
386, 1, 117, 180, 121, 0, 35.38%, 0, 0, 5, 423.93, 161483, 144, 0, 0
391, 1, 117, 180, 121, 0, 35.38%, 0, 0, 5, 424.63, 163571, 144, 0, 0
396, 1, 127, 180, 120, 0, 35.38%, 0, 0, 5, 445.59, 165835, 144, 0, 0
401, 1, 181, 183, 116, 1, 35.38%, 0, 0, 5, 456.17, 168168, 144, 0, 0
406, 1, 181, 184, 117, 1, 35.38%, 0, 0, 5, 427.96, 170284, 144, 0, 0
411, 1, 181, 184, 117, 1, 35.38%, 0, 0, 5, 397.32, 172272, 144, 0, 0
416, 1, 182, 184, 116, 0, 35.38%, 0, 0, 5, 478.13, 174736, 144, 0, 0
421, 1, 184, 278, 208, 0, 52.83%, 0, 0, 5, 464.35, 177123, 215, 0, 0
426, 2, 196, 347, 274, 27, 57.99%, 0, 0, 5, 444.28, 179314, 236, 0, 0
431, 2, 209, 350, 273, 25, 57.99%, 0, 0, 5, 423.80, 181387, 236, 0, 0
437, 2, 216, 350, 270, 22, 57.99%, 0, 0, 5, 394.66, 183336, 236, 0, 0
442, 2, 235, 355, 273, 20, 57.99%, 0, 0, 5, 451.14, 185668, 236, 0, 0
447, 2, 235, 362, 280, 20, 58.23%, 0, 0, 5, 462.06, 187959, 237, 0, 0
452, 2, 253, 362, 278, 19, 58.23%, 0, 0, 5, 437.03, 190083, 237, 0, 0
457, 2, 259, 368, 283, 18, 58.72%, 0, 0, 5, 423.94, 192168, 239, 0, 0
462, 2, 260, 368, 282, 18, 58.72%, 0, 0, 5, 426.79, 194345, 239, 0, 0
467, 2, 280, 368, 279, 15, 58.72%, 0, 0, 5, 460.90, 196591, 239, 0, 0
472, 2, 300, 368, 274, 10, 58.72%, 0, 0, 5, 449.38, 198832, 239, 0, 0
477, 2, 316, 370, 273, 8, 58.72%, 0, 0, 5, 423.79, 201024, 239, 0, 0
482, 2, 316, 370, 273, 8, 58.72%, 0, 0, 5, 430.31, 203184, 239, 0, 0
487, 2, 316, 370, 273, 8, 58.72%, 0, 0, 5, 435.35, 205353, 239, 0, 0
492, 2, 316, 370, 273, 8, 58.72%, 0, 0, 5, 428.24, 207521, 239, 0, 0
498, 2, 332, 370, 271, 6, 58.72%, 0, 0, 5, 432.22, 209681, 239, 0, 0
503, 2, 358, 370, 268, 3, 58.72%, 0, 0, 5, 374.00, 211562, 239, 0, 0
508, 2, 364, 372, 268, 2, 59.21%, 0, 0, 5, 435.97, 213841, 241, 0, 0
513, 3, 374, 378, 269, 1, 59.46%, 0, 0, 5, 450.29, 216160, 242, 0, 0
518, 3, 374, 379, 270, 1, 59.71%, 0, 0, 5, 492.79, 218694, 243, 0, 0
523, 4, 70, 379, 265, 0, 59.71%, 0, 0, 5, 439.66, 220861, 243, 0, 0
528, 4, 127, 379, 255, 0, 59.71%, 0, 0, 5, 448.16, 223061, 243, 0, 0
533, 4, 181, 379, 244, 0, 59.71%, 0, 0, 5, 426.30, 225224, 243, 0, 0
538, 4, 202, 379, 242, 0, 59.71%, 0, 0, 5, 418.35, 227296, 243, 0, 0
543, 4, 235, 379, 234, 0, 59.71%, 0, 0, 5, 412.81, 229401, 243, 0, 0
548, 4, 259, 379, 227, 0, 59.71%, 0, 0, 5, 410.36, 231504, 243, 0, 0
554, 4, 314, 379, 222, 0, 59.71%, 0, 0, 5, 407.34, 233587, 243, 0, 0
559, 4, 328, 379, 216, 0, 59.71%, 0, 0, 5, 425.29, 235809, 243, 0, 0
564, 4, 361, 380, 211, 0, 59.71%, 0, 0, 5, 438.75, 238061, 243, 0, 0
569, 5, 29, 380, 210, 0, 59.71%, 0, 0, 5, 430.79, 240174, 243, 0, 0
574, 5, 98, 380, 197, 0, 59.71%, 0, 0, 5, 413.40, 242139, 243, 0, 0
579, 5, 146, 380, 187, 0, 59.71%, 0, 0, 5, 396.15, 244136, 243, 0, 0
584, 5, 193, 380, 184, 0, 59.71%, 0, 0, 5, 412.01, 246183, 243, 0, 0
589, 5, 237, 380, 179, 0, 59.71%, 0, 0, 5, 374.90, 248099, 243, 0, 0
594, 5, 272, 380, 173, 0, 59.71%, 0, 0, 5, 413.62, 250181, 243, 0, 0
599, 5, 299, 382, 171, 0, 59.71%, 0, 0, 5, 416.68, 252435, 243, 0, 0
605, 5, 335, 383, 168, 0, 59.71%, 0, 0, 5, 387.47, 254476, 243, 0, 0
610, 5, 362, 385, 167, 0, 59.71%, 0, 0, 5, 391.18, 256444, 243, 0, 0
615, 6, 18, 389, 167, 0, 59.95%, 0, 0, 5, 403.80, 258468, 244, 0, 0
620, 6, 118, 389, 157, 0, 59.95%, 0, 0, 5, 418.07, 260626, 244, 0, 0
625, 7, 13, 390, 154, 0, 60.20%, 0, 0, 5, 437.45, 262856, 245, 0, 0
630, 7, 98, 390, 148, 0, 60.20%, 0, 0, 5, 393.64, 264797, 245, 0, 0
635, 7, 181, 391, 145, 0, 60.20%, 2, 0, 5, 421.51, 266928, 245, 5, 0
640, 7, 209, 391, 141, 0, 60.20%, 2, 0, 5, 415.75, 269094, 245, 5, 0
645, 7, 248, 392, 137, 0, 60.20%, 2, 0, 5, 414.48, 271210, 245, 5, 0
650, 7, 263, 393, 134, 0, 60.20%, 2, 0, 5, 405.51, 273286, 245, 5, 0
655, 7, 287, 393, 129, 0, 60.20%, 2, 0, 5, 416.20, 275282, 245, 5, 0
660, 7, 335, 393, 124, 0, 60.20%, 2, 0, 5, 430.39, 277420, 245, 5, 0
666, 7, 363, 394, 118, 0, 60.20%, 2, 0, 5, 413.70, 279477, 245, 5, 0
671, 7, 380, 394, 115, 0, 60.20%, 2, 0, 5, 412.22, 281513, 245, 5, 0
676, 7, 394, 395, 114, 1, 60.44%, 2, 0, 5, 436.04, 283609, 246, 5, 0
681, 8, 21, 396, 114, 0, 60.44%, 2, 0, 5, 434.21, 285861, 246, 5, 0
686, 8, 123, 396, 109, 0, 60.44%, 2, 0, 5, 413.30, 287823, 246, 5, 0
691, 8, 184, 396, 105, 0, 60.44%, 2, 0, 5, 418.29, 289926, 246, 6, 0
696, 8, 235, 397, 101, 0, 60.44%, 2, 0, 5, 405.23, 291954, 246, 6, 0
701, 8, 281, 397, 97, 0, 60.44%, 2, 0, 5, 414.10, 294080, 246, 6, 0
706, 8, 316, 397, 91, 0, 60.44%, 2, 0, 5, 425.29, 296282, 246, 6, 0
711, 8, 350, 397, 89, 0, 60.44%, 2, 0, 5, 381.41, 298266, 246, 6, 0
716, 8, 377, 397, 85, 0, 60.44%, 2, 0, 5, 406.89, 300371, 246, 6, 0
721, 8, 389, 399, 85, 0, 60.44%, 2, 0, 5, 410.75, 302377, 246, 6, 0
726, 8, 395, 400, 85, 0, 60.44%, 2, 0, 5, 424.41, 304496, 246, 6, 0
732, 9, 126, 400, 81, 0, 60.44%, 2, 0, 5, 407.30, 306605, 246, 6, 0
737, 9, 181, 400, 77, 0, 60.44%, 2, 0, 5, 407.43, 308578, 246, 8, 0
742, 9, 220, 400, 74, 0, 60.44%, 2, 0, 5, 419.22, 310805, 246, 8, 0
747, 9, 278, 401, 71, 0, 60.44%, 2, 0, 5, 419.11, 312934, 246, 8, 0
752, 9, 333, 401, 68, 0, 60.44%, 2, 0, 5, 438.38, 315206, 246, 8, 0
757, 9, 372, 402, 67, 0, 60.44%, 2, 0, 5, 378.94, 317077, 246, 8, 0
762, 9, 398, 403, 65, 0, 60.44%, 2, 0, 5, 354.14, 318935, 246, 8, 0
767, 9, 403, 406, 66, 0, 60.44%, 2, 0, 5, 374.60, 320882, 246, 8, 0
772, 9, 403, 407, 67, 0, 60.44%, 2, 0, 5, 389.89, 322968, 246, 8, 0
778, 10, 372, 408, 67, 1, 60.69%, 2, 0, 5, 400.55, 325006, 247, 8, 0
783, 11, 29, 409, 67, 0, 60.69%, 2, 0, 5, 419.64, 327137, 247, 8, 0
788, 11, 123, 409, 65, 0, 60.69%, 2, 0, 5, 391.17, 329100, 247, 8, 0
793, 11, 181, 409, 61, 0, 60.69%, 2, 0, 5, 462.77, 331520, 247, 8, 0
798, 11, 251, 409, 59, 0, 60.69%, 2, 0, 5, 435.78, 333735, 247, 8, 0
803, 11, 296, 409, 57, 0, 60.69%, 2, 0, 5, 426.92, 335890, 247, 8, 0
808, 11, 348, 409, 54, 0, 60.69%, 2, 0, 5, 445.17, 338195, 247, 8, 0
813, 11, 391, 409, 53, 0, 60.69%, 2, 0, 5, 411.79, 340301, 247, 8, 0
818, 11, 402, 410, 50, 0, 60.69%, 2, 0, 5, 409.60, 342360, 247, 8, 0
823, 11, 406, 410, 48, 0, 60.69%, 2, 0, 5, 399.23, 344296, 247, 8, 0
828, 11, 410, 411, 48, 1, 60.93%, 2, 0, 5, 427.90, 346496, 248, 8, 0
833, 12, 98, 411, 46, 0, 60.93%, 2, 0, 5, 418.34, 348565, 248, 8, 0
839, 12, 187, 411, 45, 0, 60.93%, 3, 0, 5, 471.92, 350968, 248, 10, 0
844, 12, 260, 411, 44, 0, 60.93%, 3, 0, 5, 451.06, 353175, 248, 10, 0
849, 12, 300, 412, 43, 0, 60.93%, 3, 0, 5, 440.95, 355385, 248, 10, 0
854, 12, 368, 412, 43, 0, 60.93%, 3, 0, 5, 419.64, 357595, 248, 10, 0
859, 12, 411, 412, 42, 0, 60.93%, 3, 0, 5, 430.91, 359859, 248, 10, 0
864, 13, 69, 412, 41, 0, 60.93%, 3, 0, 5, 431.33, 362103, 248, 10, 0
869, 13, 149, 412, 38, 0, 60.93%, 3, 0, 5, 417.08, 364207, 248, 12, 0
874, 13, 212, 412, 37, 0, 60.93%, 3, 0, 5, 395.37, 366311, 248, 12, 0
879, 13, 287, 412, 35, 0, 60.93%, 3, 0, 5, 398.18, 368328, 248, 12, 0
884, 13, 332, 412, 33, 0, 60.93%, 3, 0, 5, 420.60, 370497, 248, 12, 0
890, 13, 394, 412, 31, 0, 60.93%, 3, 0, 5, 443.50, 372785, 248, 12, 0
895, 14, 95, 413, 30, 0, 60.93%, 3, 0, 5, 441.23, 375050, 248, 12, 0
900, 14, 181, 413, 27, 0, 60.93%, 3, 0, 5, 424.87, 377291, 248, 13, 0
905, 14, 259, 413, 26, 0, 60.93%, 3, 0, 5, 411.34, 379331, 248, 13, 0
906, 14, 273, 413, 24, 0, 60.93%, 3, 0, 5, 424.60, 380073, 248, 13, 0
