# relative_time, cycles_done, cur_item, corpus_count, pending_total, pending_favs, map_size, saved_crashes, saved_hangs, max_depth, execs_per_sec, total_execs, edges_found, total_crashes, servers_count
60, 0, 9, 70, 65, 5, 30.71%, 0, 0, 2, 441.12, 28259, 125, 0, 0
66, 0, 9, 71, 66, 5, 30.71%, 0, 0, 2, 460.51, 30625, 125, 0, 0
71, 0, 9, 71, 66, 5, 30.71%, 0, 0, 2, 445.92, 32850, 125, 0, 0
76, 0, 9, 72, 67, 5, 30.71%, 0, 0, 2, 447.67, 35089, 125, 0, 0
81, 0, 9, 73, 68, 5, 30.71%, 0, 0, 2, 479.51, 37552, 125, 0, 0
86, 0, 9, 74, 69, 5, 30.71%, 0, 0, 2, 482.50, 39962, 125, 0, 0
91, 0, 9, 74, 69, 5, 30.71%, 0, 0, 2, 452.17, 42249, 125, 0, 0
96, 0, 9, 74, 69, 5, 30.71%, 0, 0, 2, 454.99, 44499, 125, 0, 0
101, 0, 9, 74, 69, 5, 30.71%, 0, 0, 2, 456.11, 46848, 125, 0, 0
106, 0, 9, 75, 70, 5, 30.71%, 0, 0, 2, 456.44, 49177, 125, 0, 0
111, 0, 9, 75, 70, 5, 30.71%, 0, 0, 2, 439.44, 51440, 125, 0, 0
116, 0, 9, 75, 70, 5, 30.71%, 0, 0, 2, 421.79, 53568, 125, 0, 0
121, 0, 47, 177, 171, 38, 44.47%, 0, 0, 2, 404.89, 55590, 181, 0, 0
126, 0, 101, 178, 164, 31, 44.72%, 0, 0, 3, 433.36, 57845, 182, 0, 0
131, 0, 81, 182, 167, 31, 44.72%, 0, 0, 3, 449.36, 60089, 182, 0, 0
137, 0, 162, 183, 166, 29, 44.72%, 0, 0, 3, 408.67, 62108, 182, 0, 0
142, 0, 162, 183, 166, 29, 44.72%, 0, 0, 3, 440.33, 64416, 182, 0, 0
147, 0, 179, 183, 164, 27, 44.72%, 0, 0, 3, 438.12, 66626, 182, 0, 0
152, 0, 99, 183, 161, 24, 44.72%, 0, 0, 3, 439.97, 68853, 182, 0, 0
157, 0, 164, 183, 159, 22, 44.72%, 0, 0, 3, 432.88, 71070, 182, 0, 0
162, 0, 164, 200, 176, 22, 44.96%, 0, 0, 3, 432.22, 73264, 183, 0, 0
167, 0, 183, 200, 173, 22, 44.96%, 0, 0, 3, 471.38, 75600, 183, 0, 0
172, 0, 0, 201, 171, 20, 44.96%, 0, 0, 3, 669.90, 79233, 183, 0, 0
177, 0, 128, 202, 167, 16, 45.45%, 0, 0, 3, 716.44, 82998, 185, 0, 0
182, 0, 128, 217, 182, 16, 46.19%, 0, 0, 3, 663.57, 86329, 188, 0, 0
187, 0, 128, 219, 184, 16, 46.44%, 0, 0, 3, 476.56, 88475, 189, 0, 0
192, 0, 128, 220, 185, 16, 46.44%, 0, 0, 3, 466.30, 90786, 189, 0, 0
197, 0, 220, 223, 187, 19, 46.44%, 0, 0, 3, 461.33, 93112, 189, 0, 0
202, 0, 219, 223, 184, 16, 46.44%, 0, 0, 3, 433.15, 95325, 189, 0, 0
207, 0, 169, 228, 184, 12, 46.44%, 0, 0, 4, 474.47, 97775, 189, 0, 0
212, 0, 169, 233, 189, 12, 46.44%, 0, 0, 4, 437.26, 100008, 189, 0, 0
217, 0, 169, 237, 193, 12, 46.44%, 0, 0, 4, 438.44, 102252, 189, 0, 0
223, 0, 169, 238, 194, 12, 46.44%, 0, 0, 4, 452.15, 104505, 189, 0, 0
228, 0, 153, 238, 190, 9, 46.44%, 0, 0, 4, 440.31, 106708, 189, 0, 0
233, 0, 83, 245, 194, 7, 46.44%, 0, 0, 4, 445.23, 108970, 189, 0, 0
238, 0, 240, 251, 199, 6, 46.44%, 0, 0, 4, 445.35, 111240, 189, 0, 0
243, 0, 240, 256, 204, 6, 46.44%, 0, 0, 4, 437.80, 113409, 189, 0, 0
248, 0, 240, 258, 206, 6, 46.44%, 0, 0, 4, 445.02, 115657, 189, 0, 0
253, 0, 240, 262, 210, 6, 46.44%, 0, 0, 4, 442.40, 117917, 189, 0, 0
258, 0, 240, 263, 211, 6, 46.44%, 0, 0, 4, 431.25, 120132, 189, 0, 0
263, 0, 240, 264, 212, 6, 46.44%, 0, 0, 4, 432.55, 122307, 189, 0, 0
268, 0, 8, 265, 212, 6, 46.44%, 0, 0, 4, 442.59, 124572, 189, 0, 0
273, 0, 8, 265, 212, 6, 46.44%, 0, 0, 4, 401.06, 126532, 189, 0, 0
278, 0, 8, 265, 212, 6, 46.44%, 0, 0, 4, 405.03, 128604, 189, 0, 0
283, 0, 8, 265, 212, 6, 46.44%, 0, 0, 4, 384.92, 130581, 189, 0, 0
288, 0, 26, 266, 209, 3, 46.68%, 0, 0, 4, 437.24, 132846, 190, 0, 0
293, 0, 129, 266, 205, 0, 46.68%, 0, 0, 4, 440.46, 135060, 190, 0, 0
299, 0, 248, 266, 203, 0, 46.68%, 0, 0, 4, 448.87, 137363, 190, 0, 0
304, 0, 211, 267, 201, 0, 46.68%, 0, 0, 4, 419.53, 139416, 190, 0, 0
309, 0, 199, 268, 199, 0, 46.68%, 0, 0, 4, 451.04, 141791, 190, 0, 0
314, 0, 158, 268, 198, 0, 46.68%, 0, 0, 4, 422.91, 143875, 190, 0, 0
319, 0, 3, 268, 194, 0, 46.68%, 0, 0, 4, 419.65, 145978, 190, 0, 0
324, 0, 102, 268, 193, 0, 46.68%, 0, 0, 4, 460.83, 148267, 190, 0, 0
329, 0, 47, 268, 191, 0, 46.68%, 0, 0, 4, 457.61, 150628, 190, 0, 0
334, 0, 183, 272, 195, 0, 46.68%, 0, 0, 4, 435.34, 152870, 190, 0, 0
339, 0, 141, 274, 195, 0, 46.68%, 0, 0, 4, 468.79, 155224, 190, 0, 0
344, 0, 3, 275, 191, 0, 46.68%, 0, 0, 4, 437.87, 157478, 190, 0, 0
349, 0, 82, 275, 189, 0, 46.68%, 0, 0, 4, 429.73, 159637, 190, 0, 0
355, 0, 252, 276, 187, 0, 46.68%, 0, 0, 4, 437.92, 161899, 190, 0, 0
360, 0, 246, 276, 184, 0, 46.68%, 0, 0, 4, 428.04, 163998, 190, 0, 0
365, 0, 247, 278, 185, 0, 46.68%, 0, 0, 4, 429.16, 166210, 190, 0, 0
370, 0, 277, 279, 184, 0, 46.68%, 0, 0, 4, 436.94, 168428, 190, 0, 0
375, 0, 260, 279, 182, 0, 46.68%, 0, 0, 4, 437.33, 170695, 190, 0, 0
380, 0, 274, 279, 179, 0, 46.68%, 0, 0, 4, 447.16, 172935, 190, 0, 0
385, 0, 86, 279, 176, 0, 46.68%, 0, 0, 4, 448.98, 175157, 190, 0, 0
390, 0, 255, 280, 175, 0, 46.68%, 0, 0, 4, 455.96, 177450, 190, 0, 0
395, 0, 255, 286, 181, 0, 47.17%, 0, 0, 4, 444.08, 179741, 192, 0, 0
400, 0, 255, 286, 181, 0, 47.17%, 0, 0, 4, 447.57, 181925, 192, 0, 0
405, 0, 281, 286, 180, 1, 47.17%, 0, 0, 4, 437.60, 184085, 192, 0, 0
410, 0, 80, 286, 177, 0, 47.17%, 0, 0, 4, 436.52, 186300, 192, 0, 0
415, 0, 0, 287, 176, 0, 47.17%, 0, 0, 4, 418.27, 188382, 192, 0, 0
420, 0, 288, 289, 176, 1, 47.42%, 0, 0, 4, 443.81, 190628, 193, 0, 0
425, 0, 188, 289, 173, 0, 47.42%, 0, 0, 4, 417.78, 192716, 193, 0, 0
430, 0, 13, 289, 171, 0, 47.42%, 0, 0, 4, 406.33, 194737, 193, 0, 0
436, 0, 207, 289, 170, 0, 47.42%, 0, 0, 4, 411.25, 196770, 193, 0, 0
441, 0, 112, 290, 170, 0, 47.42%, 0, 0, 4, 372.04, 198550, 193, 0, 0
446, 0, 142, 290, 168, 0, 47.42%, 0, 0, 4, 414.05, 200674, 193, 0, 0
451, 0, 277, 291, 167, 0, 47.42%, 0, 0, 4, 467.90, 203035, 193, 0, 0
456, 1, 47, 291, 164, 0, 47.42%, 0, 0, 4, 486.80, 205634, 193, 0, 0
461, 1, 185, 291, 159, 0, 47.42%, 0, 0, 4, 444.37, 207819, 193, 0, 0
466, 1, 62, 292, 156, 0, 47.42%, 0, 0, 4, 423.48, 209918, 193, 0, 0
471, 1, 286, 292, 153, 0, 47.42%, 0, 0, 4, 404.58, 211952, 193, 0, 0
476, 1, 250, 293, 151, 0, 47.42%, 0, 0, 4, 424.75, 214116, 193, 0, 0
481, 1, 38, 294, 149, 0, 47.42%, 0, 0, 4, 413.11, 216246, 193, 0, 0
487, 1, 214, 294, 143, 0, 47.42%, 0, 0, 4, 447.40, 218610, 193, 0, 0
492, 1, 194, 294, 140, 0, 47.42%, 0, 0, 4, 417.63, 220653, 193, 0, 0
497, 1, 124, 294, 138, 0, 47.42%, 0, 0, 4, 429.24, 222900, 193, 0, 0
502, 1, 98, 294, 136, 0, 47.42%, 0, 0, 4, 427.73, 225051, 193, 0, 0
507, 1, 268, 295, 135, 0, 47.67%, 0, 0, 4, 440.95, 227312, 194, 0, 0
512, 1, 292, 295, 130, 0, 47.67%, 0, 0, 4, 423.36, 229447, 194, 0, 0
517, 1, 25, 296, 127, 0, 47.67%, 0, 0, 4, 445.78, 231692, 194, 0, 0
522, 1, 10, 296, 124, 0, 47.67%, 0, 0, 4, 427.82, 233853, 194, 0, 0
527, 1, 85, 296, 121, 0, 47.67%, 0, 0, 4, 442.74, 236059, 194, 0, 0
532, 1, 195, 296, 119, 0, 47.67%, 0, 0, 4, 428.42, 238239, 194, 0, 0
537, 1, 116, 296, 117, 0, 47.67%, 0, 0, 4, 424.26, 240437, 194, 0, 0
542, 1, 67, 296, 113, 0, 47.67%, 0, 0, 4, 413.10, 242553, 194, 0, 0
547, 1, 256, 296, 110, 0, 47.67%, 0, 0, 4, 432.77, 244766, 194, 0, 0
553, 1, 197, 296, 105, 0, 47.67%, 0, 0, 4, 434.00, 246972, 194, 0, 0
558, 1, 107, 296, 103, 0, 47.67%, 0, 0, 4, 453.65, 249297, 194, 0, 0
563, 1, 142, 296, 100, 0, 47.67%, 0, 0, 4, 448.64, 251560, 194, 0, 0
568, 1, 183, 298, 99, 0, 47.67%, 0, 0, 4, 427.74, 253734, 194, 0, 0
573, 1, 257, 298, 96, 0, 47.67%, 0, 0, 4, 434.55, 255982, 194, 0, 0
578, 1, 232, 298, 94, 0, 47.67%, 0, 0, 4, 435.82, 258226, 194, 0, 0
583, 1, 237, 301, 94, 0, 47.67%, 0, 0, 4, 438.54, 260455, 194, 0, 0
588, 1, 84, 301, 89, 0, 47.67%, 0, 0, 4, 443.65, 262666, 194, 0, 0
593, 1, 54, 301, 87, 0, 47.67%, 0, 0, 4, 431.54, 264782, 194, 0, 0
598, 1, 113, 301, 84, 0, 47.67%, 0, 0, 4, 434.34, 266940, 194, 0, 0
603, 1, 285, 301, 80, 0, 47.67%, 0, 0, 4, 441.53, 269183, 194, 0, 0
608, 1, 119, 302, 80, 0, 47.67%, 0, 0, 5, 433.96, 271400, 194, 0, 0
613, 1, 162, 302, 77, 0, 47.67%, 0, 0, 5, 420.19, 273524, 194, 0, 0
618, 1, 67, 302, 75, 0, 47.67%, 0, 0, 5, 432.11, 275604, 194, 0, 0
624, 1, 99, 302, 73, 0, 47.67%, 0, 0, 5, 420.96, 277710, 194, 0, 0
629, 1, 262, 302, 70, 0, 47.67%, 0, 0, 5, 429.83, 279897, 194, 0, 0
634, 1, 111, 302, 68, 0, 47.67%, 0, 0, 5, 446.76, 282178, 194, 0, 0
639, 1, 297, 304, 68, 0, 47.91%, 0, 0, 5, 444.22, 284351, 195, 0, 0
644, 1, 301, 304, 64, 0, 47.91%, 0, 0, 5, 434.98, 286528, 195, 0, 0
649, 1, 175, 307, 65, 0, 47.91%, 0, 0, 5, 465.55, 288881, 195, 0, 0
654, 1, 175, 309, 67, 0, 48.16%, 0, 0, 5, 416.04, 290923, 196, 0, 0
659, 1, 240, 309, 64, 0, 48.16%, 0, 0, 5, 442.43, 293213, 196, 0, 0
664, 1, 244, 309, 62, 0, 48.16%, 0, 0, 5, 432.89, 295383, 196, 0, 0
669, 1, 87, 309, 58, 0, 48.16%, 0, 0, 5, 444.95, 297610, 196, 0, 0
674, 1, 278, 309, 56, 0, 48.16%, 0, 0, 5, 431.74, 299743, 196, 0, 0
679, 1, 295, 309, 52, 0, 48.16%, 0, 0, 5, 421.76, 301889, 196, 0, 0
685, 1, 157, 309, 50, 0, 48.16%, 0, 0, 5, 442.12, 304130, 196, 0, 0
690, 1, 270, 310, 48, 0, 48.16%, 0, 0, 5, 436.37, 306328, 196, 0, 0
695, 1, 53, 310, 44, 0, 48.16%, 0, 0, 5, 448.65, 308616, 196, 0, 0
700, 1, 180, 310, 39, 0, 48.16%, 0, 0, 5, 426.69, 310767, 196, 0, 0
705, 2, 325, 421, 149, 19, 60.20%, 0, 0, 5, 430.89, 312949, 245, 0, 0
710, 2, 348, 421, 147, 17, 60.20%, 0, 0, 5, 446.82, 315241, 245, 0, 0
715, 2, 323, 422, 147, 16, 60.20%, 0, 0, 5, 451.45, 317501, 245, 0, 0
720, 2, 365, 422, 145, 14, 60.20%, 0, 0, 5, 438.15, 319730, 245, 0, 0
725, 2, 390, 422, 143, 12, 60.20%, 0, 0, 5, 439.92, 321985, 245, 0, 0
730, 2, 419, 422, 142, 11, 60.20%, 0, 0, 5, 429.77, 324181, 245, 0, 0
735, 2, 416, 422, 141, 10, 60.20%, 0, 0, 5, 412.37, 326243, 245, 0, 0
740, 2, 364, 422, 139, 8, 60.20%, 0, 0, 5, 428.26, 328401, 245, 0, 0
746, 2, 320, 422, 138, 7, 60.20%, 0, 0, 5, 416.20, 330552, 245, 0, 0
751, 2, 384, 422, 135, 5, 60.20%, 0, 0, 5, 429.91, 332762, 245, 0, 0
756, 2, 321, 422, 133, 3, 60.20%, 0, 0, 5, 413.76, 334942, 245, 0, 0
761, 2, 370, 422, 131, 1, 60.20%, 0, 0, 5, 426.52, 337109, 245, 0, 0
766, 2, 402, 422, 129, 0, 60.20%, 0, 0, 5, 433.57, 339313, 245, 0, 0
771, 2, 415, 422, 127, 0, 60.20%, 0, 0, 5, 439.05, 341542, 245, 0, 0
776, 2, 224, 422, 125, 0, 60.20%, 0, 0, 5, 432.39, 343743, 245, 0, 0
781, 2, 406, 422, 122, 0, 60.20%, 1, 0, 5, 446.33, 346016, 245, 1, 0
786, 2, 343, 422, 118, 0, 60.20%, 1, 0, 5, 455.16, 348331, 245, 1, 0
791, 2, 131, 423, 117, 0, 60.20%, 1, 0, 5, 431.97, 350500, 245, 1, 0
796, 2, 165, 423, 114, 0, 60.20%, 1, 0, 5, 436.88, 352670, 245, 1, 0
801, 2, 358, 423, 112, 0, 60.20%, 1, 0, 5, 431.24, 354766, 245, 1, 0
806, 2, 403, 423, 110, 0, 60.20%, 1, 0, 5, 448.55, 356971, 245, 1, 0
811, 2, 381, 423, 108, 0, 60.20%, 1, 0, 5, 457.06, 359344, 245, 1, 0
816, 2, 394, 426, 108, 1, 60.69%, 5, 0, 5, 454.62, 361622, 247, 6, 0
822, 2, 77, 426, 105, 0, 60.69%, 6, 0, 5, 463.90, 363941, 247, 9, 0
827, 2, 67, 426, 102, 0, 60.69%, 6, 0, 5, 442.22, 366150, 247, 9, 0
832, 2, 249, 426, 101, 0, 60.69%, 6, 0, 5, 430.15, 368275, 247, 9, 0
837, 2, 328, 426, 98, 0, 60.69%, 6, 0, 5, 436.88, 370510, 247, 9, 0
842, 2, 371, 427, 97, 0, 60.69%, 6, 0, 5, 434.47, 372731, 247, 9, 0
847, 2, 119, 427, 95, 0, 60.69%, 6, 0, 5, 395.96, 374708, 247, 9, 0
852, 2, 311, 427, 94, 0, 60.69%, 6, 0, 5, 404.18, 376718, 247, 9, 0
857, 2, 329, 427, 93, 0, 60.69%, 6, 0, 5, 403.59, 378780, 247, 9, 0
862, 2, 362, 427, 91, 0, 60.69%, 6, 0, 5, 401.56, 380849, 247, 9, 0
867, 2, 345, 427, 89, 0, 60.69%, 6, 0, 5, 421.41, 383002, 247, 9, 0
872, 2, 400, 427, 88, 0, 60.69%, 6, 0, 5, 434.82, 385232, 247, 9, 0
877, 2, 377, 428, 87, 0, 60.69%, 6, 0, 5, 445.94, 387473, 247, 9, 0
882, 2, 134, 428, 84, 0, 60.69%, 6, 0, 5, 421.62, 389568, 247, 9, 0
887, 2, 366, 428, 82, 0, 60.69%, 6, 0, 5, 422.71, 391689, 247, 9, 0
893, 2, 383, 428, 80, 0, 60.69%, 6, 0, 5, 417.98, 393758, 247, 9, 0
898, 2, 75, 428, 77, 0, 60.69%, 6, 0, 5, 464.11, 396184, 247, 9, 0
903, 2, 283, 428, 74, 0, 60.69%, 6, 0, 5, 446.99, 398399, 247, 9, 0
908, 2, 122, 428, 73, 0, 60.69%, 6, 0, 5, 435.85, 400564, 247, 9, 0
913, 2, 404, 428, 71, 0, 60.69%, 6, 0, 5, 459.03, 402852, 247, 9, 0
918, 2, 369, 428, 69, 0, 60.69%, 6, 0, 5, 423.09, 405025, 247, 9, 0
923, 2, 374, 428, 67, 0, 60.69%, 6, 0, 5, 441.59, 407283, 247, 9, 0
928, 2, 212, 428, 65, 0, 60.69%, 6, 0, 5, 466.35, 409658, 247, 9, 0
933, 2, 347, 428, 62, 0, 60.69%, 6, 0, 5, 454.11, 411942, 247, 9, 0
938, 2, 382, 428, 60, 0, 60.69%, 6, 0, 5, 465.10, 414292, 247, 9, 0
943, 2, 399, 428, 58, 0, 60.69%, 6, 0, 5, 460.48, 416557, 247, 9, 0
948, 2, 142, 428, 56, 0, 60.69%, 6, 0, 5, 464.09, 418849, 247, 9, 0
954, 2, 67, 428, 54, 0, 60.69%, 6, 0, 5, 463.34, 421153, 247, 9, 0
959, 2, 412, 428, 52, 0, 60.69%, 6, 0, 5, 443.13, 423396, 247, 9, 0
964, 2, 156, 428, 51, 0, 60.69%, 6, 0, 5, 445.37, 425650, 247, 10, 0
969, 2, 425, 428, 49, 0, 60.69%, 7, 0, 5, 430.17, 427859, 247, 14, 0
974, 2, 154, 428, 46, 0, 60.69%, 7, 0, 5, 442.15, 430080, 247, 14, 0
979, 2, 340, 428, 46, 0, 60.69%, 7, 0, 5, 488.52, 432567, 247, 14, 0
984, 2, 317, 429, 45, 0, 60.69%, 7, 0, 5, 432.82, 434735, 247, 14, 0
989, 2, 373, 429, 44, 0, 60.69%, 7, 0, 5, 441.42, 436950, 247, 14, 0
994, 2, 247, 430, 43, 0, 60.69%, 7, 0, 5, 439.92, 439154, 247, 14, 0
999, 2, 413, 430, 42, 0, 60.69%, 7, 0, 5, 462.99, 441514, 247, 14, 0
1004, 2, 350, 430, 40, 0, 60.69%, 7, 0, 5, 444.16, 443732, 247, 14, 0
1009, 2, 395, 430, 39, 0, 60.69%, 7, 0, 5, 463.84, 445997, 247, 14, 0
1014, 2, 238, 430, 38, 0, 60.69%, 8, 0, 5, 443.51, 448220, 247, 15, 0
1019, 2, 393, 430, 36, 0, 60.69%, 8, 0, 5, 439.51, 450415, 247, 15, 0
1024, 2, 41, 430, 34, 0, 60.69%, 8, 0, 5, 453.80, 452694, 247, 15, 0
1029, 2, 426, 430, 33, 0, 60.69%, 8, 0, 5, 437.72, 454896, 247, 16, 0
1034, 2, 15, 430, 31, 0, 60.69%, 8, 0, 5, 456.99, 457221, 247, 16, 0
1040, 2, 430, 431, 32, 1, 60.69%, 8, 0, 5, 446.38, 459502, 247, 18, 0
1045, 2, 162, 431, 30, 0, 60.69%, 9, 0, 5, 429.14, 461546, 247, 20, 0
1050, 2, 376, 431, 30, 0, 60.69%, 9, 0, 5, 427.73, 463662, 247, 20, 0
1055, 2, 109, 431, 28, 0, 60.69%, 9, 0, 5, 447.27, 465982, 247, 20, 0
1060, 3, 435, 436, 30, 1, 60.93%, 9, 0, 5, 443.63, 468182, 248, 21, 0
1065, 3, 140, 437, 29, 0, 60.93%, 9, 0, 5, 453.66, 470599, 248, 23, 0
1070, 3, 320, 437, 28, 0, 60.93%, 10, 0, 5, 413.68, 472709, 248, 24, 0
1075, 3, 47, 437, 27, 0, 60.93%, 10, 0, 5, 437.26, 474944, 248, 24, 0
1080, 3, 355, 437, 26, 0, 60.93%, 10, 0, 5, 451.97, 477197, 248, 24, 0
1085, 3, 179, 437, 24, 0, 60.93%, 10, 0, 5, 456.93, 479494, 248, 24, 0
1090, 3, 411, 437, 23, 0, 60.93%, 10, 0, 5, 457.83, 481789, 248, 24, 0
1096, 3, 430, 437, 22, 0, 60.93%, 10, 0, 5, 445.25, 483990, 248, 27, 0
1101, 3, 142, 437, 21, 0, 60.93%, 10, 0, 5, 427.62, 486159, 248, 27, 0
1106, 3, 224, 437, 21, 0, 60.93%, 10, 0, 5, 452.47, 488463, 248, 27, 0
1111, 3, 349, 437, 21, 0, 60.93%, 10, 0, 5, 437.21, 490583, 248, 27, 0
1116, 3, 67, 437, 19, 0, 60.93%, 10, 0, 5, 444.98, 492886, 248, 27, 0
1121, 3, 386, 437, 18, 0, 60.93%, 10, 0, 5, 444.58, 495139, 248, 27, 0
1126, 3, 368, 437, 16, 0, 60.93%, 10, 0, 5, 440.41, 497321, 248, 27, 0
1131, 3, 425, 437, 15, 0, 60.93%, 10, 0, 5, 444.00, 499618, 248, 28, 0
1136, 3, 237, 437, 14, 0, 60.93%, 10, 0, 5, 448.14, 501879, 248, 28, 0
1141, 3, 348, 437, 14, 0, 60.93%, 10, 0, 5, 462.06, 504239, 248, 28, 0
1146, 3, 206, 437, 14, 0, 60.93%, 10, 0, 5, 415.74, 506320, 248, 29, 0
1151, 3, 287, 437, 13, 0, 60.93%, 10, 0, 5, 429.38, 508501, 248, 31, 0
1156, 3, 273, 437, 13, 0, 60.93%, 10, 0, 5, 437.73, 510730, 248, 32, 0
1161, 3, 424, 437, 11, 0, 60.93%, 10, 0, 5, 434.83, 512971, 248, 35, 0
1166, 3, 437, 438, 12, 1, 61.18%, 10, 0, 5, 440.49, 515231, 249, 35, 0
1172, 3, 437, 439, 13, 1, 61.18%, 10, 0, 5, 445.83, 517546, 249, 35, 0
1177, 3, 424, 439, 11, 0, 61.18%, 10, 0, 5, 433.56, 519784, 249, 36, 0
1182, 3, 425, 439, 11, 0, 61.18%, 10, 0, 5, 440.59, 521973, 249, 41, 0
1187, 3, 224, 439, 11, 0, 61.18%, 10, 0, 5, 437.84, 524180, 249, 47, 0
1192, 3, 318, 439, 10, 0, 61.18%, 10, 0, 5, 439.29, 526399, 249, 47, 0
1197, 3, 240, 439, 10, 0, 61.18%, 10, 0, 5, 445.72, 528651, 249, 47, 0
1202, 3, 438, 439, 10, 0, 61.18%, 10, 0, 5, 430.37, 530802, 249, 47, 0
1207, 3, 33, 439, 9, 0, 61.18%, 10, 0, 5, 454.23, 533144, 249, 52, 0
1212, 3, 406, 439, 9, 0, 61.18%, 11, 0, 5, 443.63, 535387, 249, 57, 0
1217, 3, 390, 440, 9, 0, 61.18%, 11, 0, 5, 451.28, 537608, 249, 57, 0
1222, 3, 41, 440, 9, 0, 61.18%, 11, 0, 5, 423.40, 539726, 249, 58, 0
1227, 3, 7, 440, 8, 0, 61.18%, 11, 0, 5, 436.82, 541962, 249, 58, 0
1233, 4, 186, 440, 7, 0, 61.18%, 11, 0, 5, 409.99, 544034, 249, 58, 0
1238, 4, 36, 440, 6, 0, 61.18%, 11, 0, 5, 443.03, 546379, 249, 58, 0
1243, 4, 423, 440, 6, 0, 61.18%, 11, 0, 5, 427.91, 548580, 249, 60, 0
1248, 4, 240, 440, 6, 0, 61.18%, 11, 0, 5, 416.20, 550695, 249, 62, 0
1253, 4, 224, 440, 6, 0, 61.18%, 11, 0, 5, 433.52, 552877, 249, 62, 0
1258, 4, 318, 440, 5, 0, 61.18%, 11, 0, 5, 437.26, 555135, 249, 62, 0
1263, 4, 47, 440, 5, 0, 61.18%, 11, 0, 5, 445.03, 557375, 249, 62, 0
1268, 4, 437, 440, 5, 0, 61.18%, 11, 0, 5, 441.27, 559547, 249, 62, 0
1273, 4, 419, 440, 5, 0, 61.18%, 11, 0, 5, 431.00, 561812, 249, 66, 0
1278, 4, 308, 440, 5, 0, 61.18%, 11, 0, 5, 445.01, 564029, 249, 70, 0
1283, 4, 177, 440, 5, 0, 61.18%, 11, 0, 5, 418.15, 566120, 249, 70, 0
1289, 4, 250, 440, 5, 0, 61.18%, 11, 0, 5, 432.96, 568352, 249, 70, 0
1294, 4, 183, 440, 4, 0, 61.18%, 11, 0, 5, 416.30, 570485, 249, 70, 0
1299, 4, 308, 440, 3, 0, 61.18%, 11, 0, 5, 429.29, 572679, 249, 71, 0
1304, 4, 308, 440, 2, 0, 61.18%, 11, 0, 5, 430.54, 574884, 249, 71, 0
1309, 4, 425, 440, 2, 0, 61.18%, 11, 0, 5, 418.43, 576995, 249, 77, 0
1314, 4, 237, 440, 2, 0, 61.18%, 11, 0, 5, 422.73, 579227, 249, 77, 0
1319, 4, 47, 440, 2, 0, 61.18%, 11, 0, 5, 427.10, 581422, 249, 77, 0
1324, 4, 7, 440, 2, 0, 61.18%, 11, 0, 5, 421.01, 583492, 249, 77, 0
1329, 4, 263, 440, 2, 0, 61.18%, 11, 0, 5, 411.39, 585568, 249, 77, 0
1334, 4, 435, 440, 2, 0, 61.18%, 11, 0, 5, 424.87, 587730, 249, 77, 0
1339, 4, 224, 440, 2, 0, 61.18%, 11, 0, 5, 422.49, 589923, 249, 80, 0
1344, 4, 322, 440, 2, 0, 61.18%, 11, 0, 5, 420.16, 592025, 249, 80, 0
1349, 4, 224, 441, 3, 0, 61.43%, 11, 0, 5, 437.86, 594240, 250, 83, 0
1354, 4, 430, 441, 2, 0, 61.43%, 11, 0, 5, 433.77, 596556, 250, 83, 0
1359, 4, 440, 441, 2, 0, 61.43%, 11, 0, 5, 442.80, 598720, 250, 86, 0
1364, 4, 440, 442, 3, 0, 61.43%, 11, 0, 5, 427.70, 600847, 250, 86, 0
1370, 5, 425, 443, 4, 0, 61.43%, 11, 0, 5, 422.42, 603058, 250, 86, 0
1375, 5, 179, 443, 3, 0, 61.43%, 11, 0, 5, 403.86, 605060, 250, 89, 0
1380, 5, 206, 443, 3, 0, 61.43%, 11, 0, 5, 447.00, 607365, 250, 89, 0
1385, 5, 83, 443, 3, 0, 61.43%, 11, 0, 5, 420.27, 609483, 250, 89, 0
1390, 5, 323, 443, 3, 0, 61.43%, 11, 0, 5, 394.14, 611552, 250, 93, 0
1395, 5, 237, 443, 3, 0, 61.43%, 11, 0, 5, 403.72, 613646, 250, 93, 0
1400, 5, 183, 443, 3, 0, 61.43%, 11, 0, 5, 417.15, 615762, 250, 95, 0
1405, 5, 237, 443, 3, 0, 61.43%, 11, 0, 5, 383.99, 617597, 250, 95, 0
1410, 5, 331, 443, 2, 0, 61.43%, 11, 0, 5, 433.55, 619798, 250, 99, 0
1415, 5, 417, 443, 2, 0, 61.43%, 11, 0, 5, 411.33, 621886, 250, 99, 0
1421, 5, 8, 443, 2, 0, 61.43%, 11, 0, 5, 426.77, 624079, 250, 99, 0
1426, 5, 11, 443, 2, 0, 61.43%, 11, 0, 5, 432.03, 626224, 250, 99, 0
1431, 5, 425, 443, 2, 0, 61.43%, 11, 0, 5, 430.04, 628352, 250, 101, 0
1436, 5, 47, 443, 2, 0, 61.43%, 11, 0, 5, 441.62, 630622, 250, 101, 0
1441, 5, 323, 443, 2, 0, 61.43%, 11, 0, 5, 439.90, 632781, 250, 101, 0
1446, 5, 432, 443, 2, 0, 61.43%, 11, 0, 5, 441.00, 635039, 250, 106, 0
1451, 5, 186, 443, 1, 0, 61.43%, 11, 0, 5, 446.51, 637269, 250, 106, 0
1456, 5, 27, 443, 1, 0, 61.43%, 12, 0, 5, 439.99, 639437, 250, 110, 0
1461, 5, 287, 443, 1, 0, 61.43%, 12, 0, 5, 418.22, 641506, 250, 110, 0
1466, 5, 425, 443, 1, 0, 61.43%, 12, 0, 5, 411.21, 643585, 250, 115, 0
1471, 5, 303, 443, 1, 0, 61.43%, 12, 0, 5, 417.50, 645674, 250, 115, 0
1476, 5, 411, 443, 1, 0, 61.43%, 12, 0, 5, 429.94, 647881, 250, 115, 0
1481, 5, 425, 443, 1, 0, 61.43%, 12, 0, 5, 445.46, 650163, 250, 118, 0
1486, 5, 92, 443, 1, 0, 61.43%, 12, 0, 5, 453.51, 652455, 250, 120, 0
1492, 5, 240, 443, 1, 0, 61.43%, 12, 0, 5, 439.00, 654643, 250, 121, 0
1497, 6, 284, 445, 3, 0, 61.43%, 12, 0, 5, 433.34, 656833, 250, 122, 0
1502, 6, 444, 445, 3, 0, 61.43%, 12, 0, 5, 422.75, 658996, 250, 122, 0
1507, 6, 303, 445, 2, 0, 61.43%, 12, 0, 5, 416.20, 661222, 250, 122, 0
1512, 6, 424, 445, 2, 0, 61.43%, 12, 0, 5, 431.37, 663412, 250, 123, 0
1517, 6, 162, 445, 2, 0, 61.43%, 12, 0, 5, 437.37, 665648, 250, 123, 0
1522, 6, 237, 445, 1, 0, 61.43%, 12, 0, 5, 457.14, 667964, 250, 123, 0
1527, 6, 294, 445, 1, 0, 61.43%, 12, 0, 5, 445.17, 670226, 250, 126, 0
1532, 6, 424, 445, 1, 0, 61.43%, 12, 0, 5, 432.97, 672420, 250, 126, 0
1537, 6, 261, 445, 1, 0, 61.43%, 12, 0, 5, 435.08, 674574, 250, 126, 0
1542, 6, 408, 445, 1, 0, 61.43%, 12, 0, 5, 434.61, 676750, 250, 126, 0
1547, 6, 384, 445, 1, 0, 61.43%, 12, 0, 5, 417.19, 678871, 250, 127, 0
1553, 6, 425, 445, 1, 0, 61.43%, 12, 0, 5, 437.55, 681096, 250, 129, 0
1558, 6, 419, 445, 1, 0, 61.43%, 12, 0, 5, 439.07, 683296, 250, 133, 0
1563, 6, 440, 445, 1, 0, 61.43%, 12, 0, 5, 425.21, 685460, 250, 135, 0
1568, 6, 318, 445, 1, 0, 61.43%, 12, 0, 5, 429.09, 687628, 250, 135, 0
1573, 6, 396, 445, 0, 0, 61.43%, 12, 0, 5, 431.00, 689828, 250, 135, 0
1578, 6, 425, 445, 0, 0, 61.43%, 12, 0, 5, 453.45, 692178, 250, 142, 0
1583, 6, 235, 445, 0, 0, 61.43%, 12, 0, 5, 434.23, 694358, 250, 148, 0
1588, 6, 425, 445, 0, 0, 61.43%, 12, 0, 5, 427.53, 696537, 250, 150, 0
1593, 6, 419, 446, 0, 0, 61.67%, 12, 0, 5, 459.24, 698855, 251, 150, 0
1598, 6, 321, 446, 0, 0, 61.67%, 12, 0, 5, 456.73, 701205, 251, 150, 0
1603, 6, 322, 446, 0, 0, 61.67%, 12, 0, 5, 456.85, 703527, 251, 152, 0
1609, 6, 440, 446, 0, 0, 61.67%, 12, 0, 5, 457.78, 705850, 251, 152, 0
1614, 6, 430, 446, 0, 0, 61.67%, 12, 0, 5, 440.49, 708058, 251, 152, 0
1619, 6, 416, 446, 0, 0, 61.67%, 12, 0, 5, 448.81, 710329, 251, 152, 0
1624, 7, 348, 449, 3, 0, 61.67%, 12, 0, 5, 411.41, 712411, 251, 153, 0
1629, 7, 447, 449, 2, 0, 61.67%, 12, 0, 5, 429.68, 714608, 251, 154, 0
1634, 7, 142, 449, 1, 0, 61.67%, 12, 0, 5, 423.92, 716739, 251, 154, 0
1639, 7, 425, 449, 1, 0, 61.67%, 12, 0, 5, 435.03, 718972, 251, 155, 0
1644, 7, 240, 449, 1, 0, 61.67%, 12, 0, 5, 447.58, 721299, 251, 157, 0
1649, 7, 348, 449, 1, 0, 61.67%, 12, 0, 5, 453.00, 723550, 251, 157, 0
1654, 7, 192, 449, 1, 0, 61.67%, 12, 0, 5, 429.68, 725709, 251, 157, 0
1659, 7, 294, 449, 1, 0, 61.67%, 12, 0, 5, 449.00, 727968, 251, 157, 0
1664, 7, 445, 450, 2, 0, 61.67%, 12, 0, 6, 443.21, 730204, 251, 157, 0
1669, 7, 303, 451, 1, 0, 61.67%, 12, 0, 7, 432.23, 732422, 251, 157, 0
1674, 7, 402, 451, 1, 0, 61.67%, 12, 0, 7, 392.57, 734403, 251, 157, 0
1679, 7, 430, 451, 1, 0, 61.67%, 12, 0, 7, 410.46, 736525, 251, 157, 0
1685, 7, 41, 451, 0, 0, 61.67%, 12, 0, 7, 412.40, 738623, 251, 157, 0
1690, 7, 240, 451, 0, 0, 61.67%, 12, 0, 7, 418.45, 740816, 251, 157, 0
1695, 7, 425, 451, 0, 0, 61.67%, 12, 0, 7, 432.89, 742971, 251, 157, 0
1700, 7, 240, 451, 0, 0, 61.67%, 12, 0, 7, 432.00, 745119, 251, 159, 0
1705, 7, 437, 451, 0, 0, 61.67%, 12, 0, 7, 450.05, 747518, 251, 159, 0
1710, 7, 142, 451, 0, 0, 61.67%, 12, 0, 7, 443.49, 749757, 251, 159, 0
1715, 7, 303, 451, 0, 0, 61.67%, 12, 0, 7, 452.44, 752032, 251, 162, 0
1720, 7, 325, 451, 0, 0, 61.67%, 12, 0, 7, 440.29, 754263, 251, 163, 0
1725, 7, 449, 451, 0, 0, 61.67%, 12, 0, 7, 460.84, 756514, 251, 168, 0
1730, 7, 449, 453, 2, 0, 61.92%, 12, 0, 7, 450.73, 758728, 252, 168, 0
1735, 7, 416, 453, 1, 0, 61.92%, 12, 0, 7, 457.31, 761081, 252, 168, 0
1740, 7, 364, 453, 0, 0, 61.92%, 12, 0, 7, 439.48, 763247, 252, 169, 0
1745, 7, 240, 453, 0, 0, 61.92%, 12, 0, 7, 437.61, 765468, 252, 170, 0
1751, 7, 451, 454, 1, 0, 61.92%, 12, 0, 8, 450.99, 767899, 252, 170, 0
1756, 7, 440, 454, 0, 0, 61.92%, 12, 0, 8, 445.05, 770195, 252, 170, 0
1761, 7, 287, 454, 0, 0, 61.92%, 12, 0, 8, 435.80, 772392, 252, 172, 0
1766, 7, 56, 454, 0, 0, 61.92%, 12, 0, 8, 438.55, 774603, 252, 172, 0
1771, 7, 453, 456, 2, 0, 63.14%, 12, 0, 9, 461.46, 776912, 257, 172, 0
1776, 7, 453, 457, 3, 0, 63.14%, 12, 0, 9, 429.19, 778983, 257, 172, 0
1781, 7, 453, 457, 3, 0, 63.14%, 12, 0, 9, 447.53, 781247, 257, 172, 0
1786, 7, 453, 457, 3, 0, 63.14%, 12, 0, 9, 442.00, 783455, 257, 172, 0
1791, 7, 425, 457, 2, 0, 63.14%, 12, 0, 9, 462.80, 785849, 257, 173, 0
1796, 8, 459, 462, 7, 1, 63.39%, 12, 0, 9, 455.69, 788091, 258, 176, 0
1801, 8, 457, 462, 5, 0, 63.39%, 12, 0, 9, 433.46, 790304, 258, 176, 0
1805, 8, 419, 462, 4, 0, 63.39%, 12, 0, 9, 447.91, 791834, 258, 176, 0
