# relative_time, cycles_done, cur_item, corpus_count, pending_total, pending_favs, map_size, saved_crashes, saved_hangs, max_depth, execs_per_sec, total_execs, edges_found, total_crashes, servers_count
61, 0, 9, 93, 88, 4, 30.96%, 0, 0, 2, 353.84, 21560, 126, 0, 0
66, 0, 9, 95, 90, 4, 30.96%, 0, 0, 2, 347.14, 23341, 126, 0, 0
71, 0, 9, 98, 93, 4, 30.96%, 0, 0, 2, 337.56, 25073, 126, 0, 0
76, 0, 9, 98, 93, 4, 30.96%, 0, 0, 2, 327.84, 26795, 126, 0, 0
81, 0, 9, 98, 93, 4, 30.96%, 0, 0, 2, 346.98, 28590, 126, 0, 0
86, 0, 9, 100, 95, 4, 30.96%, 0, 0, 2, 300.54, 30026, 126, 0, 0
91, 0, 9, 101, 96, 4, 30.96%, 0, 0, 2, 345.98, 31725, 126, 0, 0
96, 0, 9, 101, 96, 4, 30.96%, 0, 0, 2, 442.15, 34057, 126, 0, 0
101, 0, 9, 102, 97, 4, 30.96%, 0, 0, 2, 423.63, 36192, 126, 0, 0
107, 0, 9, 102, 97, 4, 30.96%, 0, 0, 2, 445.40, 38480, 126, 0, 0
112, 0, 9, 103, 98, 4, 30.96%, 0, 0, 2, 456.59, 40835, 126, 0, 0
117, 0, 9, 104, 99, 4, 30.96%, 0, 0, 2, 455.73, 43128, 126, 0, 0
122, 0, 9, 104, 99, 4, 30.96%, 0, 0, 2, 426.36, 45279, 126, 0, 0
127, 0, 9, 105, 100, 4, 30.96%, 0, 0, 2, 435.30, 47542, 126, 0, 0
132, 0, 9, 106, 101, 4, 30.96%, 0, 0, 2, 425.09, 49701, 126, 0, 0
137, 0, 9, 108, 103, 4, 31.94%, 0, 0, 2, 426.91, 51963, 130, 0, 0
142, 0, 9, 109, 104, 4, 31.94%, 0, 0, 2, 419.94, 54115, 130, 0, 0
148, 0, 148, 151, 145, 34, 44.72%, 0, 0, 2, 426.59, 56238, 182, 0, 0
153, 0, 107, 152, 138, 27, 44.96%, 0, 0, 3, 398.39, 58316, 183, 0, 0
158, 0, 136, 183, 168, 26, 45.21%, 0, 0, 3, 402.50, 60374, 184, 0, 0
163, 0, 162, 184, 168, 28, 45.45%, 0, 0, 3, 402.26, 62496, 185, 0, 0
168, 0, 122, 184, 166, 26, 45.45%, 0, 0, 3, 414.94, 64572, 185, 0, 0
173, 0, 122, 198, 180, 26, 46.93%, 0, 0, 3, 415.52, 66710, 191, 0, 0
178, 0, 122, 200, 182, 26, 46.93%, 0, 0, 3, 449.87, 69038, 191, 0, 0
183, 0, 122, 204, 186, 26, 46.93%, 0, 0, 3, 451.61, 71274, 191, 0, 0
188, 0, 122, 206, 188, 26, 46.93%, 0, 0, 3, 445.58, 73544, 191, 0, 0
193, 0, 122, 208, 190, 26, 46.93%, 0, 0, 3, 459.47, 75841, 191, 0, 0
198, 0, 122, 209, 191, 26, 46.93%, 0, 0, 3, 436.25, 78013, 191, 0, 0
203, 0, 122, 209, 191, 26, 46.93%, 0, 0, 3, 420.85, 80181, 191, 0, 0
208, 0, 122, 210, 192, 26, 46.93%, 0, 0, 3, 408.37, 82228, 191, 0, 0
213, 0, 122, 213, 195, 26, 46.93%, 0, 0, 3, 423.04, 84329, 191, 0, 0
219, 0, 122, 214, 196, 26, 46.93%, 0, 0, 3, 443.48, 86608, 191, 0, 0
224, 0, 122, 214, 196, 26, 46.93%, 1, 0, 3, 413.80, 88568, 191, 1, 0
229, 0, 122, 215, 197, 26, 46.93%, 1, 0, 3, 417.72, 90711, 191, 1, 0
234, 0, 122, 215, 197, 26, 46.93%, 1, 0, 3, 425.35, 92967, 191, 1, 0
239, 0, 188, 215, 196, 27, 46.93%, 1, 0, 3, 403.54, 95039, 191, 1, 0
244, 0, 114, 217, 196, 25, 46.93%, 1, 0, 3, 416.32, 97154, 191, 1, 0
249, 0, 0, 217, 195, 24, 46.93%, 1, 0, 3, 405.73, 99212, 191, 1, 0
254, 0, 145, 217, 192, 21, 46.93%, 1, 0, 3, 405.82, 101262, 191, 1, 0
259, 0, 145, 227, 202, 21, 46.93%, 1, 0, 3, 399.70, 103267, 191, 1, 0
264, 0, 145, 229, 204, 21, 46.93%, 1, 0, 3, 384.26, 105178, 191, 1, 0
269, 0, 145, 231, 206, 21, 46.93%, 1, 0, 3, 396.39, 107246, 191, 1, 0
274, 0, 145, 231, 206, 21, 46.93%, 1, 0, 3, 419.34, 109430, 191, 1, 0
280, 0, 140, 232, 206, 20, 46.93%, 1, 0, 3, 417.04, 111549, 191, 1, 0
285, 0, 137, 233, 206, 20, 47.17%, 1, 0, 3, 464.75, 113845, 192, 1, 0
290, 0, 240, 241, 213, 22, 47.67%, 1, 0, 3, 442.75, 116111, 194, 1, 0
295, 0, 235, 241, 211, 20, 47.67%, 1, 0, 3, 432.87, 118272, 194, 1, 0
300, 0, 212, 241, 210, 19, 47.67%, 1, 0, 3, 421.11, 120404, 194, 1, 0
305, 0, 121, 242, 208, 16, 47.67%, 1, 0, 3, 413.29, 122529, 194, 1, 0
310, 0, 169, 243, 208, 16, 47.67%, 1, 0, 3, 412.23, 124656, 194, 1, 0
315, 0, 169, 243, 208, 16, 47.67%, 1, 0, 3, 391.30, 126696, 194, 1, 0
320, 0, 101, 247, 211, 15, 47.67%, 1, 0, 3, 444.41, 128990, 194, 1, 0
325, 0, 101, 247, 211, 15, 47.67%, 1, 0, 3, 447.52, 131259, 194, 1, 0
330, 0, 116, 247, 210, 15, 47.67%, 1, 0, 3, 405.11, 133345, 194, 1, 0
335, 0, 69, 248, 210, 14, 47.67%, 1, 0, 3, 424.68, 135578, 194, 1, 0
341, 0, 170, 248, 208, 12, 47.67%, 1, 0, 3, 412.69, 137752, 194, 1, 0
346, 0, 128, 248, 207, 12, 47.67%, 1, 0, 3, 383.31, 139774, 194, 1, 0
351, 0, 128, 248, 207, 12, 47.67%, 1, 0, 3, 397.18, 141853, 194, 1, 0
356, 0, 228, 248, 204, 9, 47.67%, 1, 0, 3, 421.55, 143907, 194, 1, 0
361, 0, 189, 248, 200, 5, 47.67%, 1, 0, 3, 400.35, 145993, 194, 1, 0
366, 0, 189, 250, 202, 5, 47.67%, 1, 0, 3, 423.07, 148137, 194, 1, 0
371, 0, 189, 253, 205, 5, 47.67%, 1, 0, 3, 406.19, 150238, 194, 1, 0
376, 0, 189, 254, 206, 5, 47.67%, 1, 0, 3, 411.50, 152325, 194, 1, 0
382, 0, 189, 254, 206, 5, 47.67%, 1, 0, 3, 472.16, 154720, 194, 1, 0
387, 0, 125, 256, 206, 3, 47.67%, 1, 0, 3, 428.19, 156857, 194, 1, 0
392, 0, 248, 256, 203, 0, 47.67%, 1, 0, 3, 424.15, 159046, 194, 1, 0
397, 0, 140, 256, 200, 0, 47.67%, 1, 0, 3, 400.91, 161152, 194, 1, 0
402, 0, 225, 257, 201, 0, 47.67%, 1, 0, 3, 416.65, 163281, 194, 1, 0
407, 0, 70, 257, 200, 0, 47.67%, 1, 0, 3, 429.08, 165446, 194, 1, 0
412, 0, 249, 263, 204, 0, 48.40%, 1, 0, 4, 422.33, 167552, 197, 1, 0
417, 0, 249, 264, 205, 0, 48.40%, 1, 0, 4, 390.03, 169557, 197, 1, 0
422, 0, 249, 265, 206, 0, 48.40%, 1, 0, 4, 421.59, 171646, 197, 1, 0
427, 0, 249, 265, 206, 0, 48.40%, 1, 0, 4, 404.95, 173670, 197, 1, 0
432, 0, 249, 265, 206, 0, 48.40%, 1, 0, 4, 393.60, 175661, 197, 1, 0
437, 0, 262, 265, 205, 1, 48.40%, 1, 0, 4, 410.81, 177726, 197, 1, 0
442, 0, 265, 266, 205, 1, 48.65%, 1, 0, 5, 400.09, 179737, 198, 1, 0
448, 0, 262, 268, 203, 0, 49.14%, 1, 0, 5, 400.16, 181791, 200, 1, 0
453, 0, 267, 269, 204, 3, 49.39%, 1, 0, 5, 399.68, 183806, 201, 1, 0
458, 0, 268, 270, 203, 2, 49.39%, 1, 0, 6, 420.61, 186016, 201, 1, 0
463, 0, 142, 270, 200, 1, 49.39%, 1, 0, 6, 429.72, 188197, 201, 1, 0
468, 0, 127, 270, 198, 1, 49.39%, 1, 0, 6, 424.14, 190378, 201, 1, 0
473, 0, 266, 270, 195, 1, 49.39%, 1, 0, 6, 411.33, 192457, 201, 1, 0
478, 0, 199, 271, 194, 0, 49.39%, 1, 0, 6, 408.05, 194559, 201, 1, 0
483, 0, 11, 271, 192, 0, 49.39%, 1, 0, 6, 416.01, 196675, 201, 1, 0
489, 0, 15, 274, 192, 0, 49.39%, 1, 0, 6, 428.53, 198847, 201, 1, 0
494, 0, 188, 277, 192, 0, 50.12%, 1, 0, 6, 434.38, 201006, 204, 1, 0
499, 0, 188, 279, 194, 0, 50.12%, 2, 0, 6, 420.08, 203148, 204, 2, 0
504, 0, 188, 280, 195, 0, 50.12%, 2, 0, 6, 409.49, 205155, 204, 2, 0
509, 0, 188, 283, 198, 0, 50.12%, 2, 0, 6, 400.41, 207192, 204, 2, 0
514, 0, 141, 283, 197, 0, 50.12%, 2, 0, 6, 421.93, 209389, 204, 2, 0
519, 0, 169, 283, 195, 0, 50.12%, 2, 0, 6, 433.30, 211605, 204, 2, 0
524, 0, 268, 283, 192, 0, 50.12%, 2, 0, 6, 447.24, 213867, 204, 2, 0
529, 0, 167, 283, 191, 0, 50.12%, 2, 0, 6, 402.33, 215876, 204, 2, 0
535, 0, 283, 286, 192, 0, 50.12%, 2, 0, 6, 426.89, 218149, 204, 2, 0
540, 0, 265, 286, 190, 0, 50.12%, 2, 0, 6, 445.73, 220437, 204, 2, 0
545, 0, 138, 286, 189, 0, 50.12%, 2, 0, 6, 411.80, 222455, 204, 2, 0
550, 0, 269, 287, 188, 0, 50.37%, 2, 0, 6, 417.87, 224535, 205, 2, 0
555, 0, 269, 291, 192, 0, 50.37%, 2, 0, 7, 421.47, 226675, 205, 2, 0
560, 0, 269, 291, 192, 0, 50.37%, 2, 0, 7, 439.58, 228891, 205, 2, 0
565, 0, 15, 291, 191, 0, 50.37%, 2, 0, 7, 434.68, 231038, 205, 2, 0
570, 0, 268, 293, 191, 0, 50.37%, 2, 0, 7, 416.07, 233098, 205, 2, 0
575, 0, 174, 293, 191, 0, 50.37%, 2, 0, 7, 432.99, 235277, 205, 2, 0
580, 0, 250, 293, 187, 0, 50.37%, 2, 0, 7, 413.40, 237371, 205, 2, 0
585, 0, 210, 294, 185, 0, 50.37%, 2, 0, 7, 410.77, 239499, 205, 2, 0
590, 0, 233, 294, 183, 0, 50.37%, 2, 0, 7, 403.30, 241494, 205, 2, 0
595, 0, 272, 294, 182, 0, 50.37%, 2, 0, 7, 440.12, 243748, 205, 2, 0
600, 0, 267, 299, 185, 0, 50.37%, 2, 0, 7, 406.80, 245789, 205, 2, 0
606, 0, 69, 299, 184, 0, 50.37%, 2, 0, 7, 420.23, 247954, 205, 2, 0
611, 0, 286, 299, 183, 0, 50.37%, 2, 0, 7, 424.91, 250086, 205, 2, 0
616, 0, 262, 299, 180, 0, 50.37%, 2, 0, 7, 438.32, 252210, 205, 2, 0
621, 0, 65, 299, 178, 0, 50.37%, 2, 0, 7, 440.90, 254412, 205, 2, 0
626, 0, 268, 299, 176, 0, 50.37%, 2, 0, 7, 439.42, 256629, 205, 2, 0
631, 0, 140, 299, 174, 0, 50.37%, 2, 0, 7, 417.60, 258699, 205, 2, 0
636, 0, 299, 300, 173, 1, 50.61%, 2, 0, 7, 413.20, 260722, 206, 2, 0
641, 0, 233, 300, 171, 0, 50.61%, 2, 0, 7, 402.14, 262763, 206, 2, 0
646, 0, 58, 300, 170, 0, 50.61%, 2, 0, 7, 393.70, 264711, 206, 2, 0
651, 1, 195, 301, 167, 0, 50.61%, 2, 0, 7, 410.06, 266835, 206, 2, 0
656, 1, 211, 301, 164, 0, 50.61%, 2, 0, 7, 395.78, 268816, 206, 2, 0
661, 1, 280, 302, 162, 0, 50.61%, 2, 0, 7, 416.75, 270929, 206, 2, 0
666, 1, 140, 302, 158, 0, 50.61%, 2, 0, 7, 432.84, 273109, 206, 2, 0
672, 1, 132, 302, 156, 0, 50.61%, 2, 0, 7, 419.59, 275271, 206, 2, 0
677, 1, 302, 303, 156, 1, 50.86%, 2, 0, 7, 403.06, 277308, 207, 2, 0
682, 1, 75, 303, 150, 0, 50.86%, 2, 0, 7, 427.96, 279523, 207, 2, 0
687, 1, 197, 303, 148, 0, 50.86%, 2, 0, 7, 439.31, 281798, 207, 2, 0
692, 1, 303, 304, 148, 0, 50.86%, 2, 0, 7, 427.34, 283966, 207, 2, 0
697, 1, 19, 304, 144, 0, 50.86%, 2, 0, 7, 433.51, 286250, 207, 2, 0
702, 1, 293, 305, 143, 0, 50.86%, 2, 0, 7, 396.63, 288228, 207, 2, 0
707, 1, 246, 306, 142, 0, 50.86%, 2, 0, 7, 417.76, 290356, 207, 2, 0
712, 1, 300, 306, 140, 0, 50.86%, 2, 0, 7, 421.59, 292508, 207, 2, 0
718, 1, 243, 306, 138, 0, 50.86%, 2, 0, 7, 415.62, 294573, 207, 2, 0
723, 1, 204, 306, 134, 0, 50.86%, 2, 0, 7, 377.41, 296398, 207, 2, 0
728, 1, 52, 306, 130, 0, 50.86%, 2, 0, 7, 402.42, 298469, 207, 2, 0
733, 1, 263, 306, 128, 0, 50.86%, 2, 0, 7, 419.61, 300591, 207, 2, 0
738, 1, 284, 306, 125, 0, 50.86%, 2, 0, 7, 427.32, 302783, 207, 2, 0
743, 1, 200, 306, 122, 0, 50.86%, 2, 0, 7, 424.60, 304931, 207, 2, 0
748, 1, 196, 306, 119, 0, 50.86%, 2, 0, 7, 409.91, 307037, 207, 2, 0
753, 1, 299, 306, 116, 0, 50.86%, 2, 0, 7, 416.63, 309194, 207, 2, 0
758, 1, 188, 306, 114, 0, 50.86%, 2, 0, 7, 415.95, 311290, 207, 2, 0
763, 1, 78, 306, 109, 0, 50.86%, 2, 0, 7, 405.34, 313353, 207, 2, 0
768, 1, 241, 306, 106, 0, 50.86%, 2, 0, 7, 411.82, 315359, 207, 2, 0
773, 1, 225, 306, 104, 0, 50.86%, 2, 0, 7, 403.97, 317355, 207, 2, 0
779, 1, 276, 306, 101, 0, 50.86%, 2, 0, 7, 417.12, 319484, 207, 2, 0
784, 1, 21, 306, 98, 0, 50.86%, 2, 0, 7, 467.91, 321898, 207, 2, 0
789, 1, 304, 306, 95, 0, 50.86%, 2, 0, 7, 428.88, 324031, 207, 2, 0
794, 1, 306, 307, 93, 0, 50.86%, 2, 0, 7, 422.11, 326167, 207, 2, 0
799, 1, 292, 307, 91, 0, 50.86%, 2, 0, 7, 424.44, 328337, 207, 2, 0
804, 1, 307, 309, 91, 1, 51.35%, 2, 0, 7, 429.45, 330508, 209, 2, 0
809, 1, 154, 309, 87, 0, 51.35%, 2, 0, 7, 436.87, 332668, 209, 2, 0
814, 1, 109, 309, 85, 0, 51.35%, 2, 0, 7, 420.45, 334769, 209, 2, 0
819, 1, 233, 310, 85, 0, 51.35%, 2, 0, 7, 433.09, 337018, 209, 2, 0
824, 1, 264, 310, 85, 0, 51.35%, 2, 0, 7, 454.78, 339291, 209, 2, 0
829, 1, 260, 310, 82, 0, 51.35%, 2, 0, 7, 447.94, 341538, 209, 2, 0
834, 1, 295, 310, 80, 0, 51.35%, 2, 0, 7, 417.46, 343646, 209, 2, 0
839, 1, 286, 310, 78, 0, 51.35%, 2, 0, 7, 448.73, 345933, 209, 2, 0
845, 1, 310, 311, 78, 1, 51.35%, 2, 0, 7, 424.64, 348096, 209, 2, 0
850, 1, 27, 311, 76, 0, 51.35%, 2, 0, 7, 396.40, 350120, 209, 2, 0
855, 1, 188, 311, 73, 0, 51.35%, 2, 0, 7, 424.14, 352280, 209, 2, 0
860, 1, 225, 311, 71, 0, 51.35%, 2, 0, 7, 430.74, 354467, 209, 2, 0
865, 1, 88, 311, 70, 0, 51.35%, 2, 0, 7, 432.74, 356673, 209, 2, 0
870, 1, 216, 311, 67, 0, 51.35%, 2, 0, 7, 447.55, 358929, 209, 2, 0
875, 1, 266, 311, 65, 0, 51.35%, 2, 0, 7, 392.77, 360837, 209, 2, 0
880, 1, 225, 311, 63, 0, 51.35%, 2, 0, 7, 426.09, 363017, 209, 2, 0
885, 1, 286, 311, 60, 0, 51.35%, 2, 0, 7, 416.05, 365188, 209, 2, 0
890, 1, 128, 311, 59, 0, 51.35%, 2, 0, 7, 434.85, 367490, 209, 2, 0
895, 1, 188, 311, 58, 0, 51.35%, 2, 0, 7, 414.61, 369596, 209, 2, 0
900, 1, 165, 311, 56, 0, 51.35%, 2, 0, 7, 428.66, 371693, 209, 2, 0
