# relative_time, cycles_done, cur_item, corpus_count, pending_total, pending_favs, map_size, saved_crashes, saved_hangs, max_depth, execs_per_sec, total_execs, edges_found, total_crashes, servers_count
60, 0, 9, 98, 93, 4, 30.96%, 0, 0, 2, 461.24, 27134, 126, 0, 0
65, 0, 9, 98, 93, 4, 30.96%, 0, 0, 2, 436.60, 29336, 126, 0, 0
70, 0, 9, 99, 94, 4, 30.96%, 0, 0, 2, 419.40, 31495, 126, 0, 0
76, 0, 9, 100, 95, 4, 30.96%, 0, 0, 2, 447.31, 33781, 126, 0, 0
81, 0, 9, 101, 96, 4, 30.96%, 0, 0, 2, 447.37, 36037, 126, 0, 0
86, 0, 9, 101, 96, 4, 30.96%, 0, 0, 2, 449.92, 38306, 126, 0, 0
91, 0, 9, 102, 97, 4, 30.96%, 0, 0, 2, 443.83, 40580, 126, 0, 0
96, 0, 9, 104, 99, 4, 31.94%, 0, 0, 2, 435.22, 42770, 130, 0, 0
101, 0, 9, 105, 100, 4, 31.94%, 0, 0, 2, 453.35, 45041, 130, 0, 0
106, 0, 9, 105, 100, 4, 31.94%, 0, 0, 2, 433.48, 47217, 130, 0, 0
111, 0, 9, 105, 100, 4, 31.94%, 0, 0, 2, 427.27, 49442, 130, 0, 0
116, 0, 9, 107, 102, 4, 32.19%, 0, 0, 2, 433.89, 51672, 131, 0, 0
121, 0, 9, 109, 104, 4, 32.19%, 0, 0, 2, 451.14, 53918, 131, 0, 0
126, 0, 37, 151, 144, 39, 41.77%, 0, 0, 2, 438.11, 56093, 170, 0, 0
131, 0, 30, 157, 142, 32, 42.01%, 0, 0, 3, 452.03, 58386, 171, 0, 0
136, 0, 147, 157, 139, 30, 42.01%, 0, 0, 3, 438.95, 60612, 171, 0, 0
141, 0, 140, 157, 138, 29, 42.01%, 0, 0, 3, 430.21, 62766, 171, 0, 0
146, 0, 102, 158, 136, 26, 42.01%, 0, 0, 3, 440.36, 64931, 171, 0, 0
151, 0, 166, 170, 146, 27, 42.01%, 0, 0, 3, 426.44, 67088, 171, 0, 0
157, 0, 119, 170, 144, 25, 42.01%, 0, 0, 3, 409.90, 69192, 171, 0, 0
162, 0, 31, 170, 143, 24, 42.01%, 0, 0, 3, 406.62, 71214, 171, 0, 0
167, 0, 8, 170, 141, 22, 42.01%, 0, 0, 3, 423.94, 73388, 171, 0, 0
172, 0, 8, 171, 142, 22, 42.01%, 0, 0, 3, 404.38, 75442, 171, 0, 0
177, 0, 8, 171, 142, 22, 42.01%, 0, 0, 3, 395.43, 77412, 171, 0, 0
182, 0, 8, 171, 142, 22, 42.01%, 0, 0, 3, 378.20, 79323, 171, 0, 0
187, 0, 8, 171, 142, 22, 42.01%, 0, 0, 3, 407.10, 81466, 171, 0, 0
192, 0, 171, 172, 141, 21, 42.26%, 0, 0, 3, 447.57, 83761, 172, 0, 0
197, 0, 141, 173, 141, 20, 42.26%, 0, 0, 3, 439.32, 85979, 172, 0, 0
202, 0, 129, 173, 137, 16, 42.26%, 0, 0, 3, 445.62, 88297, 172, 0, 0
208, 0, 7, 173, 135, 15, 42.26%, 0, 0, 3, 441.52, 90552, 172, 0, 0
213, 0, 26, 175, 133, 12, 42.75%, 0, 0, 3, 456.66, 92847, 174, 0, 0
218, 0, 83, 176, 131, 9, 42.75%, 0, 0, 3, 439.09, 95040, 174, 0, 0
223, 0, 83, 183, 138, 9, 42.75%, 0, 0, 3, 440.74, 97319, 174, 0, 0
228, 0, 83, 184, 139, 9, 42.75%, 0, 0, 3, 440.80, 99606, 174, 0, 0
233, 0, 83, 185, 140, 9, 42.75%, 0, 0, 3, 444.51, 101885, 174, 0, 0
238, 0, 83, 185, 140, 9, 42.75%, 0, 0, 3, 410.42, 103997, 174, 0, 0
243, 0, 83, 185, 140, 9, 42.75%, 0, 0, 3, 403.40, 106053, 174, 0, 0
248, 0, 83, 186, 141, 9, 42.75%, 0, 0, 3, 422.15, 108188, 174, 0, 0
253, 0, 83, 186, 141, 9, 42.75%, 0, 0, 3, 432.03, 110372, 174, 0, 0
258, 0, 83, 186, 141, 9, 42.75%, 0, 0, 3, 423.54, 112476, 174, 0, 0
263, 0, 83, 186, 141, 9, 42.75%, 0, 0, 3, 428.07, 114628, 174, 0, 0
268, 0, 83, 187, 142, 9, 42.75%, 0, 0, 3, 426.23, 116787, 174, 0, 0
273, 0, 83, 187, 142, 9, 42.75%, 0, 0, 3, 418.63, 118867, 174, 0, 0
278, 0, 83, 187, 142, 9, 42.75%, 0, 0, 3, 428.46, 121027, 174, 0, 0
284, 0, 83, 187, 142, 9, 42.75%, 0, 0, 3, 459.30, 123473, 174, 0, 0
289, 0, 23, 187, 140, 8, 42.75%, 0, 0, 3, 428.70, 125611, 174, 0, 0
294, 0, 74, 188, 138, 6, 42.75%, 0, 0, 3, 429.96, 127744, 174, 0, 0
299, 0, 74, 192, 142, 6, 42.75%, 0, 0, 3, 414.94, 129860, 174, 0, 0
304, 0, 121, 192, 139, 4, 42.75%, 0, 0, 3, 449.30, 132147, 174, 0, 0
309, 0, 123, 199, 144, 3, 43.73%, 1, 0, 3, 450.39, 134397, 178, 1, 0
314, 0, 198, 199, 140, 3, 43.73%, 1, 0, 3, 455.73, 136698, 178, 1, 0
319, 0, 198, 205, 146, 3, 43.73%, 1, 0, 3, 454.11, 139004, 178, 1, 0
324, 0, 198, 207, 148, 3, 43.73%, 1, 0, 3, 449.05, 141282, 178, 1, 0
329, 0, 198, 208, 149, 3, 43.73%, 1, 0, 3, 435.92, 143433, 178, 1, 0
334, 0, 195, 209, 148, 1, 43.73%, 1, 0, 3, 434.57, 145669, 178, 1, 0
339, 0, 86, 209, 145, 0, 43.73%, 1, 0, 3, 435.44, 147904, 178, 1, 0
345, 0, 120, 209, 142, 0, 43.73%, 1, 0, 3, 459.50, 150302, 178, 1, 0
350, 0, 148, 209, 141, 0, 43.73%, 1, 0, 3, 435.33, 152486, 178, 1, 0
355, 0, 141, 210, 139, 0, 43.73%, 1, 0, 3, 446.17, 154774, 178, 1, 0
360, 0, 211, 213, 140, 1, 43.98%, 1, 0, 4, 431.89, 156946, 179, 1, 0
365, 0, 66, 217, 140, 0, 43.98%, 1, 0, 5, 452.74, 159225, 179, 1, 0
370, 0, 158, 220, 140, 0, 43.98%, 1, 0, 5, 432.02, 161383, 179, 1, 0
375, 0, 218, 226, 145, 1, 43.98%, 1, 0, 5, 438.78, 163568, 179, 1, 0
380, 0, 218, 231, 150, 1, 44.72%, 1, 0, 5, 428.99, 165747, 182, 1, 0
385, 0, 218, 232, 151, 1, 44.72%, 1, 0, 5, 419.82, 167930, 182, 1, 0
390, 0, 218, 233, 152, 1, 44.72%, 1, 0, 5, 436.69, 170137, 182, 1, 0
395, 0, 218, 233, 152, 1, 44.72%, 1, 0, 5, 440.46, 172329, 182, 1, 0
401, 0, 218, 233, 152, 1, 44.72%, 1, 0, 5, 431.34, 174609, 182, 1, 0
406, 0, 227, 234, 150, 1, 44.72%, 1, 0, 6, 445.40, 176915, 182, 1, 0
411, 0, 137, 234, 146, 0, 44.72%, 1, 0, 6, 448.06, 179119, 182, 1, 0
416, 0, 234, 236, 147, 1, 44.72%, 1, 0, 6, 429.40, 181283, 182, 1, 0
421, 0, 111, 236, 145, 0, 44.72%, 1, 0, 6, 432.35, 183524, 182, 1, 0
426, 0, 227, 236, 143, 0, 44.72%, 1, 0, 6, 421.49, 185590, 182, 1, 0
431, 0, 84, 237, 142, 0, 44.72%, 1, 0, 6, 428.07, 187798, 182, 1, 0
436, 0, 198, 238, 139, 0, 44.72%, 1, 0, 6, 427.11, 189981, 182, 1, 0
441, 0, 113, 238, 137, 0, 44.72%, 1, 0, 6, 408.73, 192004, 182, 1, 0
446, 0, 198, 240, 138, 0, 44.72%, 1, 0, 6, 413.24, 194124, 182, 1, 0
452, 0, 105, 244, 142, 0, 44.72%, 1, 0, 6, 427.97, 196307, 182, 1, 0
457, 0, 226, 246, 141, 0, 44.72%, 1, 0, 6, 416.72, 198429, 182, 1, 0
462, 0, 234, 246, 139, 0, 44.72%, 1, 0, 6, 453.29, 200734, 182, 1, 0
467, 0, 3, 246, 138, 0, 44.72%, 1, 0, 6, 428.81, 202957, 182, 1, 0
472, 0, 110, 246, 134, 0, 44.72%, 1, 0, 6, 423.25, 205150, 182, 1, 0
477, 0, 221, 246, 130, 0, 44.72%, 1, 0, 6, 422.83, 207264, 182, 1, 0
482, 0, 128, 246, 125, 0, 44.72%, 1, 0, 6, 431.33, 209459, 182, 1, 0
487, 1, 245, 246, 122, 0, 44.72%, 1, 0, 6, 411.94, 211574, 182, 1, 0
492, 1, 177, 248, 120, 0, 44.72%, 1, 0, 7, 388.65, 213410, 182, 1, 0
497, 1, 142, 248, 118, 0, 44.72%, 1, 0, 7, 428.90, 215557, 182, 1, 0
502, 1, 53, 248, 115, 0, 44.72%, 1, 0, 7, 442.39, 217788, 182, 1, 0
507, 1, 200, 248, 112, 0, 44.72%, 1, 0, 7, 448.58, 220032, 182, 1, 0
512, 1, 164, 248, 110, 0, 44.72%, 1, 0, 7, 459.25, 222370, 182, 1, 0
517, 1, 216, 248, 103, 0, 44.72%, 1, 0, 7, 490.66, 224896, 182, 1, 0
522, 1, 122, 248, 100, 0, 44.72%, 1, 0, 7, 451.37, 227179, 182, 1, 0
528, 1, 135, 248, 93, 0, 44.72%, 1, 0, 7, 449.05, 229407, 182, 1, 0
533, 1, 135, 253, 98, 0, 44.72%, 1, 0, 7, 395.67, 231341, 182, 1, 0
538, 1, 107, 253, 93, 0, 44.72%, 1, 0, 7, 436.57, 233586, 182, 1, 0
543, 1, 235, 256, 93, 0, 44.72%, 1, 0, 7, 459.71, 235928, 182, 1, 0
548, 1, 134, 256, 92, 0, 44.72%, 1, 0, 7, 462.97, 238280, 182, 1, 0
553, 1, 236, 259, 93, 0, 44.72%, 1, 0, 7, 436.16, 240434, 182, 1, 0
558, 1, 227, 259, 88, 0, 44.72%, 1, 0, 7, 412.17, 242521, 182, 1, 0
563, 1, 251, 265, 94, 0, 44.96%, 1, 0, 7, 383.94, 244515, 183, 1, 0
568, 1, 251, 269, 98, 0, 44.96%, 1, 0, 7, 403.46, 246510, 183, 1, 0
573, 1, 251, 269, 98, 0, 44.96%, 1, 0, 7, 394.00, 248534, 183, 1, 0
578, 1, 251, 269, 98, 0, 44.96%, 1, 0, 7, 404.69, 250627, 183, 1, 0
583, 1, 251, 270, 99, 0, 44.96%, 1, 0, 7, 399.30, 252706, 183, 1, 0
588, 1, 251, 270, 99, 0, 44.96%, 1, 0, 7, 399.59, 254706, 183, 1, 0
593, 1, 263, 270, 98, 1, 44.96%, 1, 0, 7, 405.90, 256762, 183, 1, 0
599, 1, 112, 270, 96, 0, 44.96%, 1, 0, 7, 417.77, 258960, 183, 1, 0
604, 1, 252, 270, 94, 0, 44.96%, 1, 0, 7, 411.99, 261116, 183, 1, 0
609, 1, 268, 270, 90, 0, 44.96%, 1, 0, 7, 428.24, 263281, 183, 1, 0
614, 1, 171, 271, 88, 0, 44.96%, 1, 0, 7, 436.24, 265452, 183, 1, 0
619, 1, 116, 272, 87, 0, 44.96%, 1, 0, 7, 423.96, 267633, 183, 1, 0
624, 1, 267, 274, 87, 0, 44.96%, 1, 0, 7, 432.01, 269863, 183, 1, 0
629, 1, 266, 274, 84, 0, 44.96%, 1, 0, 7, 441.65, 272075, 183, 1, 0
634, 1, 250, 275, 82, 0, 44.96%, 1, 0, 7, 426.73, 274193, 183, 1, 0
639, 1, 257, 275, 80, 0, 44.96%, 1, 0, 7, 432.70, 276436, 183, 1, 0
644, 1, 22, 275, 78, 0, 44.96%, 1, 0, 7, 425.03, 278575, 183, 1, 0
649, 1, 275, 276, 77, 1, 44.96%, 1, 0, 7, 420.39, 280690, 183, 1, 0
655, 1, 124, 277, 76, 0, 44.96%, 1, 0, 7, 433.31, 282862, 183, 1, 0
660, 1, 220, 279, 74, 0, 44.96%, 1, 0, 7, 444.26, 285108, 183, 1, 0
665, 1, 127, 281, 72, 0, 44.96%, 1, 0, 7, 435.80, 287319, 183, 1, 0
670, 1, 160, 281, 70, 0, 44.96%, 1, 0, 7, 424.69, 289517, 183, 1, 0
675, 1, 38, 282, 69, 0, 44.96%, 1, 0, 7, 430.40, 291696, 183, 1, 0
680, 1, 190, 282, 67, 0, 44.96%, 1, 0, 7, 432.31, 293882, 183, 1, 0
685, 1, 279, 282, 65, 0, 44.96%, 1, 0, 7, 431.79, 296093, 183, 1, 0
690, 1, 278, 282, 63, 0, 44.96%, 1, 0, 7, 465.66, 298561, 183, 1, 0
695, 1, 226, 283, 60, 0, 44.96%, 1, 0, 8, 434.36, 300722, 183, 1, 0
700, 1, 199, 284, 59, 0, 44.96%, 1, 0, 8, 421.51, 302893, 183, 1, 0
705, 1, 136, 284, 55, 0, 44.96%, 1, 0, 8, 445.82, 305160, 183, 1, 0
710, 1, 285, 286, 55, 1, 45.21%, 1, 0, 8, 466.06, 307490, 184, 1, 0
715, 1, 286, 290, 57, 1, 45.70%, 1, 0, 8, 451.82, 309810, 186, 1, 0
721, 1, 292, 293, 58, 2, 45.95%, 1, 0, 8, 416.12, 311930, 187, 1, 0
726, 1, 232, 293, 56, 0, 45.95%, 1, 0, 8, 433.50, 314136, 187, 1, 0
731, 1, 293, 294, 54, 0, 45.95%, 1, 0, 8, 431.06, 316314, 187, 1, 0
736, 1, 188, 294, 51, 0, 45.95%, 1, 0, 8, 465.97, 318696, 187, 1, 0
741, 1, 144, 294, 49, 0, 45.95%, 1, 0, 8, 440.51, 320897, 187, 1, 0
746, 1, 277, 294, 46, 0, 45.95%, 1, 0, 8, 462.08, 323361, 187, 1, 0
751, 1, 226, 294, 43, 0, 45.95%, 1, 0, 8, 445.73, 325575, 187, 1, 0
756, 1, 270, 294, 38, 0, 45.95%, 1, 0, 8, 468.56, 327976, 187, 1, 0
761, 2, 249, 384, 127, 0, 57.00%, 1, 0, 8, 423.12, 330075, 232, 1, 0
766, 2, 316, 384, 125, 14, 57.00%, 1, 0, 8, 418.64, 332199, 232, 1, 0
772, 2, 307, 385, 125, 13, 57.00%, 1, 0, 8, 429.97, 334421, 232, 1, 0
777, 2, 307, 387, 127, 13, 57.25%, 1, 0, 8, 426.58, 336563, 233, 1, 0
782, 2, 310, 388, 127, 13, 57.25%, 1, 0, 8, 432.65, 338775, 233, 1, 0
787, 2, 308, 388, 126, 12, 57.25%, 1, 0, 8, 442.31, 340983, 233, 1, 0
792, 2, 325, 388, 124, 10, 57.25%, 1, 0, 8, 465.46, 343351, 233, 1, 0
797, 2, 360, 389, 124, 9, 57.25%, 1, 0, 8, 444.44, 345645, 233, 1, 0
802, 2, 360, 396, 131, 9, 57.49%, 1, 0, 8, 433.57, 347823, 234, 1, 0
807, 2, 360, 396, 131, 9, 57.49%, 1, 0, 8, 439.66, 349975, 234, 1, 0
812, 2, 360, 396, 131, 9, 57.49%, 1, 0, 8, 446.91, 352223, 234, 1, 0
817, 2, 360, 396, 131, 9, 57.49%, 1, 0, 8, 438.45, 354408, 234, 1, 0
822, 2, 338, 396, 130, 9, 57.49%, 1, 0, 8, 430.68, 356563, 234, 1, 0
827, 2, 395, 397, 129, 7, 57.49%, 1, 0, 8, 435.27, 358851, 234, 1, 0
832, 2, 395, 397, 129, 7, 57.49%, 1, 0, 8, 418.49, 360880, 234, 1, 0
837, 2, 309, 397, 127, 5, 57.49%, 1, 0, 8, 445.61, 363154, 234, 1, 0
842, 2, 347, 397, 125, 3, 57.49%, 1, 0, 8, 419.07, 365266, 234, 1, 0
847, 2, 297, 397, 123, 2, 57.49%, 1, 0, 8, 439.70, 367535, 234, 1, 0
852, 2, 349, 397, 121, 0, 57.49%, 1, 0, 8, 470.78, 369787, 234, 1, 0
858, 2, 328, 398, 120, 0, 57.49%, 1, 0, 8, 448.04, 372034, 234, 1, 0
863, 2, 126, 398, 117, 0, 57.49%, 1, 0, 8, 423.89, 374193, 234, 1, 0
868, 2, 117, 399, 114, 0, 57.49%, 4, 0, 8, 442.01, 376398, 234, 5, 0
873, 2, 344, 399, 112, 0, 57.49%, 4, 0, 8, 442.87, 378598, 234, 5, 0
878, 2, 313, 399, 110, 0, 57.49%, 4, 0, 8, 451.47, 380875, 234, 5, 0
883, 2, 326, 399, 109, 0, 57.49%, 4, 0, 8, 429.00, 383000, 234, 5, 0
888, 2, 362, 399, 107, 0, 57.49%, 4, 0, 8, 420.95, 385147, 234, 5, 0
893, 2, 318, 399, 104, 0, 57.49%, 4, 0, 8, 434.15, 387336, 234, 5, 0
898, 2, 374, 399, 102, 0, 57.49%, 4, 0, 8, 451.32, 389519, 234, 5, 0
903, 2, 397, 399, 101, 0, 57.49%, 4, 0, 8, 431.15, 391649, 234, 5, 0
908, 2, 330, 399, 99, 0, 57.49%, 4, 0, 8, 436.67, 393873, 234, 5, 0
913, 2, 381, 400, 99, 0, 57.49%, 4, 0, 8, 424.36, 395964, 234, 5, 0
918, 2, 364, 401, 98, 0, 57.49%, 4, 0, 8, 414.49, 398001, 234, 5, 0
923, 2, 320, 402, 98, 0, 57.49%, 5, 0, 8, 438.99, 400219, 234, 7, 0
928, 2, 22, 402, 95, 0, 57.49%, 5, 0, 8, 420.58, 402339, 234, 7, 0
933, 2, 365, 402, 94, 0, 57.49%, 5, 0, 8, 444.00, 404665, 234, 7, 0
938, 2, 287, 402, 92, 0, 57.49%, 5, 0, 8, 435.38, 406879, 234, 7, 0
943, 2, 324, 403, 90, 0, 57.74%, 5, 0, 8, 431.39, 408994, 235, 10, 0
948, 2, 264, 403, 88, 0, 57.74%, 5, 0, 8, 423.95, 411190, 235, 10, 0
953, 2, 378, 403, 87, 0, 57.74%, 5, 0, 8, 444.53, 413407, 235, 10, 0
958, 2, 389, 403, 84, 0, 57.74%, 5, 0, 8, 422.54, 415504, 235, 10, 0
963, 2, 315, 403, 82, 0, 57.74%, 5, 0, 8, 434.43, 417683, 235, 10, 0
968, 2, 228, 403, 79, 0, 57.74%, 5, 0, 8, 454.37, 419926, 235, 10, 0
974, 2, 262, 403, 78, 0, 57.74%, 5, 0, 8, 444.84, 422198, 235, 10, 0
979, 2, 226, 403, 76, 0, 57.74%, 5, 0, 8, 431.97, 424404, 235, 10, 0
984, 2, 248, 403, 75, 0, 57.74%, 5, 0, 8, 424.58, 426530, 235, 10, 0
989, 2, 240, 403, 73, 0, 57.74%, 5, 0, 8, 423.72, 428657, 235, 10, 0
994, 2, 387, 403, 71, 0, 57.74%, 5, 0, 8, 439.64, 430878, 235, 10, 0
999, 2, 106, 403, 69, 0, 57.74%, 5, 0, 8, 418.95, 432993, 235, 13, 0
1004, 2, 141, 403, 67, 0, 57.74%, 5, 0, 8, 435.41, 435187, 235, 13, 0
1009, 2, 26, 403, 65, 0, 57.74%, 5, 0, 8, 424.29, 437301, 235, 13, 0
1014, 2, 131, 403, 64, 0, 57.74%, 5, 0, 8, 406.64, 439350, 235, 16, 0
1019, 2, 282, 403, 63, 0, 57.74%, 5, 0, 8, 421.42, 441399, 235, 16, 0
1024, 2, 352, 403, 61, 0, 57.74%, 5, 0, 8, 460.54, 443758, 235, 16, 0
1029, 2, 294, 403, 59, 0, 57.74%, 5, 0, 8, 452.99, 445994, 235, 16, 0
1034, 2, 350, 404, 58, 0, 57.74%, 5, 0, 8, 428.66, 448149, 235, 16, 0
1039, 2, 275, 404, 56, 0, 57.74%, 5, 0, 8, 401.57, 450139, 235, 16, 0
1044, 2, 279, 404, 55, 0, 57.74%, 5, 0, 8, 422.91, 452262, 235, 16, 0
1049, 2, 361, 404, 54, 0, 57.74%, 5, 0, 8, 425.53, 454404, 235, 16, 0
1055, 2, 369, 404, 53, 0, 57.74%, 5, 0, 8, 415.18, 456512, 235, 16, 0
1060, 2, 348, 404, 51, 0, 57.74%, 5, 0, 8, 402.44, 458569, 235, 16, 0
1065, 2, 281, 404, 50, 0, 57.74%, 5, 0, 8, 407.53, 460603, 235, 28, 0
1070, 2, 383, 404, 48, 0, 57.74%, 5, 0, 8, 425.36, 462761, 235, 28, 0
1075, 2, 283, 404, 46, 0, 57.74%, 5, 0, 8, 427.47, 464900, 235, 28, 0
1080, 2, 342, 404, 45, 0, 57.74%, 5, 0, 8, 429.09, 467089, 235, 31, 0
1085, 2, 341, 405, 44, 0, 57.74%, 5, 0, 8, 404.15, 469156, 235, 31, 0
1090, 2, 367, 405, 42, 0, 57.74%, 5, 0, 8, 407.37, 471231, 235, 31, 0
1095, 2, 358, 405, 40, 0, 57.74%, 5, 0, 8, 428.47, 473429, 235, 31, 0
1100, 2, 345, 405, 39, 0, 57.74%, 5, 0, 8, 441.30, 475653, 235, 31, 0
1105, 2, 376, 405, 38, 0, 57.74%, 5, 0, 8, 434.55, 477804, 235, 34, 0
1110, 2, 333, 405, 36, 0, 57.74%, 5, 0, 8, 438.46, 480017, 235, 34, 0
1115, 2, 281, 406, 36, 0, 57.74%, 5, 0, 8, 410.34, 482072, 235, 34, 0
1120, 2, 314, 406, 35, 0, 57.74%, 5, 0, 8, 418.84, 484250, 235, 34, 0
1125, 2, 154, 406, 34, 0, 57.74%, 5, 0, 8, 435.41, 486403, 235, 34, 0
1130, 2, 379, 407, 35, 0, 57.74%, 5, 0, 8, 454.17, 488724, 235, 39, 0
1135, 2, 281, 407, 33, 0, 57.74%, 5, 0, 8, 425.69, 490862, 235, 39, 0
1140, 2, 406, 407, 32, 0, 57.74%, 5, 0, 8, 420.99, 493053, 235, 39, 0
1146, 2, 26, 408, 30, 0, 57.74%, 5, 0, 8, 416.71, 495207, 235, 39, 0
1151, 2, 291, 408, 29, 0, 57.74%, 5, 0, 8, 440.30, 497469, 235, 40, 0
1156, 2, 275, 408, 28, 0, 57.74%, 5, 0, 8, 414.45, 499564, 235, 41, 0
1161, 2, 408, 409, 29, 1, 57.99%, 5, 0, 8, 431.20, 501719, 236, 45, 0
1166, 2, 373, 409, 28, 0, 57.99%, 5, 0, 8, 461.55, 504139, 236, 45, 0
1171, 2, 409, 410, 28, 1, 58.23%, 5, 0, 8, 433.78, 506295, 237, 45, 0
1176, 2, 291, 411, 27, 0, 58.23%, 5, 0, 8, 424.04, 508408, 237, 47, 0
1181, 2, 136, 411, 26, 0, 58.23%, 5, 0, 8, 432.76, 510574, 237, 48, 0
1186, 2, 291, 411, 25, 0, 58.23%, 5, 0, 8, 410.68, 512585, 237, 54, 0
1191, 2, 341, 411, 24, 0, 58.23%, 5, 0, 8, 412.47, 514697, 237, 54, 0
1196, 3, 434, 447, 60, 6, 61.43%, 5, 0, 8, 458.59, 517021, 250, 54, 0
1202, 3, 421, 450, 62, 5, 61.43%, 5, 0, 8, 422.78, 519203, 250, 54, 0
1207, 3, 437, 450, 60, 3, 61.43%, 5, 0, 8, 431.77, 521481, 250, 54, 0
1212, 3, 436, 450, 58, 1, 61.43%, 6, 0, 8, 401.21, 523529, 250, 56, 0
1217, 3, 100, 450, 56, 0, 61.43%, 6, 0, 8, 397.57, 525583, 250, 56, 0
1222, 3, 302, 450, 54, 0, 61.43%, 6, 0, 8, 416.45, 527772, 250, 56, 0
1227, 3, 437, 451, 53, 0, 61.67%, 7, 0, 8, 419.86, 529925, 251, 57, 0
1232, 3, 425, 451, 52, 0, 61.67%, 7, 0, 8, 433.33, 532117, 251, 57, 0
1237, 3, 442, 451, 51, 0, 61.67%, 7, 0, 8, 437.64, 534309, 251, 58, 0
1242, 3, 443, 451, 49, 0, 61.67%, 7, 0, 8, 430.39, 536505, 251, 58, 0
1247, 3, 7, 451, 48, 0, 61.67%, 7, 0, 8, 444.11, 538731, 251, 58, 0
1252, 3, 429, 451, 47, 0, 61.67%, 7, 0, 8, 429.04, 540844, 251, 58, 0
1257, 3, 444, 451, 45, 0, 61.67%, 7, 0, 8, 414.12, 542957, 251, 58, 0
1262, 3, 308, 451, 43, 0, 61.67%, 7, 0, 8, 425.06, 545118, 251, 59, 0
1267, 3, 409, 452, 43, 0, 61.67%, 7, 0, 8, 417.16, 547252, 251, 59, 0
1273, 3, 141, 452, 42, 0, 61.67%, 7, 0, 8, 435.83, 549493, 251, 59, 0
1278, 3, 321, 452, 41, 0, 61.67%, 7, 0, 8, 414.21, 551544, 251, 59, 0
1283, 3, 103, 452, 40, 0, 61.67%, 7, 0, 8, 420.27, 553691, 251, 59, 0
1288, 3, 181, 452, 38, 0, 61.67%, 7, 0, 8, 442.51, 555972, 251, 59, 0
1293, 3, 423, 452, 38, 0, 61.67%, 7, 0, 8, 437.83, 558217, 251, 61, 0
1298, 3, 391, 452, 37, 0, 61.67%, 7, 0, 8, 437.51, 560435, 251, 66, 0
1303, 3, 272, 452, 36, 0, 61.67%, 7, 0, 8, 445.43, 562704, 251, 66, 0
1308, 3, 440, 452, 35, 0, 61.67%, 7, 0, 8, 426.25, 564906, 251, 67, 0
1313, 3, 273, 452, 33, 0, 61.67%, 7, 0, 8, 421.86, 567086, 251, 67, 0
1318, 3, 174, 452, 32, 0, 61.67%, 7, 0, 8, 433.62, 569252, 251, 68, 0
1323, 3, 384, 452, 31, 0, 61.67%, 7, 0, 8, 414.11, 571308, 251, 68, 0
1328, 3, 413, 452, 30, 0, 61.67%, 7, 0, 8, 439.74, 573529, 251, 68, 0
1333, 3, 438, 452, 29, 0, 61.67%, 7, 0, 8, 415.63, 575556, 251, 68, 0
1338, 3, 392, 452, 28, 0, 61.67%, 7, 0, 8, 401.45, 577591, 251, 68, 0
1343, 3, 195, 452, 26, 0, 61.67%, 8, 0, 8, 426.39, 579714, 251, 73, 0
1349, 3, 428, 452, 26, 0, 61.67%, 8, 0, 8, 434.67, 581958, 251, 77, 0
1354, 3, 415, 452, 24, 0, 61.67%, 8, 0, 8, 438.58, 584167, 251, 77, 0
1359, 3, 185, 452, 22, 0, 61.67%, 8, 0, 8, 442.95, 586391, 251, 77, 0
1364, 3, 433, 452, 22, 0, 61.67%, 8, 0, 8, 434.92, 588615, 251, 77, 0
1369, 3, 129, 452, 21, 0, 61.67%, 8, 0, 8, 423.43, 590747, 251, 80, 0
1374, 3, 292, 452, 21, 0, 61.67%, 9, 0, 8, 422.87, 592898, 251, 83, 0
1379, 3, 279, 452, 20, 0, 61.67%, 9, 0, 8, 441.53, 595147, 251, 85, 0
1384, 3, 154, 452, 20, 0, 61.67%, 10, 0, 8, 427.55, 597309, 251, 88, 0
1389, 3, 325, 452, 19, 0, 61.67%, 10, 0, 8, 447.06, 599602, 251, 88, 0
1394, 3, 417, 452, 19, 0, 61.67%, 10, 0, 8, 434.38, 601837, 251, 88, 0
1399, 3, 154, 452, 18, 0, 61.67%, 10, 0, 8, 393.30, 603719, 251, 90, 0
1404, 3, 432, 452, 17, 0, 61.67%, 10, 0, 8, 438.15, 605992, 251, 91, 0
1409, 3, 452, 455, 19, 1, 61.92%, 10, 0, 8, 439.40, 608177, 252, 91, 0
1414, 3, 399, 456, 18, 0, 61.92%, 10, 0, 8, 468.39, 610596, 252, 93, 0
1420, 3, 368, 456, 17, 0, 61.92%, 10, 0, 8, 454.12, 612844, 252, 93, 0
1425, 3, 456, 457, 17, 1, 61.92%, 10, 0, 8, 442.66, 615133, 252, 93, 0
1430, 3, 206, 457, 16, 0, 61.92%, 10, 0, 8, 438.36, 617352, 252, 93, 0
1435, 3, 190, 458, 16, 0, 61.92%, 10, 0, 8, 455.76, 619684, 252, 94, 0
1440, 3, 424, 458, 15, 0, 61.92%, 10, 0, 8, 461.76, 621988, 252, 94, 0
1445, 3, 435, 458, 14, 0, 61.92%, 10, 0, 8, 447.51, 624242, 252, 94, 0
1450, 3, 213, 459, 13, 0, 61.92%, 10, 0, 8, 445.23, 626493, 252, 94, 0
1455, 3, 279, 459, 13, 0, 61.92%, 10, 0, 8, 463.77, 628894, 252, 98, 0
1460, 4, 22, 460, 13, 0, 61.92%, 10, 0, 8, 463.50, 631176, 252, 98, 0
1465, 4, 281, 460, 12, 0, 61.92%, 10, 0, 8, 474.91, 633592, 252, 99, 0
1471, 4, 430, 460, 12, 0, 61.92%, 10, 0, 8, 452.11, 635849, 252, 99, 0
1476, 4, 346, 460, 11, 0, 61.92%, 10, 0, 8, 444.51, 638056, 252, 99, 0
1481, 4, 298, 460, 10, 0, 61.92%, 10, 0, 8, 432.58, 640242, 252, 99, 0
1486, 4, 171, 461, 11, 0, 61.92%, 10, 0, 8, 443.43, 642475, 252, 101, 0
1491, 4, 459, 461, 11, 0, 61.92%, 10, 0, 8, 442.91, 644762, 252, 101, 0
1496, 4, 121, 461, 10, 0, 61.92%, 10, 0, 8, 449.48, 647070, 252, 101, 0
1501, 4, 409, 461, 10, 0, 61.92%, 10, 0, 8, 461.46, 649396, 252, 101, 0
1506, 4, 395, 461, 10, 0, 61.92%, 10, 0, 8, 434.23, 651560, 252, 101, 0
1511, 4, 427, 461, 10, 0, 61.92%, 10, 0, 8, 441.85, 653870, 252, 101, 0
1516, 4, 462, 463, 11, 2, 62.41%, 10, 0, 8, 432.22, 656045, 254, 102, 0
1521, 4, 461, 463, 10, 1, 62.41%, 10, 0, 8, 475.59, 658484, 254, 102, 0
1526, 4, 418, 463, 9, 0, 62.41%, 10, 0, 8, 442.51, 660728, 254, 103, 0
1531, 4, 395, 463, 8, 0, 62.41%, 10, 0, 8, 438.08, 663028, 254, 107, 0
1537, 4, 50, 463, 7, 0, 62.41%, 10, 0, 8, 442.69, 665261, 254, 109, 0
1542, 4, 279, 463, 7, 0, 62.41%, 10, 0, 8, 436.29, 667500, 254, 109, 0
1547, 4, 227, 463, 7, 0, 62.41%, 10, 0, 8, 442.52, 669831, 254, 109, 0
1552, 4, 341, 463, 7, 0, 62.41%, 10, 0, 8, 435.87, 671966, 254, 110, 0
1557, 4, 226, 463, 7, 0, 62.41%, 10, 0, 8, 415.73, 674056, 254, 117, 0
1562, 4, 456, 464, 7, 0, 62.41%, 10, 0, 8, 438.82, 676324, 254, 117, 0
1567, 4, 226, 464, 7, 0, 62.41%, 10, 0, 8, 424.87, 678478, 254, 117, 0
1572, 4, 421, 464, 7, 0, 62.41%, 10, 0, 8, 454.85, 680703, 254, 119, 0
1577, 4, 297, 464, 7, 0, 62.41%, 10, 0, 8, 443.46, 682977, 254, 119, 0
1582, 4, 240, 464, 7, 0, 62.41%, 10, 0, 8, 451.57, 685271, 254, 122, 0
1587, 4, 22, 464, 7, 0, 62.41%, 10, 0, 8, 420.74, 687329, 254, 123, 0
1592, 4, 292, 464, 7, 0, 62.41%, 10, 0, 8, 435.98, 689525, 254, 124, 0
1597, 4, 421, 464, 6, 0, 62.41%, 10, 0, 8, 480.36, 691972, 254, 125, 0
1602, 4, 22, 464, 5, 0, 62.41%, 10, 0, 8, 463.84, 694274, 254, 127, 0
1607, 4, 456, 464, 5, 0, 62.41%, 10, 0, 8, 456.88, 696616, 254, 127, 0
1613, 4, 38, 464, 4, 0, 62.41%, 10, 0, 8, 418.13, 698727, 254, 132, 0
1618, 4, 437, 464, 4, 0, 62.41%, 10, 0, 8, 427.54, 700857, 254, 135, 0
1623, 4, 423, 464, 4, 0, 62.41%, 10, 0, 8, 436.15, 703078, 254, 135, 0
1628, 4, 213, 464, 3, 0, 62.41%, 10, 0, 8, 456.97, 705391, 254, 139, 0
1633, 4, 7, 464, 3, 0, 62.41%, 10, 0, 8, 426.74, 707506, 254, 142, 0
1638, 4, 226, 464, 2, 0, 62.41%, 10, 0, 8, 425.89, 709641, 254, 144, 0
1643, 5, 467, 472, 10, 1, 62.41%, 10, 0, 8, 452.92, 711995, 254, 147, 0
1648, 5, 292, 472, 9, 0, 62.41%, 10, 0, 8, 460.91, 714266, 254, 152, 0
1653, 5, 443, 472, 8, 0, 62.41%, 11, 0, 8, 444.21, 716495, 254, 156, 0
1658, 5, 292, 472, 8, 0, 62.41%, 11, 0, 8, 437.39, 718710, 254, 157, 0
1663, 5, 462, 472, 7, 0, 62.41%, 11, 0, 8, 423.77, 720900, 254, 157, 0
1668, 5, 136, 472, 7, 0, 62.41%, 11, 0, 8, 430.58, 723128, 254, 159, 0
1673, 5, 154, 472, 7, 0, 62.41%, 11, 0, 8, 463.16, 725447, 254, 162, 0
1679, 5, 325, 472, 7, 0, 62.41%, 11, 0, 8, 429.05, 727658, 254, 163, 0
1684, 5, 177, 472, 6, 0, 62.41%, 11, 0, 8, 444.78, 729946, 254, 166, 0
1689, 5, 316, 472, 6, 0, 62.41%, 11, 0, 8, 414.81, 732034, 254, 167, 0
1694, 5, 228, 472, 6, 0, 62.41%, 11, 0, 8, 411.57, 734183, 254, 167, 0
1699, 5, 298, 472, 6, 0, 62.41%, 11, 0, 8, 448.06, 736466, 254, 167, 0
1704, 5, 291, 472, 6, 0, 62.41%, 11, 0, 8, 450.12, 738723, 254, 168, 0
1709, 5, 235, 472, 6, 0, 62.41%, 11, 0, 8, 458.90, 741041, 254, 174, 0
1714, 5, 335, 472, 6, 0, 62.41%, 11, 0, 8, 445.45, 743263, 254, 175, 0
1719, 5, 434, 472, 6, 0, 62.41%, 11, 0, 8, 445.84, 745521, 254, 177, 0
1724, 5, 275, 472, 6, 0, 62.41%, 11, 0, 8, 418.00, 747609, 254, 184, 0
1729, 5, 275, 472, 6, 0, 62.41%, 11, 0, 8, 420.61, 749776, 254, 184, 0
1734, 5, 235, 472, 5, 0, 62.41%, 11, 0, 8, 413.90, 751868, 254, 186, 0
1739, 5, 279, 472, 5, 0, 62.41%, 11, 0, 8, 427.65, 754035, 254, 189, 0
1745, 5, 141, 472, 5, 0, 62.41%, 11, 0, 8, 379.89, 755894, 254, 189, 0
1750, 5, 471, 472, 5, 0, 62.41%, 11, 0, 8, 401.11, 757939, 254, 191, 0
1755, 5, 395, 473, 5, 0, 62.41%, 11, 0, 8, 414.81, 760068, 254, 193, 0
1760, 5, 154, 473, 5, 0, 62.41%, 11, 0, 8, 417.12, 762165, 254, 193, 0
1765, 5, 80, 473, 5, 0, 62.41%, 11, 0, 8, 429.84, 764362, 254, 195, 0
1770, 5, 112, 473, 5, 0, 62.41%, 11, 0, 8, 408.89, 766397, 254, 202, 0
1775, 5, 264, 473, 5, 0, 62.41%, 11, 0, 8, 434.25, 768559, 254, 202, 0
1780, 5, 466, 473, 5, 0, 62.41%, 11, 0, 8, 417.27, 770676, 254, 202, 0
1785, 5, 292, 473, 3, 0, 62.41%, 11, 0, 8, 428.86, 772844, 254, 203, 0
1790, 5, 302, 473, 3, 0, 62.41%, 11, 0, 8, 437.62, 775053, 254, 209, 0
1795, 5, 226, 473, 3, 0, 62.41%, 11, 0, 8, 419.33, 777124, 254, 209, 0
1800, 5, 473, 474, 4, 1, 62.41%, 11, 0, 8, 443.67, 779331, 254, 209, 0
1804, 5, 240, 474, 3, 0, 62.41%, 11, 0, 8, 418.68, 781084, 254, 209, 0
