# relative_time, cycles_done, cur_item, corpus_count, pending_total, pending_favs, map_size, saved_crashes, saved_hangs, max_depth, execs_per_sec, total_execs, edges_found, total_crashes, servers_count
60, 0, 9, 75, 70, 4, 30.71%, 0, 0, 2, 456.56, 26550, 125, 0, 0
65, 0, 9, 76, 71, 4, 30.71%, 0, 0, 2, 461.52, 28849, 125, 0, 0
71, 0, 9, 76, 71, 4, 30.71%, 0, 0, 2, 418.11, 30901, 125, 0, 0
76, 0, 9, 78, 73, 4, 30.71%, 0, 0, 2, 430.42, 33067, 125, 0, 0
81, 0, 9, 79, 74, 4, 30.71%, 0, 0, 2, 423.20, 35218, 125, 0, 0
86, 0, 9, 79, 74, 4, 30.71%, 0, 0, 2, 413.50, 37331, 125, 0, 0
91, 0, 9, 79, 74, 4, 30.71%, 0, 0, 2, 444.62, 39555, 125, 0, 0
96, 0, 9, 79, 74, 4, 30.71%, 0, 0, 2, 417.78, 41675, 125, 0, 0
101, 0, 9, 79, 74, 4, 30.71%, 0, 0, 2, 432.56, 43867, 125, 0, 0
106, 0, 9, 79, 74, 4, 30.71%, 0, 0, 2, 430.95, 46091, 125, 0, 0
111, 0, 9, 81, 76, 4, 30.71%, 0, 0, 2, 437.63, 48265, 125, 0, 0
116, 0, 9, 82, 77, 4, 30.71%, 0, 0, 2, 456.32, 50627, 125, 0, 0
121, 0, 9, 82, 77, 4, 30.71%, 0, 0, 2, 414.00, 52648, 125, 0, 0
126, 0, 9, 113, 107, 3, 42.26%, 0, 0, 2, 413.63, 54751, 172, 0, 0
131, 0, 3, 129, 116, 23, 43.24%, 0, 0, 3, 429.45, 56966, 176, 0, 0
136, 0, 98, 131, 116, 23, 44.23%, 0, 0, 3, 400.42, 59030, 180, 0, 0
141, 0, 98, 137, 122, 23, 44.23%, 0, 0, 3, 397.93, 61100, 180, 0, 0
146, 0, 98, 137, 122, 23, 44.23%, 0, 0, 3, 407.89, 63124, 180, 0, 0
152, 0, 98, 140, 125, 23, 44.23%, 0, 0, 3, 457.29, 65625, 180, 0, 0
157, 0, 98, 141, 126, 23, 44.23%, 0, 0, 3, 407.65, 67664, 180, 0, 0
162, 0, 98, 142, 127, 23, 44.23%, 0, 0, 3, 433.34, 69863, 180, 0, 0
167, 0, 98, 142, 127, 23, 44.23%, 0, 0, 3, 442.77, 72101, 180, 0, 0
172, 0, 98, 143, 128, 23, 44.23%, 0, 0, 3, 437.26, 74358, 180, 0, 0
177, 0, 98, 143, 128, 23, 44.23%, 0, 0, 3, 415.09, 76446, 180, 0, 0
182, 0, 98, 144, 129, 23, 44.23%, 0, 0, 3, 412.60, 78533, 180, 0, 0
187, 0, 98, 144, 129, 23, 44.23%, 0, 0, 3, 439.21, 80781, 180, 0, 0
192, 0, 98, 144, 129, 23, 44.23%, 0, 0, 3, 456.18, 83032, 180, 0, 0
197, 0, 98, 144, 129, 23, 44.23%, 0, 0, 3, 436.92, 85197, 180, 0, 0
202, 0, 98, 145, 130, 23, 44.23%, 0, 0, 3, 422.82, 87396, 180, 0, 0
207, 0, 98, 146, 131, 23, 44.23%, 0, 0, 3, 407.81, 89427, 180, 0, 0
213, 0, 98, 146, 131, 23, 44.23%, 0, 0, 3, 425.53, 91587, 180, 0, 0
218, 0, 98, 146, 131, 23, 44.23%, 0, 0, 3, 396.31, 93593, 180, 0, 0
223, 0, 98, 146, 131, 23, 44.23%, 0, 0, 3, 385.24, 95490, 180, 0, 0
228, 0, 98, 146, 131, 23, 44.23%, 0, 0, 3, 414.65, 97651, 180, 0, 0
233, 0, 98, 147, 132, 23, 44.23%, 0, 0, 3, 461.73, 99986, 180, 0, 0
238, 0, 98, 148, 133, 23, 44.23%, 0, 0, 3, 424.78, 102201, 180, 0, 0
243, 0, 98, 148, 133, 23, 44.23%, 0, 0, 3, 435.44, 104393, 180, 0, 0
248, 0, 98, 148, 133, 23, 44.23%, 0, 0, 3, 405.88, 106417, 180, 0, 0
253, 0, 98, 148, 133, 23, 44.23%, 0, 0, 3, 427.21, 108593, 180, 0, 0
258, 0, 84, 148, 132, 23, 44.23%, 0, 0, 3, 484.29, 111049, 180, 0, 0
263, 0, 0, 148, 131, 22, 44.23%, 0, 0, 3, 451.14, 113159, 180, 0, 0
268, 0, 90, 148, 128, 19, 44.23%, 0, 0, 3, 413.60, 115181, 180, 0, 0
273, 0, 123, 154, 133, 18, 44.47%, 0, 0, 3, 414.89, 117309, 181, 0, 0
278, 0, 45, 154, 131, 18, 44.47%, 0, 0, 3, 419.14, 119393, 181, 0, 0
284, 0, 87, 155, 130, 16, 44.47%, 0, 0, 3, 402.26, 121448, 181, 0, 0
289, 0, 91, 157, 131, 15, 44.47%, 0, 0, 3, 397.77, 123539, 181, 0, 0
294, 0, 91, 159, 133, 15, 44.47%, 0, 0, 3, 364.76, 125374, 181, 0, 0
299, 0, 91, 160, 134, 15, 44.47%, 0, 0, 3, 378.80, 127341, 181, 0, 0
304, 0, 91, 160, 134, 15, 44.47%, 0, 0, 3, 370.84, 129252, 181, 0, 0
309, 0, 91, 160, 134, 15, 44.47%, 0, 0, 3, 366.84, 131135, 181, 0, 0
314, 0, 89, 160, 133, 14, 44.47%, 0, 0, 3, 368.29, 132993, 181, 0, 0
319, 0, 74, 161, 133, 13, 44.47%, 0, 0, 3, 397.43, 135089, 181, 0, 0
324, 0, 103, 162, 132, 11, 44.47%, 0, 0, 3, 400.81, 137117, 181, 0, 0
329, 0, 103, 169, 139, 11, 44.47%, 0, 0, 3, 382.42, 139039, 181, 0, 0
334, 0, 103, 173, 143, 11, 44.47%, 0, 0, 3, 402.48, 141141, 181, 0, 0
340, 0, 103, 173, 143, 11, 44.47%, 0, 0, 3, 432.58, 143333, 181, 0, 0
345, 0, 103, 174, 144, 11, 44.47%, 0, 0, 3, 437.87, 145573, 181, 0, 0
350, 0, 103, 176, 146, 11, 44.47%, 0, 0, 3, 403.48, 147635, 181, 0, 0
355, 0, 103, 177, 147, 11, 44.47%, 0, 0, 3, 398.54, 149680, 181, 0, 0
360, 0, 103, 177, 147, 11, 44.47%, 0, 0, 3, 418.85, 151786, 181, 0, 0
365, 0, 103, 177, 147, 11, 44.47%, 0, 0, 3, 405.06, 153866, 181, 0, 0
370, 0, 103, 177, 147, 11, 44.47%, 0, 0, 3, 434.01, 156162, 181, 0, 0
375, 0, 103, 178, 148, 11, 44.47%, 0, 0, 3, 427.12, 158329, 181, 0, 0
380, 0, 103, 178, 148, 11, 44.47%, 0, 0, 3, 443.33, 160489, 181, 0, 0
385, 0, 103, 179, 149, 11, 44.47%, 0, 0, 3, 430.12, 162648, 181, 0, 0
390, 0, 103, 180, 150, 11, 44.47%, 0, 0, 3, 407.40, 164751, 181, 0, 0
395, 0, 103, 180, 150, 11, 44.47%, 0, 0, 3, 400.52, 166751, 181, 0, 0
400, 0, 103, 180, 150, 11, 44.47%, 0, 0, 3, 411.74, 168831, 181, 0, 0
405, 0, 103, 181, 151, 11, 44.47%, 0, 0, 3, 403.15, 170910, 181, 0, 0
411, 0, 103, 181, 151, 11, 44.47%, 0, 0, 3, 410.16, 172998, 181, 0, 0
416, 0, 103, 181, 151, 11, 44.47%, 0, 0, 3, 429.14, 175134, 181, 0, 0
421, 0, 15, 181, 148, 9, 44.47%, 0, 0, 3, 397.18, 177117, 181, 0, 0
426, 0, 116, 182, 148, 8, 44.47%, 0, 0, 3, 392.24, 179204, 181, 0, 0
431, 0, 116, 182, 148, 8, 44.47%, 0, 0, 3, 378.48, 181045, 181, 0, 0
436, 0, 116, 182, 148, 8, 44.47%, 0, 0, 3, 374.83, 182956, 181, 0, 0
441, 0, 154, 185, 149, 7, 44.47%, 0, 0, 3, 390.51, 184918, 181, 0, 0
446, 0, 58, 188, 150, 5, 44.47%, 0, 0, 4, 447.15, 187269, 181, 0, 0
451, 0, 130, 190, 147, 0, 44.47%, 0, 0, 4, 417.57, 189471, 181, 0, 0
457, 0, 35, 190, 144, 0, 44.47%, 0, 0, 4, 433.51, 191677, 181, 0, 0
462, 0, 91, 190, 140, 0, 44.47%, 0, 0, 4, 415.91, 193780, 181, 0, 0
467, 0, 110, 192, 142, 0, 44.47%, 0, 0, 4, 405.21, 195815, 181, 0, 0
472, 0, 3, 192, 137, 0, 44.47%, 0, 0, 4, 423.32, 198011, 181, 0, 0
477, 0, 158, 192, 135, 0, 44.47%, 0, 0, 4, 403.06, 199978, 181, 0, 0
482, 0, 190, 192, 134, 0, 44.47%, 0, 0, 4, 416.14, 202089, 181, 0, 0
487, 0, 190, 234, 176, 0, 44.47%, 0, 0, 4, 388.16, 204029, 181, 0, 0
492, 0, 190, 241, 183, 0, 44.47%, 0, 0, 4, 429.93, 206225, 181, 0, 0
497, 0, 190, 244, 186, 0, 44.47%, 0, 0, 4, 421.55, 208302, 181, 0, 0
502, 0, 190, 249, 191, 0, 44.47%, 0, 0, 4, 410.76, 210385, 181, 0, 0
507, 0, 235, 250, 191, 1, 44.47%, 0, 0, 4, 414.69, 212520, 181, 0, 0
512, 0, 198, 250, 189, 0, 44.47%, 0, 0, 4, 401.90, 214539, 181, 0, 0
517, 0, 219, 250, 187, 0, 44.47%, 0, 0, 4, 403.39, 216530, 181, 0, 0
523, 0, 134, 251, 184, 0, 44.47%, 0, 0, 4, 402.93, 218662, 181, 0, 0
528, 0, 223, 251, 183, 0, 44.47%, 0, 0, 4, 385.59, 220671, 181, 0, 0
533, 0, 242, 251, 180, 0, 44.47%, 0, 0, 4, 419.67, 222778, 181, 0, 0
538, 0, 164, 252, 179, 0, 44.47%, 0, 0, 5, 421.12, 224904, 181, 0, 0
543, 0, 121, 253, 177, 0, 44.47%, 0, 0, 5, 395.72, 226852, 181, 0, 0
548, 0, 189, 255, 176, 0, 44.47%, 0, 0, 5, 384.65, 228827, 181, 0, 0
553, 0, 236, 255, 174, 0, 44.47%, 0, 0, 5, 412.15, 230947, 181, 0, 0
558, 0, 236, 260, 179, 0, 44.47%, 0, 0, 5, 419.26, 233126, 181, 0, 0
563, 0, 236, 260, 179, 0, 44.47%, 0, 0, 5, 404.08, 235214, 181, 0, 0
568, 0, 236, 260, 179, 0, 44.47%, 0, 0, 5, 390.01, 237231, 181, 0, 0
573, 0, 112, 260, 176, 0, 44.47%, 0, 0, 5, 382.08, 239137, 181, 0, 0
578, 0, 241, 260, 173, 0, 44.47%, 0, 0, 5, 396.51, 241200, 181, 0, 0
584, 0, 199, 260, 172, 0, 44.47%, 0, 0, 5, 398.77, 243220, 181, 0, 0
589, 0, 256, 262, 171, 0, 44.47%, 0, 0, 5, 442.96, 245576, 181, 0, 0
594, 0, 36, 262, 167, 0, 44.47%, 0, 0, 5, 410.82, 247644, 181, 0, 0
599, 0, 24, 264, 166, 0, 44.47%, 0, 0, 5, 411.00, 249705, 181, 0, 0
604, 0, 201, 265, 167, 0, 44.47%, 0, 0, 5, 430.52, 251865, 181, 0, 0
609, 0, 258, 265, 165, 0, 44.47%, 0, 0, 5, 426.55, 254026, 181, 0, 0
614, 0, 224, 265, 163, 0, 44.47%, 0, 0, 5, 387.07, 255955, 181, 0, 0
619, 0, 38, 268, 165, 0, 44.47%, 0, 0, 5, 373.95, 257883, 181, 0, 0
624, 0, 203, 268, 162, 0, 44.47%, 0, 0, 5, 402.94, 259977, 181, 0, 0
629, 0, 235, 269, 161, 0, 44.47%, 0, 0, 5, 390.42, 261948, 181, 0, 0
634, 0, 151, 269, 159, 0, 44.47%, 0, 0, 5, 400.46, 264001, 181, 0, 0
639, 0, 115, 269, 157, 0, 44.47%, 0, 0, 5, 402.58, 266081, 181, 0, 0
644, 0, 223, 269, 155, 0, 44.47%, 0, 0, 5, 397.22, 268078, 181, 0, 0
649, 0, 76, 269, 154, 0, 44.47%, 0, 0, 5, 411.24, 270155, 181, 0, 0
655, 0, 215, 269, 152, 0, 44.47%, 0, 0, 5, 400.56, 272167, 181, 0, 0
660, 0, 207, 270, 151, 0, 44.47%, 0, 0, 5, 397.64, 274198, 181, 0, 0
665, 0, 237, 270, 150, 0, 44.47%, 0, 0, 5, 424.62, 276376, 181, 0, 0
670, 0, 107, 274, 153, 0, 44.47%, 0, 0, 5, 418.49, 278491, 181, 0, 0
675, 0, 221, 275, 152, 0, 44.47%, 0, 0, 6, 397.84, 280529, 181, 0, 0
680, 0, 194, 275, 151, 0, 44.47%, 0, 0, 6, 398.97, 282564, 181, 0, 0
685, 0, 113, 275, 149, 0, 44.47%, 0, 0, 6, 405.02, 284607, 181, 0, 0
690, 1, 248, 275, 148, 0, 44.47%, 0, 0, 6, 421.19, 286709, 181, 0, 0
695, 1, 218, 275, 145, 0, 44.47%, 0, 0, 6, 437.03, 288924, 181, 0, 0
701, 1, 8, 277, 145, 0, 44.72%, 0, 0, 6, 411.52, 290954, 182, 0, 0
706, 1, 247, 277, 141, 0, 44.72%, 0, 0, 6, 384.40, 292949, 182, 0, 0
711, 1, 214, 277, 140, 0, 44.72%, 0, 0, 6, 380.36, 294857, 182, 0, 0
716, 1, 234, 277, 138, 0, 44.72%, 0, 0, 6, 423.71, 297085, 182, 0, 0
721, 1, 195, 277, 136, 0, 44.72%, 0, 0, 6, 419.73, 299190, 182, 0, 0
726, 1, 171, 279, 135, 0, 44.72%, 0, 0, 6, 415.01, 301282, 182, 0, 0
731, 1, 273, 281, 134, 0, 44.72%, 0, 0, 6, 431.85, 303497, 182, 0, 0
736, 1, 274, 281, 132, 0, 44.72%, 0, 0, 6, 411.95, 305551, 182, 0, 0
741, 1, 211, 281, 129, 0, 44.72%, 0, 0, 6, 393.27, 307528, 182, 0, 0
746, 1, 193, 281, 125, 0, 44.72%, 0, 0, 6, 389.85, 309577, 182, 0, 0
751, 1, 30, 284, 125, 0, 44.72%, 0, 0, 6, 412.39, 311754, 182, 0, 0
756, 1, 228, 285, 125, 0, 44.72%, 0, 0, 6, 409.62, 313875, 182, 0, 0
761, 1, 71, 285, 121, 0, 44.72%, 0, 0, 6, 427.62, 316117, 182, 0, 0
767, 1, 285, 286, 118, 1, 44.96%, 0, 0, 6, 472.28, 318457, 183, 0, 0
772, 1, 280, 289, 118, 0, 45.21%, 0, 0, 6, 452.02, 320726, 184, 0, 0
777, 1, 265, 291, 119, 0, 45.21%, 0, 0, 6, 411.96, 322769, 184, 0, 0
782, 1, 175, 294, 117, 0, 45.21%, 0, 0, 6, 411.07, 324846, 184, 0, 0
787, 1, 287, 294, 113, 0, 45.21%, 0, 0, 6, 423.61, 326944, 184, 0, 0
792, 1, 210, 294, 111, 0, 45.21%, 0, 0, 6, 416.82, 329086, 184, 0, 0
797, 1, 115, 295, 109, 0, 45.21%, 0, 0, 6, 415.24, 331219, 184, 0, 0
802, 1, 202, 295, 108, 0, 45.21%, 0, 0, 6, 411.25, 333364, 184, 0, 0
807, 1, 100, 295, 106, 0, 45.21%, 0, 0, 6, 408.22, 335552, 184, 0, 0
813, 1, 249, 296, 105, 0, 45.21%, 0, 0, 6, 424.89, 337716, 184, 0, 0
818, 1, 213, 296, 103, 0, 45.21%, 0, 0, 6, 438.23, 339938, 184, 0, 0
823, 1, 200, 296, 102, 0, 45.21%, 0, 0, 6, 415.90, 341987, 184, 0, 0
828, 1, 246, 297, 100, 0, 45.21%, 0, 0, 6, 403.09, 344021, 184, 0, 0
833, 1, 157, 297, 98, 0, 45.21%, 0, 0, 6, 424.01, 346182, 184, 0, 0
838, 1, 81, 297, 95, 0, 45.21%, 0, 0, 6, 436.80, 348374, 184, 0, 0
843, 1, 120, 297, 92, 0, 45.21%, 0, 0, 6, 414.13, 350389, 184, 0, 0
848, 1, 87, 297, 90, 0, 45.21%, 0, 0, 6, 417.27, 352570, 184, 0, 0
853, 1, 250, 299, 88, 0, 45.21%, 0, 0, 6, 438.87, 354754, 184, 0, 0
858, 1, 255, 299, 85, 0, 45.21%, 0, 0, 6, 430.06, 356921, 184, 0, 0
863, 1, 289, 299, 84, 0, 45.21%, 0, 0, 6, 436.10, 359174, 184, 0, 0
868, 1, 278, 299, 82, 0, 45.21%, 0, 0, 6, 388.11, 361127, 184, 0, 0
873, 1, 59, 299, 79, 0, 45.21%, 0, 0, 6, 402.98, 363229, 184, 0, 0
878, 1, 238, 299, 76, 0, 45.21%, 0, 0, 6, 450.88, 365528, 184, 0, 0
883, 1, 257, 299, 74, 0, 45.21%, 0, 0, 6, 462.71, 367908, 184, 0, 0
888, 1, 272, 299, 72, 0, 45.21%, 0, 0, 6, 437.64, 370125, 184, 0, 0
894, 1, 287, 299, 68, 0, 45.21%, 0, 0, 6, 460.68, 372440, 184, 0, 0
899, 1, 222, 299, 66, 0, 45.21%, 0, 0, 6, 456.80, 374722, 184, 0, 0
900, 1, 222, 299, 66, 0, 45.21%, 0, 0, 6, 455.07, 375462, 184, 0, 0
