# relative_time, cycles_done, cur_item, corpus_count, pending_total, pending_favs, map_size, saved_crashes, saved_hangs, max_depth, execs_per_sec, total_execs, edges_found, total_crashes, servers_count
60, 0, 9, 95, 90, 3, 30.96%, 0, 0, 2, 444.16, 28331, 126, 0, 0
65, 0, 9, 97, 92, 3, 30.96%, 0, 0, 2, 443.40, 30593, 126, 0, 0
71, 0, 9, 98, 93, 3, 30.96%, 0, 0, 2, 449.91, 32948, 126, 0, 0
76, 0, 9, 98, 93, 3, 30.96%, 0, 0, 2, 458.05, 35306, 126, 0, 0
81, 0, 9, 99, 94, 3, 30.96%, 0, 0, 2, 448.37, 37527, 126, 0, 0
86, 0, 9, 100, 95, 3, 30.96%, 0, 0, 2, 424.03, 39678, 126, 0, 0
91, 0, 9, 101, 96, 3, 30.96%, 0, 0, 2, 461.65, 42041, 126, 0, 0
96, 0, 9, 103, 98, 3, 30.96%, 0, 0, 2, 460.86, 44350, 126, 0, 0
101, 0, 9, 104, 99, 3, 30.96%, 0, 0, 2, 441.17, 46618, 126, 0, 0
106, 0, 9, 104, 99, 3, 30.96%, 0, 0, 2, 448.27, 48914, 126, 0, 0
111, 0, 9, 105, 100, 3, 30.96%, 0, 0, 2, 452.61, 51276, 126, 0, 0
116, 0, 9, 105, 100, 3, 30.96%, 0, 0, 2, 454.12, 53522, 126, 0, 0
121, 0, 10, 121, 114, 23, 33.91%, 0, 0, 3, 460.49, 55880, 138, 0, 0
126, 0, 29, 121, 107, 17, 33.91%, 0, 0, 3, 439.40, 58048, 138, 0, 0
131, 0, 109, 121, 104, 14, 33.91%, 0, 0, 3, 429.24, 60242, 138, 0, 0
136, 0, 109, 121, 104, 14, 33.91%, 0, 0, 3, 403.09, 62291, 138, 0, 0
142, 0, 19, 121, 103, 13, 33.91%, 0, 0, 3, 415.30, 64243, 138, 0, 0
147, 0, 124, 128, 107, 16, 36.36%, 0, 0, 3, 420.58, 66437, 148, 0, 0
152, 0, 124, 142, 121, 16, 38.08%, 1, 0, 3, 436.26, 68692, 155, 1, 0
157, 0, 124, 148, 127, 16, 38.08%, 1, 0, 3, 443.79, 70975, 155, 1, 0
162, 0, 124, 148, 127, 16, 38.08%, 1, 0, 3, 440.24, 73303, 155, 1, 0
167, 0, 124, 149, 128, 16, 38.08%, 1, 0, 3, 423.80, 75478, 155, 1, 0
172, 0, 124, 150, 129, 16, 38.08%, 1, 0, 3, 426.31, 77693, 155, 1, 0
177, 0, 124, 152, 131, 16, 38.08%, 1, 0, 3, 429.93, 79875, 155, 1, 0
182, 0, 124, 153, 132, 16, 38.08%, 1, 0, 3, 418.40, 82042, 155, 1, 0
187, 0, 124, 153, 132, 16, 38.08%, 1, 0, 3, 448.03, 84322, 155, 1, 0
193, 0, 124, 154, 133, 16, 38.08%, 1, 0, 3, 440.20, 86585, 155, 1, 0
198, 0, 124, 155, 134, 16, 38.08%, 1, 0, 3, 417.24, 88672, 155, 1, 0
203, 0, 124, 156, 135, 16, 38.08%, 2, 0, 3, 427.09, 90887, 155, 2, 0
208, 0, 124, 156, 135, 16, 38.08%, 2, 0, 3, 434.41, 93135, 155, 2, 0
213, 0, 124, 157, 136, 16, 38.08%, 2, 0, 3, 415.78, 95294, 155, 2, 0
218, 0, 124, 157, 136, 16, 38.08%, 2, 0, 3, 422.81, 97382, 155, 2, 0
223, 0, 124, 158, 137, 16, 38.08%, 2, 0, 3, 441.37, 99653, 155, 2, 0
228, 0, 124, 159, 138, 16, 38.08%, 2, 0, 3, 450.56, 102035, 155, 2, 0
233, 0, 124, 160, 139, 16, 38.08%, 2, 0, 3, 448.05, 104307, 155, 2, 0
238, 0, 124, 160, 139, 16, 38.08%, 2, 0, 3, 456.30, 106632, 155, 3, 0
243, 0, 124, 160, 139, 16, 38.08%, 2, 0, 3, 459.11, 108963, 155, 3, 0
248, 0, 124, 161, 140, 16, 38.08%, 2, 0, 3, 449.65, 111250, 155, 3, 0
254, 0, 124, 161, 140, 16, 38.08%, 2, 0, 3, 456.89, 113497, 155, 3, 0
259, 0, 124, 161, 140, 16, 38.08%, 2, 0, 3, 438.29, 115690, 155, 3, 0
264, 0, 124, 161, 140, 16, 38.08%, 2, 0, 3, 450.27, 118006, 155, 3, 0
269, 0, 141, 161, 139, 16, 38.08%, 2, 0, 3, 447.53, 120258, 155, 3, 0
274, 0, 117, 163, 138, 13, 38.08%, 2, 0, 4, 449.75, 122521, 155, 3, 0
279, 0, 117, 171, 146, 13, 38.08%, 2, 0, 4, 450.05, 124833, 155, 3, 0
284, 0, 117, 171, 146, 13, 38.08%, 2, 0, 4, 438.19, 126977, 155, 3, 0
289, 0, 117, 172, 147, 13, 38.08%, 2, 0, 4, 458.99, 129410, 155, 3, 0
294, 0, 117, 173, 148, 13, 38.08%, 2, 0, 4, 470.03, 131767, 155, 3, 0
299, 0, 159, 177, 149, 11, 38.08%, 2, 0, 5, 480.98, 134237, 155, 3, 0
304, 0, 128, 179, 148, 8, 38.08%, 2, 0, 5, 467.07, 136542, 155, 3, 0
309, 0, 129, 180, 147, 7, 38.08%, 2, 0, 5, 464.62, 138831, 155, 3, 0
314, 0, 125, 181, 147, 6, 38.08%, 2, 0, 5, 476.24, 141187, 155, 3, 0
320, 0, 85, 186, 150, 4, 38.08%, 2, 0, 5, 438.63, 143382, 155, 3, 0
325, 0, 68, 191, 153, 3, 38.08%, 2, 0, 5, 446.44, 145711, 155, 3, 0
330, 0, 68, 193, 155, 3, 38.08%, 2, 0, 5, 450.65, 148038, 155, 3, 0
335, 0, 68, 193, 155, 3, 38.08%, 2, 0, 5, 455.78, 150342, 155, 3, 0
340, 0, 68, 194, 156, 3, 38.08%, 2, 0, 5, 450.55, 152617, 155, 3, 0
345, 0, 68, 196, 158, 3, 38.08%, 2, 0, 5, 467.07, 155025, 155, 3, 0
350, 0, 68, 197, 159, 3, 38.08%, 2, 0, 5, 457.59, 157363, 155, 3, 0
355, 0, 68, 197, 159, 3, 38.08%, 2, 0, 5, 448.06, 159676, 155, 3, 0
360, 0, 68, 197, 159, 3, 38.08%, 2, 0, 5, 447.42, 161962, 155, 3, 0
366, 0, 68, 197, 159, 3, 38.08%, 2, 0, 5, 444.95, 164268, 155, 3, 0
371, 0, 68, 198, 160, 3, 38.08%, 2, 0, 5, 458.48, 166559, 155, 3, 0
376, 0, 68, 198, 160, 3, 38.08%, 2, 0, 5, 419.37, 168723, 155, 3, 0
381, 0, 68, 198, 160, 3, 38.08%, 2, 0, 5, 422.11, 170883, 155, 3, 0
386, 0, 68, 198, 160, 3, 38.08%, 2, 0, 5, 432.08, 173099, 155, 3, 0
391, 0, 116, 198, 156, 0, 38.08%, 2, 0, 5, 441.14, 175334, 155, 3, 0
396, 0, 179, 200, 155, 0, 38.08%, 2, 0, 5, 443.33, 177620, 155, 3, 0
401, 0, 135, 205, 159, 0, 38.08%, 2, 0, 5, 456.53, 179935, 155, 4, 0
406, 0, 135, 206, 160, 0, 38.08%, 2, 0, 5, 462.54, 182203, 155, 4, 0
411, 0, 135, 206, 160, 0, 38.08%, 2, 0, 5, 458.69, 184516, 155, 4, 0
416, 0, 105, 206, 157, 0, 38.08%, 2, 0, 5, 412.70, 186555, 155, 4, 0
421, 0, 141, 207, 155, 0, 38.08%, 2, 0, 5, 418.19, 188704, 155, 4, 0
427, 0, 95, 207, 150, 0, 38.08%, 2, 0, 5, 425.80, 190892, 155, 4, 0
432, 0, 84, 209, 146, 0, 38.08%, 2, 0, 5, 446.06, 193197, 155, 4, 0
437, 0, 112, 209, 144, 0, 38.08%, 2, 0, 5, 419.84, 195341, 155, 4, 0
442, 0, 51, 212, 144, 0, 38.08%, 2, 0, 5, 442.32, 197550, 155, 4, 0
447, 0, 183, 212, 142, 0, 38.08%, 2, 0, 5, 445.92, 199838, 155, 4, 0
452, 0, 70, 212, 140, 0, 38.08%, 2, 0, 5, 432.83, 201964, 155, 4, 0
457, 0, 93, 212, 138, 0, 38.08%, 2, 0, 5, 451.88, 204239, 155, 4, 0
462, 0, 198, 212, 134, 0, 38.08%, 2, 0, 5, 440.07, 206441, 155, 4, 0
467, 0, 199, 212, 131, 0, 38.08%, 2, 0, 5, 462.56, 208830, 155, 4, 0
472, 0, 113, 212, 129, 0, 38.08%, 2, 0, 5, 469.39, 211262, 155, 4, 0
477, 0, 189, 212, 125, 0, 38.08%, 2, 0, 5, 456.75, 213571, 155, 4, 0
482, 0, 127, 212, 122, 0, 38.08%, 2, 0, 5, 473.40, 215954, 155, 4, 0
487, 0, 48, 214, 121, 0, 38.08%, 2, 0, 5, 464.28, 218340, 155, 4, 0
492, 0, 56, 214, 119, 0, 38.08%, 2, 0, 5, 453.33, 220644, 155, 4, 0
498, 0, 131, 219, 124, 0, 38.08%, 2, 0, 5, 451.08, 222890, 155, 4, 0
503, 0, 131, 222, 127, 0, 38.08%, 2, 0, 5, 452.27, 225115, 155, 4, 0
508, 0, 131, 224, 129, 0, 38.08%, 2, 0, 5, 458.26, 227527, 155, 4, 0
513, 0, 131, 226, 131, 0, 38.08%, 2, 0, 5, 442.76, 229743, 155, 4, 0
518, 0, 221, 226, 130, 1, 38.08%, 2, 0, 5, 441.45, 232039, 155, 4, 0
523, 0, 92, 226, 128, 0, 38.08%, 2, 0, 5, 475.17, 234443, 155, 4, 0
528, 0, 191, 226, 126, 0, 38.08%, 2, 0, 5, 474.77, 236792, 155, 4, 0
533, 0, 122, 227, 124, 0, 38.08%, 2, 0, 5, 466.05, 239237, 155, 4, 0
538, 1, 224, 227, 122, 0, 38.08%, 2, 0, 5, 431.95, 241401, 155, 4, 0
543, 1, 216, 230, 124, 0, 38.08%, 2, 0, 5, 425.53, 243568, 155, 4, 0
548, 1, 216, 231, 125, 0, 38.08%, 2, 0, 5, 450.81, 245882, 155, 4, 0
553, 1, 56, 231, 120, 0, 38.08%, 2, 0, 5, 442.01, 248110, 155, 4, 0
558, 1, 228, 231, 116, 0, 38.08%, 2, 0, 5, 449.30, 250321, 155, 4, 0
563, 1, 17, 232, 113, 0, 38.08%, 2, 0, 5, 438.40, 252494, 155, 4, 0
568, 1, 134, 232, 111, 0, 38.08%, 2, 0, 5, 435.10, 254676, 155, 4, 0
573, 1, 179, 233, 107, 0, 38.08%, 2, 0, 5, 425.43, 256844, 155, 4, 0
579, 1, 118, 234, 104, 0, 38.08%, 2, 0, 5, 431.83, 259001, 155, 4, 0
584, 1, 126, 235, 102, 0, 38.08%, 2, 0, 5, 413.84, 261156, 155, 4, 0
589, 1, 32, 235, 98, 0, 38.08%, 2, 0, 5, 425.87, 263336, 155, 4, 0
594, 1, 227, 236, 96, 0, 38.08%, 2, 0, 5, 431.44, 265565, 155, 4, 0
599, 1, 123, 236, 93, 0, 38.08%, 2, 0, 5, 448.52, 267836, 155, 4, 0
604, 1, 115, 236, 89, 0, 38.08%, 2, 0, 5, 449.54, 270077, 155, 4, 0
609, 1, 236, 238, 90, 1, 38.33%, 2, 0, 5, 421.05, 272156, 156, 4, 0
614, 1, 228, 239, 89, 0, 38.33%, 2, 0, 6, 452.29, 274379, 156, 4, 0
619, 1, 39, 240, 90, 0, 38.33%, 2, 0, 6, 442.49, 276556, 156, 4, 0
624, 1, 145, 240, 86, 0, 38.33%, 2, 0, 6, 434.82, 278762, 156, 4, 0
629, 1, 44, 240, 82, 0, 38.33%, 2, 0, 6, 427.01, 280937, 156, 4, 0
634, 1, 222, 240, 78, 0, 38.33%, 2, 0, 6, 459.96, 283223, 156, 4, 0
639, 1, 231, 240, 73, 0, 38.33%, 2, 0, 6, 472.67, 285686, 156, 4, 0
644, 1, 226, 240, 69, 0, 38.33%, 2, 0, 6, 452.91, 287960, 156, 4, 0
649, 1, 172, 241, 67, 0, 38.33%, 2, 0, 6, 442.05, 290177, 156, 4, 0
654, 1, 215, 241, 64, 0, 38.33%, 2, 0, 6, 421.29, 292317, 156, 4, 0
659, 1, 219, 242, 62, 0, 38.33%, 2, 0, 6, 451.81, 294623, 156, 4, 0
664, 1, 184, 242, 58, 0, 38.33%, 2, 0, 6, 443.03, 296872, 156, 4, 0
669, 1, 228, 244, 58, 0, 38.82%, 2, 0, 6, 424.00, 298995, 158, 4, 0
674, 1, 30, 244, 54, 0, 38.82%, 2, 0, 6, 434.59, 301181, 158, 4, 0
680, 1, 191, 244, 49, 0, 38.82%, 2, 0, 6, 447.66, 303462, 158, 4, 0
685, 1, 203, 244, 47, 0, 38.82%, 2, 0, 6, 441.54, 305638, 158, 4, 0
690, 1, 229, 244, 43, 0, 38.82%, 2, 0, 6, 442.90, 307960, 158, 4, 0
695, 1, 146, 244, 41, 0, 38.82%, 2, 0, 6, 424.40, 310099, 158, 4, 0
700, 1, 80, 244, 37, 0, 38.82%, 2, 0, 6, 456.57, 312556, 158, 4, 0
705, 1, 191, 244, 32, 0, 38.82%, 2, 0, 6, 430.45, 314696, 158, 4, 0
710, 1, 244, 245, 33, 1, 39.07%, 2, 0, 6, 439.38, 316919, 159, 4, 0
715, 1, 246, 247, 33, 1, 39.56%, 2, 0, 6, 447.94, 319192, 161, 4, 0
720, 1, 225, 247, 30, 0, 39.56%, 2, 0, 6, 440.56, 321396, 161, 4, 0
725, 1, 138, 248, 28, 0, 39.56%, 2, 0, 6, 443.82, 323619, 161, 4, 0
730, 1, 78, 248, 26, 0, 39.56%, 2, 0, 6, 457.21, 325909, 161, 4, 0
736, 1, 130, 248, 25, 0, 39.56%, 2, 0, 6, 433.19, 328084, 161, 4, 0
741, 2, 310, 343, 119, 0, 51.35%, 2, 0, 6, 450.43, 330464, 209, 4, 0
746, 2, 275, 343, 118, 18, 51.35%, 2, 0, 6, 458.42, 332828, 209, 4, 0
751, 2, 342, 343, 116, 16, 51.35%, 2, 0, 6, 440.24, 335058, 209, 4, 0
756, 2, 338, 343, 113, 13, 51.35%, 2, 0, 6, 428.59, 337162, 209, 4, 0
761, 2, 338, 343, 113, 13, 51.35%, 2, 0, 6, 460.39, 339509, 209, 4, 0
766, 2, 308, 351, 120, 12, 51.35%, 2, 0, 6, 450.12, 341790, 209, 4, 0
771, 2, 288, 351, 118, 11, 51.35%, 2, 0, 6, 447.66, 344050, 209, 4, 0
776, 2, 280, 351, 116, 9, 51.35%, 2, 0, 6, 456.95, 346353, 209, 4, 0
781, 2, 253, 351, 112, 5, 51.35%, 2, 0, 6, 444.86, 348596, 209, 4, 0
786, 2, 312, 351, 109, 3, 51.35%, 3, 0, 6, 449.98, 350930, 209, 5, 0
791, 2, 320, 351, 107, 1, 51.35%, 3, 0, 6, 473.95, 353369, 209, 5, 0
796, 2, 287, 351, 105, 0, 51.35%, 3, 0, 6, 488.48, 355819, 209, 5, 0
802, 2, 206, 351, 103, 0, 51.35%, 3, 0, 6, 424.00, 357953, 209, 5, 0
807, 2, 142, 351, 100, 0, 51.35%, 3, 0, 6, 445.75, 360204, 209, 11, 0
812, 2, 261, 351, 98, 0, 51.35%, 3, 0, 6, 453.65, 362523, 209, 11, 0
817, 2, 250, 351, 97, 0, 51.35%, 3, 0, 6, 423.39, 364653, 209, 11, 0
822, 2, 313, 351, 95, 0, 51.35%, 3, 0, 6, 420.64, 366796, 209, 11, 0
827, 2, 239, 351, 92, 0, 51.35%, 3, 0, 6, 438.96, 369000, 209, 11, 0
832, 2, 283, 351, 90, 0, 51.35%, 3, 0, 6, 423.05, 371146, 209, 11, 0
837, 2, 254, 352, 89, 0, 51.35%, 4, 0, 6, 441.05, 373320, 209, 13, 0
842, 2, 246, 352, 86, 0, 51.35%, 5, 0, 6, 429.46, 375474, 209, 14, 0
847, 2, 291, 352, 85, 0, 51.35%, 6, 0, 6, 429.68, 377684, 209, 15, 0
852, 2, 344, 352, 83, 0, 51.35%, 6, 0, 6, 420.31, 379843, 209, 15, 0
857, 2, 228, 352, 80, 0, 51.35%, 6, 0, 6, 422.00, 382055, 209, 15, 0
863, 2, 351, 352, 79, 0, 51.35%, 6, 0, 6, 438.73, 384278, 209, 15, 0
868, 2, 191, 352, 76, 0, 51.35%, 6, 0, 6, 432.88, 386456, 209, 15, 0
873, 2, 281, 352, 74, 0, 51.35%, 6, 0, 6, 439.36, 388688, 209, 15, 0
878, 2, 343, 352, 72, 0, 51.35%, 6, 0, 6, 461.52, 391081, 209, 15, 0
883, 2, 349, 353, 71, 0, 51.35%, 6, 0, 7, 466.34, 393409, 209, 15, 0
888, 2, 350, 353, 68, 0, 51.35%, 6, 0, 7, 467.57, 395787, 209, 15, 0
893, 2, 328, 353, 67, 0, 51.35%, 6, 0, 7, 467.55, 398198, 209, 15, 0
898, 2, 342, 353, 64, 0, 51.35%, 6, 0, 7, 455.47, 400486, 209, 15, 0
903, 2, 72, 353, 62, 0, 51.35%, 6, 0, 7, 460.17, 402803, 209, 16, 0
908, 2, 260, 353, 61, 0, 51.35%, 6, 0, 7, 459.83, 405156, 209, 16, 0
913, 2, 109, 353, 59, 0, 51.35%, 7, 0, 7, 476.54, 407518, 209, 18, 0
918, 2, 316, 353, 58, 0, 51.35%, 7, 0, 7, 443.68, 409755, 209, 18, 0
923, 2, 348, 353, 56, 0, 51.35%, 7, 0, 7, 470.34, 412088, 209, 18, 0
928, 2, 269, 353, 53, 0, 51.35%, 7, 0, 7, 444.34, 414319, 209, 18, 0
933, 2, 270, 353, 52, 0, 51.35%, 7, 0, 7, 456.64, 416618, 209, 18, 0
938, 2, 258, 353, 51, 0, 51.35%, 8, 0, 7, 436.49, 418810, 209, 21, 0
943, 2, 324, 353, 48, 0, 51.35%, 8, 0, 7, 449.02, 421157, 209, 21, 0
948, 2, 272, 353, 46, 0, 51.35%, 8, 0, 7, 448.35, 423362, 209, 21, 0
953, 2, 299, 353, 44, 0, 51.35%, 8, 0, 7, 444.82, 425622, 209, 21, 0
959, 2, 306, 353, 43, 0, 51.35%, 8, 0, 7, 433.34, 427861, 209, 21, 0
964, 2, 305, 353, 41, 0, 51.35%, 8, 0, 7, 473.57, 430250, 209, 21, 0
969, 2, 142, 353, 39, 0, 51.35%, 8, 0, 7, 426.06, 432442, 209, 21, 0
974, 2, 353, 354, 39, 1, 51.60%, 9, 0, 7, 429.81, 434607, 210, 22, 0
979, 2, 107, 354, 36, 0, 51.60%, 9, 0, 7, 469.85, 437017, 210, 22, 0
984, 2, 231, 354, 34, 0, 51.60%, 9, 0, 7, 441.59, 439265, 210, 22, 0
989, 2, 290, 354, 33, 0, 51.60%, 11, 0, 7, 453.89, 441571, 210, 26, 0
994, 2, 72, 354, 30, 0, 51.60%, 11, 0, 7, 472.72, 444088, 210, 26, 0
999, 2, 276, 354, 29, 0, 51.60%, 11, 0, 7, 432.39, 446242, 210, 26, 0
1004, 2, 334, 354, 28, 0, 51.60%, 11, 0, 7, 441.19, 448542, 210, 32, 0
1009, 2, 53, 354, 27, 0, 51.60%, 11, 0, 7, 454.47, 450837, 210, 32, 0
1014, 2, 72, 354, 26, 0, 51.60%, 11, 0, 7, 455.11, 453153, 210, 34, 0
1020, 2, 271, 354, 25, 0, 51.60%, 11, 0, 7, 466.06, 455467, 210, 39, 0
1025, 2, 262, 355, 25, 0, 51.60%, 11, 0, 7, 460.58, 457801, 210, 39, 0
1030, 2, 337, 355, 23, 0, 51.60%, 11, 0, 7, 449.52, 459986, 210, 39, 0
1035, 2, 204, 355, 21, 0, 51.60%, 11, 0, 7, 444.98, 462205, 210, 39, 0
1040, 2, 228, 355, 19, 0, 51.60%, 11, 0, 7, 464.45, 464603, 210, 39, 0
1045, 2, 70, 355, 19, 0, 51.60%, 11, 0, 7, 453.28, 466897, 210, 39, 0
1050, 3, 359, 391, 54, 8, 61.43%, 11, 0, 7, 485.16, 469398, 250, 39, 0
1055, 3, 369, 391, 52, 6, 61.43%, 11, 0, 7, 464.21, 471733, 250, 39, 0
1060, 3, 366, 393, 52, 6, 61.92%, 11, 0, 7, 439.25, 473964, 252, 39, 0
1066, 3, 391, 398, 56, 5, 61.92%, 11, 0, 7, 465.56, 476354, 252, 39, 0
1071, 3, 391, 429, 87, 5, 61.92%, 11, 0, 7, 443.67, 478521, 252, 39, 0
1076, 3, 391, 463, 121, 5, 61.92%, 11, 0, 7, 437.16, 480715, 252, 39, 0
1081, 3, 391, 466, 124, 5, 61.92%, 11, 0, 7, 413.07, 482824, 252, 39, 0
1086, 3, 391, 467, 125, 5, 61.92%, 11, 0, 7, 426.65, 484975, 252, 39, 0
1091, 3, 391, 467, 125, 5, 61.92%, 11, 0, 7, 441.37, 487304, 252, 39, 0
1096, 3, 391, 467, 125, 5, 61.92%, 11, 0, 7, 433.79, 489488, 252, 39, 0
1101, 3, 411, 467, 124, 5, 61.92%, 11, 0, 7, 447.16, 491770, 252, 39, 0
1106, 3, 459, 467, 123, 4, 61.92%, 11, 0, 7, 456.59, 494051, 252, 39, 0
1111, 3, 392, 467, 121, 2, 61.92%, 11, 0, 7, 449.25, 496225, 252, 39, 0
1116, 3, 108, 467, 119, 1, 61.92%, 11, 0, 7, 445.53, 498497, 252, 39, 0
1121, 3, 383, 467, 118, 0, 61.92%, 11, 0, 7, 438.33, 500616, 252, 39, 0
1126, 3, 420, 467, 116, 0, 61.92%, 11, 0, 7, 438.85, 502874, 252, 39, 0
1132, 3, 360, 467, 114, 0, 61.92%, 11, 0, 7, 476.46, 505323, 252, 39, 0
1137, 3, 413, 467, 112, 0, 61.92%, 11, 0, 7, 450.41, 507531, 252, 39, 0
1142, 3, 455, 467, 110, 0, 61.92%, 11, 0, 7, 440.19, 509772, 252, 39, 0
1147, 3, 375, 467, 108, 0, 61.92%, 11, 0, 7, 447.69, 512028, 252, 41, 0
1152, 3, 382, 467, 107, 0, 61.92%, 11, 0, 7, 425.05, 514077, 252, 42, 0
1157, 3, 367, 467, 105, 0, 61.92%, 11, 0, 7, 421.83, 516112, 252, 47, 0
1162, 3, 398, 467, 104, 0, 61.92%, 11, 0, 7, 367.47, 517965, 252, 47, 0
1167, 3, 377, 467, 102, 0, 61.92%, 11, 0, 7, 405.68, 520000, 252, 47, 0
1172, 3, 297, 467, 100, 0, 61.92%, 11, 0, 7, 406.05, 522131, 252, 47, 0
1177, 3, 427, 467, 98, 0, 61.92%, 11, 0, 7, 431.25, 524371, 252, 47, 0
1183, 3, 419, 467, 96, 0, 61.92%, 11, 0, 7, 437.71, 526717, 252, 47, 0
1188, 3, 323, 467, 94, 0, 61.92%, 11, 0, 7, 444.98, 528925, 252, 47, 0
1193, 3, 285, 467, 92, 0, 61.92%, 11, 0, 7, 465.20, 531306, 252, 47, 0
1198, 3, 246, 467, 90, 0, 61.92%, 11, 0, 7, 450.26, 533568, 252, 50, 0
1203, 3, 268, 467, 88, 0, 61.92%, 11, 0, 7, 497.57, 536103, 252, 51, 0
1208, 3, 447, 467, 86, 0, 61.92%, 11, 0, 7, 476.73, 538600, 252, 51, 0
1213, 3, 216, 467, 84, 0, 61.92%, 11, 0, 7, 432.59, 540823, 252, 51, 0
1218, 3, 439, 467, 83, 0, 61.92%, 11, 0, 7, 442.55, 543110, 252, 51, 0
1223, 3, 402, 467, 81, 0, 61.92%, 11, 0, 7, 441.98, 545357, 252, 52, 0
1228, 3, 72, 467, 79, 0, 61.92%, 11, 0, 7, 454.78, 547706, 252, 52, 0
1233, 3, 449, 467, 77, 0, 61.92%, 11, 0, 7, 443.00, 549953, 252, 52, 0
1238, 3, 461, 467, 75, 0, 61.92%, 11, 0, 7, 472.63, 552395, 252, 52, 0
1243, 3, 191, 467, 73, 0, 61.92%, 11, 0, 7, 442.04, 554576, 252, 52, 0
1249, 3, 359, 467, 71, 0, 61.92%, 11, 0, 7, 448.74, 556881, 252, 52, 0
1254, 3, 451, 467, 70, 0, 61.92%, 11, 0, 7, 439.41, 559137, 252, 54, 0
1259, 3, 370, 467, 69, 0, 61.92%, 11, 0, 7, 437.92, 561395, 252, 54, 0
1264, 3, 456, 467, 67, 0, 61.92%, 11, 0, 7, 462.49, 563861, 252, 54, 0
1269, 3, 81, 467, 64, 0, 61.92%, 11, 0, 7, 457.11, 566190, 252, 54, 0
1274, 3, 325, 467, 63, 0, 61.92%, 11, 0, 7, 431.13, 568382, 252, 55, 0
1279, 3, 386, 467, 62, 0, 61.92%, 11, 0, 7, 408.79, 570466, 252, 55, 0
1284, 3, 380, 467, 60, 0, 61.92%, 11, 0, 7, 458.08, 572818, 252, 55, 0
1289, 3, 412, 467, 58, 0, 61.92%, 11, 0, 7, 464.37, 575072, 252, 56, 0
1295, 3, 432, 467, 56, 0, 61.92%, 11, 0, 7, 439.59, 577341, 252, 56, 0
1300, 3, 444, 467, 54, 0, 61.92%, 11, 0, 7, 456.43, 579674, 252, 56, 0
1305, 3, 418, 467, 52, 0, 61.92%, 11, 0, 7, 425.24, 581806, 252, 56, 0
1310, 3, 407, 467, 50, 0, 61.92%, 11, 0, 7, 449.09, 584108, 252, 56, 0
1315, 3, 408, 467, 49, 0, 61.92%, 11, 0, 7, 435.08, 586324, 252, 56, 0
1320, 3, 203, 467, 47, 0, 61.92%, 11, 0, 7, 432.06, 588537, 252, 57, 0
1325, 3, 346, 467, 46, 0, 61.92%, 11, 0, 7, 421.77, 590580, 252, 57, 0
1330, 3, 352, 467, 46, 0, 61.92%, 11, 0, 7, 433.96, 592808, 252, 57, 0
1335, 3, 246, 467, 44, 0, 61.92%, 11, 0, 7, 455.92, 595090, 252, 57, 0
1340, 3, 430, 467, 44, 0, 61.92%, 11, 0, 7, 451.34, 597375, 252, 60, 0
1345, 3, 228, 467, 42, 0, 61.92%, 11, 0, 7, 444.97, 599633, 252, 61, 0
1350, 3, 368, 467, 41, 0, 61.92%, 11, 0, 7, 444.85, 601871, 252, 61, 0
1355, 3, 353, 467, 39, 0, 61.92%, 11, 0, 7, 442.54, 604085, 252, 62, 0
1360, 3, 423, 467, 38, 0, 61.92%, 11, 0, 7, 429.99, 606287, 252, 62, 0
1365, 3, 374, 467, 37, 0, 61.92%, 11, 0, 7, 422.94, 608409, 252, 62, 0
1370, 3, 390, 467, 35, 0, 61.92%, 11, 0, 7, 446.39, 610761, 252, 62, 0
1375, 3, 457, 467, 33, 0, 61.92%, 11, 0, 7, 450.71, 613043, 252, 62, 0
1380, 3, 466, 467, 31, 0, 61.92%, 11, 0, 7, 456.62, 615332, 252, 62, 0
1385, 3, 434, 467, 30, 0, 61.92%, 11, 0, 7, 430.02, 617394, 252, 65, 0
1391, 3, 361, 467, 29, 0, 61.92%, 11, 0, 7, 423.24, 619556, 252, 65, 0
1396, 3, 358, 467, 28, 0, 61.92%, 11, 0, 7, 427.69, 621730, 252, 65, 0
1401, 3, 238, 467, 27, 0, 61.92%, 11, 0, 7, 434.59, 623974, 252, 65, 0
1406, 3, 378, 467, 27, 0, 61.92%, 11, 0, 7, 440.32, 626341, 252, 65, 0
1411, 3, 338, 467, 27, 0, 61.92%, 11, 0, 7, 459.31, 628677, 252, 66, 0
1416, 3, 446, 467, 27, 0, 61.92%, 11, 0, 7, 426.09, 630818, 252, 66, 0
1421, 3, 288, 467, 26, 0, 61.92%, 11, 0, 7, 447.21, 633161, 252, 66, 0
1426, 3, 443, 467, 25, 0, 61.92%, 11, 0, 7, 468.71, 635521, 252, 66, 0
1431, 3, 76, 467, 23, 0, 61.92%, 11, 0, 7, 452.16, 637795, 252, 66, 0
1436, 3, 275, 467, 22, 0, 61.92%, 11, 0, 7, 438.68, 639971, 252, 66, 0
1441, 3, 456, 467, 21, 0, 61.92%, 11, 0, 7, 454.18, 642250, 252, 67, 0
1446, 3, 203, 467, 20, 0, 61.92%, 11, 0, 7, 446.78, 644520, 252, 69, 0
1451, 3, 228, 467, 19, 0, 61.92%, 11, 0, 7, 455.17, 646852, 252, 69, 0
1457, 3, 109, 467, 19, 0, 61.92%, 11, 0, 7, 462.02, 649144, 252, 69, 0
1462, 3, 431, 467, 17, 0, 61.92%, 11, 0, 7, 464.55, 651462, 252, 70, 0
1467, 3, 334, 467, 17, 0, 61.92%, 11, 0, 7, 432.83, 653596, 252, 73, 0
1472, 4, 480, 488, 37, 4, 62.65%, 11, 0, 7, 440.37, 655884, 255, 73, 0
1477, 4, 484, 488, 35, 2, 62.65%, 11, 0, 7, 446.96, 658191, 255, 73, 0
1482, 4, 105, 488, 33, 0, 62.65%, 11, 0, 7, 462.61, 660504, 255, 73, 0
1487, 4, 405, 488, 33, 0, 62.65%, 11, 0, 7, 474.78, 662940, 255, 73, 0
1492, 4, 401, 488, 31, 0, 62.65%, 11, 0, 7, 462.88, 665272, 255, 77, 0
1497, 4, 479, 488, 31, 0, 62.65%, 11, 0, 7, 430.41, 667421, 255, 77, 0
1502, 4, 249, 488, 28, 0, 62.65%, 11, 0, 7, 435.94, 669648, 255, 77, 0
1507, 4, 471, 488, 27, 0, 62.65%, 11, 0, 7, 442.43, 671907, 255, 77, 0
1512, 4, 485, 488, 26, 0, 62.65%, 11, 0, 7, 440.05, 674137, 255, 81, 0
1518, 4, 319, 488, 24, 0, 62.65%, 11, 0, 7, 474.88, 676547, 255, 81, 0
1523, 4, 334, 488, 23, 0, 62.65%, 11, 0, 7, 452.19, 678835, 255, 81, 0
1528, 4, 468, 488, 22, 0, 62.65%, 11, 0, 7, 437.22, 681047, 255, 81, 0
1533, 4, 478, 488, 21, 0, 62.65%, 11, 0, 7, 449.37, 683362, 255, 81, 0
1538, 4, 386, 488, 20, 0, 62.65%, 11, 0, 7, 449.03, 685660, 255, 82, 0
1543, 4, 477, 488, 18, 0, 62.65%, 11, 0, 7, 463.52, 688022, 255, 84, 0
1548, 4, 423, 488, 16, 0, 62.65%, 11, 0, 7, 471.10, 690453, 255, 85, 0
1553, 4, 15, 488, 15, 0, 62.65%, 11, 0, 7, 468.32, 692794, 255, 92, 0
1558, 4, 472, 488, 14, 0, 62.65%, 11, 0, 7, 445.75, 695088, 255, 92, 0
1563, 4, 363, 489, 14, 0, 62.65%, 11, 0, 7, 444.79, 697324, 255, 92, 0
1568, 4, 284, 489, 12, 0, 62.65%, 11, 0, 7, 430.25, 699528, 255, 92, 0
1573, 4, 140, 489, 12, 0, 62.65%, 11, 0, 7, 437.31, 701716, 255, 95, 0
1578, 4, 475, 489, 12, 0, 62.65%, 11, 0, 7, 449.24, 703914, 255, 95, 0
1583, 4, 488, 489, 11, 0, 62.65%, 11, 0, 7, 457.00, 706218, 255, 95, 0
1588, 4, 202, 489, 10, 0, 62.65%, 11, 0, 7, 444.65, 708442, 255, 95, 0
1594, 4, 231, 489, 10, 0, 62.65%, 11, 0, 7, 435.23, 710624, 255, 100, 0
1599, 4, 352, 489, 10, 0, 62.65%, 11, 0, 7, 444.90, 712880, 255, 100, 0
1604, 4, 30, 489, 10, 0, 62.65%, 11, 0, 7, 469.23, 715256, 255, 100, 0
1609, 4, 365, 489, 10, 0, 62.65%, 11, 0, 7, 464.16, 717556, 255, 102, 0
1614, 4, 56, 489, 9, 0, 62.65%, 11, 0, 7, 438.14, 719806, 255, 102, 0
1619, 4, 249, 489, 9, 0, 62.65%, 11, 0, 7, 442.74, 722027, 255, 102, 0
1624, 4, 180, 489, 9, 0, 62.65%, 11, 0, 7, 471.24, 724385, 255, 103, 0
1629, 4, 346, 489, 9, 0, 62.65%, 11, 0, 7, 455.86, 726696, 255, 104, 0
1634, 4, 23, 489, 9, 0, 62.65%, 11, 0, 7, 451.76, 728992, 255, 104, 0
1639, 4, 70, 489, 9, 0, 62.65%, 11, 0, 7, 476.38, 731459, 255, 105, 0
1644, 4, 346, 489, 9, 0, 62.65%, 11, 0, 7, 471.49, 733726, 255, 108, 0
1649, 4, 319, 489, 9, 0, 62.65%, 11, 0, 7, 434.02, 735914, 255, 111, 0
1654, 4, 487, 489, 9, 0, 62.65%, 11, 0, 7, 481.88, 738259, 255, 112, 0
1659, 4, 231, 489, 8, 0, 62.65%, 11, 0, 7, 448.54, 740494, 255, 112, 0
1664, 5, 298, 489, 8, 0, 62.65%, 11, 0, 7, 453.16, 742851, 255, 112, 0
1669, 5, 468, 489, 7, 0, 62.65%, 11, 0, 7, 453.94, 745157, 255, 112, 0
1674, 5, 463, 489, 7, 0, 62.65%, 11, 0, 7, 438.15, 747355, 255, 112, 0
1680, 5, 121, 489, 7, 0, 62.65%, 11, 0, 7, 452.64, 749665, 255, 117, 0
1685, 5, 253, 490, 8, 0, 62.65%, 11, 0, 7, 443.41, 751932, 255, 118, 0
1690, 5, 356, 490, 8, 0, 62.65%, 11, 0, 7, 460.56, 754265, 255, 120, 0
1695, 5, 467, 490, 7, 0, 62.65%, 11, 0, 7, 462.30, 756572, 255, 120, 0
1700, 5, 392, 490, 6, 0, 62.65%, 11, 0, 7, 460.30, 758912, 255, 121, 0
1705, 5, 474, 490, 6, 0, 62.65%, 11, 0, 7, 455.46, 761147, 255, 126, 0
1710, 5, 334, 490, 5, 0, 62.65%, 11, 0, 7, 462.82, 763425, 255, 126, 0
1715, 5, 485, 490, 5, 0, 62.65%, 11, 0, 7, 443.15, 765652, 255, 134, 0
1720, 5, 30, 490, 5, 0, 62.65%, 11, 0, 7, 468.81, 768079, 255, 135, 0
1725, 5, 228, 490, 5, 0, 62.65%, 11, 0, 7, 455.98, 770336, 255, 135, 0
1730, 5, 386, 490, 5, 0, 62.65%, 11, 0, 7, 461.64, 772683, 255, 135, 0
1735, 5, 191, 490, 5, 0, 62.65%, 11, 0, 7, 460.96, 775025, 255, 137, 0
1740, 5, 231, 490, 4, 0, 62.65%, 11, 0, 7, 470.40, 777379, 255, 137, 0
1745, 5, 28, 490, 4, 0, 62.65%, 11, 0, 7, 459.98, 779684, 255, 138, 0
1750, 5, 480, 490, 4, 0, 62.65%, 11, 0, 7, 474.35, 782213, 255, 141, 0
1755, 5, 56, 491, 5, 0, 62.65%, 11, 0, 7, 460.16, 784514, 255, 142, 0
1760, 5, 319, 491, 5, 0, 62.65%, 11, 0, 7, 457.02, 786886, 255, 144, 0
1766, 5, 246, 491, 5, 0, 62.65%, 11, 0, 7, 485.19, 789348, 255, 148, 0
1771, 5, 13, 491, 4, 0, 62.65%, 11, 0, 7, 478.21, 791796, 255, 151, 0
1776, 5, 246, 491, 4, 0, 62.65%, 11, 0, 7, 438.36, 794019, 255, 153, 0
1781, 5, 70, 491, 4, 0, 62.65%, 11, 0, 7, 442.24, 796218, 255, 155, 0
1786, 5, 211, 491, 4, 0, 62.65%, 11, 0, 7, 447.96, 798482, 255, 155, 0
1791, 5, 386, 491, 4, 0, 62.65%, 11, 0, 7, 445.77, 800736, 255, 155, 0
1796, 5, 220, 492, 5, 0, 62.65%, 11, 0, 7, 458.26, 803087, 255, 155, 0
1801, 5, 346, 492, 5, 0, 62.65%, 11, 0, 7, 439.10, 805341, 255, 155, 0
1804, 5, 56, 492, 5, 0, 62.65%, 11, 0, 7, 407.83, 806615, 255, 155, 0
