# relative_time, cycles_done, cur_item, corpus_count, pending_total, pending_favs, map_size, saved_crashes, saved_hangs, max_depth, execs_per_sec, total_execs, edges_found, total_crashes, servers_count
60, 0, 0, 25, 20, 4, 20.88%, 0, 0, 2, 423.96, 27006, 85, 0, 0
65, 0, 0, 25, 20, 4, 20.88%, 0, 0, 2, 427.96, 29238, 85, 0, 0
70, 0, 0, 25, 20, 4, 20.88%, 0, 0, 2, 424.14, 31326, 85, 0, 0
76, 0, 0, 25, 20, 4, 20.88%, 0, 0, 2, 474.87, 33845, 85, 0, 0
81, 0, 0, 25, 20, 4, 20.88%, 0, 0, 2, 453.72, 36077, 85, 0, 0
86, 0, 0, 25, 20, 4, 20.88%, 0, 0, 2, 427.79, 38166, 85, 0, 0
91, 0, 3, 93, 87, 3, 33.91%, 0, 0, 2, 424.04, 40322, 138, 0, 0
96, 0, 8, 110, 103, 27, 36.61%, 0, 0, 2, 434.51, 42527, 149, 0, 0
101, 0, 8, 110, 103, 27, 36.61%, 0, 0, 2, 394.82, 44511, 149, 0, 0
106, 0, 8, 110, 103, 27, 36.61%, 0, 0, 2, 390.31, 46455, 149, 0, 0
111, 0, 10, 113, 105, 27, 36.61%, 0, 0, 2, 368.17, 48326, 149, 0, 0
116, 0, 22, 117, 101, 19, 43.49%, 0, 0, 3, 429.10, 50556, 177, 0, 0
121, 0, 24, 125, 108, 21, 43.49%, 0, 0, 3, 380.32, 52482, 177, 0, 0
127, 0, 38, 131, 111, 18, 43.49%, 0, 0, 3, 412.60, 54548, 177, 0, 0
132, 0, 75, 139, 116, 17, 44.47%, 0, 0, 3, 395.79, 56588, 181, 0, 0
137, 0, 75, 147, 124, 17, 44.47%, 0, 0, 3, 386.87, 58574, 181, 0, 0
142, 0, 75, 152, 129, 17, 44.47%, 0, 0, 3, 420.46, 60684, 181, 0, 0
147, 0, 75, 153, 130, 17, 44.47%, 0, 0, 3, 416.61, 62796, 181, 0, 0
152, 0, 75, 158, 135, 17, 44.47%, 0, 0, 3, 422.00, 64935, 181, 0, 0
157, 0, 75, 159, 136, 17, 44.47%, 0, 0, 3, 408.50, 67022, 181, 0, 0
162, 0, 75, 160, 137, 17, 44.47%, 0, 0, 3, 425.20, 69197, 181, 0, 0
167, 0, 75, 160, 137, 17, 44.47%, 0, 0, 3, 420.84, 71325, 181, 0, 0
172, 0, 75, 161, 138, 17, 44.47%, 0, 0, 3, 483.89, 73875, 181, 0, 0
178, 0, 75, 163, 140, 17, 44.47%, 0, 0, 3, 468.76, 76283, 181, 0, 0
183, 0, 75, 164, 141, 17, 44.47%, 0, 0, 3, 473.50, 78630, 181, 0, 0
188, 0, 75, 167, 144, 17, 45.21%, 0, 0, 3, 428.07, 80751, 184, 0, 0
193, 0, 75, 168, 145, 17, 45.21%, 0, 0, 3, 403.94, 82838, 184, 0, 0
198, 0, 75, 169, 146, 17, 45.21%, 0, 0, 3, 408.58, 84869, 184, 0, 0
203, 0, 75, 170, 147, 17, 45.21%, 0, 0, 3, 379.66, 86793, 184, 0, 0
208, 0, 75, 170, 147, 17, 45.21%, 0, 0, 3, 421.93, 88964, 184, 0, 0
213, 0, 75, 170, 147, 17, 45.21%, 0, 0, 3, 418.23, 91044, 184, 0, 0
218, 0, 75, 171, 148, 17, 45.21%, 0, 0, 3, 408.81, 93067, 184, 0, 0
223, 0, 75, 171, 148, 17, 45.21%, 0, 0, 3, 407.54, 95171, 184, 0, 0
228, 0, 75, 171, 148, 17, 45.21%, 0, 0, 3, 447.92, 97540, 184, 0, 0
233, 0, 75, 171, 148, 17, 45.21%, 0, 0, 3, 446.38, 99780, 184, 0, 0
238, 0, 75, 172, 149, 17, 45.21%, 0, 0, 3, 424.52, 101923, 184, 0, 0
243, 0, 75, 172, 149, 17, 45.21%, 0, 0, 3, 433.09, 104139, 184, 0, 0
249, 0, 75, 173, 150, 17, 45.21%, 0, 0, 3, 424.86, 106298, 184, 0, 0
254, 0, 79, 175, 151, 18, 45.21%, 0, 0, 3, 431.45, 108511, 184, 0, 0
259, 0, 79, 181, 157, 18, 45.21%, 0, 0, 3, 430.35, 110745, 184, 0, 0
264, 0, 79, 182, 158, 18, 45.21%, 0, 0, 3, 423.37, 112912, 184, 0, 0
269, 0, 79, 183, 159, 18, 45.21%, 0, 0, 3, 443.25, 115183, 184, 0, 0
274, 0, 79, 184, 160, 18, 45.21%, 0, 0, 3, 470.29, 117501, 184, 0, 0
279, 0, 79, 184, 160, 18, 45.21%, 0, 0, 3, 475.92, 119949, 184, 0, 0
284, 0, 79, 184, 160, 18, 45.21%, 0, 0, 3, 471.05, 122397, 184, 0, 0
289, 0, 79, 184, 160, 18, 45.21%, 0, 0, 3, 448.70, 124638, 184, 0, 0
294, 0, 79, 184, 160, 18, 45.21%, 0, 0, 3, 397.38, 126520, 184, 0, 0
299, 0, 79, 184, 160, 18, 45.21%, 0, 0, 3, 421.28, 128686, 184, 0, 0
304, 0, 79, 184, 160, 18, 45.21%, 0, 0, 3, 435.64, 130902, 184, 0, 0
310, 0, 79, 184, 160, 18, 45.21%, 0, 0, 3, 445.81, 133102, 184, 0, 0
315, 0, 79, 184, 160, 18, 45.21%, 0, 0, 3, 457.99, 135414, 184, 0, 0
320, 0, 79, 184, 160, 18, 45.21%, 0, 0, 3, 500.32, 137913, 184, 0, 0
325, 0, 79, 184, 160, 18, 45.21%, 0, 0, 3, 476.84, 140388, 184, 0, 0
330, 0, 79, 184, 160, 18, 45.21%, 0, 0, 3, 457.11, 142692, 184, 0, 0
335, 0, 79, 184, 160, 18, 45.21%, 0, 0, 3, 463.53, 144978, 184, 0, 0
340, 0, 81, 184, 159, 18, 45.21%, 0, 0, 3, 477.94, 147371, 184, 0, 0
345, 0, 99, 189, 160, 14, 45.95%, 1, 0, 3, 522.09, 150052, 187, 1, 0
350, 0, 100, 205, 175, 16, 46.68%, 1, 0, 3, 470.02, 152307, 190, 1, 0
355, 0, 100, 208, 178, 16, 46.68%, 1, 0, 3, 421.00, 154367, 190, 1, 0
360, 0, 100, 208, 178, 16, 46.68%, 1, 0, 3, 427.12, 156535, 190, 1, 0
365, 0, 100, 209, 179, 16, 46.68%, 1, 0, 3, 431.08, 158726, 190, 1, 0
370, 0, 100, 211, 181, 16, 46.68%, 1, 0, 3, 413.72, 160740, 190, 1, 0
376, 0, 100, 212, 182, 16, 46.68%, 1, 0, 3, 429.32, 162939, 190, 1, 0
381, 0, 100, 213, 183, 16, 46.68%, 1, 0, 3, 414.01, 165066, 190, 1, 0
386, 0, 100, 213, 183, 16, 46.68%, 1, 0, 3, 444.97, 167266, 190, 1, 0
391, 0, 100, 215, 185, 16, 46.68%, 1, 0, 3, 436.83, 169424, 190, 1, 0
397, 0, 100, 215, 185, 16, 46.68%, 1, 0, 3, 2.23, 170544, 190, 1, 0
402, 0, 100, 215, 185, 16, 46.68%, 1, 0, 3, 15.78, 170585, 190, 1, 0
407, 0, 100, 215, 185, 16, 46.68%, 1, 0, 3, 103.14, 171084, 190, 1, 0
412, 0, 100, 215, 185, 16, 46.68%, 1, 0, 3, 113.16, 171672, 190, 1, 0
418, 0, 100, 215, 185, 16, 46.68%, 1, 0, 3, 113.52, 172240, 190, 1, 0
423, 0, 100, 215, 185, 16, 46.68%, 1, 0, 3, 98.26, 172740, 190, 1, 0
428, 0, 100, 215, 185, 16, 46.68%, 1, 0, 3, 92.67, 173198, 190, 1, 0
433, 0, 100, 215, 185, 16, 46.68%, 1, 0, 3, 113.63, 173796, 190, 1, 0
438, 0, 100, 215, 185, 16, 46.68%, 1, 0, 3, 114.10, 174412, 190, 1, 0
443, 0, 100, 215, 185, 16, 46.68%, 1, 0, 3, 108.43, 174968, 190, 1, 0
448, 0, 100, 215, 185, 16, 46.68%, 1, 0, 3, 104.75, 175498, 190, 1, 0
453, 0, 100, 215, 185, 16, 46.68%, 1, 0, 3, 104.24, 176036, 190, 1, 0
458, 0, 100, 215, 185, 16, 46.68%, 1, 0, 3, 106.60, 176582, 190, 1, 0
463, 0, 100, 215, 185, 16, 46.68%, 1, 0, 3, 124.60, 177236, 190, 1, 0
468, 0, 100, 215, 185, 16, 46.68%, 1, 0, 3, 108.83, 177784, 190, 1, 0
474, 0, 100, 215, 185, 16, 46.68%, 1, 0, 3, 103.27, 178316, 190, 1, 0
479, 0, 100, 215, 185, 16, 46.68%, 1, 0, 3, 112.44, 178910, 190, 1, 0
484, 0, 100, 215, 185, 16, 46.68%, 1, 0, 3, 118.10, 179490, 190, 1, 0
489, 0, 100, 215, 185, 16, 46.68%, 1, 0, 3, 115.80, 180070, 190, 1, 0
494, 0, 100, 215, 185, 16, 46.68%, 1, 0, 3, 110.62, 180606, 190, 1, 0
499, 0, 103, 215, 183, 14, 46.68%, 1, 0, 3, 57.21, 181190, 190, 1, 0
504, 0, 103, 215, 183, 14, 46.68%, 1, 0, 3, 101.68, 181744, 190, 1, 0
509, 0, 113, 215, 181, 12, 46.68%, 1, 0, 3, 102.45, 182277, 190, 1, 0
514, 0, 114, 215, 180, 11, 46.68%, 1, 0, 3, 113.44, 182869, 190, 1, 0
519, 0, 115, 215, 179, 10, 46.68%, 1, 0, 3, 126.15, 183547, 190, 1, 0
525, 0, 132, 215, 177, 8, 46.68%, 1, 0, 3, 122.04, 184175, 190, 1, 0
530, 0, 143, 217, 178, 7, 46.68%, 1, 0, 3, 118.55, 184778, 190, 1, 0
535, 0, 143, 217, 178, 7, 46.68%, 1, 0, 3, 110.98, 185330, 190, 1, 0
540, 0, 157, 221, 181, 6, 46.68%, 1, 0, 3, 128.61, 186021, 190, 1, 0
545, 0, 157, 221, 181, 6, 46.68%, 1, 0, 3, 120.78, 186611, 190, 1, 0
550, 0, 157, 221, 181, 6, 46.68%, 1, 0, 3, 114.16, 187161, 190, 1, 0
555, 0, 157, 222, 182, 6, 46.68%, 1, 0, 3, 122.74, 187760, 190, 1, 0
560, 0, 157, 222, 182, 6, 46.68%, 1, 0, 3, 125.16, 188432, 190, 1, 0
565, 0, 157, 222, 182, 6, 46.68%, 1, 0, 3, 111.82, 188988, 190, 1, 0
570, 0, 157, 222, 182, 6, 46.68%, 1, 0, 3, 115.88, 189552, 190, 1, 0
575, 0, 157, 222, 182, 6, 46.68%, 1, 0, 3, 108.49, 190088, 190, 1, 0
581, 0, 157, 222, 182, 6, 46.68%, 1, 0, 3, 116.83, 190696, 190, 1, 0
586, 0, 157, 222, 182, 6, 46.68%, 1, 0, 3, 117.26, 191292, 190, 1, 0
591, 0, 157, 222, 182, 6, 46.68%, 1, 0, 3, 126.01, 191954, 190, 1, 0
596, 0, 164, 222, 181, 5, 46.68%, 1, 0, 3, 116.57, 192560, 190, 1, 0
601, 0, 185, 222, 180, 4, 46.68%, 1, 0, 3, 117.46, 193143, 190, 1, 0
606, 0, 185, 222, 180, 4, 46.68%, 1, 0, 3, 113.50, 193703, 190, 1, 0
611, 0, 201, 222, 179, 3, 46.68%, 1, 0, 3, 116.75, 194295, 190, 1, 0
616, 0, 201, 222, 179, 3, 46.68%, 1, 0, 3, 119.63, 194885, 190, 1, 0
621, 0, 211, 222, 178, 2, 46.68%, 1, 0, 3, 113.63, 195457, 190, 1, 0
627, 0, 211, 222, 178, 2, 46.68%, 1, 0, 3, 103.47, 195967, 190, 1, 0
632, 0, 211, 222, 178, 2, 46.68%, 1, 0, 3, 111.67, 196548, 190, 1, 0
637, 0, 213, 223, 178, 1, 46.68%, 1, 0, 4, 107.66, 197113, 190, 1, 0
642, 1, 0, 223, 175, 0, 46.68%, 1, 0, 4, 127.20, 197725, 190, 1, 0
647, 1, 224, 224, 173, 0, 47.17%, 1, 0, 4, 107.68, 198247, 192, 1, 0
652, 1, 224, 273, 222, 0, 48.65%, 1, 0, 4, 115.55, 198884, 198, 1, 0
657, 2, 40, 293, 242, 9, 50.37%, 1, 0, 4, 106.73, 199414, 205, 1, 0
663, 2, 100, 294, 242, 9, 50.61%, 1, 0, 4, 125.77, 200074, 206, 1, 0
668, 2, 195, 295, 242, 10, 50.61%, 1, 0, 4, 118.12, 200663, 206, 1, 0
673, 2, 227, 295, 238, 8, 50.61%, 1, 0, 4, 114.00, 201233, 206, 1, 0
678, 2, 227, 295, 238, 8, 50.61%, 1, 0, 4, 109.19, 201787, 206, 1, 0
683, 2, 232, 295, 236, 6, 50.61%, 1, 0, 4, 115.17, 202402, 206, 1, 0
688, 2, 232, 295, 236, 6, 50.61%, 1, 0, 4, 115.67, 202996, 206, 1, 0
693, 2, 232, 295, 236, 6, 50.61%, 1, 0, 4, 139.75, 203696, 206, 1, 0
698, 2, 237, 295, 235, 5, 50.61%, 1, 0, 4, 114.12, 204246, 206, 1, 0
703, 2, 242, 295, 233, 3, 50.61%, 1, 0, 4, 107.03, 204771, 206, 1, 0
709, 2, 242, 295, 233, 3, 50.61%, 1, 0, 4, 115.28, 205365, 206, 1, 0
714, 2, 242, 295, 233, 3, 50.61%, 1, 0, 4, 113.92, 205943, 206, 1, 0
719, 2, 242, 295, 233, 3, 50.61%, 1, 0, 4, 109.47, 206489, 206, 1, 0
724, 2, 290, 295, 232, 2, 50.61%, 1, 0, 4, 115.99, 207051, 206, 1, 0
729, 2, 293, 295, 231, 1, 50.61%, 1, 0, 4, 126.93, 207660, 206, 1, 0
734, 3, 17, 300, 235, 0, 50.61%, 1, 0, 4, 124.92, 208319, 206, 1, 0
739, 3, 24, 300, 235, 0, 50.61%, 1, 0, 4, 115.27, 208900, 206, 1, 0
744, 3, 33, 300, 232, 0, 50.61%, 1, 0, 4, 131.50, 209585, 206, 1, 0
749, 3, 49, 300, 230, 0, 50.61%, 1, 0, 4, 120.98, 210183, 206, 1, 0
754, 3, 58, 301, 228, 0, 50.86%, 1, 0, 4, 117.29, 210770, 207, 1, 0
759, 3, 300, 301, 224, 1, 50.86%, 1, 0, 4, 130.93, 211447, 207, 1, 0
765, 4, 0, 305, 227, 0, 51.60%, 1, 0, 4, 120.86, 212058, 210, 1, 0
770, 4, 247, 306, 226, 2, 51.60%, 1, 0, 4, 107.05, 212621, 210, 1, 0
775, 4, 301, 306, 225, 2, 51.60%, 1, 0, 4, 134.24, 213263, 210, 1, 0
780, 5, 0, 306, 223, 0, 51.60%, 1, 0, 4, 123.11, 213884, 210, 1, 0
785, 5, 18, 306, 223, 0, 51.60%, 1, 0, 4, 114.27, 214418, 210, 1, 0
790, 5, 25, 306, 223, 0, 51.60%, 1, 0, 4, 111.75, 214966, 210, 1, 0
795, 5, 46, 306, 221, 0, 51.60%, 1, 0, 4, 117.04, 215570, 210, 1, 0
800, 5, 55, 306, 220, 0, 51.60%, 1, 0, 4, 127.79, 216200, 210, 1, 0
805, 5, 75, 306, 215, 0, 51.60%, 1, 0, 4, 123.62, 216814, 210, 1, 0
810, 5, 82, 306, 214, 0, 51.60%, 1, 0, 4, 114.91, 217448, 210, 1, 0
816, 5, 90, 306, 210, 0, 51.60%, 1, 0, 4, 119.28, 218062, 210, 1, 0
821, 5, 95, 307, 210, 0, 51.60%, 1, 0, 4, 116.68, 218639, 210, 1, 0
826, 5, 203, 307, 210, 1, 51.60%, 1, 0, 4, 119.31, 219215, 210, 1, 0
831, 6, 77, 311, 212, 1, 51.84%, 1, 0, 4, 110.21, 219783, 211, 1, 0
836, 6, 307, 311, 210, 1, 51.84%, 1, 0, 4, 112.07, 220366, 211, 1, 0
841, 6, 307, 311, 210, 1, 51.84%, 1, 0, 4, 118.94, 221002, 211, 1, 0
846, 6, 307, 311, 210, 1, 51.84%, 1, 0, 4, 119.10, 221586, 211, 1, 0
851, 6, 310, 311, 208, 0, 51.84%, 1, 0, 4, 111.62, 222146, 211, 1, 0
857, 7, 15, 312, 208, 0, 51.84%, 1, 0, 4, 125.45, 222752, 211, 1, 0
862, 7, 24, 312, 208, 0, 51.84%, 1, 0, 4, 115.43, 223353, 211, 1, 0
867, 7, 51, 312, 208, 0, 51.84%, 1, 0, 4, 112.19, 223906, 211, 1, 0
872, 7, 81, 312, 206, 0, 51.84%, 1, 0, 4, 108.44, 224442, 211, 1, 0
877, 7, 97, 312, 205, 0, 51.84%, 1, 0, 4, 121.79, 225052, 211, 1, 0
882, 7, 107, 312, 203, 0, 51.84%, 2, 0, 4, 118.30, 225654, 211, 2, 0
887, 7, 114, 312, 200, 0, 51.84%, 2, 0, 4, 104.73, 226178, 211, 2, 0
892, 7, 122, 312, 197, 0, 51.84%, 2, 0, 4, 47.48, 226665, 211, 2, 0
897, 7, 132, 312, 194, 0, 51.84%, 2, 0, 4, 93.79, 227176, 211, 2, 0
902, 7, 144, 312, 190, 0, 51.84%, 2, 0, 4, 113.03, 227798, 211, 4, 0
907, 7, 153, 312, 189, 0, 51.84%, 2, 0, 4, 102.54, 228204, 211, 4, 0
