# relative_time, cycles_done, cur_item, corpus_count, pending_total, pending_favs, map_size, saved_crashes, saved_hangs, max_depth, execs_per_sec, total_execs, edges_found, total_crashes, servers_count
61, 0, 91, 176, 152, 18, 43.98%, 0, 0, 3, 1489.07, 112576, 179, 0, 0
66, 0, 91, 177, 153, 18, 43.98%, 0, 0, 3, 1823.03, 122472, 179, 0, 0
71, 0, 91, 177, 153, 18, 43.98%, 0, 0, 3, 1973.06, 132477, 179, 0, 0
76, 0, 187, 197, 168, 21, 43.98%, 0, 0, 3, 2191.33, 141197, 179, 0, 0
81, 0, 84, 206, 167, 14, 43.98%, 0, 0, 5, 2022.17, 151299, 179, 0, 0
87, 0, 84, 209, 170, 14, 43.98%, 0, 0, 5, 1968.19, 160204, 179, 0, 0
92, 0, 84, 211, 172, 14, 43.98%, 0, 0, 5, 1062.25, 168093, 179, 0, 0
97, 0, 84, 212, 173, 14, 43.98%, 0, 0, 5, 1881.07, 178801, 179, 0, 0
102, 0, 84, 213, 174, 14, 43.98%, 0, 0, 5, 2021.53, 189270, 179, 0, 0
107, 0, 84, 215, 176, 14, 43.98%, 0, 0, 5, 2060.05, 199669, 179, 0, 0
112, 0, 133, 222, 173, 10, 44.96%, 0, 0, 5, 1989.57, 209855, 183, 0, 0
117, 0, 225, 246, 191, 8, 46.19%, 0, 0, 5, 2004.94, 220089, 188, 0, 0
122, 0, 225, 251, 196, 8, 46.19%, 0, 0, 5, 1978.76, 230551, 188, 0, 0
127, 0, 225, 252, 197, 8, 46.19%, 0, 0, 5, 1989.29, 240425, 188, 0, 0
133, 0, 225, 252, 197, 8, 46.19%, 0, 0, 5, 1901.17, 249908, 188, 0, 0
138, 0, 225, 252, 197, 8, 46.19%, 0, 0, 5, 1974.70, 260372, 188, 0, 0
143, 0, 115, 252, 193, 4, 46.19%, 0, 0, 5, 1982.40, 270577, 188, 0, 0
148, 0, 123, 256, 182, 0, 46.19%, 0, 0, 7, 1958.32, 280909, 188, 0, 0
153, 0, 177, 258, 175, 0, 46.44%, 0, 0, 7, 1880.09, 289666, 189, 0, 0
158, 0, 198, 259, 166, 0, 46.44%, 0, 0, 7, 1933.46, 299845, 189, 0, 0
163, 0, 55, 264, 166, 0, 46.44%, 0, 0, 7, 1858.43, 309211, 189, 0, 0
169, 1, 62, 266, 158, 0, 46.44%, 0, 0, 7, 1982.44, 319696, 189, 0, 0
174, 1, 117, 267, 143, 0, 46.44%, 0, 0, 7, 2044.97, 330178, 189, 0, 0
179, 1, 216, 268, 130, 0, 46.44%, 0, 0, 7, 1940.19, 340046, 189, 0, 0
184, 1, 119, 271, 120, 0, 46.44%, 0, 0, 7, 1800.36, 348564, 189, 0, 0
189, 1, 120, 273, 109, 0, 46.44%, 0, 0, 7, 1879.11, 357932, 189, 0, 0
194, 1, 29, 275, 97, 0, 46.44%, 0, 0, 7, 1971.26, 368257, 189, 0, 0
199, 1, 95, 276, 86, 0, 46.44%, 0, 0, 7, 1957.14, 377887, 189, 0, 0
204, 1, 129, 277, 78, 0, 46.44%, 0, 0, 7, 1950.79, 387864, 189, 0, 0
209, 1, 238, 278, 68, 0, 46.44%, 0, 0, 7, 1931.54, 397716, 189, 0, 0
214, 2, 105, 326, 104, 0, 57.99%, 0, 0, 7, 1552.39, 406188, 236, 0, 0
220, 2, 322, 326, 96, 12, 57.99%, 0, 0, 7, 1741.48, 415343, 236, 0, 0
225, 2, 325, 354, 122, 10, 58.23%, 0, 0, 7, 1750.34, 424512, 237, 0, 0
230, 2, 325, 359, 127, 10, 58.23%, 0, 0, 7, 1701.75, 432901, 237, 0, 0
235, 2, 325, 361, 129, 10, 58.23%, 0, 0, 7, 1680.67, 441645, 237, 0, 0
240, 2, 325, 364, 132, 10, 58.23%, 0, 0, 7, 1697.64, 450572, 237, 0, 0
245, 2, 325, 366, 134, 10, 58.23%, 0, 0, 7, 1841.34, 460386, 237, 0, 0
250, 2, 325, 370, 138, 10, 58.23%, 0, 0, 7, 1817.72, 469568, 237, 0, 0
255, 2, 281, 371, 134, 6, 58.23%, 0, 0, 7, 1691.25, 478280, 237, 0, 0
260, 2, 368, 400, 156, 0, 58.23%, 0, 0, 7, 1860.54, 488042, 237, 0, 0
266, 2, 368, 403, 159, 0, 58.23%, 0, 0, 7, 1659.46, 496579, 237, 0, 0
271, 2, 349, 405, 152, 0, 58.23%, 0, 0, 7, 1953.58, 506421, 237, 0, 0
276, 2, 405, 414, 156, 0, 58.23%, 0, 0, 7, 1844.01, 515794, 237, 0, 0
281, 2, 393, 417, 158, 0, 58.23%, 0, 0, 7, 1912.93, 525436, 237, 0, 0
286, 2, 375, 418, 151, 0, 58.23%, 0, 0, 7, 2045.87, 533145, 237, 0, 0
291, 2, 344, 418, 142, 0, 58.23%, 0, 0, 7, 2051.83, 543643, 237, 0, 0
296, 2, 417, 422, 137, 0, 58.23%, 0, 0, 7, 1924.48, 553266, 237, 0, 0
298, 2, 318, 422, 133, 0, 58.23%, 0, 0, 7, 1893.45, 557365, 237, 0, 0
