# relative_time, cycles_done, cur_item, corpus_count, pending_total, pending_favs, map_size, saved_crashes, saved_hangs, max_depth, execs_per_sec, total_execs, edges_found, total_crashes, servers_count
61, 0, 11, 58, 49, 22, 31.70%, 0, 0, 2, 412.51, 26045, 129, 0, 0
66, 0, 22, 60, 42, 13, 31.70%, 0, 0, 2, 455.23, 28369, 129, 0, 0
71, 0, 22, 83, 65, 13, 32.68%, 0, 0, 2, 435.49, 30553, 133, 0, 0
76, 0, 22, 85, 67, 13, 32.68%, 0, 0, 2, 425.27, 32728, 133, 0, 0
81, 0, 22, 88, 70, 13, 32.68%, 0, 0, 2, 399.15, 34726, 133, 0, 0
86, 0, 22, 90, 72, 13, 32.68%, 0, 0, 2, 415.18, 36820, 133, 0, 0
91, 0, 22, 92, 74, 13, 32.68%, 0, 0, 2, 419.84, 38986, 133, 0, 0
96, 0, 22, 92, 74, 13, 32.68%, 0, 0, 2, 442.46, 41274, 133, 0, 0
101, 0, 22, 96, 78, 13, 32.92%, 0, 0, 2, 450.48, 43558, 134, 0, 0
106, 0, 22, 97, 79, 13, 32.92%, 0, 0, 2, 477.72, 46086, 134, 0, 0
111, 0, 22, 98, 80, 13, 32.92%, 0, 0, 2, 507.24, 48574, 134, 0, 0
116, 0, 22, 100, 82, 13, 32.92%, 0, 0, 2, 465.05, 50904, 134, 0, 0
121, 0, 22, 101, 83, 13, 32.92%, 0, 0, 2, 441.88, 53113, 134, 0, 0
126, 0, 22, 102, 84, 13, 32.92%, 0, 0, 2, 429.66, 55200, 134, 0, 0
132, 0, 22, 104, 86, 13, 32.92%, 0, 0, 2, 410.82, 57262, 134, 0, 0
137, 0, 28, 105, 84, 14, 32.92%, 0, 0, 2, 399.64, 59325, 134, 0, 0
142, 0, 33, 113, 90, 13, 33.91%, 0, 0, 2, 423.65, 61449, 138, 0, 0
147, 0, 33, 117, 94, 13, 33.91%, 0, 0, 2, 437.86, 63669, 138, 0, 0
152, 0, 33, 119, 96, 13, 33.91%, 0, 0, 2, 441.10, 65836, 138, 0, 0
157, 0, 33, 122, 99, 13, 33.91%, 0, 0, 2, 436.16, 68017, 138, 0, 0
162, 0, 33, 122, 99, 13, 33.91%, 0, 0, 2, 440.56, 70249, 138, 0, 0
167, 0, 33, 122, 99, 13, 33.91%, 0, 0, 2, 427.77, 72457, 138, 0, 0
172, 0, 33, 125, 102, 13, 33.91%, 0, 0, 2, 405.23, 74478, 138, 0, 0
177, 0, 33, 125, 102, 13, 33.91%, 0, 0, 2, 388.23, 76448, 138, 0, 0
182, 0, 33, 126, 103, 13, 33.91%, 0, 0, 2, 425.66, 78661, 138, 0, 0
188, 0, 33, 128, 105, 13, 33.91%, 0, 0, 2, 429.31, 80828, 138, 0, 0
193, 0, 33, 130, 107, 13, 33.91%, 0, 0, 2, 426.14, 83042, 138, 0, 0
198, 0, 33, 131, 108, 13, 33.91%, 0, 0, 2, 433.61, 85161, 138, 0, 0
203, 0, 33, 131, 108, 13, 33.91%, 0, 0, 2, 442.50, 87297, 138, 0, 0
208, 0, 33, 132, 109, 13, 33.91%, 0, 0, 2, 423.04, 89440, 138, 0, 0
213, 0, 33, 132, 109, 13, 33.91%, 0, 0, 2, 450.32, 91800, 138, 0, 0
218, 0, 33, 132, 109, 13, 33.91%, 0, 0, 2, 419.02, 93864, 138, 0, 0
223, 0, 33, 132, 109, 13, 33.91%, 0, 0, 2, 410.61, 96000, 138, 0, 0
228, 0, 33, 132, 109, 13, 33.91%, 0, 0, 2, 418.72, 98160, 138, 0, 0
233, 0, 33, 132, 109, 13, 33.91%, 0, 0, 2, 453.18, 100520, 138, 0, 0
238, 0, 33, 132, 109, 13, 33.91%, 0, 0, 2, 440.57, 102648, 138, 0, 0
243, 0, 33, 134, 111, 13, 33.91%, 0, 0, 2, 445.88, 104873, 138, 0, 0
248, 0, 33, 135, 112, 13, 33.91%, 0, 0, 2, 436.29, 107074, 138, 0, 0
253, 0, 33, 135, 112, 13, 33.91%, 0, 0, 2, 413.96, 109141, 138, 0, 0
258, 0, 33, 135, 112, 13, 33.91%, 0, 0, 2, 442.43, 111437, 138, 0, 0
263, 0, 38, 135, 109, 12, 33.91%, 0, 0, 2, 421.48, 113552, 138, 0, 0
269, 0, 82, 143, 115, 11, 34.40%, 0, 0, 3, 419.57, 115651, 140, 0, 0
274, 0, 82, 145, 117, 11, 34.40%, 0, 0, 3, 447.07, 117905, 140, 0, 0
279, 0, 82, 145, 117, 11, 34.40%, 0, 0, 3, 455.69, 120192, 140, 0, 0
284, 0, 82, 145, 117, 11, 34.40%, 0, 0, 3, 481.91, 122784, 140, 0, 0
289, 0, 95, 149, 120, 11, 34.40%, 0, 0, 3, 435.02, 124969, 140, 0, 0
294, 0, 95, 150, 121, 11, 34.40%, 0, 0, 3, 445.31, 127264, 140, 0, 0
299, 0, 95, 150, 121, 11, 34.40%, 0, 0, 3, 428.53, 129400, 140, 0, 0
304, 0, 95, 150, 121, 11, 34.40%, 0, 0, 3, 459.90, 131674, 140, 0, 0
309, 0, 95, 150, 121, 11, 34.40%, 0, 0, 3, 424.56, 133792, 140, 0, 0
314, 0, 95, 150, 121, 11, 34.40%, 0, 0, 3, 581.69, 136181, 140, 0, 0
319, 0, 95, 150, 121, 11, 34.40%, 0, 0, 3, 491.01, 138559, 140, 0, 0
324, 0, 95, 150, 121, 11, 34.40%, 0, 0, 3, 544.57, 141352, 140, 0, 0
329, 0, 96, 150, 120, 10, 34.40%, 0, 0, 3, 479.18, 143676, 140, 0, 0
335, 0, 122, 153, 117, 6, 34.40%, 0, 0, 3, 498.59, 146257, 140, 0, 0
340, 0, 127, 155, 118, 6, 34.40%, 0, 0, 3, 523.08, 148929, 140, 0, 0
345, 0, 127, 163, 126, 6, 34.40%, 0, 0, 3, 481.30, 151383, 140, 0, 0
350, 0, 127, 164, 127, 6, 34.40%, 0, 0, 3, 412.73, 153398, 140, 0, 0
355, 0, 127, 164, 127, 6, 34.40%, 0, 0, 3, 443.26, 155678, 140, 0, 0
360, 0, 127, 164, 127, 6, 34.40%, 0, 0, 3, 442.97, 157918, 140, 0, 0
365, 0, 149, 168, 128, 3, 34.40%, 0, 0, 4, 447.34, 160109, 140, 0, 0
370, 0, 149, 171, 131, 3, 35.14%, 0, 0, 4, 453.02, 162434, 143, 0, 0
375, 0, 149, 176, 136, 3, 35.14%, 0, 0, 4, 416.48, 164485, 143, 0, 0
380, 0, 149, 176, 136, 3, 35.14%, 0, 0, 4, 433.16, 166701, 143, 0, 0
385, 0, 149, 176, 136, 3, 35.14%, 0, 0, 4, 409.65, 168797, 143, 0, 0
390, 1, 14, 176, 130, 0, 35.14%, 0, 0, 4, 432.98, 171068, 143, 0, 0
396, 1, 81, 178, 121, 0, 35.14%, 0, 0, 4, 411.77, 173095, 143, 0, 0
401, 1, 123, 179, 109, 0, 35.14%, 0, 0, 4, 419.19, 175312, 143, 0, 0
406, 1, 162, 180, 100, 0, 35.14%, 0, 0, 4, 436.94, 177526, 143, 0, 0
411, 1, 181, 223, 140, 0, 46.44%, 0, 0, 4, 402.15, 179520, 189, 0, 0
416, 2, 198, 287, 199, 12, 48.40%, 0, 0, 4, 399.32, 181618, 197, 0, 0
421, 2, 223, 287, 194, 7, 48.40%, 0, 0, 4, 436.26, 183937, 197, 0, 0
426, 2, 241, 293, 199, 6, 48.65%, 0, 0, 4, 423.01, 186132, 198, 0, 0
431, 2, 241, 293, 199, 6, 48.65%, 0, 0, 4, 408.04, 188148, 198, 0, 0
436, 2, 241, 293, 199, 6, 48.65%, 0, 0, 4, 403.79, 190182, 198, 0, 0
442, 2, 241, 293, 199, 6, 48.65%, 0, 0, 4, 433.98, 192468, 198, 0, 0
447, 2, 260, 293, 198, 6, 48.65%, 0, 0, 4, 426.67, 194606, 198, 0, 0
452, 2, 262, 295, 199, 5, 48.65%, 0, 0, 4, 435.80, 196870, 198, 0, 0
457, 2, 265, 295, 198, 4, 48.65%, 0, 0, 4, 403.61, 198878, 198, 0, 0
462, 2, 281, 296, 197, 2, 48.65%, 0, 0, 4, 447.04, 201192, 198, 0, 0
467, 2, 281, 296, 197, 2, 48.65%, 0, 0, 4, 405.42, 203212, 198, 0, 0
472, 3, 297, 300, 196, 1, 48.89%, 0, 0, 4, 426.31, 205388, 199, 0, 0
477, 4, 49, 300, 191, 0, 48.89%, 0, 0, 4, 395.90, 207423, 199, 0, 0
483, 4, 124, 300, 179, 0, 48.89%, 0, 0, 4, 443.59, 209694, 199, 0, 0
488, 4, 165, 300, 171, 0, 48.89%, 0, 0, 4, 444.88, 212072, 199, 0, 0
493, 4, 301, 302, 166, 1, 49.14%, 0, 0, 4, 444.88, 214271, 200, 0, 0
498, 5, 97, 304, 159, 0, 49.14%, 0, 0, 4, 441.21, 216509, 200, 0, 0
503, 5, 161, 304, 148, 0, 49.14%, 0, 0, 4, 446.35, 218747, 200, 0, 0
508, 5, 191, 304, 142, 0, 49.14%, 0, 0, 4, 447.73, 220958, 200, 0, 0
513, 5, 212, 304, 134, 0, 49.14%, 0, 0, 4, 411.29, 223006, 200, 0, 0
518, 5, 241, 304, 126, 0, 49.14%, 0, 0, 4, 435.57, 225130, 200, 0, 0
523, 5, 262, 305, 122, 0, 49.14%, 0, 0, 4, 470.92, 227543, 200, 0, 0
528, 5, 300, 305, 119, 0, 49.14%, 0, 0, 4, 453.03, 229825, 200, 0, 0
533, 6, 306, 309, 118, 3, 49.63%, 0, 0, 4, 444.69, 232055, 202, 0, 0
538, 6, 307, 311, 119, 2, 49.63%, 0, 0, 4, 445.74, 234340, 202, 0, 0
544, 6, 307, 311, 119, 2, 49.63%, 0, 0, 4, 430.72, 236437, 202, 0, 0
549, 6, 307, 311, 119, 2, 49.63%, 0, 0, 4, 388.36, 238256, 202, 0, 0
554, 6, 307, 311, 119, 2, 49.63%, 0, 0, 4, 389.44, 240286, 202, 0, 0
559, 6, 308, 311, 118, 1, 49.63%, 0, 0, 4, 404.19, 242321, 202, 0, 0
564, 7, 17, 313, 118, 0, 49.88%, 0, 0, 4, 404.34, 244405, 203, 0, 0
569, 7, 119, 313, 109, 0, 49.88%, 0, 0, 4, 409.57, 246546, 203, 0, 0
574, 7, 180, 313, 108, 0, 49.88%, 0, 0, 4, 432.51, 248693, 203, 0, 0
579, 7, 313, 314, 108, 1, 49.88%, 0, 0, 5, 411.48, 250652, 203, 0, 0
584, 8, 35, 314, 107, 0, 49.88%, 0, 0, 5, 410.16, 252793, 203, 0, 0
589, 8, 149, 314, 100, 0, 49.88%, 0, 0, 5, 417.73, 254940, 203, 0, 0
595, 8, 195, 314, 95, 0, 49.88%, 0, 0, 5, 439.33, 257153, 203, 0, 0
600, 8, 248, 314, 90, 0, 49.88%, 0, 0, 5, 423.48, 259290, 203, 0, 0
605, 8, 273, 322, 97, 0, 49.88%, 0, 0, 5, 395.11, 261288, 203, 0, 0
610, 8, 273, 322, 97, 0, 49.88%, 0, 0, 5, 417.30, 263368, 203, 0, 0
615, 8, 273, 323, 98, 0, 49.88%, 0, 0, 5, 415.62, 265471, 203, 0, 0
620, 8, 273, 323, 98, 0, 49.88%, 0, 0, 5, 388.25, 267441, 203, 0, 0
625, 8, 273, 323, 98, 0, 49.88%, 0, 0, 5, 418.22, 269615, 203, 0, 0
630, 8, 307, 324, 97, 0, 49.88%, 0, 0, 5, 409.34, 271686, 203, 0, 0
635, 8, 309, 324, 97, 0, 49.88%, 0, 0, 5, 371.56, 273531, 203, 0, 0
640, 8, 318, 324, 95, 0, 49.88%, 0, 0, 5, 403.16, 275575, 203, 0, 0
645, 9, 3, 324, 92, 0, 49.88%, 0, 0, 5, 386.90, 277524, 203, 0, 0
650, 9, 119, 324, 88, 0, 49.88%, 1, 0, 5, 421.01, 279700, 203, 1, 0
655, 9, 184, 324, 87, 0, 49.88%, 1, 0, 5, 410.48, 281803, 203, 1, 0
660, 9, 260, 324, 80, 0, 49.88%, 1, 0, 5, 427.72, 283931, 203, 1, 0
666, 9, 306, 324, 75, 0, 49.88%, 1, 0, 5, 444.33, 286179, 203, 1, 0
671, 9, 321, 324, 75, 0, 49.88%, 1, 0, 5, 450.65, 288404, 203, 1, 0
676, 9, 323, 325, 74, 0, 49.88%, 1, 0, 5, 409.17, 290480, 203, 1, 0
681, 10, 325, 327, 75, 2, 50.37%, 1, 0, 5, 406.53, 292465, 205, 1, 0
686, 11, 327, 330, 76, 1, 50.86%, 1, 0, 5, 402.91, 294507, 207, 1, 0
691, 11, 328, 331, 76, 2, 51.11%, 1, 0, 5, 409.33, 296555, 208, 1, 0
696, 12, 16, 332, 75, 0, 51.11%, 1, 0, 5, 426.07, 298727, 208, 1, 0
701, 12, 153, 332, 72, 0, 51.11%, 1, 0, 5, 414.13, 300795, 208, 1, 0
706, 12, 196, 332, 70, 0, 51.11%, 1, 0, 5, 429.66, 302931, 208, 1, 0
711, 12, 233, 332, 64, 0, 51.11%, 1, 0, 5, 433.22, 305096, 208, 1, 0
716, 12, 289, 332, 58, 0, 51.11%, 1, 0, 5, 425.98, 307278, 208, 1, 0
721, 12, 313, 332, 56, 0, 51.11%, 1, 0, 5, 425.33, 309446, 208, 1, 0
726, 12, 324, 332, 55, 0, 51.11%, 1, 0, 5, 408.67, 311526, 208, 1, 0
731, 12, 330, 332, 54, 0, 51.11%, 1, 0, 5, 465.28, 313816, 208, 1, 0
736, 13, 97, 332, 51, 0, 51.11%, 1, 0, 5, 416.06, 315877, 208, 1, 0
742, 13, 162, 332, 50, 0, 51.11%, 1, 0, 5, 405.81, 317938, 208, 2, 0
747, 13, 262, 332, 47, 0, 51.11%, 1, 0, 5, 482.95, 320482, 208, 2, 0
752, 14, 3, 333, 43, 0, 51.35%, 1, 0, 5, 445.02, 322785, 209, 2, 0
757, 14, 132, 333, 42, 0, 51.35%, 1, 0, 5, 463.98, 325178, 209, 2, 0
762, 14, 233, 333, 41, 0, 51.35%, 1, 0, 5, 466.51, 327621, 209, 2, 0
767, 14, 300, 333, 38, 0, 51.35%, 1, 0, 5, 455.07, 329983, 209, 2, 0
773, 14, 325, 333, 37, 0, 51.35%, 1, 0, 5, 417.09, 332044, 209, 2, 0
778, 15, 94, 335, 39, 1, 51.60%, 1, 0, 5, 421.27, 334244, 210, 2, 0
783, 16, 87, 335, 37, 0, 51.60%, 1, 0, 5, 423.69, 336357, 210, 2, 0
788, 16, 182, 335, 37, 0, 51.60%, 1, 0, 5, 401.35, 338385, 210, 2, 0
793, 16, 241, 335, 34, 0, 51.60%, 1, 0, 5, 410.84, 340512, 210, 2, 0
798, 16, 305, 335, 32, 0, 51.60%, 1, 0, 5, 417.09, 342680, 210, 2, 0
803, 16, 316, 335, 31, 0, 51.60%, 1, 0, 5, 424.15, 344842, 210, 2, 0
808, 16, 334, 335, 29, 0, 51.60%, 1, 0, 5, 446.92, 347056, 210, 2, 0
813, 17, 119, 335, 29, 0, 51.60%, 1, 0, 5, 416.89, 349139, 210, 2, 0
819, 17, 216, 335, 29, 0, 51.60%, 2, 0, 5, 421.09, 351346, 210, 3, 0
824, 17, 297, 335, 26, 0, 51.60%, 2, 0, 5, 422.25, 353498, 210, 3, 0
829, 17, 313, 335, 24, 0, 51.60%, 2, 0, 5, 406.90, 355552, 210, 3, 0
834, 17, 316, 335, 23, 0, 51.60%, 2, 0, 5, 395.40, 357601, 210, 3, 0
839, 17, 334, 335, 23, 0, 51.60%, 2, 0, 5, 439.91, 359862, 210, 3, 0
844, 18, 119, 336, 24, 0, 51.60%, 2, 0, 5, 435.55, 362033, 210, 3, 0
849, 18, 202, 336, 24, 0, 51.60%, 2, 0, 5, 447.64, 364265, 210, 4, 0
854, 18, 277, 336, 22, 0, 51.60%, 2, 0, 5, 440.36, 366441, 210, 4, 0
859, 18, 325, 336, 21, 0, 51.60%, 2, 0, 5, 443.09, 368741, 210, 4, 0
864, 19, 36, 336, 20, 0, 51.60%, 2, 0, 5, 442.04, 371041, 210, 4, 0
869, 19, 132, 336, 17, 0, 51.60%, 2, 0, 5, 424.79, 373094, 210, 4, 0
874, 19, 198, 336, 15, 0, 51.60%, 2, 0, 5, 397.83, 375054, 210, 4, 0
880, 19, 262, 336, 12, 0, 51.60%, 2, 0, 5, 483.36, 377297, 210, 4, 0
885, 19, 307, 336, 11, 0, 51.60%, 2, 0, 5, 433.13, 379474, 210, 4, 0
890, 20, 3, 337, 12, 0, 51.84%, 3, 0, 5, 429.85, 381630, 211, 5, 0
895, 21, 105, 337, 11, 0, 51.84%, 3, 0, 5, 416.54, 383796, 211, 5, 0
900, 21, 182, 337, 11, 0, 51.84%, 3, 0, 5, 420.61, 385947, 211, 5, 0
905, 21, 260, 337, 11, 0, 51.84%, 4, 0, 5, 405.41, 388002, 211, 6, 0
906, 21, 274, 337, 11, 0, 51.84%, 4, 0, 5, 403.74, 388580, 211, 6, 0
