# relative_time, cycles_done, cur_item, corpus_count, pending_total, pending_favs, map_size, saved_crashes, saved_hangs, max_depth, execs_per_sec, total_execs, edges_found, total_crashes, servers_count
60, 0, 3, 25, 20, 3, 22.11%, 0, 0, 2, 442.88, 28389, 90, 0, 0
66, 0, 3, 25, 20, 3, 22.11%, 0, 0, 2, 437.54, 30701, 90, 0, 0
71, 0, 3, 25, 20, 3, 22.11%, 0, 0, 2, 456.81, 33006, 90, 0, 0
76, 0, 3, 26, 21, 3, 22.36%, 0, 0, 2, 451.98, 35326, 91, 0, 0
81, 0, 3, 26, 21, 3, 22.36%, 0, 0, 2, 428.69, 37492, 91, 0, 0
86, 0, 3, 26, 21, 3, 22.36%, 0, 0, 2, 415.03, 39628, 91, 0, 0
91, 0, 8, 123, 117, 25, 36.36%, 0, 0, 2, 423.68, 41768, 148, 0, 0
96, 0, 8, 123, 117, 25, 36.36%, 0, 0, 2, 382.04, 43667, 148, 0, 0
101, 0, 8, 123, 117, 25, 36.36%, 0, 0, 2, 390.87, 45641, 148, 0, 0
106, 0, 11, 125, 117, 24, 36.36%, 0, 0, 2, 394.95, 47600, 148, 0, 0
111, 0, 15, 125, 113, 20, 36.36%, 0, 0, 2, 432.23, 49838, 148, 0, 0
116, 0, 17, 125, 111, 18, 36.36%, 0, 0, 2, 428.42, 52032, 148, 0, 0
121, 0, 19, 138, 122, 16, 41.52%, 0, 0, 3, 435.92, 54171, 169, 0, 0
126, 0, 19, 139, 123, 16, 41.52%, 0, 0, 3, 426.31, 56290, 169, 0, 0
132, 0, 19, 140, 124, 16, 41.52%, 0, 0, 3, 411.90, 58337, 169, 0, 0
137, 0, 19, 141, 125, 16, 41.52%, 0, 0, 3, 431.83, 60584, 169, 0, 0
142, 0, 19, 141, 125, 16, 41.52%, 0, 0, 3, 421.15, 62744, 169, 0, 0
147, 0, 19, 141, 125, 16, 41.52%, 0, 0, 3, 412.59, 64801, 169, 0, 0
152, 0, 19, 141, 125, 16, 41.52%, 0, 0, 3, 413.53, 66849, 169, 0, 0
157, 0, 19, 141, 125, 16, 41.52%, 0, 0, 3, 402.89, 68892, 169, 0, 0
162, 0, 19, 141, 125, 16, 41.52%, 0, 0, 3, 402.89, 70985, 169, 0, 0
167, 0, 19, 141, 125, 16, 41.52%, 0, 0, 3, 419.02, 73089, 169, 0, 0
172, 0, 19, 141, 125, 16, 41.52%, 0, 0, 3, 410.68, 75177, 169, 0, 0
177, 0, 19, 142, 126, 16, 41.52%, 0, 0, 3, 423.24, 77296, 169, 0, 0
182, 0, 19, 142, 126, 16, 41.52%, 0, 0, 3, 411.91, 79312, 169, 0, 0
187, 0, 19, 142, 126, 16, 41.52%, 0, 0, 3, 405.38, 81336, 169, 0, 0
192, 0, 19, 142, 126, 16, 41.52%, 0, 0, 3, 398.94, 83328, 169, 0, 0
197, 0, 19, 142, 126, 16, 41.52%, 0, 0, 3, 410.40, 85472, 169, 0, 0
203, 0, 19, 142, 126, 16, 41.52%, 0, 0, 3, 414.13, 87520, 169, 0, 0
208, 0, 19, 142, 126, 16, 41.52%, 0, 0, 3, 409.51, 89616, 169, 0, 0
213, 0, 25, 143, 126, 22, 41.52%, 0, 0, 3, 404.65, 91672, 169, 0, 0
218, 0, 40, 150, 130, 19, 41.52%, 0, 0, 3, 438.00, 93914, 169, 0, 0
223, 0, 40, 152, 132, 19, 41.52%, 0, 0, 3, 431.03, 96040, 169, 0, 0
228, 0, 77, 152, 129, 17, 41.52%, 0, 0, 3, 429.72, 98169, 169, 0, 0
233, 0, 78, 158, 134, 16, 41.52%, 0, 0, 3, 393.92, 100138, 169, 0, 0
238, 0, 78, 162, 138, 16, 41.52%, 0, 0, 3, 414.89, 102371, 169, 0, 0
243, 0, 78, 165, 141, 16, 41.52%, 0, 0, 3, 443.32, 104641, 169, 0, 0
248, 0, 78, 167, 143, 16, 41.52%, 0, 0, 3, 429.05, 106847, 169, 0, 0
253, 0, 105, 167, 141, 16, 41.52%, 0, 0, 3, 468.77, 109252, 169, 0, 0
258, 0, 110, 173, 145, 14, 41.52%, 0, 0, 3, 452.91, 111516, 169, 0, 0
264, 0, 110, 178, 150, 14, 42.26%, 0, 0, 3, 412.75, 113645, 172, 0, 0
269, 0, 110, 180, 152, 14, 42.26%, 0, 0, 3, 407.05, 115803, 172, 0, 0
274, 0, 110, 181, 153, 14, 42.26%, 0, 0, 3, 395.55, 117796, 172, 0, 0
279, 0, 110, 181, 153, 14, 42.26%, 0, 0, 3, 430.55, 119954, 172, 0, 0
284, 0, 131, 181, 148, 12, 42.26%, 0, 0, 3, 396.61, 121922, 172, 0, 0
289, 0, 138, 204, 168, 12, 42.51%, 0, 0, 4, 367.69, 123708, 173, 0, 0
294, 0, 162, 211, 171, 8, 42.51%, 0, 0, 4, 419.94, 125860, 173, 0, 0
299, 0, 167, 214, 173, 7, 42.51%, 0, 0, 4, 406.52, 127941, 173, 0, 0
304, 0, 167, 217, 176, 7, 42.51%, 0, 0, 4, 431.59, 130186, 173, 0, 0
306, 0, 168, 217, 176, 7, 42.51%, 0, 0, 4, 426.39, 131040, 173, 0, 0
