# relative_time, cycles_done, cur_item, corpus_count, pending_total, pending_favs, map_size, saved_crashes, saved_hangs, max_depth, execs_per_sec, total_execs, edges_found, total_crashes, servers_count
60, 0, 9, 86, 81, 5, 30.96%, 0, 0, 2, 434.27, 27022, 126, 0, 0
65, 0, 9, 87, 82, 5, 30.96%, 0, 0, 2, 449.51, 29262, 126, 0, 0
70, 0, 9, 87, 82, 5, 30.96%, 0, 0, 2, 429.85, 31438, 126, 0, 0
75, 0, 9, 89, 84, 5, 30.96%, 0, 0, 2, 416.34, 33549, 126, 0, 0
81, 0, 9, 91, 86, 5, 30.96%, 0, 0, 2, 405.60, 35659, 126, 0, 0
86, 0, 9, 93, 88, 5, 31.70%, 0, 0, 2, 448.47, 37928, 129, 0, 0
91, 0, 9, 93, 88, 5, 31.70%, 0, 0, 2, 440.18, 40169, 129, 0, 0
96, 0, 9, 94, 89, 5, 32.43%, 0, 0, 2, 439.83, 42440, 132, 0, 0
101, 0, 9, 94, 89, 5, 32.43%, 0, 0, 2, 438.15, 44624, 132, 0, 0
106, 0, 9, 96, 91, 5, 32.43%, 0, 0, 2, 429.30, 46782, 132, 0, 0
111, 0, 9, 96, 91, 5, 32.43%, 0, 0, 2, 431.68, 48974, 132, 0, 0
116, 0, 9, 96, 91, 5, 32.43%, 0, 0, 2, 480.33, 51431, 132, 0, 0
121, 0, 9, 96, 91, 5, 32.43%, 0, 0, 2, 402.71, 53406, 132, 0, 0
126, 0, 145, 155, 148, 34, 44.23%, 0, 0, 2, 423.05, 55630, 180, 0, 0
131, 0, 123, 158, 144, 27, 44.47%, 0, 0, 3, 430.54, 57873, 181, 0, 0
136, 0, 134, 162, 147, 26, 44.47%, 0, 0, 3, 451.56, 60155, 181, 0, 0
141, 0, 134, 174, 159, 26, 44.47%, 0, 0, 3, 441.60, 62387, 181, 0, 0
146, 0, 122, 176, 159, 26, 44.96%, 0, 0, 3, 423.17, 64547, 183, 0, 0
152, 0, 122, 190, 173, 26, 46.44%, 1, 0, 3, 447.39, 66833, 189, 1, 0
157, 0, 122, 194, 177, 26, 46.44%, 1, 0, 3, 422.37, 69002, 189, 1, 0
162, 0, 122, 195, 178, 26, 46.44%, 1, 0, 3, 424.78, 71193, 189, 1, 0
167, 0, 122, 198, 181, 26, 46.44%, 1, 0, 3, 422.74, 73302, 189, 1, 0
172, 0, 122, 198, 181, 26, 46.44%, 1, 0, 3, 425.75, 75486, 189, 1, 0
177, 0, 122, 199, 182, 26, 46.44%, 1, 0, 3, 449.84, 77725, 189, 1, 0
182, 0, 122, 200, 183, 26, 46.44%, 1, 0, 3, 430.90, 79836, 189, 1, 0
187, 0, 122, 200, 183, 26, 46.44%, 1, 0, 3, 429.66, 81988, 189, 1, 0
192, 0, 122, 201, 184, 26, 46.44%, 1, 0, 3, 416.76, 84131, 189, 1, 0
197, 0, 122, 201, 184, 26, 46.44%, 1, 0, 3, 447.15, 86474, 189, 1, 0
202, 0, 122, 201, 184, 26, 46.44%, 1, 0, 3, 446.20, 88675, 189, 1, 0
207, 0, 122, 201, 184, 26, 46.44%, 1, 0, 3, 435.04, 90883, 189, 1, 0
212, 0, 122, 202, 185, 26, 46.44%, 1, 0, 3, 446.44, 93150, 189, 1, 0
217, 0, 187, 202, 184, 27, 46.44%, 1, 0, 3, 449.24, 95418, 189, 1, 0
223, 0, 0, 202, 182, 25, 46.44%, 1, 0, 3, 397.80, 97439, 189, 1, 0
228, 0, 99, 205, 184, 24, 47.42%, 1, 0, 3, 412.75, 99602, 193, 1, 0
233, 0, 15, 206, 183, 24, 47.42%, 1, 0, 3, 440.48, 101793, 193, 1, 0
238, 0, 114, 206, 179, 20, 47.42%, 1, 0, 3, 434.57, 103988, 193, 1, 0
243, 0, 213, 214, 185, 20, 47.67%, 1, 0, 3, 450.24, 106306, 194, 1, 0
248, 0, 132, 214, 182, 17, 47.67%, 1, 0, 3, 501.33, 108980, 194, 1, 0
253, 0, 204, 228, 195, 16, 47.67%, 1, 0, 3, 502.72, 111572, 194, 1, 0
258, 0, 204, 236, 203, 16, 47.67%, 1, 0, 3, 445.58, 113718, 194, 1, 0
263, 0, 204, 237, 204, 16, 47.67%, 1, 0, 3, 447.13, 116034, 194, 1, 0
268, 0, 204, 237, 204, 16, 47.67%, 1, 0, 3, 436.65, 118253, 194, 1, 0
273, 0, 238, 239, 205, 16, 47.91%, 1, 0, 3, 436.32, 120467, 195, 1, 0
278, 0, 180, 244, 209, 15, 47.91%, 1, 0, 3, 448.09, 122752, 195, 1, 0
283, 0, 180, 256, 221, 15, 47.91%, 1, 0, 3, 462.23, 125034, 195, 2, 0
289, 0, 180, 259, 224, 15, 47.91%, 1, 0, 3, 451.73, 127251, 195, 2, 0
294, 0, 180, 262, 227, 15, 47.91%, 1, 0, 3, 446.07, 129504, 195, 3, 0
299, 0, 180, 263, 228, 15, 47.91%, 1, 0, 3, 460.83, 131815, 195, 3, 0
304, 0, 180, 264, 229, 15, 47.91%, 1, 0, 3, 455.78, 134099, 195, 3, 0
309, 0, 180, 265, 230, 15, 47.91%, 1, 0, 3, 420.13, 136249, 195, 3, 0
314, 0, 180, 265, 230, 15, 47.91%, 1, 0, 3, 433.97, 138441, 195, 3, 0
319, 0, 180, 265, 230, 15, 47.91%, 1, 0, 3, 424.69, 140537, 195, 3, 0
324, 0, 180, 265, 230, 15, 47.91%, 1, 0, 3, 456.47, 142908, 195, 3, 0
329, 0, 180, 266, 231, 15, 47.91%, 1, 0, 3, 426.85, 145032, 195, 3, 0
334, 0, 180, 266, 231, 15, 47.91%, 1, 0, 3, 423.46, 147184, 195, 3, 0
339, 0, 180, 266, 231, 15, 47.91%, 1, 0, 3, 417.29, 149376, 195, 3, 0
344, 0, 180, 266, 231, 15, 47.91%, 1, 0, 3, 456.51, 151690, 195, 3, 0
349, 0, 180, 267, 232, 15, 47.91%, 1, 0, 3, 465.24, 154073, 195, 3, 0
355, 0, 180, 268, 233, 15, 47.91%, 1, 0, 3, 430.84, 156214, 195, 3, 0
360, 0, 180, 268, 233, 15, 47.91%, 1, 0, 3, 463.87, 158562, 195, 3, 0
365, 0, 180, 269, 234, 15, 47.91%, 1, 0, 3, 447.84, 160805, 195, 3, 0
370, 0, 252, 269, 232, 13, 47.91%, 1, 0, 3, 500.82, 163381, 195, 3, 0
375, 0, 84, 271, 231, 11, 47.91%, 1, 0, 3, 456.13, 165707, 195, 3, 0
380, 0, 176, 272, 230, 10, 47.91%, 1, 0, 3, 449.71, 167979, 195, 3, 0
385, 0, 156, 274, 231, 9, 47.91%, 1, 0, 3, 455.33, 170186, 195, 3, 0
390, 0, 182, 274, 227, 5, 47.91%, 1, 0, 3, 439.00, 172374, 195, 3, 0
395, 0, 182, 278, 231, 5, 47.91%, 1, 0, 3, 441.35, 174539, 195, 3, 0
400, 0, 182, 283, 236, 5, 47.91%, 1, 0, 3, 453.04, 176816, 195, 3, 0
405, 0, 182, 284, 237, 5, 47.91%, 1, 0, 3, 445.68, 178973, 195, 3, 0
410, 0, 262, 286, 238, 4, 47.91%, 1, 0, 3, 462.16, 181238, 195, 3, 0
415, 0, 131, 286, 237, 3, 47.91%, 1, 0, 3, 458.36, 183530, 195, 3, 0
420, 0, 131, 286, 237, 3, 47.91%, 1, 0, 3, 404.05, 185487, 195, 3, 0
425, 0, 131, 286, 237, 3, 47.91%, 1, 0, 3, 406.87, 187497, 195, 3, 0
430, 0, 131, 286, 237, 3, 47.91%, 1, 0, 3, 396.44, 189481, 195, 3, 0
435, 0, 87, 289, 238, 2, 47.91%, 1, 0, 4, 422.69, 191621, 195, 3, 0
441, 0, 177, 297, 245, 1, 48.65%, 1, 0, 4, 443.71, 193927, 198, 3, 0
446, 0, 52, 297, 243, 0, 48.65%, 1, 0, 4, 425.58, 196047, 198, 3, 0
451, 0, 181, 298, 241, 0, 48.65%, 1, 0, 4, 456.31, 198321, 198, 3, 0
456, 0, 207, 299, 239, 0, 48.65%, 1, 0, 4, 455.27, 200622, 198, 3, 0
461, 0, 235, 299, 237, 0, 48.65%, 1, 0, 4, 425.93, 202833, 198, 3, 0
466, 0, 135, 300, 237, 0, 48.65%, 1, 0, 4, 383.75, 204711, 198, 3, 0
471, 0, 293, 300, 235, 0, 48.65%, 1, 0, 4, 423.87, 206902, 198, 3, 0
476, 0, 280, 302, 234, 0, 48.65%, 1, 0, 4, 483.12, 209412, 198, 3, 0
481, 0, 182, 303, 232, 0, 48.65%, 1, 0, 4, 447.08, 211686, 198, 3, 0
486, 0, 130, 303, 230, 0, 48.65%, 1, 0, 4, 443.89, 213947, 198, 3, 0
491, 0, 301, 306, 231, 0, 48.65%, 1, 0, 4, 453.78, 216316, 198, 3, 0
496, 0, 165, 306, 229, 0, 48.65%, 1, 0, 4, 450.05, 218553, 198, 3, 0
501, 0, 227, 306, 224, 0, 48.65%, 1, 0, 4, 438.46, 220839, 198, 3, 0
507, 0, 245, 306, 223, 0, 48.65%, 1, 0, 4, 450.55, 223092, 198, 3, 0
512, 0, 197, 306, 220, 0, 48.65%, 1, 0, 4, 433.91, 225281, 198, 3, 0
517, 0, 218, 306, 216, 0, 48.65%, 1, 0, 4, 437.34, 227509, 198, 3, 0
522, 0, 156, 306, 214, 0, 48.65%, 1, 0, 4, 448.02, 229724, 198, 3, 0
527, 0, 226, 307, 213, 0, 48.65%, 1, 0, 4, 461.02, 232085, 198, 3, 0
532, 0, 306, 307, 211, 0, 48.65%, 1, 0, 4, 442.73, 234204, 198, 3, 0
537, 0, 244, 308, 210, 0, 48.65%, 1, 0, 4, 454.06, 236478, 198, 3, 0
542, 0, 106, 308, 207, 0, 48.65%, 1, 0, 4, 444.74, 238677, 198, 3, 0
547, 0, 170, 309, 204, 0, 48.65%, 1, 0, 4, 438.99, 240869, 198, 3, 0
552, 0, 95, 309, 202, 0, 48.65%, 1, 0, 4, 441.37, 243087, 198, 3, 0
557, 0, 269, 309, 200, 0, 48.65%, 1, 0, 4, 422.67, 245217, 198, 3, 0
562, 0, 229, 310, 199, 0, 48.65%, 1, 0, 4, 448.12, 247544, 198, 3, 0
567, 0, 288, 310, 196, 0, 48.65%, 1, 0, 4, 434.87, 249729, 198, 3, 0
572, 0, 288, 314, 200, 0, 48.89%, 1, 0, 5, 426.70, 251837, 199, 3, 0
577, 0, 288, 315, 201, 0, 48.89%, 1, 0, 5, 424.68, 254012, 199, 3, 0
582, 0, 288, 315, 201, 0, 48.89%, 1, 0, 5, 420.64, 256148, 199, 3, 0
588, 0, 313, 315, 200, 1, 48.89%, 1, 0, 5, 427.14, 258433, 199, 3, 0
593, 0, 315, 316, 200, 1, 49.14%, 1, 0, 5, 430.66, 260633, 200, 3, 0
598, 0, 34, 316, 198, 0, 49.14%, 1, 0, 5, 442.89, 262876, 200, 3, 0
603, 0, 301, 316, 195, 0, 49.14%, 1, 0, 5, 444.36, 265148, 200, 3, 0
608, 0, 301, 316, 194, 0, 49.14%, 1, 0, 5, 425.94, 267321, 200, 3, 0
613, 0, 206, 316, 193, 0, 49.14%, 1, 0, 5, 454.32, 269716, 200, 3, 0
618, 0, 275, 316, 190, 0, 49.14%, 1, 0, 5, 416.13, 271816, 200, 3, 0
623, 0, 33, 316, 188, 0, 49.14%, 1, 0, 5, 430.93, 274083, 200, 3, 0
628, 0, 260, 316, 186, 0, 49.14%, 1, 0, 5, 431.73, 276222, 200, 3, 0
633, 0, 243, 316, 184, 0, 49.14%, 1, 0, 5, 430.82, 278369, 200, 3, 0
638, 0, 316, 317, 183, 1, 51.60%, 1, 0, 5, 443.13, 280656, 210, 3, 0
644, 0, 316, 330, 196, 1, 56.76%, 1, 0, 5, 424.28, 282798, 231, 3, 0
649, 0, 316, 332, 198, 1, 56.76%, 1, 0, 5, 427.53, 284940, 231, 3, 0
654, 0, 316, 332, 198, 1, 56.76%, 1, 0, 5, 438.39, 287164, 231, 3, 0
659, 0, 316, 333, 199, 1, 56.76%, 1, 0, 5, 448.37, 289411, 231, 3, 0
664, 0, 316, 333, 199, 1, 56.76%, 1, 0, 5, 437.92, 291620, 231, 3, 0
669, 0, 316, 333, 199, 1, 56.76%, 1, 0, 5, 439.32, 293780, 231, 3, 0
674, 0, 316, 336, 202, 1, 56.76%, 1, 0, 5, 455.60, 296041, 231, 3, 0
679, 0, 316, 336, 202, 1, 56.76%, 1, 0, 5, 420.51, 298145, 231, 3, 0
684, 0, 316, 336, 202, 1, 56.76%, 1, 0, 5, 441.94, 300385, 231, 3, 0
689, 0, 316, 337, 203, 1, 56.76%, 1, 0, 5, 437.25, 302576, 231, 3, 0
694, 0, 316, 337, 203, 1, 56.76%, 1, 0, 5, 459.99, 304949, 231, 3, 0
699, 0, 316, 338, 204, 1, 56.76%, 1, 0, 5, 486.70, 307440, 231, 3, 0
704, 0, 316, 338, 204, 1, 56.76%, 1, 0, 5, 436.18, 309607, 231, 3, 0
709, 0, 316, 341, 207, 1, 56.76%, 1, 0, 5, 451.11, 311952, 231, 3, 0
714, 0, 316, 342, 208, 1, 56.76%, 1, 0, 5, 422.68, 314131, 231, 3, 0
719, 0, 316, 342, 208, 1, 56.76%, 1, 0, 5, 437.15, 316339, 231, 3, 0
724, 0, 316, 342, 208, 1, 56.76%, 1, 0, 5, 438.45, 318555, 231, 3, 0
730, 0, 316, 342, 208, 1, 56.76%, 1, 0, 5, 432.80, 320763, 231, 3, 0
735, 0, 316, 342, 208, 1, 56.76%, 1, 0, 5, 442.19, 323019, 231, 3, 0
740, 0, 316, 342, 208, 1, 56.76%, 1, 0, 5, 425.24, 325171, 231, 3, 0
745, 0, 316, 342, 208, 1, 56.76%, 1, 0, 5, 439.89, 327499, 231, 3, 0
750, 0, 316, 343, 209, 1, 56.76%, 1, 0, 5, 457.24, 329768, 231, 3, 0
755, 0, 316, 343, 209, 1, 56.76%, 1, 0, 5, 451.69, 332050, 231, 3, 0
760, 0, 324, 343, 208, 5, 56.76%, 1, 0, 5, 427.98, 334213, 231, 3, 0
765, 0, 317, 351, 214, 3, 56.76%, 1, 0, 5, 447.18, 336458, 231, 3, 0
770, 0, 323, 353, 215, 2, 56.76%, 1, 0, 5, 449.50, 338719, 231, 3, 0
775, 0, 283, 365, 225, 2, 57.00%, 1, 0, 5, 451.05, 340948, 232, 3, 0
780, 0, 208, 365, 223, 1, 57.00%, 1, 0, 5, 449.59, 343294, 232, 3, 0
785, 0, 268, 365, 220, 1, 57.00%, 1, 0, 5, 433.44, 345478, 232, 3, 0
791, 0, 156, 365, 216, 1, 57.00%, 1, 0, 5, 434.52, 347754, 232, 3, 0
796, 0, 168, 366, 215, 1, 57.00%, 1, 0, 5, 468.14, 350148, 232, 3, 0
801, 0, 322, 367, 214, 1, 57.00%, 1, 0, 5, 462.83, 352504, 232, 3, 0
806, 0, 308, 367, 212, 1, 57.00%, 1, 0, 5, 430.87, 354666, 232, 3, 0
811, 0, 364, 369, 212, 1, 57.00%, 1, 0, 5, 439.96, 356917, 232, 3, 0
816, 0, 364, 374, 217, 1, 57.25%, 1, 0, 5, 446.12, 359223, 233, 3, 0
821, 0, 364, 377, 220, 1, 57.25%, 1, 0, 5, 406.53, 361269, 233, 3, 0
826, 0, 364, 379, 222, 1, 57.25%, 1, 0, 5, 416.99, 363395, 233, 3, 0
831, 0, 364, 382, 225, 1, 57.25%, 1, 0, 5, 413.00, 365536, 233, 3, 0
836, 0, 364, 384, 227, 1, 57.25%, 1, 0, 5, 436.00, 367798, 233, 3, 0
841, 0, 375, 384, 226, 3, 57.25%, 1, 0, 5, 441.24, 370078, 233, 3, 0
847, 0, 382, 385, 226, 2, 57.25%, 1, 0, 6, 426.45, 372193, 233, 3, 0
852, 0, 372, 385, 225, 1, 57.25%, 1, 0, 6, 446.63, 374492, 233, 3, 0
857, 0, 367, 385, 223, 0, 57.25%, 1, 0, 6, 478.09, 376893, 233, 3, 0
862, 0, 102, 385, 219, 0, 57.25%, 1, 0, 6, 455.97, 379176, 233, 3, 0
867, 0, 60, 385, 218, 0, 57.25%, 1, 0, 6, 448.44, 381430, 233, 3, 0
872, 0, 281, 385, 216, 0, 57.25%, 1, 0, 6, 445.87, 383657, 233, 3, 0
877, 0, 348, 385, 213, 0, 57.25%, 1, 0, 6, 462.43, 386020, 233, 3, 0
882, 0, 310, 385, 212, 0, 57.25%, 1, 0, 6, 445.10, 388262, 233, 3, 0
887, 1, 80, 386, 208, 0, 57.25%, 1, 0, 6, 453.09, 390579, 233, 3, 0
892, 1, 137, 391, 210, 0, 57.25%, 1, 0, 6, 463.16, 392908, 233, 3, 0
897, 1, 343, 391, 207, 0, 57.25%, 1, 0, 6, 464.42, 395200, 233, 3, 0
902, 1, 390, 391, 203, 0, 57.25%, 1, 0, 6, 458.24, 397499, 233, 3, 0
907, 1, 169, 391, 200, 0, 57.25%, 1, 0, 6, 455.89, 399811, 233, 3, 0
912, 1, 265, 391, 197, 0, 57.25%, 1, 0, 6, 469.79, 402163, 233, 3, 0
917, 1, 133, 391, 194, 0, 57.25%, 1, 0, 6, 491.36, 404706, 233, 3, 0
922, 1, 351, 391, 192, 0, 57.25%, 1, 0, 6, 471.85, 407042, 233, 3, 0
927, 1, 354, 392, 188, 0, 57.25%, 1, 0, 6, 488.23, 409559, 233, 3, 0
932, 1, 349, 392, 186, 0, 57.25%, 1, 0, 6, 460.22, 411829, 233, 3, 0
937, 1, 99, 394, 185, 0, 57.25%, 1, 0, 6, 436.77, 413974, 233, 3, 0
943, 1, 392, 394, 183, 0, 57.25%, 1, 0, 6, 454.65, 416284, 233, 3, 0
948, 1, 376, 394, 181, 0, 57.25%, 1, 0, 6, 456.08, 418556, 233, 3, 0
953, 1, 178, 394, 178, 0, 57.25%, 1, 0, 6, 439.12, 420717, 233, 3, 0
958, 1, 331, 395, 177, 0, 57.25%, 1, 0, 6, 447.41, 422905, 233, 3, 0
963, 1, 209, 395, 175, 0, 57.25%, 1, 0, 6, 458.35, 425232, 233, 3, 0
968, 1, 167, 395, 174, 0, 57.25%, 1, 0, 6, 442.76, 427409, 233, 3, 0
973, 1, 127, 395, 172, 0, 57.25%, 1, 0, 6, 423.76, 429661, 233, 3, 0
978, 1, 395, 396, 171, 1, 57.49%, 1, 0, 6, 402.38, 431720, 234, 3, 0
983, 1, 350, 396, 169, 0, 57.49%, 1, 0, 6, 423.47, 433827, 234, 3, 0
988, 1, 366, 396, 167, 0, 57.49%, 1, 0, 6, 424.57, 435981, 234, 3, 0
993, 1, 389, 396, 163, 0, 57.49%, 1, 0, 6, 452.26, 438233, 234, 3, 0
998, 1, 396, 398, 163, 1, 57.49%, 1, 0, 7, 460.55, 440566, 234, 3, 0
1003, 1, 370, 398, 160, 0, 57.49%, 1, 0, 7, 418.12, 442614, 234, 3, 0
1008, 1, 387, 398, 157, 0, 57.49%, 1, 0, 7, 437.49, 444833, 234, 3, 0
1013, 1, 294, 399, 156, 0, 57.49%, 1, 0, 7, 425.51, 446993, 234, 3, 0
1019, 1, 201, 399, 152, 0, 57.49%, 1, 0, 7, 422.82, 449166, 234, 3, 0
1024, 1, 391, 399, 150, 0, 57.49%, 1, 0, 7, 432.14, 451393, 234, 3, 0
1029, 1, 232, 399, 147, 0, 57.49%, 1, 0, 7, 427.80, 453575, 234, 3, 0
1034, 1, 375, 400, 146, 0, 57.49%, 1, 0, 7, 446.57, 455846, 234, 3, 0
1039, 1, 336, 400, 143, 0, 57.49%, 1, 0, 7, 466.61, 458202, 234, 3, 0
1044, 1, 399, 400, 141, 0, 57.49%, 1, 0, 7, 455.59, 460500, 234, 3, 0
1049, 1, 100, 400, 138, 0, 57.49%, 1, 0, 7, 421.04, 462594, 234, 3, 0
1054, 1, 303, 400, 135, 0, 57.49%, 1, 0, 7, 428.82, 464732, 234, 3, 0
1059, 1, 325, 401, 133, 0, 57.49%, 1, 0, 7, 433.55, 466974, 234, 3, 0
1064, 1, 177, 401, 130, 0, 57.49%, 1, 0, 7, 436.76, 469158, 234, 3, 0
1069, 1, 330, 401, 127, 0, 57.49%, 1, 0, 7, 455.72, 471413, 234, 3, 0
1074, 1, 352, 401, 125, 0, 57.49%, 1, 0, 7, 431.57, 473505, 234, 3, 0
1079, 1, 195, 401, 122, 0, 57.49%, 1, 0, 7, 463.59, 475845, 234, 3, 0
1084, 1, 368, 401, 120, 0, 57.49%, 1, 0, 7, 442.53, 478032, 234, 3, 0
1089, 1, 184, 401, 118, 0, 57.49%, 1, 0, 7, 427.20, 480237, 234, 3, 0
1094, 1, 98, 401, 116, 0, 57.49%, 1, 0, 7, 427.73, 482376, 234, 3, 0
1099, 1, 291, 401, 113, 0, 57.49%, 1, 0, 7, 458.20, 484678, 234, 3, 0
1105, 1, 238, 402, 112, 0, 57.74%, 1, 0, 7, 425.72, 486822, 235, 3, 0
1110, 1, 304, 402, 111, 0, 57.74%, 1, 0, 7, 448.11, 489191, 235, 3, 0
1115, 1, 312, 402, 108, 0, 57.74%, 1, 0, 7, 445.12, 491446, 235, 3, 0
1120, 1, 248, 402, 106, 0, 57.74%, 1, 0, 7, 432.79, 493665, 235, 3, 0
1125, 1, 337, 402, 104, 0, 57.74%, 1, 0, 7, 416.99, 495769, 235, 3, 0
1130, 1, 385, 402, 102, 0, 57.74%, 1, 0, 7, 439.49, 498014, 235, 3, 0
1135, 1, 163, 402, 99, 0, 57.74%, 1, 0, 7, 447.37, 500227, 235, 3, 0
1140, 1, 395, 402, 97, 0, 57.74%, 1, 0, 7, 444.65, 502438, 235, 3, 0
1145, 1, 126, 402, 95, 0, 57.74%, 1, 0, 7, 450.96, 504725, 235, 3, 0
1150, 1, 383, 402, 93, 0, 57.74%, 1, 0, 7, 444.77, 506918, 235, 3, 0
1155, 1, 302, 402, 91, 0, 57.74%, 1, 0, 7, 440.70, 509095, 235, 3, 0
1160, 1, 340, 402, 87, 0, 57.74%, 1, 0, 7, 435.35, 511257, 235, 3, 0
1165, 1, 207, 402, 84, 0, 57.74%, 1, 0, 7, 444.42, 513501, 235, 3, 0
1170, 1, 156, 402, 80, 0, 57.74%, 1, 0, 7, 463.78, 515820, 235, 3, 0
1175, 1, 190, 402, 79, 0, 57.74%, 1, 0, 7, 447.87, 518156, 235, 3, 0
1181, 1, 314, 402, 77, 0, 57.74%, 1, 0, 7, 438.70, 520427, 235, 3, 0
1186, 1, 289, 402, 73, 0, 57.74%, 1, 0, 7, 443.92, 522697, 235, 3, 0
1191, 1, 144, 402, 70, 0, 57.74%, 1, 0, 7, 457.84, 525037, 235, 3, 0
1196, 1, 374, 402, 67, 0, 57.74%, 1, 0, 7, 450.23, 527319, 235, 3, 0
1201, 1, 96, 402, 65, 0, 57.74%, 1, 0, 7, 445.38, 529587, 235, 3, 0
1206, 1, 44, 403, 63, 0, 57.74%, 1, 0, 8, 437.86, 531853, 235, 3, 0
1211, 1, 25, 403, 60, 0, 57.74%, 1, 0, 8, 441.53, 534184, 235, 3, 0
1216, 1, 194, 404, 58, 0, 57.74%, 1, 0, 8, 431.66, 536400, 235, 3, 0
1222, 1, 394, 405, 55, 0, 57.74%, 1, 0, 8, 455.02, 538749, 235, 3, 0
1227, 1, 358, 405, 54, 0, 57.74%, 1, 0, 8, 436.07, 540916, 235, 3, 0
1232, 1, 388, 405, 52, 0, 57.74%, 1, 0, 8, 443.85, 543162, 235, 3, 0
1237, 1, 391, 405, 49, 0, 57.74%, 1, 0, 8, 432.85, 545341, 235, 3, 0
1242, 1, 192, 405, 47, 0, 57.74%, 1, 0, 8, 453.25, 547599, 235, 3, 0
1247, 1, 285, 405, 44, 0, 57.74%, 1, 0, 8, 444.10, 549869, 235, 3, 0
1252, 2, 431, 464, 102, 19, 61.67%, 1, 0, 8, 419.90, 551969, 251, 3, 0
1257, 2, 440, 464, 101, 18, 61.67%, 1, 0, 8, 427.74, 554164, 251, 3, 0
1262, 2, 464, 465, 101, 18, 61.67%, 1, 0, 8, 448.32, 556451, 251, 3, 0
1267, 2, 443, 465, 99, 16, 61.67%, 1, 0, 8, 433.71, 558631, 251, 3, 0
1272, 2, 434, 465, 97, 14, 61.67%, 1, 0, 8, 450.40, 560952, 251, 3, 0
1277, 2, 405, 465, 95, 12, 61.67%, 1, 0, 8, 453.29, 563252, 251, 3, 0
1282, 2, 405, 465, 95, 12, 61.67%, 1, 0, 8, 444.85, 565451, 251, 3, 0
1287, 2, 410, 465, 93, 10, 61.67%, 1, 0, 8, 437.50, 567614, 251, 3, 0
1292, 2, 428, 465, 91, 9, 61.67%, 1, 0, 8, 447.88, 569867, 251, 3, 0
1298, 2, 414, 465, 88, 6, 61.67%, 1, 0, 8, 463.28, 572179, 251, 3, 0
1303, 2, 450, 465, 83, 2, 61.67%, 1, 0, 8, 448.86, 574531, 251, 3, 0
1308, 2, 384, 465, 81, 0, 61.67%, 1, 0, 8, 446.72, 576744, 251, 3, 0
1313, 2, 329, 465, 78, 0, 61.67%, 1, 0, 8, 439.61, 578965, 251, 3, 0
1318, 2, 428, 465, 76, 0, 61.67%, 1, 0, 8, 442.12, 581214, 251, 3, 0
1323, 2, 431, 466, 75, 0, 61.67%, 1, 0, 8, 443.21, 583445, 251, 3, 0
1328, 2, 372, 466, 73, 0, 61.67%, 1, 0, 8, 418.33, 585618, 251, 3, 0
1333, 2, 216, 466, 71, 0, 61.67%, 1, 0, 8, 418.52, 587691, 251, 3, 0
1338, 2, 446, 466, 69, 0, 61.67%, 1, 0, 8, 434.70, 589924, 251, 3, 0
1343, 2, 408, 466, 68, 0, 61.67%, 1, 0, 8, 425.28, 592076, 251, 3, 0
1348, 2, 219, 466, 66, 0, 61.67%, 1, 0, 8, 437.76, 594297, 251, 3, 0
1353, 2, 445, 466, 65, 0, 61.67%, 1, 0, 8, 426.30, 596452, 251, 3, 0
1359, 2, 156, 466, 63, 0, 61.67%, 1, 0, 8, 414.06, 598570, 251, 3, 0
1364, 2, 378, 466, 63, 0, 61.67%, 1, 0, 8, 441.20, 600788, 251, 3, 0
1369, 2, 324, 466, 61, 0, 61.67%, 1, 0, 8, 427.35, 602936, 251, 3, 0
1374, 2, 377, 466, 60, 0, 61.67%, 1, 0, 8, 412.71, 604994, 251, 3, 0
1379, 2, 396, 466, 59, 0, 61.67%, 1, 0, 8, 426.59, 607127, 251, 3, 0
1384, 2, 355, 466, 57, 0, 61.67%, 1, 0, 8, 436.12, 609365, 251, 3, 0
1389, 2, 433, 466, 55, 0, 61.67%, 1, 0, 8, 442.04, 611591, 251, 3, 0
1394, 2, 453, 466, 55, 0, 61.67%, 1, 0, 8, 429.10, 613772, 251, 3, 0
1399, 2, 296, 466, 52, 0, 61.67%, 1, 0, 8, 431.08, 616034, 251, 3, 0
1404, 2, 412, 466, 51, 0, 61.67%, 1, 0, 8, 447.32, 618266, 251, 3, 0
1409, 2, 403, 466, 50, 0, 61.67%, 1, 0, 8, 432.16, 620424, 251, 3, 0
1414, 2, 162, 466, 48, 0, 61.67%, 1, 0, 8, 425.04, 622584, 251, 3, 0
1420, 2, 444, 466, 46, 0, 61.67%, 1, 0, 8, 422.00, 624769, 251, 3, 0
1425, 2, 371, 466, 45, 0, 61.67%, 1, 0, 8, 421.72, 626892, 251, 3, 0
1430, 2, 224, 466, 44, 0, 61.67%, 1, 0, 8, 423.06, 629031, 251, 3, 0
1435, 2, 436, 466, 42, 0, 61.67%, 1, 0, 8, 437.00, 631220, 251, 3, 0
1440, 2, 413, 466, 40, 0, 61.67%, 1, 0, 8, 431.84, 633358, 251, 3, 0
1445, 2, 96, 466, 38, 0, 61.67%, 1, 0, 8, 442.17, 635609, 251, 3, 0
1450, 2, 406, 466, 38, 0, 61.67%, 1, 0, 8, 425.79, 637749, 251, 3, 0
1455, 2, 190, 466, 35, 0, 61.67%, 1, 0, 8, 467.75, 640245, 251, 3, 0
1460, 2, 404, 466, 35, 0, 61.67%, 1, 0, 8, 438.42, 642380, 251, 3, 0
1465, 2, 460, 466, 34, 0, 61.67%, 1, 0, 8, 423.04, 644536, 251, 3, 0
1470, 2, 379, 466, 32, 0, 61.67%, 1, 0, 8, 439.81, 646766, 251, 3, 0
1475, 2, 251, 466, 30, 0, 61.67%, 1, 0, 8, 436.01, 648899, 251, 3, 0
1480, 2, 207, 466, 29, 0, 61.67%, 1, 0, 8, 433.37, 651057, 251, 3, 0
1485, 2, 313, 466, 29, 0, 61.67%, 1, 0, 8, 431.78, 653224, 251, 3, 0
1490, 2, 458, 466, 28, 0, 61.67%, 1, 0, 8, 439.35, 655456, 251, 3, 0
1495, 2, 323, 466, 26, 0, 61.67%, 1, 0, 8, 463.90, 657836, 251, 3, 0
1500, 2, 435, 466, 24, 0, 61.67%, 1, 0, 8, 451.65, 660076, 251, 3, 0
1505, 2, 313, 466, 22, 0, 61.67%, 1, 0, 8, 430.69, 662275, 251, 3, 0
1510, 2, 87, 466, 22, 0, 61.67%, 1, 0, 8, 444.12, 664533, 251, 3, 0
1516, 2, 24, 466, 21, 0, 61.67%, 1, 0, 8, 427.20, 666659, 251, 3, 0
1521, 2, 438, 466, 20, 0, 61.67%, 1, 0, 8, 456.46, 669017, 251, 3, 0
1526, 2, 451, 466, 19, 0, 61.67%, 1, 0, 8, 459.36, 671352, 251, 3, 0
1531, 2, 156, 466, 19, 0, 61.67%, 1, 0, 8, 449.33, 673564, 251, 3, 0
1536, 2, 404, 466, 18, 0, 61.67%, 1, 0, 8, 437.26, 675757, 251, 3, 0
1541, 2, 274, 466, 17, 0, 61.67%, 1, 0, 8, 427.37, 677879, 251, 3, 0
1546, 3, 470, 475, 25, 2, 62.16%, 1, 0, 8, 423.80, 680076, 253, 3, 0
1551, 3, 472, 475, 23, 0, 62.16%, 1, 0, 8, 470.50, 682423, 253, 3, 0
1556, 3, 28, 475, 21, 0, 62.16%, 2, 0, 8, 434.07, 684654, 253, 4, 0
1561, 3, 422, 475, 19, 0, 62.16%, 2, 0, 8, 449.54, 687004, 253, 4, 0
1566, 3, 125, 475, 17, 0, 62.16%, 2, 0, 8, 458.94, 689366, 253, 4, 0
1571, 3, 24, 475, 15, 0, 62.16%, 2, 0, 8, 422.80, 691491, 253, 4, 0
1576, 3, 470, 475, 13, 0, 62.16%, 2, 0, 8, 449.06, 693733, 253, 4, 0
1582, 3, 156, 475, 13, 0, 62.16%, 2, 0, 8, 446.50, 696016, 253, 4, 0
1587, 3, 296, 475, 13, 0, 62.16%, 2, 0, 8, 451.55, 698303, 253, 4, 0
1592, 3, 207, 475, 12, 0, 62.16%, 2, 0, 8, 457.31, 700586, 253, 4, 0
1597, 3, 339, 475, 12, 0, 62.16%, 2, 0, 8, 456.31, 702867, 253, 4, 0
1602, 3, 412, 475, 11, 0, 62.16%, 2, 0, 8, 453.56, 705133, 253, 4, 0
1607, 3, 366, 476, 12, 0, 62.16%, 2, 0, 8, 469.28, 707535, 253, 4, 0
1612, 3, 324, 476, 12, 0, 62.16%, 2, 0, 8, 466.29, 709862, 253, 4, 0
1617, 3, 475, 476, 12, 0, 62.16%, 2, 0, 8, 444.93, 712099, 253, 4, 0
1622, 3, 114, 476, 11, 0, 62.16%, 2, 0, 8, 451.28, 714336, 253, 7, 0
1627, 3, 416, 476, 10, 0, 62.16%, 2, 0, 8, 434.37, 716502, 253, 7, 0
1632, 3, 297, 476, 9, 0, 62.16%, 2, 0, 8, 425.78, 718698, 253, 7, 0
1637, 3, 95, 476, 9, 0, 62.16%, 2, 0, 8, 428.24, 720874, 253, 8, 0
1642, 3, 243, 476, 9, 0, 62.16%, 2, 0, 8, 426.69, 723018, 253, 8, 0
1647, 3, 404, 476, 9, 0, 62.16%, 2, 0, 8, 451.28, 725266, 253, 8, 0
1652, 3, 311, 476, 9, 0, 62.16%, 2, 0, 8, 450.77, 727568, 253, 8, 0
1657, 3, 270, 476, 9, 0, 62.16%, 2, 0, 8, 475.36, 730032, 253, 8, 0
1662, 3, 301, 476, 9, 0, 62.16%, 2, 0, 8, 436.09, 732161, 253, 8, 0
1668, 3, 386, 476, 9, 0, 62.16%, 2, 0, 8, 445.25, 734449, 253, 8, 0
1673, 3, 301, 476, 8, 0, 62.16%, 2, 0, 8, 445.38, 736635, 253, 8, 0
1678, 3, 102, 476, 7, 0, 62.16%, 2, 0, 8, 457.57, 739071, 253, 8, 0
1683, 3, 222, 476, 7, 0, 62.16%, 2, 0, 8, 433.54, 741228, 253, 8, 0
1688, 3, 470, 476, 6, 0, 62.16%, 2, 0, 8, 458.05, 743586, 253, 8, 0
1693, 3, 132, 476, 6, 0, 62.16%, 2, 0, 8, 438.04, 745800, 253, 8, 0
1698, 3, 457, 476, 5, 0, 62.16%, 3, 0, 8, 443.15, 748014, 253, 9, 0
1703, 4, 478, 479, 7, 1, 62.41%, 3, 0, 8, 428.72, 750203, 254, 9, 0
1708, 4, 313, 480, 7, 0, 62.41%, 3, 0, 8, 448.07, 752468, 254, 9, 0
1713, 4, 213, 480, 6, 0, 62.41%, 3, 0, 8, 449.78, 754787, 254, 9, 0
1719, 4, 324, 480, 6, 0, 62.41%, 3, 0, 8, 434.31, 757009, 254, 9, 0
1724, 4, 380, 480, 6, 0, 62.41%, 3, 0, 8, 441.29, 759255, 254, 9, 0
1729, 4, 455, 480, 6, 0, 62.41%, 3, 0, 8, 443.95, 761498, 254, 9, 0
1734, 4, 221, 480, 6, 0, 62.41%, 3, 0, 8, 425.71, 763673, 254, 9, 0
1739, 4, 87, 480, 6, 0, 62.41%, 3, 0, 8, 437.60, 765894, 254, 9, 0
1744, 4, 313, 480, 6, 0, 62.41%, 3, 0, 8, 430.85, 768090, 254, 9, 0
1749, 4, 451, 480, 6, 0, 62.41%, 3, 0, 8, 428.04, 770213, 254, 9, 0
1754, 4, 470, 480, 6, 0, 62.41%, 3, 0, 8, 433.76, 772419, 254, 9, 0
1759, 4, 11, 480, 5, 0, 62.41%, 3, 0, 8, 429.09, 774594, 254, 9, 0
1764, 4, 476, 480, 5, 0, 62.41%, 4, 0, 8, 455.92, 776960, 254, 10, 0
1769, 4, 396, 480, 4, 0, 62.41%, 4, 0, 8, 477.72, 779364, 254, 10, 0
1774, 4, 375, 480, 3, 0, 62.41%, 4, 0, 8, 473.40, 781779, 254, 10, 0
1779, 4, 372, 480, 3, 0, 62.41%, 4, 0, 8, 445.86, 783992, 254, 11, 0
1784, 4, 386, 480, 3, 0, 62.41%, 4, 0, 8, 461.33, 786337, 254, 11, 0
1789, 4, 404, 480, 3, 0, 62.41%, 4, 0, 8, 462.55, 788689, 254, 11, 0
1794, 4, 404, 480, 3, 0, 62.41%, 4, 0, 8, 470.84, 790991, 254, 11, 0
1800, 4, 375, 480, 3, 0, 62.41%, 4, 0, 8, 443.72, 793200, 254, 11, 0
1804, 4, 470, 480, 3, 0, 62.41%, 4, 0, 8, 438.78, 795352, 254, 11, 0
