# relative_time, cycles_done, cur_item, corpus_count, pending_total, pending_favs, map_size, saved_crashes, saved_hangs, max_depth, execs_per_sec, total_execs, edges_found, total_crashes, servers_count
60, 0, 3, 25, 20, 3, 22.11%, 0, 0, 2, 429.53, 27255, 90, 0, 0
65, 0, 3, 26, 21, 3, 22.11%, 0, 0, 2, 419.86, 29302, 90, 0, 0
71, 0, 3, 27, 22, 3, 22.36%, 0, 0, 2, 443.97, 31627, 91, 0, 0
76, 0, 3, 27, 22, 3, 22.36%, 0, 0, 2, 450.90, 33885, 91, 0, 0
81, 0, 3, 28, 23, 3, 24.32%, 0, 0, 2, 426.28, 35988, 99, 0, 0
86, 0, 3, 28, 23, 3, 24.32%, 0, 0, 2, 483.16, 38375, 99, 0, 0
91, 0, 3, 28, 23, 3, 24.32%, 0, 0, 2, 448.23, 40580, 99, 0, 0
96, 0, 3, 28, 23, 3, 24.32%, 0, 0, 2, 451.73, 42828, 99, 0, 0
101, 0, 3, 28, 23, 3, 24.32%, 0, 0, 2, 438.16, 45028, 99, 0, 0
106, 0, 3, 28, 23, 3, 24.32%, 0, 0, 2, 421.97, 47148, 99, 0, 0
111, 0, 3, 28, 23, 3, 24.32%, 0, 0, 2, 396.02, 49100, 99, 0, 0
116, 0, 3, 28, 23, 3, 24.32%, 0, 0, 2, 418.33, 51284, 99, 0, 0
121, 0, 8, 105, 99, 27, 35.38%, 0, 0, 2, 393.35, 53272, 144, 0, 0
126, 0, 8, 109, 103, 27, 35.38%, 0, 0, 2, 395.37, 55279, 144, 0, 0
131, 0, 8, 109, 103, 27, 35.38%, 0, 0, 2, 387.53, 57232, 144, 0, 0
136, 0, 8, 109, 103, 27, 35.38%, 0, 0, 2, 368.81, 59059, 144, 0, 0
142, 0, 10, 113, 106, 27, 35.38%, 0, 0, 2, 371.72, 60923, 144, 0, 0
147, 0, 20, 122, 106, 18, 40.54%, 0, 0, 3, 396.14, 62942, 165, 0, 0
152, 0, 20, 128, 112, 18, 40.54%, 0, 0, 3, 439.10, 65268, 165, 0, 0
157, 0, 20, 129, 113, 18, 40.54%, 0, 0, 3, 424.80, 67355, 165, 0, 0
162, 0, 20, 129, 113, 18, 40.54%, 0, 0, 3, 400.39, 69314, 165, 0, 0
167, 0, 20, 129, 113, 18, 40.54%, 0, 0, 3, 433.61, 71499, 165, 0, 0
172, 0, 20, 129, 113, 18, 40.54%, 0, 0, 3, 421.46, 73611, 165, 0, 0
177, 0, 20, 129, 113, 18, 40.54%, 0, 0, 3, 415.63, 75731, 165, 0, 0
182, 0, 20, 129, 113, 18, 40.54%, 0, 0, 3, 448.56, 77979, 165, 0, 0
187, 0, 20, 129, 113, 18, 40.54%, 0, 0, 3, 442.38, 80291, 165, 0, 0
192, 0, 20, 129, 113, 18, 40.54%, 0, 0, 3, 426.33, 82443, 165, 0, 0
197, 0, 20, 129, 113, 18, 40.54%, 0, 0, 3, 422.94, 84635, 165, 0, 0
202, 0, 20, 130, 114, 18, 40.54%, 0, 0, 3, 409.64, 86706, 165, 0, 0
208, 0, 20, 130, 114, 18, 40.54%, 0, 0, 3, 396.84, 88725, 165, 0, 0
213, 0, 20, 131, 115, 18, 40.54%, 0, 0, 3, 429.17, 90978, 165, 0, 0
218, 0, 20, 132, 116, 18, 40.54%, 0, 0, 3, 422.85, 93041, 165, 0, 0
223, 0, 20, 132, 116, 18, 40.54%, 0, 0, 3, 412.93, 95209, 165, 0, 0
228, 0, 20, 132, 116, 18, 40.54%, 0, 0, 3, 420.98, 97345, 165, 0, 0
233, 0, 20, 132, 116, 18, 40.54%, 0, 0, 3, 417.93, 99449, 165, 0, 0
238, 0, 20, 132, 116, 18, 40.54%, 0, 0, 3, 411.42, 101553, 165, 0, 0
243, 0, 20, 132, 116, 18, 40.54%, 0, 0, 3, 426.49, 103665, 165, 0, 0
248, 0, 20, 132, 116, 18, 40.54%, 0, 0, 3, 415.19, 105681, 165, 0, 0
253, 0, 20, 132, 116, 18, 40.54%, 0, 0, 3, 403.00, 107729, 165, 0, 0
258, 0, 20, 132, 116, 18, 40.54%, 0, 0, 3, 388.90, 109698, 165, 0, 0
264, 0, 20, 132, 116, 18, 40.54%, 0, 0, 3, 407.49, 111785, 165, 0, 0
269, 0, 20, 133, 117, 18, 40.54%, 0, 0, 3, 417.49, 113856, 165, 0, 0
274, 0, 22, 137, 120, 22, 40.54%, 0, 0, 3, 441.95, 116098, 165, 0, 0
279, 0, 22, 139, 122, 22, 40.79%, 0, 0, 3, 432.57, 118312, 166, 0, 0
284, 0, 22, 139, 122, 22, 40.79%, 0, 0, 3, 436.28, 120632, 166, 0, 0
289, 0, 22, 141, 124, 22, 40.79%, 0, 0, 3, 423.59, 122694, 166, 0, 0
294, 0, 22, 141, 124, 22, 40.79%, 0, 0, 3, 418.48, 124846, 166, 0, 0
299, 0, 22, 141, 124, 22, 40.79%, 0, 0, 3, 415.33, 126982, 166, 0, 0
304, 0, 22, 141, 124, 22, 40.79%, 0, 0, 3, 404.23, 129054, 166, 0, 0
309, 0, 22, 141, 124, 22, 40.79%, 0, 0, 3, 389.19, 131006, 166, 0, 0
314, 0, 22, 141, 124, 22, 40.79%, 0, 0, 3, 426.97, 133198, 166, 0, 0
319, 0, 22, 141, 124, 22, 40.79%, 0, 0, 3, 442.76, 135454, 166, 0, 0
325, 0, 22, 141, 124, 22, 40.79%, 0, 0, 3, 432.67, 137582, 166, 0, 0
330, 0, 22, 141, 124, 22, 40.79%, 0, 0, 3, 411.19, 139646, 166, 0, 0
335, 0, 22, 141, 124, 22, 40.79%, 0, 0, 3, 441.84, 141958, 166, 0, 0
340, 0, 22, 141, 124, 22, 40.79%, 0, 0, 3, 431.75, 144118, 166, 0, 0
345, 0, 22, 141, 124, 22, 40.79%, 0, 0, 3, 426.59, 146390, 166, 0, 0
350, 0, 22, 141, 124, 22, 40.79%, 0, 0, 3, 442.65, 148662, 166, 0, 0
355, 0, 22, 141, 124, 22, 40.79%, 0, 0, 3, 443.22, 150991, 166, 0, 0
360, 0, 26, 141, 123, 23, 40.79%, 0, 0, 3, 447.22, 153234, 166, 0, 0
365, 0, 40, 151, 129, 19, 40.79%, 0, 0, 3, 450.64, 155474, 166, 0, 0
370, 0, 42, 153, 130, 19, 40.79%, 0, 0, 3, 460.30, 157810, 166, 0, 0
376, 0, 50, 165, 140, 19, 40.79%, 0, 0, 3, 506.48, 160524, 166, 0, 0
381, 0, 69, 171, 145, 18, 40.79%, 0, 0, 3, 479.38, 162836, 166, 0, 0
386, 0, 69, 173, 147, 18, 40.79%, 0, 0, 3, 515.29, 165417, 166, 0, 0
391, 0, 69, 174, 148, 18, 40.79%, 0, 0, 3, 467.74, 167690, 166, 0, 0
396, 0, 69, 176, 150, 18, 41.77%, 0, 0, 3, 420.03, 169826, 170, 0, 0
401, 0, 69, 176, 150, 18, 41.77%, 0, 0, 3, 426.61, 171922, 170, 0, 0
406, 0, 69, 178, 152, 18, 41.77%, 0, 0, 3, 421.63, 174096, 170, 0, 0
411, 0, 69, 180, 154, 18, 41.77%, 0, 0, 3, 433.97, 176294, 170, 0, 0
416, 0, 69, 180, 154, 18, 41.77%, 0, 0, 3, 424.81, 178406, 170, 0, 0
421, 0, 69, 180, 154, 18, 41.77%, 0, 0, 3, 468.30, 180836, 170, 0, 0
426, 0, 69, 180, 154, 18, 41.77%, 0, 0, 3, 433.38, 183030, 170, 0, 0
431, 0, 69, 181, 155, 18, 41.77%, 0, 0, 3, 459.55, 185293, 170, 0, 0
436, 0, 69, 181, 155, 18, 41.77%, 0, 0, 3, 436.47, 187485, 170, 0, 0
441, 0, 69, 181, 155, 18, 41.77%, 0, 0, 3, 429.86, 189653, 170, 0, 0
446, 0, 69, 182, 156, 18, 41.77%, 0, 0, 3, 434.64, 191804, 170, 0, 0
452, 0, 69, 182, 156, 18, 41.77%, 0, 0, 3, 442.05, 194036, 170, 0, 0
457, 0, 69, 182, 156, 18, 41.77%, 0, 0, 3, 407.33, 196068, 170, 0, 0
462, 0, 69, 183, 157, 18, 41.77%, 0, 0, 3, 415.74, 198243, 170, 0, 0
467, 0, 88, 183, 154, 14, 41.77%, 0, 0, 3, 405.43, 200317, 170, 0, 0
472, 0, 106, 184, 152, 13, 41.77%, 0, 0, 3, 397.17, 202320, 170, 0, 0
477, 0, 106, 184, 152, 13, 41.77%, 0, 0, 3, 367.60, 204139, 170, 0, 0
482, 0, 106, 184, 152, 13, 41.77%, 0, 0, 3, 399.26, 206183, 170, 0, 0
487, 0, 106, 184, 152, 13, 41.77%, 0, 0, 3, 384.60, 208066, 170, 0, 0
492, 0, 114, 184, 150, 11, 41.77%, 0, 0, 3, 398.35, 210095, 170, 0, 0
497, 0, 120, 184, 148, 9, 41.77%, 0, 0, 3, 415.63, 212193, 170, 0, 0
503, 0, 129, 185, 148, 8, 41.77%, 0, 0, 4, 323.41, 213827, 170, 0, 0
508, 0, 134, 190, 152, 8, 41.77%, 0, 0, 4, 326.64, 215352, 170, 0, 0
513, 0, 138, 197, 158, 7, 41.77%, 0, 0, 4, 402.71, 217488, 170, 0, 0
518, 0, 171, 197, 155, 5, 41.77%, 0, 0, 4, 427.62, 219672, 170, 0, 0
523, 0, 175, 205, 162, 4, 42.51%, 0, 0, 4, 427.73, 221849, 173, 0, 0
528, 0, 175, 209, 166, 4, 42.51%, 0, 0, 4, 430.87, 224021, 173, 0, 0
533, 0, 175, 215, 172, 4, 42.51%, 0, 0, 4, 429.32, 226207, 173, 0, 0
538, 0, 175, 218, 175, 4, 42.51%, 0, 0, 4, 447.04, 228580, 173, 0, 0
543, 0, 175, 219, 176, 4, 42.51%, 0, 0, 4, 451.79, 230891, 173, 0, 0
548, 0, 175, 220, 177, 4, 42.51%, 0, 0, 4, 452.07, 233178, 173, 0, 0
553, 0, 175, 222, 179, 4, 42.51%, 0, 0, 4, 440.58, 235328, 173, 0, 0
558, 0, 175, 224, 181, 4, 42.51%, 0, 0, 4, 418.25, 237454, 173, 0, 0
563, 0, 175, 224, 181, 4, 42.51%, 0, 0, 4, 450.43, 239780, 173, 0, 0
569, 0, 175, 225, 182, 4, 42.51%, 0, 0, 4, 446.68, 242029, 173, 0, 0
574, 0, 175, 225, 182, 4, 42.51%, 0, 0, 4, 409.70, 244101, 173, 0, 0
579, 0, 175, 225, 182, 4, 42.51%, 0, 0, 4, 425.49, 246253, 173, 0, 0
584, 0, 175, 226, 183, 4, 42.51%, 0, 0, 4, 426.11, 248396, 173, 0, 0
589, 0, 184, 229, 185, 5, 42.51%, 0, 0, 4, 368.30, 250336, 173, 0, 0
594, 0, 191, 243, 198, 4, 42.51%, 0, 0, 5, 398.68, 252306, 173, 0, 0
599, 0, 191, 247, 202, 4, 42.75%, 0, 0, 5, 414.87, 254363, 174, 0, 0
604, 0, 191, 249, 204, 4, 42.75%, 0, 0, 5, 427.18, 256609, 174, 0, 0
609, 0, 191, 249, 204, 4, 42.75%, 0, 0, 5, 405.64, 258657, 174, 0, 0
615, 0, 191, 249, 204, 4, 42.75%, 0, 0, 5, 420.10, 260857, 174, 0, 0
620, 0, 191, 250, 205, 4, 42.75%, 0, 0, 5, 428.52, 262984, 174, 0, 0
625, 0, 191, 250, 205, 4, 42.75%, 0, 0, 5, 387.90, 264976, 174, 0, 0
630, 0, 191, 250, 205, 4, 42.75%, 0, 0, 5, 430.41, 267112, 174, 0, 0
635, 0, 191, 250, 205, 4, 42.75%, 0, 0, 5, 399.06, 269057, 174, 0, 0
640, 0, 191, 251, 206, 4, 42.75%, 0, 0, 5, 431.55, 271127, 174, 0, 0
645, 0, 191, 251, 206, 4, 42.75%, 0, 0, 5, 432.84, 273279, 174, 0, 0
650, 0, 191, 251, 206, 4, 42.75%, 0, 0, 5, 428.39, 275407, 174, 0, 0
655, 0, 191, 251, 206, 4, 42.75%, 0, 0, 5, 401.92, 277455, 174, 0, 0
660, 0, 191, 251, 206, 4, 42.75%, 0, 0, 5, 402.79, 279527, 174, 0, 0
665, 0, 191, 251, 206, 4, 42.75%, 0, 0, 5, 396.30, 281503, 174, 0, 0
671, 0, 191, 252, 207, 4, 42.75%, 0, 0, 5, 411.20, 283566, 174, 0, 0
676, 0, 191, 252, 207, 4, 42.75%, 0, 0, 5, 411.38, 285646, 174, 0, 0
681, 0, 191, 252, 207, 4, 42.75%, 0, 0, 5, 430.96, 287854, 174, 0, 0
686, 0, 191, 252, 207, 4, 42.75%, 0, 0, 5, 375.42, 289693, 174, 0, 0
691, 0, 191, 252, 207, 4, 42.75%, 0, 0, 5, 394.18, 291790, 174, 0, 0
696, 0, 191, 252, 207, 4, 42.75%, 0, 0, 5, 422.54, 294022, 174, 0, 0
701, 0, 191, 252, 207, 4, 42.75%, 0, 0, 5, 439.27, 296270, 174, 0, 0
706, 0, 191, 252, 207, 4, 42.75%, 0, 0, 5, 418.19, 298414, 174, 0, 0
711, 0, 191, 252, 207, 4, 42.75%, 0, 0, 5, 410.65, 300462, 174, 0, 0
716, 0, 191, 252, 207, 4, 42.75%, 0, 0, 5, 428.32, 302718, 174, 0, 0
722, 0, 202, 254, 208, 6, 42.75%, 0, 0, 5, 432.13, 304842, 174, 0, 0
727, 0, 216, 258, 210, 4, 43.24%, 0, 0, 5, 431.70, 307055, 176, 0, 0
732, 0, 216, 412, 364, 34, 58.72%, 0, 0, 5, 424.00, 309170, 239, 0, 0
737, 0, 279, 412, 356, 27, 58.72%, 0, 0, 5, 404.17, 311122, 239, 0, 0
742, 0, 310, 412, 349, 20, 58.72%, 0, 0, 5, 448.52, 313422, 239, 0, 0
747, 0, 313, 412, 347, 18, 58.72%, 0, 0, 5, 432.96, 315597, 239, 0, 0
752, 0, 325, 413, 346, 17, 58.72%, 0, 0, 5, 416.20, 317708, 239, 0, 0
757, 0, 326, 414, 346, 16, 58.72%, 0, 0, 5, 423.60, 319805, 239, 0, 0
762, 0, 335, 416, 345, 14, 60.20%, 0, 0, 5, 408.73, 321832, 245, 0, 0
767, 0, 369, 422, 347, 11, 60.20%, 0, 0, 5, 462.53, 324187, 245, 0, 0
772, 0, 406, 422, 342, 6, 60.20%, 0, 0, 5, 426.77, 326271, 245, 0, 0
777, 0, 414, 422, 338, 2, 60.20%, 0, 0, 5, 405.28, 328367, 245, 0, 0
782, 1, 67, 422, 331, 0, 60.20%, 0, 0, 5, 417.13, 330540, 245, 0, 0
787, 1, 168, 422, 320, 0, 60.20%, 0, 0, 5, 463.70, 332966, 245, 0, 0
792, 1, 209, 422, 311, 0, 60.20%, 0, 0, 5, 418.34, 335007, 245, 0, 0
798, 1, 233, 422, 302, 0, 60.20%, 0, 0, 5, 407.11, 337067, 245, 0, 0
803, 1, 282, 422, 291, 0, 60.20%, 0, 0, 5, 406.29, 339069, 245, 0, 0
808, 1, 313, 424, 292, 0, 60.20%, 0, 0, 5, 407.18, 341162, 245, 0, 0
813, 1, 313, 425, 293, 0, 60.20%, 0, 0, 5, 430.72, 343345, 245, 0, 0
818, 1, 324, 428, 293, 0, 60.20%, 0, 0, 5, 436.29, 345534, 245, 0, 0
823, 1, 427, 429, 292, 1, 60.20%, 0, 0, 5, 432.16, 347657, 245, 0, 0
828, 2, 424, 443, 303, 4, 61.18%, 0, 0, 5, 394.65, 349723, 249, 0, 0
833, 2, 433, 443, 299, 1, 61.18%, 0, 0, 5, 454.59, 352019, 249, 0, 0
838, 3, 96, 445, 288, 0, 61.18%, 0, 0, 5, 451.94, 354386, 249, 0, 0
844, 3, 178, 445, 278, 0, 61.18%, 1, 0, 5, 462.69, 356672, 249, 1, 0
849, 3, 215, 445, 272, 0, 61.18%, 1, 0, 5, 410.15, 358659, 249, 1, 0
854, 3, 306, 445, 267, 0, 61.18%, 1, 0, 5, 402.40, 360659, 249, 1, 0
859, 3, 338, 446, 265, 0, 61.18%, 1, 0, 5, 429.28, 362867, 249, 1, 0
864, 3, 408, 446, 253, 0, 61.18%, 1, 0, 5, 432.68, 365134, 249, 1, 0
869, 4, 188, 452, 253, 1, 61.43%, 1, 0, 5, 409.06, 367188, 250, 1, 0
874, 5, 59, 453, 245, 0, 61.43%, 1, 0, 5, 430.64, 369341, 250, 1, 0
879, 5, 124, 453, 229, 0, 61.43%, 1, 0, 5, 420.04, 371502, 250, 1, 0
884, 5, 191, 454, 225, 0, 61.43%, 1, 0, 5, 395.71, 373518, 250, 1, 0
889, 5, 223, 454, 222, 0, 61.43%, 1, 0, 5, 390.96, 375389, 250, 1, 0
894, 5, 278, 454, 214, 0, 61.43%, 1, 0, 5, 357.36, 377255, 250, 1, 0
900, 5, 313, 454, 207, 0, 61.43%, 2, 0, 5, 373.98, 379130, 250, 2, 0
905, 5, 394, 454, 201, 0, 61.43%, 2, 0, 5, 403.52, 381147, 250, 2, 0
906, 5, 414, 454, 198, 0, 61.43%, 2, 0, 5, 386.70, 381813, 250, 2, 0
