# relative_time, cycles_done, cur_item, corpus_count, pending_total, pending_favs, map_size, saved_crashes, saved_hangs, max_depth, execs_per_sec, total_execs, edges_found, total_crashes, servers_count
60, 0, 9, 94, 89, 3, 30.96%, 0, 0, 2, 455.88, 27431, 126, 0, 0
65, 0, 9, 94, 89, 3, 30.96%, 0, 0, 2, 432.36, 29607, 126, 0, 0
70, 0, 9, 94, 89, 3, 30.96%, 0, 0, 2, 460.13, 31914, 126, 0, 0
76, 0, 9, 94, 89, 3, 30.96%, 0, 0, 2, 455.02, 34227, 126, 0, 0
81, 0, 9, 95, 90, 3, 30.96%, 0, 0, 2, 430.04, 36407, 126, 0, 0
86, 0, 9, 95, 90, 3, 30.96%, 0, 0, 2, 451.76, 38797, 126, 0, 0
91, 0, 9, 96, 91, 3, 30.96%, 0, 0, 2, 481.31, 41153, 126, 0, 0
96, 0, 9, 96, 91, 3, 30.96%, 0, 0, 2, 472.41, 43547, 126, 0, 0
101, 0, 9, 96, 91, 3, 30.96%, 0, 0, 2, 443.20, 45695, 126, 0, 0
106, 0, 9, 97, 92, 3, 30.96%, 0, 0, 2, 441.28, 47998, 126, 0, 0
111, 0, 9, 98, 93, 3, 30.96%, 0, 0, 2, 456.57, 50294, 126, 0, 0
116, 0, 9, 98, 93, 3, 30.96%, 0, 0, 2, 467.48, 52643, 126, 0, 0
121, 0, 9, 131, 125, 2, 43.49%, 0, 0, 2, 434.09, 54853, 177, 0, 0
126, 0, 103, 165, 152, 29, 46.93%, 0, 0, 3, 428.50, 57062, 191, 0, 0
131, 0, 150, 167, 152, 26, 46.93%, 0, 0, 3, 425.30, 59206, 191, 0, 0
136, 0, 150, 184, 169, 26, 47.17%, 0, 0, 3, 455.95, 61524, 192, 0, 0
141, 0, 150, 187, 172, 26, 47.17%, 0, 0, 3, 427.92, 63650, 192, 0, 0
146, 0, 150, 188, 173, 26, 47.17%, 0, 0, 3, 423.25, 65857, 192, 0, 0
152, 0, 150, 188, 173, 26, 47.17%, 0, 0, 3, 415.91, 67961, 192, 0, 0
157, 0, 150, 189, 174, 26, 47.17%, 0, 0, 3, 425.18, 70144, 192, 0, 0
162, 0, 150, 189, 174, 26, 47.17%, 1, 0, 3, 445.93, 72425, 192, 1, 0
167, 0, 150, 194, 179, 26, 47.42%, 1, 0, 3, 434.09, 74580, 193, 1, 0
172, 0, 150, 195, 180, 26, 47.42%, 1, 0, 3, 430.68, 76771, 193, 1, 0
177, 0, 150, 198, 183, 26, 47.42%, 1, 0, 3, 459.63, 79110, 193, 1, 0
182, 0, 150, 198, 183, 26, 47.42%, 1, 0, 3, 464.09, 81405, 193, 1, 0
187, 0, 150, 199, 184, 26, 47.42%, 1, 0, 3, 448.38, 83656, 193, 1, 0
192, 0, 150, 199, 184, 26, 47.42%, 1, 0, 3, 460.62, 85949, 193, 1, 0
197, 0, 150, 200, 185, 26, 47.42%, 1, 0, 3, 444.22, 88199, 193, 1, 0
202, 0, 191, 200, 184, 28, 47.42%, 1, 0, 3, 474.58, 90558, 193, 1, 0
207, 0, 119, 200, 181, 25, 47.42%, 1, 0, 3, 452.15, 92810, 193, 1, 0
212, 0, 201, 205, 185, 25, 47.67%, 1, 0, 3, 470.15, 95134, 194, 1, 0
217, 0, 24, 207, 185, 23, 47.67%, 1, 0, 3, 472.66, 97555, 194, 1, 0
222, 0, 118, 207, 182, 20, 47.67%, 1, 0, 3, 456.36, 99880, 194, 1, 0
227, 0, 120, 214, 188, 19, 47.67%, 1, 0, 3, 412.48, 101981, 194, 1, 0
232, 0, 120, 244, 218, 19, 47.67%, 1, 0, 3, 450.14, 104317, 194, 1, 0
238, 0, 120, 245, 219, 19, 47.67%, 1, 0, 3, 432.81, 106468, 194, 1, 0
243, 0, 120, 249, 223, 19, 47.91%, 1, 0, 3, 432.42, 108672, 195, 1, 0
248, 0, 120, 250, 224, 19, 47.91%, 1, 0, 3, 422.18, 110839, 195, 1, 0
253, 0, 120, 251, 225, 19, 47.91%, 1, 0, 3, 451.63, 113214, 195, 1, 0
258, 0, 120, 251, 225, 19, 47.91%, 1, 0, 3, 424.27, 115382, 195, 1, 0
263, 0, 120, 252, 226, 19, 47.91%, 1, 0, 3, 429.85, 117565, 195, 1, 0
268, 0, 120, 253, 227, 19, 47.91%, 1, 0, 3, 442.36, 119828, 195, 1, 0
273, 0, 120, 253, 227, 19, 47.91%, 1, 0, 3, 452.79, 122084, 195, 1, 0
278, 0, 120, 253, 227, 19, 47.91%, 1, 0, 3, 427.11, 124236, 195, 1, 0
283, 0, 120, 253, 227, 19, 47.91%, 1, 0, 3, 450.16, 126518, 195, 1, 0
288, 0, 120, 253, 227, 19, 47.91%, 1, 0, 3, 441.39, 128716, 195, 1, 0
293, 0, 120, 253, 227, 19, 47.91%, 1, 0, 3, 452.97, 131044, 195, 1, 0
298, 0, 120, 254, 228, 19, 47.91%, 1, 0, 3, 478.14, 133428, 195, 1, 0
304, 0, 120, 254, 228, 19, 47.91%, 1, 0, 3, 463.94, 135723, 195, 1, 0
309, 0, 120, 254, 228, 19, 47.91%, 1, 0, 3, 464.04, 138063, 195, 1, 0
314, 0, 120, 254, 228, 19, 47.91%, 1, 0, 3, 461.08, 140385, 195, 1, 0
319, 0, 120, 254, 228, 19, 47.91%, 1, 0, 3, 455.13, 142788, 195, 1, 0
324, 0, 120, 254, 228, 19, 47.91%, 1, 0, 3, 445.46, 145035, 195, 1, 0
329, 0, 120, 254, 228, 19, 47.91%, 1, 0, 3, 452.54, 147396, 195, 1, 0
334, 0, 120, 254, 228, 19, 47.91%, 1, 0, 3, 446.16, 149788, 195, 1, 0
339, 0, 120, 254, 228, 19, 47.91%, 1, 0, 3, 470.49, 152140, 195, 1, 0
344, 0, 245, 254, 227, 20, 47.91%, 1, 0, 3, 457.43, 154425, 195, 1, 0
349, 0, 245, 254, 227, 20, 47.91%, 1, 0, 3, 458.57, 156747, 195, 1, 0
355, 0, 241, 256, 227, 18, 47.91%, 1, 0, 3, 455.71, 159037, 195, 1, 0
360, 0, 30, 256, 224, 15, 47.91%, 1, 0, 3, 473.55, 161434, 195, 1, 0
365, 0, 190, 262, 228, 14, 47.91%, 1, 0, 3, 465.84, 163709, 195, 1, 0
370, 0, 106, 262, 227, 14, 47.91%, 1, 0, 3, 436.78, 165926, 195, 1, 0
375, 0, 106, 262, 227, 14, 47.91%, 1, 0, 3, 417.27, 168038, 195, 1, 0
380, 0, 21, 262, 223, 11, 47.91%, 1, 0, 3, 441.99, 170287, 195, 1, 0
385, 0, 131, 263, 222, 9, 47.91%, 1, 0, 3, 438.54, 172496, 195, 1, 0
390, 0, 136, 263, 218, 6, 47.91%, 1, 0, 3, 461.47, 174797, 195, 1, 0
395, 0, 35, 263, 214, 2, 47.91%, 1, 0, 3, 444.33, 177076, 195, 1, 0
400, 0, 263, 264, 212, 1, 48.16%, 1, 0, 3, 451.19, 179382, 196, 1, 0
405, 0, 240, 265, 212, 0, 48.16%, 1, 0, 4, 433.44, 181565, 196, 1, 0
410, 0, 231, 265, 211, 0, 48.16%, 1, 0, 4, 427.50, 183709, 196, 1, 0
416, 0, 246, 265, 209, 0, 48.16%, 1, 0, 4, 442.81, 185957, 196, 1, 0
421, 0, 255, 269, 211, 0, 48.16%, 1, 0, 4, 446.20, 188257, 196, 1, 0
426, 0, 255, 271, 213, 0, 48.16%, 1, 0, 4, 452.49, 190527, 196, 1, 0
431, 0, 255, 272, 214, 0, 48.16%, 1, 0, 4, 451.37, 192832, 196, 1, 0
436, 0, 255, 272, 214, 0, 48.16%, 1, 0, 4, 427.27, 194998, 196, 1, 0
441, 0, 162, 275, 214, 0, 48.16%, 1, 0, 4, 444.77, 197279, 196, 1, 0
446, 0, 162, 278, 217, 0, 48.16%, 1, 0, 4, 454.27, 199561, 196, 1, 0
451, 0, 162, 280, 219, 0, 48.16%, 1, 0, 4, 431.99, 201794, 196, 1, 0
456, 0, 162, 280, 219, 0, 48.16%, 1, 0, 4, 449.81, 204090, 196, 1, 0
461, 0, 273, 281, 219, 2, 48.16%, 1, 0, 4, 460.72, 206505, 196, 1, 0
466, 0, 143, 283, 216, 0, 48.40%, 1, 0, 4, 466.09, 208878, 197, 1, 0
472, 0, 0, 283, 214, 0, 48.40%, 1, 0, 4, 444.38, 211151, 197, 1, 0
477, 0, 250, 286, 215, 0, 48.40%, 1, 0, 4, 419.55, 213225, 197, 1, 0
482, 0, 169, 287, 214, 0, 48.40%, 1, 0, 4, 426.64, 215389, 197, 1, 0
487, 0, 19, 287, 210, 0, 48.40%, 1, 0, 4, 471.90, 217855, 197, 1, 0
492, 0, 173, 287, 208, 0, 48.40%, 1, 0, 4, 472.42, 220156, 197, 1, 0
497, 0, 76, 289, 207, 0, 48.40%, 1, 0, 4, 463.11, 222487, 197, 1, 0
502, 0, 3, 289, 203, 0, 48.40%, 1, 0, 4, 456.38, 224815, 197, 1, 0
507, 0, 99, 290, 201, 0, 48.89%, 1, 0, 4, 453.45, 227147, 199, 1, 0
512, 0, 149, 290, 197, 0, 48.89%, 1, 0, 4, 460.51, 229484, 199, 1, 0
517, 0, 140, 292, 197, 0, 48.89%, 1, 0, 4, 454.39, 231810, 199, 1, 0
522, 0, 197, 292, 194, 0, 48.89%, 1, 0, 4, 454.71, 234119, 199, 1, 0
527, 0, 290, 294, 194, 0, 48.89%, 1, 0, 4, 438.02, 236280, 199, 1, 0
532, 0, 128, 294, 192, 0, 48.89%, 1, 0, 4, 434.54, 238599, 199, 1, 0
538, 0, 116, 294, 190, 0, 48.89%, 1, 0, 4, 435.08, 240818, 199, 1, 0
543, 0, 8, 294, 188, 0, 48.89%, 1, 0, 4, 437.67, 243005, 199, 1, 0
548, 0, 182, 294, 185, 0, 48.89%, 1, 0, 4, 429.38, 245136, 199, 1, 0
553, 0, 107, 295, 184, 0, 49.14%, 1, 0, 4, 440.34, 247356, 200, 1, 0
558, 0, 186, 295, 181, 0, 49.14%, 1, 0, 4, 429.14, 249491, 200, 1, 0
563, 0, 151, 295, 179, 0, 49.14%, 1, 0, 4, 440.40, 251715, 200, 1, 0
568, 0, 145, 295, 176, 0, 49.14%, 1, 0, 4, 437.71, 253974, 200, 1, 0
573, 0, 251, 300, 180, 0, 49.14%, 1, 0, 4, 437.50, 256156, 200, 1, 0
578, 0, 251, 300, 180, 0, 49.14%, 1, 0, 4, 424.07, 258380, 200, 1, 0
583, 0, 288, 300, 176, 0, 49.14%, 1, 0, 4, 431.65, 260554, 200, 1, 0
588, 0, 21, 300, 175, 0, 49.14%, 1, 0, 4, 431.62, 262739, 200, 1, 0
593, 0, 289, 301, 173, 0, 49.14%, 1, 0, 4, 415.56, 264826, 200, 1, 0
598, 0, 209, 301, 172, 0, 49.14%, 1, 0, 4, 411.65, 266893, 200, 1, 0
604, 0, 35, 301, 169, 0, 49.14%, 1, 0, 4, 437.41, 269127, 200, 1, 0
609, 0, 207, 302, 169, 0, 49.14%, 1, 0, 4, 424.68, 271268, 200, 1, 0
614, 1, 142, 302, 165, 0, 49.14%, 1, 0, 4, 426.63, 273401, 200, 1, 0
619, 1, 168, 302, 162, 0, 49.14%, 1, 0, 4, 465.66, 275789, 200, 1, 0
624, 1, 135, 302, 160, 0, 49.14%, 1, 0, 4, 406.64, 277796, 200, 1, 0
629, 1, 135, 306, 164, 0, 49.14%, 1, 0, 4, 453.58, 280088, 200, 1, 0
634, 1, 286, 306, 163, 0, 49.14%, 1, 0, 4, 447.11, 282288, 200, 1, 0
639, 1, 227, 309, 165, 0, 49.14%, 1, 0, 4, 452.30, 284410, 200, 1, 0
644, 1, 230, 309, 162, 0, 49.14%, 1, 0, 4, 459.91, 286776, 200, 1, 0
649, 1, 220, 310, 158, 0, 49.14%, 1, 0, 4, 480.24, 289156, 200, 1, 0
654, 1, 53, 310, 154, 0, 49.14%, 1, 0, 4, 467.35, 291527, 200, 1, 0
659, 1, 139, 311, 151, 0, 49.39%, 1, 0, 4, 485.60, 293972, 201, 1, 0
664, 1, 232, 311, 147, 0, 49.39%, 1, 0, 4, 470.34, 296286, 201, 1, 0
669, 1, 311, 312, 147, 1, 49.63%, 1, 0, 4, 448.97, 298560, 202, 1, 0
674, 1, 146, 312, 144, 0, 49.63%, 1, 0, 4, 473.57, 300940, 202, 1, 0
680, 1, 109, 315, 145, 0, 49.63%, 1, 0, 4, 432.83, 303123, 202, 1, 0
685, 1, 112, 315, 141, 0, 49.63%, 1, 0, 4, 456.78, 305474, 202, 1, 0
690, 1, 243, 315, 139, 0, 49.63%, 1, 0, 4, 418.27, 307540, 202, 1, 0
695, 1, 313, 315, 135, 0, 49.63%, 1, 0, 4, 426.61, 309655, 202, 1, 0
700, 1, 288, 315, 131, 0, 49.63%, 1, 0, 4, 462.51, 312002, 202, 1, 0
705, 1, 223, 315, 128, 0, 49.63%, 1, 0, 4, 466.27, 314319, 202, 1, 0
710, 1, 238, 315, 126, 0, 49.63%, 1, 0, 4, 446.57, 316522, 202, 1, 0
715, 1, 252, 315, 124, 0, 49.63%, 1, 0, 4, 433.45, 318756, 202, 1, 0
720, 1, 285, 315, 121, 0, 49.63%, 1, 0, 4, 426.43, 320943, 202, 1, 0
725, 1, 136, 315, 116, 0, 49.63%, 1, 0, 4, 428.94, 323078, 202, 1, 0
730, 1, 184, 315, 112, 0, 49.63%, 1, 0, 4, 441.09, 325385, 202, 1, 0
735, 1, 121, 315, 109, 0, 49.63%, 1, 0, 4, 444.56, 327594, 202, 1, 0
740, 1, 118, 315, 106, 0, 49.63%, 1, 0, 4, 458.48, 329901, 202, 1, 0
745, 1, 148, 315, 104, 0, 49.63%, 1, 0, 4, 428.72, 332049, 202, 1, 0
751, 1, 194, 316, 103, 0, 49.63%, 1, 0, 4, 446.98, 334272, 202, 1, 0
756, 1, 196, 316, 101, 0, 49.63%, 1, 0, 4, 466.51, 336596, 202, 1, 0
761, 1, 110, 316, 98, 0, 49.63%, 1, 0, 4, 425.23, 338768, 202, 1, 0
766, 1, 237, 316, 95, 0, 49.63%, 1, 0, 4, 412.92, 340832, 202, 1, 0
771, 1, 25, 316, 93, 0, 49.63%, 1, 0, 4, 390.08, 342778, 202, 1, 0
776, 1, 113, 316, 91, 0, 49.63%, 1, 0, 4, 368.57, 344627, 202, 1, 0
781, 1, 203, 316, 90, 0, 49.63%, 1, 0, 4, 365.20, 346508, 202, 1, 0
786, 1, 300, 316, 88, 0, 49.63%, 1, 0, 4, 405.44, 348626, 202, 1, 0
791, 1, 306, 316, 85, 0, 49.63%, 1, 0, 4, 403.43, 350670, 202, 1, 0
796, 1, 214, 316, 82, 0, 49.63%, 1, 0, 4, 363.98, 352485, 202, 1, 0
802, 1, 208, 316, 81, 0, 49.63%, 1, 0, 4, 358.48, 354338, 202, 1, 0
807, 1, 126, 316, 77, 0, 49.63%, 1, 0, 4, 362.09, 356172, 202, 1, 0
812, 1, 179, 316, 75, 0, 49.63%, 1, 0, 4, 359.98, 357995, 202, 1, 0
817, 1, 199, 316, 72, 0, 49.63%, 1, 0, 4, 354.16, 359820, 202, 1, 0
822, 1, 307, 316, 71, 0, 49.63%, 1, 0, 4, 351.95, 361640, 202, 1, 0
827, 1, 174, 316, 69, 0, 49.63%, 1, 0, 4, 391.20, 363600, 202, 1, 0
832, 1, 219, 316, 67, 0, 49.63%, 1, 0, 4, 389.08, 365655, 202, 1, 0
837, 1, 195, 316, 65, 0, 49.63%, 1, 0, 4, 349.57, 367428, 202, 1, 0
842, 1, 245, 316, 62, 0, 49.63%, 1, 0, 4, 372.93, 369364, 202, 1, 0
847, 1, 292, 316, 60, 0, 49.63%, 1, 0, 4, 381.42, 371256, 202, 1, 0
852, 1, 233, 316, 57, 0, 49.63%, 1, 0, 4, 395.61, 373272, 202, 1, 0
858, 1, 280, 316, 54, 0, 49.63%, 1, 0, 4, 381.31, 375219, 202, 1, 0
863, 1, 7, 316, 51, 0, 49.63%, 1, 0, 4, 373.77, 377105, 202, 1, 0
868, 1, 132, 316, 49, 0, 49.63%, 1, 0, 4, 360.49, 378925, 202, 1, 0
873, 1, 215, 316, 46, 0, 49.63%, 1, 0, 4, 350.85, 380657, 202, 1, 0
878, 1, 24, 320, 48, 0, 49.88%, 1, 0, 4, 431.91, 382970, 203, 1, 0
883, 1, 320, 322, 49, 2, 50.37%, 1, 0, 4, 439.44, 385169, 205, 1, 0
888, 1, 216, 322, 46, 0, 50.37%, 1, 0, 4, 443.06, 387440, 205, 1, 0
893, 1, 299, 322, 44, 0, 50.37%, 1, 0, 4, 451.94, 389719, 205, 1, 0
898, 1, 321, 322, 40, 0, 50.37%, 1, 0, 4, 469.67, 392011, 205, 1, 0
903, 1, 301, 325, 41, 0, 50.37%, 1, 0, 7, 451.05, 394312, 205, 1, 0
908, 1, 234, 325, 38, 0, 50.37%, 1, 0, 7, 462.54, 396638, 205, 1, 0
913, 1, 324, 325, 34, 0, 50.37%, 1, 0, 7, 455.27, 399003, 205, 1, 0
918, 1, 222, 326, 33, 0, 50.37%, 1, 0, 7, 435.16, 401187, 205, 1, 0
923, 2, 328, 363, 69, 0, 52.58%, 1, 0, 7, 455.60, 403526, 214, 1, 0
929, 2, 342, 363, 67, 10, 52.58%, 1, 0, 7, 442.84, 405777, 214, 1, 0
934, 2, 329, 363, 65, 8, 52.58%, 1, 0, 7, 447.47, 407990, 214, 1, 0
939, 2, 347, 363, 64, 7, 52.58%, 1, 0, 7, 456.10, 410292, 214, 1, 0
944, 2, 343, 363, 60, 3, 52.58%, 1, 0, 7, 432.39, 412476, 214, 1, 0
949, 2, 360, 363, 57, 0, 52.58%, 1, 0, 7, 439.19, 414702, 214, 1, 0
954, 2, 229, 363, 55, 0, 52.58%, 1, 0, 7, 437.90, 416940, 214, 1, 0
959, 2, 118, 363, 53, 0, 52.58%, 1, 0, 7, 448.04, 419209, 214, 1, 0
964, 2, 330, 363, 52, 0, 52.58%, 1, 0, 7, 453.81, 421462, 214, 1, 0
969, 2, 291, 363, 50, 0, 52.58%, 1, 0, 7, 459.22, 423816, 214, 1, 0
974, 2, 361, 363, 47, 0, 52.58%, 1, 0, 7, 458.58, 426087, 214, 1, 0
979, 2, 353, 363, 45, 0, 52.58%, 1, 0, 7, 456.78, 428368, 214, 1, 0
984, 2, 156, 363, 43, 0, 52.58%, 1, 0, 7, 449.37, 430598, 214, 1, 0
989, 2, 326, 363, 42, 0, 52.58%, 1, 0, 7, 419.30, 432709, 214, 1, 0
994, 2, 19, 364, 41, 0, 52.58%, 1, 0, 7, 446.13, 435014, 214, 1, 0
1000, 2, 302, 364, 40, 0, 52.58%, 1, 0, 7, 445.61, 437328, 214, 1, 0
1005, 2, 296, 364, 38, 0, 52.58%, 1, 0, 7, 434.99, 439526, 214, 1, 0
1010, 2, 336, 364, 36, 0, 52.58%, 1, 0, 7, 469.18, 441877, 214, 1, 0
1015, 2, 308, 364, 33, 0, 52.58%, 1, 0, 7, 464.95, 444233, 214, 1, 0
1020, 2, 338, 364, 32, 0, 52.58%, 1, 0, 7, 442.19, 446363, 214, 1, 0
1025, 2, 126, 364, 30, 0, 52.58%, 1, 0, 7, 415.41, 448493, 214, 1, 0
1030, 2, 224, 364, 29, 0, 52.58%, 1, 0, 7, 430.16, 450668, 214, 1, 0
1035, 2, 349, 364, 28, 0, 52.58%, 1, 0, 7, 429.70, 452801, 214, 1, 0
1040, 2, 194, 364, 25, 0, 52.58%, 1, 0, 7, 446.10, 455061, 214, 1, 0
1045, 2, 9, 364, 23, 0, 52.58%, 1, 0, 7, 428.26, 457185, 214, 1, 0
1050, 2, 334, 364, 21, 0, 52.58%, 3, 0, 7, 422.34, 459366, 214, 4, 0
1055, 2, 21, 364, 18, 0, 52.58%, 3, 0, 7, 425.93, 461517, 214, 4, 0
1060, 2, 282, 364, 17, 0, 52.58%, 3, 0, 7, 436.69, 463697, 214, 4, 0
1065, 2, 330, 365, 17, 0, 52.58%, 3, 0, 7, 450.32, 466004, 214, 5, 0
1071, 2, 213, 365, 17, 0, 52.58%, 3, 0, 7, 449.10, 468285, 214, 5, 0
1076, 2, 100, 365, 16, 0, 52.58%, 3, 0, 7, 431.26, 470446, 214, 5, 0
1081, 2, 330, 365, 15, 0, 52.58%, 4, 0, 7, 434.19, 472636, 214, 7, 0
1086, 2, 270, 365, 14, 0, 52.58%, 4, 0, 7, 450.65, 474902, 214, 7, 0
1091, 2, 201, 365, 12, 0, 52.58%, 5, 0, 7, 441.31, 477157, 214, 9, 0
1096, 2, 354, 365, 11, 0, 52.58%, 5, 0, 7, 442.59, 479407, 214, 9, 0
1101, 2, 168, 365, 9, 0, 52.58%, 5, 0, 7, 417.64, 481519, 214, 9, 0
1106, 3, 118, 370, 12, 0, 53.81%, 5, 0, 7, 434.56, 483697, 219, 9, 0
1111, 3, 130, 370, 11, 0, 53.81%, 5, 0, 7, 454.09, 485989, 219, 9, 0
1116, 3, 366, 370, 11, 0, 53.81%, 5, 0, 7, 437.18, 488173, 219, 9, 0
1121, 3, 137, 370, 10, 0, 53.81%, 5, 0, 7, 441.62, 490319, 219, 9, 0
1126, 3, 168, 370, 8, 0, 53.81%, 5, 0, 7, 435.62, 492456, 219, 9, 0
1131, 3, 201, 370, 8, 0, 53.81%, 5, 0, 7, 443.24, 494640, 219, 9, 0
1136, 3, 319, 370, 8, 0, 53.81%, 5, 0, 7, 449.58, 496906, 219, 9, 0
1141, 3, 19, 370, 7, 0, 53.81%, 5, 0, 7, 430.85, 499024, 219, 13, 0
1147, 3, 130, 370, 7, 0, 53.81%, 5, 0, 7, 422.41, 501191, 219, 13, 0
1152, 3, 94, 370, 7, 0, 53.81%, 5, 0, 7, 432.77, 503401, 219, 13, 0
1157, 3, 358, 370, 7, 0, 53.81%, 5, 0, 7, 431.73, 505561, 219, 13, 0
1162, 3, 273, 370, 6, 0, 53.81%, 5, 0, 7, 447.01, 507795, 219, 13, 0
1167, 3, 168, 370, 4, 0, 53.81%, 5, 0, 7, 438.48, 509956, 219, 13, 0
1172, 3, 119, 370, 2, 0, 53.81%, 5, 0, 7, 442.52, 512191, 219, 14, 0
1177, 3, 330, 370, 2, 0, 53.81%, 5, 0, 7, 457.18, 514621, 219, 14, 0
1182, 3, 60, 371, 3, 0, 53.81%, 5, 0, 7, 446.32, 516905, 219, 14, 0
1187, 3, 323, 371, 3, 0, 53.81%, 5, 0, 7, 453.13, 519197, 219, 14, 0
1192, 3, 288, 371, 3, 0, 53.81%, 5, 0, 7, 446.91, 521460, 219, 14, 0
1197, 3, 329, 371, 3, 0, 53.81%, 5, 0, 7, 422.43, 523558, 219, 14, 0
1203, 3, 288, 371, 3, 0, 53.81%, 5, 0, 7, 452.37, 525914, 219, 14, 0
1208, 3, 191, 371, 3, 0, 53.81%, 5, 0, 7, 449.59, 528178, 219, 14, 0
1213, 4, 241, 374, 5, 0, 54.05%, 5, 0, 7, 439.12, 530409, 220, 14, 0
1218, 4, 342, 374, 5, 0, 54.05%, 6, 0, 7, 441.93, 532624, 220, 15, 0
1223, 4, 267, 374, 5, 0, 54.05%, 6, 0, 7, 450.69, 534897, 220, 15, 0
1228, 4, 27, 374, 4, 0, 54.05%, 6, 0, 7, 456.78, 537182, 220, 15, 0
1233, 4, 115, 374, 1, 0, 54.05%, 6, 0, 7, 436.80, 539331, 220, 15, 0
1238, 4, 330, 374, 1, 0, 54.05%, 6, 0, 7, 408.84, 541443, 220, 15, 0
1243, 4, 372, 374, 1, 0, 54.05%, 6, 0, 7, 423.65, 543586, 220, 17, 0
1248, 4, 156, 374, 0, 0, 54.05%, 6, 0, 7, 451.80, 545864, 220, 17, 0
1253, 4, 168, 374, 0, 0, 54.05%, 6, 0, 7, 457.60, 548159, 220, 18, 0
1258, 4, 323, 374, 0, 0, 54.05%, 6, 0, 7, 428.62, 550234, 220, 18, 0
1263, 4, 106, 374, 0, 0, 54.05%, 6, 0, 7, 426.04, 552423, 220, 18, 0
1268, 4, 367, 374, 0, 0, 54.05%, 6, 0, 7, 408.41, 554475, 220, 18, 0
1273, 4, 316, 374, 0, 0, 54.05%, 6, 0, 7, 425.69, 556605, 220, 18, 0
1279, 4, 106, 374, 0, 0, 54.05%, 6, 0, 7, 443.36, 558854, 220, 18, 0
1284, 4, 321, 374, 0, 0, 54.05%, 6, 0, 7, 437.76, 561058, 220, 18, 0
1289, 4, 168, 374, 0, 0, 54.05%, 6, 0, 7, 456.91, 563400, 220, 18, 0
1294, 4, 327, 374, 0, 0, 54.05%, 6, 0, 7, 454.69, 565814, 220, 18, 0
1299, 4, 81, 374, 0, 0, 54.05%, 6, 0, 7, 470.29, 568223, 220, 21, 0
1304, 5, 156, 375, 0, 0, 54.05%, 6, 0, 7, 465.65, 570604, 220, 21, 0
1309, 5, 316, 375, 0, 0, 54.05%, 6, 0, 7, 442.19, 572795, 220, 21, 0
1314, 5, 135, 375, 0, 0, 54.05%, 6, 0, 7, 464.58, 575175, 220, 22, 0
1319, 5, 337, 375, 0, 0, 54.05%, 6, 0, 7, 458.02, 577465, 220, 22, 0
1324, 5, 94, 375, 0, 0, 54.05%, 6, 0, 7, 434.17, 579653, 220, 22, 0
1329, 5, 15, 375, 0, 0, 54.05%, 6, 0, 7, 447.40, 581863, 220, 22, 0
1334, 5, 32, 375, 0, 0, 54.05%, 6, 0, 7, 461.30, 584122, 220, 23, 0
1339, 5, 168, 375, 0, 0, 54.05%, 6, 0, 7, 459.16, 586464, 220, 23, 0
1344, 5, 343, 375, 0, 0, 54.05%, 6, 0, 7, 461.43, 588805, 220, 23, 0
1349, 5, 374, 375, 0, 0, 54.05%, 6, 0, 7, 439.88, 591025, 220, 23, 0
1355, 5, 136, 375, 0, 0, 54.05%, 6, 0, 7, 447.65, 593309, 220, 23, 0
1360, 5, 374, 375, 0, 0, 54.05%, 6, 0, 7, 454.76, 595634, 220, 23, 0
1365, 5, 15, 375, 0, 0, 54.05%, 6, 0, 7, 431.48, 597769, 220, 23, 0
1370, 5, 199, 375, 0, 0, 54.05%, 6, 0, 7, 428.67, 599870, 220, 23, 0
1375, 5, 264, 375, 0, 0, 54.05%, 6, 0, 7, 452.09, 602135, 220, 24, 0
1380, 5, 374, 375, 0, 0, 54.05%, 6, 0, 7, 401.24, 604185, 220, 25, 0
1385, 5, 201, 375, 0, 0, 54.05%, 6, 0, 7, 435.65, 606516, 220, 27, 0
1390, 5, 374, 375, 0, 0, 54.05%, 6, 0, 7, 425.94, 608635, 220, 27, 0
1395, 5, 374, 375, 0, 0, 54.05%, 6, 0, 7, 421.33, 610733, 220, 27, 0
1400, 5, 288, 375, 0, 0, 54.05%, 6, 0, 7, 436.00, 612942, 220, 27, 0
1405, 5, 227, 375, 0, 0, 54.05%, 6, 0, 7, 440.29, 615180, 220, 29, 0
1410, 6, 342, 377, 2, 0, 54.05%, 6, 0, 7, 461.97, 617532, 220, 31, 0
1416, 6, 316, 377, 1, 0, 54.05%, 6, 0, 7, 447.61, 619855, 220, 34, 0
1421, 6, 316, 377, 1, 0, 54.05%, 6, 0, 7, 463.89, 622185, 220, 35, 0
1426, 6, 367, 377, 1, 0, 54.05%, 6, 0, 7, 414.69, 624325, 220, 35, 0
1431, 6, 330, 377, 1, 0, 54.05%, 6, 0, 7, 451.10, 626645, 220, 35, 0
1436, 6, 19, 377, 1, 0, 54.05%, 6, 0, 7, 470.50, 628997, 220, 36, 0
1441, 6, 35, 377, 1, 0, 54.05%, 6, 0, 7, 455.96, 631274, 220, 37, 0
1446, 6, 375, 377, 1, 0, 54.05%, 6, 0, 7, 442.46, 633485, 220, 37, 0
1451, 6, 165, 377, 0, 0, 54.05%, 6, 0, 7, 437.60, 635663, 220, 37, 0
1456, 6, 330, 377, 0, 0, 54.05%, 6, 0, 7, 426.37, 637835, 220, 37, 0
1461, 6, 289, 377, 0, 0, 54.05%, 7, 0, 7, 445.03, 640036, 220, 38, 0
1466, 6, 273, 377, 0, 0, 54.05%, 7, 0, 7, 455.73, 642339, 220, 38, 0
1471, 6, 130, 377, 0, 0, 54.05%, 7, 0, 7, 476.55, 644785, 220, 38, 0
1476, 6, 341, 377, 0, 0, 54.05%, 7, 0, 7, 444.71, 647088, 220, 38, 0
1481, 6, 374, 377, 0, 0, 54.05%, 7, 0, 7, 447.18, 649345, 220, 39, 0
1487, 6, 223, 377, 0, 0, 54.05%, 7, 0, 7, 445.91, 651617, 220, 40, 0
1492, 6, 21, 377, 0, 0, 54.05%, 7, 0, 7, 429.71, 653796, 220, 40, 0
1497, 6, 318, 377, 0, 0, 54.05%, 8, 0, 7, 415.62, 655961, 220, 43, 0
1502, 6, 273, 377, 0, 0, 54.05%, 8, 0, 7, 417.62, 658127, 220, 43, 0
1507, 7, 379, 381, 4, 1, 54.05%, 8, 0, 7, 402.23, 660234, 220, 43, 0
1512, 7, 30, 381, 3, 0, 54.05%, 8, 0, 7, 416.05, 662353, 220, 43, 0
1517, 7, 263, 381, 3, 0, 54.05%, 8, 0, 7, 443.79, 664571, 220, 43, 0
1522, 7, 241, 381, 3, 0, 54.05%, 8, 0, 7, 430.61, 666708, 220, 44, 0
1527, 7, 118, 381, 2, 0, 54.05%, 8, 0, 7, 412.83, 668768, 220, 44, 0
1532, 7, 179, 381, 1, 0, 54.05%, 8, 0, 7, 441.21, 671029, 220, 44, 0
1537, 7, 380, 381, 1, 0, 54.05%, 8, 0, 7, 443.39, 673235, 220, 44, 0
1542, 7, 19, 381, 0, 0, 54.05%, 8, 0, 7, 430.30, 675398, 220, 44, 0
1547, 7, 126, 381, 0, 0, 54.05%, 8, 0, 7, 444.35, 677677, 220, 44, 0
1552, 7, 316, 381, 0, 0, 54.05%, 8, 0, 7, 449.13, 679958, 220, 45, 0
1557, 7, 373, 381, 0, 0, 54.05%, 8, 0, 7, 452.18, 682228, 220, 45, 0
1563, 7, 168, 381, 0, 0, 54.05%, 8, 0, 7, 435.28, 684465, 220, 46, 0
1568, 7, 330, 382, 1, 0, 54.05%, 8, 0, 7, 450.78, 686725, 220, 46, 0
1573, 7, 288, 382, 1, 0, 54.05%, 8, 0, 7, 436.52, 688943, 220, 46, 0
1578, 7, 367, 382, 1, 0, 54.05%, 8, 0, 7, 426.65, 691108, 220, 46, 0
1583, 7, 7, 382, 1, 0, 54.05%, 8, 0, 7, 428.75, 693280, 220, 46, 0
1588, 7, 381, 383, 2, 0, 54.05%, 8, 0, 7, 452.96, 695636, 220, 46, 0
1593, 7, 316, 383, 1, 0, 54.05%, 8, 0, 7, 427.81, 697794, 220, 47, 0
1598, 7, 367, 383, 1, 0, 54.05%, 8, 0, 7, 412.46, 699842, 220, 47, 0
1603, 7, 273, 383, 1, 0, 54.05%, 8, 0, 7, 416.20, 701933, 220, 47, 0
1608, 7, 288, 383, 1, 0, 54.05%, 8, 0, 7, 427.28, 704099, 220, 47, 0
1613, 8, 411, 425, 43, 6, 61.92%, 8, 0, 7, 439.06, 706247, 252, 47, 0
1618, 8, 411, 429, 47, 6, 62.16%, 8, 0, 7, 435.03, 708444, 253, 47, 0
1623, 8, 411, 429, 47, 6, 62.16%, 8, 0, 7, 401.42, 710460, 253, 47, 0
1628, 8, 411, 429, 47, 6, 62.16%, 8, 0, 7, 439.42, 712692, 253, 47, 0
1633, 8, 411, 429, 47, 6, 62.16%, 8, 0, 7, 441.43, 714936, 253, 47, 0
1638, 8, 426, 430, 47, 5, 62.16%, 8, 0, 7, 428.27, 717071, 253, 47, 0
1643, 8, 426, 433, 50, 5, 62.16%, 8, 0, 7, 425.90, 719194, 253, 47, 0
1648, 8, 425, 434, 50, 4, 62.16%, 8, 0, 7, 426.56, 721305, 253, 47, 0
1653, 8, 415, 434, 49, 3, 62.16%, 8, 0, 7, 416.09, 723439, 253, 47, 0
1659, 8, 387, 436, 50, 2, 62.16%, 8, 0, 7, 383.90, 725221, 253, 47, 0
1664, 8, 400, 436, 48, 1, 62.16%, 8, 0, 7, 418.63, 727382, 253, 47, 0
1669, 8, 437, 442, 53, 1, 62.41%, 8, 0, 7, 441.16, 729628, 254, 47, 0
1674, 8, 442, 446, 56, 1, 62.90%, 8, 0, 7, 452.71, 731872, 256, 47, 0
1679, 8, 447, 453, 62, 1, 62.90%, 8, 0, 7, 452.05, 734148, 256, 47, 0
1684, 8, 430, 454, 61, 0, 62.90%, 8, 0, 7, 444.25, 736339, 256, 47, 0
1689, 8, 403, 454, 59, 0, 62.90%, 8, 0, 7, 435.21, 738502, 256, 49, 0
1694, 8, 382, 456, 60, 0, 62.90%, 8, 0, 7, 419.48, 740615, 256, 49, 0
1699, 8, 329, 456, 58, 0, 62.90%, 8, 0, 7, 436.35, 742821, 256, 49, 0
1704, 8, 365, 456, 57, 0, 62.90%, 8, 0, 7, 437.30, 745018, 256, 49, 0
1709, 8, 401, 457, 57, 0, 62.90%, 8, 0, 7, 424.00, 747205, 256, 49, 0
1714, 8, 424, 457, 56, 0, 62.90%, 8, 0, 7, 449.89, 749478, 256, 49, 0
1720, 8, 443, 457, 54, 0, 62.90%, 8, 0, 7, 443.77, 751715, 256, 49, 0
1725, 8, 434, 457, 52, 0, 62.90%, 8, 0, 7, 426.95, 753901, 256, 49, 0
1730, 8, 441, 457, 51, 0, 62.90%, 8, 0, 7, 413.93, 755943, 256, 49, 0
1735, 8, 417, 457, 49, 0, 62.90%, 8, 0, 7, 432.49, 758064, 256, 49, 0
1740, 8, 395, 457, 47, 0, 62.90%, 8, 0, 7, 423.60, 760212, 256, 49, 0
1745, 8, 410, 457, 45, 0, 62.90%, 8, 0, 7, 439.00, 762509, 256, 49, 0
1750, 8, 289, 457, 43, 0, 62.90%, 8, 0, 7, 440.88, 764702, 256, 49, 0
1755, 8, 445, 457, 42, 0, 62.90%, 8, 0, 7, 431.18, 766868, 256, 49, 0
1760, 8, 119, 457, 40, 0, 62.90%, 8, 0, 7, 444.44, 769128, 256, 49, 0
1765, 8, 450, 457, 39, 0, 62.90%, 8, 0, 7, 454.15, 771430, 256, 49, 0
1770, 8, 390, 457, 37, 0, 62.90%, 8, 0, 7, 421.74, 773530, 256, 50, 0
1775, 8, 415, 457, 35, 0, 62.90%, 8, 0, 7, 415.46, 775628, 256, 50, 0
1780, 8, 393, 457, 35, 0, 62.90%, 8, 0, 7, 426.67, 777770, 256, 50, 0
1786, 8, 241, 463, 40, 0, 62.90%, 8, 0, 7, 439.93, 780060, 256, 50, 0
1791, 8, 420, 463, 40, 0, 62.90%, 8, 0, 7, 438.08, 782328, 256, 50, 0
1796, 8, 454, 463, 38, 0, 62.90%, 8, 0, 7, 436.77, 784503, 256, 50, 0
1801, 8, 19, 463, 36, 0, 62.90%, 8, 0, 7, 433.57, 786676, 256, 50, 0
1804, 8, 438, 463, 35, 0, 62.90%, 8, 0, 7, 432.74, 788236, 256, 50, 0
