# relative_time, cycles_done, cur_item, corpus_count, pending_total, pending_favs, map_size, saved_crashes, saved_hangs, max_depth, execs_per_sec, total_execs, edges_found, total_crashes, servers_count
60, 0, 8, 61, 54, 24, 32.68%, 0, 0, 2, 401.61, 26039, 133, 0, 0
66, 0, 8, 61, 54, 24, 32.68%, 0, 0, 2, 424.47, 28237, 133, 0, 0
71, 0, 8, 61, 54, 24, 32.68%, 0, 0, 2, 398.56, 30190, 133, 0, 0
76, 0, 8, 61, 54, 24, 32.68%, 0, 0, 2, 413.73, 32310, 133, 0, 0
81, 0, 8, 61, 54, 24, 32.68%, 0, 0, 2, 409.81, 34422, 133, 0, 0
86, 0, 8, 61, 54, 24, 32.68%, 0, 0, 2, 448.38, 36704, 133, 0, 0
91, 0, 8, 61, 54, 24, 32.68%, 0, 0, 2, 411.70, 38775, 133, 0, 0
96, 0, 8, 61, 54, 24, 32.68%, 0, 0, 2, 428.73, 41055, 133, 0, 0
101, 0, 8, 61, 54, 24, 32.68%, 0, 0, 2, 465.55, 43347, 133, 0, 0
106, 0, 8, 61, 54, 24, 32.68%, 0, 0, 2, 384.87, 45214, 133, 0, 0
112, 0, 8, 61, 54, 24, 32.68%, 0, 0, 2, 395.72, 47153, 133, 0, 0
117, 0, 8, 61, 54, 24, 32.68%, 0, 0, 2, 372.47, 49001, 133, 0, 0
122, 0, 8, 61, 54, 24, 32.68%, 0, 0, 2, 360.56, 50849, 133, 0, 0
127, 0, 8, 61, 54, 24, 32.68%, 0, 0, 2, 354.68, 52662, 133, 0, 0
132, 0, 8, 61, 54, 24, 32.68%, 0, 0, 2, 365.57, 54426, 133, 0, 0
137, 0, 8, 61, 54, 24, 32.68%, 0, 0, 2, 380.96, 56323, 133, 0, 0
142, 0, 8, 61, 54, 24, 32.68%, 0, 0, 2, 354.02, 58101, 133, 0, 0
147, 0, 8, 61, 54, 24, 32.68%, 0, 0, 2, 377.09, 60061, 133, 0, 0
152, 0, 12, 61, 51, 21, 32.68%, 0, 0, 2, 382.62, 62021, 133, 0, 0
157, 0, 19, 61, 44, 14, 32.68%, 0, 0, 2, 405.59, 64071, 133, 0, 0
162, 0, 19, 75, 58, 14, 32.68%, 0, 0, 2, 400.59, 66108, 133, 0, 0
167, 0, 19, 78, 61, 14, 32.68%, 0, 0, 2, 451.50, 68444, 133, 0, 0
173, 0, 19, 79, 62, 14, 32.68%, 0, 0, 2, 448.48, 70783, 133, 0, 0
178, 0, 19, 81, 64, 14, 32.92%, 0, 0, 2, 389.33, 72619, 134, 0, 0
183, 0, 19, 82, 65, 14, 32.92%, 0, 0, 2, 389.12, 74586, 134, 0, 0
188, 0, 19, 85, 68, 14, 32.92%, 0, 0, 2, 401.42, 76701, 134, 0, 0
193, 0, 19, 90, 73, 14, 32.92%, 0, 0, 2, 413.00, 78784, 134, 0, 0
198, 0, 19, 90, 73, 14, 32.92%, 0, 0, 2, 400.27, 80830, 134, 0, 0
203, 0, 19, 91, 74, 14, 33.17%, 0, 0, 2, 434.33, 82991, 135, 0, 0
208, 0, 19, 92, 75, 14, 33.17%, 0, 0, 2, 442.97, 85230, 135, 0, 0
213, 0, 19, 93, 76, 14, 33.17%, 0, 0, 2, 428.65, 87349, 135, 0, 0
218, 0, 19, 93, 76, 14, 33.17%, 0, 0, 2, 427.65, 89590, 135, 0, 0
224, 0, 19, 93, 76, 14, 33.17%, 0, 0, 2, 420.88, 91774, 135, 0, 0
229, 0, 25, 93, 74, 13, 33.17%, 0, 0, 2, 434.33, 93950, 135, 0, 0
234, 0, 25, 109, 90, 13, 33.91%, 0, 0, 2, 402.74, 95950, 138, 0, 0
239, 0, 25, 114, 95, 13, 34.64%, 0, 0, 2, 429.30, 98145, 141, 0, 0
244, 0, 25, 117, 98, 13, 34.64%, 0, 0, 2, 418.25, 100278, 141, 0, 0
249, 0, 25, 118, 99, 13, 34.64%, 0, 0, 2, 440.21, 102485, 141, 0, 0
254, 0, 25, 118, 99, 13, 34.64%, 0, 0, 2, 412.77, 104565, 141, 0, 0
259, 0, 25, 118, 99, 13, 34.64%, 0, 0, 2, 425.67, 106685, 141, 0, 0
264, 0, 25, 118, 99, 13, 34.64%, 0, 0, 2, 404.58, 108701, 141, 0, 0
269, 0, 25, 119, 100, 13, 34.64%, 0, 0, 2, 435.85, 110916, 141, 0, 0
274, 0, 25, 120, 101, 13, 34.64%, 0, 0, 2, 430.67, 113067, 141, 0, 0
279, 0, 25, 121, 102, 13, 35.63%, 0, 0, 2, 432.47, 115306, 145, 0, 0
285, 0, 25, 121, 102, 13, 35.63%, 0, 0, 2, 429.19, 117531, 145, 0, 0
290, 0, 25, 121, 102, 13, 35.63%, 0, 0, 2, 458.72, 119853, 145, 0, 0
295, 0, 25, 121, 102, 13, 35.63%, 0, 0, 2, 448.67, 122083, 145, 0, 0
300, 0, 32, 121, 99, 12, 35.63%, 0, 0, 2, 474.38, 124469, 145, 0, 0
305, 0, 35, 139, 116, 12, 37.10%, 1, 0, 3, 463.74, 126739, 151, 1, 0
310, 0, 35, 140, 117, 12, 37.10%, 1, 0, 3, 438.28, 128885, 151, 1, 0
315, 0, 35, 141, 118, 12, 37.10%, 1, 0, 3, 442.46, 131140, 151, 1, 0
320, 0, 35, 142, 119, 12, 37.10%, 1, 0, 3, 451.59, 133375, 151, 1, 0
325, 0, 35, 142, 119, 12, 37.10%, 1, 0, 3, 488.58, 135886, 151, 1, 0
330, 0, 35, 142, 119, 12, 37.10%, 1, 0, 3, 462.31, 138217, 151, 1, 0
335, 0, 35, 142, 119, 12, 37.10%, 1, 0, 3, 440.44, 140507, 151, 1, 0
340, 0, 35, 142, 119, 12, 37.10%, 1, 0, 3, 485.88, 142978, 151, 1, 0
345, 0, 35, 142, 119, 12, 37.10%, 1, 0, 3, 454.79, 145291, 151, 1, 0
351, 0, 35, 142, 119, 12, 37.10%, 1, 0, 3, 493.17, 147829, 151, 1, 0
356, 0, 35, 142, 119, 12, 37.10%, 1, 0, 3, 466.78, 150151, 151, 1, 0
361, 0, 35, 142, 119, 12, 37.10%, 1, 0, 3, 446.46, 152387, 151, 1, 0
366, 0, 35, 142, 119, 12, 37.10%, 1, 0, 3, 424.50, 154539, 151, 1, 0
371, 0, 56, 142, 116, 11, 37.10%, 1, 0, 3, 393.66, 156697, 151, 1, 0
376, 0, 56, 142, 116, 11, 37.10%, 1, 0, 3, 400.33, 158740, 151, 1, 0
381, 0, 56, 142, 116, 11, 37.10%, 1, 0, 3, 412.38, 160780, 151, 1, 0
386, 0, 101, 142, 114, 9, 37.10%, 1, 0, 3, 375.31, 162624, 151, 1, 0
391, 0, 112, 148, 119, 8, 37.10%, 1, 0, 3, 438.72, 164832, 151, 1, 0
396, 0, 112, 153, 124, 8, 37.10%, 1, 0, 3, 407.37, 166851, 151, 1, 0
401, 0, 112, 157, 128, 8, 37.10%, 1, 0, 3, 412.38, 168895, 151, 1, 0
406, 0, 112, 159, 130, 8, 37.10%, 1, 0, 3, 431.28, 171085, 151, 1, 0
411, 0, 112, 162, 133, 8, 37.10%, 1, 0, 3, 408.63, 173130, 151, 1, 0
416, 0, 112, 163, 134, 8, 37.10%, 1, 0, 3, 401.71, 175217, 151, 1, 0
422, 0, 112, 165, 136, 8, 37.10%, 1, 0, 3, 403.54, 177271, 151, 1, 0
427, 0, 112, 165, 136, 8, 37.10%, 1, 0, 3, 401.91, 179327, 151, 1, 0
432, 0, 112, 165, 136, 8, 37.10%, 1, 0, 3, 408.24, 181391, 151, 1, 0
437, 0, 112, 166, 137, 8, 37.10%, 1, 0, 3, 407.97, 183454, 151, 1, 0
442, 0, 112, 167, 138, 8, 37.10%, 1, 0, 3, 408.33, 185557, 151, 1, 0
447, 0, 112, 167, 138, 8, 37.10%, 1, 0, 3, 413.41, 187669, 151, 1, 0
452, 0, 112, 167, 138, 8, 37.10%, 1, 0, 3, 405.82, 189719, 151, 1, 0
457, 0, 112, 168, 139, 8, 37.10%, 1, 0, 3, 460.27, 191956, 151, 1, 0
462, 0, 112, 168, 139, 8, 37.10%, 1, 0, 3, 434.69, 194157, 151, 1, 0
468, 0, 112, 168, 139, 8, 37.10%, 1, 0, 3, 434.04, 196285, 151, 1, 0
473, 0, 112, 168, 139, 8, 37.10%, 1, 0, 3, 414.58, 198365, 151, 1, 0
478, 0, 112, 169, 140, 8, 37.10%, 1, 0, 3, 397.00, 200381, 151, 1, 0
483, 0, 113, 171, 141, 10, 37.10%, 1, 0, 3, 435.83, 202626, 151, 1, 0
488, 0, 131, 174, 142, 8, 37.10%, 1, 0, 3, 437.82, 204800, 151, 1, 0
493, 0, 140, 178, 144, 6, 37.10%, 1, 0, 4, 428.55, 206957, 151, 1, 0
498, 0, 140, 179, 145, 6, 37.10%, 1, 0, 4, 415.88, 209204, 151, 1, 0
503, 0, 140, 180, 146, 6, 37.10%, 1, 0, 4, 457.11, 211579, 151, 1, 0
508, 0, 160, 182, 146, 4, 37.10%, 1, 0, 4, 427.94, 213743, 151, 1, 0
513, 0, 169, 190, 151, 1, 37.10%, 1, 0, 4, 436.28, 215977, 151, 1, 0
519, 0, 169, 193, 154, 1, 37.84%, 1, 0, 4, 437.01, 218151, 154, 1, 0
524, 0, 169, 194, 155, 1, 37.84%, 1, 0, 4, 434.92, 220286, 154, 1, 0
529, 0, 169, 195, 156, 1, 37.84%, 1, 0, 4, 449.27, 222517, 154, 1, 0
534, 0, 190, 195, 154, 1, 37.84%, 1, 0, 4, 426.99, 224665, 154, 1, 0
539, 1, 35, 196, 150, 0, 37.84%, 1, 0, 4, 415.64, 226777, 154, 1, 0
544, 1, 101, 197, 138, 0, 37.84%, 1, 0, 4, 414.00, 228857, 154, 1, 0
549, 1, 197, 198, 132, 1, 38.08%, 1, 0, 4, 387.23, 230849, 155, 1, 0
554, 2, 206, 317, 248, 22, 49.88%, 1, 0, 4, 437.49, 233168, 203, 1, 0
559, 2, 219, 318, 244, 17, 49.88%, 1, 0, 4, 429.76, 235395, 203, 1, 0
564, 2, 257, 320, 241, 13, 49.88%, 1, 0, 4, 426.00, 237552, 203, 1, 0
570, 2, 257, 321, 242, 13, 49.88%, 1, 0, 4, 415.07, 239623, 203, 1, 0
575, 2, 291, 324, 242, 10, 49.88%, 1, 0, 4, 426.37, 241827, 203, 1, 0
580, 2, 291, 326, 244, 10, 49.88%, 1, 0, 4, 420.75, 243946, 203, 1, 0
585, 2, 291, 327, 245, 10, 49.88%, 1, 0, 4, 419.74, 246089, 203, 1, 0
590, 2, 291, 327, 245, 10, 49.88%, 1, 0, 4, 424.91, 248225, 203, 1, 0
595, 2, 291, 327, 245, 10, 49.88%, 1, 0, 4, 426.08, 250385, 203, 1, 0
600, 2, 291, 328, 246, 10, 49.88%, 1, 0, 4, 452.81, 252714, 203, 1, 0
605, 2, 291, 330, 248, 10, 49.88%, 1, 0, 4, 441.43, 254943, 203, 1, 0
610, 2, 291, 330, 248, 10, 49.88%, 1, 0, 4, 423.24, 257071, 203, 1, 0
615, 2, 291, 330, 248, 10, 49.88%, 1, 0, 4, 448.81, 259335, 203, 1, 0
620, 2, 291, 330, 248, 10, 49.88%, 1, 0, 4, 442.55, 261599, 203, 1, 0
625, 2, 291, 330, 248, 10, 49.88%, 1, 0, 4, 447.74, 263856, 203, 1, 0
631, 2, 291, 330, 248, 10, 49.88%, 1, 0, 4, 480.12, 266311, 203, 1, 0
636, 2, 291, 331, 249, 10, 49.88%, 1, 0, 4, 416.55, 268351, 203, 1, 0
641, 2, 291, 331, 249, 10, 49.88%, 1, 0, 4, 442.00, 270583, 203, 1, 0
646, 2, 291, 331, 249, 10, 49.88%, 1, 0, 4, 420.79, 272695, 203, 1, 0
651, 2, 291, 331, 249, 10, 49.88%, 1, 0, 4, 439.58, 274983, 203, 1, 0
656, 2, 291, 333, 251, 10, 50.12%, 1, 0, 4, 429.87, 277093, 204, 1, 0
661, 2, 291, 333, 251, 10, 50.12%, 1, 0, 4, 420.09, 279221, 204, 1, 0
666, 2, 292, 337, 254, 11, 50.12%, 1, 0, 4, 414.05, 281305, 204, 1, 0
671, 2, 292, 337, 254, 11, 50.12%, 1, 0, 4, 449.98, 283619, 204, 1, 0
676, 2, 292, 337, 254, 11, 50.12%, 1, 0, 4, 412.11, 285649, 204, 1, 0
682, 2, 302, 337, 251, 8, 50.12%, 2, 0, 4, 430.16, 287915, 204, 2, 0
687, 2, 324, 337, 244, 2, 50.12%, 2, 0, 4, 448.65, 290208, 204, 3, 0
692, 2, 332, 337, 243, 1, 50.12%, 2, 0, 4, 425.63, 292345, 204, 3, 0
697, 3, 337, 408, 311, 9, 59.71%, 2, 0, 4, 399.12, 294386, 243, 3, 0
702, 3, 341, 410, 312, 8, 60.20%, 2, 0, 4, 428.08, 296576, 245, 3, 0
707, 3, 348, 410, 310, 8, 60.20%, 2, 0, 4, 379.24, 298488, 245, 3, 0
712, 3, 368, 411, 310, 8, 60.20%, 2, 0, 4, 375.02, 300348, 245, 3, 0
717, 3, 404, 411, 306, 6, 60.20%, 2, 0, 4, 393.54, 302360, 245, 3, 0
722, 3, 408, 413, 305, 3, 60.20%, 2, 0, 4, 376.34, 304313, 245, 3, 0
727, 4, 17, 417, 305, 0, 60.20%, 2, 0, 4, 419.93, 306454, 245, 3, 0
732, 4, 90, 417, 292, 0, 60.20%, 3, 0, 4, 410.72, 308518, 245, 4, 0
738, 4, 165, 417, 285, 0, 60.20%, 3, 0, 4, 383.14, 310547, 245, 5, 0
743, 4, 199, 417, 278, 0, 60.20%, 3, 0, 4, 390.99, 312650, 245, 5, 0
748, 4, 228, 418, 274, 0, 60.20%, 3, 0, 4, 427.13, 314823, 245, 5, 0
753, 4, 268, 418, 267, 0, 60.20%, 3, 0, 4, 427.02, 316914, 245, 5, 0
758, 4, 296, 418, 260, 0, 60.20%, 3, 0, 4, 399.74, 318957, 245, 5, 0
763, 4, 317, 418, 256, 0, 60.20%, 5, 0, 4, 409.25, 321060, 245, 10, 0
768, 4, 340, 418, 249, 0, 60.20%, 5, 0, 4, 421.95, 323255, 245, 10, 0
773, 4, 356, 419, 244, 0, 60.20%, 5, 0, 4, 371.39, 325115, 245, 10, 0
778, 4, 366, 421, 243, 0, 60.20%, 5, 0, 4, 408.17, 327254, 245, 10, 0
783, 4, 385, 422, 240, 0, 60.20%, 5, 0, 4, 446.08, 329631, 245, 10, 0
788, 4, 406, 422, 235, 0, 60.20%, 5, 0, 4, 435.34, 331833, 245, 10, 0
794, 4, 423, 424, 235, 0, 60.20%, 5, 0, 4, 426.35, 334067, 245, 10, 0
799, 5, 94, 425, 228, 0, 60.20%, 5, 0, 4, 404.79, 336146, 245, 10, 0
804, 5, 160, 425, 220, 0, 60.20%, 5, 0, 4, 422.34, 338317, 245, 13, 0
809, 5, 194, 425, 217, 0, 60.20%, 5, 0, 4, 419.88, 340518, 245, 13, 0
814, 5, 236, 425, 212, 0, 60.20%, 5, 0, 4, 446.19, 342757, 245, 13, 0
819, 5, 271, 425, 203, 0, 60.20%, 5, 0, 4, 414.34, 344812, 245, 13, 0
824, 5, 295, 426, 197, 0, 60.20%, 5, 0, 4, 415.59, 346928, 245, 13, 0
829, 5, 328, 427, 195, 0, 60.20%, 5, 0, 4, 414.46, 349041, 245, 17, 0
835, 5, 368, 427, 189, 0, 60.20%, 5, 0, 4, 401.77, 351180, 245, 17, 0
840, 6, 71, 429, 186, 1, 60.44%, 5, 0, 4, 405.43, 353203, 246, 17, 0
845, 7, 35, 429, 181, 0, 60.44%, 5, 0, 4, 403.75, 355228, 246, 17, 0
850, 7, 130, 429, 174, 0, 60.44%, 5, 0, 4, 390.03, 357282, 246, 19, 0
855, 7, 183, 429, 167, 0, 60.44%, 5, 0, 4, 407.31, 359391, 246, 19, 0
860, 7, 219, 429, 162, 0, 60.44%, 5, 0, 4, 417.58, 361543, 246, 19, 0
865, 7, 273, 429, 157, 0, 60.44%, 5, 0, 4, 413.30, 363661, 246, 19, 0
870, 7, 315, 429, 152, 0, 60.44%, 7, 0, 4, 413.59, 365759, 246, 27, 0
875, 7, 371, 429, 147, 0, 60.44%, 7, 0, 4, 400.42, 367862, 246, 27, 0
880, 7, 398, 430, 145, 0, 60.44%, 7, 0, 4, 398.73, 369908, 246, 27, 0
885, 7, 419, 430, 141, 0, 60.44%, 7, 0, 4, 444.36, 372180, 246, 27, 0
890, 7, 426, 431, 140, 0, 60.44%, 7, 0, 4, 422.72, 374371, 246, 27, 0
896, 7, 429, 433, 141, 0, 60.44%, 7, 0, 4, 412.96, 376451, 246, 27, 0
901, 8, 35, 434, 141, 0, 60.44%, 7, 0, 4, 412.86, 378520, 246, 27, 0
906, 8, 139, 434, 134, 0, 60.44%, 7, 0, 4, 423.47, 380652, 246, 30, 0
906, 8, 147, 434, 133, 0, 60.44%, 7, 0, 4, 427.41, 380812, 246, 30, 0
