# relative_time, cycles_done, cur_item, corpus_count, pending_total, pending_favs, map_size, saved_crashes, saved_hangs, max_depth, execs_per_sec, total_execs, edges_found, total_crashes, servers_count
60, 0, 9, 70, 65, 4, 30.47%, 0, 0, 2, 436.53, 27041, 124, 0, 0
66, 0, 9, 70, 65, 4, 30.47%, 0, 0, 2, 438.85, 29281, 124, 0, 0
71, 0, 9, 70, 65, 4, 30.47%, 0, 0, 2, 409.44, 31273, 124, 0, 0
76, 0, 9, 71, 66, 4, 30.47%, 0, 0, 2, 422.69, 33400, 124, 0, 0
81, 0, 9, 71, 66, 4, 30.47%, 0, 0, 2, 415.99, 35480, 124, 0, 0
86, 0, 9, 72, 67, 4, 30.47%, 0, 0, 2, 403.24, 37535, 124, 0, 0
91, 0, 9, 72, 67, 4, 30.47%, 0, 0, 2, 450.51, 39887, 124, 0, 0
96, 0, 9, 72, 67, 4, 30.47%, 0, 0, 2, 425.13, 42032, 124, 0, 0
101, 0, 9, 73, 68, 4, 30.47%, 0, 0, 2, 451.67, 44310, 124, 0, 0
106, 0, 9, 73, 68, 4, 30.47%, 0, 0, 2, 430.74, 46456, 124, 0, 0
111, 0, 9, 73, 68, 4, 30.47%, 0, 0, 2, 441.73, 48720, 124, 0, 0
116, 0, 9, 73, 68, 4, 30.47%, 0, 0, 2, 454.08, 51008, 124, 0, 0
121, 0, 9, 75, 70, 4, 30.47%, 0, 0, 2, 420.61, 53110, 124, 0, 0
126, 0, 107, 146, 140, 35, 44.72%, 0, 0, 2, 432.27, 55326, 182, 0, 0
132, 0, 107, 151, 145, 35, 44.72%, 0, 0, 2, 429.32, 57505, 182, 0, 0
137, 0, 107, 151, 145, 35, 44.72%, 0, 0, 2, 423.15, 59657, 182, 0, 0
142, 0, 107, 151, 145, 35, 44.72%, 0, 0, 2, 447.98, 61926, 182, 0, 0
147, 0, 107, 153, 147, 35, 44.96%, 0, 0, 2, 400.04, 64047, 183, 0, 0
152, 0, 107, 154, 148, 35, 44.96%, 0, 0, 2, 423.51, 66223, 183, 0, 0
157, 0, 107, 154, 148, 35, 44.96%, 0, 0, 2, 389.11, 68165, 183, 0, 0
162, 0, 107, 155, 149, 35, 44.96%, 0, 0, 2, 393.73, 70146, 183, 0, 0
167, 0, 107, 156, 150, 35, 44.96%, 0, 0, 2, 414.49, 72317, 183, 0, 0
172, 0, 107, 156, 150, 35, 44.96%, 0, 0, 2, 401.20, 74341, 183, 0, 0
177, 0, 107, 158, 152, 35, 44.96%, 0, 0, 2, 427.98, 76603, 183, 0, 0
182, 0, 107, 159, 153, 35, 44.96%, 0, 0, 2, 445.48, 78858, 183, 0, 0
187, 0, 107, 159, 153, 35, 44.96%, 0, 0, 2, 430.60, 81018, 183, 0, 0
193, 0, 107, 160, 154, 35, 44.96%, 0, 0, 2, 439.92, 83275, 183, 0, 0
198, 0, 107, 160, 154, 35, 44.96%, 0, 0, 2, 405.82, 85273, 183, 0, 0
203, 0, 107, 161, 155, 35, 44.96%, 0, 0, 2, 438.51, 87520, 183, 0, 0
208, 0, 107, 161, 155, 35, 44.96%, 0, 0, 2, 447.95, 89780, 183, 0, 0
213, 0, 107, 161, 155, 35, 44.96%, 0, 0, 2, 416.24, 91808, 183, 0, 0
218, 0, 107, 161, 155, 35, 44.96%, 0, 0, 2, 410.73, 93880, 183, 0, 0
223, 0, 107, 162, 156, 35, 44.96%, 0, 0, 2, 428.17, 96071, 183, 0, 0
228, 0, 107, 162, 156, 35, 44.96%, 0, 0, 2, 424.52, 98231, 183, 0, 0
233, 0, 107, 164, 158, 35, 44.96%, 0, 0, 2, 447.59, 100573, 183, 0, 0
238, 0, 107, 164, 158, 35, 44.96%, 0, 0, 2, 402.31, 102613, 183, 0, 0
244, 0, 107, 164, 158, 35, 44.96%, 0, 0, 2, 404.50, 104669, 183, 0, 0
249, 0, 10, 165, 158, 35, 45.21%, 0, 0, 3, 424.62, 106811, 184, 0, 0
254, 0, 73, 165, 151, 29, 45.21%, 0, 0, 3, 412.36, 108898, 184, 0, 0
259, 0, 68, 165, 148, 26, 45.21%, 0, 0, 3, 417.19, 111044, 184, 0, 0
264, 0, 101, 166, 146, 23, 45.45%, 0, 0, 3, 413.23, 113090, 185, 0, 0
269, 0, 102, 167, 146, 23, 45.70%, 0, 0, 3, 422.69, 115241, 186, 0, 0
274, 0, 168, 174, 152, 24, 45.95%, 0, 0, 3, 418.04, 117313, 187, 0, 0
279, 0, 123, 174, 150, 22, 45.95%, 0, 0, 3, 406.56, 119392, 187, 0, 0
284, 0, 123, 175, 151, 22, 45.95%, 0, 0, 3, 414.37, 121494, 187, 0, 0
289, 0, 95, 176, 151, 21, 45.95%, 0, 0, 3, 388.06, 123492, 187, 0, 0
294, 0, 95, 176, 151, 21, 45.95%, 0, 0, 3, 366.81, 125333, 187, 0, 0
299, 0, 95, 176, 151, 21, 45.95%, 0, 0, 3, 385.52, 127314, 187, 0, 0
304, 0, 78, 176, 150, 20, 45.95%, 0, 0, 3, 375.26, 129206, 187, 0, 0
309, 0, 99, 187, 160, 19, 45.95%, 0, 0, 3, 383.10, 131168, 187, 0, 0
314, 0, 179, 190, 162, 19, 45.95%, 0, 0, 3, 418.87, 133348, 187, 0, 0
320, 0, 179, 196, 168, 19, 45.95%, 0, 0, 3, 429.10, 135550, 187, 0, 0
325, 0, 179, 199, 171, 19, 46.19%, 0, 0, 3, 448.04, 137851, 188, 0, 0
330, 0, 179, 200, 172, 19, 46.19%, 0, 0, 3, 424.53, 139954, 188, 0, 0
335, 0, 179, 203, 175, 19, 46.19%, 0, 0, 3, 409.10, 142023, 188, 0, 0
340, 0, 179, 204, 176, 19, 46.19%, 0, 0, 3, 416.39, 144167, 188, 0, 0
345, 0, 196, 204, 175, 19, 46.19%, 0, 0, 3, 422.72, 146319, 188, 0, 0
350, 0, 196, 204, 175, 19, 46.19%, 0, 0, 3, 391.33, 148336, 188, 0, 0
355, 0, 189, 205, 174, 17, 46.19%, 0, 0, 4, 413.99, 150451, 188, 0, 0
360, 0, 215, 216, 184, 18, 46.44%, 0, 0, 4, 399.38, 152508, 189, 0, 0
365, 0, 100, 216, 181, 16, 46.44%, 0, 0, 4, 408.97, 154554, 189, 0, 0
371, 0, 152, 216, 179, 14, 46.44%, 0, 0, 4, 407.45, 156659, 189, 0, 0
376, 0, 125, 217, 178, 12, 46.44%, 0, 0, 4, 428.36, 158778, 189, 0, 0
381, 0, 125, 223, 184, 12, 47.42%, 0, 0, 4, 387.68, 160711, 193, 0, 0
386, 0, 125, 225, 186, 12, 47.42%, 0, 0, 4, 400.54, 162743, 193, 0, 0
391, 0, 125, 227, 188, 12, 47.42%, 0, 0, 4, 414.40, 164845, 193, 0, 0
396, 0, 125, 227, 188, 12, 47.42%, 0, 0, 4, 403.06, 166917, 193, 0, 0
401, 0, 125, 227, 188, 12, 47.42%, 0, 0, 4, 427.17, 169077, 193, 0, 0
406, 0, 125, 228, 189, 12, 47.42%, 0, 0, 4, 419.30, 171196, 193, 0, 0
411, 0, 125, 228, 189, 12, 47.42%, 0, 0, 4, 445.17, 173580, 193, 0, 0
416, 0, 125, 228, 189, 12, 47.42%, 0, 0, 4, 438.28, 175757, 193, 0, 0
421, 0, 125, 228, 189, 12, 47.42%, 0, 0, 4, 427.95, 177933, 193, 0, 0
426, 0, 125, 228, 189, 12, 47.42%, 0, 0, 4, 374.30, 179829, 193, 0, 0
432, 0, 125, 228, 189, 12, 47.42%, 0, 0, 4, 369.15, 181558, 193, 0, 0
437, 0, 125, 228, 189, 12, 47.42%, 0, 0, 4, 396.93, 183621, 193, 0, 0
442, 0, 125, 228, 189, 12, 47.42%, 0, 0, 4, 388.09, 185618, 193, 0, 0
447, 0, 125, 229, 190, 12, 47.42%, 0, 0, 4, 441.90, 187900, 193, 0, 0
452, 0, 111, 233, 192, 10, 47.42%, 0, 0, 4, 431.03, 190138, 193, 0, 0
457, 0, 111, 237, 196, 10, 47.42%, 0, 0, 4, 418.08, 192287, 193, 0, 0
462, 0, 111, 237, 196, 10, 47.42%, 0, 0, 4, 437.59, 194463, 193, 0, 0
467, 0, 111, 237, 196, 10, 47.42%, 0, 0, 4, 448.62, 196812, 193, 0, 0
472, 0, 111, 238, 197, 10, 47.42%, 0, 0, 4, 412.95, 198846, 193, 0, 0
477, 0, 225, 242, 200, 9, 47.42%, 0, 0, 4, 409.90, 201001, 193, 0, 0
482, 0, 23, 243, 199, 7, 47.42%, 0, 0, 4, 432.17, 203222, 193, 0, 0
488, 0, 85, 243, 197, 6, 47.42%, 0, 0, 4, 422.43, 205341, 193, 0, 0
493, 0, 67, 244, 194, 3, 47.42%, 0, 0, 4, 400.91, 207389, 193, 0, 0
498, 0, 67, 247, 197, 3, 47.42%, 0, 0, 4, 416.24, 209474, 193, 0, 0
503, 0, 67, 249, 199, 3, 47.42%, 0, 0, 4, 421.29, 211584, 193, 0, 0
508, 0, 67, 249, 199, 3, 47.42%, 0, 0, 4, 407.72, 213616, 193, 0, 0
513, 0, 67, 249, 199, 3, 47.42%, 0, 0, 4, 420.62, 215768, 193, 0, 0
518, 0, 159, 249, 196, 0, 47.42%, 0, 0, 4, 392.39, 217787, 193, 0, 0
523, 0, 122, 249, 195, 0, 47.42%, 0, 0, 4, 422.78, 219974, 193, 0, 0
528, 0, 87, 249, 192, 0, 47.42%, 0, 0, 4, 424.80, 222146, 193, 0, 0
533, 0, 195, 249, 190, 0, 47.42%, 0, 0, 4, 445.62, 224388, 193, 0, 0
538, 0, 208, 249, 188, 0, 47.42%, 0, 0, 4, 422.63, 226564, 193, 0, 0
543, 0, 94, 249, 186, 0, 47.42%, 0, 0, 4, 427.93, 228746, 193, 0, 0
548, 0, 159, 250, 183, 0, 47.42%, 0, 0, 4, 436.49, 230877, 193, 0, 0
554, 0, 179, 253, 184, 0, 47.42%, 0, 0, 4, 432.90, 233082, 193, 0, 0
559, 0, 201, 253, 184, 0, 47.42%, 0, 0, 4, 427.75, 235259, 193, 0, 0
564, 0, 232, 253, 181, 0, 47.42%, 0, 0, 4, 428.02, 237402, 193, 0, 0
569, 0, 81, 253, 180, 0, 47.42%, 0, 0, 4, 405.55, 239402, 193, 0, 0
574, 0, 95, 254, 179, 0, 47.42%, 0, 0, 4, 377.03, 241374, 193, 0, 0
579, 0, 67, 255, 179, 0, 47.67%, 0, 0, 5, 381.35, 243301, 194, 0, 0
584, 0, 107, 257, 179, 0, 47.67%, 0, 0, 5, 431.87, 245560, 194, 0, 0
589, 0, 40, 257, 177, 0, 47.67%, 0, 0, 5, 444.57, 247805, 194, 0, 0
594, 0, 187, 257, 175, 0, 47.67%, 0, 0, 5, 492.62, 250208, 194, 0, 0
599, 0, 138, 260, 176, 0, 47.67%, 0, 0, 5, 419.55, 252197, 194, 0, 0
604, 0, 138, 264, 180, 0, 47.67%, 0, 0, 5, 459.68, 254619, 194, 0, 0
609, 0, 138, 266, 182, 0, 47.67%, 0, 0, 5, 412.72, 256625, 194, 0, 0
614, 0, 138, 267, 183, 0, 48.40%, 0, 0, 5, 398.90, 258622, 197, 0, 0
620, 0, 138, 270, 186, 0, 48.40%, 0, 0, 5, 420.58, 260813, 197, 0, 0
625, 0, 241, 270, 184, 0, 48.40%, 0, 0, 5, 431.66, 263004, 197, 0, 0
630, 0, 241, 271, 183, 0, 48.40%, 0, 0, 5, 405.62, 265034, 197, 0, 0
635, 0, 91, 271, 182, 0, 48.40%, 0, 0, 5, 422.11, 267300, 197, 0, 0
640, 0, 137, 272, 178, 0, 48.40%, 0, 0, 5, 414.28, 269401, 197, 0, 0
645, 0, 254, 274, 178, 0, 48.40%, 0, 0, 5, 438.13, 271583, 197, 0, 0
650, 0, 241, 274, 178, 0, 48.40%, 0, 0, 5, 431.04, 273793, 197, 0, 0
655, 0, 132, 274, 177, 0, 48.40%, 0, 0, 5, 403.92, 275863, 197, 0, 0
660, 0, 84, 275, 176, 0, 48.40%, 0, 0, 5, 422.67, 278047, 197, 0, 0
665, 0, 217, 275, 173, 0, 48.40%, 0, 0, 5, 426.50, 280194, 197, 0, 0
670, 0, 184, 275, 171, 0, 48.40%, 0, 0, 5, 409.05, 282272, 197, 0, 0
675, 0, 127, 275, 167, 0, 48.40%, 0, 0, 5, 431.50, 284474, 197, 0, 0
680, 0, 111, 275, 166, 0, 48.40%, 0, 0, 5, 454.14, 286793, 197, 0, 0
686, 0, 95, 275, 163, 0, 48.40%, 0, 0, 5, 426.73, 288985, 197, 0, 0
691, 1, 263, 275, 161, 0, 48.40%, 0, 0, 5, 424.00, 291089, 197, 0, 0
696, 1, 183, 275, 159, 0, 48.40%, 0, 0, 5, 420.50, 293227, 197, 0, 0
701, 1, 143, 276, 155, 0, 48.40%, 0, 0, 5, 433.29, 295391, 197, 0, 0
706, 1, 192, 276, 153, 0, 48.40%, 0, 0, 5, 427.23, 297529, 197, 0, 0
711, 1, 48, 277, 151, 0, 48.40%, 0, 0, 5, 423.91, 299650, 197, 0, 0
716, 1, 128, 277, 147, 0, 48.40%, 0, 0, 5, 415.37, 301737, 197, 0, 0
721, 1, 185, 277, 145, 0, 48.40%, 0, 0, 5, 391.96, 303758, 197, 0, 0
726, 1, 219, 277, 143, 0, 48.40%, 0, 0, 5, 412.73, 305875, 197, 0, 0
731, 1, 107, 278, 141, 0, 48.40%, 0, 0, 5, 442.84, 308166, 197, 0, 0
736, 1, 218, 279, 141, 0, 48.65%, 0, 0, 5, 453.42, 310416, 198, 0, 0
741, 1, 196, 280, 138, 0, 48.65%, 0, 0, 5, 429.88, 312585, 198, 0, 0
746, 1, 109, 280, 136, 0, 48.65%, 0, 0, 5, 432.53, 314750, 198, 0, 0
751, 1, 242, 280, 134, 0, 48.65%, 0, 0, 5, 412.24, 316778, 198, 0, 0
757, 1, 279, 282, 133, 0, 48.65%, 0, 0, 5, 422.91, 318925, 198, 0, 0
762, 1, 30, 283, 128, 0, 48.65%, 0, 0, 5, 403.00, 320936, 198, 0, 0
767, 1, 282, 283, 125, 0, 48.65%, 0, 0, 5, 386.26, 322907, 198, 0, 0
772, 1, 216, 283, 123, 0, 48.65%, 0, 0, 5, 379.21, 324844, 198, 0, 0
777, 1, 203, 283, 118, 0, 48.65%, 0, 0, 5, 437.60, 327143, 198, 0, 0
782, 1, 0, 284, 117, 0, 48.65%, 0, 0, 5, 437.55, 329301, 198, 0, 0
787, 1, 35, 284, 113, 0, 48.65%, 0, 0, 5, 427.19, 331520, 198, 0, 0
792, 1, 282, 284, 108, 0, 48.65%, 0, 0, 5, 442.96, 333690, 198, 0, 0
797, 1, 139, 284, 106, 0, 48.65%, 0, 0, 5, 423.74, 335785, 198, 0, 0
803, 1, 90, 284, 104, 0, 48.65%, 0, 0, 5, 398.27, 337807, 198, 0, 0
808, 1, 213, 284, 100, 0, 48.65%, 0, 0, 5, 407.47, 339874, 198, 0, 0
813, 1, 175, 284, 99, 0, 48.65%, 0, 0, 5, 430.66, 342032, 198, 0, 0
818, 1, 259, 284, 97, 0, 48.65%, 0, 0, 5, 415.40, 344138, 198, 0, 0
823, 1, 173, 284, 95, 0, 48.65%, 0, 0, 5, 408.66, 346164, 198, 0, 0
828, 1, 129, 284, 92, 0, 48.65%, 0, 0, 5, 426.55, 348323, 198, 0, 0
833, 1, 277, 284, 89, 0, 48.65%, 0, 0, 5, 433.73, 350538, 198, 0, 0
838, 1, 171, 284, 88, 0, 48.65%, 0, 0, 5, 428.73, 352624, 198, 0, 0
843, 1, 290, 292, 95, 1, 48.89%, 0, 0, 5, 423.46, 354699, 199, 0, 0
848, 1, 229, 292, 92, 0, 48.89%, 0, 0, 5, 412.55, 356741, 199, 0, 0
853, 1, 291, 292, 89, 0, 48.89%, 0, 0, 5, 434.52, 358952, 199, 0, 0
858, 1, 227, 292, 86, 0, 48.89%, 0, 0, 5, 407.66, 361049, 199, 0, 0
864, 1, 282, 293, 83, 0, 48.89%, 0, 0, 5, 423.17, 363202, 199, 0, 0
869, 1, 23, 293, 80, 0, 48.89%, 0, 0, 5, 390.03, 365155, 199, 0, 0
874, 1, 107, 293, 77, 0, 48.89%, 0, 0, 5, 441.40, 367466, 199, 0, 0
879, 1, 123, 293, 74, 0, 48.89%, 0, 0, 5, 424.73, 369612, 199, 0, 0
884, 1, 36, 293, 72, 0, 48.89%, 0, 0, 5, 425.20, 371702, 199, 0, 0
889, 1, 111, 293, 69, 0, 48.89%, 0, 0, 5, 419.73, 373817, 199, 0, 0
894, 1, 293, 295, 68, 0, 48.89%, 0, 0, 5, 427.95, 376029, 199, 0, 0
899, 1, 292, 295, 65, 0, 48.89%, 0, 0, 5, 402.69, 378091, 199, 0, 0
904, 1, 282, 295, 62, 0, 48.89%, 0, 0, 5, 408.68, 380158, 199, 0, 0
904, 1, 282, 295, 62, 0, 48.89%, 0, 0, 5, 405.53, 380182, 199, 0, 0
