# relative_time, cycles_done, cur_item, corpus_count, pending_total, pending_favs, map_size, saved_crashes, saved_hangs, max_depth, execs_per_sec, total_execs, edges_found, total_crashes, servers_count
61, 0, 9, 78, 73, 3, 30.71%, 0, 0, 2, 459.93, 27352, 125, 0, 0
66, 0, 9, 78, 73, 3, 30.71%, 0, 0, 2, 450.29, 29656, 125, 0, 0
71, 0, 9, 80, 75, 3, 30.71%, 0, 0, 2, 432.87, 31802, 125, 0, 0
76, 0, 9, 81, 76, 3, 30.71%, 0, 0, 2, 426.33, 33961, 125, 0, 0
81, 0, 9, 81, 76, 3, 30.71%, 0, 0, 2, 428.26, 36145, 125, 0, 0
86, 0, 9, 81, 76, 3, 30.71%, 0, 0, 2, 453.68, 38479, 125, 0, 0
91, 0, 9, 82, 77, 3, 30.71%, 0, 0, 2, 442.21, 40688, 125, 0, 0
96, 0, 9, 82, 77, 3, 30.71%, 0, 0, 2, 430.15, 42848, 125, 0, 0
101, 0, 9, 82, 77, 3, 30.71%, 0, 0, 2, 436.48, 45112, 125, 0, 0
106, 0, 9, 83, 78, 3, 30.71%, 0, 0, 2, 445.28, 47359, 125, 0, 0
111, 0, 9, 83, 78, 3, 30.71%, 0, 0, 2, 434.31, 49599, 125, 0, 0
116, 0, 9, 84, 79, 3, 30.71%, 0, 0, 2, 421.64, 51734, 125, 0, 0
122, 0, 9, 84, 79, 3, 30.71%, 0, 0, 2, 492.43, 54304, 125, 0, 0
127, 0, 92, 175, 168, 37, 54.30%, 0, 0, 2, 487.45, 56830, 221, 0, 0
132, 0, 133, 175, 160, 32, 54.30%, 0, 0, 2, 459.99, 59096, 221, 0, 0
137, 0, 133, 180, 165, 32, 54.79%, 0, 0, 2, 455.02, 61361, 223, 0, 0
142, 0, 36, 190, 173, 32, 54.79%, 0, 0, 3, 466.44, 63688, 223, 0, 0
147, 0, 114, 202, 183, 31, 55.53%, 0, 0, 3, 450.48, 65953, 226, 0, 0
152, 0, 131, 208, 187, 31, 55.53%, 0, 0, 3, 455.30, 68240, 226, 0, 0
157, 0, 131, 208, 187, 31, 55.53%, 0, 0, 3, 417.08, 70327, 226, 0, 0
162, 0, 173, 209, 186, 29, 55.53%, 0, 0, 3, 449.97, 72608, 226, 0, 0
167, 0, 175, 221, 197, 30, 55.77%, 0, 0, 3, 440.26, 74847, 227, 0, 0
172, 0, 54, 221, 195, 28, 55.77%, 0, 0, 3, 436.03, 77039, 227, 0, 0
177, 0, 115, 221, 193, 26, 55.77%, 0, 0, 3, 449.63, 79381, 227, 0, 0
182, 0, 144, 252, 223, 25, 56.51%, 0, 0, 3, 437.96, 81614, 230, 0, 0
187, 0, 144, 255, 226, 25, 56.51%, 0, 0, 3, 459.87, 83941, 230, 0, 0
193, 0, 144, 257, 228, 25, 56.51%, 0, 0, 3, 433.79, 86055, 230, 0, 0
198, 0, 144, 260, 231, 25, 56.51%, 0, 0, 3, 425.66, 88188, 230, 0, 0
203, 0, 144, 260, 231, 25, 56.51%, 0, 0, 3, 443.65, 90456, 230, 0, 0
208, 0, 144, 262, 233, 25, 56.51%, 0, 0, 3, 429.08, 92578, 230, 0, 0
213, 0, 144, 263, 234, 25, 56.51%, 0, 0, 3, 433.44, 94729, 230, 0, 0
218, 0, 144, 263, 234, 25, 56.51%, 0, 0, 3, 424.11, 96889, 230, 0, 0
223, 0, 144, 268, 239, 25, 56.51%, 0, 0, 3, 453.59, 99143, 230, 0, 0
228, 0, 144, 268, 239, 25, 56.51%, 0, 0, 3, 443.12, 101396, 230, 0, 0
233, 0, 144, 268, 239, 25, 56.51%, 0, 0, 3, 453.75, 103715, 230, 0, 0
238, 0, 144, 269, 240, 25, 56.51%, 0, 0, 3, 456.65, 105990, 230, 0, 0
243, 0, 144, 270, 241, 25, 56.51%, 0, 0, 3, 454.54, 108221, 230, 0, 0
248, 0, 144, 270, 241, 25, 56.51%, 0, 0, 3, 434.29, 110427, 230, 0, 0
253, 0, 167, 273, 242, 24, 56.51%, 0, 0, 3, 418.78, 112519, 230, 0, 0
258, 0, 106, 275, 243, 23, 56.51%, 0, 0, 3, 438.22, 114770, 230, 0, 0
263, 0, 31, 277, 243, 21, 56.51%, 0, 0, 3, 429.39, 116964, 230, 0, 0
269, 0, 210, 290, 255, 20, 56.51%, 0, 0, 4, 432.80, 119167, 230, 0, 0
274, 0, 210, 296, 261, 20, 56.51%, 0, 0, 4, 431.61, 121313, 230, 0, 0
279, 0, 210, 297, 262, 20, 56.76%, 0, 0, 4, 428.94, 123433, 231, 0, 0
284, 0, 210, 298, 263, 20, 56.76%, 0, 0, 4, 445.67, 125738, 231, 0, 0
289, 0, 293, 299, 263, 21, 56.76%, 0, 0, 4, 427.72, 127895, 231, 0, 0
294, 0, 94, 302, 265, 20, 56.76%, 0, 0, 5, 433.09, 130134, 231, 0, 0
299, 0, 296, 306, 268, 20, 57.25%, 0, 0, 5, 441.16, 132368, 233, 0, 0
304, 0, 303, 306, 266, 18, 57.25%, 0, 0, 5, 471.87, 134746, 233, 0, 0
309, 0, 213, 307, 265, 16, 57.25%, 0, 0, 5, 447.76, 136990, 233, 0, 0
314, 0, 213, 307, 265, 16, 57.25%, 0, 0, 5, 447.01, 139305, 233, 0, 0
319, 0, 275, 307, 263, 15, 57.25%, 0, 0, 5, 455.61, 141605, 233, 0, 0
325, 0, 169, 307, 262, 14, 57.25%, 0, 0, 5, 428.51, 143793, 233, 0, 0
330, 0, 169, 307, 262, 14, 57.25%, 0, 0, 5, 427.55, 145953, 233, 0, 0
335, 0, 86, 309, 261, 11, 57.25%, 0, 0, 5, 447.18, 148176, 233, 0, 0
340, 0, 86, 309, 261, 11, 57.25%, 0, 0, 5, 394.86, 150178, 233, 0, 0
345, 0, 87, 309, 259, 9, 57.25%, 0, 0, 5, 396.05, 152138, 233, 0, 0
350, 0, 284, 309, 257, 7, 57.25%, 0, 0, 5, 439.50, 154414, 233, 0, 0
355, 0, 73, 311, 257, 7, 57.25%, 0, 0, 5, 452.40, 156746, 233, 0, 0
360, 0, 245, 312, 255, 4, 57.25%, 0, 0, 5, 433.81, 158914, 233, 0, 0
365, 0, 72, 312, 250, 1, 57.25%, 0, 0, 5, 454.42, 161244, 233, 0, 0
370, 0, 307, 312, 248, 0, 57.25%, 0, 0, 5, 465.82, 163624, 233, 0, 0
375, 0, 303, 313, 246, 0, 57.25%, 0, 0, 5, 457.95, 165952, 233, 0, 0
380, 0, 229, 313, 244, 0, 57.25%, 0, 0, 5, 492.45, 168441, 233, 0, 0
386, 0, 291, 314, 242, 0, 57.25%, 0, 0, 5, 443.22, 170725, 233, 0, 0
391, 0, 149, 314, 240, 0, 57.25%, 0, 0, 5, 454.00, 173027, 233, 0, 0
396, 0, 115, 314, 238, 0, 57.25%, 0, 0, 5, 442.50, 175260, 233, 0, 0
401, 0, 205, 314, 236, 0, 57.25%, 0, 0, 5, 447.52, 177557, 233, 0, 0
406, 0, 202, 314, 233, 0, 57.25%, 0, 0, 5, 451.72, 179858, 233, 0, 0
411, 0, 125, 315, 233, 0, 57.25%, 0, 0, 5, 455.03, 182218, 233, 0, 0
417, 0, 315, 316, 230, 1, 57.49%, 0, 0, 5, 6.78, 184284, 234, 0, 0
422, 0, 110, 317, 230, 0, 57.49%, 0, 0, 5, 449.82, 186482, 234, 0, 0
427, 0, 119, 317, 227, 0, 57.49%, 0, 0, 5, 469.68, 188753, 234, 0, 0
432, 0, 71, 317, 223, 0, 57.49%, 0, 0, 5, 453.21, 191021, 234, 0, 0
437, 0, 196, 317, 221, 0, 57.49%, 0, 0, 5, 442.63, 193276, 234, 0, 0
442, 0, 116, 317, 218, 0, 57.49%, 0, 0, 5, 416.20, 195383, 234, 0, 0
447, 0, 226, 317, 215, 0, 57.49%, 0, 0, 5, 432.15, 197527, 234, 0, 0
452, 0, 266, 318, 214, 0, 57.49%, 0, 0, 5, 446.79, 199855, 234, 0, 0
457, 0, 282, 318, 212, 0, 57.49%, 0, 0, 5, 470.53, 202242, 234, 0, 0
462, 0, 124, 318, 210, 0, 57.49%, 0, 0, 5, 441.07, 204441, 234, 0, 0
467, 0, 172, 319, 209, 0, 57.49%, 0, 0, 5, 459.45, 206782, 234, 0, 0
473, 0, 227, 321, 209, 0, 57.49%, 0, 0, 5, 456.88, 209102, 234, 0, 0
478, 0, 293, 321, 206, 0, 57.49%, 0, 0, 5, 474.09, 211463, 234, 0, 0
483, 0, 201, 321, 204, 0, 57.49%, 0, 0, 5, 437.65, 213680, 234, 0, 0
488, 0, 187, 321, 202, 0, 57.49%, 0, 0, 5, 473.71, 216106, 234, 0, 0
493, 0, 293, 321, 199, 0, 57.49%, 0, 0, 5, 440.93, 218280, 234, 0, 0
498, 0, 254, 321, 197, 0, 57.49%, 0, 0, 5, 441.90, 220523, 234, 0, 0
503, 0, 193, 325, 200, 0, 57.49%, 0, 0, 5, 446.94, 222791, 234, 0, 0
508, 0, 179, 326, 200, 0, 57.49%, 0, 0, 5, 463.57, 225150, 234, 0, 0
513, 0, 193, 327, 198, 0, 57.49%, 0, 0, 5, 432.40, 227310, 234, 0, 0
518, 0, 184, 327, 196, 0, 57.49%, 0, 0, 5, 444.08, 229562, 234, 0, 0
523, 0, 225, 327, 194, 0, 57.49%, 0, 0, 5, 437.44, 231755, 234, 0, 0
528, 0, 326, 328, 192, 0, 57.49%, 0, 0, 5, 437.86, 234011, 234, 0, 0
533, 0, 107, 329, 191, 0, 57.49%, 0, 0, 5, 419.67, 236134, 234, 0, 0
538, 0, 148, 329, 188, 0, 57.49%, 0, 0, 5, 445.58, 238450, 234, 0, 0
544, 0, 148, 339, 198, 0, 57.49%, 1, 0, 5, 446.09, 240672, 234, 1, 0
549, 0, 148, 340, 199, 0, 57.49%, 1, 0, 5, 431.15, 242839, 234, 1, 0
554, 0, 148, 340, 199, 0, 57.49%, 1, 0, 5, 445.88, 245095, 234, 1, 0
559, 0, 148, 340, 199, 0, 57.49%, 1, 0, 5, 427.26, 247239, 234, 1, 0
564, 0, 228, 340, 198, 0, 57.49%, 1, 0, 5, 431.07, 249441, 234, 1, 0
569, 0, 279, 343, 199, 0, 57.49%, 1, 0, 5, 434.38, 251733, 234, 1, 0
574, 0, 268, 343, 197, 0, 57.49%, 1, 0, 5, 453.65, 254001, 234, 1, 0
579, 0, 104, 343, 195, 0, 57.49%, 1, 0, 5, 439.86, 256164, 234, 1, 0
584, 0, 85, 343, 192, 0, 57.49%, 1, 0, 5, 461.92, 258543, 234, 1, 0
589, 0, 160, 345, 191, 0, 57.49%, 1, 0, 5, 459.35, 260966, 234, 1, 0
594, 0, 341, 345, 188, 0, 57.49%, 1, 0, 5, 473.63, 263326, 234, 1, 0
599, 0, 304, 350, 192, 0, 57.49%, 1, 0, 5, 443.07, 265492, 234, 1, 0
605, 0, 304, 352, 194, 0, 57.49%, 1, 0, 5, 456.83, 267776, 234, 1, 0
610, 0, 304, 352, 194, 0, 57.49%, 1, 0, 5, 436.76, 269946, 234, 1, 0
615, 0, 332, 352, 193, 0, 57.49%, 1, 0, 5, 435.71, 272154, 234, 1, 0
620, 0, 54, 352, 190, 0, 57.49%, 1, 0, 5, 431.10, 274369, 234, 1, 0
625, 1, 150, 352, 189, 0, 57.49%, 1, 0, 5, 415.23, 276471, 234, 1, 0
630, 1, 280, 352, 185, 0, 57.49%, 1, 0, 5, 450.05, 278806, 234, 1, 0
635, 1, 244, 353, 184, 0, 57.49%, 1, 0, 5, 449.36, 281106, 234, 1, 0
640, 1, 301, 354, 183, 0, 57.49%, 1, 0, 5, 346.64, 282883, 234, 1, 0
645, 1, 238, 354, 182, 0, 57.49%, 1, 0, 5, 316.69, 284360, 234, 1, 0
650, 1, 329, 354, 179, 0, 57.49%, 1, 0, 5, 298.14, 285898, 234, 1, 0
655, 1, 292, 354, 178, 0, 57.49%, 1, 0, 5, 310.57, 287470, 234, 1, 0
661, 1, 289, 357, 180, 0, 57.49%, 1, 0, 5, 317.09, 289096, 234, 1, 0
666, 1, 60, 358, 179, 0, 57.49%, 1, 0, 5, 283.70, 290543, 234, 1, 0
671, 1, 351, 358, 177, 0, 57.49%, 1, 0, 5, 302.99, 292086, 234, 1, 0
676, 1, 274, 358, 175, 0, 57.49%, 1, 0, 5, 306.24, 293686, 234, 1, 0
681, 1, 267, 358, 174, 0, 57.49%, 1, 0, 5, 290.70, 295181, 234, 1, 0
686, 1, 286, 358, 173, 0, 57.49%, 1, 0, 5, 285.48, 296601, 234, 1, 0
691, 1, 350, 359, 173, 0, 57.49%, 1, 0, 5, 281.16, 298070, 234, 1, 0
696, 1, 74, 359, 170, 0, 57.49%, 1, 0, 5, 308.28, 299663, 234, 1, 0
701, 1, 204, 360, 169, 0, 57.49%, 1, 0, 5, 364.84, 301549, 234, 1, 0
707, 1, 318, 361, 168, 0, 57.49%, 1, 0, 5, 401.90, 303695, 234, 1, 0
712, 1, 257, 361, 164, 0, 57.49%, 1, 0, 5, 399.64, 305777, 234, 1, 0
717, 1, 321, 361, 162, 0, 57.49%, 1, 0, 5, 366.75, 307625, 234, 1, 0
722, 1, 239, 361, 158, 0, 57.49%, 1, 0, 5, 377.20, 309537, 234, 1, 0
727, 1, 101, 361, 157, 0, 57.49%, 1, 0, 5, 360.17, 311320, 234, 1, 0
732, 1, 126, 361, 155, 0, 57.49%, 1, 0, 5, 363.67, 313164, 234, 1, 0
737, 1, 86, 361, 153, 0, 57.49%, 1, 0, 5, 357.16, 314976, 234, 1, 0
742, 1, 120, 361, 151, 0, 57.49%, 1, 0, 5, 348.71, 316705, 234, 1, 0
747, 1, 295, 361, 149, 0, 57.49%, 1, 0, 5, 369.05, 318537, 234, 1, 0
753, 1, 59, 362, 147, 0, 57.74%, 1, 0, 5, 350.96, 320323, 235, 1, 0
758, 1, 315, 362, 143, 0, 57.74%, 1, 0, 5, 328.31, 321938, 235, 1, 0
763, 1, 360, 362, 141, 0, 57.74%, 1, 0, 5, 337.59, 323693, 235, 1, 0
768, 1, 171, 363, 140, 0, 57.74%, 1, 0, 5, 313.19, 325364, 235, 1, 0
773, 1, 363, 365, 141, 1, 57.99%, 1, 0, 5, 333.01, 327061, 236, 1, 0
778, 1, 327, 365, 138, 0, 57.99%, 1, 0, 5, 404.78, 329144, 236, 1, 0
783, 1, 113, 365, 137, 0, 57.99%, 1, 0, 5, 436.43, 331356, 236, 1, 0
788, 1, 217, 365, 135, 0, 57.99%, 1, 0, 5, 464.03, 333738, 236, 1, 0
793, 1, 29, 365, 132, 0, 57.99%, 1, 0, 5, 443.52, 335989, 236, 1, 0
798, 1, 89, 366, 129, 0, 57.99%, 1, 0, 6, 436.21, 338212, 236, 1, 0
804, 1, 216, 368, 129, 0, 57.99%, 1, 0, 6, 406.03, 340255, 236, 1, 0
809, 1, 19, 368, 124, 0, 57.99%, 1, 0, 6, 429.14, 342483, 236, 1, 0
814, 1, 347, 368, 122, 0, 57.99%, 1, 0, 6, 436.94, 344791, 236, 1, 0
819, 1, 131, 368, 120, 0, 57.99%, 1, 0, 6, 434.05, 346978, 236, 1, 0
824, 1, 241, 368, 117, 0, 57.99%, 1, 0, 6, 448.51, 349248, 236, 1, 0
829, 1, 197, 368, 114, 0, 57.99%, 1, 0, 6, 461.75, 351560, 236, 1, 0
834, 1, 168, 368, 112, 0, 57.99%, 1, 0, 6, 487.04, 354024, 236, 1, 0
839, 1, 211, 368, 109, 0, 57.99%, 1, 0, 6, 476.45, 356419, 236, 1, 0
844, 1, 209, 370, 109, 0, 57.99%, 1, 0, 6, 473.93, 358862, 236, 1, 0
849, 1, 368, 370, 106, 0, 57.99%, 1, 0, 6, 469.08, 361261, 236, 1, 0
855, 1, 354, 370, 103, 0, 57.99%, 1, 0, 6, 464.16, 363583, 236, 1, 0
860, 1, 343, 370, 100, 0, 57.99%, 1, 0, 6, 470.66, 365981, 236, 1, 0
865, 1, 312, 370, 98, 0, 57.99%, 1, 0, 6, 475.18, 368350, 236, 1, 0
870, 1, 97, 370, 96, 0, 57.99%, 1, 0, 6, 475.77, 370832, 236, 1, 0
875, 1, 249, 370, 94, 0, 57.99%, 1, 0, 6, 467.10, 373158, 236, 1, 0
880, 1, 316, 370, 92, 0, 57.99%, 1, 0, 6, 447.34, 375417, 236, 1, 0
885, 1, 240, 372, 91, 0, 57.99%, 1, 0, 6, 460.95, 377789, 236, 1, 0
890, 1, 337, 373, 90, 0, 57.99%, 1, 0, 6, 448.77, 380098, 236, 1, 0
895, 1, 373, 376, 91, 1, 58.72%, 1, 0, 6, 448.08, 382386, 239, 1, 0
900, 1, 269, 377, 88, 0, 58.72%, 1, 0, 6, 454.57, 384743, 239, 1, 0
905, 1, 278, 377, 86, 0, 58.72%, 1, 0, 6, 444.14, 386984, 239, 1, 0
910, 1, 353, 377, 84, 0, 58.72%, 1, 0, 6, 451.79, 389323, 239, 1, 0
915, 1, 262, 377, 81, 0, 58.72%, 1, 0, 6, 482.83, 391758, 239, 1, 0
920, 1, 140, 378, 80, 0, 58.72%, 1, 0, 6, 462.96, 394073, 239, 1, 0
925, 1, 336, 378, 78, 0, 58.72%, 1, 0, 6, 471.07, 396459, 239, 1, 0
931, 1, 357, 378, 76, 0, 58.72%, 1, 0, 6, 460.01, 398764, 239, 1, 0
936, 1, 355, 378, 73, 0, 58.72%, 1, 0, 6, 442.40, 401012, 239, 1, 0
941, 1, 358, 378, 71, 0, 58.72%, 1, 0, 6, 453.06, 403297, 239, 1, 0
946, 1, 112, 379, 71, 0, 58.72%, 1, 0, 6, 436.77, 405463, 239, 1, 0
951, 1, 379, 380, 71, 1, 59.21%, 1, 0, 6, 442.11, 407793, 241, 1, 0
956, 1, 261, 380, 69, 0, 59.21%, 1, 0, 6, 435.55, 409959, 241, 1, 0
961, 1, 221, 380, 66, 0, 59.21%, 1, 0, 6, 453.42, 412305, 241, 1, 0
966, 1, 135, 380, 63, 0, 59.21%, 1, 0, 6, 433.02, 414501, 241, 1, 0
971, 1, 71, 381, 61, 0, 59.21%, 1, 0, 6, 460.21, 416840, 241, 1, 0
976, 1, 252, 381, 59, 0, 59.21%, 1, 0, 6, 445.52, 419056, 241, 1, 0
981, 1, 180, 381, 58, 0, 59.21%, 1, 0, 6, 456.44, 421406, 241, 1, 0
986, 1, 382, 383, 58, 1, 59.21%, 1, 0, 6, 459.18, 423718, 241, 1, 0
991, 1, 208, 383, 56, 0, 59.21%, 1, 0, 6, 444.89, 425992, 241, 1, 0
996, 1, 167, 383, 54, 0, 59.21%, 1, 0, 6, 456.40, 428335, 241, 1, 0
1001, 1, 378, 383, 53, 0, 59.21%, 1, 0, 6, 464.93, 430680, 241, 1, 0
1006, 1, 356, 383, 51, 0, 59.21%, 1, 0, 6, 469.67, 433063, 241, 1, 0
1011, 1, 299, 383, 49, 0, 59.21%, 1, 0, 6, 466.38, 435389, 241, 1, 0
1017, 1, 287, 384, 48, 0, 59.21%, 1, 0, 6, 476.63, 437825, 241, 1, 0
1022, 1, 285, 384, 45, 0, 59.21%, 1, 0, 6, 468.03, 440137, 241, 1, 0
1027, 2, 442, 455, 115, 15, 61.67%, 1, 0, 6, 448.25, 442368, 251, 1, 0
1032, 2, 432, 455, 113, 13, 61.67%, 1, 0, 6, 445.42, 444600, 251, 1, 0
1037, 2, 443, 455, 111, 11, 61.67%, 1, 0, 6, 433.68, 446772, 251, 1, 0
1042, 2, 443, 455, 111, 11, 61.67%, 1, 0, 6, 440.15, 448979, 251, 1, 0
1047, 2, 384, 455, 109, 9, 61.67%, 1, 0, 6, 445.32, 451195, 251, 1, 0
1052, 2, 435, 455, 107, 7, 61.67%, 1, 0, 6, 459.56, 453497, 251, 1, 0
1057, 2, 390, 455, 105, 5, 61.67%, 1, 0, 6, 458.70, 455829, 251, 1, 0
1062, 2, 452, 455, 101, 1, 61.67%, 2, 0, 6, 446.98, 458117, 251, 2, 0
1067, 2, 395, 455, 99, 0, 61.67%, 2, 0, 6, 464.89, 460474, 251, 2, 0
1072, 2, 20, 455, 97, 0, 61.67%, 2, 0, 6, 458.82, 462765, 251, 2, 0
1077, 2, 387, 455, 95, 0, 61.67%, 2, 0, 6, 446.09, 464970, 251, 3, 0
1082, 2, 429, 455, 92, 0, 61.67%, 2, 0, 6, 445.76, 467204, 251, 3, 0
1087, 2, 425, 455, 90, 0, 61.67%, 2, 0, 6, 447.93, 469447, 251, 3, 0
1093, 2, 385, 455, 88, 0, 61.67%, 2, 0, 6, 459.01, 471814, 251, 3, 0
1098, 2, 307, 455, 86, 0, 61.67%, 2, 0, 6, 479.03, 474241, 251, 3, 0
1103, 2, 245, 455, 84, 0, 61.67%, 2, 0, 6, 444.50, 476468, 251, 3, 0
1108, 2, 446, 455, 82, 0, 61.67%, 2, 0, 6, 464.01, 478801, 251, 3, 0
1113, 2, 92, 455, 81, 0, 61.67%, 3, 0, 6, 437.23, 480998, 251, 5, 0
1118, 2, 372, 456, 81, 0, 61.67%, 3, 0, 6, 414.78, 483096, 251, 5, 0
1123, 2, 75, 456, 79, 0, 61.67%, 3, 0, 6, 427.62, 485288, 251, 5, 0
1128, 2, 428, 456, 75, 0, 61.67%, 3, 0, 6, 449.99, 487603, 251, 5, 0
1133, 2, 399, 456, 73, 0, 61.67%, 3, 0, 6, 437.00, 489820, 251, 5, 0
1138, 2, 401, 457, 72, 0, 61.67%, 3, 0, 6, 459.16, 492119, 251, 5, 0
1143, 2, 315, 457, 70, 0, 61.67%, 3, 0, 6, 428.13, 494276, 251, 5, 0
1148, 2, 411, 457, 69, 0, 61.67%, 3, 0, 6, 421.07, 496327, 251, 5, 0
1153, 2, 456, 457, 67, 0, 61.67%, 3, 0, 6, 423.51, 498481, 251, 5, 0
1158, 2, 331, 457, 65, 0, 61.67%, 3, 0, 6, 421.62, 500581, 251, 5, 0
1163, 2, 342, 457, 63, 0, 61.67%, 3, 0, 6, 444.33, 502810, 251, 5, 0
1168, 2, 158, 457, 61, 0, 61.67%, 3, 0, 6, 436.14, 505023, 251, 5, 0
1174, 2, 448, 457, 60, 0, 61.67%, 4, 0, 6, 445.64, 507259, 251, 7, 0
1179, 2, 417, 457, 58, 0, 61.67%, 5, 0, 6, 445.08, 509497, 251, 9, 0
1184, 2, 406, 457, 56, 0, 61.67%, 5, 0, 6, 456.02, 511806, 251, 9, 0
1189, 2, 430, 457, 53, 0, 61.67%, 5, 0, 6, 469.55, 514240, 251, 9, 0
1194, 2, 94, 457, 50, 0, 61.67%, 5, 0, 6, 467.54, 516591, 251, 13, 0
1199, 2, 13, 457, 49, 0, 61.67%, 5, 0, 6, 436.95, 518770, 251, 13, 0
1204, 2, 87, 457, 47, 0, 61.67%, 5, 0, 6, 440.95, 520962, 251, 13, 0
1209, 2, 175, 457, 45, 0, 61.67%, 5, 0, 6, 437.15, 523212, 251, 13, 0
1214, 2, 328, 458, 46, 0, 61.67%, 5, 0, 6, 436.50, 525403, 251, 13, 0
1219, 2, 227, 458, 44, 0, 61.67%, 5, 0, 6, 437.86, 527669, 251, 13, 0
1224, 2, 54, 458, 42, 0, 61.67%, 5, 0, 6, 458.86, 529983, 251, 13, 0
1229, 2, 445, 458, 42, 0, 61.67%, 5, 0, 6, 442.22, 532175, 251, 15, 0
1234, 2, 328, 458, 41, 0, 61.67%, 5, 0, 6, 424.03, 534280, 251, 15, 0
1240, 2, 317, 458, 40, 0, 61.67%, 5, 0, 6, 469.71, 536755, 251, 15, 0
1245, 2, 227, 458, 37, 0, 61.67%, 5, 0, 6, 469.00, 539116, 251, 15, 0
1250, 2, 398, 458, 37, 0, 61.67%, 5, 0, 6, 440.32, 541314, 251, 15, 0
1255, 2, 156, 458, 36, 0, 61.67%, 5, 0, 6, 452.12, 543624, 251, 16, 0
1260, 2, 155, 458, 34, 0, 61.67%, 5, 0, 6, 454.36, 545898, 251, 19, 0
1265, 2, 352, 458, 33, 0, 61.67%, 5, 0, 6, 428.10, 548002, 251, 19, 0
1270, 2, 227, 458, 31, 0, 61.67%, 5, 0, 6, 424.88, 550224, 251, 19, 0
1275, 2, 443, 458, 30, 0, 61.67%, 5, 0, 6, 440.93, 552453, 251, 19, 0
1280, 2, 193, 458, 29, 0, 61.67%, 5, 0, 6, 434.25, 554639, 251, 20, 0
1285, 2, 186, 458, 29, 0, 61.67%, 5, 0, 6, 406.89, 556670, 251, 20, 0
1290, 2, 193, 458, 28, 0, 61.67%, 6, 0, 6, 460.90, 559028, 251, 25, 0
1295, 2, 453, 458, 27, 0, 61.67%, 6, 0, 6, 443.70, 561248, 251, 25, 0
1300, 2, 421, 459, 27, 0, 61.67%, 6, 0, 6, 425.18, 563422, 251, 25, 0
1305, 2, 418, 459, 25, 0, 61.67%, 6, 0, 6, 457.29, 565818, 251, 25, 0
1310, 2, 432, 459, 23, 0, 61.67%, 6, 0, 6, 449.02, 568039, 251, 25, 0
1315, 2, 426, 459, 22, 0, 61.67%, 6, 0, 6, 462.82, 570367, 251, 25, 0
1321, 2, 72, 459, 20, 0, 61.67%, 6, 0, 6, 451.68, 572674, 251, 25, 0
1326, 2, 432, 459, 18, 0, 61.67%, 6, 0, 6, 432.76, 574901, 251, 25, 0
1331, 2, 193, 459, 17, 0, 61.67%, 7, 0, 6, 458.43, 577223, 251, 29, 0
1336, 3, 465, 466, 23, 1, 62.16%, 7, 0, 6, 440.62, 579471, 253, 29, 0
1341, 3, 463, 467, 23, 0, 62.16%, 7, 0, 6, 449.98, 581767, 253, 29, 0
1346, 3, 94, 467, 21, 0, 62.16%, 7, 0, 6, 442.75, 583943, 253, 29, 0
1351, 3, 28, 467, 20, 0, 62.16%, 7, 0, 6, 448.79, 586242, 253, 31, 0
1356, 3, 415, 468, 18, 0, 62.16%, 7, 0, 6, 447.00, 588551, 253, 31, 0
1361, 3, 138, 468, 16, 0, 62.16%, 7, 0, 6, 469.35, 590955, 253, 31, 0
1366, 3, 250, 468, 15, 0, 62.16%, 7, 0, 6, 462.26, 593255, 253, 31, 0
1371, 3, 174, 468, 14, 0, 62.16%, 7, 0, 6, 464.40, 595657, 253, 31, 0
1377, 3, 384, 468, 13, 0, 62.16%, 7, 0, 6, 470.96, 598110, 253, 31, 0
1382, 3, 460, 468, 13, 0, 62.16%, 8, 0, 6, 477.89, 600438, 253, 32, 0
1387, 3, 83, 468, 12, 0, 62.16%, 8, 0, 6, 439.22, 602717, 253, 36, 0
1392, 3, 288, 468, 12, 0, 62.16%, 9, 0, 6, 460.41, 605112, 253, 38, 0
1397, 3, 449, 468, 11, 0, 62.16%, 9, 0, 6, 455.65, 607446, 253, 38, 0
1402, 3, 461, 468, 10, 0, 62.16%, 9, 0, 6, 463.47, 609762, 253, 38, 0
1407, 3, 447, 468, 9, 0, 62.16%, 9, 0, 6, 451.59, 612060, 253, 41, 0
1412, 3, 293, 468, 9, 0, 62.16%, 9, 0, 6, 440.77, 614210, 253, 41, 0
1417, 3, 392, 468, 8, 0, 62.16%, 9, 0, 6, 477.28, 616603, 253, 41, 0
1422, 3, 467, 468, 7, 0, 62.16%, 9, 0, 6, 440.62, 618794, 253, 41, 0
1427, 3, 442, 468, 7, 0, 62.16%, 9, 0, 6, 458.94, 621069, 253, 45, 0
1432, 3, 71, 469, 7, 0, 62.16%, 9, 0, 6, 463.52, 623414, 253, 45, 0
1437, 3, 83, 469, 7, 0, 62.16%, 9, 0, 6, 455.22, 625726, 253, 45, 0
1442, 3, 127, 469, 7, 0, 62.16%, 9, 0, 6, 491.72, 628215, 253, 46, 0
1448, 3, 293, 469, 7, 0, 62.16%, 9, 0, 6, 475.35, 630556, 253, 46, 0
1453, 3, 252, 469, 7, 0, 62.16%, 9, 0, 6, 447.76, 632785, 253, 46, 0
1458, 3, 449, 469, 7, 0, 62.16%, 9, 0, 6, 443.07, 635047, 253, 46, 0
1463, 3, 328, 469, 7, 0, 62.16%, 9, 0, 6, 460.47, 637447, 253, 46, 0
1468, 3, 414, 469, 7, 0, 62.16%, 9, 0, 6, 433.94, 639601, 253, 46, 0
1473, 3, 403, 469, 7, 0, 62.16%, 9, 0, 6, 448.62, 641856, 253, 46, 0
1478, 3, 185, 469, 7, 0, 62.16%, 9, 0, 6, 475.20, 644267, 253, 48, 0
1483, 3, 463, 469, 6, 0, 62.16%, 9, 0, 6, 452.15, 646508, 253, 48, 0
1488, 3, 193, 469, 6, 0, 62.16%, 9, 0, 6, 457.40, 648930, 253, 48, 0
1493, 4, 94, 469, 5, 0, 62.16%, 9, 0, 6, 488.23, 651380, 253, 51, 0
1498, 4, 468, 470, 6, 0, 63.39%, 9, 0, 6, 478.23, 653756, 258, 51, 0
1503, 4, 127, 470, 4, 0, 63.39%, 9, 0, 6, 452.12, 656071, 258, 55, 0
1509, 4, 22, 470, 4, 0, 63.39%, 9, 0, 6, 448.18, 658345, 258, 57, 0
1514, 4, 10, 470, 4, 0, 63.39%, 9, 0, 6, 476.34, 660700, 258, 58, 0
1519, 4, 375, 470, 4, 0, 63.39%, 9, 0, 6, 436.63, 662858, 258, 58, 0
1524, 4, 227, 470, 4, 0, 63.39%, 9, 0, 6, 435.39, 665045, 258, 65, 0
1529, 4, 174, 470, 4, 0, 63.39%, 9, 0, 6, 455.85, 667365, 258, 67, 0
1534, 4, 449, 470, 4, 0, 63.39%, 9, 0, 6, 466.29, 669740, 258, 67, 0
1539, 4, 469, 471, 5, 0, 63.39%, 9, 0, 6, 467.79, 672149, 258, 69, 0
1544, 4, 94, 471, 4, 0, 63.39%, 9, 0, 6, 442.64, 674402, 258, 69, 0
1549, 4, 116, 471, 4, 0, 63.39%, 9, 0, 6, 457.99, 676712, 258, 69, 0
1554, 4, 470, 471, 4, 0, 63.39%, 9, 0, 6, 444.55, 678999, 258, 69, 0
1559, 4, 315, 471, 4, 0, 63.39%, 9, 0, 6, 441.48, 681229, 258, 69, 0
1564, 4, 467, 471, 4, 0, 63.39%, 9, 0, 6, 456.42, 683491, 258, 70, 0
1569, 4, 203, 471, 4, 0, 63.39%, 9, 0, 6, 420.19, 685618, 258, 70, 0
1574, 4, 32, 471, 4, 0, 63.39%, 9, 0, 6, 459.21, 687989, 258, 70, 0
1579, 4, 404, 471, 4, 0, 63.39%, 9, 0, 6, 454.50, 690278, 258, 70, 0
1584, 4, 414, 471, 4, 0, 63.39%, 9, 0, 6, 445.01, 692525, 258, 70, 0
1590, 4, 470, 471, 4, 0, 63.39%, 9, 0, 6, 451.02, 694857, 258, 72, 0
1595, 4, 96, 471, 4, 0, 63.39%, 9, 0, 6, 451.11, 697072, 258, 73, 0
1600, 4, 326, 471, 4, 0, 63.39%, 9, 0, 6, 413.70, 699101, 258, 73, 0
1605, 4, 54, 471, 4, 0, 63.39%, 9, 0, 6, 438.91, 701351, 258, 75, 0
1610, 4, 470, 472, 5, 0, 63.39%, 9, 0, 6, 438.98, 703590, 258, 75, 0
1615, 4, 471, 472, 5, 1, 63.39%, 9, 0, 6, 454.30, 705905, 258, 75, 0
1620, 4, 443, 473, 5, 0, 63.39%, 9, 0, 6, 418.17, 708089, 258, 75, 0
1625, 4, 384, 473, 5, 0, 63.39%, 9, 0, 6, 447.36, 710387, 258, 75, 0
1630, 4, 471, 474, 6, 0, 63.39%, 9, 0, 6, 457.63, 712695, 258, 75, 0
1635, 4, 472, 474, 6, 0, 63.39%, 9, 0, 6, 452.76, 714987, 258, 75, 0
1640, 4, 471, 474, 4, 0, 63.39%, 9, 0, 6, 454.06, 717299, 258, 75, 0
1645, 4, 175, 474, 4, 0, 63.39%, 9, 0, 6, 452.72, 719550, 258, 75, 0
1650, 4, 384, 474, 4, 0, 63.39%, 9, 0, 6, 414.77, 721644, 258, 75, 0
1656, 5, 474, 483, 13, 2, 63.88%, 9, 0, 6, 439.69, 723898, 260, 75, 0
1661, 5, 479, 483, 12, 1, 63.88%, 9, 0, 6, 443.56, 726182, 260, 75, 0
1666, 5, 193, 483, 11, 0, 63.88%, 9, 0, 6, 425.20, 728326, 260, 75, 0
1671, 5, 479, 483, 10, 0, 63.88%, 9, 0, 6, 461.27, 730743, 260, 75, 0
1676, 5, 15, 483, 10, 0, 63.88%, 9, 0, 6, 457.10, 733078, 260, 75, 0
1681, 5, 477, 483, 9, 0, 63.88%, 9, 0, 6, 466.21, 735344, 260, 75, 0
1686, 5, 174, 483, 7, 0, 63.88%, 9, 0, 6, 444.54, 737578, 260, 77, 0
1691, 5, 54, 483, 7, 0, 63.88%, 9, 0, 6, 441.12, 739837, 260, 77, 0
1696, 5, 133, 483, 6, 0, 63.88%, 9, 0, 6, 434.00, 742012, 260, 79, 0
1701, 5, 400, 483, 6, 0, 63.88%, 9, 0, 6, 449.41, 744201, 260, 79, 0
1706, 5, 290, 483, 6, 0, 63.88%, 9, 0, 6, 442.73, 746444, 260, 80, 0
1711, 5, 475, 483, 6, 0, 63.88%, 9, 0, 6, 430.11, 748603, 260, 80, 0
1716, 5, 473, 483, 5, 0, 63.88%, 9, 0, 6, 466.67, 751049, 260, 80, 0
1721, 5, 167, 484, 5, 0, 63.88%, 9, 0, 7, 453.52, 753356, 260, 80, 0
1726, 5, 174, 484, 5, 0, 63.88%, 9, 0, 7, 446.27, 755661, 260, 80, 0
1732, 5, 483, 484, 5, 0, 63.88%, 9, 0, 7, 455.03, 757996, 260, 80, 0
1737, 5, 427, 484, 4, 0, 63.88%, 9, 0, 7, 428.60, 760118, 260, 80, 0
1742, 5, 115, 484, 4, 0, 63.88%, 9, 0, 7, 441.58, 762524, 260, 80, 0
1747, 5, 174, 484, 4, 0, 63.88%, 9, 0, 7, 492.64, 765045, 260, 80, 0
1752, 5, 328, 484, 4, 0, 63.88%, 9, 0, 7, 439.83, 767213, 260, 80, 0
1757, 5, 236, 484, 3, 0, 63.88%, 9, 0, 7, 472.92, 769627, 260, 80, 0
1762, 5, 293, 484, 3, 0, 63.88%, 9, 0, 7, 471.41, 771980, 260, 82, 0
1767, 5, 463, 484, 3, 0, 63.88%, 9, 0, 7, 466.39, 774368, 260, 82, 0
1772, 5, 443, 484, 2, 0, 63.88%, 9, 0, 7, 455.03, 776652, 260, 84, 0
1778, 5, 182, 484, 2, 0, 63.88%, 9, 0, 7, 427.05, 778733, 260, 86, 0
1783, 5, 384, 484, 2, 0, 63.88%, 10, 0, 7, 429.48, 780931, 260, 88, 0
1788, 5, 193, 484, 2, 0, 63.88%, 10, 0, 7, 435.83, 783137, 260, 89, 0
1793, 5, 471, 484, 2, 0, 63.88%, 10, 0, 7, 427.22, 785269, 260, 92, 0
1798, 5, 54, 484, 2, 0, 63.88%, 10, 0, 7, 448.65, 787476, 260, 92, 0
1800, 5, 290, 484, 2, 0, 63.88%, 10, 0, 7, 455.07, 788565, 260, 94, 0
