# relative_time, cycles_done, cur_item, corpus_count, pending_total, pending_favs, map_size, saved_crashes, saved_hangs, max_depth, execs_per_sec, total_execs, edges_found, total_crashes, servers_count
60, 0, 0, 27, 22, 5, 22.11%, 0, 0, 2, 437.17, 28411, 90, 0, 0
65, 0, 0, 27, 22, 5, 22.11%, 0, 0, 2, 459.01, 30780, 90, 0, 0
70, 0, 0, 27, 22, 5, 22.11%, 0, 0, 2, 445.95, 33039, 90, 0, 0
76, 0, 0, 27, 22, 5, 22.11%, 0, 0, 2, 426.68, 35251, 90, 0, 0
81, 0, 0, 27, 22, 5, 22.11%, 0, 0, 2, 443.25, 37507, 90, 0, 0
86, 0, 0, 27, 22, 5, 22.11%, 0, 0, 2, 433.79, 39739, 90, 0, 0
91, 0, 0, 27, 22, 5, 22.11%, 0, 0, 2, 446.20, 42039, 90, 0, 0
96, 0, 0, 27, 22, 5, 22.11%, 0, 0, 2, 425.78, 44195, 90, 0, 0
101, 0, 0, 27, 22, 5, 22.11%, 0, 0, 2, 419.36, 46307, 90, 0, 0
106, 0, 0, 27, 22, 5, 22.11%, 0, 0, 2, 431.42, 48531, 90, 0, 0
111, 0, 0, 27, 22, 5, 22.11%, 0, 0, 2, 443.17, 50796, 90, 0, 0
116, 0, 3, 103, 97, 4, 46.68%, 0, 0, 2, 447.27, 53081, 190, 0, 0
121, 0, 8, 163, 156, 43, 48.40%, 0, 0, 2, 418.81, 55142, 197, 0, 0
127, 0, 8, 163, 156, 43, 48.40%, 0, 0, 2, 465.80, 57452, 197, 0, 0
132, 0, 8, 163, 156, 43, 48.40%, 0, 0, 2, 438.47, 59694, 197, 0, 0
137, 0, 20, 163, 146, 34, 48.40%, 0, 0, 2, 451.03, 61977, 197, 0, 0
142, 0, 26, 176, 155, 31, 48.40%, 0, 0, 3, 443.87, 64192, 197, 0, 0
147, 0, 29, 182, 159, 32, 49.14%, 0, 0, 3, 453.93, 66451, 200, 0, 0
152, 0, 42, 184, 155, 26, 49.39%, 0, 0, 3, 448.57, 68666, 201, 0, 0
157, 0, 47, 186, 154, 24, 49.39%, 0, 0, 3, 459.80, 70992, 201, 0, 0
162, 0, 51, 196, 163, 23, 49.63%, 0, 0, 3, 402.28, 72968, 202, 0, 0
167, 0, 58, 199, 164, 23, 49.88%, 0, 0, 3, 425.78, 75123, 203, 0, 0
172, 0, 86, 228, 189, 21, 50.61%, 0, 0, 3, 427.84, 77327, 206, 0, 0
177, 0, 86, 237, 198, 21, 51.11%, 0, 0, 3, 405.74, 79383, 208, 0, 0
182, 0, 86, 240, 201, 21, 51.11%, 0, 0, 3, 455.91, 81860, 208, 0, 0
187, 0, 86, 244, 205, 21, 51.11%, 0, 0, 3, 445.48, 84080, 208, 0, 0
193, 0, 86, 244, 205, 21, 51.11%, 0, 0, 3, 455.55, 86421, 208, 0, 0
198, 0, 86, 247, 208, 21, 51.11%, 0, 0, 3, 436.75, 88573, 208, 0, 0
203, 0, 86, 248, 209, 21, 51.11%, 0, 0, 3, 432.53, 90804, 208, 0, 0
208, 0, 86, 248, 209, 21, 51.11%, 1, 0, 3, 442.55, 93060, 208, 1, 0
213, 0, 86, 248, 209, 21, 51.11%, 1, 0, 3, 434.89, 95340, 208, 1, 0
218, 0, 86, 250, 211, 21, 51.11%, 1, 0, 3, 418.98, 97450, 208, 1, 0
223, 0, 86, 251, 212, 21, 51.11%, 1, 0, 3, 439.20, 99769, 208, 1, 0
228, 0, 86, 251, 212, 21, 51.11%, 1, 0, 3, 445.36, 101969, 208, 1, 0
233, 0, 86, 251, 212, 21, 51.11%, 1, 0, 3, 452.90, 104225, 208, 1, 0
238, 0, 86, 251, 212, 21, 51.11%, 1, 0, 3, 461.97, 106486, 208, 1, 0
243, 0, 86, 251, 212, 21, 51.11%, 1, 0, 3, 439.82, 108689, 208, 1, 0
248, 0, 86, 251, 212, 21, 51.11%, 1, 0, 3, 461.80, 111004, 208, 1, 0
254, 0, 86, 251, 212, 21, 51.11%, 1, 0, 3, 458.69, 113326, 208, 1, 0
259, 0, 86, 251, 212, 21, 51.11%, 1, 0, 3, 414.56, 115321, 208, 1, 0
264, 0, 116, 256, 214, 21, 51.11%, 1, 0, 3, 421.13, 117444, 208, 1, 0
269, 0, 138, 258, 212, 17, 51.11%, 1, 0, 3, 419.35, 119623, 208, 1, 0
274, 0, 149, 260, 212, 15, 51.11%, 1, 0, 3, 435.83, 121777, 208, 1, 0
279, 0, 149, 264, 216, 15, 51.11%, 1, 0, 3, 440.72, 123982, 208, 1, 0
284, 0, 149, 264, 216, 15, 51.11%, 1, 0, 3, 419.35, 126054, 208, 1, 0
289, 0, 149, 266, 218, 15, 51.11%, 1, 0, 3, 448.08, 128316, 208, 1, 0
294, 0, 149, 266, 218, 15, 51.11%, 1, 0, 3, 433.19, 130484, 208, 1, 0
299, 0, 149, 267, 219, 15, 51.11%, 1, 0, 3, 424.25, 132667, 208, 1, 0
304, 0, 149, 268, 220, 15, 51.11%, 1, 0, 3, 428.47, 134850, 208, 1, 0
309, 0, 149, 268, 220, 15, 51.11%, 1, 0, 3, 455.57, 137124, 208, 1, 0
314, 0, 149, 268, 220, 15, 51.11%, 1, 0, 3, 438.31, 139306, 208, 1, 0
319, 0, 149, 269, 221, 15, 51.11%, 1, 0, 3, 435.92, 141521, 208, 1, 0
324, 0, 149, 269, 221, 15, 51.11%, 1, 0, 3, 447.41, 143785, 208, 1, 0
329, 0, 149, 270, 222, 15, 51.11%, 1, 0, 3, 425.83, 145920, 208, 1, 0
334, 0, 149, 270, 222, 15, 51.11%, 1, 0, 3, 479.93, 148352, 208, 1, 0
339, 0, 149, 270, 222, 15, 51.11%, 1, 0, 3, 451.42, 150611, 208, 1, 0
345, 0, 149, 270, 222, 15, 51.11%, 1, 0, 3, 446.81, 152960, 208, 1, 0
350, 0, 149, 270, 222, 15, 51.11%, 1, 0, 3, 445.00, 155304, 208, 1, 0
355, 0, 149, 270, 222, 15, 51.11%, 1, 0, 3, 441.40, 157576, 208, 1, 0
360, 0, 149, 270, 222, 15, 51.11%, 1, 0, 3, 474.87, 159962, 208, 1, 0
365, 0, 179, 274, 220, 10, 51.11%, 1, 0, 3, 452.44, 162217, 208, 1, 0
370, 0, 198, 282, 223, 5, 51.11%, 1, 0, 3, 445.59, 164399, 208, 1, 0
375, 0, 198, 286, 227, 5, 51.11%, 1, 0, 3, 459.32, 166713, 208, 1, 0
380, 0, 235, 287, 224, 3, 51.11%, 1, 0, 3, 466.04, 169032, 208, 1, 0
385, 1, 287, 288, 218, 1, 51.35%, 1, 0, 3, 450.18, 171261, 209, 1, 0
390, 2, 314, 387, 312, 6, 58.72%, 1, 0, 3, 445.67, 173607, 239, 1, 0
395, 2, 351, 389, 310, 2, 58.72%, 1, 0, 3, 453.18, 175850, 239, 1, 0
400, 2, 355, 389, 309, 1, 58.72%, 1, 0, 3, 419.98, 177989, 239, 1, 0
406, 2, 376, 389, 302, 0, 58.72%, 1, 0, 3, 430.70, 180198, 239, 1, 0
411, 3, 47, 393, 299, 0, 58.72%, 1, 0, 3, 445.03, 182482, 239, 1, 0
416, 3, 119, 393, 287, 0, 58.72%, 1, 0, 3, 464.67, 184910, 239, 1, 0
421, 3, 183, 393, 276, 0, 58.72%, 1, 0, 3, 420.99, 187058, 239, 1, 0
426, 3, 229, 393, 264, 0, 58.72%, 1, 0, 3, 449.09, 189552, 239, 1, 0
431, 3, 284, 393, 247, 0, 58.72%, 1, 0, 3, 422.17, 191675, 239, 1, 0
436, 3, 326, 393, 238, 0, 58.72%, 1, 0, 3, 436.33, 193974, 239, 1, 0
441, 3, 352, 393, 230, 0, 58.72%, 1, 0, 3, 459.71, 196342, 239, 1, 0
446, 3, 353, 397, 233, 0, 58.72%, 1, 0, 3, 426.02, 198459, 239, 1, 0
451, 3, 353, 398, 234, 0, 58.72%, 1, 0, 3, 413.07, 200538, 239, 1, 0
456, 3, 353, 400, 236, 0, 58.72%, 1, 0, 3, 437.06, 202848, 239, 1, 0
462, 3, 353, 400, 236, 0, 58.72%, 1, 0, 3, 462.58, 205240, 239, 1, 0
467, 3, 353, 400, 236, 0, 58.72%, 1, 0, 3, 472.87, 207625, 239, 1, 0
472, 3, 399, 401, 236, 1, 58.72%, 1, 0, 3, 479.81, 209983, 239, 1, 0
477, 4, 52, 402, 232, 0, 58.72%, 1, 0, 3, 480.20, 212373, 239, 1, 0
482, 4, 126, 402, 221, 0, 58.72%, 1, 0, 3, 447.09, 214635, 239, 1, 0
487, 4, 196, 402, 208, 0, 58.72%, 1, 0, 3, 441.89, 216937, 239, 1, 0
492, 4, 288, 402, 199, 0, 58.72%, 1, 0, 3, 463.80, 219269, 239, 1, 0
497, 4, 330, 402, 190, 0, 58.72%, 1, 0, 3, 435.62, 221518, 239, 1, 0
502, 5, 11, 404, 186, 0, 58.72%, 1, 0, 3, 409.36, 223578, 239, 1, 0
507, 5, 230, 405, 184, 1, 58.72%, 1, 0, 3, 435.95, 225826, 239, 1, 0
512, 6, 20, 407, 181, 0, 58.72%, 1, 0, 3, 457.43, 228066, 239, 1, 0
517, 6, 88, 407, 172, 0, 58.72%, 1, 0, 3, 439.00, 230265, 239, 1, 0
522, 6, 138, 408, 163, 0, 58.72%, 1, 0, 3, 437.42, 232468, 239, 1, 0
528, 6, 209, 408, 156, 0, 58.72%, 1, 0, 3, 417.03, 234593, 239, 1, 0
533, 6, 295, 408, 146, 0, 58.72%, 1, 0, 3, 433.81, 236789, 239, 1, 0
538, 6, 354, 409, 141, 0, 58.72%, 1, 0, 3, 429.01, 238908, 239, 1, 0
543, 6, 396, 411, 139, 0, 58.72%, 1, 0, 3, 434.98, 241124, 239, 1, 0
548, 6, 408, 412, 135, 0, 58.72%, 1, 0, 3, 431.94, 243379, 239, 1, 0
553, 7, 413, 415, 134, 2, 58.97%, 1, 0, 3, 440.56, 245667, 240, 1, 0
558, 8, 52, 415, 131, 0, 58.97%, 1, 0, 3, 447.36, 247959, 240, 1, 0
563, 8, 138, 415, 124, 0, 58.97%, 1, 0, 3, 438.68, 250185, 240, 1, 0
568, 8, 206, 416, 118, 0, 58.97%, 1, 0, 3, 420.75, 252240, 240, 1, 0
573, 8, 318, 416, 112, 0, 58.97%, 1, 0, 3, 443.90, 254517, 240, 1, 0
578, 8, 346, 416, 106, 0, 58.97%, 1, 0, 3, 429.74, 256733, 240, 1, 0
583, 8, 399, 416, 97, 0, 58.97%, 1, 0, 3, 444.89, 258967, 240, 1, 0
588, 8, 415, 416, 96, 0, 58.97%, 1, 0, 3, 444.93, 261181, 240, 1, 0
594, 9, 90, 416, 90, 0, 58.97%, 1, 0, 3, 462.54, 263624, 240, 1, 0
599, 9, 157, 416, 83, 0, 58.97%, 1, 0, 3, 468.26, 265939, 240, 1, 0
604, 10, 35, 417, 83, 0, 59.21%, 1, 0, 3, 441.30, 268146, 241, 1, 0
609, 10, 120, 417, 80, 0, 59.21%, 2, 0, 3, 428.98, 270298, 241, 4, 0
614, 10, 211, 417, 76, 0, 59.21%, 2, 0, 3, 430.34, 272559, 241, 4, 0
619, 10, 319, 418, 68, 0, 59.21%, 2, 0, 4, 419.22, 274741, 241, 4, 0
624, 10, 399, 418, 60, 0, 59.21%, 2, 0, 4, 445.66, 277063, 241, 4, 0
629, 11, 224, 419, 59, 1, 59.46%, 2, 0, 4, 412.62, 279131, 242, 4, 0
635, 12, 66, 420, 59, 0, 59.46%, 2, 0, 4, 449.94, 281394, 242, 4, 0
640, 12, 196, 420, 55, 0, 59.46%, 2, 0, 4, 449.43, 283678, 242, 5, 0
645, 12, 246, 420, 54, 0, 59.46%, 2, 0, 4, 400.04, 285673, 242, 5, 0
650, 12, 310, 421, 53, 0, 59.46%, 2, 0, 4, 286.49, 286961, 242, 5, 0
655, 12, 375, 421, 50, 0, 59.46%, 2, 0, 4, 290.94, 288462, 242, 5, 0
660, 12, 414, 421, 47, 0, 59.46%, 2, 0, 4, 291.03, 289897, 242, 5, 0
665, 13, 315, 422, 48, 1, 59.71%, 2, 0, 4, 324.87, 291563, 243, 5, 0
670, 14, 272, 423, 48, 1, 59.95%, 2, 0, 4, 293.79, 293067, 244, 5, 0
675, 15, 33, 424, 47, 0, 59.95%, 2, 0, 4, 284.24, 294481, 244, 5, 0
680, 15, 116, 425, 48, 0, 59.95%, 2, 0, 4, 320.89, 296137, 244, 5, 0
685, 15, 171, 425, 47, 0, 59.95%, 2, 0, 4, 295.57, 297613, 244, 6, 0
691, 15, 221, 426, 48, 0, 59.95%, 2, 0, 4, 294.39, 299073, 244, 6, 0
696, 15, 281, 426, 47, 0, 59.95%, 2, 0, 4, 297.82, 300578, 244, 6, 0
701, 15, 355, 426, 45, 0, 59.95%, 2, 0, 4, 301.37, 302052, 244, 6, 0
706, 15, 421, 426, 44, 0, 59.95%, 2, 0, 4, 327.82, 303706, 244, 6, 0
711, 16, 67, 426, 44, 0, 59.95%, 2, 0, 4, 383.13, 305783, 244, 6, 0
716, 16, 168, 426, 43, 0, 59.95%, 2, 0, 4, 382.83, 307767, 244, 8, 0
721, 16, 241, 426, 40, 0, 59.95%, 2, 0, 4, 352.56, 309578, 244, 8, 0
726, 16, 307, 426, 35, 0, 59.95%, 2, 0, 4, 354.21, 311372, 244, 8, 0
731, 16, 399, 426, 32, 0, 59.95%, 2, 0, 4, 370.33, 313250, 244, 8, 0
737, 16, 426, 427, 31, 0, 59.95%, 2, 0, 4, 362.03, 315115, 244, 8, 0
742, 17, 67, 427, 30, 0, 59.95%, 2, 0, 4, 365.78, 317006, 244, 8, 0
747, 17, 405, 428, 31, 1, 60.20%, 3, 0, 4, 348.81, 318798, 245, 10, 0
752, 18, 42, 428, 29, 0, 60.20%, 3, 0, 4, 341.85, 320552, 245, 10, 0
757, 18, 138, 429, 30, 0, 60.44%, 3, 0, 4, 344.42, 322403, 246, 11, 0
762, 18, 428, 430, 31, 1, 60.69%, 3, 0, 4, 333.83, 324082, 247, 11, 0
767, 19, 33, 430, 29, 0, 60.69%, 4, 0, 4, 333.30, 325779, 247, 14, 0
772, 19, 120, 431, 29, 0, 60.69%, 4, 0, 4, 332.12, 327543, 247, 15, 0
777, 19, 209, 431, 29, 0, 60.69%, 5, 0, 4, 324.85, 329207, 247, 16, 0
782, 19, 311, 431, 26, 0, 60.69%, 5, 0, 4, 360.29, 331044, 247, 16, 0
788, 19, 390, 431, 21, 0, 60.69%, 5, 0, 4, 390.60, 333089, 247, 16, 0
793, 19, 427, 431, 19, 0, 60.69%, 5, 0, 4, 431.50, 335336, 247, 16, 0
798, 20, 47, 432, 20, 0, 60.69%, 6, 0, 4, 432.46, 337579, 247, 21, 0
803, 20, 183, 432, 20, 0, 60.69%, 6, 0, 4, 430.35, 339762, 247, 22, 0
808, 20, 319, 432, 19, 0, 60.69%, 6, 0, 4, 425.83, 341928, 247, 22, 0
813, 20, 418, 432, 19, 0, 60.69%, 7, 0, 4, 446.61, 344220, 247, 23, 0
818, 21, 433, 434, 19, 1, 61.18%, 8, 0, 4, 447.58, 346452, 249, 24, 0
823, 22, 45, 434, 18, 0, 61.18%, 10, 0, 4, 428.10, 348597, 249, 32, 0
828, 22, 183, 434, 17, 0, 61.18%, 10, 0, 4, 448.27, 350923, 249, 34, 0
833, 22, 344, 434, 17, 0, 61.18%, 10, 0, 4, 446.30, 353125, 249, 34, 0
838, 22, 420, 435, 17, 0, 61.43%, 10, 0, 5, 462.26, 355503, 250, 34, 0
843, 22, 434, 435, 17, 1, 61.43%, 10, 0, 5, 464.18, 357881, 250, 34, 0
848, 23, 46, 435, 16, 0, 61.43%, 10, 0, 5, 470.84, 360236, 250, 34, 0
853, 23, 189, 435, 15, 0, 61.43%, 10, 0, 5, 448.10, 362495, 250, 37, 0
859, 23, 287, 435, 14, 0, 61.43%, 10, 0, 5, 424.98, 364636, 250, 37, 0
864, 23, 428, 436, 15, 0, 61.43%, 10, 0, 5, 479.39, 367059, 250, 37, 0
869, 24, 79, 436, 14, 0, 61.43%, 10, 0, 5, 454.81, 369345, 250, 37, 0
874, 24, 187, 436, 13, 0, 61.43%, 11, 0, 5, 476.94, 371797, 250, 40, 0
879, 24, 319, 436, 12, 0, 61.43%, 11, 0, 5, 433.91, 373962, 250, 40, 0
884, 24, 429, 436, 10, 0, 61.43%, 11, 0, 5, 451.29, 376319, 250, 41, 0
889, 24, 435, 436, 10, 0, 61.43%, 12, 0, 5, 468.18, 378790, 250, 46, 0
894, 25, 120, 436, 10, 0, 61.43%, 12, 0, 5, 466.35, 381083, 250, 50, 0
899, 25, 276, 436, 10, 0, 61.43%, 12, 0, 5, 437.91, 383334, 250, 51, 0
904, 25, 418, 436, 9, 0, 61.43%, 12, 0, 5, 463.89, 385728, 250, 51, 0
909, 25, 433, 436, 7, 0, 61.43%, 13, 0, 5, 443.25, 387959, 250, 62, 0
914, 26, 42, 436, 7, 0, 61.43%, 13, 0, 5, 451.77, 390224, 250, 63, 0
919, 26, 173, 436, 7, 0, 61.43%, 13, 0, 5, 463.26, 392550, 250, 63, 0
925, 26, 307, 437, 7, 0, 61.43%, 13, 0, 5, 451.55, 394856, 250, 63, 0
930, 26, 419, 437, 7, 0, 61.43%, 13, 0, 5, 454.37, 397106, 250, 63, 0
935, 26, 433, 437, 6, 0, 61.43%, 13, 0, 5, 457.42, 399437, 250, 66, 0
940, 27, 45, 437, 6, 0, 61.43%, 13, 0, 5, 464.40, 401734, 250, 69, 0
945, 27, 168, 437, 6, 0, 61.43%, 13, 0, 5, 432.45, 403925, 250, 70, 0
950, 27, 343, 437, 6, 0, 61.43%, 13, 0, 5, 449.08, 406215, 250, 70, 0
955, 27, 434, 437, 6, 0, 61.43%, 14, 0, 5, 469.25, 408574, 250, 77, 0
960, 28, 169, 438, 7, 1, 61.67%, 14, 0, 5, 437.21, 410762, 251, 77, 0
965, 29, 67, 438, 6, 0, 61.67%, 14, 0, 5, 451.40, 413026, 251, 77, 0
970, 29, 209, 438, 6, 0, 61.67%, 14, 0, 5, 430.44, 415194, 251, 79, 0
975, 29, 399, 438, 6, 0, 61.67%, 14, 0, 5, 423.47, 417348, 251, 79, 0
980, 30, 18, 438, 6, 0, 61.67%, 14, 0, 5, 422.42, 419483, 251, 86, 0
985, 30, 118, 438, 6, 0, 61.67%, 14, 0, 5, 454.02, 421739, 251, 87, 0
990, 30, 287, 438, 5, 0, 61.67%, 14, 0, 5, 437.31, 423978, 251, 87, 0
995, 30, 432, 438, 5, 0, 61.67%, 14, 0, 5, 460.92, 426309, 251, 87, 0
1000, 30, 436, 442, 9, 0, 61.67%, 14, 0, 5, 430.34, 428464, 251, 90, 0
1005, 30, 436, 443, 10, 0, 61.67%, 14, 0, 5, 449.43, 430735, 251, 90, 0
1011, 30, 436, 445, 12, 0, 61.67%, 14, 0, 5, 452.35, 433002, 251, 90, 0
1016, 30, 436, 445, 12, 0, 61.67%, 14, 0, 5, 433.31, 435165, 251, 90, 0
1021, 30, 443, 446, 12, 1, 61.67%, 14, 0, 5, 440.39, 437388, 251, 90, 0
1026, 30, 443, 446, 12, 1, 61.67%, 14, 0, 5, 432.38, 439684, 251, 90, 0
1031, 30, 443, 446, 12, 1, 61.67%, 14, 0, 5, 450.45, 442006, 251, 90, 0
1036, 31, 35, 446, 9, 0, 61.67%, 14, 0, 5, 425.89, 444119, 251, 90, 0
1041, 31, 143, 446, 9, 0, 61.67%, 14, 0, 5, 403.94, 446135, 251, 92, 0
1046, 31, 300, 446, 8, 0, 61.67%, 14, 0, 5, 419.50, 448303, 251, 92, 0
1051, 31, 435, 446, 8, 0, 61.67%, 14, 0, 5, 425.93, 450494, 251, 94, 0
1056, 31, 441, 447, 9, 0, 61.67%, 14, 0, 5, 415.01, 452617, 251, 95, 0
1061, 31, 443, 447, 8, 0, 61.67%, 14, 0, 5, 440.71, 454841, 251, 95, 0
1066, 32, 11, 447, 7, 0, 61.67%, 14, 0, 5, 432.39, 456955, 251, 95, 0
1071, 32, 120, 448, 8, 0, 61.67%, 14, 0, 5, 469.54, 459368, 251, 97, 0
1076, 32, 247, 448, 8, 0, 61.67%, 14, 0, 5, 456.84, 461639, 251, 97, 0
1081, 32, 389, 448, 7, 0, 61.67%, 14, 0, 5, 450.75, 463863, 251, 97, 0
1087, 32, 433, 448, 7, 0, 61.67%, 14, 0, 5, 415.58, 465959, 251, 97, 0
1092, 32, 443, 448, 7, 0, 61.67%, 14, 0, 5, 417.99, 468080, 251, 97, 0
1097, 33, 67, 448, 7, 0, 61.67%, 14, 0, 5, 451.47, 470420, 251, 97, 0
1102, 33, 195, 448, 6, 0, 61.67%, 14, 0, 5, 466.92, 472791, 251, 99, 0
1107, 33, 377, 448, 6, 0, 61.67%, 14, 0, 5, 447.28, 475013, 251, 100, 0
1112, 33, 437, 448, 6, 0, 61.67%, 14, 0, 5, 444.35, 477245, 251, 102, 0
1117, 33, 443, 448, 5, 0, 61.67%, 14, 0, 5, 437.56, 479489, 251, 110, 0
1122, 34, 45, 448, 5, 0, 61.67%, 14, 0, 5, 430.97, 481631, 251, 110, 0
1127, 34, 189, 448, 5, 0, 61.67%, 14, 0, 5, 420.08, 483759, 251, 110, 0
1132, 34, 342, 448, 5, 0, 61.67%, 14, 0, 5, 451.18, 485983, 251, 110, 0
1137, 34, 437, 448, 5, 0, 61.67%, 14, 0, 5, 448.56, 488270, 251, 111, 0
1142, 34, 443, 448, 5, 0, 61.67%, 14, 0, 5, 449.67, 490549, 251, 111, 0
1147, 35, 116, 449, 6, 0, 61.67%, 14, 0, 5, 454.40, 492912, 251, 111, 0
1152, 35, 202, 449, 6, 0, 61.67%, 14, 0, 5, 405.25, 494899, 251, 113, 0
1158, 35, 329, 449, 6, 0, 61.67%, 14, 0, 5, 417.75, 497035, 251, 113, 0
1163, 35, 438, 449, 6, 0, 61.67%, 14, 0, 5, 420.42, 499137, 251, 116, 0
1168, 35, 443, 449, 5, 0, 61.67%, 16, 0, 5, 409.11, 501241, 251, 122, 0
1173, 36, 52, 451, 7, 0, 61.67%, 16, 0, 5, 419.69, 503415, 251, 122, 0
1178, 36, 194, 451, 7, 0, 61.67%, 16, 0, 5, 429.98, 505583, 251, 123, 0
1183, 36, 349, 451, 7, 0, 61.67%, 16, 0, 5, 426.89, 507787, 251, 123, 0
1188, 36, 439, 451, 7, 0, 61.67%, 16, 0, 5, 437.35, 509999, 251, 126, 0
1193, 36, 443, 451, 7, 0, 61.67%, 16, 0, 5, 460.42, 512332, 251, 130, 0
1198, 37, 45, 451, 6, 0, 61.67%, 16, 0, 5, 444.57, 514547, 251, 130, 0
1203, 37, 168, 451, 6, 0, 61.67%, 16, 0, 5, 432.94, 516773, 251, 131, 0
1208, 37, 276, 451, 6, 0, 61.67%, 16, 0, 5, 443.43, 518995, 251, 131, 0
1213, 37, 416, 451, 6, 0, 61.67%, 16, 0, 5, 438.90, 521232, 251, 131, 0
1218, 37, 443, 452, 7, 0, 61.67%, 16, 0, 5, 420.97, 523339, 251, 133, 0
1223, 37, 451, 452, 7, 0, 61.67%, 16, 0, 5, 417.15, 525435, 251, 133, 0
1228, 38, 46, 453, 7, 0, 61.67%, 16, 0, 5, 434.88, 527635, 251, 133, 0
1234, 38, 168, 453, 7, 0, 61.67%, 16, 0, 5, 426.28, 529810, 251, 134, 0
1239, 38, 302, 453, 7, 0, 61.67%, 16, 0, 5, 419.86, 531930, 251, 134, 0
1244, 38, 453, 454, 8, 1, 61.92%, 16, 0, 5, 473.94, 534291, 252, 134, 0
1249, 39, 79, 454, 7, 0, 61.92%, 16, 0, 5, 460.48, 536565, 252, 134, 0
1254, 39, 181, 454, 7, 0, 61.92%, 16, 0, 5, 438.76, 538823, 252, 136, 0
1259, 39, 329, 454, 7, 0, 61.92%, 16, 0, 5, 454.03, 541099, 252, 136, 0
1264, 39, 440, 454, 7, 0, 61.92%, 16, 0, 5, 442.51, 543287, 252, 139, 0
1269, 39, 443, 454, 6, 0, 61.92%, 16, 0, 5, 437.26, 545503, 252, 139, 0
1274, 40, 45, 454, 5, 0, 61.92%, 16, 0, 5, 454.02, 547892, 252, 140, 0
1279, 40, 177, 454, 5, 0, 61.92%, 16, 0, 5, 416.28, 549978, 252, 140, 0
1284, 40, 314, 454, 5, 0, 61.92%, 16, 0, 5, 444.64, 552230, 252, 140, 0
1289, 40, 433, 454, 5, 0, 61.92%, 16, 0, 5, 454.08, 554500, 252, 140, 0
1294, 41, 25, 454, 4, 0, 61.92%, 16, 0, 5, 441.23, 556684, 252, 140, 0
1299, 41, 119, 454, 4, 0, 61.92%, 16, 0, 5, 437.55, 558934, 252, 141, 0
1304, 41, 249, 454, 4, 0, 61.92%, 16, 0, 5, 449.74, 561207, 252, 141, 0
1309, 41, 413, 454, 4, 0, 61.92%, 16, 0, 5, 448.49, 563371, 252, 141, 0
1314, 41, 443, 455, 5, 0, 62.16%, 16, 0, 5, 440.67, 565601, 253, 144, 0
1319, 41, 454, 456, 6, 1, 62.16%, 16, 0, 6, 422.96, 567706, 253, 144, 0
1325, 42, 45, 456, 5, 0, 62.16%, 16, 0, 6, 450.14, 570023, 253, 144, 0
1330, 42, 157, 456, 5, 0, 62.16%, 16, 0, 6, 438.12, 572263, 253, 144, 0
1335, 42, 314, 456, 5, 0, 62.16%, 16, 0, 6, 440.40, 574461, 253, 144, 0
1340, 42, 433, 456, 5, 0, 62.16%, 16, 0, 6, 468.11, 576785, 253, 145, 0
1345, 42, 440, 456, 5, 0, 62.16%, 16, 0, 6, 428.39, 578838, 253, 154, 0
1350, 42, 454, 456, 5, 0, 62.16%, 16, 0, 6, 441.94, 581098, 253, 155, 0
1355, 43, 45, 457, 6, 0, 62.16%, 16, 0, 6, 451.67, 583371, 253, 155, 0
1360, 43, 189, 457, 6, 0, 62.16%, 16, 0, 6, 449.10, 585559, 253, 157, 0
1365, 43, 322, 457, 6, 0, 62.16%, 16, 0, 6, 439.89, 587758, 253, 157, 0
1370, 43, 443, 457, 6, 0, 62.16%, 16, 0, 6, 450.86, 590106, 253, 158, 0
1375, 43, 454, 457, 5, 0, 62.16%, 16, 0, 6, 466.87, 592461, 253, 158, 0
1380, 44, 112, 457, 5, 0, 62.16%, 16, 0, 6, 462.00, 594728, 253, 158, 0
1385, 44, 223, 457, 5, 0, 62.16%, 16, 0, 6, 454.47, 597049, 253, 158, 0
1390, 44, 429, 457, 5, 0, 62.16%, 16, 0, 6, 458.29, 599340, 253, 158, 0
1395, 44, 454, 457, 5, 0, 62.16%, 16, 0, 6, 464.19, 601647, 253, 160, 0
1401, 45, 72, 457, 5, 0, 62.16%, 16, 0, 6, 457.75, 603974, 253, 160, 0
1406, 45, 235, 457, 5, 0, 62.16%, 16, 0, 6, 455.30, 606254, 253, 161, 0
1411, 45, 363, 457, 5, 0, 62.16%, 16, 0, 6, 453.19, 608553, 253, 161, 0
1416, 45, 443, 457, 5, 0, 62.16%, 16, 0, 6, 457.39, 610873, 253, 163, 0
1421, 46, 22, 457, 5, 0, 62.16%, 16, 0, 6, 434.19, 612991, 253, 163, 0
1426, 46, 157, 457, 5, 0, 62.16%, 16, 0, 6, 458.31, 615418, 253, 163, 0
1431, 46, 319, 457, 5, 0, 62.16%, 16, 0, 6, 473.91, 617772, 253, 163, 0
1436, 46, 434, 457, 5, 0, 62.16%, 16, 0, 6, 470.72, 620115, 253, 164, 0
1441, 46, 454, 457, 5, 0, 62.16%, 16, 0, 6, 472.94, 622503, 253, 174, 0
1446, 47, 457, 458, 5, 1, 62.16%, 16, 0, 6, 486.08, 624869, 253, 174, 0
1451, 48, 47, 458, 4, 0, 62.16%, 16, 0, 6, 471.78, 627325, 253, 174, 0
1456, 48, 171, 458, 4, 0, 62.16%, 16, 0, 6, 454.78, 629657, 253, 176, 0
1462, 48, 355, 458, 4, 0, 62.16%, 16, 0, 6, 453.95, 631907, 253, 176, 0
1467, 48, 434, 458, 3, 0, 62.16%, 16, 0, 6, 448.90, 634161, 253, 183, 0
1472, 48, 454, 458, 3, 0, 62.16%, 16, 0, 6, 441.82, 636455, 253, 183, 0
1477, 49, 35, 458, 3, 0, 62.16%, 16, 0, 6, 436.24, 638632, 253, 183, 0
1482, 49, 173, 458, 3, 0, 62.16%, 16, 0, 6, 453.02, 640874, 253, 186, 0
1487, 49, 322, 458, 3, 0, 62.16%, 16, 0, 6, 456.04, 643182, 253, 186, 0
1492, 49, 437, 458, 3, 0, 62.16%, 16, 0, 6, 471.44, 645534, 253, 189, 0
1497, 49, 454, 458, 3, 0, 62.16%, 16, 0, 6, 461.91, 647904, 253, 193, 0
1502, 49, 456, 460, 5, 0, 62.41%, 16, 0, 6, 454.50, 650243, 254, 193, 0
1507, 50, 440, 461, 4, 1, 63.64%, 16, 0, 6, 441.93, 652480, 259, 193, 0
1512, 50, 460, 461, 4, 1, 63.64%, 16, 0, 6, 439.46, 654723, 259, 193, 0
1518, 51, 74, 461, 3, 0, 63.64%, 16, 0, 6, 454.67, 657022, 259, 193, 0
1523, 51, 221, 461, 3, 0, 63.64%, 16, 0, 6, 446.98, 659329, 259, 194, 0
1528, 51, 422, 461, 3, 0, 63.64%, 16, 0, 6, 430.88, 661582, 259, 194, 0
1533, 51, 450, 461, 3, 0, 63.64%, 16, 0, 6, 447.95, 663899, 259, 195, 0
1538, 52, 30, 462, 3, 0, 63.64%, 16, 0, 6, 457.64, 666257, 259, 195, 0
1543, 52, 177, 462, 3, 0, 63.64%, 16, 0, 6, 470.37, 668665, 259, 198, 0
1548, 52, 329, 462, 3, 0, 63.64%, 16, 0, 6, 444.43, 670937, 259, 198, 0
1553, 52, 437, 462, 3, 0, 63.64%, 16, 0, 6, 465.80, 673275, 259, 201, 0
1558, 53, 14, 462, 3, 0, 63.64%, 16, 0, 6, 456.24, 675605, 259, 201, 0
1563, 53, 112, 462, 3, 0, 63.64%, 16, 0, 6, 434.84, 677806, 259, 201, 0
1568, 53, 221, 462, 3, 0, 63.64%, 16, 0, 6, 432.26, 680032, 259, 202, 0
1573, 53, 399, 462, 3, 0, 63.64%, 16, 0, 6, 440.34, 682259, 259, 202, 0
1579, 53, 460, 462, 3, 0, 63.64%, 16, 0, 6, 449.53, 684533, 259, 206, 0
1584, 54, 116, 463, 4, 0, 63.64%, 16, 0, 6, 452.10, 686853, 259, 206, 0
1589, 54, 312, 463, 4, 0, 63.64%, 16, 0, 6, 448.25, 689071, 259, 207, 0
1594, 54, 434, 463, 4, 0, 63.64%, 16, 0, 6, 443.36, 691265, 259, 210, 0
1599, 54, 461, 463, 4, 0, 63.64%, 16, 0, 6, 427.41, 693455, 259, 210, 0
1604, 55, 45, 463, 2, 0, 63.64%, 16, 0, 6, 423.67, 695655, 259, 210, 0
1609, 55, 183, 463, 2, 0, 63.64%, 16, 0, 6, 418.45, 697799, 259, 210, 0
1614, 55, 349, 463, 2, 0, 63.64%, 16, 0, 6, 453.89, 700103, 259, 210, 0
1619, 55, 442, 463, 2, 0, 63.64%, 16, 0, 6, 446.37, 702368, 259, 213, 0
1624, 56, 295, 470, 8, 2, 63.88%, 16, 0, 6, 431.65, 704524, 260, 213, 0
1629, 56, 469, 470, 7, 1, 63.88%, 16, 0, 6, 399.49, 706456, 260, 213, 0
1634, 57, 107, 470, 6, 0, 63.88%, 16, 0, 6, 438.36, 708736, 260, 213, 0
1639, 57, 232, 470, 6, 0, 63.88%, 16, 0, 6, 461.97, 711106, 260, 214, 0
1644, 57, 418, 471, 7, 0, 63.88%, 16, 0, 6, 422.57, 713217, 260, 214, 0
1649, 57, 467, 471, 7, 0, 63.88%, 17, 0, 6, 436.05, 715485, 260, 218, 0
1654, 58, 47, 472, 7, 0, 63.88%, 17, 0, 6, 430.69, 717665, 260, 218, 0
1660, 58, 171, 472, 7, 0, 63.88%, 17, 0, 6, 431.15, 719852, 260, 219, 0
1665, 58, 399, 472, 7, 0, 63.88%, 17, 0, 6, 444.07, 722087, 260, 219, 0
1670, 58, 458, 472, 7, 0, 63.88%, 17, 0, 6, 464.26, 724461, 260, 225, 0
1675, 59, 45, 473, 6, 0, 63.88%, 17, 0, 6, 463.16, 726786, 260, 225, 0
1680, 59, 168, 473, 6, 0, 63.88%, 17, 0, 6, 436.22, 728995, 260, 230, 0
1685, 59, 355, 473, 6, 0, 63.88%, 17, 0, 6, 444.08, 731242, 260, 230, 0
1690, 59, 435, 473, 6, 0, 63.88%, 17, 0, 6, 448.65, 733643, 260, 232, 0
1695, 60, 14, 473, 6, 0, 63.88%, 17, 0, 6, 435.00, 735852, 260, 232, 0
1700, 60, 116, 473, 6, 0, 63.88%, 17, 0, 6, 445.81, 738108, 260, 232, 0
1705, 60, 221, 473, 6, 0, 63.88%, 17, 0, 6, 429.22, 740258, 260, 234, 0
1710, 60, 406, 473, 6, 0, 63.88%, 17, 0, 6, 462.10, 742672, 260, 234, 0
1716, 60, 445, 473, 6, 0, 63.88%, 17, 0, 6, 447.79, 744875, 260, 237, 0
1721, 60, 469, 473, 6, 0, 63.88%, 17, 0, 6, 473.91, 747268, 260, 237, 0
1726, 61, 18, 474, 6, 0, 63.88%, 17, 0, 6, 454.61, 749571, 260, 237, 0
1731, 61, 141, 474, 6, 0, 63.88%, 17, 0, 6, 452.89, 751848, 260, 239, 0
1736, 61, 312, 474, 6, 0, 63.88%, 17, 0, 6, 445.67, 754057, 260, 239, 0
1741, 61, 427, 474, 6, 0, 63.88%, 17, 0, 6, 436.43, 756240, 260, 239, 0
1746, 61, 463, 474, 6, 0, 63.88%, 17, 0, 6, 452.94, 758591, 260, 241, 0
1751, 61, 473, 474, 5, 0, 63.88%, 17, 0, 6, 473.20, 760900, 260, 242, 0
1756, 62, 67, 474, 4, 0, 63.88%, 17, 0, 6, 421.16, 763025, 260, 242, 0
1761, 62, 247, 474, 4, 0, 63.88%, 17, 0, 6, 434.15, 765230, 260, 243, 0
1767, 62, 414, 474, 4, 0, 63.88%, 17, 0, 6, 452.74, 767652, 260, 243, 0
1772, 62, 440, 474, 4, 0, 63.88%, 17, 0, 6, 464.44, 770043, 260, 251, 0
1777, 62, 457, 474, 4, 0, 63.88%, 17, 0, 6, 441.19, 772228, 260, 251, 0
1782, 62, 469, 474, 4, 0, 63.88%, 17, 0, 6, 407.84, 774292, 260, 251, 0
1787, 63, 67, 474, 4, 0, 63.88%, 17, 0, 6, 454.53, 776585, 260, 251, 0
1792, 63, 202, 474, 4, 0, 63.88%, 17, 0, 6, 430.48, 778697, 260, 252, 0
1797, 63, 354, 474, 4, 0, 63.88%, 17, 0, 6, 436.50, 780905, 260, 252, 0
1802, 63, 461, 474, 4, 0, 63.88%, 17, 0, 6, 431.89, 783062, 260, 254, 0
1806, 63, 473, 474, 4, 0, 63.88%, 17, 0, 6, 447.69, 784959, 260, 255, 0
