# relative_time, cycles_done, cur_item, corpus_count, pending_total, pending_favs, map_size, saved_crashes, saved_hangs, max_depth, execs_per_sec, total_execs, edges_found, total_crashes, servers_count
60, 0, 9, 100, 95, 4, 31.70%, 0, 0, 2, 442.48, 27542, 129, 0, 0
65, 0, 9, 101, 96, 4, 31.70%, 0, 0, 2, 479.73, 29981, 129, 0, 0
71, 0, 9, 101, 96, 4, 31.70%, 0, 0, 2, 430.41, 32069, 129, 0, 0
76, 0, 9, 101, 96, 4, 31.70%, 0, 0, 2, 436.45, 34325, 129, 0, 0
81, 0, 9, 101, 96, 4, 31.70%, 0, 0, 2, 427.30, 36501, 129, 0, 0
86, 0, 9, 101, 96, 4, 31.70%, 0, 0, 2, 437.58, 38773, 129, 0, 0
91, 0, 9, 101, 96, 4, 31.70%, 0, 0, 2, 432.13, 40957, 129, 0, 0
96, 0, 9, 101, 96, 4, 31.70%, 0, 0, 2, 451.27, 43256, 129, 0, 0
101, 0, 9, 104, 99, 4, 31.94%, 0, 0, 2, 448.87, 45474, 130, 0, 0
106, 0, 9, 104, 99, 4, 31.94%, 0, 0, 2, 447.60, 47698, 130, 0, 0
111, 0, 9, 106, 101, 4, 31.94%, 0, 0, 2, 473.97, 50140, 130, 0, 0
116, 0, 9, 107, 102, 4, 31.94%, 0, 0, 2, 445.33, 52327, 130, 0, 0
121, 0, 9, 109, 103, 3, 32.92%, 0, 0, 2, 419.53, 54475, 134, 0, 0
127, 0, 13, 129, 116, 22, 36.12%, 0, 0, 3, 416.01, 56606, 147, 0, 0
132, 0, 67, 129, 112, 18, 36.12%, 0, 0, 3, 442.24, 58887, 147, 0, 0
137, 0, 32, 134, 115, 16, 36.12%, 0, 0, 3, 464.60, 61225, 147, 0, 0
142, 0, 101, 145, 124, 15, 36.86%, 0, 0, 3, 443.14, 63504, 150, 0, 0
147, 0, 101, 148, 127, 15, 36.86%, 0, 0, 3, 478.30, 66044, 150, 0, 0
152, 0, 101, 154, 133, 15, 36.86%, 0, 0, 3, 458.12, 68399, 150, 0, 0
157, 0, 101, 157, 136, 15, 36.86%, 0, 0, 3, 446.77, 70760, 150, 0, 0
162, 0, 101, 159, 138, 15, 36.86%, 0, 0, 3, 491.53, 73402, 150, 0, 0
168, 0, 101, 162, 141, 15, 36.86%, 0, 0, 3, 453.87, 75667, 150, 0, 0
173, 0, 101, 165, 144, 15, 36.86%, 0, 0, 3, 463.14, 78071, 150, 0, 0
178, 0, 101, 167, 146, 15, 36.86%, 0, 0, 3, 436.70, 80319, 150, 0, 0
183, 0, 101, 169, 148, 15, 36.86%, 0, 0, 3, 428.75, 82493, 150, 0, 0
188, 0, 101, 171, 150, 15, 36.86%, 0, 0, 3, 456.51, 84899, 150, 0, 0
193, 0, 101, 171, 150, 15, 36.86%, 0, 0, 3, 453.09, 87203, 150, 0, 0
198, 0, 101, 171, 150, 15, 36.86%, 0, 0, 3, 462.64, 89543, 150, 0, 0
203, 0, 101, 171, 150, 15, 36.86%, 0, 0, 3, 440.30, 91819, 150, 0, 0
208, 0, 101, 172, 151, 15, 36.86%, 0, 0, 3, 457.60, 94140, 150, 0, 0
214, 0, 101, 173, 152, 15, 36.86%, 0, 0, 3, 455.00, 96487, 150, 0, 0
219, 0, 101, 173, 152, 15, 36.86%, 0, 0, 3, 469.85, 98872, 150, 0, 0
224, 0, 101, 173, 152, 15, 36.86%, 0, 0, 3, 464.11, 101239, 150, 0, 0
229, 0, 101, 173, 152, 15, 36.86%, 0, 0, 3, 441.61, 103465, 150, 0, 0
234, 0, 101, 173, 152, 15, 36.86%, 0, 0, 3, 449.47, 105737, 150, 0, 0
239, 0, 101, 173, 152, 15, 36.86%, 0, 0, 3, 444.18, 108025, 150, 0, 0
244, 0, 101, 174, 153, 15, 37.10%, 0, 0, 3, 417.94, 110192, 151, 0, 0
249, 0, 101, 174, 153, 15, 37.10%, 0, 0, 3, 439.02, 112464, 151, 0, 0
254, 0, 155, 175, 153, 18, 37.10%, 0, 0, 4, 431.59, 114660, 151, 0, 0
259, 0, 139, 175, 150, 15, 37.10%, 0, 0, 4, 410.00, 116833, 151, 0, 0
264, 0, 56, 175, 146, 11, 37.10%, 0, 0, 4, 443.61, 119082, 151, 0, 0
269, 0, 116, 175, 140, 8, 37.10%, 0, 0, 4, 474.23, 121585, 151, 0, 0
274, 0, 116, 175, 140, 8, 37.10%, 0, 0, 4, 413.76, 123646, 151, 0, 0
279, 0, 116, 175, 140, 8, 37.10%, 0, 0, 4, 420.88, 125759, 151, 0, 0
285, 0, 107, 179, 139, 4, 37.35%, 0, 0, 4, 442.91, 128002, 152, 0, 0
290, 0, 107, 185, 145, 4, 37.35%, 0, 0, 4, 464.13, 130333, 152, 0, 0
295, 0, 107, 187, 147, 4, 37.35%, 0, 0, 4, 441.34, 132528, 152, 0, 0
300, 0, 107, 187, 147, 4, 37.35%, 0, 0, 4, 449.10, 134757, 152, 0, 0
305, 0, 107, 187, 147, 4, 37.35%, 0, 0, 4, 452.47, 137043, 152, 0, 0
310, 0, 107, 188, 148, 4, 37.35%, 0, 0, 4, 455.98, 139417, 152, 0, 0
315, 0, 107, 188, 148, 4, 37.35%, 0, 0, 4, 445.88, 141679, 152, 0, 0
320, 0, 107, 188, 148, 4, 37.35%, 0, 0, 4, 439.99, 143855, 152, 0, 0
325, 0, 107, 188, 148, 4, 37.35%, 0, 0, 4, 439.26, 146087, 152, 0, 0
330, 0, 107, 188, 148, 4, 37.35%, 0, 0, 4, 441.65, 148311, 152, 0, 0
335, 0, 107, 188, 148, 4, 37.35%, 0, 0, 4, 432.65, 150551, 152, 0, 0
340, 0, 107, 188, 148, 4, 37.35%, 0, 0, 4, 439.76, 152759, 152, 0, 0
345, 0, 107, 189, 149, 4, 37.35%, 0, 0, 4, 440.18, 155014, 152, 0, 0
350, 0, 112, 189, 148, 3, 37.35%, 0, 0, 4, 462.02, 157388, 152, 0, 0
356, 0, 112, 195, 154, 3, 37.59%, 1, 0, 4, 437.38, 159621, 153, 1, 0
361, 0, 190, 199, 157, 4, 37.59%, 1, 0, 4, 415.74, 161729, 153, 1, 0
366, 0, 197, 205, 162, 4, 37.59%, 1, 0, 4, 430.89, 163923, 153, 1, 0
371, 0, 197, 207, 164, 4, 37.59%, 1, 0, 4, 439.97, 166129, 153, 1, 0
376, 0, 197, 208, 165, 4, 37.59%, 1, 0, 4, 426.86, 168321, 153, 1, 0
381, 0, 197, 210, 167, 4, 37.59%, 1, 0, 4, 418.53, 170391, 153, 1, 0
386, 0, 197, 211, 168, 4, 37.59%, 1, 0, 4, 413.19, 172446, 153, 1, 0
391, 0, 197, 212, 169, 4, 37.59%, 1, 0, 4, 438.47, 174677, 153, 1, 0
396, 0, 109, 216, 172, 3, 38.08%, 1, 0, 4, 447.54, 176902, 155, 1, 0
401, 0, 214, 218, 172, 3, 38.82%, 1, 0, 4, 459.34, 179298, 158, 1, 0
406, 0, 198, 219, 170, 1, 38.82%, 1, 0, 4, 454.39, 181578, 158, 1, 0
411, 0, 118, 219, 167, 0, 38.82%, 1, 0, 4, 459.68, 183860, 158, 1, 0
416, 0, 135, 219, 164, 0, 38.82%, 1, 0, 4, 441.26, 186054, 158, 1, 0
421, 0, 69, 220, 163, 0, 39.07%, 1, 0, 4, 402.83, 188108, 159, 1, 0
426, 0, 220, 221, 160, 1, 39.56%, 1, 0, 4, 450.91, 190411, 161, 1, 0
431, 0, 111, 221, 155, 0, 39.56%, 1, 0, 4, 450.75, 192632, 161, 1, 0
436, 0, 156, 221, 153, 0, 39.56%, 1, 0, 4, 455.62, 194933, 161, 1, 0
441, 0, 17, 221, 149, 0, 39.56%, 1, 0, 4, 459.55, 197250, 161, 1, 0
447, 0, 204, 221, 148, 0, 39.56%, 1, 0, 4, 452.69, 199540, 161, 1, 0
452, 0, 219, 221, 144, 0, 39.56%, 1, 0, 4, 440.18, 201792, 161, 1, 0
457, 0, 211, 221, 142, 0, 39.56%, 1, 0, 4, 423.82, 203966, 161, 1, 0
462, 0, 209, 221, 139, 0, 39.56%, 1, 0, 4, 442.52, 206203, 161, 1, 0
467, 0, 141, 222, 137, 0, 39.56%, 1, 0, 5, 411.36, 208266, 161, 1, 0
472, 0, 69, 222, 133, 0, 39.56%, 1, 0, 5, 462.74, 210645, 161, 1, 0
477, 0, 68, 222, 131, 0, 39.56%, 1, 0, 5, 439.99, 212904, 161, 1, 0
482, 0, 97, 222, 125, 0, 39.56%, 1, 0, 5, 432.52, 215179, 161, 1, 0
487, 0, 45, 223, 125, 0, 39.56%, 1, 0, 5, 440.89, 217384, 161, 1, 0
492, 0, 215, 223, 123, 0, 39.56%, 1, 0, 5, 446.14, 219606, 161, 1, 0
497, 1, 121, 224, 120, 0, 39.56%, 1, 0, 5, 436.36, 221816, 161, 1, 0
503, 1, 217, 224, 115, 0, 39.56%, 1, 0, 5, 456.29, 224114, 161, 1, 0
508, 1, 116, 224, 107, 0, 39.56%, 1, 0, 5, 445.12, 226373, 161, 1, 0
513, 1, 104, 224, 104, 0, 39.56%, 1, 0, 5, 431.88, 228514, 161, 1, 0
518, 1, 0, 224, 99, 0, 39.56%, 1, 0, 5, 460.93, 230911, 161, 1, 0
523, 1, 200, 224, 93, 0, 39.56%, 1, 0, 5, 439.83, 233109, 161, 1, 0
528, 1, 195, 224, 90, 0, 39.56%, 1, 0, 5, 454.03, 235472, 161, 1, 0
533, 1, 84, 226, 88, 0, 39.56%, 1, 0, 5, 472.11, 237903, 161, 1, 0
538, 1, 124, 226, 84, 0, 39.56%, 1, 0, 5, 457.66, 240254, 161, 1, 0
543, 1, 203, 226, 81, 0, 39.56%, 1, 0, 5, 464.97, 242606, 161, 1, 0
548, 1, 220, 226, 74, 0, 39.56%, 1, 0, 5, 442.16, 244858, 161, 1, 0
553, 1, 127, 226, 71, 0, 39.56%, 1, 0, 5, 454.01, 247155, 161, 1, 0
558, 1, 182, 227, 69, 0, 39.56%, 1, 0, 5, 434.48, 249347, 161, 1, 0
564, 1, 226, 227, 65, 0, 39.56%, 1, 0, 5, 433.47, 251560, 161, 1, 0
569, 1, 210, 227, 63, 0, 39.56%, 1, 0, 5, 434.31, 253776, 161, 1, 0
574, 1, 123, 227, 61, 0, 39.56%, 1, 0, 5, 446.90, 256000, 161, 1, 0
579, 1, 69, 227, 55, 0, 39.56%, 1, 0, 5, 421.78, 258172, 161, 1, 0
584, 1, 202, 227, 51, 0, 39.56%, 1, 0, 5, 448.58, 260554, 161, 1, 0
589, 1, 193, 227, 47, 0, 39.56%, 1, 0, 5, 463.73, 262836, 161, 1, 0
594, 1, 56, 227, 43, 0, 39.56%, 1, 0, 5, 455.60, 265120, 161, 1, 0
599, 1, 225, 227, 40, 0, 39.56%, 1, 0, 5, 456.16, 267561, 161, 1, 0
604, 1, 224, 227, 36, 0, 39.56%, 1, 0, 5, 430.17, 269732, 161, 1, 0
609, 1, 222, 227, 33, 0, 39.56%, 1, 0, 5, 437.21, 271944, 161, 1, 0
614, 1, 116, 228, 30, 0, 39.56%, 1, 0, 5, 413.08, 274023, 161, 1, 0
619, 2, 235, 259, 60, 6, 40.79%, 1, 0, 5, 451.59, 276334, 166, 1, 0
625, 2, 253, 259, 58, 4, 40.79%, 1, 0, 5, 461.05, 278693, 166, 1, 0
630, 2, 229, 261, 59, 3, 40.79%, 1, 0, 5, 465.24, 280999, 166, 1, 0
635, 2, 253, 261, 56, 0, 40.79%, 1, 0, 5, 460.15, 283332, 166, 1, 0
640, 2, 59, 262, 56, 0, 40.79%, 1, 0, 5, 456.81, 285591, 166, 1, 0
645, 2, 242, 262, 52, 0, 40.79%, 1, 0, 5, 466.03, 287889, 166, 1, 0
650, 2, 262, 263, 51, 1, 41.03%, 1, 0, 5, 489.19, 290383, 167, 1, 0
655, 2, 262, 263, 48, 0, 41.03%, 1, 0, 5, 462.19, 292679, 167, 1, 0
660, 2, 256, 263, 46, 0, 41.03%, 1, 0, 5, 474.06, 295075, 167, 1, 0
665, 2, 250, 263, 44, 0, 41.03%, 1, 0, 5, 477.34, 297473, 167, 1, 0
670, 2, 192, 263, 42, 0, 41.03%, 2, 0, 5, 472.67, 299842, 167, 2, 0
675, 2, 97, 263, 39, 0, 41.03%, 2, 0, 5, 474.31, 302186, 167, 2, 0
680, 2, 257, 263, 36, 0, 41.03%, 2, 0, 5, 452.68, 304417, 167, 3, 0
685, 2, 237, 263, 33, 0, 41.03%, 2, 0, 5, 477.91, 306970, 167, 3, 0
690, 2, 263, 274, 43, 1, 42.75%, 2, 0, 5, 449.89, 309250, 174, 3, 0
696, 2, 240, 274, 40, 0, 42.75%, 2, 0, 5, 454.68, 311565, 174, 3, 0
701, 2, 263, 274, 37, 0, 42.75%, 2, 0, 5, 442.93, 313878, 174, 3, 0
706, 2, 136, 275, 36, 0, 42.75%, 2, 0, 5, 449.77, 316169, 174, 3, 0
711, 2, 191, 275, 34, 0, 42.75%, 2, 0, 5, 474.93, 318543, 174, 3, 0
716, 2, 17, 275, 31, 0, 42.75%, 2, 0, 5, 460.76, 320862, 174, 3, 0
721, 2, 268, 275, 27, 0, 42.75%, 2, 0, 5, 456.97, 323198, 174, 5, 0
726, 2, 272, 275, 25, 0, 42.75%, 2, 0, 5, 461.19, 325556, 174, 5, 0
731, 2, 71, 275, 23, 0, 42.75%, 2, 0, 5, 442.05, 327830, 174, 5, 0
736, 2, 273, 276, 23, 0, 42.75%, 2, 0, 5, 436.92, 330094, 174, 5, 0
741, 2, 261, 276, 22, 0, 42.75%, 2, 0, 5, 452.92, 332422, 174, 5, 0
746, 2, 67, 276, 19, 0, 42.75%, 2, 0, 5, 462.14, 334726, 174, 5, 0
751, 2, 113, 276, 17, 0, 42.75%, 2, 0, 5, 459.69, 337060, 174, 5, 0
757, 2, 28, 276, 15, 0, 42.75%, 2, 0, 5, 438.66, 339290, 174, 7, 0
762, 2, 246, 276, 13, 0, 42.75%, 2, 0, 5, 445.60, 341500, 174, 7, 0
767, 2, 248, 276, 11, 0, 42.75%, 2, 0, 5, 435.87, 343755, 174, 7, 0
772, 2, 67, 276, 9, 0, 42.75%, 2, 0, 5, 455.78, 346075, 174, 7, 0
777, 2, 11, 288, 21, 0, 51.11%, 3, 0, 5, 457.44, 348361, 208, 8, 0
782, 3, 324, 331, 64, 0, 53.07%, 3, 0, 5, 433.86, 350597, 216, 8, 0
787, 3, 324, 342, 75, 0, 53.07%, 3, 0, 5, 425.85, 352747, 216, 8, 0
792, 3, 324, 342, 75, 0, 53.07%, 3, 0, 5, 429.50, 354907, 216, 8, 0
797, 3, 324, 343, 76, 0, 53.07%, 3, 0, 5, 461.50, 357228, 216, 8, 0
802, 3, 324, 343, 76, 0, 53.07%, 3, 0, 5, 460.10, 359568, 216, 8, 0
807, 3, 324, 345, 78, 0, 53.07%, 3, 0, 5, 460.86, 361931, 216, 8, 0
813, 3, 304, 345, 76, 9, 53.07%, 3, 0, 5, 445.72, 364157, 216, 8, 0
818, 3, 345, 347, 77, 10, 53.56%, 3, 0, 5, 450.90, 366465, 218, 8, 0
823, 3, 281, 347, 75, 8, 53.56%, 3, 0, 5, 457.85, 368874, 218, 8, 0
828, 3, 302, 347, 73, 6, 53.56%, 3, 0, 5, 446.00, 371136, 218, 8, 0
833, 3, 302, 361, 87, 6, 53.56%, 3, 0, 5, 451.05, 373387, 218, 8, 0
838, 3, 278, 361, 85, 4, 53.56%, 3, 0, 5, 454.27, 375711, 218, 8, 0
843, 3, 312, 361, 83, 2, 53.56%, 3, 0, 5, 466.25, 378121, 218, 8, 0
848, 3, 111, 361, 80, 2, 53.56%, 3, 0, 5, 455.86, 380428, 218, 8, 0
853, 3, 325, 361, 79, 1, 53.56%, 3, 0, 5, 442.99, 382654, 218, 8, 0
858, 3, 313, 361, 77, 0, 53.56%, 3, 0, 5, 453.03, 384976, 218, 8, 0
863, 3, 340, 361, 75, 0, 53.56%, 3, 0, 5, 473.96, 387356, 218, 8, 0
868, 3, 358, 361, 73, 0, 53.56%, 3, 0, 5, 435.59, 389558, 218, 8, 0
874, 3, 292, 361, 71, 0, 53.56%, 3, 0, 5, 446.74, 391870, 218, 8, 0
879, 3, 38, 361, 69, 0, 53.56%, 3, 0, 5, 478.08, 394377, 218, 8, 0
884, 3, 326, 361, 68, 0, 53.56%, 3, 0, 5, 439.12, 396567, 218, 8, 0
889, 3, 328, 361, 66, 0, 53.56%, 3, 0, 5, 455.94, 398914, 218, 8, 0
894, 3, 351, 361, 64, 0, 53.56%, 3, 0, 5, 467.22, 401266, 218, 8, 0
899, 3, 334, 361, 61, 0, 53.56%, 3, 0, 5, 454.83, 403517, 218, 8, 0
904, 3, 322, 361, 59, 0, 53.56%, 3, 0, 5, 446.18, 405733, 218, 8, 0
909, 3, 307, 361, 57, 0, 53.56%, 3, 0, 5, 442.74, 408001, 218, 8, 0
914, 3, 285, 362, 56, 0, 53.56%, 3, 0, 5, 435.90, 410189, 218, 8, 0
919, 3, 283, 362, 54, 0, 53.56%, 3, 0, 5, 435.62, 412443, 218, 8, 0
924, 3, 302, 362, 51, 0, 53.56%, 3, 0, 5, 471.85, 414805, 218, 8, 0
929, 3, 347, 362, 49, 0, 53.56%, 3, 0, 5, 471.29, 417184, 218, 8, 0
935, 3, 344, 362, 48, 0, 53.56%, 3, 0, 5, 457.98, 419490, 218, 8, 0
940, 3, 286, 362, 46, 0, 53.56%, 3, 0, 5, 461.99, 421806, 218, 8, 0
945, 3, 298, 362, 44, 0, 53.56%, 3, 0, 5, 442.87, 424066, 218, 8, 0
950, 3, 316, 362, 43, 0, 53.56%, 3, 0, 5, 436.69, 426323, 218, 8, 0
955, 3, 330, 362, 42, 0, 53.56%, 3, 0, 5, 451.22, 428601, 218, 8, 0
960, 3, 310, 362, 40, 0, 53.56%, 3, 0, 5, 427.04, 430764, 218, 9, 0
965, 3, 311, 362, 39, 0, 53.56%, 3, 0, 5, 452.19, 433108, 218, 9, 0
970, 3, 116, 362, 36, 0, 53.56%, 3, 0, 5, 466.34, 435486, 218, 9, 0
975, 3, 138, 362, 35, 0, 53.56%, 3, 0, 5, 440.43, 437687, 218, 9, 0
980, 3, 251, 362, 34, 0, 53.56%, 3, 0, 5, 434.31, 439868, 218, 9, 0
985, 3, 350, 362, 33, 0, 53.56%, 3, 0, 5, 452.48, 442258, 218, 11, 0
990, 3, 297, 362, 32, 0, 53.56%, 3, 0, 5, 440.20, 444437, 218, 11, 0
995, 3, 302, 362, 30, 0, 53.56%, 3, 0, 5, 443.60, 446685, 218, 11, 0
1000, 3, 235, 362, 28, 0, 53.56%, 3, 0, 5, 458.21, 449052, 218, 12, 0
1006, 3, 361, 362, 27, 0, 53.56%, 3, 0, 5, 466.14, 451390, 218, 12, 0
1011, 3, 319, 362, 26, 0, 53.56%, 3, 0, 5, 454.11, 453625, 218, 12, 0
1016, 3, 294, 362, 24, 0, 53.56%, 3, 0, 5, 465.54, 455973, 218, 12, 0
1021, 3, 281, 362, 22, 0, 53.56%, 3, 0, 5, 458.80, 458284, 218, 12, 0
1026, 3, 296, 362, 21, 0, 53.56%, 3, 0, 5, 450.01, 460554, 218, 12, 0
1031, 3, 308, 362, 19, 0, 53.56%, 3, 0, 5, 448.52, 462840, 218, 12, 0
1036, 3, 306, 362, 18, 0, 53.56%, 3, 0, 5, 456.39, 465184, 218, 13, 0
1041, 3, 206, 362, 17, 0, 53.56%, 3, 0, 5, 447.31, 467414, 218, 14, 0
1046, 3, 253, 362, 16, 0, 53.56%, 3, 0, 5, 442.74, 469662, 218, 14, 0
1051, 3, 33, 362, 16, 0, 53.56%, 3, 0, 5, 434.39, 471895, 218, 14, 0
1056, 3, 284, 363, 16, 0, 53.56%, 3, 0, 5, 415.98, 474001, 218, 14, 0
1061, 3, 17, 363, 15, 0, 53.56%, 3, 0, 5, 467.80, 476421, 218, 15, 0
1066, 3, 301, 363, 14, 0, 53.56%, 3, 0, 5, 463.11, 478655, 218, 15, 0
1071, 3, 249, 363, 12, 0, 53.56%, 3, 0, 5, 471.71, 481050, 218, 15, 0
1077, 4, 380, 386, 35, 6, 55.53%, 3, 0, 5, 448.93, 483321, 226, 15, 0
1082, 4, 369, 386, 34, 5, 55.53%, 3, 0, 5, 446.92, 485580, 226, 15, 0
1087, 4, 384, 387, 34, 5, 55.77%, 3, 0, 5, 447.22, 487815, 227, 15, 0
1092, 4, 367, 387, 32, 3, 55.77%, 3, 0, 5, 448.15, 490068, 227, 15, 0
1097, 4, 372, 387, 31, 2, 55.77%, 3, 0, 5, 452.15, 492394, 227, 15, 0
1102, 4, 379, 387, 29, 0, 55.77%, 3, 0, 5, 457.72, 494735, 227, 15, 0
1107, 4, 285, 387, 26, 0, 55.77%, 3, 0, 5, 447.07, 496986, 227, 15, 0
1112, 4, 155, 387, 25, 0, 55.77%, 3, 0, 5, 458.45, 499274, 227, 15, 0
1117, 4, 113, 387, 23, 0, 55.77%, 3, 0, 5, 460.67, 501637, 227, 15, 0
1122, 4, 17, 387, 22, 0, 55.77%, 3, 0, 5, 457.33, 503959, 227, 16, 0
1128, 4, 387, 396, 31, 1, 57.49%, 3, 0, 5, 446.86, 506289, 234, 16, 0
1133, 4, 387, 396, 31, 1, 57.49%, 3, 0, 5, 460.14, 508593, 234, 16, 0
1138, 4, 394, 399, 32, 1, 57.49%, 3, 0, 5, 450.11, 510924, 234, 16, 0
1143, 4, 394, 401, 34, 1, 57.74%, 3, 0, 5, 430.53, 513170, 235, 16, 0
1148, 4, 394, 401, 34, 1, 57.74%, 3, 0, 5, 463.18, 515521, 235, 16, 0
1153, 4, 394, 404, 37, 1, 57.99%, 3, 0, 5, 463.36, 517783, 236, 16, 0
1158, 4, 394, 404, 37, 1, 57.99%, 3, 0, 5, 371.32, 519553, 236, 16, 0
1163, 4, 394, 406, 39, 1, 58.23%, 3, 0, 5, 415.11, 521725, 237, 16, 0
1168, 4, 401, 406, 37, 3, 58.23%, 3, 0, 5, 447.50, 524095, 237, 16, 0
1173, 4, 404, 406, 36, 2, 58.23%, 3, 0, 5, 437.00, 526319, 237, 16, 0
1178, 4, 405, 408, 37, 1, 58.23%, 3, 0, 5, 451.89, 528575, 237, 16, 0
1183, 4, 325, 409, 37, 0, 58.23%, 3, 0, 5, 444.64, 530890, 237, 16, 0
1188, 4, 388, 409, 36, 0, 58.23%, 3, 0, 5, 442.49, 533073, 237, 16, 0
1194, 4, 386, 409, 34, 0, 58.23%, 3, 0, 5, 438.52, 535299, 237, 16, 0
1199, 4, 370, 409, 32, 0, 58.23%, 3, 0, 5, 479.30, 537763, 237, 16, 0
1204, 4, 398, 409, 32, 0, 58.23%, 3, 0, 5, 449.44, 539994, 237, 16, 0
1209, 4, 392, 409, 30, 0, 58.23%, 3, 0, 5, 447.10, 542265, 237, 16, 0
1214, 4, 375, 409, 29, 0, 58.23%, 3, 0, 5, 448.58, 544539, 237, 16, 0
1219, 4, 383, 409, 28, 0, 58.23%, 3, 0, 5, 481.76, 546933, 237, 17, 0
1224, 4, 300, 409, 26, 0, 58.23%, 3, 0, 5, 452.60, 549172, 237, 17, 0
1229, 4, 400, 412, 27, 0, 58.23%, 3, 0, 5, 462.17, 551485, 237, 17, 0
1234, 4, 400, 415, 30, 0, 58.48%, 3, 0, 5, 458.46, 553837, 238, 17, 0
1239, 4, 400, 415, 30, 0, 58.48%, 3, 0, 5, 464.92, 556186, 238, 17, 0
1244, 4, 400, 416, 31, 0, 58.48%, 3, 0, 5, 461.97, 558524, 238, 17, 0
1249, 4, 400, 416, 31, 0, 58.48%, 3, 0, 5, 462.90, 560918, 238, 17, 0
1255, 4, 400, 416, 31, 0, 58.48%, 3, 0, 5, 482.08, 563411, 238, 17, 0
1260, 4, 416, 417, 30, 1, 58.72%, 3, 0, 6, 470.65, 565813, 239, 17, 0
1265, 4, 418, 419, 30, 1, 59.46%, 3, 0, 8, 450.42, 568068, 242, 17, 0
1270, 4, 410, 419, 29, 0, 59.46%, 3, 0, 8, 459.41, 570348, 242, 17, 0
1275, 4, 17, 419, 27, 0, 59.46%, 3, 0, 8, 449.67, 572639, 242, 17, 0
1280, 4, 416, 425, 32, 0, 59.46%, 3, 0, 8, 451.06, 574945, 242, 17, 0
1285, 4, 412, 425, 31, 0, 59.46%, 3, 0, 8, 455.58, 577230, 242, 17, 0
1290, 4, 365, 425, 30, 0, 59.46%, 3, 0, 8, 452.12, 579490, 242, 17, 0
1295, 4, 275, 425, 28, 0, 59.46%, 3, 0, 8, 444.48, 581797, 242, 17, 0
1300, 4, 247, 426, 28, 0, 59.46%, 3, 0, 8, 447.57, 584046, 242, 17, 0
1305, 4, 78, 426, 26, 0, 59.46%, 3, 0, 8, 442.85, 586346, 242, 17, 0
1310, 4, 426, 427, 26, 1, 59.71%, 3, 0, 8, 437.39, 588581, 243, 17, 0
1316, 4, 420, 427, 25, 0, 59.71%, 3, 0, 8, 434.20, 590862, 243, 17, 0
1321, 4, 216, 427, 23, 0, 59.71%, 3, 0, 8, 477.65, 593254, 243, 17, 0
1326, 4, 281, 427, 21, 0, 59.71%, 3, 0, 8, 457.67, 595609, 243, 17, 0
1331, 4, 374, 427, 20, 0, 59.71%, 3, 0, 8, 475.04, 598117, 243, 17, 0
1336, 4, 426, 427, 19, 0, 59.71%, 3, 0, 8, 449.72, 600289, 243, 17, 0
1341, 4, 253, 427, 18, 0, 59.71%, 3, 0, 8, 437.75, 602472, 243, 17, 0
1346, 4, 427, 434, 25, 1, 61.92%, 3, 0, 8, 457.56, 604860, 252, 17, 0
1351, 4, 427, 439, 30, 1, 61.92%, 3, 0, 8, 467.64, 607262, 252, 17, 0
1356, 4, 427, 442, 33, 1, 61.92%, 3, 0, 8, 472.89, 609587, 252, 17, 0
1361, 4, 427, 442, 33, 1, 61.92%, 3, 0, 8, 436.82, 611772, 252, 17, 0
1366, 4, 427, 443, 34, 1, 61.92%, 3, 0, 8, 440.49, 613979, 252, 17, 0
1371, 4, 427, 443, 34, 1, 61.92%, 3, 0, 8, 463.52, 616335, 252, 17, 0
1376, 4, 432, 443, 33, 1, 61.92%, 3, 0, 8, 453.43, 618634, 252, 17, 0
1382, 4, 433, 443, 31, 0, 61.92%, 3, 0, 8, 474.45, 621034, 252, 17, 0
1387, 4, 17, 443, 29, 0, 61.92%, 3, 0, 8, 443.83, 623202, 252, 17, 0
1392, 4, 440, 444, 30, 0, 61.92%, 3, 0, 8, 449.03, 625482, 252, 17, 0
1397, 4, 430, 444, 29, 0, 61.92%, 3, 0, 8, 461.88, 627880, 252, 17, 0
1402, 4, 427, 444, 27, 0, 61.92%, 3, 0, 8, 454.61, 630148, 252, 17, 0
1407, 4, 317, 444, 26, 0, 61.92%, 3, 0, 8, 468.44, 632457, 252, 17, 0
1412, 4, 397, 444, 25, 0, 61.92%, 3, 0, 8, 456.06, 634768, 252, 17, 0
1417, 4, 363, 444, 24, 0, 61.92%, 3, 0, 8, 462.75, 637085, 252, 17, 0
1422, 4, 320, 444, 22, 0, 61.92%, 3, 0, 8, 439.35, 639296, 252, 17, 0
1427, 4, 441, 447, 24, 0, 61.92%, 3, 0, 8, 440.24, 641565, 252, 17, 0
1432, 4, 441, 449, 26, 0, 61.92%, 3, 0, 8, 447.64, 643866, 252, 17, 0
1437, 4, 441, 450, 27, 0, 61.92%, 3, 0, 8, 431.17, 646066, 252, 17, 0
1442, 4, 441, 451, 28, 0, 61.92%, 3, 0, 8, 430.17, 648249, 252, 17, 0
1447, 4, 441, 451, 28, 0, 61.92%, 3, 0, 8, 442.46, 650449, 252, 17, 0
1452, 4, 441, 451, 28, 0, 61.92%, 3, 0, 8, 477.57, 652853, 252, 17, 0
1458, 4, 401, 451, 27, 0, 61.92%, 3, 0, 8, 439.64, 655057, 252, 17, 0
1463, 4, 425, 451, 27, 0, 61.92%, 3, 0, 8, 435.26, 657242, 252, 17, 0
1468, 4, 444, 452, 27, 0, 61.92%, 3, 0, 8, 447.91, 659609, 252, 17, 0
1473, 4, 262, 452, 26, 0, 61.92%, 3, 0, 8, 463.78, 661911, 252, 17, 0
1478, 4, 330, 452, 25, 0, 61.92%, 3, 0, 8, 460.36, 664255, 252, 17, 0
1483, 4, 414, 452, 23, 0, 61.92%, 3, 0, 8, 472.97, 666632, 252, 18, 0
1488, 4, 411, 452, 23, 0, 61.92%, 3, 0, 8, 446.19, 668876, 252, 18, 0
1493, 4, 405, 452, 21, 0, 61.92%, 3, 0, 8, 413.13, 670867, 252, 18, 0
1498, 5, 463, 465, 33, 3, 63.64%, 3, 0, 8, 429.59, 673093, 259, 18, 0
1503, 5, 463, 466, 34, 3, 63.64%, 3, 0, 8, 412.20, 675143, 259, 18, 0
1509, 5, 461, 466, 33, 2, 63.64%, 4, 0, 8, 414.38, 677375, 259, 19, 0
1514, 5, 464, 466, 32, 1, 63.64%, 5, 0, 8, 437.66, 679589, 259, 20, 0
1519, 5, 107, 466, 29, 0, 63.64%, 6, 0, 8, 429.37, 681765, 259, 21, 0
1524, 5, 378, 466, 28, 0, 63.64%, 6, 0, 8, 435.57, 684003, 259, 21, 0
1529, 5, 458, 466, 27, 0, 63.64%, 6, 0, 8, 441.52, 686265, 259, 21, 0
1534, 5, 216, 466, 25, 0, 63.64%, 7, 0, 8, 443.41, 688580, 259, 22, 0
1539, 5, 450, 466, 25, 0, 63.64%, 7, 0, 8, 441.51, 690847, 259, 22, 0
1544, 5, 409, 466, 23, 0, 63.64%, 7, 0, 8, 456.75, 693163, 259, 22, 0
1549, 5, 413, 466, 22, 0, 63.64%, 7, 0, 8, 458.15, 695451, 259, 23, 0
1554, 5, 459, 466, 21, 0, 63.64%, 7, 0, 8, 434.35, 697649, 259, 23, 0
1559, 5, 455, 466, 19, 0, 63.64%, 7, 0, 8, 476.14, 700057, 259, 23, 0
1564, 5, 397, 466, 17, 0, 63.64%, 7, 0, 8, 452.90, 702320, 259, 23, 0
1569, 5, 155, 466, 17, 0, 63.64%, 7, 0, 8, 461.27, 704723, 259, 23, 0
1574, 5, 25, 466, 17, 0, 63.64%, 7, 0, 8, 434.04, 706895, 259, 26, 0
1580, 5, 405, 466, 16, 0, 63.64%, 7, 0, 8, 430.25, 709110, 259, 26, 0
1585, 5, 16, 466, 16, 0, 63.64%, 7, 0, 8, 417.23, 711240, 259, 29, 0
1590, 5, 463, 466, 16, 0, 63.64%, 7, 0, 8, 415.65, 713321, 259, 29, 0
1595, 5, 427, 466, 16, 0, 63.64%, 7, 0, 8, 445.29, 715584, 259, 29, 0
1600, 5, 456, 466, 16, 0, 63.64%, 7, 0, 8, 426.13, 717767, 259, 29, 0
1605, 5, 216, 466, 14, 0, 63.64%, 7, 0, 8, 441.15, 719959, 259, 29, 0
1610, 5, 452, 466, 14, 0, 63.64%, 7, 0, 8, 439.06, 722188, 259, 29, 0
1615, 5, 12, 466, 12, 0, 63.64%, 7, 0, 8, 437.96, 724381, 259, 29, 0
1620, 5, 155, 466, 12, 0, 63.64%, 7, 0, 8, 441.31, 726590, 259, 29, 0
1625, 5, 221, 466, 12, 0, 63.64%, 7, 0, 8, 410.94, 728717, 259, 29, 0
1630, 5, 403, 466, 12, 0, 63.64%, 7, 0, 8, 449.21, 731079, 259, 29, 0
1635, 5, 416, 466, 11, 0, 63.64%, 7, 0, 8, 452.42, 733431, 259, 29, 0
1641, 5, 451, 466, 11, 0, 63.64%, 7, 0, 8, 437.90, 735603, 259, 29, 0
1646, 5, 380, 466, 9, 0, 63.64%, 7, 0, 8, 437.65, 737846, 259, 29, 0
1651, 5, 386, 466, 8, 0, 63.64%, 7, 0, 8, 436.67, 740014, 259, 29, 0
1656, 5, 426, 466, 8, 0, 63.64%, 7, 0, 8, 444.22, 742272, 259, 32, 0
1661, 5, 462, 466, 8, 0, 63.64%, 7, 0, 8, 453.47, 744739, 259, 32, 0
1666, 5, 302, 466, 7, 0, 63.64%, 7, 0, 8, 430.73, 746977, 259, 32, 0
1671, 5, 380, 466, 7, 0, 63.64%, 7, 0, 8, 429.89, 749155, 259, 32, 0
1676, 5, 380, 466, 7, 0, 63.64%, 7, 0, 8, 415.16, 751281, 259, 32, 0
1681, 5, 396, 466, 7, 0, 63.64%, 7, 0, 8, 431.84, 753462, 259, 32, 0
1686, 5, 429, 466, 5, 0, 63.64%, 7, 0, 8, 468.59, 755857, 259, 32, 0
1691, 5, 416, 466, 4, 0, 63.64%, 7, 0, 8, 448.35, 758096, 259, 32, 0
1697, 5, 3, 466, 4, 0, 63.64%, 7, 0, 8, 447.87, 760317, 259, 32, 0
1702, 6, 293, 468, 6, 0, 63.64%, 7, 0, 8, 473.79, 762627, 259, 32, 0
1707, 6, 302, 468, 6, 0, 63.64%, 7, 0, 8, 458.26, 764969, 259, 32, 0
1712, 6, 436, 468, 6, 0, 63.64%, 7, 0, 8, 479.40, 767434, 259, 32, 0
1717, 6, 424, 468, 5, 0, 63.64%, 7, 0, 8, 453.04, 769690, 259, 32, 0
1722, 6, 424, 468, 4, 0, 63.64%, 7, 0, 8, 465.25, 772061, 259, 32, 0
1727, 6, 426, 468, 4, 0, 63.64%, 7, 0, 8, 468.43, 774421, 259, 32, 0
1732, 6, 277, 468, 3, 0, 63.64%, 7, 0, 8, 421.42, 776580, 259, 34, 0
1737, 6, 216, 468, 2, 0, 63.64%, 7, 0, 8, 414.12, 778724, 259, 34, 0
1742, 6, 428, 468, 2, 0, 63.64%, 7, 0, 8, 436.70, 780922, 259, 34, 0
1747, 6, 463, 468, 2, 0, 63.64%, 7, 0, 8, 437.12, 783146, 259, 34, 0
1753, 6, 401, 468, 2, 0, 63.64%, 7, 0, 8, 453.66, 785471, 259, 37, 0
1758, 6, 277, 468, 2, 0, 63.64%, 7, 0, 8, 452.04, 787703, 259, 38, 0
1763, 6, 418, 468, 2, 0, 63.64%, 7, 0, 8, 462.36, 790062, 259, 38, 0
1768, 6, 397, 468, 2, 0, 63.64%, 7, 0, 8, 485.49, 792582, 259, 38, 0
1773, 6, 426, 468, 2, 0, 63.64%, 7, 0, 8, 469.22, 794899, 259, 42, 0
1778, 6, 135, 468, 2, 0, 63.64%, 7, 0, 8, 456.05, 797183, 259, 44, 0
1783, 6, 467, 468, 2, 0, 63.64%, 7, 0, 8, 439.46, 799363, 259, 44, 0
1788, 6, 210, 468, 1, 0, 63.64%, 7, 0, 8, 427.28, 801517, 259, 44, 0
1793, 6, 416, 468, 1, 0, 63.64%, 7, 0, 8, 446.51, 803842, 259, 44, 0
1798, 6, 107, 468, 1, 0, 63.64%, 7, 0, 8, 452.00, 806199, 259, 45, 0
1802, 6, 426, 468, 1, 0, 63.64%, 7, 0, 8, 428.47, 807872, 259, 45, 0
