# relative_time, cycles_done, cur_item, corpus_count, pending_total, pending_favs, map_size, saved_crashes, saved_hangs, max_depth, execs_per_sec, total_execs, edges_found, total_crashes, servers_count
61, 0, 9, 78, 73, 4, 30.71%, 0, 0, 2, 419.42, 25133, 125, 0, 0
66, 0, 9, 80, 75, 4, 30.71%, 0, 0, 2, 426.56, 27291, 125, 0, 0
71, 0, 9, 81, 76, 4, 30.71%, 0, 0, 2, 425.98, 29450, 125, 0, 0
76, 0, 9, 86, 81, 4, 30.96%, 0, 0, 2, 413.09, 31509, 126, 0, 0
81, 0, 9, 87, 82, 4, 30.96%, 0, 0, 2, 419.67, 33676, 126, 0, 0
86, 0, 9, 89, 84, 4, 31.70%, 0, 0, 2, 427.71, 35810, 129, 0, 0
91, 0, 9, 89, 84, 4, 31.70%, 0, 0, 2, 425.14, 38027, 129, 0, 0
96, 0, 9, 89, 84, 4, 31.70%, 0, 0, 2, 408.07, 40027, 129, 0, 0
101, 0, 9, 89, 84, 4, 31.70%, 0, 0, 2, 429.08, 42243, 129, 0, 0
106, 0, 9, 89, 84, 4, 31.70%, 0, 0, 2, 419.12, 44323, 129, 0, 0
111, 0, 9, 90, 85, 4, 32.68%, 0, 0, 2, 419.46, 46474, 133, 0, 0
117, 0, 9, 90, 85, 4, 32.68%, 0, 0, 2, 416.90, 48610, 133, 0, 0
122, 0, 9, 91, 86, 4, 32.68%, 0, 0, 2, 421.85, 50721, 133, 0, 0
127, 0, 9, 92, 87, 4, 32.68%, 0, 0, 2, 418.62, 52816, 133, 0, 0
132, 0, 80, 111, 105, 27, 34.15%, 0, 0, 3, 423.83, 54952, 139, 0, 0
137, 0, 80, 118, 112, 27, 34.15%, 0, 0, 3, 418.98, 57015, 139, 0, 0
142, 0, 80, 121, 115, 27, 34.15%, 0, 0, 3, 424.81, 59284, 139, 0, 0
147, 0, 80, 121, 115, 27, 34.15%, 0, 0, 3, 402.41, 61241, 139, 0, 0
152, 0, 80, 123, 117, 27, 34.15%, 0, 0, 3, 429.82, 63483, 139, 0, 0
157, 0, 80, 123, 117, 27, 34.15%, 0, 0, 3, 420.90, 65579, 139, 0, 0
162, 0, 80, 126, 120, 27, 34.15%, 0, 0, 3, 438.77, 67760, 139, 0, 0
167, 0, 80, 126, 120, 27, 34.15%, 0, 0, 3, 418.15, 69824, 139, 0, 0
172, 0, 80, 127, 121, 27, 34.15%, 0, 0, 3, 412.19, 71879, 139, 0, 0
177, 0, 80, 129, 123, 27, 34.15%, 0, 0, 3, 425.71, 74069, 139, 0, 0
183, 0, 80, 129, 123, 27, 34.15%, 0, 0, 3, 443.27, 76413, 139, 0, 0
188, 0, 80, 130, 124, 27, 34.15%, 0, 0, 3, 441.38, 78652, 139, 0, 0
193, 0, 80, 132, 126, 27, 34.15%, 0, 0, 3, 427.25, 80818, 139, 0, 0
198, 0, 80, 132, 126, 27, 34.15%, 0, 0, 3, 426.49, 82978, 139, 0, 0
203, 0, 80, 135, 129, 27, 34.15%, 0, 0, 3, 450.00, 85191, 139, 0, 0
208, 0, 80, 135, 129, 27, 34.15%, 0, 0, 3, 415.59, 87335, 139, 0, 0
213, 0, 80, 135, 129, 27, 34.15%, 0, 0, 3, 424.98, 89511, 139, 0, 0
218, 0, 80, 135, 129, 27, 34.15%, 0, 0, 3, 441.08, 91775, 139, 0, 0
223, 0, 80, 135, 129, 27, 34.15%, 0, 0, 3, 427.58, 93967, 139, 0, 0
228, 0, 80, 135, 129, 27, 34.15%, 0, 0, 3, 410.89, 96039, 139, 0, 0
234, 0, 80, 135, 129, 27, 34.15%, 0, 0, 3, 404.80, 98041, 139, 0, 0
239, 0, 80, 136, 130, 27, 34.15%, 0, 0, 3, 420.53, 100222, 139, 0, 0
244, 0, 80, 137, 131, 27, 34.15%, 0, 0, 3, 415.14, 102325, 139, 0, 0
249, 0, 80, 138, 132, 27, 34.15%, 0, 0, 3, 405.29, 104380, 139, 0, 0
254, 0, 80, 138, 132, 27, 34.15%, 0, 0, 3, 408.00, 106508, 139, 0, 0
259, 0, 93, 139, 126, 21, 34.40%, 0, 0, 3, 424.44, 108704, 140, 0, 0
264, 0, 7, 142, 127, 19, 34.64%, 0, 0, 4, 429.15, 110894, 141, 0, 0
269, 0, 143, 147, 129, 20, 36.61%, 0, 0, 4, 400.84, 112909, 149, 0, 0
274, 0, 143, 156, 138, 20, 37.35%, 1, 0, 4, 433.27, 115128, 152, 1, 0
280, 0, 143, 159, 141, 20, 38.08%, 1, 0, 4, 427.15, 117377, 155, 1, 0
285, 0, 143, 163, 145, 20, 38.08%, 1, 0, 4, 444.39, 119594, 155, 1, 0
290, 0, 143, 164, 146, 20, 38.08%, 1, 0, 4, 407.92, 121721, 155, 1, 0
295, 0, 143, 165, 147, 20, 38.08%, 1, 0, 4, 428.24, 123904, 155, 1, 0
300, 0, 143, 166, 148, 20, 38.08%, 1, 0, 4, 392.80, 125951, 155, 1, 0
305, 0, 143, 167, 149, 20, 38.08%, 1, 0, 4, 435.18, 128215, 155, 1, 0
310, 0, 143, 168, 150, 20, 38.33%, 1, 0, 4, 416.18, 130318, 156, 1, 0
315, 0, 143, 170, 152, 20, 38.33%, 1, 0, 4, 449.94, 132684, 156, 1, 0
320, 0, 143, 170, 152, 20, 38.33%, 1, 0, 4, 405.96, 134660, 156, 1, 0
325, 0, 143, 171, 153, 20, 38.33%, 1, 0, 4, 400.25, 136683, 156, 1, 0
330, 0, 143, 173, 155, 20, 38.33%, 1, 0, 4, 425.41, 138825, 156, 1, 0
336, 0, 143, 174, 156, 20, 38.33%, 1, 0, 4, 417.48, 140928, 156, 1, 0
341, 0, 143, 174, 156, 20, 38.33%, 1, 0, 4, 437.03, 143128, 156, 1, 0
346, 0, 143, 175, 157, 20, 38.33%, 1, 0, 4, 413.37, 145207, 156, 1, 0
351, 0, 143, 178, 160, 20, 38.57%, 1, 0, 4, 427.74, 147420, 157, 1, 0
356, 0, 143, 178, 160, 20, 38.57%, 1, 0, 4, 432.37, 149636, 157, 1, 0
361, 0, 143, 178, 160, 20, 38.57%, 1, 0, 4, 440.95, 151860, 157, 1, 0
366, 0, 167, 180, 161, 22, 38.57%, 1, 0, 4, 425.30, 153994, 157, 1, 0
371, 0, 147, 180, 160, 21, 38.57%, 1, 0, 4, 413.57, 156064, 157, 1, 0
376, 0, 0, 180, 158, 19, 38.57%, 1, 0, 4, 449.44, 158377, 157, 1, 0
381, 0, 132, 190, 167, 18, 38.82%, 1, 0, 4, 424.77, 160563, 158, 1, 0
386, 0, 132, 192, 169, 18, 38.82%, 1, 0, 4, 433.64, 162759, 158, 1, 0
391, 0, 132, 194, 171, 18, 38.82%, 1, 0, 4, 385.34, 164713, 158, 1, 0
396, 0, 132, 195, 172, 18, 38.82%, 1, 0, 4, 388.62, 166715, 158, 1, 0
401, 0, 132, 195, 172, 18, 38.82%, 1, 0, 4, 404.20, 168788, 158, 1, 0
407, 0, 132, 196, 173, 18, 38.82%, 1, 0, 4, 436.75, 171091, 158, 1, 0
412, 0, 132, 197, 174, 18, 38.82%, 1, 0, 4, 416.05, 173146, 158, 1, 0
417, 0, 132, 200, 177, 18, 38.82%, 1, 0, 4, 424.39, 175295, 158, 1, 0
422, 0, 132, 200, 177, 18, 38.82%, 1, 0, 4, 391.13, 177278, 158, 1, 0
427, 0, 132, 201, 178, 18, 38.82%, 1, 0, 4, 415.82, 179454, 158, 1, 0
432, 0, 132, 202, 179, 18, 38.82%, 1, 0, 4, 422.21, 181597, 158, 1, 0
437, 0, 132, 202, 179, 18, 38.82%, 1, 0, 4, 434.74, 183829, 158, 1, 0
442, 0, 132, 202, 179, 18, 38.82%, 1, 0, 4, 446.57, 186005, 158, 1, 0
447, 0, 132, 202, 179, 18, 38.82%, 1, 0, 4, 432.87, 188245, 158, 1, 0
452, 0, 132, 202, 179, 18, 38.82%, 1, 0, 4, 433.62, 190525, 158, 1, 0
458, 0, 132, 203, 180, 18, 38.82%, 1, 0, 4, 416.99, 192668, 158, 1, 0
463, 0, 132, 203, 180, 18, 38.82%, 1, 0, 4, 430.33, 194772, 158, 1, 0
468, 0, 132, 203, 180, 18, 38.82%, 1, 0, 4, 427.14, 196884, 158, 1, 0
473, 0, 132, 203, 180, 18, 38.82%, 1, 0, 4, 406.31, 199004, 158, 1, 0
478, 0, 132, 203, 180, 18, 38.82%, 1, 0, 4, 411.40, 201116, 158, 1, 0
483, 0, 132, 203, 180, 18, 38.82%, 1, 0, 4, 436.12, 203316, 158, 1, 0
488, 0, 132, 203, 180, 18, 38.82%, 1, 0, 4, 431.23, 205508, 158, 1, 0
493, 0, 132, 203, 180, 18, 38.82%, 1, 0, 4, 441.77, 207868, 158, 1, 0
498, 0, 132, 203, 180, 18, 38.82%, 1, 0, 4, 409.32, 209908, 158, 1, 0
503, 0, 86, 204, 178, 17, 38.82%, 1, 0, 4, 427.56, 212102, 158, 1, 0
508, 0, 183, 205, 176, 14, 39.07%, 1, 0, 5, 396.25, 214159, 159, 1, 0
514, 0, 60, 206, 176, 14, 39.07%, 1, 0, 5, 402.52, 216251, 159, 1, 0
519, 0, 30, 207, 175, 12, 39.07%, 1, 0, 5, 414.22, 218317, 159, 1, 0
524, 0, 193, 207, 171, 8, 39.07%, 1, 0, 5, 409.83, 220398, 159, 1, 0
529, 0, 175, 207, 169, 7, 39.07%, 1, 0, 5, 394.60, 222435, 159, 1, 0
534, 0, 149, 207, 168, 6, 39.07%, 1, 0, 5, 428.26, 224632, 159, 1, 0
539, 0, 204, 210, 170, 5, 39.07%, 1, 0, 5, 401.80, 226693, 159, 1, 0
544, 0, 203, 213, 170, 4, 39.31%, 1, 0, 7, 428.58, 228885, 160, 1, 0
549, 0, 176, 214, 169, 2, 39.31%, 1, 0, 7, 408.01, 230929, 160, 1, 0
554, 0, 149, 215, 165, 0, 39.31%, 1, 0, 7, 436.62, 233115, 160, 1, 0
559, 0, 157, 215, 164, 0, 39.31%, 1, 0, 7, 440.42, 235346, 160, 1, 0
564, 0, 97, 215, 162, 0, 39.31%, 1, 0, 7, 447.63, 237599, 160, 1, 0
569, 0, 157, 216, 161, 0, 39.31%, 1, 0, 7, 401.13, 239564, 160, 1, 0
574, 0, 170, 217, 160, 0, 39.31%, 1, 0, 7, 416.51, 241713, 160, 1, 0
579, 0, 204, 218, 159, 0, 39.56%, 1, 0, 7, 391.06, 243638, 161, 1, 0
584, 0, 142, 220, 159, 0, 39.56%, 1, 0, 7, 404.18, 245753, 161, 1, 0
590, 0, 175, 221, 156, 0, 39.56%, 1, 0, 7, 398.74, 247756, 161, 1, 0
595, 0, 183, 221, 153, 0, 39.56%, 1, 0, 7, 416.11, 249920, 161, 1, 0
600, 0, 215, 228, 158, 0, 39.56%, 1, 0, 7, 405.27, 251993, 161, 1, 0
605, 0, 215, 234, 164, 0, 39.56%, 1, 0, 7, 399.03, 253975, 161, 1, 0
610, 0, 215, 237, 167, 0, 39.56%, 1, 0, 7, 466.43, 256411, 161, 1, 0
615, 0, 215, 237, 167, 0, 39.56%, 1, 0, 7, 471.26, 258778, 161, 1, 0
620, 0, 215, 238, 168, 0, 39.56%, 1, 0, 7, 433.04, 260951, 161, 1, 0
625, 0, 99, 238, 166, 0, 39.56%, 1, 0, 7, 447.80, 263176, 161, 1, 0
630, 0, 169, 238, 163, 0, 39.56%, 1, 0, 7, 440.32, 265389, 161, 1, 0
635, 0, 143, 238, 160, 0, 39.56%, 1, 0, 7, 405.12, 267416, 161, 1, 0
641, 0, 222, 238, 158, 0, 39.56%, 1, 0, 7, 418.04, 269595, 161, 1, 0
646, 0, 151, 238, 154, 0, 39.56%, 1, 0, 7, 395.50, 271550, 161, 1, 0
651, 0, 157, 239, 152, 0, 39.56%, 1, 0, 7, 412.38, 273593, 161, 1, 0
656, 0, 239, 240, 151, 1, 39.80%, 1, 0, 7, 414.97, 275659, 162, 1, 0
661, 0, 137, 240, 148, 0, 39.80%, 1, 0, 7, 440.08, 277872, 162, 1, 0
666, 0, 203, 240, 145, 0, 39.80%, 1, 0, 7, 415.24, 279982, 162, 1, 0
671, 0, 161, 240, 142, 0, 39.80%, 1, 0, 7, 434.60, 282174, 162, 1, 0
676, 0, 88, 240, 139, 0, 39.80%, 1, 0, 7, 398.76, 284154, 162, 1, 0
681, 0, 211, 241, 139, 0, 40.05%, 1, 0, 7, 427.16, 286363, 163, 1, 0
686, 0, 101, 242, 138, 0, 40.05%, 1, 0, 7, 416.87, 288391, 163, 1, 0
691, 0, 59, 243, 137, 0, 40.05%, 1, 0, 7, 432.48, 290621, 163, 1, 0
696, 0, 211, 245, 138, 0, 40.29%, 1, 0, 8, 423.56, 292797, 164, 1, 0
701, 0, 86, 245, 136, 0, 40.29%, 1, 0, 8, 415.30, 294874, 164, 1, 0
706, 1, 154, 245, 134, 0, 40.29%, 1, 0, 8, 413.02, 296952, 164, 1, 0
712, 1, 185, 246, 131, 0, 40.29%, 1, 0, 9, 420.11, 299148, 164, 1, 0
717, 1, 245, 248, 128, 0, 40.29%, 1, 0, 10, 449.45, 301415, 164, 1, 0
722, 1, 245, 249, 129, 0, 40.29%, 1, 0, 10, 452.51, 303672, 164, 1, 0
727, 1, 119, 249, 127, 0, 40.29%, 1, 0, 10, 438.35, 305929, 164, 1, 0
732, 1, 224, 249, 121, 0, 40.29%, 1, 0, 10, 416.90, 308006, 164, 1, 0
737, 1, 201, 250, 118, 0, 40.29%, 1, 0, 10, 446.86, 310321, 164, 1, 0
742, 1, 229, 250, 116, 0, 40.29%, 1, 0, 10, 422.69, 312413, 164, 1, 0
747, 1, 247, 252, 115, 0, 40.29%, 1, 0, 10, 413.52, 314517, 164, 1, 0
752, 1, 86, 253, 112, 0, 40.29%, 1, 0, 10, 427.90, 316701, 164, 1, 0
757, 1, 102, 253, 111, 0, 40.29%, 1, 0, 10, 415.74, 318826, 164, 1, 0
762, 1, 202, 254, 109, 0, 40.29%, 1, 0, 10, 421.82, 320889, 164, 1, 0
767, 1, 198, 254, 105, 0, 40.29%, 1, 0, 10, 460.47, 323221, 164, 1, 0
772, 1, 187, 254, 101, 0, 40.29%, 2, 0, 10, 425.67, 325417, 164, 2, 0
777, 1, 84, 254, 97, 0, 40.29%, 2, 0, 10, 427.63, 327533, 164, 2, 0
782, 1, 208, 254, 93, 0, 40.29%, 2, 0, 10, 422.56, 329706, 164, 2, 0
788, 1, 175, 254, 89, 0, 40.29%, 2, 0, 10, 415.47, 331775, 164, 2, 0
793, 1, 238, 256, 89, 0, 40.29%, 2, 0, 10, 419.03, 333921, 164, 2, 0
798, 1, 238, 258, 91, 0, 40.29%, 2, 0, 10, 424.23, 336039, 164, 2, 0
803, 1, 238, 258, 91, 0, 40.29%, 2, 0, 10, 424.13, 338143, 164, 3, 0
808, 1, 260, 261, 90, 1, 41.03%, 2, 0, 10, 390.33, 340145, 167, 3, 0
813, 1, 172, 261, 87, 0, 41.03%, 2, 0, 10, 413.85, 342348, 167, 3, 0
818, 1, 218, 262, 85, 0, 41.03%, 2, 0, 10, 402.48, 344390, 167, 3, 0
823, 1, 220, 262, 83, 0, 41.03%, 2, 0, 10, 428.21, 346577, 167, 3, 0
828, 1, 76, 262, 81, 0, 41.03%, 2, 0, 10, 415.26, 348644, 167, 3, 0
833, 1, 146, 262, 77, 0, 41.03%, 2, 0, 10, 414.82, 350773, 167, 3, 0
838, 1, 136, 262, 73, 0, 41.03%, 2, 0, 10, 425.13, 352975, 167, 3, 0
843, 1, 95, 262, 71, 0, 41.03%, 2, 0, 10, 431.70, 355227, 167, 3, 0
848, 1, 96, 262, 69, 0, 41.03%, 2, 0, 10, 428.98, 357372, 167, 3, 0
854, 1, 261, 262, 66, 0, 41.03%, 2, 0, 10, 456.58, 359684, 167, 3, 0
859, 1, 259, 263, 64, 0, 41.03%, 2, 0, 10, 437.82, 361869, 167, 3, 0
864, 1, 235, 263, 63, 0, 41.03%, 2, 0, 10, 453.63, 364113, 167, 3, 0
869, 1, 236, 264, 62, 0, 41.03%, 2, 0, 10, 407.23, 366126, 167, 3, 0
874, 1, 264, 265, 61, 1, 41.77%, 2, 0, 10, 410.13, 368196, 170, 3, 0
879, 1, 150, 265, 58, 0, 41.77%, 2, 0, 10, 431.52, 370472, 170, 3, 0
884, 1, 257, 266, 57, 0, 41.77%, 2, 0, 10, 430.63, 372600, 170, 3, 0
889, 1, 156, 266, 55, 0, 41.77%, 2, 0, 10, 407.17, 374641, 170, 3, 0
894, 1, 255, 266, 51, 0, 41.77%, 2, 0, 10, 422.51, 376817, 170, 3, 0
900, 1, 245, 266, 49, 0, 41.77%, 2, 0, 10, 395.29, 378871, 170, 3, 0
900, 1, 30, 266, 49, 0, 41.77%, 2, 0, 10, 404.25, 379209, 170, 3, 0
