# relative_time, cycles_done, cur_item, corpus_count, pending_total, pending_favs, map_size, saved_crashes, saved_hangs, max_depth, execs_per_sec, total_execs, edges_found, total_crashes, servers_count
61, 0, 9, 83, 78, 4, 30.96%, 0, 0, 2, 404.71, 26570, 126, 0, 0
66, 0, 9, 83, 78, 4, 30.96%, 0, 0, 2, 402.77, 28632, 126, 0, 0
71, 0, 9, 86, 81, 4, 30.96%, 0, 0, 2, 470.54, 31069, 126, 0, 0
76, 0, 9, 86, 81, 4, 30.96%, 0, 0, 2, 463.74, 33513, 126, 0, 0
81, 0, 9, 87, 82, 4, 30.96%, 0, 0, 2, 460.23, 35876, 126, 0, 0
86, 0, 9, 89, 84, 4, 31.94%, 0, 0, 2, 491.93, 38376, 130, 0, 0
91, 0, 9, 91, 86, 4, 31.94%, 0, 0, 2, 441.85, 40600, 130, 0, 0
96, 0, 9, 91, 86, 4, 31.94%, 0, 0, 2, 440.08, 42824, 130, 0, 0
101, 0, 9, 92, 87, 4, 31.94%, 0, 0, 2, 436.50, 44975, 130, 0, 0
106, 0, 9, 92, 87, 4, 31.94%, 0, 0, 2, 416.12, 47031, 130, 0, 0
111, 0, 9, 94, 89, 4, 31.94%, 0, 0, 2, 439.94, 49253, 130, 0, 0
117, 0, 9, 95, 90, 4, 31.94%, 0, 0, 2, 435.71, 51468, 130, 0, 0
122, 0, 9, 95, 90, 4, 31.94%, 0, 0, 2, 435.05, 53644, 130, 0, 0
127, 0, 30, 118, 108, 30, 36.61%, 0, 0, 3, 454.61, 55967, 149, 0, 0
132, 0, 103, 121, 106, 26, 36.61%, 0, 0, 3, 452.61, 58367, 149, 0, 0
137, 0, 7, 122, 103, 22, 36.61%, 0, 0, 3, 462.38, 60753, 149, 0, 0
142, 0, 0, 122, 100, 19, 36.61%, 0, 0, 3, 436.45, 62922, 149, 0, 0
147, 0, 22, 125, 99, 15, 36.61%, 0, 0, 4, 446.57, 65208, 149, 0, 0
153, 0, 22, 134, 108, 15, 36.61%, 0, 0, 4, 413.22, 67297, 149, 0, 0
158, 0, 22, 135, 109, 15, 36.61%, 0, 0, 4, 400.30, 69352, 149, 0, 0
163, 0, 22, 138, 112, 15, 36.61%, 0, 0, 4, 443.97, 71629, 149, 0, 0
168, 0, 128, 142, 115, 15, 36.61%, 0, 0, 4, 468.60, 74011, 149, 0, 0
173, 0, 128, 144, 117, 15, 37.35%, 0, 0, 4, 434.98, 76186, 152, 0, 0
178, 0, 128, 147, 120, 15, 37.35%, 0, 0, 4, 416.31, 78367, 152, 0, 0
183, 0, 128, 148, 121, 15, 37.35%, 0, 0, 4, 431.60, 80590, 152, 0, 0
188, 0, 128, 148, 121, 15, 37.35%, 0, 0, 4, 427.06, 82782, 152, 0, 0
194, 0, 128, 149, 122, 15, 37.35%, 0, 0, 4, 425.48, 84949, 152, 0, 0
199, 0, 128, 152, 125, 15, 37.35%, 0, 0, 4, 461.45, 87275, 152, 0, 0
204, 0, 128, 152, 125, 15, 37.35%, 0, 0, 4, 411.00, 89314, 152, 0, 0
209, 0, 128, 154, 127, 15, 37.35%, 0, 0, 4, 408.96, 91440, 152, 0, 0
214, 0, 128, 155, 128, 15, 37.35%, 0, 0, 4, 425.97, 93607, 152, 0, 0
219, 0, 128, 156, 129, 15, 37.35%, 0, 0, 4, 413.93, 95678, 152, 0, 0
224, 0, 128, 158, 131, 15, 37.35%, 0, 0, 4, 413.00, 97765, 152, 0, 0
229, 0, 128, 158, 131, 15, 37.35%, 0, 0, 4, 412.80, 99885, 152, 0, 0
234, 0, 128, 158, 131, 15, 37.35%, 0, 0, 4, 423.81, 102061, 152, 0, 0
239, 0, 128, 158, 131, 15, 37.35%, 0, 0, 4, 414.03, 104165, 152, 0, 0
244, 0, 128, 158, 131, 15, 37.35%, 0, 0, 4, 393.10, 106151, 152, 0, 0
249, 0, 128, 158, 131, 15, 37.35%, 0, 0, 4, 418.63, 108397, 152, 0, 0
254, 0, 128, 158, 131, 15, 37.35%, 0, 0, 4, 449.43, 110664, 152, 0, 0
260, 0, 128, 158, 131, 15, 37.35%, 0, 0, 4, 434.43, 112821, 152, 0, 0
265, 0, 128, 158, 131, 15, 37.35%, 0, 0, 4, 426.82, 115005, 152, 0, 0
270, 0, 128, 160, 133, 15, 37.35%, 0, 0, 4, 428.09, 117107, 152, 0, 0
275, 0, 128, 162, 135, 15, 37.35%, 0, 0, 4, 429.14, 119233, 152, 0, 0
280, 0, 128, 162, 135, 15, 37.35%, 0, 0, 4, 402.87, 121145, 152, 0, 0
285, 0, 128, 162, 135, 15, 37.35%, 0, 0, 4, 429.32, 123265, 152, 0, 0
290, 0, 84, 164, 135, 14, 37.35%, 0, 0, 5, 407.24, 125354, 152, 0, 0
295, 0, 105, 164, 132, 11, 37.35%, 0, 0, 5, 430.56, 127544, 152, 0, 0
300, 0, 104, 164, 128, 8, 37.35%, 0, 0, 5, 406.32, 129519, 152, 0, 0
305, 0, 104, 175, 139, 8, 37.59%, 1, 0, 5, 411.28, 131666, 153, 1, 0
310, 0, 104, 178, 142, 8, 37.59%, 1, 0, 5, 429.19, 133767, 153, 1, 0
315, 0, 104, 178, 142, 8, 37.59%, 1, 0, 5, 428.37, 135903, 153, 1, 0
321, 0, 104, 179, 143, 8, 37.59%, 1, 0, 5, 429.73, 138038, 153, 1, 0
326, 0, 104, 180, 144, 8, 37.59%, 1, 0, 5, 435.80, 140413, 153, 1, 0
331, 0, 104, 182, 146, 8, 37.59%, 1, 0, 5, 436.27, 142627, 153, 1, 0
336, 0, 104, 182, 146, 8, 37.59%, 1, 0, 5, 364.15, 144450, 153, 1, 0
341, 0, 104, 183, 147, 8, 37.59%, 1, 0, 5, 419.82, 146578, 153, 1, 0
346, 0, 104, 185, 149, 8, 37.59%, 1, 0, 5, 409.67, 148680, 153, 1, 0
351, 0, 104, 185, 149, 8, 37.59%, 1, 0, 5, 438.63, 150944, 153, 1, 0
356, 0, 104, 187, 151, 8, 37.59%, 1, 0, 5, 421.90, 153166, 153, 1, 0
361, 0, 104, 188, 152, 8, 37.59%, 1, 0, 5, 403.62, 155301, 153, 1, 0
366, 0, 104, 189, 153, 8, 37.59%, 1, 0, 5, 444.29, 157524, 153, 1, 0
372, 0, 104, 189, 153, 8, 37.59%, 1, 0, 5, 419.93, 159652, 153, 1, 0
377, 0, 104, 189, 153, 8, 37.59%, 1, 0, 5, 403.01, 161668, 153, 1, 0
382, 0, 104, 190, 154, 8, 37.59%, 1, 0, 5, 429.77, 163875, 153, 1, 0
387, 0, 104, 190, 154, 8, 37.59%, 1, 0, 5, 420.52, 165971, 153, 1, 0
392, 0, 104, 190, 154, 8, 37.59%, 1, 0, 5, 424.77, 168083, 153, 1, 0
397, 0, 106, 190, 153, 8, 37.59%, 1, 0, 5, 420.57, 170219, 153, 1, 0
402, 0, 106, 190, 153, 8, 37.59%, 1, 0, 5, 370.67, 172013, 153, 1, 0
407, 0, 164, 190, 152, 7, 37.59%, 1, 0, 5, 400.80, 174051, 153, 1, 0
412, 0, 79, 191, 151, 5, 37.59%, 1, 0, 5, 412.97, 176135, 153, 1, 0
417, 0, 101, 192, 148, 2, 37.59%, 1, 0, 5, 403.37, 178144, 153, 1, 0
422, 0, 192, 196, 151, 3, 38.08%, 1, 0, 5, 428.90, 180352, 155, 1, 0
427, 0, 193, 197, 148, 1, 38.08%, 1, 0, 5, 439.48, 182568, 155, 1, 0
432, 0, 35, 197, 145, 0, 38.08%, 1, 0, 5, 460.42, 184842, 155, 1, 0
437, 0, 25, 197, 142, 0, 38.08%, 1, 0, 5, 451.29, 187129, 155, 1, 0
442, 0, 142, 197, 136, 0, 38.08%, 1, 0, 5, 442.20, 189330, 155, 1, 0
448, 0, 119, 197, 133, 0, 38.08%, 1, 0, 5, 408.15, 191370, 155, 1, 0
453, 0, 109, 197, 130, 0, 38.08%, 1, 0, 5, 446.64, 193632, 155, 1, 0
458, 0, 66, 197, 127, 0, 38.08%, 1, 0, 5, 434.68, 195841, 155, 1, 0
463, 0, 34, 198, 122, 0, 38.08%, 1, 0, 5, 429.30, 198037, 155, 1, 0
468, 0, 106, 199, 122, 0, 38.08%, 1, 0, 5, 435.05, 200220, 155, 1, 0
473, 0, 158, 202, 124, 0, 38.08%, 1, 0, 5, 458.82, 202560, 155, 1, 0
478, 0, 184, 202, 122, 0, 38.08%, 1, 0, 5, 456.18, 204810, 155, 1, 0
483, 0, 122, 203, 121, 0, 38.08%, 1, 0, 5, 433.69, 206981, 155, 1, 0
488, 0, 8, 204, 121, 0, 38.33%, 1, 0, 5, 415.45, 209089, 156, 1, 0
493, 0, 163, 204, 119, 0, 38.33%, 1, 0, 5, 369.96, 210894, 156, 1, 0
498, 0, 203, 205, 118, 0, 38.33%, 1, 0, 5, 388.38, 212879, 156, 1, 0
503, 0, 205, 209, 119, 0, 38.33%, 1, 0, 7, 388.27, 214844, 156, 1, 0
508, 0, 205, 210, 120, 0, 38.33%, 1, 0, 7, 435.29, 217037, 156, 1, 0
514, 0, 205, 212, 122, 0, 38.33%, 1, 0, 7, 401.74, 219115, 156, 1, 0
519, 0, 205, 212, 122, 0, 38.33%, 1, 0, 7, 406.30, 221195, 156, 1, 0
524, 0, 205, 212, 122, 0, 38.33%, 1, 0, 7, 397.88, 223275, 156, 1, 0
529, 0, 157, 213, 119, 0, 38.33%, 1, 0, 7, 433.24, 225531, 156, 1, 0
534, 0, 136, 214, 116, 0, 38.33%, 1, 0, 7, 411.06, 227586, 156, 1, 0
539, 0, 92, 217, 118, 0, 38.33%, 1, 0, 7, 401.58, 229631, 156, 1, 0
544, 0, 191, 218, 117, 0, 38.33%, 1, 0, 7, 456.43, 231905, 156, 1, 0
549, 0, 15, 218, 116, 0, 38.33%, 1, 0, 7, 425.60, 234025, 156, 1, 0
554, 0, 199, 218, 113, 0, 38.33%, 1, 0, 7, 425.17, 236229, 156, 1, 0
559, 0, 202, 218, 109, 0, 38.33%, 1, 0, 7, 412.96, 238273, 156, 1, 0
564, 0, 215, 218, 104, 0, 38.33%, 1, 0, 7, 410.28, 240336, 156, 1, 0
570, 1, 91, 218, 103, 0, 38.33%, 1, 0, 7, 391.09, 242321, 156, 1, 0
575, 1, 213, 218, 99, 0, 38.33%, 1, 0, 7, 403.64, 244330, 156, 1, 0
580, 1, 107, 219, 98, 0, 38.33%, 1, 0, 8, 436.64, 246570, 156, 1, 0
585, 1, 127, 220, 94, 0, 38.33%, 1, 0, 8, 413.35, 248552, 156, 1, 0
590, 1, 41, 220, 91, 0, 38.33%, 1, 0, 8, 421.61, 250738, 156, 1, 0
595, 1, 155, 220, 86, 0, 38.33%, 1, 0, 8, 403.14, 252743, 156, 1, 0
600, 1, 3, 220, 82, 0, 38.33%, 1, 0, 8, 408.44, 254910, 156, 1, 0
605, 1, 113, 220, 78, 0, 38.33%, 1, 0, 8, 416.04, 257051, 156, 1, 0
610, 1, 142, 221, 77, 0, 38.33%, 1, 0, 8, 427.70, 259294, 156, 1, 0
615, 1, 0, 222, 72, 0, 38.33%, 1, 0, 8, 391.28, 261255, 156, 1, 0
620, 1, 188, 224, 73, 0, 38.33%, 1, 0, 8, 412.69, 263341, 156, 1, 0
625, 1, 166, 224, 71, 0, 38.33%, 1, 0, 8, 424.73, 265483, 156, 1, 0
630, 1, 194, 224, 67, 0, 38.33%, 1, 0, 8, 409.48, 267548, 156, 1, 0
636, 1, 179, 224, 65, 0, 38.33%, 1, 0, 8, 394.51, 269561, 156, 1, 0
641, 1, 53, 227, 66, 0, 38.33%, 1, 0, 8, 441.59, 271859, 156, 1, 0
646, 1, 100, 227, 65, 0, 38.33%, 1, 0, 8, 422.53, 274010, 156, 1, 0
651, 1, 140, 227, 60, 0, 38.33%, 1, 0, 8, 446.08, 276244, 156, 1, 0
656, 1, 177, 227, 57, 0, 38.33%, 1, 0, 8, 417.01, 278261, 156, 1, 0
661, 1, 186, 228, 56, 0, 38.33%, 1, 0, 8, 415.79, 280397, 156, 1, 0
666, 1, 40, 228, 53, 0, 38.33%, 1, 0, 8, 395.21, 282462, 156, 1, 0
671, 1, 225, 228, 50, 0, 38.33%, 1, 0, 8, 413.92, 284603, 156, 1, 0
676, 1, 215, 229, 49, 0, 38.57%, 1, 0, 8, 417.12, 286773, 157, 1, 0
681, 1, 198, 229, 46, 0, 38.57%, 1, 0, 8, 435.16, 289061, 157, 1, 0
686, 1, 103, 229, 44, 0, 38.57%, 1, 0, 8, 419.71, 291157, 157, 1, 0
691, 1, 201, 229, 43, 0, 38.57%, 1, 0, 8, 407.69, 293199, 157, 1, 0
697, 1, 168, 229, 42, 0, 38.57%, 1, 0, 8, 404.46, 295245, 157, 1, 0
702, 1, 124, 229, 39, 0, 38.57%, 1, 0, 8, 396.86, 297342, 157, 1, 0
707, 1, 68, 229, 36, 0, 38.57%, 1, 0, 8, 439.58, 299590, 157, 1, 0
712, 1, 212, 230, 31, 0, 38.57%, 1, 0, 8, 421.00, 301739, 157, 1, 0
717, 1, 227, 230, 28, 0, 38.57%, 1, 0, 8, 436.22, 303962, 157, 1, 0
722, 1, 218, 230, 26, 0, 38.57%, 1, 0, 8, 418.19, 306057, 157, 1, 0
727, 1, 230, 232, 27, 2, 39.07%, 1, 0, 8, 417.63, 308199, 159, 1, 0
732, 1, 11, 232, 25, 0, 39.07%, 1, 0, 8, 428.56, 310373, 159, 1, 0
737, 2, 244, 323, 115, 13, 49.39%, 1, 0, 8, 401.34, 312385, 201, 1, 0
742, 2, 244, 333, 125, 13, 49.39%, 1, 0, 8, 407.63, 314499, 201, 1, 0
747, 2, 244, 333, 125, 13, 49.39%, 1, 0, 8, 408.78, 316676, 201, 1, 0
752, 2, 244, 334, 126, 13, 49.39%, 1, 0, 8, 406.71, 318837, 201, 1, 0
757, 2, 244, 334, 126, 13, 49.39%, 1, 0, 8, 431.65, 321078, 201, 1, 0
763, 2, 244, 334, 126, 13, 49.39%, 1, 0, 8, 431.55, 323278, 201, 1, 0
768, 2, 244, 335, 127, 13, 49.39%, 1, 0, 8, 421.23, 325413, 201, 1, 0
773, 2, 244, 335, 127, 13, 49.39%, 1, 0, 8, 416.17, 327477, 201, 1, 0
778, 2, 244, 335, 127, 13, 49.39%, 1, 0, 8, 426.63, 329621, 201, 1, 0
783, 2, 244, 335, 127, 13, 49.39%, 1, 0, 8, 430.74, 331757, 201, 1, 0
788, 2, 244, 335, 127, 13, 49.39%, 1, 0, 8, 403.37, 333837, 201, 1, 0
793, 2, 244, 335, 127, 13, 49.39%, 1, 0, 8, 391.09, 335727, 201, 1, 0
798, 2, 244, 335, 127, 13, 49.39%, 1, 0, 8, 442.37, 338021, 201, 1, 0
803, 2, 244, 335, 127, 13, 49.39%, 1, 0, 8, 418.50, 340037, 201, 1, 0
808, 2, 322, 335, 126, 12, 49.39%, 1, 0, 8, 424.95, 342221, 201, 1, 0
814, 2, 322, 337, 128, 12, 49.39%, 1, 0, 8, 397.68, 344275, 201, 1, 0
819, 2, 274, 337, 127, 11, 49.39%, 1, 0, 8, 412.38, 346346, 201, 1, 0
824, 2, 274, 338, 128, 11, 49.39%, 1, 0, 8, 448.31, 348628, 201, 1, 0
829, 2, 274, 339, 129, 11, 49.39%, 1, 0, 8, 406.16, 350703, 201, 1, 0
834, 2, 271, 340, 129, 10, 49.63%, 1, 0, 8, 413.00, 352840, 202, 1, 0
839, 2, 236, 340, 128, 10, 49.63%, 1, 0, 8, 410.76, 354973, 202, 1, 0
844, 2, 284, 340, 126, 8, 49.63%, 1, 0, 8, 405.25, 356978, 202, 1, 0
849, 2, 255, 340, 124, 6, 49.63%, 1, 0, 8, 401.36, 359101, 202, 1, 0
854, 2, 278, 340, 122, 4, 49.63%, 1, 0, 8, 391.91, 361098, 202, 1, 0
859, 2, 289, 340, 121, 3, 49.63%, 1, 0, 8, 426.40, 363258, 202, 1, 0
864, 2, 289, 340, 121, 3, 49.63%, 1, 0, 8, 375.61, 364980, 202, 1, 0
869, 2, 289, 340, 121, 3, 49.63%, 1, 0, 8, 405.50, 367042, 202, 1, 0
874, 2, 289, 340, 121, 3, 49.63%, 1, 0, 8, 387.65, 368984, 202, 1, 0
879, 2, 289, 340, 121, 3, 49.63%, 1, 0, 8, 390.00, 370958, 202, 1, 0
885, 2, 234, 340, 120, 2, 49.63%, 1, 0, 8, 375.07, 372812, 202, 1, 0
890, 2, 293, 341, 120, 1, 49.63%, 1, 0, 8, 394.67, 374808, 202, 1, 0
895, 2, 298, 341, 118, 0, 49.63%, 1, 0, 8, 403.29, 376946, 202, 1, 0
900, 2, 277, 341, 115, 0, 49.63%, 1, 0, 8, 388.64, 379001, 202, 1, 0
904, 2, 341, 342, 115, 1, 49.88%, 1, 0, 8, 406.00, 380704, 203, 1, 0
