# relative_time, cycles_done, cur_item, corpus_count, pending_total, pending_favs, map_size, saved_crashes, saved_hangs, max_depth, execs_per_sec, total_execs, edges_found, total_crashes, servers_count
60, 0, 9, 69, 64, 4, 30.47%, 0, 0, 2, 429.73, 26604, 124, 0, 0
66, 0, 9, 70, 65, 4, 30.47%, 0, 0, 2, 426.24, 28803, 124, 0, 0
71, 0, 9, 70, 65, 4, 30.47%, 0, 0, 2, 435.14, 30971, 124, 0, 0
76, 0, 9, 70, 65, 4, 30.47%, 0, 0, 2, 411.40, 33028, 124, 0, 0
81, 0, 9, 71, 66, 4, 30.47%, 0, 0, 2, 439.69, 35275, 124, 0, 0
86, 0, 9, 71, 66, 4, 30.47%, 0, 0, 2, 432.05, 37499, 124, 0, 0
91, 0, 9, 71, 66, 4, 30.47%, 0, 0, 2, 431.58, 39715, 124, 0, 0
96, 0, 9, 71, 66, 4, 30.47%, 0, 0, 2, 448.94, 42101, 124, 0, 0
101, 0, 9, 71, 66, 4, 30.47%, 0, 0, 2, 428.27, 44203, 124, 0, 0
106, 0, 9, 72, 67, 4, 30.47%, 0, 0, 2, 404.94, 46298, 124, 0, 0
111, 0, 9, 73, 68, 4, 30.47%, 0, 0, 2, 412.74, 48410, 124, 0, 0
117, 0, 9, 73, 68, 4, 30.47%, 0, 0, 2, 396.96, 50385, 124, 0, 0
122, 0, 9, 74, 69, 4, 30.47%, 0, 0, 2, 398.56, 52529, 124, 0, 0
127, 0, 14, 98, 92, 27, 32.68%, 0, 0, 3, 405.56, 54586, 133, 0, 0
132, 0, 75, 98, 88, 24, 32.68%, 0, 0, 3, 379.22, 56546, 133, 0, 0
137, 0, 24, 99, 83, 19, 32.92%, 0, 0, 3, 421.33, 58695, 134, 0, 0
142, 0, 91, 103, 86, 18, 32.92%, 0, 0, 3, 369.03, 60555, 134, 0, 0
147, 0, 91, 108, 91, 18, 32.92%, 0, 0, 3, 327.87, 62154, 134, 0, 0
152, 0, 91, 114, 97, 18, 32.92%, 0, 0, 3, 352.72, 63948, 134, 0, 0
158, 0, 91, 118, 101, 18, 32.92%, 0, 0, 3, 390.47, 65966, 134, 0, 0
163, 0, 91, 120, 103, 18, 32.92%, 0, 0, 3, 396.04, 67961, 134, 0, 0
168, 0, 91, 122, 105, 18, 32.92%, 0, 0, 3, 384.20, 69900, 134, 0, 0
173, 0, 91, 122, 105, 18, 32.92%, 0, 0, 3, 370.43, 71769, 134, 0, 0
178, 0, 91, 122, 105, 18, 32.92%, 0, 0, 3, 419.85, 73892, 134, 0, 0
183, 0, 91, 122, 105, 18, 32.92%, 0, 0, 3, 391.19, 75857, 134, 0, 0
188, 0, 91, 122, 105, 18, 32.92%, 0, 0, 3, 379.08, 77747, 134, 0, 0
193, 0, 91, 122, 105, 18, 32.92%, 0, 0, 3, 397.91, 79735, 134, 0, 0
198, 0, 91, 123, 106, 18, 32.92%, 0, 0, 3, 375.85, 81625, 134, 0, 0
203, 0, 91, 123, 106, 18, 32.92%, 0, 0, 3, 386.03, 83557, 134, 0, 0
208, 0, 91, 125, 108, 18, 32.92%, 0, 0, 3, 369.04, 85447, 134, 0, 0
213, 0, 91, 125, 108, 18, 32.92%, 0, 0, 3, 389.51, 87463, 134, 0, 0
218, 0, 91, 125, 108, 18, 32.92%, 0, 0, 3, 380.14, 89444, 134, 0, 0
223, 0, 91, 125, 108, 18, 32.92%, 0, 0, 3, 371.84, 91285, 134, 0, 0
228, 0, 91, 125, 108, 18, 32.92%, 0, 0, 3, 373.51, 93196, 134, 0, 0
233, 0, 91, 125, 108, 18, 32.92%, 0, 0, 3, 363.42, 95058, 134, 0, 0
239, 0, 91, 125, 108, 18, 32.92%, 0, 0, 3, 361.70, 96920, 134, 0, 0
244, 0, 91, 125, 108, 18, 32.92%, 0, 0, 3, 381.32, 98824, 134, 0, 0
249, 0, 91, 126, 109, 18, 32.92%, 0, 0, 3, 380.78, 100826, 134, 0, 0
254, 0, 91, 126, 109, 18, 32.92%, 0, 0, 3, 375.16, 102828, 134, 0, 0
259, 0, 91, 126, 109, 18, 32.92%, 0, 0, 3, 365.39, 104662, 134, 0, 0
264, 0, 91, 126, 109, 18, 32.92%, 0, 0, 3, 371.38, 106517, 134, 0, 0
269, 0, 91, 126, 109, 18, 32.92%, 0, 0, 3, 378.42, 108435, 134, 0, 0
274, 0, 91, 126, 109, 18, 32.92%, 0, 0, 3, 393.09, 110409, 134, 0, 0
279, 0, 3, 126, 108, 18, 32.92%, 0, 0, 3, 408.14, 112424, 134, 0, 0
284, 0, 0, 126, 107, 17, 32.92%, 0, 0, 3, 402.18, 114451, 134, 0, 0
289, 0, 92, 134, 114, 16, 33.91%, 0, 0, 3, 431.77, 116628, 138, 0, 0
294, 0, 92, 136, 116, 16, 33.91%, 0, 0, 3, 429.80, 118818, 138, 0, 0
300, 0, 92, 138, 118, 16, 33.91%, 0, 0, 3, 426.18, 120960, 138, 0, 0
305, 0, 92, 139, 119, 16, 33.91%, 0, 0, 3, 450.09, 123287, 138, 0, 0
310, 0, 92, 141, 121, 16, 33.91%, 0, 0, 3, 437.28, 125461, 138, 0, 0
315, 0, 92, 142, 122, 16, 34.15%, 0, 0, 3, 436.14, 127596, 139, 0, 0
320, 0, 92, 144, 124, 16, 34.15%, 0, 0, 3, 442.61, 129850, 139, 0, 0
325, 0, 92, 144, 124, 16, 34.15%, 0, 0, 3, 474.56, 132230, 139, 0, 0
330, 0, 92, 144, 124, 16, 34.15%, 0, 0, 3, 413.54, 134219, 139, 0, 0
335, 0, 92, 146, 126, 16, 34.89%, 0, 0, 3, 446.65, 136521, 142, 0, 0
340, 0, 92, 147, 127, 16, 34.89%, 0, 0, 3, 414.88, 138640, 142, 0, 0
345, 0, 92, 148, 128, 16, 34.89%, 0, 0, 3, 424.25, 140855, 142, 0, 0
350, 0, 92, 148, 128, 16, 34.89%, 0, 0, 3, 422.25, 142999, 142, 0, 0
355, 0, 92, 148, 128, 16, 34.89%, 0, 0, 3, 404.08, 145055, 142, 0, 0
361, 0, 92, 148, 128, 16, 34.89%, 0, 0, 3, 424.14, 147303, 142, 0, 0
366, 0, 92, 148, 128, 16, 34.89%, 0, 0, 3, 431.79, 149575, 142, 0, 0
371, 0, 92, 148, 128, 16, 34.89%, 0, 0, 3, 431.12, 151823, 142, 0, 0
376, 0, 127, 148, 127, 15, 34.89%, 0, 0, 3, 429.67, 153991, 142, 0, 0
381, 0, 150, 153, 130, 14, 34.89%, 0, 0, 4, 414.74, 156177, 142, 0, 0
386, 0, 150, 158, 135, 14, 34.89%, 0, 0, 4, 434.64, 158373, 142, 0, 0
391, 0, 150, 160, 137, 14, 34.89%, 0, 0, 4, 478.33, 160739, 142, 0, 0
396, 0, 150, 161, 138, 14, 34.89%, 0, 0, 4, 452.31, 162996, 142, 0, 0
401, 0, 150, 161, 138, 14, 34.89%, 0, 0, 4, 440.35, 165187, 142, 0, 0
406, 0, 150, 162, 139, 14, 34.89%, 0, 0, 4, 403.17, 167240, 142, 0, 0
411, 0, 144, 162, 137, 12, 34.89%, 0, 0, 4, 481.29, 169757, 142, 0, 0
417, 0, 139, 163, 135, 10, 34.89%, 0, 0, 4, 469.17, 172226, 142, 0, 0
422, 0, 141, 166, 135, 7, 34.89%, 0, 0, 4, 412.85, 174361, 142, 0, 0
427, 0, 141, 171, 140, 7, 34.89%, 0, 0, 4, 427.11, 176540, 142, 0, 0
432, 0, 141, 172, 141, 7, 34.89%, 0, 0, 4, 437.19, 178827, 142, 0, 0
437, 0, 141, 173, 142, 7, 34.89%, 0, 0, 4, 420.98, 180978, 142, 0, 0
442, 0, 141, 176, 145, 7, 34.89%, 0, 0, 4, 416.34, 183111, 142, 0, 0
447, 0, 141, 176, 145, 7, 34.89%, 0, 0, 4, 426.91, 185263, 142, 0, 0
452, 0, 141, 177, 146, 7, 34.89%, 0, 0, 4, 459.80, 187570, 142, 0, 0
457, 0, 141, 178, 147, 7, 34.89%, 0, 0, 4, 427.31, 189709, 142, 0, 0
462, 0, 141, 179, 148, 7, 34.89%, 0, 0, 4, 436.94, 191940, 142, 0, 0
468, 0, 141, 180, 149, 7, 34.89%, 0, 0, 4, 414.03, 194011, 142, 0, 0
473, 0, 141, 180, 149, 7, 34.89%, 0, 0, 4, 427.69, 196211, 142, 0, 0
478, 0, 141, 180, 149, 7, 34.89%, 0, 0, 4, 429.05, 198419, 142, 0, 0
483, 0, 141, 180, 149, 7, 34.89%, 0, 0, 4, 459.82, 200767, 142, 0, 0
488, 0, 141, 180, 149, 7, 34.89%, 0, 0, 4, 428.88, 202963, 142, 0, 0
493, 0, 141, 181, 150, 7, 34.89%, 0, 0, 4, 421.51, 205098, 142, 0, 0
498, 0, 141, 182, 151, 7, 34.89%, 0, 0, 4, 416.77, 207217, 142, 0, 0
503, 0, 141, 182, 151, 7, 34.89%, 0, 0, 4, 465.01, 209574, 142, 0, 0
508, 0, 141, 185, 154, 7, 34.89%, 0, 0, 4, 485.11, 211998, 142, 0, 0
513, 0, 30, 186, 151, 5, 34.89%, 0, 0, 4, 485.35, 214487, 142, 0, 0
519, 0, 74, 186, 147, 1, 34.89%, 0, 0, 4, 426.69, 216534, 142, 0, 0
524, 0, 159, 190, 147, 0, 35.38%, 0, 0, 5, 439.48, 218814, 144, 0, 0
529, 0, 159, 194, 151, 0, 35.38%, 0, 0, 5, 449.80, 221178, 144, 0, 0
534, 0, 159, 194, 151, 0, 35.38%, 0, 0, 5, 457.54, 223502, 144, 0, 0
539, 0, 159, 194, 151, 0, 35.38%, 0, 0, 5, 426.82, 225634, 144, 0, 0
544, 0, 159, 195, 152, 0, 35.38%, 0, 0, 5, 420.00, 227841, 144, 0, 0
549, 0, 159, 195, 152, 0, 35.38%, 0, 0, 5, 440.23, 230041, 144, 0, 0
554, 0, 108, 195, 151, 0, 35.38%, 0, 0, 5, 415.89, 232193, 144, 0, 0
559, 0, 36, 195, 149, 0, 35.38%, 0, 0, 5, 421.75, 234414, 144, 0, 0
565, 0, 88, 195, 147, 0, 35.38%, 0, 0, 5, 393.55, 236463, 144, 0, 0
570, 0, 89, 195, 144, 0, 35.38%, 0, 0, 5, 423.25, 238668, 144, 0, 0
575, 0, 140, 197, 141, 0, 35.38%, 0, 0, 5, 370.32, 240536, 144, 0, 0
580, 0, 161, 200, 141, 0, 35.38%, 0, 0, 5, 430.06, 242736, 144, 0, 0
585, 0, 161, 201, 142, 0, 35.38%, 0, 0, 5, 402.93, 244812, 144, 0, 0
590, 0, 52, 201, 139, 0, 35.38%, 0, 0, 5, 425.40, 247023, 144, 0, 0
595, 0, 110, 202, 138, 0, 35.38%, 0, 0, 5, 416.53, 249134, 144, 0, 0
600, 0, 154, 204, 136, 0, 35.38%, 0, 0, 5, 390.50, 251074, 144, 0, 0
605, 0, 196, 204, 135, 0, 35.38%, 0, 0, 5, 387.96, 253074, 144, 0, 0
610, 0, 60, 205, 135, 0, 35.38%, 0, 0, 5, 417.22, 255216, 144, 0, 0
615, 0, 199, 208, 137, 0, 35.38%, 0, 0, 6, 421.38, 257315, 144, 0, 0
620, 0, 199, 209, 138, 0, 35.38%, 0, 0, 6, 439.31, 259490, 144, 0, 0
626, 0, 199, 209, 138, 0, 35.38%, 0, 0, 6, 415.55, 261538, 144, 0, 0
631, 0, 102, 209, 133, 0, 35.38%, 0, 0, 6, 410.19, 263637, 144, 0, 0
636, 0, 127, 210, 132, 0, 35.38%, 0, 0, 6, 418.42, 265835, 144, 0, 0
641, 0, 196, 210, 131, 0, 35.38%, 0, 0, 6, 429.90, 268081, 144, 0, 0
646, 0, 174, 210, 129, 0, 35.38%, 0, 0, 6, 404.38, 270143, 144, 0, 0
651, 0, 199, 211, 128, 0, 35.38%, 0, 0, 6, 417.74, 272269, 144, 0, 0
656, 0, 113, 213, 128, 0, 35.38%, 0, 0, 6, 402.59, 274351, 144, 0, 0
661, 0, 191, 213, 127, 0, 35.38%, 0, 0, 6, 415.76, 276548, 144, 0, 0
667, 0, 131, 215, 126, 0, 35.38%, 0, 0, 6, 427.23, 278721, 144, 0, 0
672, 0, 211, 215, 124, 0, 35.38%, 0, 0, 6, 471.05, 281129, 144, 0, 0
677, 0, 144, 216, 121, 0, 35.38%, 0, 0, 6, 421.43, 283165, 144, 0, 0
682, 1, 107, 217, 119, 0, 35.38%, 0, 0, 6, 420.14, 285199, 144, 0, 0
687, 1, 214, 218, 119, 0, 35.38%, 0, 0, 6, 436.28, 287381, 144, 0, 0
692, 1, 118, 218, 118, 0, 35.38%, 0, 0, 6, 441.23, 289617, 144, 0, 0
697, 1, 219, 220, 116, 0, 35.38%, 0, 0, 6, 443.25, 291804, 144, 0, 0
702, 1, 103, 220, 114, 0, 35.38%, 0, 0, 6, 441.25, 294026, 144, 0, 0
707, 1, 212, 220, 112, 0, 35.38%, 0, 0, 6, 391.19, 295850, 144, 0, 0
712, 1, 217, 220, 110, 0, 35.38%, 0, 0, 6, 398.89, 297869, 144, 0, 0
717, 1, 120, 220, 107, 0, 35.38%, 0, 0, 6, 408.30, 299969, 144, 0, 0
722, 1, 78, 220, 102, 0, 35.38%, 0, 0, 6, 390.18, 301985, 144, 0, 0
727, 1, 202, 220, 101, 0, 35.38%, 0, 0, 6, 355.95, 303781, 144, 0, 0
732, 1, 203, 220, 98, 0, 35.38%, 0, 0, 6, 440.73, 306047, 144, 0, 0
738, 1, 8, 220, 94, 0, 35.38%, 0, 0, 6, 428.43, 308211, 144, 0, 0
743, 1, 39, 221, 93, 0, 35.38%, 0, 0, 6, 420.43, 310363, 144, 0, 0
748, 1, 84, 221, 89, 0, 35.38%, 0, 0, 6, 398.62, 312481, 144, 0, 0
753, 1, 76, 222, 87, 0, 35.38%, 0, 0, 6, 394.90, 314416, 144, 0, 0
758, 1, 213, 222, 82, 0, 35.38%, 0, 0, 6, 416.81, 316542, 144, 0, 0
763, 1, 51, 222, 78, 0, 35.38%, 0, 0, 6, 446.89, 318754, 144, 0, 0
768, 1, 165, 222, 74, 0, 35.38%, 0, 0, 6, 435.53, 321010, 144, 0, 0
773, 1, 65, 223, 70, 0, 35.38%, 0, 0, 6, 430.17, 323259, 144, 0, 0
778, 1, 105, 223, 68, 0, 35.38%, 0, 0, 6, 419.38, 325393, 144, 0, 0
783, 1, 77, 223, 65, 0, 35.38%, 0, 0, 6, 422.15, 327500, 144, 0, 0
788, 1, 32, 223, 61, 0, 35.38%, 0, 0, 6, 450.94, 329829, 144, 0, 0
793, 1, 111, 223, 58, 0, 35.38%, 0, 0, 6, 417.94, 331912, 144, 0, 0
799, 1, 163, 223, 54, 0, 35.38%, 0, 0, 6, 425.82, 334032, 144, 0, 0
804, 1, 192, 223, 51, 0, 35.38%, 0, 0, 6, 413.73, 336134, 144, 0, 0
809, 1, 223, 225, 51, 2, 35.87%, 0, 0, 6, 420.47, 338237, 146, 0, 0
814, 1, 225, 230, 55, 2, 37.59%, 0, 0, 6, 408.08, 340311, 153, 0, 0
819, 1, 230, 231, 54, 3, 37.84%, 0, 0, 6, 413.08, 342490, 154, 0, 0
824, 1, 226, 233, 55, 2, 38.08%, 0, 0, 6, 424.89, 344640, 155, 0, 0
829, 1, 224, 233, 54, 2, 38.08%, 1, 0, 6, 441.68, 346902, 155, 1, 0
834, 1, 176, 234, 50, 0, 38.08%, 1, 0, 6, 470.72, 349415, 155, 1, 0
839, 1, 231, 234, 47, 0, 38.08%, 1, 0, 6, 464.84, 351749, 155, 1, 0
844, 1, 196, 234, 42, 0, 38.08%, 1, 0, 6, 430.00, 353957, 155, 1, 0
850, 1, 83, 234, 40, 0, 38.08%, 1, 0, 6, 439.28, 356245, 155, 1, 0
855, 1, 127, 234, 37, 0, 38.08%, 1, 0, 6, 424.37, 358363, 155, 1, 0
860, 1, 127, 237, 40, 0, 38.33%, 1, 0, 6, 447.63, 360624, 156, 1, 0
865, 1, 124, 237, 39, 0, 38.33%, 1, 0, 6, 407.01, 362645, 156, 1, 0
870, 1, 100, 237, 37, 0, 38.33%, 1, 0, 6, 400.01, 364598, 156, 1, 0
875, 1, 160, 237, 35, 0, 38.33%, 1, 0, 6, 388.17, 366550, 156, 1, 0
880, 1, 226, 238, 34, 0, 38.33%, 1, 0, 6, 426.22, 368760, 156, 1, 0
885, 1, 151, 238, 31, 0, 38.33%, 1, 0, 6, 451.20, 371013, 156, 1, 0
890, 1, 114, 238, 29, 0, 38.33%, 1, 0, 6, 435.11, 373182, 156, 1, 0
895, 1, 228, 328, 116, 0, 56.51%, 1, 0, 6, 417.00, 375307, 230, 1, 0
900, 2, 265, 419, 206, 30, 60.93%, 1, 0, 6, 441.35, 377535, 248, 1, 0
