# relative_time, cycles_done, cur_item, corpus_count, pending_total, pending_favs, map_size, saved_crashes, saved_hangs, max_depth, execs_per_sec, total_execs, edges_found, total_crashes, servers_count
60, 0, 9, 84, 79, 3, 30.96%, 0, 0, 2, 451.80, 27197, 126, 0, 0
65, 0, 9, 85, 80, 3, 30.96%, 0, 0, 2, 464.64, 29560, 126, 0, 0
70, 0, 9, 86, 81, 3, 30.96%, 0, 0, 2, 426.82, 31715, 126, 0, 0
75, 0, 9, 87, 82, 3, 30.96%, 0, 0, 2, 466.46, 34101, 126, 0, 0
81, 0, 9, 89, 84, 3, 30.96%, 0, 0, 2, 434.97, 36290, 126, 0, 0
86, 0, 9, 89, 84, 3, 30.96%, 0, 0, 2, 435.70, 38554, 126, 0, 0
91, 0, 9, 89, 84, 3, 30.96%, 0, 0, 2, 441.39, 40866, 126, 0, 0
96, 0, 9, 89, 84, 3, 30.96%, 0, 0, 2, 442.59, 43122, 126, 0, 0
101, 0, 9, 89, 84, 3, 30.96%, 0, 0, 2, 421.08, 45290, 126, 0, 0
106, 0, 9, 90, 85, 3, 30.96%, 0, 0, 2, 434.45, 47521, 126, 0, 0
111, 0, 9, 90, 85, 3, 30.96%, 0, 0, 2, 443.38, 49793, 126, 0, 0
116, 0, 9, 92, 87, 3, 30.96%, 0, 0, 2, 439.69, 51975, 126, 0, 0
121, 0, 9, 93, 88, 3, 30.96%, 0, 0, 2, 442.71, 54231, 126, 0, 0
126, 0, 65, 113, 105, 24, 34.64%, 0, 0, 3, 433.25, 56430, 141, 0, 0
131, 0, 65, 122, 114, 24, 34.64%, 0, 0, 3, 448.09, 58702, 141, 0, 0
136, 0, 65, 122, 114, 24, 34.64%, 0, 0, 3, 413.44, 60846, 141, 0, 0
141, 0, 65, 123, 115, 24, 34.64%, 0, 0, 3, 422.24, 63046, 141, 0, 0
147, 0, 65, 125, 117, 24, 34.64%, 0, 0, 3, 458.91, 65419, 141, 0, 0
152, 0, 65, 125, 117, 24, 34.64%, 0, 0, 3, 450.22, 67701, 141, 0, 0
157, 0, 65, 127, 119, 24, 34.64%, 0, 0, 3, 447.78, 69947, 141, 0, 0
162, 0, 65, 128, 120, 24, 34.64%, 0, 0, 3, 443.11, 72186, 141, 0, 0
167, 0, 65, 128, 120, 24, 34.64%, 0, 0, 3, 458.41, 74539, 141, 0, 0
172, 0, 65, 128, 120, 24, 34.64%, 0, 0, 3, 453.16, 76780, 141, 0, 0
177, 0, 65, 129, 121, 24, 34.64%, 0, 0, 3, 448.32, 79127, 141, 0, 0
182, 0, 65, 129, 121, 24, 34.64%, 0, 0, 3, 447.78, 81314, 141, 0, 0
187, 0, 65, 129, 121, 24, 34.64%, 0, 0, 3, 430.51, 83490, 141, 0, 0
192, 0, 12, 130, 119, 23, 34.89%, 0, 0, 3, 415.91, 85538, 142, 0, 0
197, 0, 30, 130, 112, 16, 34.89%, 0, 0, 3, 456.59, 87945, 142, 0, 0
202, 0, 96, 137, 118, 16, 35.14%, 0, 0, 3, 433.02, 90111, 143, 0, 0
208, 0, 96, 166, 147, 16, 38.08%, 1, 0, 3, 442.62, 92423, 155, 1, 0
213, 0, 96, 166, 147, 16, 38.08%, 1, 0, 3, 442.63, 94647, 155, 1, 0
218, 0, 96, 166, 147, 16, 38.08%, 1, 0, 3, 406.97, 96663, 155, 1, 0
223, 0, 96, 169, 150, 16, 38.08%, 1, 0, 3, 422.12, 98788, 155, 1, 0
228, 0, 96, 170, 151, 16, 38.08%, 1, 0, 3, 418.77, 100939, 155, 1, 0
233, 0, 96, 172, 153, 16, 38.33%, 1, 0, 3, 442.58, 103185, 156, 1, 0
238, 0, 96, 173, 154, 16, 38.33%, 1, 0, 3, 417.07, 105328, 156, 1, 0
243, 0, 96, 175, 156, 16, 38.33%, 1, 0, 3, 452.96, 107661, 156, 1, 0
248, 0, 96, 176, 157, 16, 38.33%, 1, 0, 3, 468.69, 110044, 156, 1, 0
254, 0, 96, 176, 157, 16, 38.33%, 1, 0, 3, 439.09, 112229, 156, 1, 0
259, 0, 96, 177, 158, 16, 38.33%, 1, 0, 3, 439.25, 114492, 156, 2, 0
264, 0, 96, 177, 158, 16, 38.33%, 1, 0, 3, 430.74, 116628, 156, 2, 0
269, 0, 96, 177, 158, 16, 38.33%, 1, 0, 3, 469.38, 118988, 156, 2, 0
274, 0, 0, 178, 158, 18, 38.82%, 1, 0, 3, 430.95, 121215, 158, 2, 0
279, 0, 141, 182, 159, 16, 38.82%, 1, 0, 3, 426.27, 123365, 158, 2, 0
284, 0, 141, 191, 168, 16, 38.82%, 1, 0, 3, 431.36, 125547, 158, 2, 0
289, 0, 141, 194, 171, 16, 38.82%, 1, 0, 3, 415.98, 127696, 158, 2, 0
294, 0, 141, 196, 173, 16, 38.82%, 1, 0, 3, 431.31, 129874, 158, 2, 0
299, 0, 141, 196, 173, 16, 38.82%, 1, 0, 3, 433.70, 132054, 158, 2, 0
304, 0, 141, 197, 174, 16, 38.82%, 1, 0, 3, 423.66, 134229, 158, 2, 0
309, 0, 141, 200, 177, 16, 39.31%, 1, 0, 3, 431.87, 136410, 160, 2, 0
314, 0, 141, 201, 178, 16, 39.31%, 1, 0, 3, 454.38, 138689, 160, 2, 0
319, 0, 141, 202, 179, 16, 39.56%, 1, 0, 3, 454.29, 140984, 161, 2, 0
324, 0, 141, 202, 179, 16, 39.56%, 1, 0, 3, 465.51, 143353, 161, 3, 0
329, 0, 141, 202, 179, 16, 39.56%, 1, 0, 3, 443.35, 145512, 161, 3, 0
335, 0, 141, 202, 179, 16, 39.56%, 1, 0, 3, 443.50, 147776, 161, 3, 0
340, 0, 141, 204, 181, 16, 39.56%, 1, 0, 3, 445.06, 150099, 161, 3, 0
345, 0, 141, 204, 181, 16, 39.56%, 1, 0, 3, 424.68, 152182, 161, 3, 0
350, 0, 141, 204, 181, 16, 39.56%, 1, 0, 3, 441.83, 154406, 161, 3, 0
355, 0, 141, 204, 181, 16, 39.56%, 1, 0, 3, 433.07, 156598, 161, 3, 0
360, 0, 141, 205, 182, 16, 39.56%, 1, 0, 3, 450.47, 158877, 161, 3, 0
365, 0, 141, 206, 183, 16, 39.56%, 1, 0, 3, 451.27, 161084, 161, 3, 0
370, 0, 141, 206, 183, 16, 39.56%, 1, 0, 3, 441.59, 163292, 161, 4, 0
375, 0, 141, 206, 183, 16, 39.56%, 1, 0, 3, 434.04, 165500, 161, 4, 0
380, 0, 141, 208, 185, 16, 39.56%, 1, 0, 3, 440.57, 167802, 161, 4, 0
385, 0, 141, 208, 185, 16, 39.56%, 1, 0, 3, 409.26, 169946, 161, 4, 0
391, 0, 141, 208, 185, 16, 39.56%, 1, 0, 3, 452.33, 172132, 161, 4, 0
396, 0, 141, 208, 185, 16, 39.56%, 1, 0, 3, 471.41, 174517, 161, 4, 0
401, 0, 35, 209, 184, 17, 39.80%, 1, 0, 3, 449.43, 176808, 162, 4, 0
406, 0, 22, 210, 181, 14, 39.80%, 1, 0, 3, 436.86, 178982, 162, 4, 0
411, 0, 157, 211, 181, 13, 40.29%, 1, 0, 3, 414.76, 181021, 164, 4, 0
416, 0, 125, 212, 179, 11, 40.29%, 2, 0, 4, 443.83, 183373, 164, 5, 0
421, 0, 191, 214, 180, 10, 40.29%, 2, 0, 4, 442.83, 185570, 164, 5, 0
426, 0, 110, 214, 179, 9, 40.29%, 2, 0, 4, 418.66, 187659, 164, 5, 0
431, 0, 110, 214, 179, 9, 40.29%, 2, 0, 4, 385.92, 189610, 164, 5, 0
436, 0, 110, 214, 179, 9, 40.29%, 2, 0, 4, 374.77, 191507, 164, 5, 0
441, 0, 110, 214, 179, 9, 40.29%, 2, 0, 4, 384.07, 193516, 164, 5, 0
446, 0, 170, 214, 177, 7, 40.29%, 2, 0, 4, 420.28, 195718, 164, 5, 0
452, 0, 198, 216, 177, 5, 40.29%, 2, 0, 4, 450.18, 198031, 164, 5, 0
457, 0, 27, 216, 175, 3, 40.29%, 2, 0, 4, 440.33, 200329, 164, 5, 0
462, 0, 153, 216, 171, 0, 40.29%, 2, 0, 4, 437.44, 202497, 164, 5, 0
467, 0, 80, 217, 169, 0, 40.29%, 2, 0, 4, 441.13, 204726, 164, 5, 0
472, 0, 138, 217, 167, 0, 40.29%, 2, 0, 4, 469.51, 207138, 164, 5, 0
477, 0, 146, 218, 163, 0, 40.29%, 2, 0, 4, 457.72, 209427, 164, 5, 0
482, 0, 181, 218, 160, 0, 40.29%, 2, 0, 4, 449.90, 211682, 164, 5, 0
487, 0, 103, 218, 158, 0, 40.29%, 2, 0, 4, 460.67, 213945, 164, 5, 0
492, 0, 154, 218, 153, 0, 40.29%, 2, 0, 4, 471.92, 216229, 164, 5, 0
497, 0, 80, 218, 150, 0, 40.29%, 2, 0, 4, 458.43, 218572, 164, 5, 0
502, 0, 109, 218, 148, 0, 40.29%, 2, 0, 4, 449.34, 220826, 164, 5, 0
508, 0, 206, 219, 146, 0, 40.29%, 2, 0, 4, 476.00, 223210, 164, 5, 0
513, 0, 186, 219, 141, 0, 40.29%, 2, 0, 4, 466.58, 225567, 164, 5, 0
518, 0, 172, 220, 139, 0, 40.29%, 2, 0, 4, 465.05, 227952, 164, 5, 0
523, 0, 201, 222, 138, 0, 40.29%, 2, 0, 4, 462.20, 230236, 164, 5, 0
528, 0, 117, 223, 137, 0, 40.29%, 2, 0, 5, 476.70, 232689, 164, 5, 0
533, 0, 152, 223, 135, 0, 40.29%, 2, 0, 5, 455.37, 234954, 164, 5, 0
538, 0, 107, 223, 132, 0, 40.29%, 2, 0, 5, 452.27, 237253, 164, 5, 0
543, 0, 138, 224, 131, 0, 40.29%, 2, 0, 5, 424.38, 239429, 164, 5, 0
548, 0, 165, 224, 129, 0, 40.29%, 2, 0, 5, 417.59, 241558, 164, 5, 0
553, 0, 202, 224, 127, 0, 40.29%, 2, 0, 5, 455.70, 243882, 164, 5, 0
558, 0, 89, 224, 123, 0, 40.29%, 2, 0, 5, 451.77, 246276, 164, 5, 0
563, 0, 140, 230, 128, 0, 40.29%, 2, 0, 5, 440.12, 248493, 164, 5, 0
568, 0, 140, 235, 133, 0, 40.29%, 2, 0, 5, 435.71, 250744, 164, 5, 0
573, 0, 140, 238, 136, 0, 40.29%, 2, 0, 5, 440.22, 252933, 164, 5, 0
578, 0, 140, 239, 137, 0, 40.29%, 2, 0, 5, 427.61, 255084, 164, 5, 0
583, 0, 196, 239, 136, 0, 40.29%, 2, 0, 5, 432.33, 257294, 164, 5, 0
589, 0, 200, 242, 138, 0, 40.29%, 2, 0, 5, 429.63, 259447, 164, 5, 0
594, 0, 200, 247, 143, 0, 40.29%, 2, 0, 5, 430.72, 261610, 164, 5, 0
599, 0, 200, 248, 144, 0, 40.29%, 2, 0, 5, 453.46, 263981, 164, 5, 0
604, 0, 200, 249, 145, 0, 40.29%, 2, 0, 5, 437.66, 266232, 164, 5, 0
609, 0, 200, 251, 147, 0, 40.29%, 2, 0, 5, 432.44, 268422, 164, 5, 0
614, 0, 151, 251, 143, 0, 40.29%, 2, 0, 5, 446.39, 270717, 164, 5, 0
619, 0, 228, 252, 142, 0, 40.29%, 2, 0, 5, 443.90, 272957, 164, 5, 0
624, 0, 243, 252, 139, 0, 40.29%, 2, 0, 5, 450.08, 275236, 164, 5, 0
629, 0, 250, 253, 138, 0, 40.29%, 2, 0, 5, 440.17, 277528, 164, 5, 0
634, 0, 180, 253, 136, 0, 40.29%, 2, 0, 5, 467.54, 279913, 164, 5, 0
639, 1, 149, 254, 136, 0, 40.29%, 2, 0, 5, 466.90, 282199, 164, 5, 0
644, 1, 241, 254, 133, 0, 40.29%, 2, 0, 5, 464.60, 284504, 164, 5, 0
650, 1, 145, 257, 134, 0, 40.29%, 2, 0, 5, 455.80, 286825, 164, 5, 0
655, 1, 257, 258, 132, 1, 40.54%, 2, 0, 5, 464.55, 289257, 165, 5, 0
660, 1, 224, 258, 130, 0, 40.54%, 2, 0, 5, 459.61, 291530, 165, 5, 0
665, 1, 182, 258, 125, 0, 40.54%, 2, 0, 5, 444.82, 293746, 165, 5, 0
670, 1, 251, 258, 122, 0, 40.54%, 2, 0, 5, 462.44, 296088, 165, 5, 0
675, 1, 63, 260, 119, 0, 40.54%, 2, 0, 5, 458.46, 298427, 165, 5, 0
680, 1, 45, 260, 116, 0, 40.54%, 2, 0, 5, 458.49, 300807, 165, 5, 0
685, 1, 11, 260, 112, 0, 40.54%, 2, 0, 5, 454.66, 303176, 165, 5, 0
690, 1, 19, 260, 110, 0, 40.54%, 2, 0, 5, 453.75, 305430, 165, 5, 0
695, 1, 192, 260, 108, 0, 40.54%, 2, 0, 5, 439.71, 307556, 165, 5, 0
700, 1, 261, 262, 106, 1, 41.03%, 2, 0, 5, 433.67, 309756, 167, 5, 0
706, 1, 260, 263, 103, 0, 41.28%, 2, 0, 6, 430.15, 311985, 168, 5, 0
711, 1, 246, 263, 100, 0, 41.28%, 2, 0, 6, 460.52, 314286, 168, 5, 0
716, 1, 46, 263, 97, 0, 41.28%, 2, 0, 6, 445.91, 316558, 168, 5, 0
721, 1, 42, 263, 93, 0, 41.28%, 2, 0, 6, 426.92, 318678, 168, 5, 0
726, 1, 249, 263, 89, 0, 41.28%, 2, 0, 6, 446.34, 320982, 168, 5, 0
731, 1, 101, 263, 87, 0, 41.28%, 2, 0, 6, 406.11, 322964, 168, 5, 0
736, 1, 187, 264, 84, 0, 41.52%, 2, 0, 6, 446.90, 325308, 169, 5, 0
741, 1, 258, 264, 82, 0, 41.52%, 2, 0, 6, 454.90, 327599, 169, 5, 0
746, 1, 176, 264, 79, 0, 41.52%, 2, 0, 6, 473.64, 329985, 169, 5, 0
751, 1, 162, 264, 76, 0, 41.52%, 2, 0, 6, 460.43, 332351, 169, 5, 0
756, 1, 245, 264, 75, 0, 41.52%, 2, 0, 6, 463.76, 334678, 169, 5, 0
761, 1, 240, 264, 70, 0, 41.52%, 2, 0, 6, 438.69, 336857, 169, 5, 0
766, 1, 178, 264, 68, 0, 41.52%, 2, 0, 6, 445.74, 339087, 169, 5, 0
771, 1, 205, 264, 66, 0, 41.52%, 2, 0, 6, 462.14, 341393, 169, 5, 0
776, 1, 93, 264, 62, 0, 41.52%, 2, 0, 6, 438.76, 343595, 169, 5, 0
781, 1, 105, 264, 59, 0, 41.52%, 2, 0, 6, 448.13, 345921, 169, 5, 0
787, 1, 238, 264, 55, 0, 41.52%, 2, 0, 6, 473.11, 348437, 169, 5, 0
792, 1, 262, 265, 54, 0, 41.52%, 2, 0, 7, 446.21, 350650, 169, 5, 0
797, 1, 132, 265, 52, 0, 41.52%, 2, 0, 7, 417.13, 352721, 169, 5, 0
802, 1, 0, 265, 47, 0, 41.52%, 2, 0, 7, 440.07, 354971, 169, 5, 0
807, 1, 45, 265, 45, 0, 41.52%, 2, 0, 7, 432.72, 357189, 169, 5, 0
812, 1, 215, 265, 41, 0, 41.52%, 2, 0, 7, 447.50, 359513, 169, 5, 0
817, 1, 157, 266, 39, 0, 41.52%, 2, 0, 7, 449.92, 361788, 169, 5, 0
822, 1, 223, 266, 36, 0, 41.52%, 2, 0, 7, 440.60, 363987, 169, 5, 0
827, 1, 265, 267, 35, 0, 41.52%, 2, 0, 7, 437.24, 366209, 169, 5, 0
832, 1, 24, 267, 32, 0, 41.52%, 2, 0, 7, 459.70, 368549, 169, 5, 0
837, 1, 259, 267, 31, 0, 41.52%, 2, 0, 7, 461.68, 370910, 169, 5, 0
843, 2, 293, 346, 108, 14, 51.11%, 2, 0, 7, 434.91, 373101, 208, 5, 0
848, 2, 311, 346, 107, 13, 51.11%, 2, 0, 7, 404.69, 375201, 208, 5, 0
853, 2, 297, 346, 106, 12, 51.11%, 2, 0, 7, 424.64, 377405, 208, 5, 0
858, 2, 339, 355, 114, 11, 51.11%, 2, 0, 7, 413.60, 379532, 208, 5, 0
863, 2, 289, 356, 114, 10, 51.11%, 2, 0, 7, 381.12, 381322, 208, 5, 0
868, 2, 342, 356, 112, 8, 51.11%, 2, 0, 7, 421.68, 383499, 208, 5, 0
873, 2, 342, 362, 118, 8, 51.60%, 2, 0, 7, 450.77, 385806, 210, 5, 0
878, 2, 356, 364, 118, 10, 51.60%, 2, 0, 7, 439.63, 388014, 210, 5, 0
883, 2, 281, 365, 117, 8, 51.60%, 2, 0, 7, 436.23, 390216, 210, 5, 0
888, 2, 279, 365, 114, 5, 51.60%, 3, 0, 7, 468.77, 392615, 210, 6, 0
893, 2, 359, 365, 112, 3, 51.60%, 3, 0, 7, 446.20, 394835, 210, 6, 0
898, 2, 365, 368, 114, 4, 51.84%, 3, 0, 7, 454.37, 397110, 211, 6, 0
903, 2, 217, 368, 110, 1, 51.84%, 3, 0, 7, 461.68, 399387, 211, 6, 0
909, 2, 336, 368, 108, 0, 51.84%, 3, 0, 7, 448.92, 401617, 211, 6, 0
914, 2, 179, 368, 106, 0, 51.84%, 3, 0, 7, 450.04, 403851, 211, 6, 0
919, 2, 37, 368, 103, 0, 51.84%, 3, 0, 7, 458.25, 406166, 211, 6, 0
924, 2, 347, 369, 102, 0, 51.84%, 6, 0, 7, 450.99, 408408, 211, 12, 0
929, 2, 319, 369, 99, 0, 51.84%, 6, 0, 7, 435.04, 410566, 211, 12, 0
934, 2, 340, 369, 97, 0, 51.84%, 6, 0, 7, 455.27, 412933, 211, 12, 0
939, 2, 302, 370, 95, 0, 51.84%, 6, 0, 7, 441.40, 415119, 211, 12, 0
944, 2, 360, 370, 93, 0, 51.84%, 6, 0, 7, 449.77, 417419, 211, 12, 0
949, 2, 368, 370, 91, 0, 51.84%, 6, 0, 7, 436.15, 419650, 211, 12, 0
954, 2, 354, 370, 89, 0, 51.84%, 6, 0, 7, 428.96, 421809, 211, 12, 0
959, 2, 343, 370, 86, 0, 51.84%, 7, 0, 7, 430.86, 423981, 211, 13, 0
964, 2, 332, 370, 84, 0, 51.84%, 7, 0, 7, 416.25, 426121, 211, 13, 0
969, 2, 348, 370, 82, 0, 51.84%, 7, 0, 7, 443.63, 428421, 211, 13, 0
974, 2, 277, 370, 79, 0, 51.84%, 7, 0, 7, 417.36, 430438, 211, 13, 0
979, 2, 305, 371, 77, 0, 51.84%, 7, 0, 7, 432.39, 432633, 211, 13, 0
984, 2, 317, 371, 75, 0, 51.84%, 7, 0, 7, 435.57, 434830, 211, 13, 0
989, 2, 94, 371, 73, 0, 51.84%, 7, 0, 7, 453.73, 437122, 211, 13, 0
995, 2, 367, 371, 72, 0, 51.84%, 7, 0, 7, 427.94, 439326, 211, 14, 0
1000, 2, 98, 371, 70, 0, 51.84%, 7, 0, 7, 429.93, 441552, 211, 14, 0
1005, 2, 344, 371, 68, 0, 51.84%, 7, 0, 7, 426.55, 443697, 211, 14, 0
1010, 2, 318, 371, 66, 0, 51.84%, 7, 0, 7, 456.92, 446001, 211, 14, 0
1015, 2, 356, 371, 63, 0, 51.84%, 7, 0, 7, 422.77, 448172, 211, 14, 0
1020, 2, 95, 371, 62, 0, 51.84%, 7, 0, 7, 428.35, 450349, 211, 14, 0
1025, 2, 260, 371, 59, 0, 51.84%, 7, 0, 7, 431.69, 452605, 211, 15, 0
1030, 2, 308, 371, 58, 0, 51.84%, 7, 0, 7, 426.88, 454741, 211, 17, 0
1035, 2, 108, 371, 56, 0, 51.84%, 7, 0, 7, 420.57, 456926, 211, 17, 0
1040, 2, 346, 371, 55, 0, 51.84%, 7, 0, 7, 423.33, 459064, 211, 17, 0
1045, 2, 201, 371, 52, 0, 51.84%, 7, 0, 7, 455.63, 461295, 211, 17, 0
1050, 2, 314, 371, 51, 0, 51.84%, 7, 0, 7, 448.60, 463495, 211, 17, 0
1055, 2, 148, 371, 48, 0, 51.84%, 7, 0, 7, 439.53, 465689, 211, 22, 0
1061, 2, 160, 371, 46, 0, 51.84%, 7, 0, 7, 422.28, 467807, 211, 22, 0
1066, 2, 309, 372, 45, 0, 51.84%, 7, 0, 7, 456.63, 470110, 211, 22, 0
1071, 2, 321, 372, 43, 0, 51.84%, 7, 0, 7, 463.07, 472517, 211, 25, 0
1076, 2, 45, 373, 42, 0, 51.84%, 7, 0, 7, 446.89, 474748, 211, 25, 0
1081, 2, 338, 373, 41, 0, 51.84%, 7, 0, 7, 469.62, 477169, 211, 25, 0
1086, 2, 366, 373, 37, 0, 51.84%, 7, 0, 7, 434.30, 479319, 211, 25, 0
1091, 2, 260, 373, 36, 0, 51.84%, 7, 0, 7, 443.70, 481577, 211, 25, 0
1096, 2, 326, 373, 36, 0, 51.84%, 8, 0, 7, 450.39, 483819, 211, 28, 0
1101, 2, 323, 373, 34, 0, 51.84%, 8, 0, 7, 452.08, 486102, 211, 29, 0
1106, 2, 274, 373, 32, 0, 51.84%, 8, 0, 7, 435.83, 488337, 211, 29, 0
1111, 2, 294, 373, 31, 0, 51.84%, 8, 0, 7, 423.20, 490518, 211, 29, 0
1116, 2, 372, 373, 29, 0, 51.84%, 8, 0, 7, 449.61, 492783, 211, 29, 0
1121, 2, 257, 373, 28, 0, 51.84%, 8, 0, 7, 437.66, 494987, 211, 30, 0
1127, 2, 327, 373, 27, 0, 51.84%, 8, 0, 7, 456.85, 497362, 211, 32, 0
1132, 2, 138, 374, 26, 0, 51.84%, 8, 0, 7, 445.72, 499593, 211, 32, 0
1137, 2, 283, 374, 25, 0, 51.84%, 8, 0, 7, 435.14, 501812, 211, 32, 0
1142, 2, 45, 374, 24, 0, 51.84%, 8, 0, 7, 451.09, 504117, 211, 32, 0
1147, 2, 257, 374, 23, 0, 51.84%, 8, 0, 7, 428.56, 506299, 211, 32, 0
1152, 2, 15, 374, 22, 0, 51.84%, 8, 0, 7, 453.89, 508708, 211, 32, 0
1157, 3, 391, 392, 39, 0, 51.84%, 8, 0, 7, 439.10, 510928, 211, 33, 0
1162, 3, 388, 392, 38, 0, 51.84%, 8, 0, 7, 429.40, 513112, 211, 33, 0
1167, 3, 375, 392, 36, 0, 51.84%, 8, 0, 7, 439.11, 515298, 211, 33, 0
1172, 3, 379, 392, 35, 0, 51.84%, 8, 0, 7, 444.44, 517539, 211, 33, 0
1178, 3, 214, 392, 33, 0, 51.84%, 8, 0, 7, 451.77, 519833, 211, 33, 0
1183, 3, 286, 392, 32, 0, 51.84%, 8, 0, 7, 459.54, 522115, 211, 33, 0
1188, 3, 293, 392, 29, 0, 51.84%, 8, 0, 7, 439.85, 524300, 211, 33, 0
1193, 3, 331, 392, 29, 0, 51.84%, 8, 0, 7, 454.33, 526619, 211, 33, 0
1198, 3, 189, 392, 27, 0, 51.84%, 8, 0, 7, 466.79, 528946, 211, 33, 0
1203, 3, 385, 392, 26, 0, 51.84%, 8, 0, 7, 480.21, 531410, 211, 33, 0
1208, 3, 267, 392, 24, 0, 51.84%, 8, 0, 7, 455.51, 533712, 211, 33, 0
1213, 3, 257, 392, 23, 0, 51.84%, 8, 0, 7, 465.97, 536056, 211, 33, 0
1218, 3, 269, 392, 23, 0, 51.84%, 8, 0, 7, 456.09, 538368, 211, 33, 0
1223, 3, 341, 392, 22, 0, 51.84%, 8, 0, 7, 437.78, 540540, 211, 35, 0
1228, 3, 80, 392, 20, 0, 51.84%, 8, 0, 7, 441.33, 542751, 211, 35, 0
1233, 3, 359, 392, 20, 0, 51.84%, 8, 0, 7, 424.06, 544884, 211, 36, 0
1238, 3, 382, 392, 20, 0, 51.84%, 8, 0, 7, 444.23, 547176, 211, 37, 0
1243, 3, 374, 392, 18, 0, 51.84%, 8, 0, 7, 440.20, 549437, 211, 37, 0
1248, 3, 242, 392, 17, 0, 51.84%, 8, 0, 7, 477.43, 551874, 211, 41, 0
1253, 3, 262, 392, 17, 0, 51.84%, 8, 0, 7, 450.25, 554174, 211, 42, 0
1258, 3, 369, 392, 17, 0, 51.84%, 9, 0, 7, 447.16, 556457, 211, 44, 0
1264, 3, 376, 392, 16, 0, 51.84%, 9, 0, 7, 455.80, 558742, 211, 44, 0
1269, 3, 337, 392, 15, 0, 51.84%, 9, 0, 7, 462.85, 561059, 211, 44, 0
1274, 3, 89, 392, 14, 0, 51.84%, 9, 0, 7, 437.53, 563189, 211, 44, 0
1279, 3, 266, 392, 14, 0, 51.84%, 9, 0, 7, 453.43, 565521, 211, 46, 0
1284, 3, 351, 392, 13, 0, 51.84%, 9, 0, 7, 435.58, 567720, 211, 46, 0
1289, 3, 260, 392, 11, 0, 51.84%, 9, 0, 7, 428.53, 569955, 211, 48, 0
1294, 3, 162, 392, 11, 0, 51.84%, 9, 0, 7, 429.25, 572171, 211, 52, 0
1299, 3, 377, 392, 11, 0, 51.84%, 9, 0, 7, 467.41, 574614, 211, 52, 0
1304, 3, 339, 392, 9, 0, 51.84%, 9, 0, 7, 432.33, 576798, 211, 52, 0
1309, 3, 262, 392, 8, 0, 51.84%, 9, 0, 7, 428.70, 578983, 211, 54, 0
1314, 3, 229, 392, 8, 0, 51.84%, 9, 0, 7, 468.10, 581378, 211, 54, 0
1319, 3, 280, 392, 8, 0, 51.84%, 9, 0, 7, 464.52, 583849, 211, 59, 0
1325, 3, 359, 392, 6, 0, 51.84%, 9, 0, 7, 446.19, 586121, 211, 59, 0
1330, 4, 370, 397, 11, 0, 51.84%, 9, 0, 7, 457.77, 588481, 211, 65, 0
1335, 4, 359, 398, 11, 0, 51.84%, 9, 0, 7, 465.98, 590863, 211, 67, 0
1340, 4, 159, 398, 10, 0, 51.84%, 9, 0, 7, 449.39, 593082, 211, 68, 0
1345, 4, 262, 398, 10, 0, 51.84%, 9, 0, 7, 455.16, 595432, 211, 69, 0
1350, 4, 201, 398, 9, 0, 51.84%, 9, 0, 7, 460.58, 597761, 211, 74, 0
1355, 4, 393, 398, 8, 0, 51.84%, 9, 0, 7, 446.74, 600027, 211, 74, 0
1360, 4, 392, 398, 7, 0, 51.84%, 9, 0, 7, 471.76, 602464, 211, 74, 0
1365, 4, 164, 398, 6, 0, 51.84%, 9, 0, 7, 446.69, 604683, 211, 75, 0
1370, 4, 45, 398, 5, 0, 51.84%, 9, 0, 7, 439.52, 606872, 211, 75, 0
1375, 4, 398, 399, 6, 1, 53.07%, 9, 0, 7, 438.19, 609120, 216, 75, 0
1380, 4, 398, 400, 6, 0, 53.07%, 9, 0, 7, 445.25, 611384, 216, 75, 0
1385, 4, 399, 400, 6, 0, 53.07%, 9, 0, 7, 424.94, 613516, 216, 75, 0
1391, 4, 399, 401, 7, 0, 53.07%, 9, 0, 7, 429.15, 615645, 216, 75, 0
1396, 4, 361, 401, 5, 0, 53.07%, 9, 0, 7, 445.00, 617933, 216, 75, 0
1401, 4, 400, 401, 5, 0, 53.07%, 9, 0, 7, 427.18, 620073, 216, 78, 0
1406, 4, 75, 401, 4, 0, 53.07%, 9, 0, 7, 446.38, 622345, 216, 80, 0
1411, 4, 45, 401, 4, 0, 53.07%, 9, 0, 7, 440.13, 624516, 216, 80, 0
1416, 4, 80, 401, 4, 0, 53.07%, 9, 0, 7, 423.31, 626651, 216, 80, 0
1421, 4, 115, 401, 4, 0, 53.07%, 9, 0, 7, 446.71, 628901, 216, 81, 0
1426, 4, 281, 401, 4, 0, 53.07%, 9, 0, 7, 467.73, 631282, 216, 84, 0
1431, 4, 262, 401, 4, 0, 53.07%, 9, 0, 7, 453.00, 633564, 216, 84, 0
1436, 4, 374, 401, 3, 0, 53.07%, 9, 0, 7, 457.79, 635921, 216, 88, 0
1441, 4, 200, 401, 3, 0, 53.07%, 9, 0, 7, 445.60, 638224, 216, 88, 0
1446, 4, 281, 401, 3, 0, 53.07%, 9, 0, 7, 451.64, 640513, 216, 88, 0
1451, 4, 342, 401, 3, 0, 53.07%, 9, 0, 7, 433.72, 642656, 216, 92, 0
1456, 4, 401, 402, 4, 1, 54.55%, 9, 0, 7, 418.80, 644777, 222, 92, 0
1461, 4, 401, 405, 7, 1, 60.69%, 9, 0, 7, 403.58, 646844, 247, 92, 0
1466, 4, 405, 406, 6, 2, 60.69%, 9, 0, 7, 427.34, 649032, 247, 92, 0
1472, 4, 405, 419, 19, 2, 61.18%, 9, 0, 7, 455.21, 651352, 249, 92, 0
1477, 4, 405, 430, 30, 2, 61.92%, 9, 0, 7, 447.07, 653624, 252, 92, 0
1482, 4, 405, 437, 37, 2, 61.92%, 9, 0, 7, 454.28, 655888, 252, 92, 0
1487, 4, 405, 439, 39, 2, 62.16%, 9, 0, 7, 445.27, 658063, 253, 92, 0
1492, 4, 405, 441, 41, 2, 62.41%, 9, 0, 7, 462.44, 660299, 254, 92, 0
1497, 4, 405, 443, 43, 2, 62.65%, 9, 0, 7, 445.99, 662515, 255, 92, 0
1502, 4, 443, 444, 42, 7, 62.90%, 9, 0, 7, 441.92, 664755, 256, 92, 0
1507, 4, 424, 444, 41, 6, 62.90%, 9, 0, 7, 433.78, 666949, 256, 92, 0
1512, 4, 424, 447, 44, 6, 62.90%, 9, 0, 7, 446.14, 669170, 256, 92, 0
1517, 4, 424, 451, 48, 6, 62.90%, 9, 0, 7, 444.32, 671422, 256, 92, 0
1522, 4, 424, 453, 50, 6, 62.90%, 9, 0, 7, 439.15, 673652, 256, 92, 0
1527, 4, 424, 453, 50, 6, 62.90%, 9, 0, 7, 448.45, 676020, 256, 92, 0
1533, 4, 424, 453, 50, 6, 62.90%, 9, 0, 7, 438.84, 678204, 256, 92, 0
1538, 4, 439, 455, 51, 6, 62.90%, 9, 0, 7, 429.27, 680400, 256, 92, 0
1543, 4, 429, 461, 56, 5, 63.14%, 9, 0, 7, 454.49, 682657, 257, 92, 0
1548, 4, 429, 461, 56, 5, 63.14%, 9, 0, 7, 456.53, 684956, 257, 92, 0
1553, 4, 402, 461, 54, 5, 63.14%, 9, 0, 7, 459.39, 687247, 257, 92, 0
1558, 4, 460, 463, 55, 4, 63.14%, 9, 0, 7, 431.67, 689384, 257, 92, 0
1563, 4, 460, 465, 57, 4, 63.14%, 9, 0, 7, 423.87, 691558, 257, 92, 0
1568, 4, 460, 467, 59, 4, 63.14%, 9, 0, 7, 448.81, 693836, 257, 92, 0
1573, 4, 438, 467, 58, 3, 63.14%, 9, 0, 7, 437.91, 696108, 257, 92, 0
1578, 4, 438, 467, 58, 3, 63.14%, 9, 0, 7, 440.48, 698361, 257, 92, 0
1583, 4, 445, 467, 57, 2, 63.14%, 9, 0, 7, 438.95, 700529, 257, 92, 0
1589, 4, 451, 467, 55, 0, 63.14%, 9, 0, 7, 444.65, 702783, 257, 92, 0
1594, 4, 414, 467, 53, 0, 63.14%, 9, 0, 7, 457.09, 705045, 257, 92, 0
1599, 4, 421, 467, 51, 0, 63.14%, 9, 0, 7, 432.01, 707193, 257, 92, 0
1604, 4, 423, 467, 50, 0, 63.14%, 9, 0, 7, 428.35, 709345, 257, 92, 0
1609, 4, 437, 467, 48, 0, 63.14%, 9, 0, 7, 408.63, 711545, 257, 92, 0
1614, 4, 311, 467, 46, 0, 63.14%, 9, 0, 7, 453.19, 713840, 257, 92, 0
1619, 4, 462, 467, 45, 0, 63.14%, 9, 0, 7, 443.15, 716089, 257, 92, 0
1624, 4, 426, 467, 43, 0, 63.14%, 9, 0, 7, 448.79, 718426, 257, 92, 0
1629, 4, 453, 467, 42, 0, 63.14%, 9, 0, 7, 410.73, 720531, 257, 92, 0
1634, 4, 138, 467, 40, 0, 63.14%, 9, 0, 7, 438.28, 722810, 257, 92, 0
1639, 4, 467, 468, 40, 0, 63.14%, 9, 0, 8, 455.70, 725150, 257, 92, 0
1644, 4, 467, 470, 42, 0, 63.14%, 9, 0, 9, 460.91, 727462, 257, 92, 0
1649, 4, 467, 470, 42, 0, 63.14%, 9, 0, 9, 459.81, 729757, 257, 92, 0
1654, 4, 467, 473, 45, 0, 63.14%, 9, 0, 9, 461.09, 732100, 257, 92, 0
1659, 4, 467, 474, 46, 0, 63.14%, 9, 0, 9, 482.42, 734510, 257, 92, 0
1664, 4, 422, 474, 44, 0, 63.14%, 9, 0, 9, 486.62, 736972, 257, 92, 0
1670, 4, 464, 474, 43, 0, 63.14%, 9, 0, 9, 466.07, 739314, 257, 92, 0
1675, 4, 439, 474, 41, 0, 63.14%, 9, 0, 9, 466.38, 741591, 257, 95, 0
1680, 4, 427, 474, 41, 0, 63.14%, 9, 0, 9, 444.65, 743824, 257, 95, 0
1685, 4, 391, 474, 39, 0, 63.14%, 9, 0, 9, 452.62, 746133, 257, 95, 0
1690, 4, 443, 475, 39, 0, 63.39%, 9, 0, 9, 457.32, 748432, 258, 95, 0
1695, 4, 466, 475, 38, 0, 63.39%, 9, 0, 9, 435.53, 750640, 258, 95, 0
1700, 4, 470, 475, 35, 0, 63.39%, 9, 0, 9, 457.44, 753062, 258, 95, 0
1705, 4, 470, 478, 38, 0, 63.39%, 9, 0, 10, 447.22, 755314, 258, 95, 0
1710, 4, 470, 479, 39, 0, 63.39%, 9, 0, 10, 438.95, 757545, 258, 95, 0
1715, 4, 470, 479, 39, 0, 63.39%, 9, 0, 10, 432.70, 759825, 258, 95, 0
1720, 4, 420, 479, 38, 0, 63.39%, 9, 0, 10, 431.84, 762029, 258, 95, 0
1726, 4, 406, 479, 36, 0, 63.39%, 9, 0, 10, 453.97, 764314, 258, 95, 0
1731, 4, 283, 479, 34, 0, 63.39%, 9, 0, 10, 460.78, 766666, 258, 95, 0
1736, 4, 444, 479, 33, 0, 63.39%, 9, 0, 10, 456.66, 769011, 258, 95, 0
1741, 4, 430, 479, 31, 0, 63.39%, 9, 0, 10, 461.52, 771391, 258, 95, 0
1746, 5, 89, 489, 39, 0, 63.64%, 9, 0, 10, 451.19, 773628, 259, 96, 0
1751, 5, 486, 489, 38, 1, 63.64%, 9, 0, 10, 435.34, 775832, 259, 96, 0
1756, 5, 80, 489, 37, 0, 63.64%, 9, 0, 10, 460.15, 778202, 259, 96, 0
1761, 5, 416, 489, 36, 0, 63.64%, 9, 0, 10, 436.39, 780327, 259, 96, 0
1766, 5, 282, 489, 35, 0, 63.64%, 9, 0, 10, 469.28, 782722, 259, 96, 0
1771, 5, 477, 489, 35, 0, 63.64%, 9, 0, 10, 450.82, 785002, 259, 97, 0
1776, 5, 487, 489, 34, 0, 63.64%, 9, 0, 10, 444.16, 787213, 259, 97, 0
1781, 5, 484, 489, 32, 0, 63.64%, 9, 0, 10, 431.79, 789393, 259, 97, 0
1786, 5, 488, 489, 31, 0, 63.64%, 9, 0, 10, 447.69, 791700, 259, 97, 0
1792, 5, 409, 489, 29, 0, 63.64%, 9, 0, 10, 439.12, 793916, 259, 97, 0
1797, 5, 428, 489, 28, 0, 63.64%, 9, 0, 10, 427.91, 796066, 259, 97, 0
1802, 5, 471, 489, 27, 0, 63.64%, 9, 0, 10, 433.19, 798288, 259, 97, 0
1802, 5, 471, 489, 27, 0, 63.64%, 9, 0, 10, 430.05, 798519, 259, 97, 0
