# relative_time, cycles_done, cur_item, corpus_count, pending_total, pending_favs, map_size, saved_crashes, saved_hangs, max_depth, execs_per_sec, total_execs, edges_found, total_crashes, servers_count
60, 0, 9, 67, 62, 4, 30.47%, 0, 0, 2, 418.28, 26263, 124, 0, 0
66, 0, 9, 67, 62, 4, 30.47%, 0, 0, 2, 431.67, 28455, 124, 0, 0
71, 0, 9, 67, 62, 4, 30.47%, 0, 0, 2, 427.08, 30559, 124, 0, 0
76, 0, 9, 69, 64, 4, 30.47%, 0, 0, 2, 419.32, 32725, 124, 0, 0
81, 0, 9, 72, 67, 4, 31.45%, 0, 0, 2, 408.51, 34858, 128, 0, 0
86, 0, 9, 73, 68, 4, 31.70%, 0, 0, 2, 416.88, 37033, 129, 0, 0
91, 0, 9, 73, 68, 4, 31.70%, 0, 0, 2, 417.52, 39217, 129, 0, 0
96, 0, 9, 74, 69, 4, 31.70%, 0, 0, 2, 452.00, 41520, 129, 0, 0
101, 0, 9, 75, 70, 4, 31.70%, 0, 0, 2, 460.90, 43866, 129, 0, 0
106, 0, 9, 76, 71, 4, 31.70%, 0, 0, 2, 515.23, 46452, 129, 0, 0
111, 0, 9, 76, 71, 4, 31.70%, 0, 0, 2, 477.29, 48896, 129, 0, 0
116, 0, 9, 76, 71, 4, 31.70%, 0, 0, 2, 455.56, 51159, 129, 0, 0
122, 0, 9, 77, 72, 4, 31.70%, 0, 0, 2, 441.07, 53455, 129, 0, 0
127, 0, 3, 131, 118, 29, 45.21%, 0, 0, 3, 461.36, 55784, 184, 0, 0
132, 0, 81, 132, 118, 29, 47.67%, 0, 0, 3, 477.33, 58144, 194, 0, 0
137, 0, 110, 132, 116, 27, 47.67%, 0, 0, 3, 412.67, 60236, 194, 0, 0
142, 0, 103, 132, 114, 25, 47.67%, 0, 0, 3, 429.28, 62367, 194, 0, 0
147, 0, 78, 132, 112, 23, 47.67%, 0, 0, 3, 427.50, 64509, 194, 0, 0
152, 0, 131, 143, 122, 23, 53.07%, 0, 0, 3, 411.84, 66623, 216, 0, 0
157, 0, 131, 149, 128, 23, 53.07%, 0, 0, 3, 430.21, 68842, 216, 0, 0
162, 0, 131, 150, 129, 23, 53.07%, 0, 0, 3, 431.91, 71034, 216, 0, 0
167, 0, 131, 150, 129, 23, 53.07%, 0, 0, 3, 426.13, 73170, 216, 0, 0
172, 0, 131, 152, 131, 23, 53.07%, 0, 0, 3, 403.83, 75192, 216, 0, 0
177, 0, 131, 152, 131, 23, 53.07%, 0, 0, 3, 416.45, 77296, 216, 0, 0
183, 0, 131, 152, 131, 23, 53.07%, 0, 0, 3, 429.73, 79488, 216, 0, 0
188, 0, 131, 153, 132, 23, 53.32%, 0, 0, 3, 408.99, 81591, 217, 0, 0
193, 0, 131, 153, 132, 23, 53.32%, 0, 0, 3, 417.75, 83679, 217, 0, 0
198, 0, 131, 153, 132, 23, 53.32%, 0, 0, 3, 452.89, 85972, 217, 0, 0
203, 0, 131, 153, 132, 23, 53.32%, 0, 0, 3, 456.18, 88240, 217, 0, 0
208, 0, 131, 153, 132, 23, 53.32%, 0, 0, 3, 432.01, 90367, 217, 0, 0
213, 0, 131, 154, 133, 23, 53.32%, 0, 0, 3, 417.72, 92470, 217, 0, 0
218, 0, 131, 156, 135, 23, 53.32%, 0, 0, 3, 435.18, 94756, 217, 0, 0
223, 0, 131, 156, 135, 23, 53.32%, 0, 0, 3, 433.16, 96932, 217, 0, 0
228, 0, 131, 157, 136, 23, 53.56%, 0, 0, 3, 425.53, 99083, 218, 0, 0
233, 0, 131, 157, 136, 23, 53.56%, 0, 0, 3, 426.75, 101267, 218, 0, 0
239, 0, 131, 157, 136, 23, 53.56%, 0, 0, 3, 422.09, 103395, 218, 0, 0
244, 0, 131, 157, 136, 23, 53.56%, 0, 0, 3, 415.30, 105459, 218, 0, 0
249, 0, 131, 159, 138, 23, 53.56%, 0, 0, 3, 398.32, 107469, 218, 0, 0
254, 0, 131, 161, 140, 23, 53.56%, 0, 0, 3, 403.15, 109527, 218, 0, 0
259, 0, 131, 162, 141, 23, 53.56%, 0, 0, 3, 417.34, 111679, 218, 0, 0
264, 0, 131, 162, 141, 23, 53.56%, 0, 0, 3, 374.55, 113560, 218, 0, 0
269, 0, 131, 163, 142, 23, 53.56%, 0, 0, 3, 394.86, 115576, 218, 0, 0
274, 0, 131, 163, 142, 23, 53.56%, 0, 0, 3, 404.94, 117648, 218, 0, 0
279, 0, 138, 175, 153, 31, 53.56%, 0, 0, 4, 403.69, 119647, 218, 0, 0
285, 0, 108, 180, 157, 30, 53.56%, 0, 0, 4, 402.75, 121697, 218, 0, 0
290, 0, 147, 180, 155, 28, 53.56%, 0, 0, 4, 374.51, 123664, 218, 0, 0
295, 0, 137, 180, 154, 27, 53.56%, 0, 0, 4, 393.64, 125766, 218, 0, 0
300, 0, 136, 188, 160, 27, 53.81%, 0, 0, 4, 397.86, 127777, 219, 0, 0
305, 0, 85, 188, 159, 26, 53.81%, 0, 0, 4, 408.44, 129852, 219, 0, 0
310, 0, 85, 194, 165, 26, 54.55%, 1, 0, 4, 432.37, 132066, 222, 1, 0
315, 0, 85, 200, 171, 26, 54.55%, 1, 0, 4, 432.51, 134221, 222, 1, 0
320, 0, 85, 205, 176, 26, 55.28%, 1, 0, 4, 422.15, 136448, 225, 1, 0
325, 0, 85, 206, 177, 26, 55.28%, 1, 0, 4, 404.40, 138471, 225, 1, 0
330, 0, 85, 212, 183, 26, 55.28%, 1, 0, 4, 427.24, 140641, 225, 1, 0
335, 0, 85, 214, 185, 26, 55.28%, 1, 0, 4, 410.61, 142712, 225, 1, 0
340, 0, 85, 215, 186, 26, 55.53%, 1, 0, 4, 385.78, 144688, 226, 1, 0
345, 0, 85, 216, 187, 26, 55.53%, 1, 0, 4, 389.30, 146718, 226, 1, 0
351, 0, 85, 218, 189, 26, 55.53%, 1, 0, 4, 409.83, 148836, 226, 1, 0
356, 0, 85, 220, 191, 26, 55.53%, 1, 0, 4, 377.94, 150764, 226, 1, 0
361, 0, 85, 222, 193, 26, 56.27%, 1, 0, 4, 416.69, 152944, 229, 1, 0
366, 0, 85, 223, 194, 26, 56.27%, 1, 0, 4, 396.30, 154991, 229, 1, 0
371, 0, 85, 224, 195, 26, 56.27%, 1, 0, 4, 430.37, 157262, 229, 1, 0
376, 0, 85, 224, 195, 26, 56.27%, 1, 0, 4, 412.92, 159350, 229, 1, 0
381, 0, 214, 224, 193, 28, 56.27%, 1, 0, 4, 406.16, 161462, 229, 1, 0
386, 0, 98, 225, 193, 27, 56.27%, 1, 0, 4, 396.41, 163469, 229, 1, 0
391, 0, 188, 225, 191, 25, 56.27%, 1, 0, 4, 404.13, 165499, 229, 1, 0
397, 0, 156, 225, 189, 23, 56.27%, 1, 0, 4, 381.68, 167337, 229, 1, 0
402, 0, 225, 228, 191, 23, 56.51%, 1, 0, 5, 448.72, 169601, 230, 1, 0
407, 0, 228, 231, 192, 23, 56.51%, 1, 0, 6, 445.84, 171746, 230, 1, 0
412, 0, 192, 233, 193, 22, 56.51%, 1, 0, 7, 446.11, 173975, 230, 1, 0
417, 0, 60, 237, 196, 21, 56.51%, 1, 0, 7, 415.28, 175987, 230, 1, 0
422, 0, 60, 239, 198, 21, 56.51%, 1, 0, 7, 419.24, 178098, 230, 1, 0
427, 0, 60, 240, 199, 21, 56.51%, 1, 0, 7, 426.04, 180249, 230, 1, 0
432, 0, 60, 241, 200, 21, 56.51%, 1, 0, 7, 405.76, 182320, 230, 1, 0
437, 0, 60, 241, 200, 21, 56.51%, 1, 0, 7, 424.87, 184440, 230, 1, 0
442, 0, 60, 242, 201, 21, 56.51%, 1, 0, 7, 431.33, 186599, 230, 1, 0
447, 0, 60, 242, 201, 21, 56.51%, 1, 0, 7, 427.88, 188799, 230, 1, 0
452, 0, 60, 242, 201, 21, 56.51%, 1, 0, 7, 427.69, 191023, 230, 1, 0
457, 0, 60, 242, 201, 21, 56.51%, 1, 0, 7, 420.80, 193167, 230, 1, 0
462, 0, 60, 242, 201, 21, 56.51%, 1, 0, 7, 430.06, 195367, 230, 1, 0
468, 0, 60, 242, 201, 21, 56.51%, 1, 0, 7, 435.30, 197535, 230, 1, 0
473, 0, 60, 242, 201, 21, 56.51%, 1, 0, 7, 417.61, 199647, 230, 1, 0
478, 0, 60, 242, 201, 21, 56.51%, 1, 0, 7, 419.91, 201759, 230, 1, 0
483, 0, 60, 242, 201, 21, 56.51%, 1, 0, 7, 414.90, 203911, 230, 1, 0
488, 0, 60, 243, 202, 21, 56.51%, 1, 0, 7, 434.78, 206142, 230, 1, 0
493, 0, 60, 244, 203, 21, 56.51%, 1, 0, 7, 453.73, 208349, 230, 1, 0
498, 0, 60, 244, 203, 21, 56.51%, 1, 0, 7, 406.88, 210429, 230, 1, 0
503, 0, 60, 244, 203, 21, 56.51%, 1, 0, 7, 400.98, 212477, 230, 1, 0
508, 0, 133, 244, 202, 21, 56.51%, 1, 0, 7, 436.88, 214818, 230, 1, 0
513, 0, 222, 246, 202, 20, 56.51%, 1, 0, 7, 390.07, 216757, 230, 1, 0
519, 0, 100, 246, 201, 19, 56.51%, 1, 0, 7, 399.05, 218787, 230, 1, 0
524, 0, 220, 246, 199, 17, 56.51%, 1, 0, 7, 439.35, 221001, 230, 1, 0
529, 0, 220, 257, 210, 17, 56.51%, 1, 0, 7, 418.09, 223127, 230, 1, 0
534, 0, 220, 258, 211, 17, 56.51%, 1, 0, 7, 421.49, 225286, 230, 1, 0
539, 0, 220, 264, 217, 17, 56.51%, 1, 0, 7, 397.22, 227336, 230, 1, 0
544, 0, 220, 265, 218, 17, 56.51%, 1, 0, 7, 432.17, 229575, 230, 1, 0
549, 0, 220, 269, 222, 17, 56.76%, 1, 0, 7, 429.78, 231747, 231, 1, 0
554, 0, 220, 270, 223, 17, 56.76%, 1, 0, 7, 413.95, 233890, 231, 1, 0
559, 0, 220, 270, 223, 17, 56.76%, 1, 0, 7, 390.86, 235796, 231, 1, 0
564, 0, 220, 270, 223, 17, 56.76%, 1, 0, 7, 416.48, 237890, 231, 1, 0
569, 0, 220, 270, 223, 17, 56.76%, 1, 0, 7, 416.35, 240090, 231, 1, 0
574, 0, 220, 270, 223, 17, 56.76%, 1, 0, 7, 432.62, 242298, 231, 1, 0
580, 0, 220, 271, 224, 17, 56.76%, 2, 0, 7, 376.05, 244168, 231, 3, 0
585, 0, 220, 271, 224, 17, 56.76%, 2, 0, 7, 380.03, 246044, 231, 3, 0
590, 0, 220, 271, 224, 17, 56.76%, 2, 0, 7, 389.04, 248067, 231, 3, 0
595, 0, 220, 271, 224, 17, 56.76%, 2, 0, 7, 436.11, 250425, 231, 3, 0
600, 0, 220, 271, 224, 17, 56.76%, 2, 0, 7, 415.65, 252489, 231, 3, 0
604, 0, 220, 271, 224, 17, 56.76%, 2, 0, 7, 417.14, 254267, 231, 3, 0
