# relative_time, cycles_done, cur_item, corpus_count, pending_total, pending_favs, map_size, saved_crashes, saved_hangs, max_depth, execs_per_sec, total_execs, edges_found, total_crashes, servers_count
61, 0, 225, 231, 177, 1, 47.17%, 1, 0, 4, 1891.33, 116592, 192, 1, 0
66, 0, 225, 240, 186, 1, 47.42%, 1, 0, 4, 1042.12, 125603, 193, 1, 0
71, 0, 187, 243, 186, 2, 47.67%, 1, 0, 5, 1652.36, 134481, 194, 1, 0
76, 0, 66, 248, 188, 1, 47.67%, 1, 0, 5, 788.73, 143865, 194, 1, 0
81, 0, 248, 259, 198, 1, 47.67%, 1, 0, 5, 1735.48, 151671, 194, 1, 0
86, 0, 139, 264, 198, 0, 47.67%, 1, 0, 5, 1757.91, 160494, 194, 1, 0
91, 0, 269, 278, 208, 1, 48.40%, 1, 0, 5, 1999.96, 170968, 197, 1, 0
96, 0, 269, 282, 212, 1, 48.40%, 1, 0, 5, 1862.96, 180468, 197, 1, 0
101, 0, 269, 285, 215, 1, 48.40%, 1, 0, 5, 1937.17, 190712, 197, 1, 0
106, 0, 269, 286, 216, 1, 48.40%, 1, 0, 5, 1849.47, 200142, 197, 1, 0
112, 0, 269, 286, 216, 1, 48.40%, 1, 0, 5, 2423.38, 209096, 197, 1, 0
117, 0, 26, 286, 212, 0, 48.40%, 1, 0, 5, 1990.21, 218660, 197, 1, 0
122, 0, 236, 292, 208, 0, 48.40%, 1, 0, 5, 1867.82, 228305, 197, 1, 0
127, 0, 239, 303, 205, 0, 48.40%, 1, 0, 6, 1783.70, 237234, 197, 1, 0
132, 0, 190, 303, 196, 0, 48.40%, 1, 0, 6, 1857.12, 246486, 197, 1, 0
137, 0, 191, 304, 188, 0, 48.40%, 1, 0, 6, 1965.41, 256530, 197, 1, 0
142, 0, 11, 308, 179, 0, 48.40%, 1, 0, 6, 1913.36, 265923, 197, 1, 0
147, 1, 235, 310, 170, 0, 48.40%, 1, 0, 6, 1878.23, 275371, 197, 1, 0
152, 1, 121, 311, 160, 0, 48.40%, 1, 0, 6, 2009.85, 285638, 197, 1, 0
157, 1, 229, 312, 147, 0, 48.40%, 1, 0, 6, 1966.02, 295012, 197, 1, 0
163, 1, 264, 312, 130, 0, 48.40%, 1, 0, 6, 1972.79, 305202, 197, 1, 0
168, 1, 212, 316, 118, 0, 48.89%, 2, 0, 6, 2032.08, 315855, 199, 2, 0
173, 1, 140, 319, 110, 0, 48.89%, 2, 0, 6, 1934.50, 325365, 199, 2, 0
178, 1, 301, 320, 99, 0, 48.89%, 2, 0, 6, 1936.31, 335404, 199, 2, 0
183, 1, 239, 321, 82, 0, 48.89%, 2, 0, 6, 2017.20, 345597, 199, 2, 0
188, 1, 294, 322, 74, 0, 48.89%, 2, 0, 6, 2002.40, 355647, 199, 2, 0
193, 1, 109, 324, 62, 0, 48.89%, 2, 0, 7, 2018.35, 365797, 199, 2, 0
198, 1, 304, 325, 51, 0, 48.89%, 2, 0, 7, 2002.58, 375807, 199, 2, 0
204, 2, 398, 438, 155, 18, 58.48%, 2, 0, 7, 1954.90, 385955, 238, 2, 0
209, 2, 358, 443, 152, 10, 58.48%, 2, 0, 7, 1920.44, 395732, 238, 2, 0
214, 2, 410, 449, 152, 6, 58.97%, 2, 0, 7, 1907.81, 405410, 240, 2, 0
219, 2, 409, 449, 146, 2, 58.97%, 2, 0, 7, 1882.22, 414206, 240, 2, 0
224, 2, 365, 449, 135, 0, 58.97%, 2, 0, 7, 1971.12, 424081, 240, 2, 0
229, 2, 386, 450, 126, 0, 58.97%, 2, 0, 7, 1936.25, 433720, 240, 3, 0
234, 2, 224, 450, 118, 0, 58.97%, 2, 0, 7, 1468.74, 442227, 240, 4, 0
239, 2, 436, 450, 108, 0, 58.97%, 2, 0, 7, 1854.68, 452410, 240, 4, 0
245, 2, 337, 450, 98, 0, 58.97%, 2, 0, 7, 1872.78, 462307, 240, 4, 0
250, 2, 406, 450, 89, 0, 58.97%, 2, 0, 7, 1897.41, 471999, 240, 4, 0
255, 2, 79, 450, 80, 0, 58.97%, 2, 0, 7, 1969.58, 481868, 240, 4, 0
260, 2, 442, 450, 70, 0, 58.97%, 2, 0, 7, 2082.27, 491068, 240, 4, 0
265, 2, 429, 450, 64, 0, 58.97%, 2, 0, 7, 1888.55, 500532, 240, 4, 0
270, 2, 447, 451, 56, 0, 58.97%, 2, 0, 7, 1769.66, 509464, 240, 4, 0
275, 2, 424, 451, 49, 0, 58.97%, 2, 0, 7, 1927.58, 518608, 240, 4, 0
280, 2, 222, 451, 43, 0, 58.97%, 2, 0, 7, 1745.46, 526457, 240, 4, 0
285, 2, 422, 452, 37, 0, 59.21%, 2, 0, 7, 1940.67, 536674, 241, 4, 0
290, 2, 234, 452, 29, 0, 59.21%, 2, 0, 7, 1997.39, 546788, 241, 4, 0
295, 3, 160, 469, 37, 1, 59.46%, 2, 0, 7, 1949.25, 556464, 242, 4, 0
300, 3, 453, 469, 30, 0, 59.46%, 2, 0, 7, 1934.60, 566420, 242, 4, 0
305, 3, 443, 469, 24, 0, 59.46%, 2, 0, 7, 1940.58, 576303, 242, 4, 0
310, 3, 258, 469, 20, 0, 59.46%, 3, 0, 7, 1959.44, 586157, 242, 5, 0
316, 3, 145, 470, 15, 0, 59.71%, 4, 0, 7, 1942.79, 595981, 243, 6, 0
321, 3, 462, 470, 11, 0, 59.71%, 4, 0, 7, 2017.64, 606483, 243, 6, 0
326, 3, 303, 470, 9, 0, 59.71%, 4, 0, 7, 1972.32, 616318, 243, 6, 0
331, 3, 330, 470, 8, 0, 59.71%, 4, 0, 7, 1946.59, 626252, 243, 6, 0
336, 4, 468, 478, 11, 0, 60.20%, 4, 0, 7, 1977.34, 636017, 245, 6, 0
341, 4, 431, 479, 10, 0, 60.20%, 4, 0, 7, 1862.70, 645286, 245, 6, 0
346, 4, 455, 479, 9, 0, 60.20%, 4, 0, 7, 231.44, 652612, 245, 6, 0
351, 4, 228, 479, 7, 0, 60.20%, 4, 0, 7, 1891.19, 662198, 245, 6, 0
356, 4, 409, 479, 5, 0, 60.20%, 4, 0, 7, 1895.06, 672044, 245, 6, 0
361, 4, 30, 479, 4, 0, 60.20%, 4, 0, 7, 1896.94, 681832, 245, 7, 0
367, 5, 409, 487, 7, 0, 60.93%, 4, 0, 7, 1872.52, 691340, 248, 7, 0
372, 5, 339, 487, 5, 0, 60.93%, 4, 0, 7, 1745.26, 700037, 248, 7, 0
377, 5, 443, 487, 4, 0, 60.93%, 4, 0, 7, 888.71, 708172, 248, 7, 0
382, 5, 450, 487, 2, 0, 60.93%, 4, 0, 7, 1784.16, 718707, 248, 7, 0
387, 5, 242, 487, 2, 0, 60.93%, 4, 0, 7, 1907.03, 728834, 248, 7, 0
393, 5, 27, 487, 2, 0, 60.93%, 4, 0, 7, 1933.09, 738990, 248, 7, 0
398, 6, 121, 490, 4, 0, 60.93%, 4, 0, 7, 1925.17, 749018, 248, 8, 0
403, 6, 239, 490, 3, 0, 60.93%, 4, 0, 7, 1889.28, 758531, 248, 8, 0
408, 6, 313, 490, 2, 0, 60.93%, 4, 0, 7, 1870.69, 768000, 248, 8, 0
413, 6, 333, 490, 2, 0, 60.93%, 4, 0, 7, 1877.20, 777645, 248, 8, 0
418, 6, 10, 490, 2, 0, 60.93%, 4, 0, 7, 1876.89, 787193, 248, 8, 0
423, 7, 313, 493, 4, 0, 60.93%, 4, 0, 7, 1828.02, 796492, 248, 8, 0
428, 7, 477, 493, 3, 0, 60.93%, 4, 0, 7, 1910.91, 806342, 248, 8, 0
433, 7, 82, 493, 2, 0, 60.93%, 4, 0, 7, 1763.59, 815462, 248, 8, 0
439, 7, 370, 493, 1, 0, 60.93%, 4, 0, 7, 1606.16, 823070, 248, 8, 0
444, 7, 329, 493, 1, 0, 60.93%, 4, 0, 7, 1862.50, 832987, 248, 8, 0
449, 7, 82, 493, 1, 0, 60.93%, 4, 0, 7, 2012.46, 841841, 248, 9, 0
454, 8, 459, 495, 2, 0, 60.93%, 4, 0, 7, 1973.17, 851797, 248, 10, 0
459, 8, 469, 495, 2, 0, 60.93%, 4, 0, 7, 1816.96, 860969, 248, 10, 0
464, 8, 459, 495, 2, 0, 60.93%, 4, 0, 7, 1936.43, 870786, 248, 10, 0
469, 8, 148, 495, 2, 0, 60.93%, 4, 0, 7, 1903.24, 880649, 248, 10, 0
474, 8, 107, 495, 1, 0, 60.93%, 4, 0, 7, 1813.25, 889818, 248, 10, 0
479, 9, 30, 496, 2, 0, 60.93%, 4, 0, 7, 1841.11, 899299, 248, 10, 0
485, 9, 481, 496, 2, 0, 60.93%, 4, 0, 7, 1846.18, 908949, 248, 10, 0
490, 9, 469, 496, 2, 0, 60.93%, 4, 0, 7, 1958.59, 919342, 248, 10, 0
495, 9, 451, 496, 1, 0, 60.93%, 4, 0, 7, 1836.60, 928304, 248, 10, 0
500, 9, 254, 496, 1, 0, 60.93%, 4, 0, 7, 1871.07, 938191, 248, 10, 0
505, 10, 481, 496, 1, 0, 60.93%, 4, 0, 7, 1943.42, 948006, 248, 10, 0
510, 10, 493, 496, 0, 0, 60.93%, 4, 0, 7, 1896.43, 957571, 248, 10, 0
515, 10, 469, 496, 0, 0, 60.93%, 4, 0, 7, 1882.14, 967060, 248, 10, 0
520, 10, 239, 496, 0, 0, 60.93%, 4, 0, 7, 1888.17, 976810, 248, 10, 0
525, 10, 330, 496, 0, 0, 60.93%, 4, 0, 7, 2025.67, 986964, 248, 10, 0
530, 11, 75, 496, 0, 0, 60.93%, 4, 0, 7, 1885.35, 996233, 248, 11, 0
536, 11, 91, 496, 0, 0, 60.93%, 4, 0, 7, 1943.29, 1006505, 248, 13, 0
541, 11, 493, 496, 0, 0, 60.93%, 4, 0, 7, 1862.55, 1015511, 248, 13, 0
546, 11, 313, 496, 0, 0, 60.93%, 4, 0, 7, 1850.79, 1024943, 248, 14, 0
551, 11, 423, 496, 0, 0, 60.93%, 4, 0, 7, 1884.36, 1034759, 248, 14, 0
556, 12, 498, 501, 4, 0, 62.16%, 4, 0, 7, 1776.81, 1043659, 253, 14, 0
561, 12, 242, 502, 3, 0, 62.16%, 4, 0, 7, 1885.44, 1053468, 253, 14, 0
566, 12, 499, 502, 2, 0, 62.16%, 4, 0, 7, 1861.38, 1063162, 253, 14, 0
571, 12, 431, 502, 1, 0, 62.16%, 4, 0, 7, 1871.61, 1072531, 253, 14, 0
576, 12, 302, 502, 1, 0, 62.16%, 4, 0, 7, 1912.73, 1081871, 253, 14, 0
581, 12, 410, 502, 0, 0, 62.16%, 4, 0, 7, 1894.21, 1091822, 253, 14, 0
587, 13, 398, 503, 1, 0, 62.16%, 4, 0, 7, 1960.65, 1102103, 253, 14, 0
592, 13, 398, 503, 1, 0, 62.16%, 4, 0, 7, 1956.14, 1111798, 253, 14, 0
597, 13, 481, 503, 0, 0, 62.16%, 4, 0, 7, 2016.98, 1121813, 253, 14, 0
598, 13, 485, 503, 0, 0, 62.16%, 4, 0, 7, 250.00, 1124357, 253, 14, 0
