# relative_time, cycles_done, cur_item, corpus_count, pending_total, pending_favs, map_size, saved_crashes, saved_hangs, max_depth, execs_per_sec, total_execs, edges_found, total_crashes, servers_count
60, 0, 9, 82, 77, 4, 30.96%, 0, 0, 2, 440.71, 27024, 126, 0, 0
66, 0, 9, 83, 78, 4, 30.96%, 0, 0, 2, 438.36, 29191, 126, 0, 0
71, 0, 9, 85, 80, 4, 30.96%, 0, 0, 2, 435.79, 31421, 126, 0, 0
76, 0, 9, 86, 81, 4, 30.96%, 0, 0, 2, 412.38, 33500, 126, 0, 0
81, 0, 9, 86, 81, 4, 30.96%, 0, 0, 2, 408.95, 35620, 126, 0, 0
86, 0, 9, 86, 81, 4, 30.96%, 0, 0, 2, 413.92, 37756, 126, 0, 0
91, 0, 9, 86, 81, 4, 30.96%, 0, 0, 2, 455.07, 40127, 126, 0, 0
96, 0, 9, 87, 82, 4, 30.96%, 0, 0, 2, 434.46, 42284, 126, 0, 0
101, 0, 9, 88, 83, 4, 30.96%, 0, 0, 2, 426.19, 44475, 126, 0, 0
106, 0, 9, 89, 84, 4, 30.96%, 0, 0, 2, 436.70, 46730, 126, 0, 0
111, 0, 9, 89, 84, 4, 30.96%, 0, 0, 2, 461.73, 49068, 126, 0, 0
116, 0, 9, 90, 85, 4, 30.96%, 0, 0, 2, 406.50, 51049, 126, 0, 0
122, 0, 9, 90, 85, 4, 30.96%, 0, 0, 2, 387.65, 52954, 126, 0, 0
127, 0, 66, 129, 123, 31, 42.26%, 0, 0, 2, 396.18, 55048, 172, 0, 0
132, 0, 20, 134, 125, 29, 42.51%, 0, 0, 3, 412.44, 57170, 173, 0, 0
137, 0, 116, 137, 121, 23, 42.51%, 0, 0, 4, 421.16, 59297, 173, 0, 0
142, 0, 116, 152, 136, 23, 43.00%, 0, 0, 4, 435.02, 61510, 175, 0, 0
147, 0, 116, 154, 138, 23, 43.00%, 0, 0, 4, 440.46, 63804, 175, 0, 0
152, 0, 116, 154, 138, 23, 43.00%, 0, 0, 4, 426.71, 65964, 175, 0, 0
157, 0, 116, 154, 138, 23, 43.00%, 0, 0, 4, 415.39, 68028, 175, 0, 0
162, 0, 116, 154, 138, 23, 43.00%, 0, 0, 4, 418.42, 70236, 175, 0, 0
167, 0, 116, 155, 139, 23, 43.00%, 0, 0, 4, 403.41, 72200, 175, 0, 0
172, 0, 116, 155, 139, 23, 43.00%, 0, 0, 4, 406.39, 74236, 175, 0, 0
177, 0, 116, 156, 140, 23, 43.00%, 0, 0, 4, 402.91, 76299, 175, 0, 0
182, 0, 116, 156, 140, 23, 43.00%, 0, 0, 4, 429.13, 78459, 175, 0, 0
188, 0, 116, 156, 140, 23, 43.00%, 0, 0, 4, 408.41, 80475, 175, 0, 0
193, 0, 116, 157, 141, 23, 43.00%, 0, 0, 4, 427.42, 82722, 175, 0, 0
198, 0, 116, 157, 141, 23, 43.00%, 0, 0, 4, 443.85, 85002, 175, 0, 0
203, 0, 116, 157, 141, 23, 43.00%, 0, 0, 4, 429.53, 87130, 175, 0, 0
208, 0, 116, 157, 141, 23, 43.00%, 0, 0, 4, 400.20, 89146, 175, 0, 0
213, 0, 159, 160, 142, 25, 44.23%, 0, 0, 4, 415.23, 91273, 180, 0, 0
218, 0, 157, 160, 140, 23, 44.23%, 0, 0, 4, 410.41, 93373, 180, 0, 0
223, 0, 157, 166, 146, 23, 44.96%, 1, 0, 4, 426.89, 95511, 183, 1, 0
228, 0, 144, 166, 144, 23, 44.96%, 1, 0, 4, 407.44, 97519, 183, 1, 0
233, 0, 144, 166, 144, 23, 44.96%, 1, 0, 4, 398.38, 99588, 183, 1, 0
238, 0, 150, 167, 143, 21, 44.96%, 1, 0, 4, 415.84, 101696, 183, 1, 0
243, 0, 85, 171, 146, 20, 44.96%, 1, 0, 4, 424.38, 103833, 183, 1, 0
248, 0, 85, 173, 148, 20, 44.96%, 1, 0, 4, 437.08, 106087, 183, 1, 0
254, 0, 85, 173, 148, 20, 44.96%, 1, 0, 4, 435.79, 108335, 183, 1, 0
259, 0, 85, 173, 148, 20, 44.96%, 1, 0, 4, 450.65, 110663, 183, 1, 0
264, 0, 85, 173, 148, 20, 44.96%, 1, 0, 4, 444.32, 112943, 183, 1, 0
269, 0, 85, 175, 150, 20, 44.96%, 1, 0, 4, 424.35, 115085, 183, 1, 0
274, 0, 85, 175, 150, 20, 44.96%, 1, 0, 4, 427.33, 117237, 183, 1, 0
279, 0, 85, 176, 151, 20, 44.96%, 1, 0, 4, 420.83, 119364, 183, 1, 0
284, 0, 85, 177, 152, 20, 44.96%, 1, 0, 4, 431.81, 121563, 183, 1, 0
289, 0, 85, 178, 153, 20, 44.96%, 1, 0, 4, 411.30, 123667, 183, 1, 0
294, 0, 85, 178, 153, 20, 44.96%, 1, 0, 4, 435.59, 125923, 183, 1, 0
299, 0, 85, 178, 153, 20, 44.96%, 1, 0, 4, 446.54, 128171, 183, 1, 0
305, 0, 85, 178, 153, 20, 44.96%, 1, 0, 4, 423.09, 130283, 183, 1, 0
310, 0, 85, 179, 154, 20, 44.96%, 1, 0, 4, 395.41, 132314, 183, 1, 0
315, 0, 85, 180, 155, 20, 44.96%, 1, 0, 4, 446.48, 134649, 183, 1, 0
320, 0, 85, 180, 155, 20, 44.96%, 1, 0, 4, 446.59, 137033, 183, 1, 0
325, 0, 85, 180, 155, 20, 44.96%, 1, 0, 4, 438.69, 139201, 183, 1, 0
330, 0, 122, 180, 154, 20, 44.96%, 1, 0, 4, 460.27, 141560, 183, 1, 0
335, 0, 118, 180, 153, 19, 44.96%, 1, 0, 4, 425.79, 143629, 183, 1, 0
340, 0, 162, 180, 150, 16, 44.96%, 1, 0, 4, 446.22, 145959, 183, 1, 0
345, 0, 25, 181, 150, 16, 44.96%, 1, 0, 4, 425.99, 148122, 183, 1, 0
350, 0, 181, 182, 146, 12, 45.21%, 1, 0, 4, 458.82, 150455, 184, 1, 0
355, 0, 111, 182, 143, 9, 45.21%, 1, 0, 4, 429.56, 152607, 184, 1, 0
361, 0, 111, 182, 143, 9, 45.21%, 1, 0, 4, 403.85, 154594, 184, 1, 0
366, 0, 183, 184, 144, 9, 45.21%, 1, 0, 4, 431.03, 156743, 184, 1, 0
371, 0, 127, 187, 146, 8, 45.21%, 1, 0, 4, 411.47, 158863, 184, 1, 0
376, 0, 127, 192, 151, 8, 45.21%, 1, 0, 4, 411.67, 161006, 184, 1, 0
381, 0, 127, 194, 153, 8, 45.21%, 1, 0, 4, 422.35, 163096, 184, 1, 0
386, 0, 127, 195, 154, 8, 45.21%, 1, 0, 4, 423.95, 165159, 184, 1, 0
391, 0, 127, 196, 155, 8, 45.21%, 1, 0, 4, 427.18, 167422, 184, 1, 0
396, 0, 127, 196, 155, 8, 45.21%, 1, 0, 4, 408.44, 169494, 184, 1, 0
401, 0, 127, 196, 155, 8, 45.21%, 1, 0, 4, 412.45, 171582, 184, 1, 0
406, 0, 127, 196, 155, 8, 45.21%, 1, 0, 4, 412.28, 173670, 184, 1, 0
411, 0, 127, 196, 155, 8, 45.21%, 1, 0, 4, 419.55, 175854, 184, 1, 0
416, 0, 127, 196, 155, 8, 45.21%, 1, 0, 4, 425.78, 178030, 184, 1, 0
421, 0, 127, 196, 155, 8, 45.21%, 1, 0, 4, 438.50, 180270, 184, 1, 0
426, 0, 127, 196, 155, 8, 45.21%, 1, 0, 4, 396.13, 182218, 184, 1, 0
432, 0, 127, 196, 155, 8, 45.21%, 1, 0, 4, 450.77, 184481, 184, 1, 0
437, 0, 127, 197, 156, 8, 46.19%, 1, 0, 4, 469.19, 186873, 188, 1, 0
442, 0, 196, 202, 160, 8, 46.93%, 1, 0, 4, 428.79, 188933, 191, 1, 0
447, 0, 196, 207, 165, 8, 46.93%, 1, 0, 4, 425.60, 191128, 191, 1, 0
452, 0, 196, 208, 166, 8, 46.93%, 1, 0, 4, 460.46, 193461, 191, 1, 0
457, 0, 196, 209, 167, 8, 46.93%, 1, 0, 4, 435.37, 195614, 191, 1, 0
462, 0, 196, 209, 167, 8, 46.93%, 1, 0, 4, 420.13, 197766, 191, 1, 0
467, 0, 196, 209, 167, 8, 46.93%, 1, 0, 4, 420.30, 199950, 191, 1, 0
472, 0, 196, 211, 169, 8, 46.93%, 1, 0, 4, 410.48, 202005, 191, 1, 0
477, 0, 196, 211, 169, 8, 46.93%, 1, 0, 4, 431.94, 204205, 191, 1, 0
483, 0, 196, 212, 170, 8, 46.93%, 1, 0, 4, 413.75, 206308, 191, 1, 0
488, 0, 196, 213, 171, 8, 46.93%, 1, 0, 4, 470.16, 208725, 191, 1, 0
493, 0, 196, 214, 172, 8, 46.93%, 1, 0, 4, 429.11, 210858, 191, 1, 0
498, 0, 196, 215, 173, 8, 46.93%, 1, 0, 4, 418.15, 213017, 191, 1, 0
503, 0, 196, 216, 174, 8, 46.93%, 1, 0, 4, 422.11, 215224, 191, 1, 0
508, 0, 196, 216, 174, 8, 46.93%, 1, 0, 4, 405.62, 217312, 191, 1, 0
513, 0, 196, 216, 174, 8, 46.93%, 1, 0, 4, 408.22, 219328, 191, 1, 0
518, 0, 196, 217, 175, 8, 46.93%, 1, 0, 4, 430.41, 221503, 191, 1, 0
523, 0, 196, 217, 175, 8, 46.93%, 1, 0, 4, 432.17, 223695, 191, 1, 0
528, 0, 196, 218, 176, 8, 46.93%, 1, 0, 4, 430.70, 225854, 191, 1, 0
533, 0, 196, 218, 176, 8, 46.93%, 1, 0, 4, 424.04, 228014, 191, 1, 0
539, 0, 196, 218, 176, 8, 46.93%, 1, 0, 4, 408.43, 230062, 191, 1, 0
544, 0, 196, 218, 176, 8, 46.93%, 1, 0, 4, 413.33, 232132, 191, 1, 0
549, 0, 196, 218, 176, 8, 46.93%, 1, 0, 4, 413.05, 234230, 191, 1, 0
554, 0, 196, 218, 176, 8, 46.93%, 1, 0, 4, 406.85, 236342, 191, 1, 0
559, 0, 196, 220, 178, 8, 46.93%, 1, 0, 4, 396.44, 238362, 191, 1, 0
564, 0, 180, 221, 177, 7, 46.93%, 1, 0, 4, 413.13, 240551, 191, 1, 0
569, 0, 49, 221, 173, 3, 46.93%, 1, 0, 4, 384.72, 242468, 191, 1, 0
574, 0, 165, 226, 177, 3, 46.93%, 1, 0, 4, 402.36, 244575, 191, 1, 0
579, 0, 165, 227, 178, 3, 46.93%, 1, 0, 4, 379.80, 246510, 191, 1, 0
585, 0, 165, 227, 178, 3, 46.93%, 1, 0, 4, 396.43, 248575, 191, 1, 0
590, 0, 225, 228, 177, 2, 46.93%, 1, 0, 5, 401.62, 250664, 191, 1, 0
595, 0, 138, 228, 175, 0, 46.93%, 1, 0, 5, 419.33, 252798, 191, 1, 0
600, 0, 116, 229, 174, 0, 47.17%, 1, 0, 5, 407.69, 254828, 192, 1, 0
605, 0, 144, 230, 174, 0, 47.42%, 1, 0, 5, 422.68, 256963, 193, 1, 0
610, 0, 96, 230, 172, 0, 47.42%, 1, 0, 5, 434.52, 259179, 193, 1, 0
615, 0, 216, 230, 168, 0, 47.42%, 1, 0, 5, 407.75, 261263, 193, 1, 0
620, 0, 194, 232, 169, 0, 47.42%, 1, 0, 5, 436.93, 263580, 193, 1, 0
625, 0, 169, 233, 167, 0, 47.42%, 1, 0, 5, 404.72, 265624, 193, 1, 0
630, 0, 137, 233, 164, 0, 47.42%, 1, 0, 5, 411.25, 267709, 193, 1, 0
635, 0, 154, 234, 163, 0, 47.42%, 1, 0, 5, 397.42, 269694, 193, 1, 0
640, 0, 212, 236, 162, 0, 47.67%, 1, 0, 5, 425.87, 271949, 194, 1, 0
645, 0, 155, 264, 189, 0, 47.67%, 1, 0, 5, 435.99, 274180, 194, 1, 0
651, 0, 155, 269, 194, 0, 47.67%, 1, 0, 5, 481.56, 276599, 194, 1, 0
656, 0, 155, 270, 195, 0, 47.67%, 1, 0, 5, 423.73, 278598, 194, 1, 0
661, 0, 155, 270, 195, 0, 47.67%, 1, 0, 5, 417.32, 280718, 194, 1, 0
666, 0, 155, 270, 195, 0, 47.67%, 1, 0, 5, 426.58, 282910, 194, 1, 0
671, 0, 155, 270, 195, 0, 47.67%, 1, 0, 5, 422.97, 285166, 194, 1, 0
676, 0, 149, 270, 194, 0, 47.67%, 1, 0, 5, 437.32, 287377, 194, 1, 0
681, 0, 109, 270, 192, 0, 47.67%, 1, 0, 5, 430.84, 289546, 194, 1, 0
686, 0, 121, 270, 188, 0, 47.67%, 1, 0, 5, 440.47, 291733, 194, 1, 0
691, 0, 225, 270, 185, 0, 47.67%, 1, 0, 5, 437.19, 293973, 194, 1, 0
696, 0, 51, 270, 184, 0, 47.67%, 1, 0, 5, 444.10, 296115, 194, 1, 0
701, 0, 35, 271, 182, 0, 48.16%, 1, 0, 5, 427.18, 298248, 196, 1, 0
707, 0, 107, 272, 181, 0, 48.16%, 1, 0, 5, 402.20, 300340, 196, 1, 0
712, 0, 107, 277, 186, 0, 48.16%, 1, 0, 5, 413.63, 302495, 196, 1, 0
717, 0, 107, 278, 187, 0, 48.16%, 1, 0, 5, 435.24, 304614, 196, 1, 0
722, 0, 107, 280, 189, 0, 48.16%, 1, 0, 5, 427.17, 306772, 196, 1, 0
727, 0, 107, 280, 189, 0, 48.16%, 1, 0, 5, 422.02, 308884, 196, 1, 0
732, 0, 107, 280, 189, 0, 48.16%, 1, 0, 5, 432.81, 311124, 196, 1, 0
737, 0, 107, 282, 191, 0, 48.16%, 1, 0, 5, 431.43, 313354, 196, 1, 0
742, 0, 261, 282, 188, 0, 48.16%, 1, 0, 5, 415.72, 315431, 196, 1, 0
747, 0, 39, 282, 185, 0, 48.16%, 1, 0, 5, 411.16, 317526, 196, 1, 0
752, 0, 93, 282, 182, 0, 48.16%, 1, 0, 5, 456.38, 319810, 196, 1, 0
757, 0, 173, 284, 182, 0, 48.16%, 1, 0, 5, 436.95, 321907, 196, 1, 0
762, 0, 246, 284, 177, 0, 48.16%, 1, 0, 5, 445.88, 324152, 196, 1, 0
767, 0, 69, 284, 175, 0, 48.16%, 1, 0, 5, 439.26, 326397, 196, 1, 0
773, 0, 255, 284, 174, 0, 48.16%, 1, 0, 5, 400.27, 328389, 196, 1, 0
778, 0, 281, 284, 170, 0, 48.16%, 1, 0, 5, 428.56, 330613, 196, 1, 0
783, 0, 281, 295, 181, 0, 48.16%, 1, 0, 5, 448.86, 332968, 196, 1, 0
788, 0, 281, 299, 185, 0, 48.16%, 1, 0, 5, 415.56, 335070, 196, 1, 0
793, 0, 281, 299, 185, 0, 48.16%, 1, 0, 5, 437.46, 337302, 196, 1, 0
798, 0, 281, 299, 185, 0, 48.16%, 1, 0, 5, 416.11, 339406, 196, 1, 0
803, 0, 281, 300, 186, 0, 48.16%, 1, 0, 5, 426.08, 341517, 196, 1, 0
808, 0, 281, 300, 186, 0, 48.16%, 1, 0, 5, 440.18, 343797, 196, 1, 0
813, 0, 244, 300, 184, 0, 48.16%, 1, 0, 5, 402.92, 345830, 196, 1, 0
818, 0, 144, 300, 182, 0, 48.16%, 1, 0, 5, 402.28, 347864, 196, 1, 0
823, 0, 153, 301, 183, 0, 48.16%, 1, 0, 5, 438.09, 350051, 196, 1, 0
828, 0, 118, 302, 180, 0, 48.16%, 1, 0, 5, 457.03, 352426, 196, 1, 0
833, 0, 26, 302, 176, 0, 48.16%, 1, 0, 5, 461.97, 354666, 196, 1, 0
838, 0, 279, 302, 174, 0, 48.16%, 1, 0, 5, 420.26, 356758, 196, 1, 0
843, 0, 145, 302, 171, 0, 48.16%, 1, 0, 5, 426.32, 358930, 196, 1, 0
849, 0, 216, 304, 172, 0, 48.16%, 1, 0, 5, 430.20, 361155, 196, 1, 0
854, 0, 235, 307, 174, 0, 48.16%, 1, 0, 6, 411.34, 363259, 196, 1, 0
859, 0, 237, 307, 173, 0, 48.16%, 1, 0, 6, 390.34, 365214, 196, 1, 0
864, 0, 20, 307, 171, 0, 48.16%, 1, 0, 6, 405.31, 367358, 196, 1, 0
869, 0, 142, 307, 170, 0, 48.16%, 1, 0, 6, 418.49, 369454, 196, 1, 0
874, 0, 307, 308, 169, 1, 48.16%, 1, 0, 6, 418.53, 371605, 196, 1, 0
879, 1, 245, 309, 167, 0, 48.16%, 1, 0, 6, 403.37, 373586, 196, 1, 0
884, 1, 250, 309, 165, 0, 48.16%, 1, 0, 6, 417.36, 375695, 196, 1, 0
889, 1, 100, 309, 161, 0, 48.16%, 1, 0, 6, 408.97, 377667, 196, 1, 0
894, 1, 310, 311, 161, 1, 48.65%, 1, 0, 6, 412.22, 379796, 198, 1, 0
899, 1, 310, 312, 162, 1, 48.65%, 1, 0, 6, 397.80, 381824, 198, 1, 0
902, 1, 141, 312, 159, 0, 48.65%, 1, 0, 6, 410.01, 382979, 198, 1, 0
