# relative_time, cycles_done, cur_item, corpus_count, pending_total, pending_favs, map_size, saved_crashes, saved_hangs, max_depth, execs_per_sec, total_execs, edges_found, total_crashes, servers_count
61, 0, 8, 60, 52, 24, 32.68%, 0, 0, 2, 363.07, 25645, 133, 0, 0
66, 0, 8, 60, 52, 24, 32.68%, 0, 0, 2, 372.99, 27507, 133, 0, 0
71, 0, 8, 60, 52, 24, 32.68%, 0, 0, 2, 428.29, 29692, 133, 0, 0
76, 0, 8, 60, 52, 24, 32.68%, 0, 0, 2, 462.44, 32029, 133, 0, 0
81, 0, 8, 60, 52, 24, 32.68%, 0, 0, 2, 400.23, 34012, 133, 0, 0
86, 0, 8, 60, 52, 24, 32.68%, 0, 0, 2, 406.53, 36044, 133, 0, 0
91, 0, 8, 60, 52, 24, 32.68%, 0, 0, 2, 401.94, 38180, 133, 0, 0
96, 0, 8, 60, 52, 24, 32.68%, 0, 0, 2, 391.56, 40135, 133, 0, 0
101, 0, 8, 60, 52, 24, 32.68%, 0, 0, 2, 375.34, 42067, 133, 0, 0
107, 0, 8, 60, 52, 24, 32.68%, 0, 0, 2, 345.83, 43867, 133, 0, 0
112, 0, 8, 60, 52, 24, 32.68%, 0, 0, 2, 374.24, 45820, 133, 0, 0
117, 0, 8, 60, 52, 24, 32.68%, 0, 0, 2, 377.06, 47773, 133, 0, 0
122, 0, 15, 60, 46, 18, 32.68%, 0, 0, 2, 401.75, 49775, 133, 0, 0
127, 0, 20, 68, 50, 14, 32.68%, 0, 0, 2, 435.88, 51941, 133, 0, 0
132, 0, 20, 78, 60, 14, 33.66%, 0, 0, 2, 467.60, 54384, 137, 0, 0
137, 0, 20, 87, 69, 14, 34.15%, 0, 0, 2, 421.29, 56505, 139, 0, 0
142, 0, 20, 90, 72, 14, 34.15%, 0, 0, 2, 417.64, 58596, 139, 0, 0
147, 0, 20, 94, 76, 14, 34.15%, 0, 0, 2, 437.67, 60857, 139, 0, 0
152, 0, 20, 99, 81, 14, 34.15%, 0, 0, 2, 444.17, 63164, 139, 0, 0
157, 0, 20, 101, 83, 14, 34.15%, 0, 0, 2, 436.68, 65346, 139, 0, 0
162, 0, 20, 101, 83, 14, 34.15%, 0, 0, 2, 428.89, 67466, 139, 0, 0
167, 0, 20, 103, 85, 14, 34.89%, 0, 0, 2, 443.80, 69777, 142, 0, 0
172, 0, 20, 106, 88, 14, 34.89%, 0, 0, 2, 445.67, 72063, 142, 0, 0
178, 0, 20, 109, 91, 14, 34.89%, 0, 0, 2, 448.41, 74314, 142, 0, 0
183, 0, 20, 111, 93, 14, 35.14%, 0, 0, 2, 409.46, 76337, 143, 0, 0
188, 0, 20, 113, 95, 14, 35.38%, 0, 0, 2, 444.49, 78759, 144, 0, 0
193, 0, 20, 115, 97, 14, 35.38%, 0, 0, 2, 454.35, 81053, 144, 0, 0
198, 0, 20, 117, 99, 14, 35.38%, 0, 0, 2, 441.11, 83251, 144, 0, 0
203, 0, 20, 117, 99, 14, 35.38%, 0, 0, 2, 417.93, 85395, 144, 0, 0
208, 0, 20, 118, 100, 14, 35.38%, 0, 0, 2, 392.90, 87340, 144, 0, 0
213, 0, 20, 119, 101, 14, 35.38%, 0, 0, 2, 396.81, 89391, 144, 0, 0
218, 0, 34, 129, 109, 14, 37.59%, 1, 0, 3, 412.26, 91544, 153, 1, 0
223, 0, 35, 131, 110, 15, 37.59%, 1, 0, 3, 398.23, 93564, 153, 1, 0
228, 0, 35, 135, 114, 15, 37.59%, 1, 0, 3, 432.81, 95827, 153, 1, 0
233, 0, 35, 135, 114, 15, 37.59%, 1, 0, 3, 445.15, 98028, 153, 1, 0
239, 0, 35, 138, 117, 15, 39.80%, 1, 0, 3, 420.15, 100121, 162, 1, 0
244, 0, 35, 138, 117, 15, 39.80%, 1, 0, 3, 406.31, 102169, 162, 1, 0
249, 0, 70, 140, 116, 12, 39.80%, 1, 0, 3, 409.70, 104237, 162, 1, 0
254, 0, 84, 153, 126, 10, 39.80%, 1, 0, 3, 433.81, 106465, 162, 1, 0
259, 0, 84, 155, 128, 10, 39.80%, 1, 0, 3, 412.39, 108543, 162, 1, 0
264, 0, 84, 156, 129, 10, 39.80%, 1, 0, 3, 389.67, 110531, 162, 1, 0
269, 0, 84, 157, 130, 10, 39.80%, 1, 0, 3, 414.43, 112661, 162, 1, 0
274, 0, 84, 157, 130, 10, 39.80%, 1, 0, 3, 416.24, 114829, 162, 1, 0
279, 0, 84, 157, 130, 10, 39.80%, 1, 0, 3, 388.91, 116796, 162, 1, 0
284, 0, 84, 157, 130, 10, 39.80%, 1, 0, 3, 395.05, 118773, 162, 1, 0
289, 0, 84, 158, 131, 10, 39.80%, 1, 0, 3, 421.88, 120932, 162, 1, 0
294, 0, 84, 158, 131, 10, 39.80%, 1, 0, 3, 428.82, 123116, 162, 1, 0
299, 0, 84, 158, 131, 10, 39.80%, 1, 0, 3, 407.24, 125205, 162, 1, 0
305, 0, 84, 158, 131, 10, 39.80%, 1, 0, 3, 427.71, 127405, 162, 1, 0
310, 0, 84, 158, 131, 10, 39.80%, 1, 0, 3, 420.15, 129549, 162, 1, 0
315, 0, 84, 158, 131, 10, 39.80%, 1, 0, 3, 434.33, 131813, 162, 1, 0
320, 0, 84, 158, 131, 10, 39.80%, 1, 0, 3, 420.57, 133965, 162, 1, 0
325, 0, 84, 159, 132, 10, 39.80%, 1, 0, 3, 504.73, 136660, 162, 1, 0
330, 0, 84, 159, 132, 10, 39.80%, 1, 0, 3, 452.55, 138879, 162, 1, 0
335, 0, 84, 159, 132, 10, 39.80%, 1, 0, 3, 425.81, 141020, 162, 1, 0
340, 0, 84, 159, 132, 10, 39.80%, 1, 0, 3, 415.90, 143092, 162, 1, 0
346, 0, 84, 160, 133, 10, 39.80%, 1, 0, 3, 420.34, 145243, 162, 1, 0
351, 0, 84, 160, 133, 10, 39.80%, 1, 0, 3, 412.80, 147283, 162, 1, 0
356, 0, 84, 161, 134, 10, 39.80%, 1, 0, 3, 477.83, 149846, 162, 1, 0
361, 0, 84, 161, 134, 10, 39.80%, 1, 0, 3, 431.41, 152010, 162, 1, 0
366, 0, 84, 161, 134, 10, 39.80%, 1, 0, 3, 411.59, 154050, 162, 1, 0
371, 0, 84, 161, 134, 10, 39.80%, 1, 0, 3, 437.71, 156362, 162, 1, 0
376, 0, 109, 164, 135, 9, 39.80%, 1, 0, 3, 400.92, 158362, 162, 1, 0
381, 0, 109, 167, 138, 9, 39.80%, 1, 0, 3, 404.18, 160423, 162, 1, 0
386, 0, 109, 167, 138, 9, 39.80%, 1, 0, 3, 411.32, 162575, 162, 1, 0
391, 0, 111, 167, 137, 9, 39.80%, 1, 0, 3, 416.40, 164689, 162, 1, 0
396, 0, 111, 174, 144, 9, 39.80%, 1, 0, 3, 396.69, 166660, 162, 1, 0
401, 0, 111, 175, 145, 9, 39.80%, 1, 0, 3, 403.27, 168792, 162, 1, 0
406, 0, 111, 175, 145, 9, 39.80%, 1, 0, 3, 424.68, 170888, 162, 1, 0
412, 0, 111, 176, 146, 9, 39.80%, 1, 0, 3, 420.74, 173031, 162, 1, 0
417, 0, 111, 177, 147, 9, 39.80%, 1, 0, 3, 410.43, 175110, 162, 1, 0
422, 0, 111, 177, 147, 9, 39.80%, 1, 0, 3, 428.93, 177238, 162, 1, 0
427, 0, 111, 177, 147, 9, 39.80%, 1, 0, 3, 397.74, 179302, 162, 1, 0
432, 0, 111, 177, 147, 9, 39.80%, 1, 0, 3, 450.71, 181598, 162, 1, 0
437, 0, 111, 178, 148, 9, 39.80%, 1, 0, 3, 458.38, 183920, 162, 1, 0
442, 0, 111, 178, 148, 9, 39.80%, 1, 0, 3, 427.24, 186069, 162, 1, 0
447, 0, 111, 178, 148, 9, 39.80%, 1, 0, 3, 430.40, 188237, 162, 1, 0
452, 0, 111, 178, 148, 9, 39.80%, 1, 0, 3, 425.68, 190365, 162, 1, 0
457, 0, 111, 178, 148, 9, 39.80%, 1, 0, 3, 445.44, 192621, 162, 1, 0
462, 0, 111, 178, 148, 9, 39.80%, 1, 0, 3, 443.94, 194886, 162, 1, 0
467, 0, 111, 178, 148, 9, 39.80%, 1, 0, 3, 420.85, 196998, 162, 1, 0
472, 0, 111, 178, 148, 9, 39.80%, 1, 0, 3, 423.17, 199102, 162, 1, 0
477, 0, 111, 178, 148, 9, 39.80%, 1, 0, 3, 425.00, 201262, 162, 1, 0
483, 0, 112, 178, 147, 8, 39.80%, 1, 0, 3, 427.88, 203439, 162, 1, 0
488, 0, 120, 197, 164, 6, 43.49%, 1, 0, 4, 410.38, 205547, 177, 1, 0
493, 0, 120, 203, 170, 6, 44.23%, 1, 0, 4, 409.28, 207645, 180, 1, 0
498, 0, 120, 204, 171, 6, 44.23%, 1, 0, 4, 388.13, 209599, 180, 1, 0
503, 0, 120, 205, 172, 6, 44.23%, 1, 0, 4, 408.43, 211676, 180, 1, 0
508, 0, 120, 206, 173, 6, 44.23%, 1, 0, 4, 410.20, 213723, 180, 1, 0
513, 0, 120, 207, 174, 6, 44.23%, 1, 0, 4, 416.45, 215770, 180, 1, 0
518, 0, 120, 207, 174, 6, 44.23%, 1, 0, 4, 384.25, 217733, 180, 1, 0
523, 0, 120, 207, 174, 6, 44.23%, 1, 0, 4, 425.93, 219946, 180, 1, 0
528, 0, 120, 207, 174, 6, 44.23%, 1, 0, 4, 413.28, 222010, 180, 1, 0
533, 0, 120, 207, 174, 6, 44.23%, 1, 0, 4, 421.79, 224107, 180, 1, 0
538, 0, 120, 207, 174, 6, 44.23%, 1, 0, 4, 408.17, 226187, 180, 1, 0
543, 0, 120, 207, 174, 6, 44.23%, 1, 0, 4, 407.86, 228243, 180, 1, 0
548, 0, 120, 207, 174, 6, 44.23%, 1, 0, 4, 410.26, 230323, 180, 1, 0
554, 0, 120, 207, 174, 6, 44.23%, 1, 0, 4, 427.31, 232475, 180, 1, 0
559, 0, 120, 208, 175, 6, 44.23%, 1, 0, 4, 412.16, 234602, 180, 1, 0
564, 0, 120, 208, 175, 6, 44.23%, 1, 0, 4, 437.95, 236851, 180, 1, 0
569, 0, 120, 209, 176, 6, 44.23%, 1, 0, 4, 425.79, 239010, 180, 1, 0
574, 0, 120, 210, 177, 6, 44.23%, 1, 0, 4, 416.15, 241129, 180, 1, 0
579, 0, 120, 210, 177, 6, 44.23%, 1, 0, 4, 460.84, 243353, 180, 1, 0
584, 0, 136, 213, 177, 11, 44.23%, 1, 0, 4, 437.17, 245537, 180, 1, 0
589, 0, 187, 225, 184, 6, 44.23%, 1, 0, 5, 443.54, 247806, 180, 1, 0
594, 0, 207, 225, 180, 3, 44.23%, 1, 0, 5, 415.87, 249919, 180, 1, 0
600, 1, 35, 226, 175, 0, 44.23%, 1, 0, 6, 441.22, 252223, 180, 1, 0
605, 1, 37, 232, 181, 0, 44.23%, 1, 0, 6, 423.47, 254330, 180, 1, 0
610, 1, 37, 234, 183, 0, 44.23%, 1, 0, 6, 390.18, 256308, 180, 1, 0
615, 1, 37, 235, 184, 0, 44.23%, 1, 0, 6, 392.20, 258366, 180, 1, 0
620, 1, 37, 235, 184, 0, 44.23%, 1, 0, 6, 393.05, 260368, 180, 1, 0
625, 1, 51, 247, 194, 1, 44.72%, 1, 0, 6, 395.03, 262393, 182, 1, 0
630, 1, 259, 283, 226, 4, 45.95%, 1, 0, 6, 390.95, 264370, 187, 1, 0
635, 2, 17, 283, 222, 0, 45.95%, 1, 0, 6, 420.02, 266557, 187, 1, 0
640, 2, 283, 285, 220, 1, 46.19%, 1, 0, 6, 399.54, 268534, 188, 1, 0
645, 2, 283, 285, 220, 1, 46.19%, 1, 0, 6, 398.72, 270522, 188, 1, 0
650, 2, 283, 285, 220, 1, 46.19%, 1, 0, 6, 365.14, 272328, 188, 1, 0
655, 2, 283, 285, 220, 1, 46.19%, 1, 0, 6, 355.88, 274169, 188, 1, 0
660, 2, 285, 286, 219, 0, 46.19%, 1, 0, 6, 381.01, 276123, 188, 1, 0
665, 4, 288, 289, 219, 1, 46.44%, 1, 0, 6, 401.57, 278189, 189, 1, 0
670, 5, 54, 289, 211, 0, 46.44%, 1, 0, 6, 415.81, 280309, 189, 1, 0
675, 5, 99, 290, 201, 0, 46.44%, 1, 0, 6, 400.14, 282305, 189, 1, 0
681, 5, 139, 290, 190, 0, 46.44%, 4, 0, 6, 432.41, 284507, 189, 7, 0
686, 5, 190, 291, 179, 0, 46.44%, 4, 0, 6, 403.75, 286513, 189, 7, 0
691, 5, 202, 294, 179, 0, 46.44%, 4, 0, 6, 377.88, 288488, 189, 7, 0
696, 5, 202, 297, 182, 0, 48.65%, 4, 0, 6, 411.74, 290613, 198, 7, 0
701, 5, 202, 297, 182, 0, 48.65%, 4, 0, 6, 410.60, 292677, 198, 7, 0
706, 5, 202, 297, 182, 0, 48.65%, 4, 0, 6, 428.51, 294813, 198, 7, 0
711, 5, 243, 297, 180, 2, 48.65%, 4, 0, 6, 427.47, 296965, 198, 7, 0
716, 5, 298, 300, 181, 1, 48.65%, 4, 0, 7, 450.90, 299205, 198, 7, 0
721, 5, 298, 311, 192, 1, 48.65%, 4, 0, 7, 431.43, 301392, 198, 7, 0
726, 5, 298, 312, 193, 1, 48.65%, 4, 0, 7, 421.98, 303471, 198, 7, 0
731, 5, 298, 318, 199, 1, 48.65%, 4, 0, 7, 422.71, 305553, 198, 7, 0
736, 5, 298, 320, 201, 1, 48.89%, 4, 0, 7, 418.99, 307695, 199, 7, 0
741, 5, 298, 320, 201, 1, 48.89%, 4, 0, 7, 403.63, 309663, 199, 7, 0
747, 5, 298, 320, 201, 1, 48.89%, 4, 0, 7, 412.86, 311807, 199, 7, 0
752, 5, 298, 321, 202, 1, 49.14%, 4, 0, 7, 428.23, 313982, 200, 7, 0
757, 5, 298, 321, 202, 1, 49.14%, 4, 0, 7, 424.58, 316142, 200, 7, 0
762, 5, 298, 322, 203, 1, 49.14%, 4, 0, 7, 415.07, 318253, 200, 7, 0
767, 5, 298, 323, 204, 1, 49.14%, 4, 0, 7, 414.00, 320332, 200, 7, 0
772, 5, 298, 324, 205, 1, 49.14%, 4, 0, 7, 397.44, 322427, 200, 7, 0
777, 5, 298, 324, 205, 1, 49.14%, 4, 0, 7, 387.65, 324401, 200, 7, 0
782, 5, 298, 324, 205, 1, 49.14%, 4, 0, 7, 405.68, 326523, 200, 7, 0
787, 5, 298, 325, 206, 1, 49.14%, 4, 0, 7, 416.82, 328674, 200, 7, 0
793, 5, 298, 325, 206, 1, 49.14%, 4, 0, 7, 366.33, 330505, 200, 7, 0
798, 5, 298, 325, 206, 1, 49.14%, 4, 0, 7, 397.95, 332563, 200, 7, 0
803, 5, 298, 325, 206, 1, 49.14%, 4, 0, 7, 403.25, 334690, 200, 7, 0
808, 5, 298, 325, 206, 1, 49.14%, 4, 0, 7, 425.26, 336866, 200, 7, 0
813, 5, 298, 327, 208, 1, 49.14%, 4, 0, 7, 428.39, 339072, 200, 7, 0
818, 5, 298, 327, 208, 1, 49.14%, 4, 0, 7, 404.21, 341064, 200, 7, 0
823, 5, 298, 327, 208, 1, 49.14%, 4, 0, 7, 440.99, 343304, 200, 7, 0
828, 5, 298, 327, 208, 1, 49.14%, 4, 0, 7, 425.77, 345448, 200, 7, 0
833, 5, 298, 328, 209, 1, 49.14%, 4, 0, 7, 390.42, 347347, 200, 7, 0
838, 5, 298, 328, 209, 1, 49.14%, 4, 0, 7, 406.25, 349344, 200, 7, 0
843, 5, 298, 328, 209, 1, 49.14%, 4, 0, 7, 406.64, 351401, 200, 7, 0
848, 5, 319, 328, 207, 2, 49.14%, 4, 0, 7, 424.11, 353514, 200, 7, 0
853, 5, 319, 328, 207, 2, 49.14%, 4, 0, 7, 395.91, 355510, 200, 7, 0
859, 5, 328, 329, 206, 1, 49.14%, 4, 0, 8, 421.64, 357769, 200, 7, 0
864, 5, 329, 330, 206, 1, 49.39%, 4, 0, 9, 452.85, 360127, 201, 7, 0
869, 5, 330, 331, 206, 0, 49.39%, 4, 0, 10, 385.39, 361962, 201, 7, 0
874, 5, 330, 333, 208, 0, 49.39%, 4, 0, 11, 423.54, 364164, 201, 7, 0
879, 5, 331, 335, 209, 1, 49.39%, 4, 0, 12, 441.98, 366322, 201, 7, 0
884, 5, 331, 335, 209, 1, 49.39%, 4, 0, 12, 420.57, 368418, 201, 7, 0
889, 5, 331, 336, 210, 1, 49.39%, 4, 0, 12, 417.66, 370449, 201, 7, 0
894, 5, 336, 352, 224, 0, 52.09%, 4, 0, 12, 431.85, 372675, 212, 7, 0
899, 6, 339, 352, 223, 7, 52.09%, 6, 0, 12, 445.56, 374896, 212, 11, 0
904, 6, 341, 352, 221, 5, 52.09%, 7, 0, 12, 403.48, 376898, 212, 19, 0
906, 6, 347, 352, 220, 4, 52.09%, 7, 0, 12, 386.93, 377658, 212, 19, 0
