# relative_time, cycles_done, cur_item, corpus_count, pending_total, pending_favs, map_size, saved_crashes, saved_hangs, max_depth, execs_per_sec, total_execs, edges_found, total_crashes, servers_count
61, 0, 9, 78, 73, 3, 30.71%, 0, 0, 2, 407.67, 27545, 125, 0, 0
66, 0, 9, 79, 74, 3, 30.71%, 0, 0, 2, 412.45, 29624, 125, 0, 0
71, 0, 9, 79, 74, 3, 30.71%, 0, 0, 2, 440.66, 31921, 125, 0, 0
76, 0, 9, 79, 74, 3, 30.71%, 0, 0, 2, 444.75, 34161, 125, 0, 0
81, 0, 9, 81, 76, 3, 30.71%, 0, 0, 2, 447.81, 36418, 125, 0, 0
86, 0, 9, 81, 76, 3, 30.71%, 0, 0, 2, 423.01, 38495, 125, 0, 0
91, 0, 9, 81, 76, 3, 30.71%, 0, 0, 2, 458.12, 40873, 125, 0, 0
96, 0, 9, 81, 76, 3, 30.71%, 0, 0, 2, 424.03, 42999, 125, 0, 0
101, 0, 9, 81, 76, 3, 30.71%, 0, 0, 2, 404.65, 45031, 125, 0, 0
106, 0, 9, 82, 77, 3, 30.71%, 0, 0, 2, 397.51, 47016, 125, 0, 0
111, 0, 9, 84, 79, 3, 30.71%, 0, 0, 2, 403.66, 48997, 125, 0, 0
117, 0, 9, 85, 80, 3, 30.71%, 0, 0, 2, 431.98, 51252, 125, 0, 0
122, 0, 9, 87, 82, 3, 30.96%, 0, 0, 2, 431.55, 53474, 126, 0, 0
124, 0, 61, 106, 100, 29, 35.14%, 0, 0, 2, 434.90, 54637, 143, 0, 0
