# relative_time, cycles_done, cur_item, corpus_count, pending_total, pending_favs, map_size, saved_crashes, saved_hangs, max_depth, execs_per_sec, total_execs, edges_found, total_crashes, servers_count
61, 0, 157, 200, 180, 29, 42.75%, 0, 0, 3, 2041.04, 123913, 174, 0, 0
66, 0, 157, 200, 180, 29, 42.75%, 0, 0, 3, 2003.72, 133993, 174, 0, 0
71, 0, 157, 203, 183, 29, 42.75%, 0, 0, 3, 2053.56, 144637, 174, 0, 0
76, 0, 157, 203, 183, 29, 42.75%, 0, 0, 3, 1887.35, 153892, 174, 0, 0
81, 0, 8, 203, 181, 28, 42.75%, 0, 0, 3, 1903.67, 163346, 174, 0, 0
86, 0, 127, 208, 177, 19, 43.49%, 0, 0, 3, 1935.45, 172963, 177, 0, 0
91, 0, 127, 219, 188, 19, 43.49%, 0, 0, 3, 1928.22, 182654, 177, 0, 0
96, 0, 127, 223, 192, 19, 43.49%, 0, 0, 3, 1892.06, 192107, 177, 0, 0
101, 0, 127, 226, 195, 19, 43.49%, 0, 0, 3, 1886.80, 201590, 177, 0, 0
106, 0, 127, 226, 195, 19, 43.49%, 0, 0, 3, 2015.14, 211776, 177, 0, 0
111, 0, 127, 226, 195, 19, 43.49%, 0, 0, 3, 2057.83, 222216, 177, 0, 0
116, 0, 150, 233, 193, 15, 44.23%, 1, 0, 3, 1981.12, 232202, 180, 1, 0
122, 0, 116, 236, 179, 0, 44.23%, 1, 0, 3, 1914.68, 241871, 180, 1, 0
127, 0, 113, 240, 167, 0, 44.23%, 1, 0, 3, 2096.24, 251025, 180, 1, 0
132, 0, 15, 241, 155, 0, 44.23%, 1, 0, 3, 2063.72, 261205, 180, 1, 0
137, 1, 88, 243, 139, 0, 44.23%, 1, 0, 3, 1988.92, 271393, 180, 1, 0
142, 1, 238, 244, 122, 0, 44.23%, 1, 0, 3, 2055.37, 281749, 180, 1, 0
147, 1, 165, 246, 106, 0, 44.23%, 1, 0, 4, 1921.42, 291523, 180, 1, 0
152, 1, 14, 248, 88, 0, 44.23%, 1, 0, 4, 1924.01, 301239, 180, 1, 0
157, 1, 166, 248, 68, 0, 44.23%, 1, 0, 4, 1957.40, 310044, 180, 1, 0
162, 1, 117, 249, 58, 0, 44.23%, 1, 0, 4, 1953.13, 319661, 180, 1, 0
167, 1, 82, 249, 40, 0, 44.23%, 1, 0, 4, 2064.22, 329983, 180, 1, 0
172, 2, 345, 358, 140, 16, 58.48%, 1, 0, 4, 1977.48, 339979, 238, 1, 0
177, 2, 358, 365, 139, 11, 58.72%, 1, 0, 4, 1799.93, 348892, 239, 1, 0
182, 2, 308, 385, 152, 5, 58.72%, 1, 0, 4, 1746.24, 357372, 239, 1, 0
187, 2, 369, 385, 140, 0, 58.72%, 1, 0, 4, 1921.92, 367302, 239, 1, 0
192, 2, 375, 410, 164, 0, 58.97%, 1, 0, 4, 1992.90, 377352, 240, 1, 0
198, 2, 397, 410, 154, 0, 58.97%, 1, 0, 4, 2026.39, 387881, 240, 1, 0
203, 2, 254, 410, 144, 0, 58.97%, 1, 0, 4, 1979.84, 397773, 240, 1, 0
208, 2, 85, 410, 134, 0, 58.97%, 1, 0, 4, 1971.57, 407670, 240, 1, 0
213, 2, 391, 410, 124, 0, 58.97%, 1, 0, 4, 2013.79, 417772, 240, 1, 0
218, 2, 285, 410, 114, 0, 58.97%, 1, 0, 4, 1739.72, 426278, 240, 1, 0
223, 2, 334, 410, 105, 0, 58.97%, 1, 0, 4, 1981.24, 436567, 240, 1, 0
228, 2, 377, 411, 97, 0, 58.97%, 1, 0, 4, 1888.91, 446424, 240, 1, 0
233, 2, 396, 411, 88, 0, 58.97%, 1, 0, 4, 1830.26, 455048, 240, 1, 0
238, 2, 0, 414, 83, 0, 58.97%, 1, 0, 4, 1883.68, 464682, 240, 1, 0
243, 2, 325, 414, 73, 0, 58.97%, 1, 0, 4, 2018.23, 474844, 240, 1, 0
248, 2, 287, 415, 65, 0, 58.97%, 1, 0, 4, 1972.47, 484873, 240, 1, 0
253, 2, 414, 416, 58, 0, 59.21%, 1, 0, 4, 1993.66, 494945, 241, 1, 0
258, 2, 252, 416, 50, 0, 59.21%, 1, 0, 4, 1928.19, 504464, 241, 1, 0
263, 2, 393, 417, 44, 0, 59.46%, 1, 0, 4, 1950.42, 514749, 242, 1, 0
269, 2, 360, 418, 36, 0, 59.46%, 1, 0, 4, 2006.20, 525148, 242, 1, 0
274, 3, 370, 433, 42, 0, 61.18%, 1, 0, 4, 2030.04, 535701, 249, 1, 0
279, 3, 257, 434, 36, 0, 61.18%, 1, 0, 4, 1924.11, 545285, 249, 1, 0
284, 3, 371, 434, 27, 0, 61.18%, 1, 0, 4, 1817.87, 554256, 249, 1, 0
289, 3, 121, 435, 19, 0, 61.18%, 1, 0, 4, 1903.65, 564090, 249, 1, 0
294, 3, 349, 436, 14, 0, 61.18%, 1, 0, 4, 2032.51, 574715, 249, 1, 0
299, 3, 267, 436, 11, 0, 61.18%, 1, 0, 4, 1898.55, 584128, 249, 1, 0
304, 3, 383, 436, 7, 0, 61.18%, 1, 0, 4, 2008.02, 594385, 249, 1, 0
310, 3, 222, 436, 6, 0, 61.18%, 1, 0, 4, 1998.69, 604327, 249, 1, 0
315, 4, 428, 446, 13, 0, 62.65%, 1, 0, 4, 1907.19, 613770, 255, 1, 0
320, 4, 351, 446, 10, 0, 62.65%, 1, 0, 4, 1805.02, 622885, 255, 1, 0
325, 4, 267, 446, 8, 0, 62.65%, 1, 0, 4, 1985.63, 632923, 255, 1, 0
330, 4, 442, 446, 5, 0, 62.65%, 1, 0, 4, 172.73, 641505, 255, 1, 0
335, 5, 68, 447, 3, 0, 62.65%, 1, 0, 4, 2015.57, 651089, 255, 1, 0
340, 5, 285, 448, 3, 0, 62.65%, 1, 0, 4, 1927.18, 660580, 255, 1, 0
345, 5, 46, 448, 1, 0, 62.65%, 1, 0, 4, 1952.68, 670336, 255, 1, 0
350, 5, 57, 448, 0, 0, 62.65%, 1, 0, 4, 1957.55, 679859, 255, 1, 0
355, 5, 341, 448, 0, 0, 62.65%, 1, 0, 4, 1833.91, 689147, 255, 1, 0
360, 6, 59, 448, 0, 0, 62.65%, 1, 0, 4, 1801.70, 698407, 255, 1, 0
365, 6, 419, 448, 0, 0, 62.65%, 1, 0, 4, 1887.65, 708085, 255, 1, 0
370, 6, 194, 448, 0, 0, 62.65%, 1, 0, 4, 1939.10, 717740, 255, 1, 0
376, 6, 229, 448, 0, 0, 62.65%, 1, 0, 4, 1818.29, 726839, 255, 1, 0
381, 7, 215, 449, 0, 0, 62.65%, 1, 0, 4, 1952.60, 736750, 255, 1, 0
386, 7, 259, 449, 0, 0, 62.65%, 1, 0, 4, 1895.18, 746137, 255, 1, 0
391, 7, 53, 449, 0, 0, 62.65%, 1, 0, 4, 1909.83, 755836, 255, 1, 0
396, 7, 267, 449, 0, 0, 62.65%, 1, 0, 4, 1956.60, 766084, 255, 1, 0
401, 8, 131, 449, 0, 0, 62.65%, 1, 0, 4, 1896.16, 775440, 255, 1, 0
406, 8, 328, 449, 0, 0, 62.65%, 1, 0, 4, 1884.37, 784924, 255, 1, 0
411, 8, 428, 449, 0, 0, 62.65%, 1, 0, 4, 1895.34, 794339, 255, 1, 0
416, 8, 27, 449, 0, 0, 62.65%, 1, 0, 4, 1846.54, 803897, 255, 1, 0
421, 8, 428, 449, 0, 0, 62.65%, 2, 0, 4, 1950.57, 813860, 255, 2, 0
426, 9, 228, 450, 0, 0, 62.65%, 2, 0, 4, 1828.16, 823499, 255, 2, 0
431, 9, 84, 450, 0, 0, 62.65%, 2, 0, 4, 1914.22, 833232, 255, 2, 0
437, 9, 285, 450, 0, 0, 62.65%, 2, 0, 4, 1825.89, 842874, 255, 2, 0
442, 9, 409, 450, 0, 0, 62.65%, 2, 0, 4, 1747.65, 851750, 255, 2, 0
447, 10, 97, 450, 0, 0, 62.65%, 2, 0, 4, 1769.36, 861124, 255, 2, 0
452, 10, 100, 450, 0, 0, 62.65%, 2, 0, 4, 1931.34, 870680, 255, 2, 0
457, 10, 428, 450, 0, 0, 62.65%, 2, 0, 4, 1905.13, 880105, 255, 2, 0
462, 10, 267, 450, 0, 0, 62.65%, 2, 0, 4, 2020.15, 890635, 255, 2, 0
467, 11, 53, 451, 1, 0, 62.65%, 2, 0, 4, 1876.18, 899986, 255, 2, 0
472, 11, 118, 451, 0, 0, 62.65%, 2, 0, 4, 1851.63, 909306, 255, 2, 0
477, 11, 100, 451, 0, 0, 62.65%, 2, 0, 4, 1860.54, 918621, 255, 2, 0
483, 11, 409, 451, 0, 0, 62.65%, 2, 0, 4, 1872.26, 928529, 255, 3, 0
488, 11, 426, 452, 0, 0, 62.90%, 2, 0, 4, 1877.97, 938468, 256, 3, 0
493, 12, 365, 452, 0, 0, 62.90%, 2, 0, 4, 1750.11, 947335, 256, 3, 0
498, 12, 407, 452, 0, 0, 62.90%, 2, 0, 4, 1837.18, 956654, 256, 3, 0
503, 12, 250, 452, 0, 0, 62.90%, 2, 0, 4, 1763.75, 965837, 256, 3, 0
508, 12, 344, 452, 0, 0, 62.90%, 2, 0, 4, 1891.73, 975478, 256, 3, 0
513, 13, 177, 453, 1, 0, 62.90%, 2, 0, 4, 1887.71, 985329, 256, 3, 0
518, 13, 444, 453, 1, 0, 62.90%, 2, 0, 4, 1695.23, 993496, 256, 3, 0
523, 13, 288, 454, 1, 0, 62.90%, 2, 0, 4, 1864.51, 1003058, 256, 3, 0
529, 13, 415, 454, 0, 0, 62.90%, 2, 0, 4, 1954.05, 1013316, 256, 3, 0
534, 13, 331, 454, 0, 0, 62.90%, 2, 0, 4, 1887.14, 1022456, 256, 3, 0
539, 14, 416, 454, 0, 0, 62.90%, 2, 0, 4, 1770.14, 1031512, 256, 3, 0
544, 14, 100, 454, 0, 0, 62.90%, 2, 0, 4, 1962.59, 1041582, 256, 3, 0
549, 14, 98, 454, 0, 0, 62.90%, 2, 0, 4, 1784.65, 1049924, 256, 3, 0
554, 14, 399, 454, 0, 0, 62.90%, 2, 0, 4, 1858.35, 1059597, 256, 3, 0
559, 15, 27, 454, 0, 0, 62.90%, 2, 0, 4, 2029.03, 1070130, 256, 3, 0
564, 15, 259, 454, 0, 0, 62.90%, 2, 0, 4, 1991.01, 1080459, 256, 3, 0
569, 15, 409, 454, 0, 0, 62.90%, 2, 0, 4, 1885.06, 1090076, 256, 3, 0
574, 15, 436, 454, 0, 0, 62.90%, 2, 0, 4, 1791.52, 1098908, 256, 4, 0
579, 15, 428, 454, 0, 0, 62.90%, 2, 0, 4, 1583.68, 1106875, 256, 4, 0
584, 16, 93, 455, 0, 0, 62.90%, 2, 0, 4, 1838.12, 1116700, 256, 4, 0
589, 16, 71, 455, 0, 0, 62.90%, 2, 0, 4, 1979.41, 1126583, 256, 4, 0
594, 16, 426, 455, 0, 0, 62.90%, 2, 0, 4, 1885.83, 1136257, 256, 4, 0
599, 16, 261, 455, 0, 0, 62.90%, 2, 0, 4, 1861.12, 1143674, 256, 4, 0
