# relative_time, cycles_done, cur_item, corpus_count, pending_total, pending_favs, map_size, saved_crashes, saved_hangs, max_depth, execs_per_sec, total_execs, edges_found, total_crashes, servers_count
60, 0, 8, 93, 86, 23, 33.91%, 0, 0, 2, 402.01, 26607, 138, 0, 0
65, 0, 11, 93, 84, 22, 33.91%, 0, 0, 2, 409.53, 28636, 138, 0, 0
70, 0, 16, 93, 79, 17, 33.91%, 0, 0, 2, 421.06, 30740, 138, 0, 0
76, 0, 18, 94, 78, 15, 34.40%, 0, 0, 3, 389.23, 32749, 140, 0, 0
81, 0, 29, 97, 79, 17, 41.28%, 0, 0, 3, 420.31, 34901, 168, 0, 0
86, 0, 35, 117, 95, 15, 41.52%, 0, 0, 3, 427.73, 37088, 169, 0, 0
91, 0, 60, 128, 105, 16, 41.52%, 0, 0, 3, 455.80, 39393, 169, 0, 0
96, 0, 60, 133, 110, 16, 41.52%, 0, 0, 3, 454.53, 41655, 169, 0, 0
101, 0, 60, 137, 114, 16, 41.77%, 0, 0, 3, 425.21, 43790, 170, 0, 0
106, 0, 60, 137, 114, 16, 41.77%, 0, 0, 3, 430.85, 46006, 170, 0, 0
111, 0, 60, 138, 115, 16, 41.77%, 0, 0, 3, 439.64, 48213, 170, 0, 0
116, 0, 60, 138, 115, 16, 41.77%, 0, 0, 3, 448.14, 50486, 170, 0, 0
121, 0, 60, 139, 116, 16, 41.77%, 0, 0, 3, 442.20, 52773, 170, 0, 0
126, 0, 60, 142, 119, 16, 41.77%, 0, 0, 3, 443.24, 55034, 170, 0, 0
131, 0, 60, 143, 120, 16, 41.77%, 0, 0, 3, 408.51, 57081, 170, 0, 0
136, 0, 60, 143, 120, 16, 41.77%, 0, 0, 3, 433.49, 59257, 170, 0, 0
142, 0, 60, 145, 122, 16, 41.77%, 0, 0, 3, 441.65, 61551, 170, 0, 0
147, 0, 60, 145, 122, 16, 41.77%, 0, 0, 3, 443.08, 63791, 170, 0, 0
152, 0, 60, 145, 122, 16, 41.77%, 0, 0, 3, 440.66, 65935, 170, 0, 0
157, 0, 60, 146, 123, 16, 41.77%, 0, 0, 3, 411.75, 67982, 170, 0, 0
162, 0, 60, 147, 124, 16, 41.77%, 0, 0, 3, 405.13, 70061, 170, 0, 0
167, 0, 60, 147, 124, 16, 41.77%, 0, 0, 3, 89.66, 71151, 170, 0, 0
172, 0, 60, 147, 124, 16, 41.77%, 0, 0, 3, 106.25, 71725, 170, 0, 0
177, 0, 60, 147, 124, 16, 41.77%, 0, 0, 3, 108.89, 72273, 170, 0, 0
183, 0, 60, 147, 124, 16, 41.77%, 0, 0, 3, 124.95, 72917, 170, 0, 0
188, 0, 60, 147, 124, 16, 41.77%, 0, 0, 3, 127.80, 73525, 170, 0, 0
193, 0, 60, 147, 124, 16, 41.77%, 0, 0, 3, 116.39, 74091, 170, 0, 0
198, 0, 60, 147, 124, 16, 41.77%, 0, 0, 3, 107.84, 74639, 170, 0, 0
203, 0, 60, 147, 124, 16, 41.77%, 0, 0, 3, 110.42, 75189, 170, 0, 0
208, 0, 60, 147, 124, 16, 41.77%, 0, 0, 3, 113.10, 75771, 170, 0, 0
213, 0, 60, 147, 124, 16, 41.77%, 0, 0, 3, 132.45, 76455, 170, 0, 0
218, 0, 60, 147, 124, 16, 41.77%, 0, 0, 3, 120.49, 77021, 170, 0, 0
223, 0, 72, 148, 124, 15, 41.77%, 0, 0, 3, 110.71, 77577, 170, 0, 0
228, 0, 72, 149, 125, 15, 41.77%, 0, 0, 3, 110.21, 78148, 170, 0, 0
233, 0, 74, 149, 124, 14, 41.77%, 0, 0, 3, 118.68, 78757, 170, 0, 0
238, 0, 94, 149, 118, 8, 41.77%, 0, 0, 3, 332.35, 80572, 170, 0, 0
244, 0, 95, 157, 125, 7, 42.01%, 0, 0, 4, 456.59, 83056, 171, 0, 0
249, 0, 117, 157, 122, 5, 42.01%, 0, 0, 4, 462.23, 85373, 171, 0, 0
254, 0, 138, 160, 123, 3, 42.01%, 0, 0, 4, 460.16, 87702, 171, 0, 0
259, 0, 138, 165, 128, 3, 42.01%, 0, 0, 4, 438.62, 89824, 171, 0, 0
264, 0, 138, 170, 133, 3, 42.75%, 0, 0, 4, 451.02, 92163, 174, 0, 0
269, 0, 138, 171, 134, 3, 42.75%, 0, 0, 4, 433.83, 94330, 174, 0, 0
274, 0, 138, 172, 135, 3, 42.75%, 0, 0, 4, 421.35, 96537, 174, 0, 0
279, 0, 138, 172, 135, 3, 42.75%, 0, 0, 4, 442.09, 98769, 174, 0, 0
284, 0, 138, 173, 136, 3, 42.75%, 0, 0, 4, 447.69, 101032, 174, 0, 0
289, 0, 138, 176, 139, 3, 42.75%, 0, 0, 4, 437.43, 103261, 174, 0, 0
294, 0, 138, 176, 139, 3, 42.75%, 0, 0, 4, 446.02, 105485, 174, 0, 0
299, 0, 138, 176, 139, 3, 42.75%, 0, 0, 4, 469.85, 107857, 174, 0, 0
304, 0, 138, 177, 140, 3, 42.75%, 0, 0, 4, 455.94, 110140, 174, 0, 0
309, 0, 138, 178, 141, 3, 42.75%, 0, 0, 4, 472.60, 112533, 174, 0, 0
315, 0, 138, 178, 141, 3, 42.75%, 0, 0, 4, 450.73, 114763, 174, 0, 0
320, 0, 138, 178, 141, 3, 42.75%, 0, 0, 4, 449.90, 117035, 174, 0, 0
325, 0, 138, 179, 142, 3, 43.00%, 0, 0, 4, 451.72, 119335, 175, 0, 0
330, 0, 138, 179, 142, 3, 43.00%, 0, 0, 4, 452.39, 121578, 175, 0, 0
335, 0, 138, 179, 142, 3, 43.00%, 0, 0, 4, 429.87, 123698, 175, 0, 0
340, 0, 156, 208, 169, 2, 43.00%, 0, 0, 5, 459.38, 126066, 175, 0, 0
345, 0, 156, 221, 182, 2, 43.00%, 0, 0, 5, 457.29, 128462, 175, 0, 0
350, 0, 156, 221, 182, 2, 43.00%, 0, 0, 5, 445.09, 130680, 175, 0, 0
355, 0, 156, 221, 182, 2, 43.00%, 0, 0, 5, 445.23, 132920, 175, 0, 0
360, 0, 156, 222, 183, 2, 43.00%, 0, 0, 5, 467.56, 135318, 175, 0, 0
365, 0, 156, 222, 183, 2, 43.00%, 0, 0, 5, 474.06, 137721, 175, 0, 0
370, 0, 156, 222, 183, 2, 43.00%, 0, 0, 5, 447.78, 139944, 175, 0, 0
376, 0, 156, 222, 183, 2, 43.00%, 0, 0, 5, 448.90, 142183, 175, 0, 0
381, 0, 156, 222, 183, 2, 43.00%, 0, 0, 5, 466.50, 144561, 175, 0, 0
386, 0, 156, 222, 183, 2, 43.00%, 0, 0, 5, 461.55, 146883, 175, 0, 0
391, 0, 156, 222, 183, 2, 43.00%, 0, 0, 5, 455.98, 149196, 175, 0, 0
396, 0, 156, 223, 184, 2, 43.00%, 0, 0, 5, 473.44, 151669, 175, 0, 0
401, 0, 156, 223, 184, 2, 43.00%, 0, 0, 5, 462.99, 153919, 175, 0, 0
406, 0, 178, 236, 196, 3, 43.73%, 0, 0, 5, 463.90, 156338, 178, 0, 0
411, 0, 178, 238, 198, 3, 43.73%, 0, 0, 5, 472.78, 158737, 178, 0, 0
416, 0, 178, 239, 199, 3, 43.73%, 0, 0, 5, 472.03, 161093, 178, 0, 0
421, 0, 178, 239, 199, 3, 43.73%, 0, 0, 5, 464.11, 163460, 178, 0, 0
426, 0, 178, 240, 200, 3, 43.73%, 0, 0, 5, 450.51, 165762, 178, 0, 0
431, 0, 178, 240, 200, 3, 43.73%, 0, 0, 5, 462.39, 168003, 178, 0, 0
436, 0, 195, 256, 214, 3, 43.73%, 0, 0, 6, 460.76, 170346, 178, 0, 0
441, 0, 195, 258, 216, 3, 43.98%, 0, 0, 6, 445.27, 172646, 179, 0, 0
446, 0, 195, 260, 218, 3, 43.98%, 0, 0, 6, 449.05, 174884, 179, 0, 0
451, 0, 195, 261, 219, 3, 43.98%, 0, 0, 6, 442.51, 177115, 179, 0, 0
457, 0, 195, 261, 219, 3, 43.98%, 0, 0, 6, 441.61, 179323, 179, 0, 0
462, 0, 195, 262, 220, 3, 43.98%, 0, 0, 6, 456.36, 181710, 179, 0, 0
467, 0, 256, 264, 218, 2, 43.98%, 0, 0, 6, 462.43, 183968, 179, 0, 0
472, 1, 9, 266, 217, 0, 43.98%, 0, 0, 6, 475.64, 186442, 179, 0, 0
477, 1, 86, 266, 204, 0, 43.98%, 0, 0, 6, 463.45, 188821, 179, 0, 0
482, 1, 270, 327, 259, 0, 49.39%, 0, 0, 6, 462.76, 191114, 201, 0, 0
487, 2, 271, 345, 274, 17, 50.12%, 0, 0, 6, 455.16, 193462, 204, 0, 0
492, 2, 279, 345, 272, 15, 50.12%, 0, 0, 6, 454.47, 195763, 204, 0, 0
497, 2, 290, 345, 268, 11, 50.12%, 0, 0, 6, 392.54, 197699, 204, 0, 0
502, 2, 313, 345, 266, 9, 50.12%, 0, 0, 6, 415.07, 199801, 204, 0, 0
507, 2, 327, 345, 261, 4, 50.12%, 0, 0, 6, 429.53, 202050, 204, 0, 0
512, 3, 28, 346, 257, 0, 50.12%, 0, 0, 6, 459.10, 204349, 204, 0, 0
517, 3, 101, 347, 247, 0, 50.12%, 0, 0, 6, 447.63, 206587, 204, 0, 0
522, 3, 156, 347, 235, 0, 50.12%, 0, 0, 6, 451.97, 208882, 204, 0, 0
528, 3, 209, 347, 222, 0, 50.12%, 0, 0, 6, 453.05, 211244, 204, 0, 0
533, 3, 264, 347, 212, 0, 50.12%, 0, 0, 6, 465.70, 213584, 204, 0, 0
538, 3, 289, 349, 210, 0, 50.12%, 0, 0, 6, 457.36, 215872, 204, 0, 0
543, 3, 292, 350, 210, 0, 50.12%, 0, 0, 6, 454.24, 218201, 204, 0, 0
548, 3, 344, 350, 202, 0, 50.12%, 0, 0, 6, 464.53, 220655, 204, 0, 0
553, 4, 192, 356, 203, 1, 50.12%, 1, 0, 6, 452.40, 222895, 204, 1, 0
558, 5, 74, 356, 191, 0, 50.12%, 1, 0, 6, 472.73, 225280, 204, 1, 0
563, 5, 151, 356, 185, 0, 50.12%, 1, 0, 6, 472.61, 227665, 204, 1, 0
568, 5, 222, 356, 174, 0, 50.12%, 1, 0, 6, 457.44, 229892, 204, 1, 0
573, 5, 251, 356, 164, 0, 50.12%, 1, 0, 6, 456.11, 232194, 204, 1, 0
578, 6, 14, 358, 162, 0, 50.37%, 1, 0, 6, 467.92, 234554, 205, 1, 0
583, 6, 117, 358, 158, 0, 50.37%, 1, 0, 6, 465.68, 236865, 205, 1, 0
588, 6, 197, 358, 144, 0, 50.37%, 1, 0, 6, 453.74, 239187, 205, 1, 0
594, 6, 270, 358, 139, 0, 50.37%, 1, 0, 6, 461.75, 241580, 205, 1, 0
599, 6, 324, 358, 134, 0, 50.37%, 1, 0, 6, 420.48, 243721, 205, 1, 0
604, 6, 353, 359, 130, 0, 50.37%, 1, 0, 6, 406.08, 245768, 205, 1, 0
609, 7, 361, 366, 134, 1, 50.61%, 1, 0, 6, 427.46, 247970, 206, 1, 0
614, 7, 361, 368, 136, 1, 50.61%, 1, 0, 6, 425.75, 250113, 206, 1, 0
619, 7, 361, 369, 137, 1, 50.61%, 1, 0, 6, 420.27, 252240, 206, 1, 0
624, 7, 368, 370, 137, 0, 50.61%, 1, 0, 6, 425.17, 254351, 206, 1, 0
629, 8, 72, 373, 134, 0, 50.86%, 2, 0, 6, 436.20, 256588, 207, 2, 0
634, 9, 74, 373, 128, 0, 50.86%, 2, 0, 6, 477.16, 258981, 207, 2, 0
639, 9, 374, 375, 126, 1, 51.35%, 2, 0, 6, 495.54, 261576, 209, 2, 0
644, 10, 375, 376, 123, 1, 51.60%, 2, 0, 6, 473.99, 263942, 210, 2, 0
649, 11, 93, 377, 122, 0, 51.60%, 2, 0, 6, 434.80, 266048, 210, 2, 0
654, 11, 157, 377, 115, 0, 51.60%, 2, 0, 6, 457.91, 268315, 210, 3, 0
660, 11, 225, 377, 104, 0, 51.60%, 2, 0, 6, 436.42, 270534, 210, 3, 0
665, 11, 284, 377, 101, 0, 51.60%, 2, 0, 6, 443.03, 272803, 210, 3, 0
670, 11, 328, 378, 98, 0, 51.60%, 2, 0, 6, 461.30, 275146, 210, 3, 0
675, 11, 359, 378, 90, 0, 51.60%, 2, 0, 6, 446.45, 277387, 210, 3, 0
680, 11, 367, 380, 90, 0, 51.60%, 3, 0, 6, 433.72, 279539, 210, 4, 0
685, 11, 380, 381, 90, 1, 51.60%, 4, 0, 6, 445.51, 281754, 210, 5, 0
690, 11, 381, 382, 90, 0, 51.60%, 4, 0, 6, 469.22, 284097, 210, 5, 0
695, 11, 382, 383, 90, 0, 51.60%, 4, 0, 6, 431.25, 286296, 210, 5, 0
700, 13, 20, 384, 87, 0, 51.60%, 4, 0, 6, 445.05, 288605, 210, 5, 0
705, 13, 138, 384, 82, 0, 51.60%, 4, 0, 6, 452.30, 290946, 210, 6, 0
710, 13, 227, 385, 72, 0, 51.60%, 4, 0, 6, 488.23, 293442, 210, 6, 0
715, 13, 270, 385, 66, 0, 51.60%, 4, 0, 6, 471.18, 295820, 210, 6, 0
720, 13, 327, 385, 62, 0, 51.60%, 4, 0, 6, 468.35, 298079, 210, 6, 0
725, 13, 373, 385, 59, 0, 51.60%, 4, 0, 6, 442.33, 300242, 210, 6, 0
730, 13, 384, 385, 59, 0, 51.60%, 4, 0, 6, 437.63, 302550, 210, 6, 0
736, 14, 95, 385, 56, 0, 51.60%, 4, 0, 6, 438.77, 304812, 210, 6, 0
741, 14, 207, 385, 50, 0, 51.60%, 4, 0, 6, 434.56, 307034, 210, 7, 0
746, 14, 288, 385, 48, 0, 51.60%, 4, 0, 6, 479.60, 309431, 210, 7, 0
751, 14, 327, 385, 43, 0, 51.60%, 4, 0, 6, 453.93, 311635, 210, 7, 0
756, 14, 376, 385, 41, 0, 51.60%, 4, 0, 6, 430.72, 313734, 210, 7, 0
761, 15, 42, 385, 40, 0, 51.60%, 4, 0, 6, 425.11, 315903, 210, 7, 0
766, 15, 128, 385, 38, 0, 51.60%, 4, 0, 6, 450.41, 318170, 210, 9, 0
771, 15, 270, 385, 34, 0, 51.60%, 4, 0, 6, 429.55, 320414, 210, 9, 0
776, 15, 319, 385, 31, 0, 51.60%, 4, 0, 6, 444.35, 322681, 210, 9, 0
781, 15, 376, 387, 32, 0, 51.60%, 4, 0, 6, 443.58, 324948, 210, 9, 0
786, 16, 17, 387, 32, 0, 51.60%, 4, 0, 6, 461.97, 327369, 210, 9, 0
792, 16, 138, 387, 31, 0, 51.60%, 4, 0, 6, 424.24, 329538, 210, 13, 0
797, 16, 288, 387, 30, 0, 51.60%, 4, 0, 6, 430.94, 331804, 210, 13, 0
802, 16, 373, 387, 29, 0, 51.60%, 4, 0, 6, 474.46, 334175, 210, 13, 0
807, 17, 10, 387, 29, 0, 51.60%, 4, 0, 6, 454.16, 336508, 210, 13, 0
812, 17, 117, 387, 29, 0, 51.60%, 4, 0, 6, 456.82, 338833, 210, 15, 0
817, 17, 264, 387, 28, 0, 51.60%, 4, 0, 6, 448.44, 341125, 210, 15, 0
822, 17, 330, 387, 27, 0, 51.60%, 4, 0, 6, 425.04, 343257, 210, 15, 0
827, 17, 378, 387, 26, 0, 51.60%, 4, 0, 6, 439.98, 345452, 210, 15, 0
832, 18, 46, 387, 24, 0, 51.60%, 4, 0, 6, 436.84, 347713, 210, 15, 0
837, 18, 153, 387, 22, 0, 51.60%, 5, 0, 6, 465.80, 350088, 210, 16, 0
842, 18, 276, 387, 22, 0, 51.60%, 5, 0, 6, 445.95, 352293, 210, 16, 0
847, 18, 371, 387, 20, 0, 51.60%, 5, 0, 6, 453.79, 354635, 210, 16, 0
852, 19, 78, 387, 20, 0, 51.60%, 5, 0, 6, 453.72, 356935, 210, 17, 0
857, 19, 181, 387, 19, 0, 51.60%, 5, 0, 6, 457.65, 359218, 210, 18, 0
863, 19, 271, 387, 18, 0, 51.60%, 5, 0, 6, 453.25, 361496, 210, 19, 0
868, 19, 359, 387, 17, 0, 51.60%, 5, 0, 6, 448.12, 363703, 210, 19, 0
873, 21, 0, 390, 19, 0, 51.84%, 5, 0, 6, 448.79, 365948, 211, 19, 0
878, 21, 113, 390, 18, 0, 51.84%, 5, 0, 6, 456.27, 368237, 211, 23, 0
883, 21, 258, 390, 18, 0, 51.84%, 6, 0, 6, 451.96, 370555, 211, 26, 0
888, 21, 313, 390, 14, 0, 51.84%, 6, 0, 6, 438.73, 372701, 211, 26, 0
893, 21, 375, 390, 14, 0, 51.84%, 6, 0, 6, 430.84, 374882, 211, 26, 0
898, 22, 74, 390, 13, 0, 51.84%, 6, 0, 6, 435.28, 377076, 211, 26, 0
903, 22, 188, 390, 13, 0, 51.84%, 6, 0, 6, 450.20, 379341, 211, 29, 0
908, 22, 284, 390, 12, 0, 51.84%, 6, 0, 6, 472.51, 381725, 211, 29, 0
913, 22, 343, 390, 9, 0, 51.84%, 6, 0, 6, 464.43, 384098, 211, 29, 0
918, 22, 387, 390, 7, 0, 51.84%, 6, 0, 6, 465.68, 386434, 211, 29, 0
923, 23, 117, 390, 7, 0, 51.84%, 6, 0, 6, 473.71, 388805, 211, 30, 0
928, 23, 279, 390, 6, 0, 51.84%, 6, 0, 6, 480.30, 391258, 211, 30, 0
933, 23, 359, 390, 4, 0, 51.84%, 6, 0, 6, 451.06, 393433, 211, 30, 0
938, 24, 16, 390, 3, 0, 51.84%, 6, 0, 6, 445.16, 395726, 211, 30, 0
943, 24, 133, 391, 4, 0, 51.84%, 6, 0, 6, 457.16, 398024, 211, 39, 0
949, 24, 278, 391, 4, 0, 51.84%, 6, 0, 6, 470.83, 400473, 211, 39, 0
954, 25, 11, 392, 3, 0, 52.09%, 6, 0, 6, 455.94, 402686, 212, 39, 0
959, 25, 120, 392, 3, 0, 52.09%, 6, 0, 6, 457.66, 405031, 212, 43, 0
964, 25, 270, 392, 3, 0, 52.09%, 6, 0, 6, 436.77, 407190, 212, 43, 0
969, 25, 333, 394, 5, 0, 52.09%, 6, 0, 6, 434.66, 409398, 212, 43, 0
974, 26, 0, 394, 4, 0, 52.09%, 6, 0, 6, 446.28, 411691, 212, 43, 0
979, 26, 153, 394, 4, 0, 52.09%, 6, 0, 6, 468.23, 414180, 212, 46, 0
984, 26, 294, 394, 4, 0, 52.09%, 6, 0, 6, 434.79, 416399, 212, 47, 0
989, 26, 383, 394, 4, 0, 52.09%, 6, 0, 6, 450.64, 418729, 212, 47, 0
995, 27, 93, 394, 4, 0, 52.09%, 6, 0, 6, 439.23, 421033, 212, 48, 0
1000, 27, 261, 394, 4, 0, 52.09%, 6, 0, 6, 453.06, 423396, 212, 50, 0
1005, 27, 330, 394, 3, 0, 52.09%, 6, 0, 6, 470.90, 425818, 212, 50, 0
1010, 28, 16, 394, 3, 0, 52.09%, 6, 0, 6, 451.45, 428098, 212, 50, 0
1015, 28, 138, 394, 3, 0, 52.09%, 6, 0, 6, 458.73, 430442, 212, 56, 0
1020, 28, 264, 394, 3, 0, 52.09%, 6, 0, 6, 445.64, 432708, 212, 56, 0
1025, 28, 350, 394, 3, 0, 52.09%, 6, 0, 6, 476.27, 435210, 212, 56, 0
1030, 28, 394, 396, 5, 2, 52.58%, 6, 0, 6, 460.14, 437556, 214, 56, 0
1035, 29, 74, 396, 3, 0, 52.58%, 6, 0, 6, 439.39, 439699, 214, 56, 0
1040, 29, 188, 396, 3, 0, 52.58%, 6, 0, 6, 460.92, 441971, 214, 58, 0
1045, 29, 270, 396, 3, 0, 52.58%, 6, 0, 6, 459.83, 444282, 214, 58, 0
1050, 29, 361, 396, 3, 0, 52.58%, 6, 0, 6, 444.96, 446536, 214, 58, 0
1055, 29, 392, 396, 3, 0, 52.58%, 6, 0, 6, 447.53, 448728, 214, 58, 0
1061, 30, 72, 396, 3, 0, 52.58%, 6, 0, 6, 452.37, 451080, 214, 58, 0
1066, 30, 151, 396, 3, 0, 52.58%, 6, 0, 6, 450.07, 453378, 214, 60, 0
1071, 30, 272, 396, 3, 0, 52.58%, 6, 0, 6, 439.90, 455618, 214, 60, 0
1076, 30, 373, 396, 3, 0, 52.58%, 6, 0, 6, 436.17, 457849, 214, 61, 0
1081, 31, 16, 397, 4, 0, 52.58%, 6, 0, 6, 442.13, 460076, 214, 61, 0
1086, 31, 138, 397, 4, 0, 52.58%, 6, 0, 6, 423.06, 462214, 214, 61, 0
1091, 31, 272, 397, 4, 0, 52.58%, 6, 0, 6, 462.75, 464693, 214, 61, 0
1096, 31, 383, 397, 4, 0, 52.58%, 6, 0, 6, 492.86, 467181, 214, 61, 0
1101, 32, 32, 397, 2, 0, 52.58%, 6, 0, 6, 450.20, 469362, 214, 61, 0
1106, 32, 138, 397, 2, 0, 52.58%, 6, 0, 6, 451.57, 471632, 214, 62, 0
1111, 32, 272, 397, 2, 0, 52.58%, 6, 0, 6, 438.88, 473815, 214, 62, 0
1116, 32, 361, 397, 2, 0, 52.58%, 6, 0, 6, 435.80, 476029, 214, 62, 0
1121, 33, 16, 397, 2, 0, 52.58%, 6, 0, 6, 456.64, 478323, 214, 62, 0
1127, 33, 138, 397, 2, 0, 52.58%, 6, 0, 6, 458.43, 480648, 214, 65, 0
1132, 33, 264, 397, 2, 0, 52.58%, 6, 0, 6, 463.34, 483096, 214, 65, 0
1137, 33, 359, 397, 2, 0, 52.58%, 6, 0, 6, 454.07, 485513, 214, 65, 0
1142, 34, 32, 398, 3, 0, 52.58%, 6, 0, 6, 466.22, 487857, 214, 65, 0
1147, 34, 153, 398, 3, 0, 52.58%, 6, 0, 6, 438.29, 490035, 214, 68, 0
1152, 34, 270, 398, 3, 0, 52.58%, 6, 0, 6, 452.81, 492343, 214, 68, 0
1157, 34, 352, 398, 3, 0, 52.58%, 6, 0, 6, 428.56, 494496, 214, 68, 0
1162, 34, 395, 398, 3, 0, 52.58%, 6, 0, 6, 452.40, 496788, 214, 69, 0
1167, 35, 102, 398, 2, 0, 52.58%, 6, 0, 6, 445.62, 499119, 214, 69, 0
1172, 35, 256, 398, 2, 0, 52.58%, 6, 0, 6, 455.46, 501416, 214, 71, 0
1178, 35, 327, 398, 2, 0, 52.58%, 6, 0, 6, 435.17, 503555, 214, 71, 0
1183, 36, 32, 399, 3, 0, 52.58%, 6, 0, 6, 451.61, 505986, 214, 71, 0
1188, 36, 153, 399, 3, 0, 52.58%, 6, 0, 6, 454.05, 508320, 214, 77, 0
1193, 36, 318, 399, 3, 0, 52.58%, 6, 0, 6, 449.61, 510567, 214, 77, 0
1198, 36, 393, 399, 3, 0, 52.58%, 6, 0, 6, 452.33, 512862, 214, 78, 0
1203, 37, 117, 399, 2, 0, 52.58%, 6, 0, 6, 432.78, 515094, 214, 78, 0
1208, 37, 241, 399, 2, 0, 52.58%, 6, 0, 6, 444.50, 517374, 214, 79, 0
1213, 37, 327, 399, 2, 0, 52.58%, 6, 0, 6, 434.42, 519617, 214, 79, 0
1218, 37, 383, 399, 2, 0, 52.58%, 6, 0, 6, 444.81, 521932, 214, 79, 0
1223, 38, 72, 399, 1, 0, 52.58%, 6, 0, 6, 471.19, 524347, 214, 84, 0
1229, 38, 173, 399, 1, 0, 52.58%, 6, 0, 6, 447.97, 526584, 214, 85, 0
1234, 38, 308, 399, 1, 0, 52.58%, 6, 0, 6, 445.12, 528847, 214, 85, 0
1239, 38, 385, 399, 1, 0, 52.58%, 6, 0, 6, 464.72, 531208, 214, 85, 0
1244, 39, 74, 399, 0, 0, 52.58%, 6, 0, 6, 459.49, 533497, 214, 85, 0
1249, 39, 179, 399, 0, 0, 52.58%, 6, 0, 6, 439.71, 535730, 214, 87, 0
1254, 39, 290, 399, 0, 0, 52.58%, 6, 0, 6, 467.72, 538210, 214, 87, 0
1259, 39, 372, 399, 0, 0, 52.58%, 6, 0, 6, 439.85, 540425, 214, 87, 0
1264, 40, 74, 400, 1, 0, 52.58%, 6, 0, 6, 453.32, 542816, 214, 87, 0
1269, 40, 228, 400, 1, 0, 52.58%, 6, 0, 6, 447.76, 545082, 214, 89, 0
1274, 40, 327, 400, 1, 0, 52.58%, 6, 0, 6, 455.88, 547380, 214, 89, 0
1280, 40, 399, 400, 1, 0, 52.58%, 6, 0, 6, 431.44, 549576, 214, 89, 0
1285, 41, 103, 400, 0, 0, 52.58%, 6, 0, 6, 446.05, 551876, 214, 89, 0
1290, 41, 266, 400, 0, 0, 52.58%, 6, 0, 6, 446.52, 554171, 214, 92, 0
1295, 41, 361, 400, 0, 0, 52.58%, 6, 0, 6, 447.15, 556420, 214, 92, 0
1300, 42, 32, 401, 1, 0, 52.58%, 6, 0, 6, 442.87, 558720, 214, 92, 0
1305, 42, 153, 401, 1, 0, 52.58%, 6, 0, 6, 447.64, 560978, 214, 92, 0
1310, 42, 256, 401, 1, 0, 52.58%, 6, 0, 6, 458.54, 563310, 214, 92, 0
1315, 42, 359, 401, 1, 0, 52.58%, 6, 0, 6, 466.31, 565688, 214, 92, 0
1320, 42, 400, 401, 1, 0, 52.58%, 6, 0, 6, 443.49, 567909, 214, 93, 0
1325, 43, 112, 401, 0, 0, 52.58%, 6, 0, 6, 464.24, 570268, 214, 96, 0
1330, 43, 264, 401, 0, 0, 52.58%, 6, 0, 6, 465.86, 572610, 214, 96, 0
1335, 43, 327, 401, 0, 0, 52.58%, 6, 0, 6, 418.20, 574641, 214, 97, 0
1340, 43, 388, 401, 0, 0, 52.58%, 7, 0, 6, 445.53, 576866, 214, 98, 0
1345, 44, 95, 401, 0, 0, 52.58%, 7, 0, 6, 454.37, 579151, 214, 98, 0
1350, 44, 257, 401, 0, 0, 52.58%, 7, 0, 6, 490.84, 581664, 214, 103, 0
1355, 44, 330, 401, 0, 0, 52.58%, 7, 0, 6, 455.53, 583944, 214, 103, 0
1360, 44, 394, 401, 0, 0, 52.58%, 7, 0, 6, 429.85, 586149, 214, 103, 0
1366, 45, 113, 401, 0, 0, 52.58%, 7, 0, 6, 455.62, 588482, 214, 107, 0
1371, 45, 279, 401, 0, 0, 52.58%, 7, 0, 6, 438.38, 590752, 214, 107, 0
1376, 45, 361, 401, 0, 0, 52.58%, 7, 0, 6, 455.40, 593020, 214, 107, 0
1381, 46, 0, 401, 0, 0, 52.58%, 7, 0, 6, 427.17, 595185, 214, 107, 0
1386, 46, 113, 401, 0, 0, 52.58%, 7, 0, 6, 439.28, 597388, 214, 107, 0
1391, 46, 264, 401, 0, 0, 52.58%, 7, 0, 6, 438.35, 599607, 214, 108, 0
1396, 46, 345, 401, 0, 0, 52.58%, 7, 0, 6, 439.22, 601806, 214, 109, 0
1401, 46, 383, 401, 0, 0, 52.58%, 7, 0, 6, 421.99, 603957, 214, 109, 0
1406, 47, 92, 401, 0, 0, 52.58%, 7, 0, 6, 391.85, 605892, 214, 109, 0
1411, 47, 190, 401, 0, 0, 52.58%, 7, 0, 6, 400.72, 607963, 214, 109, 0
1417, 47, 264, 401, 0, 0, 52.58%, 7, 0, 6, 407.95, 610089, 214, 109, 0
1422, 47, 330, 401, 0, 0, 52.58%, 7, 0, 6, 436.74, 612290, 214, 109, 0
1427, 47, 395, 401, 0, 0, 52.58%, 7, 0, 6, 430.23, 614404, 214, 109, 0
1432, 48, 95, 401, 0, 0, 52.58%, 7, 0, 6, 417.47, 616501, 214, 109, 0
1437, 48, 256, 401, 0, 0, 52.58%, 7, 0, 6, 434.97, 618711, 214, 110, 0
1442, 48, 327, 401, 0, 0, 52.58%, 7, 0, 6, 438.62, 620925, 214, 110, 0
1447, 48, 393, 401, 0, 0, 52.58%, 7, 0, 6, 415.63, 622928, 214, 110, 0
1452, 49, 94, 401, 0, 0, 52.58%, 7, 0, 6, 449.03, 625198, 214, 110, 0
1457, 49, 198, 401, 0, 0, 52.58%, 7, 0, 6, 463.93, 627553, 214, 112, 0
1462, 49, 294, 401, 0, 0, 52.58%, 7, 0, 6, 465.06, 629939, 214, 112, 0
1467, 49, 387, 401, 0, 0, 52.58%, 7, 0, 6, 477.20, 632315, 214, 112, 0
1472, 50, 94, 401, 0, 0, 52.58%, 7, 0, 6, 416.32, 634471, 214, 112, 0
1477, 50, 237, 401, 0, 0, 52.58%, 7, 0, 6, 443.69, 636773, 214, 115, 0
1482, 50, 318, 401, 0, 0, 52.58%, 7, 0, 6, 420.52, 638847, 214, 115, 0
1487, 50, 381, 401, 0, 0, 52.58%, 7, 0, 6, 423.59, 641011, 214, 115, 0
1492, 51, 26, 401, 0, 0, 52.58%, 7, 0, 6, 438.45, 643196, 214, 116, 0
1497, 51, 401, 403, 2, 1, 54.05%, 7, 0, 6, 441.27, 645467, 220, 116, 0
1503, 51, 401, 415, 14, 1, 57.74%, 7, 0, 6, 436.96, 647733, 235, 116, 0
1508, 51, 401, 416, 15, 1, 57.74%, 7, 0, 6, 452.82, 649996, 235, 116, 0
1513, 51, 401, 418, 17, 1, 57.74%, 7, 0, 6, 435.75, 652194, 235, 116, 0
1518, 51, 401, 420, 19, 1, 57.74%, 7, 0, 6, 440.29, 654456, 235, 116, 0
1523, 51, 401, 420, 19, 1, 57.74%, 7, 0, 6, 466.80, 656836, 235, 116, 0
1528, 51, 401, 420, 19, 1, 57.74%, 7, 0, 6, 466.33, 659203, 235, 116, 0
1533, 51, 401, 420, 19, 1, 57.74%, 7, 0, 6, 437.59, 661408, 235, 116, 0
1538, 51, 401, 420, 19, 1, 57.74%, 7, 0, 6, 430.65, 663601, 235, 116, 0
1543, 51, 401, 420, 19, 1, 57.74%, 7, 0, 6, 458.84, 665909, 235, 116, 0
1548, 51, 401, 420, 19, 1, 57.74%, 7, 0, 6, 433.87, 668113, 235, 116, 0
1553, 51, 401, 420, 19, 1, 57.74%, 7, 0, 6, 458.59, 670400, 235, 116, 0
1558, 51, 401, 420, 19, 1, 57.74%, 7, 0, 6, 419.95, 672506, 235, 116, 0
1563, 51, 401, 421, 20, 1, 57.74%, 7, 0, 6, 434.93, 674761, 235, 116, 0
1568, 51, 401, 422, 21, 1, 57.74%, 7, 0, 6, 451.09, 677089, 235, 116, 0
1573, 51, 401, 422, 21, 1, 57.74%, 7, 0, 6, 446.70, 679265, 235, 116, 0
1578, 51, 401, 422, 21, 1, 57.74%, 7, 0, 6, 463.45, 681576, 235, 116, 0
1584, 51, 401, 422, 21, 1, 57.74%, 7, 0, 6, 451.19, 683871, 235, 116, 0
1589, 51, 401, 422, 21, 1, 57.74%, 7, 0, 6, 429.60, 686009, 235, 116, 0
1594, 51, 401, 423, 22, 1, 57.74%, 7, 0, 6, 446.53, 688336, 235, 116, 0
1599, 51, 401, 424, 23, 1, 57.99%, 7, 0, 6, 451.26, 690615, 236, 116, 0
1604, 51, 401, 424, 23, 1, 57.99%, 7, 0, 6, 438.48, 692847, 236, 116, 0
1609, 51, 401, 424, 23, 1, 57.99%, 7, 0, 6, 442.71, 695151, 236, 116, 0
1614, 51, 402, 437, 35, 6, 57.99%, 7, 0, 6, 474.05, 697588, 236, 116, 0
1619, 51, 402, 437, 35, 6, 57.99%, 7, 0, 6, 457.50, 699852, 236, 116, 0
1624, 51, 406, 440, 37, 6, 58.23%, 7, 0, 6, 436.26, 702029, 237, 116, 0
1629, 51, 406, 441, 38, 6, 58.23%, 7, 0, 6, 425.86, 704212, 237, 116, 0
1634, 51, 406, 441, 38, 6, 58.23%, 7, 0, 6, 465.39, 706641, 237, 116, 0
1639, 51, 407, 441, 37, 6, 58.23%, 7, 0, 6, 480.74, 709065, 237, 116, 0
1645, 51, 407, 442, 38, 6, 58.48%, 7, 0, 6, 474.55, 711548, 238, 116, 0
1650, 51, 409, 445, 40, 6, 58.48%, 7, 0, 6, 466.14, 713879, 238, 116, 0
1655, 51, 409, 445, 40, 6, 58.48%, 7, 0, 6, 462.89, 716246, 238, 116, 0
1660, 51, 409, 445, 40, 6, 58.48%, 7, 0, 6, 429.43, 718360, 238, 116, 0
1665, 51, 411, 452, 46, 5, 58.48%, 7, 0, 6, 422.68, 720561, 238, 116, 0
1670, 51, 423, 452, 45, 5, 58.48%, 7, 0, 6, 431.88, 722805, 238, 116, 0
1675, 51, 432, 452, 44, 4, 58.48%, 7, 0, 6, 433.05, 724982, 238, 116, 0
1680, 51, 438, 458, 49, 3, 59.21%, 7, 0, 6, 475.07, 727442, 241, 116, 0
1686, 51, 441, 458, 48, 3, 59.21%, 7, 0, 6, 461.03, 729783, 241, 116, 0
1691, 51, 452, 461, 49, 1, 61.43%, 7, 0, 7, 456.94, 732062, 250, 116, 0
1696, 51, 452, 462, 50, 1, 61.43%, 7, 0, 7, 459.62, 734394, 250, 116, 0
1701, 51, 452, 463, 51, 1, 61.43%, 7, 0, 7, 451.97, 736691, 250, 116, 0
1706, 51, 452, 464, 52, 1, 61.43%, 7, 0, 7, 426.80, 738848, 250, 116, 0
1711, 51, 458, 466, 53, 2, 61.43%, 7, 0, 8, 430.05, 741045, 250, 116, 0
1716, 51, 458, 487, 74, 2, 61.43%, 7, 0, 8, 362.13, 742735, 250, 116, 0
1721, 51, 458, 487, 74, 2, 61.43%, 7, 0, 8, 337.93, 744422, 250, 116, 0
1726, 51, 466, 487, 72, 1, 61.43%, 7, 0, 8, 406.33, 746560, 250, 116, 0
1731, 51, 471, 487, 71, 0, 61.43%, 7, 0, 8, 342.32, 748294, 250, 116, 0
1736, 51, 472, 488, 71, 0, 61.43%, 7, 0, 9, 303.40, 749837, 250, 116, 0
1742, 51, 472, 489, 72, 0, 61.43%, 7, 0, 9, 309.86, 751440, 250, 116, 0
1747, 51, 472, 489, 72, 0, 61.43%, 7, 0, 9, 314.65, 753018, 250, 116, 0
1752, 51, 483, 494, 76, 0, 61.43%, 7, 0, 9, 418.18, 755257, 250, 116, 0
1757, 51, 483, 498, 80, 0, 61.43%, 7, 0, 9, 428.44, 757525, 250, 116, 0
1762, 51, 483, 498, 80, 0, 61.43%, 7, 0, 9, 458.98, 759855, 250, 116, 0
1767, 51, 483, 498, 80, 0, 61.43%, 7, 0, 9, 446.36, 762132, 250, 116, 0
1772, 51, 494, 499, 80, 2, 61.43%, 7, 0, 10, 450.96, 764521, 250, 116, 0
1777, 51, 496, 499, 79, 1, 61.43%, 7, 0, 10, 454.42, 766843, 250, 116, 0
1782, 52, 86, 504, 82, 1, 61.43%, 7, 0, 10, 477.00, 769299, 250, 116, 0
1787, 52, 448, 504, 80, 1, 61.43%, 7, 0, 10, 488.14, 771758, 250, 116, 0
1792, 52, 465, 504, 80, 1, 61.43%, 7, 0, 10, 393.70, 773766, 250, 116, 0
1797, 52, 490, 504, 79, 1, 61.43%, 7, 0, 10, 376.26, 775550, 250, 116, 0
1802, 52, 505, 505, 77, 0, 61.43%, 7, 0, 10, 434.28, 777768, 250, 116, 0
1806, 53, 95, 505, 77, 0, 61.43%, 7, 0, 10, 451.81, 779452, 250, 116, 0
