# relative_time, cycles_done, cur_item, corpus_count, pending_total, pending_favs, map_size, saved_crashes, saved_hangs, max_depth, execs_per_sec, total_execs, edges_found, total_crashes, servers_count
61, 0, 9, 81, 76, 3, 31.70%, 0, 0, 2, 448.14, 26936, 129, 0, 0
66, 0, 9, 81, 76, 3, 31.70%, 0, 0, 2, 482.58, 29364, 129, 0, 0
71, 0, 9, 83, 78, 3, 31.70%, 0, 0, 2, 477.77, 31682, 129, 0, 0
76, 0, 9, 84, 79, 3, 31.70%, 0, 0, 2, 441.77, 33982, 129, 0, 0
81, 0, 9, 85, 80, 3, 31.70%, 0, 0, 2, 424.03, 36077, 129, 0, 0
86, 0, 9, 85, 80, 3, 31.70%, 0, 0, 2, 433.84, 38293, 129, 0, 0
91, 0, 9, 86, 81, 3, 31.70%, 0, 0, 2, 436.14, 40460, 129, 0, 0
96, 0, 9, 87, 82, 3, 31.70%, 0, 0, 2, 443.07, 42716, 129, 0, 0
101, 0, 9, 87, 82, 3, 31.70%, 0, 0, 2, 408.39, 44756, 129, 0, 0
106, 0, 9, 90, 85, 3, 31.70%, 0, 0, 2, 441.76, 47041, 129, 0, 0
111, 0, 9, 93, 88, 3, 31.70%, 0, 0, 2, 487.91, 49519, 129, 0, 0
116, 0, 9, 95, 90, 3, 31.70%, 0, 0, 2, 417.76, 51660, 129, 0, 0
121, 0, 9, 96, 91, 3, 31.70%, 0, 0, 2, 437.40, 53915, 129, 0, 0
127, 0, 102, 133, 126, 32, 44.47%, 0, 0, 3, 443.66, 56160, 181, 0, 0
132, 0, 102, 142, 135, 32, 45.45%, 1, 0, 3, 404.91, 58147, 185, 1, 0
137, 0, 102, 145, 138, 32, 45.45%, 1, 0, 3, 436.38, 60329, 185, 1, 0
142, 0, 102, 147, 140, 32, 45.45%, 1, 0, 3, 429.21, 62440, 185, 1, 0
147, 0, 102, 148, 141, 32, 45.45%, 1, 0, 3, 444.36, 64655, 185, 1, 0
152, 0, 102, 151, 144, 32, 45.45%, 1, 0, 3, 414.20, 66764, 185, 1, 0
157, 0, 102, 152, 145, 32, 45.45%, 1, 0, 3, 397.56, 68714, 185, 1, 0
162, 0, 102, 153, 146, 32, 45.45%, 1, 0, 3, 418.29, 70867, 185, 1, 0
167, 0, 102, 154, 147, 32, 45.45%, 1, 0, 3, 450.77, 73106, 185, 1, 0
172, 0, 102, 155, 148, 32, 45.45%, 1, 0, 3, 430.62, 75281, 185, 1, 0
178, 0, 102, 156, 149, 32, 45.45%, 1, 0, 3, 431.00, 77504, 185, 1, 0
183, 0, 102, 157, 150, 32, 45.45%, 1, 0, 3, 416.12, 79583, 185, 1, 0
188, 0, 102, 157, 150, 32, 45.45%, 1, 0, 3, 435.03, 81855, 185, 1, 0
193, 0, 102, 159, 152, 32, 45.45%, 1, 0, 3, 398.32, 83877, 185, 1, 0
198, 0, 102, 159, 152, 32, 45.45%, 1, 0, 3, 388.42, 85829, 185, 1, 0
203, 0, 102, 160, 153, 32, 45.45%, 1, 0, 3, 413.00, 87932, 185, 1, 0
208, 0, 102, 160, 153, 32, 45.45%, 1, 0, 3, 430.66, 90092, 185, 1, 0
213, 0, 102, 161, 154, 32, 45.45%, 1, 0, 3, 430.32, 92307, 185, 1, 0
218, 0, 102, 163, 156, 32, 45.45%, 1, 0, 3, 468.28, 94753, 185, 1, 0
223, 0, 102, 164, 157, 32, 45.45%, 1, 0, 3, 432.16, 96896, 185, 1, 0
228, 0, 102, 165, 158, 32, 45.45%, 1, 0, 3, 436.78, 99071, 185, 1, 0
233, 0, 102, 165, 158, 32, 45.45%, 1, 0, 3, 420.34, 101127, 185, 1, 0
238, 0, 102, 165, 158, 32, 45.45%, 1, 0, 3, 459.82, 103524, 185, 1, 0
243, 0, 102, 165, 158, 32, 45.45%, 1, 0, 3, 428.50, 105623, 185, 1, 0
249, 0, 102, 166, 159, 32, 45.45%, 1, 0, 3, 410.07, 107654, 185, 1, 0
254, 0, 117, 167, 157, 32, 45.70%, 1, 0, 3, 437.15, 109827, 186, 1, 0
259, 0, 151, 167, 151, 26, 45.70%, 1, 0, 3, 415.86, 111948, 186, 1, 0
264, 0, 151, 179, 163, 26, 45.70%, 1, 0, 3, 400.90, 113962, 186, 1, 0
269, 0, 151, 184, 168, 26, 45.70%, 1, 0, 3, 425.93, 116142, 186, 1, 0
274, 0, 151, 186, 170, 26, 45.70%, 1, 0, 3, 420.65, 118236, 186, 1, 0
279, 0, 151, 189, 173, 26, 45.95%, 1, 0, 3, 446.00, 120521, 187, 1, 0
284, 0, 151, 189, 173, 26, 45.95%, 1, 0, 3, 445.01, 122801, 187, 1, 0
289, 0, 151, 190, 174, 26, 45.95%, 1, 0, 3, 398.92, 124822, 187, 1, 0
295, 0, 151, 190, 174, 26, 45.95%, 1, 0, 3, 414.05, 127016, 187, 1, 0
300, 0, 151, 191, 175, 26, 45.95%, 1, 0, 3, 403.31, 129031, 187, 1, 0
305, 0, 151, 193, 177, 26, 45.95%, 1, 0, 3, 411.92, 131149, 187, 1, 0
310, 0, 151, 193, 177, 26, 45.95%, 1, 0, 3, 421.54, 133325, 187, 1, 0
315, 0, 151, 194, 178, 26, 45.95%, 1, 0, 3, 425.08, 135492, 187, 1, 0
320, 0, 151, 194, 178, 26, 45.95%, 1, 0, 3, 422.85, 137700, 187, 1, 0
325, 0, 151, 194, 178, 26, 45.95%, 1, 0, 3, 419.45, 139788, 187, 1, 0
330, 0, 151, 194, 178, 26, 45.95%, 1, 0, 3, 400.85, 141821, 187, 1, 0
335, 0, 151, 194, 178, 26, 45.95%, 1, 0, 3, 396.00, 143773, 187, 1, 0
340, 0, 151, 194, 178, 26, 45.95%, 1, 0, 3, 447.88, 146102, 187, 1, 0
345, 0, 151, 194, 178, 26, 45.95%, 1, 0, 3, 417.36, 148198, 187, 1, 0
351, 0, 151, 194, 178, 26, 45.95%, 1, 0, 3, 442.64, 150502, 187, 1, 0
356, 0, 99, 198, 181, 25, 46.44%, 1, 0, 3, 423.82, 152590, 189, 1, 0
361, 0, 115, 204, 186, 25, 46.68%, 1, 0, 3, 427.84, 154726, 190, 1, 0
366, 0, 104, 204, 183, 24, 46.68%, 1, 0, 3, 438.11, 156973, 190, 1, 0
371, 0, 104, 204, 183, 24, 46.68%, 1, 0, 3, 410.62, 159078, 190, 1, 0
376, 0, 104, 204, 183, 24, 46.68%, 1, 0, 3, 384.61, 161088, 190, 1, 0
381, 0, 202, 204, 181, 22, 46.68%, 1, 0, 3, 417.97, 163223, 190, 1, 0
386, 0, 187, 205, 180, 21, 46.93%, 1, 0, 3, 427.51, 165419, 191, 1, 0
391, 0, 57, 209, 182, 19, 46.93%, 1, 0, 3, 420.38, 167571, 191, 1, 0
396, 0, 116, 210, 182, 18, 46.93%, 1, 0, 3, 404.35, 169581, 191, 1, 0
401, 0, 218, 222, 193, 19, 46.93%, 1, 0, 3, 442.91, 171831, 191, 1, 0
406, 0, 97, 222, 190, 16, 46.93%, 1, 0, 3, 452.29, 174155, 191, 1, 0
411, 0, 220, 222, 188, 14, 46.93%, 1, 0, 3, 455.99, 176486, 191, 1, 0
416, 0, 220, 240, 206, 14, 46.93%, 1, 0, 3, 416.14, 178525, 191, 1, 0
422, 0, 220, 244, 210, 14, 46.93%, 1, 0, 3, 455.30, 180836, 191, 1, 0
427, 0, 220, 247, 213, 14, 46.93%, 1, 0, 3, 414.37, 182814, 191, 1, 0
432, 0, 220, 248, 214, 14, 46.93%, 1, 0, 3, 404.55, 184829, 191, 1, 0
437, 0, 249, 250, 215, 14, 47.17%, 1, 0, 3, 423.74, 186971, 192, 1, 0
442, 0, 249, 250, 215, 14, 47.17%, 1, 0, 3, 410.99, 189038, 192, 1, 0
447, 0, 128, 255, 219, 13, 47.17%, 1, 0, 3, 443.35, 191268, 192, 1, 0
452, 0, 128, 259, 223, 13, 47.17%, 1, 0, 3, 423.47, 193480, 192, 1, 0
457, 0, 128, 262, 226, 13, 47.17%, 1, 0, 3, 445.10, 195764, 192, 1, 0
462, 0, 128, 262, 226, 13, 47.17%, 1, 0, 3, 434.70, 197933, 192, 1, 0
467, 0, 261, 262, 223, 11, 47.17%, 1, 0, 3, 431.08, 200237, 192, 1, 0
472, 0, 85, 263, 221, 9, 47.42%, 1, 0, 3, 411.54, 202306, 193, 1, 0
477, 0, 118, 264, 217, 5, 47.42%, 1, 0, 3, 421.52, 204425, 193, 1, 0
482, 0, 195, 266, 218, 4, 47.42%, 1, 0, 3, 453.86, 206712, 193, 1, 0
488, 0, 103, 266, 216, 3, 47.42%, 1, 0, 3, 434.96, 208864, 193, 1, 0
493, 0, 57, 267, 214, 0, 47.42%, 1, 0, 3, 432.35, 210989, 193, 1, 0
498, 0, 137, 267, 212, 0, 47.42%, 1, 0, 3, 397.02, 212999, 193, 1, 0
503, 0, 23, 267, 210, 0, 47.42%, 1, 0, 3, 425.40, 215196, 193, 1, 0
508, 0, 142, 267, 209, 0, 47.42%, 1, 0, 3, 407.16, 217289, 193, 1, 0
513, 0, 268, 270, 211, 1, 47.42%, 1, 0, 3, 389.41, 219360, 193, 1, 0
518, 0, 119, 271, 210, 0, 47.42%, 1, 0, 4, 395.46, 221368, 193, 1, 0
523, 0, 243, 271, 209, 0, 47.42%, 1, 0, 4, 406.63, 223375, 193, 1, 0
528, 0, 189, 271, 207, 0, 47.42%, 1, 0, 4, 430.74, 225566, 193, 1, 0
533, 0, 202, 271, 204, 0, 47.42%, 1, 0, 4, 456.58, 227845, 193, 1, 0
538, 0, 93, 272, 203, 0, 47.42%, 1, 0, 4, 412.88, 229888, 193, 1, 0
543, 0, 244, 273, 202, 0, 47.42%, 1, 0, 4, 456.74, 232194, 193, 1, 0
548, 0, 234, 273, 201, 0, 47.42%, 1, 0, 4, 439.44, 234357, 193, 1, 0
553, 0, 184, 273, 198, 0, 47.42%, 1, 0, 4, 448.95, 236591, 193, 1, 0
558, 0, 273, 274, 196, 1, 47.42%, 1, 0, 4, 447.15, 238776, 193, 1, 0
564, 0, 212, 275, 195, 0, 47.42%, 1, 0, 4, 400.09, 240721, 193, 1, 0
569, 0, 238, 276, 195, 0, 47.42%, 1, 0, 4, 437.49, 242979, 193, 1, 0
574, 0, 106, 276, 194, 0, 47.42%, 1, 0, 4, 403.25, 245021, 193, 1, 0
579, 0, 265, 276, 191, 0, 47.42%, 1, 0, 4, 440.47, 247318, 193, 1, 0
584, 0, 135, 277, 192, 0, 47.42%, 1, 0, 4, 448.52, 249557, 193, 1, 0
589, 0, 236, 277, 190, 0, 47.42%, 1, 0, 4, 406.97, 251529, 193, 1, 0
594, 0, 128, 277, 188, 0, 47.42%, 1, 0, 4, 439.78, 253751, 193, 1, 0
599, 0, 114, 277, 186, 0, 47.42%, 1, 0, 4, 441.80, 255893, 193, 1, 0
604, 0, 104, 277, 183, 0, 47.42%, 1, 0, 4, 462.95, 258261, 193, 1, 0
609, 0, 169, 277, 181, 0, 47.42%, 1, 0, 4, 462.19, 260578, 193, 1, 0
614, 0, 276, 285, 188, 0, 47.42%, 1, 0, 4, 447.08, 262827, 193, 1, 0
619, 0, 276, 287, 190, 0, 47.42%, 1, 0, 4, 438.22, 265025, 193, 1, 0
624, 0, 276, 288, 191, 0, 47.42%, 1, 0, 4, 406.70, 267080, 193, 1, 0
630, 0, 276, 290, 193, 0, 47.42%, 1, 0, 4, 402.66, 269142, 193, 1, 0
635, 0, 276, 291, 194, 0, 47.42%, 1, 0, 4, 411.91, 271189, 193, 1, 0
640, 0, 231, 291, 192, 0, 47.42%, 1, 0, 4, 409.43, 273299, 193, 1, 0
645, 0, 203, 291, 190, 0, 47.42%, 1, 0, 4, 436.26, 275523, 193, 1, 0
650, 0, 178, 291, 189, 0, 47.42%, 1, 0, 4, 438.53, 277708, 193, 1, 0
655, 0, 59, 291, 185, 0, 47.42%, 1, 0, 4, 451.31, 280018, 193, 1, 0
660, 0, 8, 291, 182, 0, 47.42%, 1, 0, 4, 414.26, 282088, 193, 1, 0
665, 0, 145, 291, 181, 0, 47.42%, 1, 0, 4, 438.02, 284318, 193, 1, 0
670, 0, 57, 291, 179, 0, 47.42%, 1, 0, 4, 415.82, 286390, 193, 1, 0
675, 0, 85, 291, 176, 0, 47.42%, 1, 0, 4, 411.65, 288468, 193, 1, 0
680, 0, 239, 291, 173, 0, 47.42%, 1, 0, 4, 424.52, 290658, 193, 1, 0
685, 0, 228, 291, 172, 0, 47.42%, 1, 0, 4, 429.60, 292819, 193, 1, 0
690, 0, 213, 291, 168, 0, 47.42%, 1, 0, 4, 438.88, 294962, 193, 1, 0
695, 0, 50, 291, 166, 0, 47.42%, 1, 0, 4, 441.06, 297153, 193, 1, 0
701, 0, 201, 291, 165, 0, 47.42%, 1, 0, 4, 436.20, 299456, 193, 1, 0
706, 0, 260, 291, 163, 0, 47.42%, 1, 0, 4, 428.19, 301527, 193, 1, 0
711, 0, 199, 293, 165, 0, 47.42%, 1, 0, 4, 420.05, 303668, 193, 1, 0
716, 0, 293, 294, 164, 1, 47.91%, 1, 0, 4, 453.49, 305972, 195, 1, 0
721, 1, 282, 294, 161, 0, 47.91%, 1, 0, 4, 446.31, 308179, 195, 1, 0
726, 1, 19, 295, 160, 0, 47.91%, 1, 0, 5, 414.42, 310338, 195, 1, 0
731, 1, 164, 295, 156, 0, 47.91%, 1, 0, 5, 413.56, 312468, 195, 1, 0
736, 1, 266, 295, 152, 0, 47.91%, 1, 0, 5, 421.06, 314662, 195, 1, 0
741, 1, 136, 295, 149, 0, 47.91%, 1, 0, 5, 415.22, 316782, 195, 1, 0
746, 1, 163, 296, 147, 0, 47.91%, 1, 0, 5, 445.84, 319076, 195, 1, 0
751, 1, 30, 296, 144, 0, 47.91%, 1, 0, 5, 437.11, 321288, 195, 1, 0
756, 1, 233, 296, 142, 0, 47.91%, 1, 0, 5, 434.69, 323480, 195, 1, 0
762, 1, 193, 296, 139, 0, 47.91%, 1, 0, 5, 422.56, 325628, 195, 1, 0
767, 1, 0, 297, 138, 0, 47.91%, 1, 0, 5, 417.12, 327731, 195, 1, 0
772, 1, 40, 297, 134, 0, 47.91%, 1, 0, 5, 431.71, 329930, 195, 1, 0
777, 1, 37, 298, 131, 0, 47.91%, 1, 0, 5, 425.23, 332011, 195, 1, 0
782, 1, 221, 298, 127, 0, 47.91%, 1, 0, 5, 408.10, 334055, 195, 1, 0
787, 1, 240, 298, 124, 0, 47.91%, 1, 0, 5, 453.89, 336345, 195, 1, 0
792, 1, 77, 298, 121, 0, 47.91%, 1, 0, 5, 441.39, 338527, 195, 1, 0
797, 1, 211, 298, 117, 0, 47.91%, 1, 0, 5, 431.20, 340703, 195, 1, 0
802, 1, 278, 298, 116, 0, 47.91%, 1, 0, 5, 423.99, 342876, 195, 1, 0
807, 1, 298, 299, 115, 1, 48.16%, 1, 0, 5, 440.08, 345221, 196, 1, 0
812, 1, 181, 299, 111, 0, 48.16%, 1, 0, 5, 448.06, 347565, 196, 1, 0
817, 1, 20, 300, 109, 0, 48.40%, 1, 0, 5, 432.59, 349738, 197, 1, 0
823, 1, 140, 302, 108, 0, 48.89%, 1, 0, 5, 416.38, 351900, 199, 1, 0
828, 1, 148, 302, 106, 0, 48.89%, 1, 0, 5, 431.72, 354172, 199, 1, 0
833, 1, 57, 302, 101, 0, 48.89%, 1, 0, 5, 465.83, 356563, 199, 1, 0
838, 1, 155, 302, 100, 0, 48.89%, 1, 0, 5, 419.07, 358586, 199, 1, 0
843, 1, 279, 303, 99, 0, 48.89%, 1, 0, 5, 422.27, 360742, 199, 1, 0
848, 1, 172, 303, 95, 0, 48.89%, 1, 0, 5, 429.88, 362900, 199, 1, 0
853, 1, 183, 305, 93, 0, 48.89%, 1, 0, 5, 431.05, 365070, 199, 1, 0
858, 1, 283, 305, 91, 0, 48.89%, 1, 0, 5, 423.24, 367306, 199, 1, 0
863, 1, 123, 305, 89, 0, 48.89%, 1, 0, 5, 455.49, 369660, 199, 1, 0
868, 1, 275, 306, 87, 0, 48.89%, 1, 0, 5, 444.61, 371934, 199, 1, 0
873, 1, 296, 306, 85, 0, 48.89%, 1, 0, 5, 428.54, 374026, 199, 1, 0
879, 1, 285, 306, 83, 0, 48.89%, 1, 0, 5, 374.78, 375926, 199, 1, 0
884, 1, 241, 307, 81, 0, 49.14%, 1, 0, 5, 351.08, 377728, 200, 1, 0
889, 1, 286, 308, 81, 0, 49.14%, 1, 0, 5, 422.37, 379907, 200, 1, 0
894, 1, 287, 308, 81, 0, 49.14%, 1, 0, 5, 422.92, 382017, 200, 1, 0
899, 1, 249, 308, 76, 0, 49.14%, 1, 0, 5, 430.07, 384222, 200, 1, 0
904, 1, 301, 308, 74, 0, 49.14%, 1, 0, 5, 406.92, 386305, 200, 1, 0
904, 1, 47, 308, 74, 0, 49.14%, 1, 0, 5, 407.57, 386454, 200, 1, 0
