# relative_time, cycles_done, cur_item, corpus_count, pending_total, pending_favs, map_size, saved_crashes, saved_hangs, max_depth, execs_per_sec, total_execs, edges_found, total_crashes, servers_count
60, 0, 9, 83, 78, 5, 30.71%, 0, 0, 2, 460.45, 28778, 125, 0, 0
65, 0, 9, 83, 78, 5, 30.71%, 0, 0, 2, 476.84, 31181, 125, 0, 0
70, 0, 9, 84, 79, 5, 30.71%, 0, 0, 2, 459.46, 33438, 125, 0, 0
75, 0, 9, 86, 81, 5, 30.71%, 0, 0, 2, 468.47, 35801, 125, 0, 0
80, 0, 9, 88, 83, 5, 30.71%, 0, 0, 2, 499.73, 38344, 125, 0, 0
86, 0, 9, 89, 84, 5, 30.71%, 0, 0, 2, 494.96, 40871, 125, 0, 0
91, 0, 9, 89, 84, 5, 30.71%, 0, 0, 2, 458.75, 43130, 125, 0, 0
96, 0, 9, 89, 84, 5, 30.71%, 0, 0, 2, 462.45, 45524, 125, 0, 0
101, 0, 9, 90, 85, 5, 30.71%, 0, 0, 2, 440.60, 47731, 125, 0, 0
106, 0, 9, 90, 85, 5, 30.71%, 0, 0, 2, 454.52, 50040, 125, 0, 0
111, 0, 9, 92, 87, 5, 30.71%, 0, 0, 2, 439.59, 52193, 125, 0, 0
116, 0, 9, 92, 87, 5, 30.71%, 0, 0, 2, 428.94, 54336, 125, 0, 0
121, 0, 3, 184, 171, 34, 44.72%, 0, 0, 3, 432.02, 56534, 182, 0, 0
126, 0, 3, 184, 171, 34, 44.72%, 0, 0, 3, 427.97, 58697, 182, 0, 0
131, 0, 113, 184, 169, 32, 44.72%, 0, 0, 3, 430.52, 60876, 182, 0, 0
137, 0, 144, 187, 170, 30, 45.45%, 0, 0, 3, 445.59, 63095, 185, 0, 0
142, 0, 144, 196, 179, 30, 45.45%, 0, 0, 3, 426.06, 65206, 185, 0, 0
147, 0, 144, 198, 181, 30, 45.45%, 0, 0, 3, 452.84, 67508, 185, 0, 0
152, 0, 144, 199, 182, 30, 45.45%, 0, 0, 3, 458.83, 69788, 185, 0, 0
157, 0, 144, 202, 185, 30, 45.45%, 0, 0, 3, 431.55, 71936, 185, 0, 0
162, 0, 144, 204, 187, 30, 45.45%, 0, 0, 3, 432.17, 74110, 185, 0, 0
167, 0, 144, 206, 189, 30, 45.45%, 0, 0, 3, 577.01, 76953, 185, 0, 0
172, 0, 144, 208, 191, 30, 45.45%, 0, 0, 3, 721.10, 80786, 185, 0, 0
177, 0, 144, 208, 191, 30, 45.45%, 0, 0, 3, 660.73, 84167, 185, 0, 0
182, 0, 144, 208, 191, 30, 45.45%, 0, 0, 3, 524.97, 86836, 185, 0, 0
187, 0, 144, 208, 191, 30, 45.45%, 0, 0, 3, 467.06, 89147, 185, 0, 0
193, 0, 144, 208, 191, 30, 45.45%, 0, 0, 3, 460.37, 91541, 185, 0, 0
198, 0, 144, 208, 191, 30, 45.45%, 0, 0, 3, 438.57, 93755, 185, 0, 0
203, 0, 144, 208, 191, 30, 45.45%, 0, 0, 3, 464.60, 96060, 185, 0, 0
208, 0, 144, 208, 191, 30, 45.45%, 0, 0, 3, 455.86, 98427, 185, 0, 0
213, 0, 144, 208, 191, 30, 45.45%, 0, 0, 3, 460.47, 100776, 185, 0, 0
218, 0, 144, 208, 191, 30, 45.45%, 0, 0, 3, 446.08, 102979, 185, 0, 0
223, 0, 144, 209, 192, 30, 45.45%, 0, 0, 3, 447.40, 105290, 185, 0, 0
228, 0, 144, 209, 192, 30, 45.45%, 0, 0, 3, 450.36, 107543, 185, 0, 0
233, 0, 144, 209, 192, 30, 45.45%, 0, 0, 3, 442.46, 109747, 185, 0, 0
238, 0, 144, 209, 192, 30, 45.45%, 0, 0, 3, 434.49, 111907, 185, 0, 0
243, 0, 144, 209, 192, 30, 45.45%, 0, 0, 3, 457.28, 114320, 185, 0, 0
249, 0, 136, 209, 190, 30, 45.45%, 0, 0, 3, 459.37, 116686, 185, 0, 0
254, 0, 225, 228, 208, 31, 45.70%, 0, 0, 3, 440.89, 118889, 186, 0, 0
259, 0, 171, 228, 205, 28, 45.70%, 0, 0, 3, 458.08, 121188, 186, 0, 0
264, 0, 218, 228, 203, 26, 45.70%, 0, 0, 3, 442.78, 123452, 186, 0, 0
269, 0, 181, 232, 206, 25, 45.70%, 0, 0, 3, 458.78, 125754, 186, 0, 0
274, 0, 181, 234, 208, 25, 45.70%, 0, 0, 3, 451.84, 128038, 186, 0, 0
279, 0, 181, 234, 208, 25, 45.70%, 0, 0, 3, 422.28, 130160, 186, 0, 0
284, 0, 116, 236, 209, 23, 45.70%, 0, 0, 3, 438.53, 132390, 186, 0, 0
289, 0, 194, 236, 207, 21, 45.70%, 0, 0, 3, 428.12, 134539, 186, 0, 0
294, 0, 0, 236, 205, 19, 45.70%, 0, 0, 3, 438.74, 136778, 186, 0, 0
299, 0, 163, 237, 203, 17, 46.19%, 0, 0, 3, 421.33, 138946, 188, 0, 0
304, 0, 163, 244, 210, 17, 46.19%, 0, 0, 3, 430.76, 141098, 188, 0, 0
310, 0, 163, 245, 211, 17, 46.19%, 0, 0, 3, 425.61, 143249, 188, 0, 0
315, 0, 163, 245, 211, 17, 46.19%, 0, 0, 3, 411.54, 145313, 188, 0, 0
320, 0, 163, 246, 212, 17, 46.19%, 0, 0, 3, 411.57, 147408, 188, 0, 0
325, 0, 163, 248, 214, 17, 46.93%, 0, 0, 3, 446.26, 149812, 191, 0, 0
330, 0, 163, 250, 216, 17, 46.93%, 0, 0, 3, 437.60, 152052, 191, 0, 0
335, 0, 163, 250, 216, 17, 46.93%, 0, 0, 3, 428.14, 154180, 191, 0, 0
340, 0, 163, 250, 216, 17, 46.93%, 0, 0, 3, 434.25, 156388, 191, 0, 0
345, 0, 163, 250, 216, 17, 46.93%, 0, 0, 3, 403.84, 158356, 191, 0, 0
350, 0, 163, 250, 216, 17, 46.93%, 0, 0, 3, 434.07, 160612, 191, 0, 0
355, 0, 163, 250, 216, 17, 46.93%, 0, 0, 3, 419.22, 162756, 191, 0, 0
360, 0, 163, 250, 216, 17, 46.93%, 0, 0, 3, 425.04, 164908, 191, 0, 0
365, 0, 163, 251, 217, 17, 46.93%, 0, 0, 3, 436.81, 167123, 191, 0, 0
370, 0, 247, 251, 215, 17, 46.93%, 0, 0, 3, 456.77, 169389, 191, 0, 0
376, 0, 15, 251, 211, 13, 46.93%, 0, 0, 3, 430.26, 171555, 191, 0, 0
381, 0, 57, 254, 211, 12, 47.17%, 0, 0, 3, 450.00, 173843, 192, 0, 0
386, 0, 104, 254, 210, 11, 47.17%, 0, 0, 3, 435.51, 175966, 192, 0, 0
391, 0, 104, 254, 210, 11, 47.17%, 0, 0, 3, 414.93, 178062, 192, 0, 0
396, 0, 104, 254, 210, 11, 47.17%, 0, 0, 3, 395.84, 180004, 192, 0, 0
401, 0, 240, 261, 214, 8, 47.17%, 0, 0, 3, 415.10, 182155, 192, 0, 0
406, 0, 240, 264, 217, 8, 47.17%, 0, 0, 3, 442.88, 184384, 192, 0, 0
411, 0, 240, 267, 220, 8, 47.17%, 0, 0, 3, 408.73, 186445, 192, 0, 0
416, 0, 240, 270, 223, 8, 47.17%, 0, 0, 3, 401.04, 188481, 192, 0, 0
421, 0, 237, 270, 220, 5, 47.17%, 0, 0, 3, 413.45, 190633, 192, 0, 0
426, 0, 270, 271, 219, 4, 47.17%, 0, 0, 3, 386.42, 192640, 192, 0, 0
431, 0, 188, 271, 214, 0, 47.17%, 0, 0, 3, 393.25, 194683, 192, 0, 0
437, 0, 110, 272, 213, 0, 47.17%, 0, 0, 3, 368.70, 196615, 192, 0, 0
442, 0, 45, 273, 213, 0, 47.17%, 0, 0, 3, 373.04, 198550, 192, 0, 0
447, 0, 267, 273, 209, 0, 47.17%, 0, 0, 3, 435.27, 200819, 192, 0, 0
452, 0, 36, 275, 209, 0, 47.17%, 0, 0, 4, 499.25, 203455, 192, 0, 0
457, 0, 215, 275, 207, 0, 47.17%, 0, 0, 4, 450.41, 205744, 192, 0, 0
462, 0, 138, 275, 205, 0, 47.17%, 0, 0, 4, 420.17, 207856, 192, 0, 0
467, 0, 101, 277, 205, 0, 47.17%, 0, 0, 4, 412.90, 209932, 192, 0, 0
472, 0, 48, 277, 202, 0, 47.17%, 0, 0, 4, 411.92, 212034, 192, 0, 0
477, 0, 181, 277, 200, 0, 47.17%, 0, 0, 4, 415.68, 214261, 192, 0, 0
482, 0, 45, 277, 198, 0, 47.17%, 0, 0, 4, 428.02, 216416, 192, 0, 0
488, 0, 181, 278, 198, 0, 47.17%, 0, 0, 4, 407.97, 218512, 192, 0, 0
493, 0, 243, 279, 199, 0, 47.17%, 0, 0, 4, 439.68, 220767, 192, 0, 0
498, 0, 111, 279, 196, 0, 47.17%, 0, 0, 4, 418.14, 222847, 192, 0, 0
503, 0, 3, 279, 194, 0, 47.17%, 0, 0, 4, 429.05, 225010, 192, 0, 0
508, 0, 8, 279, 192, 0, 47.17%, 0, 0, 4, 433.69, 227259, 192, 0, 0
513, 0, 261, 279, 189, 0, 47.17%, 0, 0, 4, 424.42, 229362, 192, 0, 0
518, 0, 76, 279, 186, 0, 47.17%, 0, 0, 4, 417.35, 231523, 192, 0, 0
523, 0, 254, 280, 184, 0, 47.17%, 0, 0, 4, 421.33, 233656, 192, 0, 0
528, 0, 216, 280, 182, 0, 47.17%, 0, 0, 4, 440.37, 235947, 192, 0, 0
533, 0, 131, 280, 180, 0, 47.17%, 0, 0, 4, 444.12, 238212, 192, 0, 0
538, 0, 134, 280, 179, 0, 47.17%, 0, 0, 4, 409.08, 240233, 192, 0, 0
544, 0, 192, 282, 180, 0, 47.17%, 0, 0, 4, 421.71, 242390, 192, 0, 0
549, 0, 78, 283, 178, 0, 47.17%, 0, 0, 4, 425.75, 244499, 192, 0, 0
554, 0, 154, 284, 177, 0, 47.17%, 0, 0, 4, 450.17, 246767, 192, 0, 0
559, 0, 67, 284, 173, 0, 47.17%, 0, 0, 4, 443.30, 248986, 192, 0, 0
564, 0, 240, 286, 172, 0, 47.17%, 0, 0, 4, 444.16, 251229, 192, 0, 0
569, 0, 286, 287, 173, 0, 47.17%, 0, 0, 4, 442.81, 253428, 192, 0, 0
574, 0, 102, 288, 172, 0, 47.17%, 0, 0, 4, 431.09, 255554, 192, 0, 0
579, 0, 76, 288, 169, 0, 47.17%, 0, 0, 4, 439.56, 257764, 192, 0, 0
584, 0, 213, 288, 168, 0, 47.17%, 0, 0, 4, 418.52, 259897, 192, 0, 0
589, 1, 44, 288, 163, 0, 47.17%, 0, 0, 4, 427.46, 262065, 192, 0, 0
594, 1, 285, 288, 157, 0, 47.17%, 0, 0, 4, 430.20, 264239, 192, 0, 0
599, 1, 26, 288, 153, 0, 47.17%, 0, 0, 4, 424.75, 266382, 192, 0, 0
604, 1, 142, 288, 149, 0, 47.17%, 0, 0, 4, 423.93, 268497, 192, 0, 0
609, 1, 124, 288, 147, 0, 47.17%, 0, 0, 4, 409.83, 270558, 192, 0, 0
614, 1, 263, 290, 147, 0, 47.17%, 0, 0, 4, 401.35, 272609, 192, 0, 0
619, 1, 274, 290, 143, 0, 47.17%, 0, 0, 4, 406.46, 274704, 192, 0, 0
625, 1, 232, 290, 140, 0, 47.17%, 0, 0, 4, 401.28, 276768, 192, 0, 0
630, 1, 232, 294, 144, 0, 47.17%, 0, 0, 4, 419.78, 278904, 192, 0, 0
635, 1, 106, 294, 143, 0, 47.17%, 0, 0, 4, 411.18, 281056, 192, 0, 0
640, 1, 270, 294, 139, 0, 47.17%, 0, 0, 4, 417.16, 283264, 192, 0, 0
645, 1, 220, 294, 137, 0, 47.17%, 0, 0, 4, 439.57, 285543, 192, 0, 0
650, 1, 283, 295, 134, 0, 47.17%, 0, 0, 4, 403.69, 287639, 192, 0, 0
655, 1, 125, 298, 135, 0, 47.17%, 0, 0, 4, 427.33, 289817, 192, 0, 0
660, 1, 230, 298, 131, 0, 47.17%, 0, 0, 4, 441.09, 292123, 192, 0, 0
665, 1, 121, 298, 128, 0, 47.17%, 0, 0, 4, 424.84, 294252, 192, 0, 0
670, 1, 271, 298, 126, 0, 47.17%, 0, 0, 4, 416.86, 296400, 192, 0, 0
675, 1, 176, 298, 123, 0, 47.17%, 0, 0, 4, 435.69, 298602, 192, 0, 0
680, 1, 219, 299, 121, 0, 47.17%, 0, 0, 4, 421.90, 300708, 192, 0, 0
685, 1, 297, 299, 119, 0, 47.17%, 0, 0, 4, 423.05, 302928, 192, 0, 0
691, 1, 296, 299, 115, 0, 47.17%, 0, 0, 4, 439.26, 305156, 192, 0, 0
696, 1, 172, 299, 110, 0, 47.17%, 0, 0, 4, 456.55, 307506, 192, 0, 0
701, 1, 240, 300, 109, 0, 47.17%, 0, 0, 4, 436.49, 309672, 192, 0, 0
706, 1, 300, 303, 111, 1, 47.91%, 0, 0, 4, 431.71, 311839, 195, 0, 0
711, 1, 302, 304, 109, 1, 47.91%, 0, 0, 5, 434.16, 314018, 195, 0, 0
716, 1, 132, 304, 108, 0, 47.91%, 0, 0, 5, 427.61, 316210, 195, 0, 0
721, 1, 189, 304, 104, 0, 47.91%, 0, 0, 5, 436.42, 318409, 195, 0, 0
726, 1, 107, 305, 103, 0, 47.91%, 0, 0, 5, 429.87, 320604, 195, 0, 0
731, 1, 268, 308, 105, 0, 47.91%, 0, 0, 5, 422.08, 322735, 195, 0, 0
736, 1, 268, 309, 106, 0, 47.91%, 0, 0, 5, 405.74, 324709, 195, 0, 0
741, 1, 294, 309, 102, 0, 47.91%, 0, 0, 5, 392.42, 326740, 195, 0, 0
746, 1, 264, 309, 100, 0, 47.91%, 0, 0, 5, 414.35, 328850, 195, 0, 0
751, 1, 202, 309, 98, 0, 47.91%, 0, 0, 5, 429.75, 331058, 195, 0, 0
756, 1, 308, 309, 94, 0, 47.91%, 0, 0, 5, 426.74, 333215, 195, 0, 0
761, 1, 300, 309, 92, 0, 47.91%, 0, 0, 5, 410.39, 335273, 195, 0, 0
767, 1, 174, 309, 89, 0, 47.91%, 0, 0, 5, 427.12, 337504, 195, 0, 0
772, 1, 120, 309, 85, 0, 47.91%, 0, 0, 5, 437.64, 339667, 195, 0, 0
777, 1, 135, 309, 82, 0, 47.91%, 0, 0, 5, 431.60, 341823, 195, 0, 0
782, 1, 135, 310, 81, 0, 47.91%, 0, 0, 5, 434.28, 343992, 195, 0, 0
787, 1, 171, 310, 80, 0, 47.91%, 0, 0, 5, 448.57, 346280, 195, 0, 0
792, 1, 120, 310, 78, 0, 47.91%, 0, 0, 5, 424.11, 348439, 195, 0, 0
797, 1, 289, 310, 77, 0, 47.91%, 0, 0, 5, 403.84, 350527, 195, 0, 0
802, 1, 69, 310, 72, 0, 47.91%, 0, 0, 5, 437.47, 352709, 195, 0, 0
807, 1, 305, 310, 69, 0, 47.91%, 0, 0, 5, 462.38, 355046, 195, 0, 0
812, 1, 115, 310, 66, 0, 47.91%, 0, 0, 5, 450.42, 357272, 195, 0, 0
817, 1, 235, 310, 62, 0, 47.91%, 0, 0, 5, 458.47, 359581, 195, 0, 0
822, 1, 133, 311, 59, 0, 47.91%, 0, 0, 5, 447.20, 361877, 195, 0, 0
827, 1, 135, 312, 58, 0, 47.91%, 0, 0, 5, 397.57, 363861, 195, 0, 0
832, 1, 61, 312, 56, 0, 47.91%, 0, 0, 5, 423.02, 366091, 195, 0, 0
837, 1, 165, 312, 51, 0, 47.91%, 0, 0, 5, 438.00, 368299, 195, 0, 0
842, 1, 245, 312, 49, 0, 47.91%, 0, 0, 5, 395.91, 370349, 195, 0, 0
847, 1, 149, 312, 47, 0, 47.91%, 0, 0, 5, 388.50, 372324, 195, 0, 0
853, 2, 324, 418, 152, 22, 60.44%, 0, 0, 5, 398.35, 374348, 246, 0, 0
858, 2, 331, 418, 150, 20, 60.44%, 0, 0, 5, 397.44, 376409, 246, 0, 0
863, 2, 381, 418, 148, 18, 60.44%, 0, 0, 5, 418.83, 378527, 246, 0, 0
868, 2, 321, 418, 147, 17, 60.44%, 0, 0, 5, 439.79, 380733, 246, 0, 0
873, 2, 386, 418, 145, 15, 60.44%, 0, 0, 5, 422.85, 382796, 246, 0, 0
878, 2, 351, 418, 143, 13, 60.44%, 0, 0, 5, 427.69, 384985, 246, 0, 0
883, 2, 314, 418, 141, 11, 60.44%, 0, 0, 5, 432.26, 387169, 246, 0, 0
888, 2, 406, 418, 139, 10, 60.44%, 0, 0, 5, 389.42, 389111, 246, 0, 0
893, 2, 323, 418, 137, 8, 60.44%, 0, 0, 5, 437.14, 391354, 246, 0, 0
898, 2, 380, 418, 135, 6, 60.44%, 0, 0, 5, 420.25, 393524, 246, 0, 0
903, 2, 409, 418, 133, 4, 60.44%, 0, 0, 5, 426.18, 395696, 246, 0, 0
908, 2, 409, 418, 133, 4, 60.44%, 0, 0, 5, 432.46, 397901, 246, 0, 0
913, 2, 411, 418, 131, 2, 60.44%, 0, 0, 5, 433.03, 400181, 246, 0, 0
918, 2, 343, 418, 128, 0, 60.44%, 0, 0, 5, 440.19, 402342, 246, 0, 0
924, 2, 37, 418, 125, 0, 60.44%, 0, 0, 5, 444.18, 404567, 246, 0, 0
929, 2, 278, 418, 122, 0, 60.44%, 3, 0, 5, 440.68, 406875, 246, 3, 0
934, 2, 25, 418, 120, 0, 60.44%, 4, 0, 5, 440.73, 409147, 246, 5, 0
939, 2, 376, 418, 118, 0, 60.44%, 4, 0, 5, 424.40, 411283, 246, 5, 0
944, 2, 221, 418, 116, 0, 60.44%, 4, 0, 5, 445.48, 413544, 246, 5, 0
949, 2, 316, 418, 114, 0, 60.44%, 4, 0, 5, 437.13, 415754, 246, 6, 0
954, 2, 356, 418, 112, 0, 60.44%, 4, 0, 5, 447.19, 418039, 246, 6, 0
959, 2, 285, 418, 110, 0, 60.44%, 4, 0, 5, 434.23, 420228, 246, 6, 0
964, 2, 393, 418, 107, 0, 60.44%, 4, 0, 5, 429.57, 422458, 246, 6, 0
969, 2, 401, 418, 106, 0, 60.44%, 4, 0, 5, 422.45, 424613, 246, 6, 0
974, 2, 373, 419, 105, 0, 60.69%, 4, 0, 5, 448.83, 426866, 247, 6, 0
979, 2, 417, 419, 103, 0, 60.69%, 4, 0, 5, 460.53, 429245, 247, 6, 0
984, 2, 390, 419, 101, 0, 60.69%, 4, 0, 5, 440.65, 431393, 247, 6, 0
989, 2, 173, 419, 99, 0, 60.69%, 4, 0, 5, 433.24, 433550, 247, 6, 0
995, 2, 81, 419, 97, 0, 60.69%, 4, 0, 5, 458.52, 435943, 247, 6, 0
1000, 2, 418, 419, 95, 0, 60.69%, 4, 0, 5, 444.34, 438194, 247, 6, 0
1005, 2, 413, 419, 94, 0, 60.69%, 4, 0, 5, 428.34, 440338, 247, 6, 0
1010, 2, 342, 419, 91, 0, 60.69%, 4, 0, 5, 457.93, 442719, 247, 6, 0
1015, 2, 399, 419, 89, 0, 60.69%, 4, 0, 5, 437.70, 444932, 247, 6, 0
1020, 2, 30, 419, 87, 0, 60.69%, 4, 0, 5, 435.99, 447111, 247, 6, 0
1025, 2, 377, 419, 87, 0, 60.69%, 5, 0, 5, 432.69, 449363, 247, 10, 0
1030, 2, 345, 419, 85, 0, 60.69%, 5, 0, 5, 454.71, 451646, 247, 10, 0
1035, 2, 59, 419, 82, 0, 60.69%, 5, 0, 5, 434.77, 453814, 247, 10, 0
1040, 2, 372, 419, 79, 0, 60.69%, 5, 0, 5, 423.68, 455960, 247, 10, 0
1046, 2, 222, 419, 78, 0, 60.69%, 5, 0, 5, 422.63, 458108, 247, 10, 0
1051, 2, 110, 419, 75, 0, 60.69%, 5, 0, 5, 438.73, 460281, 247, 10, 0
1056, 2, 340, 419, 74, 0, 60.69%, 5, 0, 5, 410.12, 462428, 247, 10, 0
1061, 2, 250, 419, 71, 0, 60.69%, 5, 0, 5, 455.16, 464789, 247, 10, 0
1066, 2, 405, 419, 69, 0, 60.69%, 5, 0, 5, 431.32, 466968, 247, 10, 0
1071, 2, 382, 419, 68, 0, 60.69%, 5, 0, 5, 421.57, 469030, 247, 10, 0
1076, 2, 362, 419, 65, 0, 60.69%, 5, 0, 5, 441.39, 471252, 247, 11, 0
1081, 2, 400, 419, 63, 0, 60.69%, 6, 0, 5, 456.14, 473658, 247, 13, 0
1086, 2, 332, 419, 61, 0, 60.69%, 6, 0, 5, 442.57, 475845, 247, 14, 0
1091, 2, 337, 419, 59, 0, 60.69%, 6, 0, 5, 432.66, 478022, 247, 14, 0
1096, 2, 366, 419, 58, 0, 60.69%, 6, 0, 5, 428.97, 480227, 247, 14, 0
1101, 2, 265, 419, 56, 0, 60.69%, 6, 0, 5, 444.48, 482421, 247, 16, 0
1106, 2, 95, 419, 54, 0, 60.69%, 6, 0, 5, 437.83, 484606, 247, 16, 0
1111, 2, 183, 419, 52, 0, 60.69%, 6, 0, 5, 450.36, 486852, 247, 17, 0
1116, 2, 327, 419, 51, 0, 60.69%, 6, 0, 5, 454.60, 489114, 247, 17, 0
1122, 2, 247, 419, 49, 0, 60.69%, 7, 0, 5, 426.09, 491231, 247, 18, 0
1127, 2, 339, 419, 48, 0, 60.69%, 7, 0, 5, 452.86, 493625, 247, 18, 0
1132, 2, 273, 419, 47, 0, 60.69%, 7, 0, 5, 442.23, 495795, 247, 18, 0
1137, 2, 315, 419, 45, 0, 60.69%, 7, 0, 5, 413.73, 497863, 247, 18, 0
1142, 2, 300, 419, 42, 0, 60.69%, 7, 0, 5, 431.92, 500117, 247, 19, 0
1147, 2, 192, 419, 41, 0, 60.69%, 7, 0, 5, 413.60, 502161, 247, 20, 0
1152, 2, 249, 419, 40, 0, 60.69%, 7, 0, 5, 428.11, 504335, 247, 20, 0
1157, 2, 381, 419, 38, 0, 60.69%, 7, 0, 5, 442.63, 506537, 247, 20, 0
1162, 2, 45, 419, 38, 0, 60.69%, 7, 0, 5, 455.53, 508914, 247, 22, 0
1167, 2, 45, 419, 37, 0, 60.69%, 7, 0, 5, 463.09, 511195, 247, 23, 0
1172, 2, 391, 419, 36, 0, 60.69%, 7, 0, 5, 434.03, 513375, 247, 26, 0
1177, 2, 379, 419, 34, 0, 60.69%, 7, 0, 5, 414.17, 515429, 247, 26, 0
1182, 2, 299, 419, 33, 0, 60.69%, 7, 0, 5, 419.48, 517588, 247, 26, 0
1187, 2, 83, 419, 31, 0, 60.69%, 7, 0, 5, 444.58, 519876, 247, 26, 0
1193, 2, 389, 419, 30, 0, 60.69%, 7, 0, 5, 443.43, 522135, 247, 31, 0
1198, 2, 324, 419, 28, 0, 60.69%, 7, 0, 5, 443.28, 524379, 247, 31, 0
1203, 2, 410, 419, 28, 0, 60.69%, 7, 0, 5, 449.06, 526635, 247, 33, 0
1208, 2, 23, 419, 26, 0, 60.69%, 7, 0, 5, 439.42, 528808, 247, 33, 0
1213, 2, 321, 419, 25, 0, 60.69%, 7, 0, 5, 436.89, 530985, 247, 35, 0
1218, 2, 323, 419, 24, 0, 60.69%, 7, 0, 5, 420.23, 533142, 247, 36, 0
1223, 3, 421, 422, 26, 1, 60.93%, 7, 0, 5, 424.29, 535253, 248, 36, 0
1228, 3, 421, 422, 26, 1, 60.93%, 7, 0, 5, 423.24, 537434, 248, 36, 0
1233, 3, 397, 422, 25, 0, 60.93%, 7, 0, 5, 428.73, 539571, 248, 39, 0
1238, 3, 328, 422, 23, 0, 60.93%, 7, 0, 5, 436.13, 541730, 248, 39, 0
1243, 3, 301, 422, 22, 0, 60.93%, 7, 0, 5, 426.53, 543900, 248, 39, 0
1248, 3, 333, 422, 22, 0, 60.93%, 7, 0, 5, 413.10, 545935, 248, 39, 0
1253, 3, 91, 422, 20, 0, 60.93%, 7, 0, 5, 443.38, 548173, 248, 39, 0
1258, 3, 181, 422, 19, 0, 60.93%, 7, 0, 5, 422.88, 550372, 248, 39, 0
1264, 3, 410, 422, 18, 0, 60.93%, 7, 0, 5, 398.06, 552408, 248, 39, 0
1269, 3, 353, 423, 17, 0, 60.93%, 7, 0, 5, 440.73, 554631, 248, 39, 0
1274, 3, 323, 423, 16, 0, 60.93%, 7, 0, 5, 411.49, 556686, 248, 39, 0
1279, 3, 240, 423, 15, 0, 60.93%, 7, 0, 5, 422.42, 558848, 248, 39, 0
1284, 3, 15, 423, 15, 0, 60.93%, 7, 0, 5, 443.85, 561082, 248, 39, 0
1289, 3, 129, 423, 15, 0, 60.93%, 7, 0, 5, 423.23, 563156, 248, 39, 0
1294, 3, 375, 423, 15, 0, 60.93%, 7, 0, 5, 426.97, 565291, 248, 39, 0
1299, 3, 239, 423, 13, 0, 60.93%, 7, 0, 5, 436.69, 567522, 248, 39, 0
1304, 3, 407, 423, 12, 0, 60.93%, 7, 0, 5, 446.10, 569703, 248, 39, 0
1309, 3, 420, 423, 12, 0, 60.93%, 7, 0, 5, 452.55, 572020, 248, 44, 0
1314, 3, 100, 423, 11, 0, 60.93%, 7, 0, 5, 436.16, 574156, 248, 44, 0
1319, 3, 81, 423, 11, 0, 60.93%, 7, 0, 5, 435.85, 576351, 248, 45, 0
1324, 3, 378, 423, 11, 0, 60.93%, 7, 0, 5, 423.18, 578469, 248, 45, 0
1329, 3, 284, 423, 9, 0, 60.93%, 7, 0, 5, 428.34, 580593, 248, 45, 0
1334, 3, 91, 423, 9, 0, 60.93%, 7, 0, 5, 411.18, 582679, 248, 45, 0
1340, 3, 218, 423, 9, 0, 60.93%, 7, 0, 5, 395.90, 584700, 248, 46, 0
1345, 3, 422, 423, 9, 0, 60.93%, 7, 0, 5, 433.30, 586873, 248, 46, 0
1350, 3, 23, 423, 7, 0, 60.93%, 7, 0, 5, 457.97, 589189, 248, 46, 0
1355, 3, 45, 423, 6, 0, 60.93%, 7, 0, 5, 416.49, 591221, 248, 46, 0
1360, 3, 284, 423, 6, 0, 60.93%, 7, 0, 5, 407.49, 593332, 248, 46, 0
1365, 3, 251, 423, 6, 0, 60.93%, 7, 0, 5, 416.81, 595493, 248, 47, 0
1370, 3, 45, 423, 6, 0, 60.93%, 7, 0, 5, 405.90, 597546, 248, 49, 0
1375, 3, 355, 423, 6, 0, 60.93%, 7, 0, 5, 426.23, 599651, 248, 50, 0
1380, 3, 135, 423, 5, 0, 60.93%, 7, 0, 5, 436.73, 601899, 248, 50, 0
1385, 3, 310, 423, 5, 0, 60.93%, 7, 0, 5, 431.71, 604066, 248, 55, 0
1390, 3, 240, 423, 5, 0, 60.93%, 7, 0, 5, 430.37, 606199, 248, 60, 0
1395, 3, 21, 423, 4, 0, 60.93%, 7, 0, 5, 396.40, 608199, 248, 60, 0
1400, 4, 30, 425, 5, 0, 61.18%, 7, 0, 5, 327.50, 610066, 249, 60, 0
1405, 4, 104, 425, 5, 0, 61.18%, 7, 0, 5, 364.20, 611960, 249, 60, 0
1410, 4, 343, 425, 5, 0, 61.18%, 7, 0, 5, 436.12, 614220, 249, 60, 0
1415, 4, 301, 425, 5, 0, 61.18%, 7, 0, 5, 414.10, 616278, 249, 62, 0
1421, 4, 406, 425, 5, 0, 61.18%, 7, 0, 5, 420.94, 618452, 249, 64, 0
1426, 4, 171, 425, 5, 0, 61.18%, 7, 0, 5, 415.55, 620578, 249, 65, 0
1431, 4, 300, 425, 5, 0, 61.18%, 8, 0, 5, 454.97, 622889, 249, 67, 0
1436, 4, 410, 425, 5, 0, 61.18%, 8, 0, 5, 408.56, 624929, 249, 67, 0
1441, 4, 23, 425, 5, 0, 61.18%, 8, 0, 5, 434.14, 627100, 249, 76, 0
1446, 4, 387, 425, 5, 0, 61.18%, 8, 0, 5, 423.89, 629276, 249, 76, 0
1451, 4, 358, 425, 4, 0, 61.18%, 8, 0, 5, 414.16, 631392, 249, 76, 0
1456, 4, 135, 425, 4, 0, 61.18%, 8, 0, 5, 406.23, 633528, 249, 76, 0
1461, 4, 45, 425, 4, 0, 61.18%, 8, 0, 5, 402.37, 635639, 249, 76, 0
1466, 4, 34, 425, 4, 0, 61.18%, 8, 0, 5, 414.41, 637734, 249, 76, 0
1471, 4, 310, 425, 4, 0, 61.18%, 8, 0, 5, 426.32, 639913, 249, 76, 0
1476, 4, 321, 425, 4, 0, 61.18%, 8, 0, 5, 423.96, 642076, 249, 76, 0
1481, 4, 135, 425, 4, 0, 61.18%, 8, 0, 5, 444.51, 644344, 249, 77, 0
1487, 4, 321, 425, 4, 0, 61.18%, 8, 0, 5, 430.46, 646525, 249, 77, 0
1492, 4, 225, 425, 4, 0, 61.18%, 8, 0, 5, 449.17, 648814, 249, 81, 0
1497, 4, 81, 426, 4, 0, 61.18%, 8, 0, 5, 421.96, 650888, 249, 81, 0
1502, 4, 425, 427, 5, 0, 61.18%, 8, 0, 5, 428.38, 653012, 249, 81, 0
1507, 4, 319, 427, 4, 0, 61.18%, 8, 0, 5, 427.96, 655137, 249, 84, 0
1512, 4, 392, 427, 4, 0, 61.18%, 8, 0, 5, 425.60, 657260, 249, 86, 0
1517, 4, 181, 427, 4, 0, 61.18%, 8, 0, 5, 446.99, 659554, 249, 87, 0
1522, 4, 102, 427, 3, 0, 61.18%, 8, 0, 5, 460.44, 661889, 249, 95, 0
1527, 4, 354, 427, 3, 0, 61.18%, 8, 0, 5, 425.16, 664013, 249, 95, 0
1532, 4, 181, 427, 3, 0, 61.18%, 8, 0, 5, 408.12, 666110, 249, 95, 0
1537, 5, 225, 430, 6, 0, 61.18%, 8, 0, 5, 413.42, 668195, 249, 96, 0
1542, 5, 246, 430, 6, 0, 61.18%, 8, 0, 5, 438.16, 670431, 249, 97, 0
1547, 5, 301, 430, 5, 0, 61.18%, 8, 0, 5, 424.91, 672551, 249, 99, 0
1552, 5, 301, 430, 5, 0, 61.18%, 8, 0, 5, 416.05, 674643, 249, 100, 0
1557, 5, 104, 430, 5, 0, 61.18%, 8, 0, 5, 430.83, 676840, 249, 104, 0
1563, 5, 126, 430, 5, 0, 61.18%, 8, 0, 5, 419.52, 678960, 249, 104, 0
1568, 5, 45, 430, 4, 0, 61.18%, 8, 0, 5, 420.20, 681108, 249, 104, 0
1573, 5, 135, 430, 3, 0, 61.18%, 8, 0, 5, 435.40, 683284, 249, 104, 0
1578, 5, 57, 430, 2, 0, 61.18%, 8, 0, 5, 435.44, 685521, 249, 104, 0
1583, 5, 429, 430, 2, 0, 61.18%, 8, 0, 5, 410.83, 687574, 249, 104, 0
1588, 5, 81, 430, 1, 0, 61.18%, 8, 0, 5, 432.11, 689757, 249, 104, 0
1593, 5, 240, 430, 1, 0, 61.18%, 8, 0, 5, 454.33, 692055, 249, 107, 0
1598, 5, 7, 430, 1, 0, 61.18%, 8, 0, 5, 472.40, 694413, 249, 108, 0
1603, 5, 83, 430, 1, 0, 61.18%, 8, 0, 5, 453.11, 696597, 249, 110, 0
1608, 5, 177, 430, 1, 0, 61.18%, 8, 0, 5, 446.47, 698913, 249, 111, 0
1613, 5, 177, 430, 0, 0, 61.18%, 8, 0, 5, 436.80, 701140, 249, 112, 0
1618, 5, 264, 430, 0, 0, 61.18%, 8, 0, 5, 454.13, 703462, 249, 113, 0
1623, 5, 177, 430, 0, 0, 61.18%, 8, 0, 5, 440.54, 705671, 249, 113, 0
1628, 5, 284, 430, 0, 0, 61.18%, 9, 0, 5, 437.93, 707900, 249, 116, 0
1633, 5, 30, 430, 0, 0, 61.18%, 9, 0, 5, 425.13, 710011, 249, 116, 0
1638, 5, 301, 430, 0, 0, 61.18%, 9, 0, 5, 437.86, 712231, 249, 118, 0
1643, 5, 192, 430, 0, 0, 61.18%, 9, 0, 5, 433.31, 714407, 249, 123, 0
1648, 5, 302, 430, 0, 0, 61.18%, 9, 0, 5, 433.92, 716610, 249, 128, 0
1654, 5, 34, 430, 0, 0, 61.18%, 9, 0, 5, 438.49, 718805, 249, 129, 0
1659, 5, 45, 430, 0, 0, 61.18%, 9, 0, 5, 438.38, 721032, 249, 130, 0
1664, 5, 145, 430, 0, 0, 61.18%, 9, 0, 5, 438.74, 723173, 249, 131, 0
1669, 5, 23, 430, 0, 0, 61.18%, 9, 0, 5, 452.40, 725432, 249, 131, 0
1674, 6, 127, 431, 1, 0, 61.18%, 9, 0, 5, 413.44, 727512, 249, 131, 0
1679, 6, 317, 431, 1, 0, 61.18%, 9, 0, 5, 416.17, 729597, 249, 131, 0
1684, 6, 225, 431, 1, 0, 61.18%, 9, 0, 5, 431.19, 731749, 249, 132, 0
1689, 6, 302, 431, 1, 0, 61.18%, 9, 0, 5, 432.71, 733948, 249, 133, 0
1694, 6, 81, 431, 1, 0, 61.18%, 9, 0, 5, 425.95, 736117, 249, 136, 0
1699, 6, 243, 432, 2, 0, 61.18%, 9, 0, 5, 444.15, 738413, 249, 136, 0
1704, 6, 135, 432, 1, 0, 61.18%, 9, 0, 5, 435.20, 740616, 249, 137, 0
1709, 6, 218, 432, 1, 0, 61.18%, 9, 0, 5, 434.32, 742824, 249, 137, 0
1714, 6, 238, 432, 1, 0, 61.18%, 9, 0, 5, 446.28, 745055, 249, 137, 0
1719, 6, 431, 432, 1, 0, 61.18%, 9, 0, 5, 423.43, 747196, 249, 137, 0
1725, 6, 411, 432, 0, 0, 61.18%, 9, 0, 5, 433.69, 749453, 249, 137, 0
1730, 6, 324, 432, 0, 0, 61.18%, 9, 0, 5, 433.45, 751616, 249, 137, 0
1735, 6, 181, 432, 0, 0, 61.18%, 9, 0, 5, 431.21, 753796, 249, 140, 0
1740, 6, 181, 432, 0, 0, 61.18%, 10, 0, 5, 425.04, 755948, 249, 148, 0
1745, 6, 301, 432, 0, 0, 61.18%, 10, 0, 5, 439.78, 758254, 249, 149, 0
1750, 6, 7, 432, 0, 0, 61.18%, 10, 0, 5, 440.50, 760476, 249, 151, 0
1755, 6, 247, 432, 0, 0, 61.18%, 10, 0, 5, 429.30, 762665, 249, 156, 0
1760, 6, 310, 432, 0, 0, 61.18%, 10, 0, 5, 441.44, 764878, 249, 159, 0
1765, 6, 351, 432, 0, 0, 61.18%, 10, 0, 5, 422.16, 766996, 249, 160, 0
1770, 6, 225, 432, 0, 0, 61.18%, 10, 0, 5, 419.38, 769146, 249, 163, 0
1775, 6, 411, 432, 0, 0, 61.18%, 10, 0, 5, 400.89, 771148, 249, 163, 0
1780, 6, 30, 432, 0, 0, 61.18%, 10, 0, 5, 434.53, 773415, 249, 167, 0
1785, 6, 81, 432, 0, 0, 61.18%, 10, 0, 5, 436.09, 775631, 249, 167, 0
1790, 6, 45, 432, 0, 0, 61.18%, 10, 0, 5, 437.54, 777799, 249, 167, 0
1796, 6, 45, 432, 0, 0, 61.18%, 10, 0, 5, 440.55, 780067, 249, 171, 0
1801, 6, 310, 432, 0, 0, 61.18%, 10, 0, 5, 436.11, 782230, 249, 171, 0
1802, 7, 436, 441, 9, 2, 63.14%, 10, 0, 5, 449.74, 783025, 257, 171, 0
